,ms,accelX,accelY,accelZ,accelWithGX,accelWithGY,accelWithGZ,rotRateAlpha,rotRateBeta,rotRateGamma,interval
0,103.0,-0.1,0.0,0.0,-0.1,2.1,9.600000000000001,3.1,-0.7,1.0,16
1,118.0,0.0,0.0,-0.1,-0.1,2.2,9.5,2.0,0.1,0.2,16
2,135.0,-0.1,0.1,-0.1,-0.1,2.2,9.5,0.5,-0.4,-0.2,16
3,152.0,0.0,0.1,-0.2,0.0,2.2,9.4,-1.7,0.4,0.2,16
4,168.0,0.1,0.0,-0.1,0.0,2.2,9.4,-2.3000000000000003,1.8,0.1,16
5,185.0,-0.1,0.0,-0.1,-0.2,2.2,9.4,-0.5,3.4,0.2,16
6,202.0,-0.2,0.1,0.0,-0.4,2.3000000000000003,9.5,0.8,2.5,0.2,16
7,218.0,-0.2,0.1,0.0,-0.4,2.4000000000000004,9.5,-0.1,-0.7,0.2,16
8,235.0,-0.2,0.2,0.1,-0.4,2.4000000000000004,9.600000000000001,-0.7,-2.5,0.30000000000000004,16
9,252.0,-0.1,0.1,0.1,-0.2,2.4000000000000004,9.600000000000001,0.1,-2.7,0.30000000000000004,16
10,268.0,0.0,0.1,0.0,-0.2,2.3000000000000003,9.600000000000001,0.6000000000000001,-1.6,-0.6000000000000001,16
11,285.0,0.0,0.0,0.0,-0.2,2.3000000000000003,9.5,0.6000000000000001,-0.6000000000000001,-1.3,16
12,302.0,-0.1,0.0,0.0,-0.30000000000000004,2.2,9.5,-0.30000000000000004,0.6000000000000001,-1.8,16
13,318.0,-0.2,-0.1,0.0,-0.4,2.2,9.600000000000001,-1.9,-0.30000000000000004,-1.2000000000000002,16
14,335.0,-0.1,-0.1,0.0,-0.30000000000000004,2.1,9.600000000000001,-2.8,-1.2000000000000002,-0.5,16
15,352.0,-0.1,-0.1,0.1,-0.2,2.1,9.600000000000001,-2.6,-1.3,0.2,16
16,368.0,0.0,-0.2,0.1,-0.1,2.1,9.600000000000001,-0.6000000000000001,-0.7,0.5,16
17,385.0,0.1,-0.1,0.0,-0.1,2.1,9.5,1.8,1.4,0.30000000000000004,16
18,402.0,-0.1,0.0,0.0,-0.30000000000000004,2.2,9.5,2.6,1.9,0.0,16
19,418.0,-0.2,0.1,0.0,-0.4,2.3000000000000003,9.5,2.3000000000000003,0.30000000000000004,0.6000000000000001,16
20,435.0,-0.2,0.1,0.0,-0.4,2.3000000000000003,9.600000000000001,1.5000000000000002,-1.7,1.5000000000000002,16
21,452.0,-0.1,0.1,0.0,-0.30000000000000004,2.3000000000000003,9.5,0.7,-2.9,1.7,16
22,468.0,0.0,0.1,-0.1,-0.1,2.4000000000000004,9.4,-0.1,-2.7,0.9,16
23,485.0,0.2,0.2,-0.2,0.0,2.5,9.4,-0.9,-0.5,0.0,16
24,502.0,0.0,0.30000000000000004,0.0,-0.1,2.6,9.5,-0.30000000000000004,1.4,-0.4,16
25,518.0,0.0,0.30000000000000004,0.1,-0.1,2.5,9.600000000000001,1.5000000000000002,1.2000000000000002,-1.2000000000000002,16
26,535.0,0.1,0.2,0.1,-0.1,2.5,9.600000000000001,2.1,-0.6000000000000001,-2.5,16
27,552.0,0.0,0.1,0.0,-0.2,2.4000000000000004,9.5,3.1,-2.5,-3.7000000000000006,16
28,568.0,0.0,0.1,-0.1,-0.2,2.4000000000000004,9.4,3.1,-3.2,-3.9,16
29,585.0,0.0,0.1,-0.2,-0.2,2.4000000000000004,9.3,2.5,-3.0000000000000004,-3.7000000000000006,16
30,602.0,0.0,0.1,-0.1,-0.2,2.4000000000000004,9.4,0.30000000000000004,-2.3000000000000003,-3.9,16
31,618.0,0.0,0.0,-0.1,-0.1,2.3000000000000003,9.4,-2.4000000000000004,-3.7000000000000006,-4.5,16
32,635.0,0.1,0.0,0.0,-0.1,2.3000000000000003,9.5,-4.2,-4.2,-4.9,16
33,652.0,0.2,0.0,-0.1,0.1,2.3000000000000003,9.4,-3.3000000000000003,-3.3000000000000003,-5.4,16
34,668.0,0.2,0.0,-0.1,0.1,2.3000000000000003,9.3,-2.6,-1.8,-7.0,16
35,685.0,0.30000000000000004,0.1,-0.2,0.2,2.4000000000000004,9.3,-3.8,-2.7,-9.1,16
36,702.0,0.5,0.1,-0.1,0.4,2.4000000000000004,9.4,-5.7,-4.0,-11.5,16
37,718.0,0.6000000000000001,0.2,0.0,0.6000000000000001,2.5,9.4,-8.4,-4.9,-14.0,16
38,735.0,0.8,0.2,-0.1,0.8,2.5,9.4,-10.8,-5.7,-16.5,16
39,752.0,1.0,0.2,-0.1,1.1,2.4000000000000004,9.4,-12.4,-4.3999999999999995,-19.3,16
40,768.0,1.0,0.2,-0.1,1.1,2.5,9.4,-12.9,-2.8,-22.4,16
41,785.0,1.1,0.4,-0.2,1.1,2.6,9.3,-13.4,-1.7,-26.200000000000003,16
42,802.0,0.7000000000000001,0.5,-0.2,0.9,2.7,9.3,-15.399999999999999,-3.0000000000000004,-29.500000000000004,16
43,818.0,0.8,0.5,-0.2,1.0,2.6,9.3,-18.7,-5.2,-32.800000000000004,16
44,835.0,0.8,0.4,-0.1,1.0,2.5,9.4,-19.400000000000002,-6.1000000000000005,-37.1,16
45,852.0,0.7000000000000001,0.30000000000000004,0.1,0.9,2.4000000000000004,9.600000000000001,-16.8,-6.8,-40.8,16
46,868.0,0.4,0.2,0.2,0.7000000000000001,2.3000000000000003,9.8,-12.5,-8.5,-43.800000000000004,16
47,885.0,0.30000000000000004,0.1,0.30000000000000004,0.5,2.2,9.8,-8.5,-11.8,-45.6,16
48,902.0,0.1,0.1,0.2,0.4,2.2,9.8,-4.2,-14.900000000000002,-45.5,16
49,918.0,0.1,0.1,0.0,0.5,2.2,9.5,-1.4,-13.6,-44.9,16
50,935.0,0.0,0.2,0.0,0.30000000000000004,2.2,9.600000000000001,-1.4,-15.000000000000002,-42.6,16
51,952.0,-0.1,0.2,0.1,0.2,2.2,9.700000000000001,-2.5,-17.8,-39.2,16
52,968.0,-0.1,0.1,0.2,0.30000000000000004,2.2,9.700000000000001,-1.8,-17.400000000000002,-35.5,16
53,986.0,-0.2,0.0,0.1,0.1,2.1,9.600000000000001,1.4,-14.0,-32.9,16
54,1002.0,-0.5,0.0,0.0,-0.1,2.1,9.5,2.4000000000000004,-12.100000000000001,-31.3,16
55,1018.0,-0.6000000000000001,0.1,-0.1,-0.30000000000000004,2.2,9.5,0.9,-10.700000000000001,-31.0,16
56,1035.0,-0.7000000000000001,0.2,-0.1,-0.30000000000000004,2.3000000000000003,9.4,-1.0999999999999999,-9.600000000000001,-30.100000000000005,16
57,1052.0,-0.6000000000000001,0.1,-0.2,-0.30000000000000004,2.2,9.4,-4.2,-7.2,-29.300000000000004,16
58,1068.0,-0.7000000000000001,0.2,-0.1,-0.4,2.2,9.4,-6.4,-4.800000000000001,-27.6,16
59,1085.0,-0.6000000000000001,0.1,-0.1,-0.4,2.2,9.5,-7.400000000000001,-2.8,-25.8,16
60,1102.0,-0.5,0.1,0.1,-0.30000000000000004,2.2,9.700000000000001,-8.1,-1.7,-25.1,16
61,1118.0,-0.4,0.1,0.30000000000000004,-0.2,2.2,9.8,-9.1,-1.8,-25.1,16
62,1135.0,-0.30000000000000004,0.1,0.30000000000000004,-0.1,2.2,9.9,-10.3,-1.0999999999999999,-24.200000000000003,16
63,1152.0,-0.1,0.2,0.2,0.1,2.2,9.700000000000001,-10.3,2.9,-21.6,16
64,1168.0,0.0,0.30000000000000004,0.0,0.0,2.3000000000000003,9.600000000000001,-9.4,8.5,-18.0,16
65,1185.0,-0.1,0.4,0.0,-0.1,2.4000000000000004,9.700000000000001,-8.700000000000001,10.1,-13.700000000000001,16
66,1202.0,-0.1,0.5,0.2,0.0,2.5,9.8,-7.500000000000001,8.3,-10.2,16
67,1218.0,0.2,0.4,0.1,0.2,2.4000000000000004,9.8,-4.5,6.5,-8.600000000000001,16
68,1235.0,0.1,0.4,0.0,0.1,2.4000000000000004,9.600000000000001,-0.4,4.5,-7.8,16
69,1252.0,0.1,0.4,-0.2,0.0,2.5,9.5,2.1999999999999997,2.4000000000000004,-6.9,16
70,1268.0,-0.1,0.4,-0.2,0.0,2.5,9.5,2.1999999999999997,2.4000000000000004,-6.9,16
71,1285.0,-0.2,0.30000000000000004,-0.2,-0.30000000000000004,2.4000000000000004,9.4,4.2,-1.7,-1.3,16
72,1302.0,-0.30000000000000004,0.30000000000000004,-0.2,-0.30000000000000004,2.4000000000000004,9.4,6.1000000000000005,-4.800000000000001,2.1999999999999997,16
73,1318.0,-0.2,0.2,-0.2,-0.2,2.3000000000000003,9.4,8.600000000000001,-7.2,4.9,16
74,1335.0,-0.2,0.0,-0.2,-0.2,2.2,9.3,10.5,-9.3,5.9,16
75,1352.0,-0.2,-0.1,-0.2,-0.2,2.1,9.5,10.1,-12.5,6.7,16
76,1368.0,-0.2,-0.1,0.1,-0.1,2.1,9.600000000000001,8.3,-15.2,8.200000000000001,16
77,1385.0,-0.1,-0.4,0.30000000000000004,0.0,1.9000000000000001,9.8,7.0,-16.900000000000002,9.9,16
78,1402.0,-0.1,-0.5,0.4,0.0,1.8,10.100000000000001,6.000000000000001,-17.7,10.700000000000001,16
79,1418.0,-0.30000000000000004,-0.5,0.7000000000000001,-0.1,1.8,10.3,7.699999999999999,-17.9,12.200000000000001,16
80,1435.0,-0.1,-0.5,0.7000000000000001,0.2,1.8,10.4,12.100000000000001,-16.3,13.0,16
81,1452.0,0.0,-0.5,0.6000000000000001,0.30000000000000004,1.8,10.200000000000001,17.1,-12.000000000000002,12.700000000000001,16
82,1468.0,0.0,-0.5,0.4,0.30000000000000004,1.8,10.0,23.0,-4.300000000000001,11.8,16
83,1485.0,-0.30000000000000004,-0.6000000000000001,0.1,-0.1,1.8,9.700000000000001,29.800000000000004,3.1,10.4,16
84,1502.0,-0.5,-0.6000000000000001,0.1,-0.30000000000000004,1.8,9.700000000000001,31.900000000000002,3.3000000000000003,9.200000000000001,16
85,1518.0,-0.5,-0.6000000000000001,0.0,-0.2,1.9000000000000001,9.600000000000001,28.200000000000003,-2.6,6.6000000000000005,16
86,1535.0,-0.30000000000000004,-0.7000000000000001,0.0,-0.1,1.8,9.600000000000001,18.8,-11.6,2.8,16
87,1552.0,-0.30000000000000004,-0.7000000000000001,-0.1,0.1,1.8,9.5,7.0,-15.000000000000002,0.4,16
88,1568.0,-0.30000000000000004,-0.6000000000000001,-0.1,0.0,1.9000000000000001,9.5,3.4,-8.9,3.2,16
89,1585.0,-0.30000000000000004,-0.4,0.0,0.0,2.1,9.5,7.699999999999999,1.3,9.3,16
90,1602.0,-0.2,-0.4,0.0,0.30000000000000004,2.1,9.600000000000001,12.3,5.300000000000001,10.5,16
91,1618.0,0.1,-0.4,0.1,0.2,2.1,9.600000000000001,13.6,5.1,5.7,16
92,1635.0,-0.4,-0.4,-0.2,-0.1,2.1,9.3,14.600000000000001,4.3999999999999995,1.6,16
93,1652.0,-0.4,-0.30000000000000004,-0.30000000000000004,-0.1,2.4000000000000004,9.0,14.100000000000001,3.5,-2.7,16
94,1668.0,-0.5,0.0,-0.7000000000000001,-0.4,2.6,8.700000000000001,9.700000000000001,3.0000000000000004,-7.1000000000000005,16
95,1685.0,-0.8,0.1,-0.8,-0.6000000000000001,2.6,8.700000000000001,1.0,1.4,-9.0,16
96,1702.0,-0.8,0.0,-0.7000000000000001,-0.6000000000000001,2.6,8.700000000000001,-7.2,-0.7,-10.8,16
97,1718.0,-0.6000000000000001,-0.1,-0.6000000000000001,-0.5,2.4000000000000004,8.9,-11.2,1.9,-13.5,16
98,1735.0,-0.6000000000000001,-0.2,-0.4,-0.5,2.4000000000000004,9.0,-13.3,4.5,-17.200000000000003,16
99,1752.0,-0.6000000000000001,-0.1,-0.30000000000000004,-0.6000000000000001,2.4000000000000004,9.1,-15.299999999999999,6.000000000000001,-19.8,16
100,1768.0,-0.6000000000000001,-0.1,-0.30000000000000004,-0.6000000000000001,2.4000000000000004,9.200000000000001,-17.7,9.8,-19.9,16
101,1785.0,-0.30000000000000004,-0.1,-0.1,-0.4,2.3000000000000003,9.4,-17.599999999999998,13.3,-21.0,16
102,1802.0,-0.4,-0.1,-0.1,-0.5,2.2,9.4,-14.3,18.1,-22.5,16
103,1818.0,-0.4,0.0,-0.1,-0.7000000000000001,2.3000000000000003,9.3,-10.9,19.3,-23.400000000000002,16
104,1835.0,-0.6000000000000001,0.1,-0.1,-0.9,2.4000000000000004,9.4,-8.9,16.1,-24.6,16
105,1852.0,-0.6000000000000001,0.2,0.0,-1.0,2.5,9.5,-7.0,9.0,-25.1,16
106,1868.0,-0.5,0.30000000000000004,0.0,-0.9,2.5,9.4,-5.0,2.9,-25.8,16
107,1885.0,-0.30000000000000004,0.30000000000000004,-0.2,-0.7000000000000001,2.5,9.200000000000001,-2.9,-0.8,-27.1,16
108,1902.0,-0.1,0.30000000000000004,-0.5,-0.6000000000000001,2.6,8.9,-1.4,0.5,-28.200000000000003,16
109,1918.0,-0.2,0.4,-0.7000000000000001,-0.8,2.7,8.700000000000001,-1.7,4.2,-28.500000000000004,16
110,1935.0,-0.4,0.6000000000000001,-0.6000000000000001,-1.0,2.9000000000000004,8.8,-4.5,0.7,-28.400000000000002,16
111,1952.0,-0.4,0.7000000000000001,-0.2,-1.0,3.0,9.200000000000001,-7.300000000000001,-6.6000000000000005,-27.900000000000002,16
112,1968.0,0.0,0.7000000000000001,0.1,-0.6000000000000001,3.0,9.700000000000001,-5.500000000000001,-12.100000000000001,-31.099999999999998,16
113,1985.0,-0.30000000000000004,0.4,0.2,-1.0,2.5,9.5,-0.4,-16.1,-29.800000000000004,16
114,2002.0,-0.1,0.0,0.0,-0.6000000000000001,2.3000000000000003,9.4,3.6,-13.4,-26.9,16
115,2018.0,0.30000000000000004,0.1,-0.2,-0.30000000000000004,2.6,9.1,4.0,-14.3,-32.1,16
116,2036.0,-0.1,0.5,-0.2,-0.7000000000000001,3.0,9.200000000000001,1.6,-9.700000000000001,-30.7,16
117,2052.0,-0.30000000000000004,0.7000000000000001,0.0,-0.8,3.1,9.4,-1.3,-5.8,-25.400000000000002,16
118,2068.0,-0.30000000000000004,0.7000000000000001,0.1,-0.9,3.0,9.700000000000001,-3.9,-4.7,-23.1,16
119,2085.0,-0.4,0.5,0.6000000000000001,-1.2000000000000002,2.8000000000000003,10.100000000000001,-1.6,-4.1000000000000005,-23.2,16
120,2102.0,-0.7000000000000001,0.30000000000000004,0.9,-1.4000000000000001,2.7,10.4,4.800000000000001,-3.3000000000000003,-22.5,16
121,2118.0,-0.7000000000000001,0.30000000000000004,1.1,-1.4000000000000001,2.7,10.600000000000001,11.4,-6.4,-22.5,16
122,2135.0,-0.6000000000000001,0.2,1.1,-1.3,2.7,10.600000000000001,14.900000000000002,-9.200000000000001,-23.1,16
123,2152.0,-0.6000000000000001,0.0,1.1,-1.3,2.5,10.600000000000001,11.9,-13.5,-23.0,16
124,2168.0,-0.5,-0.1,1.1,-0.9,2.2,10.600000000000001,5.2,-15.399999999999999,-22.1,16
125,2185.0,-0.2,-0.4,1.1,-0.8,2.1,10.700000000000001,1.8,-11.9,-20.3,16
126,2206.0,-0.1,-0.6000000000000001,1.2000000000000002,-0.7000000000000001,1.9000000000000001,10.700000000000001,0.4,-8.3,-18.1,16
127,2219.0,0.1,-0.7000000000000001,1.3,-0.5,1.8,10.8,-0.5,-6.5,-16.0,16
128,2235.0,0.30000000000000004,-0.8,1.5,-0.2,1.7000000000000002,11.100000000000001,-0.1,-8.0,-15.000000000000002,16
129,2252.0,0.8,-0.9,1.6,0.2,1.6,11.100000000000001,-0.2,-11.2,-16.700000000000003,16
130,2269.0,0.9,-1.0,1.5,0.5,1.5,10.9,1.3,-13.4,-19.1,16
131,2285.0,1.2000000000000002,-0.9,1.1,0.8,1.6,10.5,6.6000000000000005,-11.1,-21.0,16
132,2302.0,1.4000000000000001,-0.9,0.7000000000000001,0.9,1.6,10.100000000000001,11.000000000000002,-8.700000000000001,-24.000000000000004,16
133,2319.0,1.4000000000000001,-0.8,0.1,0.9,1.8,9.700000000000001,12.000000000000002,-4.2,-27.2,16
134,2336.0,1.3,-0.7000000000000001,0.1,0.7000000000000001,1.9000000000000001,9.600000000000001,8.200000000000001,-3.3000000000000003,-28.900000000000002,16
135,2352.0,1.1,-0.5,-0.1,0.6000000000000001,2.0,9.4,2.1999999999999997,-4.7,-28.8,16
136,2368.0,1.1,-0.4,-0.2,0.6000000000000001,2.2,9.4,-1.0,-3.3000000000000003,-27.3,16
137,2385.0,1.1,-0.4,-0.30000000000000004,0.4,2.2,9.200000000000001,-2.3000000000000003,-2.1,-27.5,16
138,2402.0,0.6000000000000001,-0.4,-0.4,0.1,2.1,9.1,-3.5,-3.7000000000000006,-26.9,16
139,2419.0,0.6000000000000001,-0.4,-0.4,0.1,2.1,9.1,-4.2,-8.4,-28.500000000000004,16
140,2436.0,0.5,-0.30000000000000004,-0.4,-0.1,2.2,9.1,-4.1000000000000005,-14.4,-31.4,16
141,2452.0,0.5,-0.30000000000000004,-0.7000000000000001,0.1,2.2,8.8,-5.0,-18.2,-34.400000000000006,16
142,2469.0,0.4,0.0,-1.0,0.0,2.4000000000000004,8.5,-7.699999999999999,-21.8,-35.9,16
143,2485.0,0.2,-0.4,-1.4000000000000001,0.0,1.9000000000000001,7.800000000000001,-10.4,-12.5,-31.900000000000002,16
144,2502.0,0.6000000000000001,-0.4,-1.7000000000000002,0.2,2.1,7.800000000000001,-15.100000000000001,-4.7,-34.400000000000006,16
145,2519.0,0.6000000000000001,-0.1,-1.8,-0.1,2.3000000000000003,7.800000000000001,-20.3,-3.2,-38.2,16
146,2536.0,0.0,0.0,-1.6,-0.5,2.2,7.9,-25.3,-0.1,-37.0,16
147,2553.0,-0.1,-0.30000000000000004,-1.5,-0.5,1.8,8.1,-29.300000000000004,1.2000000000000002,-33.5,16
148,2576.0,0.1,-0.1,-1.1,-0.30000000000000004,2.0,8.700000000000001,-29.500000000000004,-5.9,-34.800000000000004,16
149,2585.0,0.2,0.0,-0.9,-0.30000000000000004,2.0,8.700000000000001,-29.500000000000004,-5.9,-34.800000000000004,16
150,2602.0,0.4,0.0,-0.9,-0.1,2.0,8.6,-25.700000000000003,-8.200000000000001,-35.0,16
151,2618.0,0.5,0.2,-1.2000000000000002,0.0,2.0,8.5,-24.1,-7.0,-34.7,16
152,2635.0,0.5,0.4,-1.2000000000000002,0.0,2.1,8.4,-23.2,-5.1,-32.7,16
153,2652.0,0.6000000000000001,0.5,-1.0,0.1,2.2,8.700000000000001,-23.700000000000003,-4.5,-30.799999999999997,16
154,2669.0,0.6000000000000001,0.5,-0.8,0.2,2.2,8.8,-21.5,-2.5,-28.900000000000002,16
155,2686.0,0.6000000000000001,0.4,-0.8,0.1,2.1,8.700000000000001,-15.5,3.1,-28.3,16
156,2702.0,0.2,0.4,-0.8,-0.5,2.1,8.8,-7.6,4.1000000000000005,-27.6,16
157,2719.0,-0.2,0.6000000000000001,-0.6000000000000001,-0.7000000000000001,2.2,8.8,-1.8,-1.0999999999999999,-25.1,16
158,2735.0,-0.1,0.6000000000000001,-0.5,-0.6000000000000001,2.2,8.9,-0.9,-7.0,-24.1,16
159,2752.0,0.0,0.30000000000000004,-0.30000000000000004,-0.4,2.1,9.4,-2.1,-11.000000000000002,-23.2,16
160,2768.0,-0.1,0.30000000000000004,0.4,-0.6000000000000001,2.0,9.9,2.0,-9.200000000000001,-22.4,16
161,2785.0,-0.2,0.30000000000000004,0.6000000000000001,-0.6000000000000001,1.9000000000000001,10.100000000000001,8.200000000000001,-10.4,-21.900000000000002,16
162,2805.0,-0.2,0.1,0.6000000000000001,-0.6000000000000001,1.8,10.100000000000001,5.6,-12.5,-24.5,16
163,2820.0,-0.2,0.2,0.8,-0.6000000000000001,1.9000000000000001,10.3,-0.5,-15.399999999999999,-24.6,16
164,2836.0,-0.2,0.4,0.9,-0.6000000000000001,2.1,10.4,-3.0000000000000004,-11.5,-21.700000000000003,16
165,2852.0,-0.30000000000000004,0.4,1.0,-0.9,2.0,10.9,-1.2000000000000002,-3.9,-19.200000000000003,16
166,2872.0,-0.7000000000000001,0.30000000000000004,1.8,-1.1,1.9000000000000001,11.5,-3.5,-8.0,-18.3,16
167,2885.0,-0.6000000000000001,0.2,2.5,-0.9,1.8,12.100000000000001,-11.5,-19.1,-17.7,16
168,2903.0,-0.30000000000000004,0.2,2.6,-0.6000000000000001,1.8,12.200000000000001,-16.3,-21.1,-16.900000000000002,16
169,2919.0,-0.4,0.1,2.7,-0.6000000000000001,1.6,12.4,-15.2,-18.3,-16.1,16
170,2935.0,-0.4,0.2,3.0,-0.5,1.7000000000000002,12.700000000000001,-13.0,-16.900000000000002,-14.700000000000001,16
171,2952.0,-0.1,0.30000000000000004,3.3000000000000003,-0.30000000000000004,1.8,13.3,-7.9,-20.3,-14.100000000000001,16
172,2968.0,-0.1,0.0,3.6,0.2,1.3,13.100000000000001,-4.0,-18.8,-11.000000000000002,16
173,2985.0,1.3,-0.30000000000000004,3.0,1.3,1.1,12.600000000000001,-1.0999999999999999,-15.399999999999999,-15.299999999999999,16
174,3002.0,1.2000000000000002,-0.6000000000000001,1.8,1.1,0.9,11.600000000000001,8.5,1.7,-17.8,16
175,3018.0,1.0,-0.5,1.3,0.9,1.0,10.8,22.1,20.5,-12.8,16
176,3035.0,0.7000000000000001,-0.5,0.6000000000000001,0.5,1.1,10.200000000000001,32.5,32.9,-8.5,16
177,3052.0,0.5,-0.7000000000000001,0.0,0.2,1.0,9.700000000000001,35.199999999999996,41.0,-3.9,16
178,3069.0,0.4,-0.8,-0.1,0.0,1.0,9.600000000000001,36.1,40.2,-1.9,16
179,3085.0,0.5,-1.1,0.1,0.0,0.8,9.700000000000001,37.7,33.900000000000006,-2.5,16
180,3102.0,0.8,-1.3,0.1,0.30000000000000004,0.7000000000000001,9.700000000000001,38.1,24.400000000000002,-6.1000000000000005,16
181,3118.0,0.9,-1.3,-0.1,0.30000000000000004,0.8,9.3,38.5,20.5,-10.1,16
182,3135.0,0.9,-1.3,-0.6000000000000001,0.2,1.0,8.9,36.2,16.1,-12.9,16
183,3152.0,1.0,-1.2000000000000002,-0.9,0.30000000000000004,1.1,8.700000000000001,27.0,8.4,-14.600000000000001,16
184,3173.0,1.2000000000000002,-1.2000000000000002,-1.3,0.5,1.1,8.3,12.6,1.5000000000000002,-16.900000000000002,16
185,3185.0,1.2000000000000002,-1.3,-1.4000000000000001,0.4,1.0,8.0,-2.1999999999999997,-1.6,-18.400000000000002,16
186,3202.0,0.8,-1.3,-1.8,0.0,1.0,7.7,-13.200000000000001,-1.8,-17.1,16
187,3219.0,0.5,-1.1,-1.9000000000000001,-0.5,1.2000000000000002,7.6000000000000005,-18.1,0.8,-12.100000000000001,16
188,3235.0,-0.1,-0.8,-1.9000000000000001,-0.9,1.3,7.5,-18.0,2.3000000000000003,-4.9,16
189,3252.0,-0.4,-0.6000000000000001,-2.0,-1.2000000000000002,1.4000000000000001,7.5,-16.400000000000002,0.2,0.5,16
190,3276.0,-0.6000000000000001,-0.5,-2.0,-1.3,1.5,7.5,-16.3,-6.1000000000000005,2.9,16
191,3285.0,-0.7000000000000001,-0.4,-1.9000000000000001,-1.4000000000000001,1.6,7.6000000000000005,-17.599999999999998,-12.5,3.2,16
192,3302.0,-0.8,-0.30000000000000004,-1.7000000000000002,-1.5,1.6,7.800000000000001,-18.0,-18.2,3.1,16
193,3319.0,-0.8,-0.2,-1.5,-1.3,1.8,8.200000000000001,-15.100000000000001,-18.5,3.8,16
194,3336.0,-0.7000000000000001,0.1,-1.0,-1.2000000000000002,2.0,8.5,-10.1,-14.800000000000002,5.1,16
195,3352.0,-0.5,0.2,-0.8,-1.0,2.0,8.700000000000001,-6.8,-8.5,4.800000000000001,16
196,3372.0,-0.5,0.2,-0.5,-1.1,2.0,9.0,-9.0,-3.0000000000000004,1.8,16
197,3388.0,-0.7000000000000001,0.30000000000000004,-0.30000000000000004,-1.3,2.2,9.200000000000001,-13.3,3.8,-0.4,16
198,3403.0,-0.9,0.5,0.0,-1.5,2.2,9.600000000000001,-15.2,12.6,0.0,16
199,3419.0,-1.3,0.5,0.5,-1.9000000000000001,2.2,10.0,-14.0,20.3,2.1,16
200,3435.0,-1.4000000000000001,0.5,0.8,-2.2,2.1,10.5,-12.5,22.2,3.2,16
201,3452.0,-1.6,0.4,1.4000000000000001,-2.4000000000000004,2.1,11.0,-10.8,19.6,3.7000000000000006,16
202,3469.0,-1.5,0.4,1.9000000000000001,-2.3000000000000003,2.1,11.4,-7.699999999999999,17.7,5.2,16
203,3492.0,-1.4000000000000001,0.4,2.2,-2.3000000000000003,2.1,11.8,-0.1,15.299999999999999,8.799999999999999,16
204,3503.0,-1.1,0.4,2.2,-1.9000000000000001,2.0,11.700000000000001,9.600000000000001,15.5,11.8,16
205,3519.0,-0.9,0.4,2.2,-1.6,2.0,11.700000000000001,18.3,20.0,13.3,16
206,3535.0,-0.5,0.2,2.2,-1.5,2.1,11.700000000000001,24.7,23.8,13.3,16
207,3552.0,-0.4,0.4,2.1,-1.5,2.3000000000000003,11.600000000000001,31.7,27.400000000000002,14.200000000000001,16
208,3569.0,-0.2,0.5,1.9000000000000001,-1.4000000000000001,2.5,11.5,36.7,28.500000000000004,14.200000000000001,16
209,3589.0,0.4,0.5,1.9000000000000001,-0.9,2.6,11.4,31.0,17.9,10.3,16
210,3607.0,0.6000000000000001,0.30000000000000004,1.9000000000000001,-0.5,2.4000000000000004,11.4,16.3,4.9,7.300000000000001,16
211,3623.0,1.3,0.30000000000000004,1.9000000000000001,0.1,2.4000000000000004,11.5,3.4,-1.7,7.2,16
212,3635.0,1.5,0.1,1.8,0.4,2.0,11.100000000000001,-0.4,-1.7,8.4,16
213,3652.0,1.8,-0.5,1.2000000000000002,0.7000000000000001,1.5,10.600000000000001,0.1,4.2,10.0,16
214,3669.0,1.9000000000000001,-0.9,0.7000000000000001,0.7000000000000001,1.2000000000000002,10.200000000000001,3.8,13.200000000000001,8.9,16
215,3711.0,1.6,-1.5,0.0,0.30000000000000004,0.8,9.700000000000001,10.2,19.700000000000003,1.5000000000000002,16
216,3718.0,1.5,-1.6,-0.2,0.2,0.6000000000000001,9.3,11.4,13.9,-3.4,16
217,3735.0,1.5,-1.7000000000000002,-0.4,0.2,0.5,8.8,9.0,2.1,-8.600000000000001,16
218,3752.0,1.4000000000000001,-1.6,-1.0,0.1,0.6000000000000001,8.4,3.9,-11.6,-13.200000000000001,16
219,3768.0,1.4000000000000001,-1.5,-1.2000000000000002,0.1,0.6000000000000001,8.4,3.9,-11.6,-13.200000000000001,16
220,3785.0,1.2000000000000002,-1.1,-1.5,-0.4,1.2000000000000002,7.9,-6.7,-26.200000000000003,-15.2,16
221,3802.0,0.30000000000000004,-0.7000000000000001,-1.6,-0.9,1.5,7.9,-11.000000000000002,-30.000000000000004,-9.4,16
222,3819.0,0.0,-0.5,-1.7000000000000002,-1.0,1.6,7.9,-16.400000000000002,-36.0,-1.4,16
223,3835.0,0.2,-0.4,-1.6,-0.6000000000000001,1.6,8.0,-20.3,-40.5,4.3999999999999995,16
224,3852.0,-0.1,-0.9,-1.6,-0.9,1.1,8.0,-21.6,-39.300000000000004,11.700000000000001,16
225,3868.0,0.2,-0.6000000000000001,-1.4000000000000001,-0.4,1.4000000000000001,8.1,-19.200000000000003,-37.5,17.8,16
226,3885.0,0.6000000000000001,-0.30000000000000004,-1.6,0.30000000000000004,1.6,8.0,-15.000000000000002,-27.1,15.399999999999999,16
227,3902.0,0.9,-0.1,-1.5,0.30000000000000004,1.7000000000000002,8.1,-12.200000000000001,-15.299999999999999,7.699999999999999,16
228,3918.0,0.0,-0.4,-1.5,-0.6000000000000001,1.4000000000000001,8.0,-10.8,-6.7,5.6,16
229,3935.0,-0.30000000000000004,-0.5,-1.5,-0.8,1.3,8.0,-11.2,-1.9,8.5,16
230,3952.0,-0.2,-0.4,-1.5,-0.9,1.3,8.1,-13.3,-1.3,8.5,16
231,3969.0,-0.8,-0.4,-1.3,-1.2000000000000002,1.3,8.200000000000001,-15.6,3.8,10.8,16
232,3991.0,-0.8,-0.4,-1.3,-1.2000000000000002,1.3,8.200000000000001,-15.6,3.8,10.8,16
233,4002.0,-1.2000000000000002,-0.1,-0.9,-1.6,1.6,8.9,-23.8,0.6000000000000001,17.3,16
234,4018.0,-1.0,0.1,-0.4,-1.4000000000000001,1.6,9.3,-28.1,-3.2,19.8,16
235,4035.0,-0.8,0.1,0.1,-1.3,1.5,9.600000000000001,-31.8,-6.6000000000000005,19.9,16
236,4052.0,-0.8,0.1,0.30000000000000004,-1.1,1.5,10.200000000000001,-29.300000000000004,-3.4,20.8,16
237,4068.0,-0.5,0.2,1.0,-0.9,1.5,10.700000000000001,-18.5,0.8,24.9,16
238,4087.0,0.0,0.1,1.4000000000000001,-0.4,1.4000000000000001,11.0,-2.6,6.000000000000001,28.0,16
239,4102.0,0.30000000000000004,0.0,1.3,-0.1,1.3,10.9,9.3,6.6000000000000005,25.6,16
240,4118.0,0.5,0.2,1.3,0.1,1.7000000000000002,10.9,15.5,6.5,21.0,16
241,4135.0,0.8,0.5,1.3,0.30000000000000004,1.9000000000000001,10.9,17.3,6.2,16.2,16
242,4152.0,0.7000000000000001,0.6000000000000001,1.3,0.4,2.1,10.9,16.5,7.2,13.6,16
243,4168.0,1.0,0.7000000000000001,1.2000000000000002,0.5,2.2,10.8,15.2,8.3,10.0,16
244,4185.0,1.0,0.8,1.4000000000000001,0.4,2.4000000000000004,11.0,11.2,8.700000000000001,7.8,16
245,4202.0,0.8,1.0,1.5,0.0,2.8000000000000003,11.3,6.000000000000001,8.4,8.600000000000001,16
246,4219.0,0.0,1.5,2.0,-0.5,3.1,11.700000000000001,3.6,6.1000000000000005,13.5,16
247,4236.0,0.30000000000000004,1.4000000000000001,2.5,-0.2,2.9000000000000004,12.100000000000001,-0.1,3.8,14.3,16
248,4253.0,0.2,0.8,2.4000000000000004,-0.30000000000000004,2.4000000000000004,12.100000000000001,-6.000000000000001,3.1,9.3,16
249,4269.0,0.1,0.7000000000000001,2.7,-0.4,2.1,12.4,-10.0,0.0,5.0,16
250,4289.0,0.1,0.30000000000000004,2.8000000000000003,-0.4,1.8,12.5,-8.3,0.6000000000000001,2.5,16
251,4303.0,0.4,-0.30000000000000004,2.4000000000000004,-0.1,1.3,12.200000000000001,-0.2,5.300000000000001,1.7,16
252,4321.0,1.0,-0.8,1.4000000000000001,0.30000000000000004,0.8,11.4,9.3,10.3,-1.0999999999999999,16
253,4335.0,1.1,-1.0,1.0,0.5,0.6000000000000001,10.600000000000001,17.400000000000002,14.4,-3.2,16
254,4352.0,1.0,-1.2000000000000002,0.30000000000000004,0.4,0.5,10.0,26.0,16.3,-3.3000000000000003,16
255,4369.0,1.0,-1.2000000000000002,0.0,0.4,0.5,9.5,35.9,16.400000000000002,-2.8,16
256,4387.0,1.2000000000000002,-1.3,-0.7000000000000001,0.5,0.5,8.9,43.300000000000004,15.000000000000002,-3.4,16
257,4405.0,1.3,-1.4000000000000001,-1.4000000000000001,0.6000000000000001,0.6000000000000001,8.200000000000001,45.9,12.100000000000001,-5.1,16
258,4419.0,1.2000000000000002,-1.3,-1.7000000000000002,0.30000000000000004,0.8,7.800000000000001,42.7,7.8,-6.000000000000001,16
259,4435.0,0.8,-1.2000000000000002,-2.0,0.1,1.1,7.5,35.4,0.9,-5.0,16
260,4452.0,0.8,-1.0,-2.2,0.1,1.3,7.300000000000001,23.2,-7.699999999999999,-3.8,16
261,4468.0,0.7000000000000001,-1.0,-2.1,0.1,1.3,7.7,6.4,-18.7,-2.1,16
262,4485.0,1.0,-1.0,-1.5,0.5,1.2000000000000002,8.1,-8.0,-30.100000000000005,-1.6,16
263,4502.0,1.4000000000000001,-1.0,-1.2000000000000002,0.9,1.2000000000000002,8.4,-16.900000000000002,-34.50000000000001,-2.7,16
264,4519.0,1.3,-0.9,-1.1,0.8,1.2000000000000002,8.5,-22.7,-32.5,-3.5,16
265,4535.0,1.0,-0.8,-0.8,0.6000000000000001,1.3,8.700000000000001,-24.8,-28.500000000000004,-1.8,16
266,4552.0,0.8,-0.8,-0.6000000000000001,0.6000000000000001,1.2000000000000002,8.9,-21.8,-24.400000000000002,-0.7,16
267,4569.0,0.8,-0.9,-0.5,0.7000000000000001,1.0,9.0,-15.299999999999999,-21.900000000000002,-2.1999999999999997,16
268,4586.0,0.9,-0.9,-0.6000000000000001,0.6000000000000001,1.1,9.0,-5.8,-15.8,-6.1000000000000005,16
269,4605.0,0.4,-0.7000000000000001,-0.7000000000000001,0.30000000000000004,1.3,8.8,3.7000000000000006,-10.600000000000001,-9.9,16
270,4619.0,0.2,-0.5,-0.9,-0.1,1.5,8.5,10.2,-6.5,-12.5,16
271,4635.0,-0.30000000000000004,-0.4,-1.3,-0.5,1.6,8.200000000000001,11.9,-3.6,-15.000000000000002,16
272,4652.0,-0.6000000000000001,-0.30000000000000004,-1.4000000000000001,-0.7000000000000001,1.7000000000000002,8.1,9.8,-4.1000000000000005,-17.8,16
273,4669.0,-0.7000000000000001,-0.30000000000000004,-1.3,-0.8,1.7000000000000002,8.1,6.2,-4.6000000000000005,-20.6,16
274,4685.0,-0.8,-0.30000000000000004,-1.3,-1.0,1.7000000000000002,8.200000000000001,2.4000000000000004,0.4,-22.6,16
275,4702.0,-1.1,-0.1,-1.3,-1.3,1.9000000000000001,8.200000000000001,1.0,4.3999999999999995,-22.900000000000002,16
276,4719.0,-1.6,-0.1,-1.2000000000000002,-1.8,1.9000000000000001,8.3,-1.6,6.3,-22.2,16
277,4735.0,-1.9000000000000001,-0.1,-1.2000000000000002,-2.1,2.0,8.4,-6.6000000000000005,7.1000000000000005,-15.5,16
278,4752.0,-1.7000000000000002,0.1,-0.6000000000000001,-1.9000000000000001,2.1,8.9,-11.1,7.300000000000001,-13.6,16
279,4769.0,-1.6,0.2,-0.4,-1.9000000000000001,2.2,9.3,-15.9,2.1999999999999997,-17.0,16
280,4789.0,-1.5,0.2,0.5,-1.8,2.1,9.9,-18.8,-4.2,-22.3,16
281,4802.0,-1.6,0.1,0.7000000000000001,-1.8,1.9000000000000001,10.3,-21.1,-9.600000000000001,-17.599999999999998,16
282,4818.0,-1.0,0.0,1.4000000000000001,-1.3,1.8,10.9,-19.400000000000002,-9.5,-10.0,16
283,4835.0,-0.5,-0.1,1.5,-0.6000000000000001,1.6,11.0,-13.4,-7.699999999999999,-6.1000000000000005,16
284,4852.0,-0.4,-0.1,1.5,-0.7000000000000001,1.6,11.0,-5.7,2.0,-3.8,16
285,4868.0,-0.9,0.2,1.4000000000000001,-1.2000000000000002,1.9000000000000001,11.0,3.6,12.3,-0.8,16
286,4885.0,-1.2000000000000002,0.4,1.4000000000000001,-1.7000000000000002,2.2,11.0,7.1000000000000005,16.700000000000003,1.0999999999999999,16
287,4902.0,-1.7000000000000002,0.6000000000000001,1.7000000000000002,-2.1,2.3000000000000003,11.5,1.7,9.0,0.5,16
288,4918.0,-1.3,0.7000000000000001,2.5,-1.7000000000000002,2.4000000000000004,12.100000000000001,-14.4,-12.9,0.6000000000000001,16
289,4935.0,-0.5,0.7000000000000001,2.8000000000000003,-0.30000000000000004,2.3000000000000003,12.700000000000001,-28.400000000000002,-19.6,3.6,16
290,4952.0,0.5,0.4,3.1,0.2,1.8,12.8,-26.8,-17.200000000000003,3.8,16
291,4968.0,0.4,0.0,2.8000000000000003,0.1,1.5,12.5,-14.4,-8.600000000000001,5.0,16
292,4985.0,0.5,0.0,2.4000000000000004,0.4,1.5,11.700000000000001,-1.4,0.1,5.6,16
293,5002.0,0.5,0.0,1.6,0.30000000000000004,1.5,11.3,4.0,6.3,5.4,16
294,5019.0,0.5,0.0,1.5,0.30000000000000004,1.5,11.3,4.0,6.3,5.4,16
295,5035.0,0.8,0.0,1.4000000000000001,1.0,1.5,11.100000000000001,3.1,-1.4,2.0,16
296,5052.0,1.7000000000000002,-0.1,1.2000000000000002,1.7000000000000002,1.3,10.600000000000001,6.9,-3.0000000000000004,-4.3999999999999995,16
297,5069.0,2.3000000000000003,-0.4,0.1,2.1,1.2000000000000002,9.8,9.4,-0.1,-13.5,16
298,5086.0,2.2,-0.30000000000000004,-0.7000000000000001,2.0,1.3,9.1,6.2,2.8,-21.1,16
299,5102.0,2.2,-0.30000000000000004,-1.1,1.8,1.3,8.5,-7.2,-0.4,-25.1,16
300,5119.0,1.7000000000000002,-0.2,-1.3,1.4000000000000001,1.3,8.5,-22.000000000000004,-6.3,-24.7,16
301,5135.0,1.3,-0.2,-0.9,1.1,1.2000000000000002,8.8,-30.200000000000003,-12.3,-21.3,16
302,5152.0,1.0,-0.30000000000000004,-0.7000000000000001,0.8,1.1,9.3,-30.299999999999997,-19.400000000000002,-16.700000000000003,16
303,5169.0,0.7000000000000001,-0.1,-0.1,0.7000000000000001,1.2000000000000002,9.600000000000001,-24.5,-25.0,-10.1,16
304,5185.0,0.9,0.0,-0.2,0.9,1.3,9.600000000000001,-14.600000000000001,-28.200000000000003,-4.9,16
305,5202.0,0.9,0.0,-0.4,1.0,1.2000000000000002,9.3,-6.2,-26.200000000000003,-5.500000000000001,16
306,5218.0,0.7000000000000001,0.1,-0.7000000000000001,0.9,1.4000000000000001,9.0,0.9,-21.3,-9.5,16
307,5235.0,0.30000000000000004,0.4,-1.2000000000000002,0.5,1.6,8.6,8.4,-12.6,-12.8,16
308,5252.0,0.1,0.5,-1.3,0.2,1.8,8.3,13.3,-2.3000000000000003,-13.700000000000001,16
309,5269.0,-0.30000000000000004,0.7000000000000001,-1.6,-0.2,1.9000000000000001,8.1,15.2,4.5,-14.100000000000001,16
310,5285.0,-0.5,0.6000000000000001,-1.9000000000000001,-0.30000000000000004,1.9000000000000001,7.800000000000001,15.2,8.600000000000001,-15.5,16
311,5302.0,-0.5,0.5,-2.1,-0.5,1.9000000000000001,7.6000000000000005,14.0,10.8,-18.1,16
312,5319.0,-0.9,0.5,-2.2,-0.8,1.9000000000000001,7.4,12.5,9.9,-19.0,16
313,5335.0,-0.9,0.4,-2.3000000000000003,-0.8,1.9000000000000001,7.300000000000001,10.0,11.4,-17.9,16
314,5352.0,-0.9,0.5,-2.2,-1.0,2.0,7.5,8.0,11.8,-14.900000000000002,16
315,5369.0,-1.1,0.4,-2.0,-1.2000000000000002,1.9000000000000001,7.7,8.600000000000001,10.8,-10.4,16
316,5385.0,-1.0,0.4,-1.5,-1.0,2.0,8.1,8.700000000000001,8.700000000000001,-6.2,16
317,5402.0,-0.8,0.4,-1.2000000000000002,-0.7000000000000001,2.0,8.700000000000001,7.0,8.4,-3.7000000000000006,16
318,5419.0,-0.7000000000000001,0.5,-0.6000000000000001,-0.8,2.1,9.1,8.5,10.5,-1.8,16
319,5435.0,-0.6000000000000001,0.6000000000000001,0.0,-0.7000000000000001,2.2,9.600000000000001,10.700000000000001,10.0,-0.30000000000000004,16
320,5452.0,-0.30000000000000004,0.5,0.2,-0.30000000000000004,2.2,9.9,8.0,9.8,-2.3000000000000003,16
321,5469.0,-0.1,0.6000000000000001,0.5,-0.4,2.3000000000000003,10.100000000000001,5.4,12.000000000000002,-5.2,16
322,5485.0,-0.1,0.6000000000000001,0.9,-0.30000000000000004,2.3000000000000003,10.5,3.5,11.8,-6.5,16
323,5502.0,0.30000000000000004,0.5,1.1,0.30000000000000004,2.1,10.8,-2.3000000000000003,6.7,-8.200000000000001,16
324,5519.0,1.1,0.2,1.3,1.0,1.8,10.8,-6.8,6.000000000000001,-10.5,16
325,5535.0,1.4000000000000001,-0.1,1.2000000000000002,0.9,1.6,10.700000000000001,-6.2,13.9,-11.8,16
326,5552.0,0.9,0.1,1.1,-0.1,2.1,10.9,-1.2000000000000002,26.400000000000002,-7.6,16
327,5569.0,-0.4,0.7000000000000001,1.7000000000000002,-1.0,2.4000000000000004,11.600000000000001,4.800000000000001,21.8,-0.4,16
328,5585.0,-0.4,0.6000000000000001,2.7,-0.7000000000000001,2.2,12.5,2.1,4.7,4.3999999999999995,16
329,5602.0,0.6000000000000001,0.2,3.4000000000000004,0.2,1.9000000000000001,13.100000000000001,-6.000000000000001,-14.0,1.3,16
330,5619.0,1.0,-0.2,3.3000000000000003,0.7000000000000001,1.4000000000000001,12.700000000000001,-7.9,-19.1,-4.7,16
331,5635.0,1.0,-0.4,2.3000000000000003,0.5,1.3,11.8,-0.7,-4.800000000000001,-5.4,16
332,5653.0,0.2,0.0,1.2000000000000002,-0.2,1.6,10.9,10.0,12.4,0.5,16
333,5669.0,0.1,0.0,1.0,-0.30000000000000004,1.6,10.700000000000001,9.600000000000001,13.5,7.1000000000000005,16
334,5685.0,0.5,-0.30000000000000004,1.0,0.2,1.3,10.700000000000001,1.0,7.699999999999999,9.9,16
335,5702.0,1.1,-0.7000000000000001,1.2000000000000002,0.7000000000000001,0.9,10.9,-0.30000000000000004,0.30000000000000004,7.8,16
336,5719.0,1.4000000000000001,-0.9,1.2000000000000002,1.0,0.7000000000000001,10.700000000000001,9.200000000000001,-0.5,2.4000000000000004,16
337,5735.0,1.5,-1.0,0.6000000000000001,1.0,0.7000000000000001,10.200000000000001,18.1,-3.0000000000000004,-4.300000000000001,16
338,5752.0,1.5,-1.0,-0.1,1.2000000000000002,0.8,9.600000000000001,18.5,-7.2,-10.0,16
339,5768.0,1.5,-1.0,-0.5,1.1,0.8,9.1,11.5,-9.600000000000001,-14.100000000000001,16
340,5785.0,1.3,-1.1,-0.9,0.9,0.8,8.700000000000001,3.9,-11.9,-16.8,16
341,5803.0,1.0,-1.0,-1.0,0.7000000000000001,0.8,8.700000000000001,-5.7,-16.400000000000002,-17.5,16
342,5818.0,0.9,-1.0,-1.0,0.5,0.9,8.6,-15.000000000000002,-22.000000000000004,-15.100000000000001,16
343,5835.0,0.4,-0.7000000000000001,-1.1,0.1,1.1,8.5,-14.200000000000001,-20.7,-8.700000000000001,16
344,5852.0,0.0,-0.4,-1.6,-0.2,1.3,8.1,-6.000000000000001,-13.700000000000001,-0.30000000000000004,16
345,5869.0,-0.1,-0.30000000000000004,-1.8,-0.4,1.4000000000000001,7.7,1.5000000000000002,-6.1000000000000005,6.4,16
346,5885.0,-0.4,-0.30000000000000004,-2.1,-0.5,1.4000000000000001,7.5,6.3,-4.2,8.5,16
347,5902.0,-0.6000000000000001,-0.30000000000000004,-2.3000000000000003,-0.7000000000000001,1.4000000000000001,7.300000000000001,9.9,-7.2,5.9,16
348,5919.0,-0.7000000000000001,-0.30000000000000004,-2.4000000000000004,-0.8,1.5,7.1000000000000005,12.000000000000002,-7.2,3.1,16
349,5935.0,-0.8,-0.30000000000000004,-2.5,-0.9,1.5,7.1000000000000005,11.3,-7.2,1.0,16
350,5953.0,-0.9,-0.30000000000000004,-2.4000000000000004,-0.9,1.6,7.2,7.400000000000001,-7.2,-0.5,16
351,5969.0,-0.9,-0.2,-2.2,-1.0,1.6,7.5,1.5000000000000002,-5.8,-1.7,16
352,5992.0,-1.0,-0.4,-1.5,-1.0,1.4000000000000001,7.9,-5.2,-6.2,-4.800000000000001,16
353,6002.0,-1.1,-0.4,-1.2000000000000002,-1.1,1.4000000000000001,8.4,-13.0,-7.0,-8.700000000000001,16
354,6018.0,-1.1,-0.30000000000000004,-0.5,-1.1,1.4000000000000001,9.0,-19.3,-4.9,-11.1,16
355,6035.0,-1.2000000000000002,-0.2,-0.1,-1.2000000000000002,1.5,9.700000000000001,-19.3,0.8,-10.4,16
356,6052.0,-1.3,-0.1,0.30000000000000004,-1.4000000000000001,1.5,9.9,-14.500000000000002,6.9,-8.200000000000001,16
357,6068.0,-1.5,0.0,0.5,-1.6,1.6,10.100000000000001,-7.300000000000001,11.9,-6.000000000000001,16
358,6085.0,-1.7000000000000002,0.0,0.6000000000000001,-1.9000000000000001,1.7000000000000002,10.3,0.8,15.299999999999999,-3.3000000000000003,16
359,6102.0,-1.8,0.4,0.9,-2.1,2.1,10.5,6.2,15.9,0.2,16
360,6119.0,-1.9000000000000001,0.7000000000000001,1.3,-2.1,2.3000000000000003,10.9,7.9,11.1,5.1,16
361,6135.0,-1.6,0.7000000000000001,1.4000000000000001,-1.7000000000000002,2.3000000000000003,11.100000000000001,7.6,8.5,6.5,16
362,6152.0,-1.1,0.6000000000000001,1.6,-1.4000000000000001,2.3000000000000003,11.200000000000001,6.5,10.4,5.9,16
363,6177.0,-0.8,0.6000000000000001,2.2,-1.0,2.4000000000000004,12.200000000000001,-8.1,2.7,3.6,16
364,6185.0,-0.8,0.6000000000000001,2.2,-1.0,2.4000000000000004,12.200000000000001,-8.1,2.7,3.6,16
365,6202.0,-0.1,0.6000000000000001,3.3000000000000003,-0.2,2.2,13.100000000000001,-27.1,-9.1,3.1,16
366,6219.0,1.0,0.5,4.1000000000000005,0.7000000000000001,2.0,13.8,-42.0,-14.100000000000001,4.300000000000001,16
367,6235.0,1.1,0.30000000000000004,4.2,0.8,1.5,13.8,-37.5,-7.400000000000001,6.6000000000000005,16
368,6252.0,1.1,0.0,3.6,0.9,1.3,13.100000000000001,-18.1,4.1000000000000005,10.9,16
369,6274.0,1.3,0.0,3.0,0.9,1.3,13.100000000000001,-18.1,4.1000000000000005,10.9,16
370,6285.0,1.3,0.1,1.8,0.9,1.5,11.4,27.0,24.9,7.699999999999999,16
371,6302.0,1.2000000000000002,0.1,1.5,0.8,1.6,11.100000000000001,30.9,16.900000000000002,-0.2,16
372,6319.0,1.7000000000000002,0.0,0.8,1.4000000000000001,1.6,10.5,23.3,6.1000000000000005,-8.3,16
373,6335.0,2.3000000000000003,-0.1,0.5,1.9000000000000001,1.3,10.100000000000001,14.200000000000001,-0.6000000000000001,-20.6,16
374,6352.0,2.1,-0.5,0.0,1.8,1.1,9.600000000000001,6.3,-8.1,-27.8,16
375,6374.0,2.3000000000000003,-0.6000000000000001,-0.6000000000000001,1.9000000000000001,1.0,9.1,-0.30000000000000004,-7.500000000000001,-31.5,16
376,6385.0,1.6,-0.5,-1.2000000000000002,1.3,1.1,8.6,-5.500000000000001,-4.300000000000001,-31.2,16
377,6403.0,1.3,-0.4,-1.4000000000000001,0.8,1.2000000000000002,8.200000000000001,-8.200000000000001,-6.000000000000001,-26.200000000000003,16
378,6418.0,0.9,-0.30000000000000004,-1.6,0.5,1.2000000000000002,8.1,-11.6,-9.5,-20.4,16
379,6435.0,0.5,-0.4,-1.6,0.2,1.1,8.1,-13.5,-15.399999999999999,-15.399999999999999,16
380,6452.0,0.4,-0.5,-1.7000000000000002,0.1,1.0,8.0,-8.1,-19.3,-13.100000000000001,16
381,6468.0,0.0,-0.5,-1.9000000000000001,-0.2,1.0,7.800000000000001,3.9,-18.5,-12.200000000000001,16
382,6494.0,-0.30000000000000004,-0.4,-2.5,-0.5,1.1,7.2,17.9,-16.1,-11.5,16
383,6502.0,-0.4,-0.4,-2.8000000000000003,-0.5,1.1,6.7,27.3,-11.700000000000001,-11.8,16
384,6519.0,-0.4,-0.6000000000000001,-3.2,-0.5,1.0,6.5,30.000000000000004,-7.699999999999999,-14.600000000000001,16
385,6535.0,-0.7000000000000001,-0.8,-3.2,-0.8,1.0,6.4,28.1,-3.8,-18.1,16
386,6552.0,-1.0,-0.7000000000000001,-3.2,-1.3,1.2000000000000002,6.4,23.5,0.5,-16.8,16
387,6574.0,-1.4000000000000001,-0.2,-2.9000000000000004,-1.5,1.5,6.5,14.700000000000001,3.0000000000000004,-11.1,16
388,6585.0,-1.3,-0.1,-2.7,-1.5,1.7000000000000002,6.800000000000001,1.3,3.4,-3.7000000000000006,16
389,6602.0,-1.1,-0.1,-2.5,-1.2000000000000002,1.6,7.300000000000001,-11.9,4.300000000000001,1.2000000000000002,16
390,6619.0,-1.0,-0.2,-1.6,-1.2000000000000002,1.6,8.1,-18.1,5.6,3.6,16
391,6635.0,-1.1,0.0,-0.7000000000000001,-1.3,1.8,8.9,-18.6,6.9,5.9,16
392,6652.0,-1.0,0.2,-0.30000000000000004,-1.4000000000000001,2.0,9.5,-18.900000000000002,5.7,9.200000000000001,16
393,6669.0,-1.3,0.5,0.30000000000000004,-1.6,2.3000000000000003,10.0,-14.900000000000002,3.7000000000000006,15.100000000000001,16
394,6689.0,-1.3,0.9,0.9,-1.5,2.6,10.4,-7.400000000000001,1.8,22.6,16
395,6702.0,-0.9,1.1,1.1,-0.7000000000000001,2.7,10.8,-1.0,0.6000000000000001,27.3,16
396,6718.0,0.1,1.0,1.2000000000000002,0.0,2.6,10.8,5.500000000000001,5.1,25.1,16
397,6735.0,0.4,0.9,1.0,0.1,2.6,10.600000000000001,11.700000000000001,9.600000000000001,18.900000000000002,16
398,6753.0,0.2,0.9,1.1,0.1,2.6,10.700000000000001,11.5,9.700000000000001,14.900000000000002,16
399,6770.0,0.7000000000000001,0.9,1.4000000000000001,0.6000000000000001,2.7,11.0,4.800000000000001,5.300000000000001,10.0,16
400,6787.0,1.0,0.9,1.7000000000000002,0.7000000000000001,2.6,11.200000000000001,-1.6,6.1000000000000005,5.7,16
401,6802.0,0.30000000000000004,1.0,1.6,0.1,2.7,11.200000000000001,-1.4,17.5,5.4,16
402,6818.0,-0.2,0.9,2.0,-0.5,2.6,11.8,-1.8,12.8,4.9,16
403,6835.0,0.2,0.6000000000000001,2.7,-0.1,2.3000000000000003,12.4,-12.8,0.2,1.9,16
404,6852.0,0.5,0.5,3.1,0.5,1.9000000000000001,13.200000000000001,-27.2,-16.5,-2.6,16
405,6868.0,1.3,-0.2,3.7,1.3,1.1,13.3,-32.5,-23.3,-6.000000000000001,16
406,6885.0,1.7000000000000002,-0.6000000000000001,3.1,1.4000000000000001,0.9,12.700000000000001,-22.7,-8.3,-6.4,16
407,6902.0,1.0,-0.5,2.1,0.8,1.0,11.9,0.4,10.2,-1.3,16
408,6918.0,1.0,-0.4,2.0,0.8,1.1,11.600000000000001,12.000000000000002,9.8,2.8,16
409,6935.0,1.0,-0.4,1.8,0.8,1.1,11.5,10.5,6.2,6.6000000000000005,16
410,6952.0,1.2000000000000002,-0.4,1.7000000000000002,0.8,1.1,11.5,8.700000000000001,-2.3000000000000003,4.5,16
411,6968.0,1.3,-0.8,1.5,1.2000000000000002,0.7000000000000001,11.100000000000001,9.4,-8.200000000000001,1.2000000000000002,16
412,6986.0,1.5,-0.9,0.8,1.2000000000000002,0.7000000000000001,10.4,12.200000000000001,-8.5,-3.7000000000000006,16
413,7003.0,0.9,-0.9,0.2,0.8,0.7000000000000001,9.9,12.6,-10.600000000000001,-7.699999999999999,16
414,7021.0,0.7000000000000001,-0.9,0.1,0.6000000000000001,0.7000000000000001,9.700000000000001,6.7,-19.1,-8.1,16
415,7036.0,0.6000000000000001,-1.0,-0.30000000000000004,0.5,0.7000000000000001,9.3,1.0,-25.8,-6.1000000000000005,16
416,7052.0,0.30000000000000004,-0.9,-1.0,0.4,0.8,8.8,1.2000000000000002,-22.000000000000004,-1.0,16
417,7068.0,0.2,-0.8,-1.3,0.2,0.9,8.200000000000001,7.400000000000001,-14.0,4.1000000000000005,16
418,7085.0,-0.2,-0.6000000000000001,-1.8,-0.2,1.1,7.800000000000001,15.399999999999999,-4.7,7.6,16
419,7102.0,-0.8,-0.4,-2.2,-0.7000000000000001,1.3,7.5,25.900000000000002,1.8,9.700000000000001,16
420,7118.0,-1.0,-0.30000000000000004,-2.3000000000000003,-1.0,1.6,7.300000000000001,35.6,3.5,10.4,16
421,7135.0,-1.1,-0.30000000000000004,-2.6,-1.0,1.7000000000000002,7.0,40.2,2.3000000000000003,10.2,16
422,7152.0,-0.9,-0.2,-2.9000000000000004,-0.8,1.9000000000000001,6.7,40.1,4.800000000000001,9.200000000000001,16
423,7169.0,-0.9,-0.2,-2.8000000000000003,-0.8,2.0,6.7,36.800000000000004,14.100000000000001,7.9,16
424,7186.0,-1.0,-0.30000000000000004,-2.7,-1.0,1.9000000000000001,7.0,30.299999999999997,17.9,4.3999999999999995,16
425,7202.0,-1.0,-0.4,-2.2,-1.0,1.9000000000000001,7.300000000000001,16.6,16.3,0.7,16
426,7219.0,-0.8,-0.30000000000000004,-1.6,-0.9,2.0,7.800000000000001,-2.9,15.299999999999999,-3.1,16
427,7235.0,-0.8,-0.2,-1.1,-0.9,2.0,8.700000000000001,-18.7,12.3,-4.300000000000001,16
428,7252.0,-0.4,-0.30000000000000004,-0.1,-0.6000000000000001,1.9000000000000001,9.4,-25.6,12.6,-4.9,16
429,7269.0,-0.2,-0.4,0.2,-0.4,1.7000000000000002,9.8,-19.200000000000003,18.2,-6.9,16
430,7286.0,-0.1,-0.4,0.30000000000000004,-0.5,1.7000000000000002,9.700000000000001,-4.800000000000001,27.900000000000002,-9.0,16
431,7303.0,-0.4,-0.2,0.0,-0.8,1.9000000000000001,9.5,7.699999999999999,33.2,-11.000000000000002,16
432,7320.0,-0.6000000000000001,0.0,0.1,-1.1,2.1,9.600000000000001,11.8,30.4,-11.1,16
433,7335.0,-0.6000000000000001,0.0,0.2,-1.2000000000000002,2.3000000000000003,9.700000000000001,8.200000000000001,22.2,-9.8,16
434,7352.0,-0.6000000000000001,0.30000000000000004,0.4,-1.3,2.5,10.0,3.7000000000000006,16.8,-5.7,16
435,7368.0,-0.5,0.5,0.8,-1.2000000000000002,2.7,10.200000000000001,-0.7,14.200000000000001,-1.3,16
436,7388.0,-0.4,0.7000000000000001,1.2000000000000002,-1.2000000000000002,2.9000000000000004,10.600000000000001,-6.4,11.5,1.9,16
437,7406.0,-0.5,0.8,1.3,-1.2000000000000002,3.0,10.9,-10.3,8.4,3.0000000000000004,16
438,7419.0,-0.1,1.0,2.1,-0.9,3.1,11.700000000000001,-15.399999999999999,-0.5,2.1999999999999997,16
439,7435.0,0.30000000000000004,1.0,2.6,-0.2,3.0,12.3,-27.0,-12.700000000000001,-1.0999999999999999,16
440,7452.0,0.7000000000000001,0.8,3.0,0.1,2.7,12.700000000000001,-30.5,-24.3,-4.0,16
441,7469.0,1.2000000000000002,0.5,3.3000000000000003,0.6000000000000001,2.4000000000000004,12.9,-26.200000000000003,-28.8,-6.8,16
442,7488.0,1.7000000000000002,0.4,3.0,1.1,2.3000000000000003,12.700000000000001,-14.600000000000001,-23.3,-9.4,16
443,7503.0,1.8,0.30000000000000004,2.5,1.3,2.1,12.0,3.7000000000000006,-7.9,-14.0,16
444,7518.0,1.8,0.2,2.0,1.3,2.1,12.0,3.7000000000000006,-7.9,-14.0,16
445,7535.0,1.6,0.30000000000000004,1.2000000000000002,1.2000000000000002,2.2,10.700000000000001,12.200000000000001,4.3999999999999995,-24.5,16
446,7552.0,1.9000000000000001,0.2,0.9,1.5,2.1,10.600000000000001,2.6,-1.2000000000000002,-27.1,16
447,7569.0,2.2,0.0,0.7000000000000001,1.8,1.9000000000000001,10.4,-7.0,-7.2,-27.5,16
448,7589.0,2.3000000000000003,-0.1,0.4,1.9000000000000001,1.8,10.200000000000001,-10.3,-9.4,-26.400000000000002,16
449,7605.0,2.2,-0.1,-0.1,1.8,1.7000000000000002,9.4,-5.300000000000001,-4.800000000000001,-25.0,16
450,7622.0,2.0,-0.2,-1.0,1.5,1.7000000000000002,8.700000000000001,-0.7,2.8,-25.0,16
451,7635.0,1.6,-0.2,-1.2000000000000002,0.9,1.6,8.4,-0.7,1.0999999999999999,-26.1,16
452,7652.0,0.9,-0.2,-1.4000000000000001,0.4,1.6,8.3,-2.7,-8.5,-27.0,16
453,7669.0,0.5,-0.30000000000000004,-1.5,0.0,1.5,8.200000000000001,-2.8,-16.2,-28.0,16
454,7686.0,-0.1,-0.4,-1.9000000000000001,-0.4,1.4000000000000001,7.800000000000001,3.0000000000000004,-20.900000000000002,-27.1,16
455,7702.0,-0.1,-0.4,-2.2,-0.5,1.4000000000000001,7.2,13.0,-16.1,-25.1,16
456,7718.0,-0.30000000000000004,-0.5,-2.9000000000000004,-0.7000000000000001,1.4000000000000001,6.7,20.0,-11.1,-23.700000000000003,16
457,7735.0,-0.6000000000000001,-0.4,-3.3000000000000003,-0.9,1.5,6.300000000000001,19.1,-11.2,-22.2,16
458,7752.0,-0.8,-0.4,-3.4000000000000004,-1.0,1.6,6.2,9.9,-11.8,-19.400000000000002,16
459,7768.0,-0.8,-0.4,-3.4000000000000004,-1.0,1.6,6.2,-1.2000000000000002,-12.3,-15.6,16
460,7786.0,-0.8,-0.4,-2.9000000000000004,-1.1,1.6,6.6000000000000005,-9.9,-9.700000000000001,-10.9,16
461,7802.0,-0.8,-0.5,-2.7,-1.0,1.3,7.0,-14.4,-7.0,-7.400000000000001,16
462,7818.0,-0.6000000000000001,-0.7000000000000001,-2.0,-0.9,1.1,7.6000000000000005,-17.400000000000002,-6.2,-6.4,16
463,7835.0,-1.0,-0.6000000000000001,-1.3,-1.2000000000000002,1.3,8.200000000000001,-17.1,-6.9,-4.300000000000001,16
464,7852.0,-1.2000000000000002,-0.4,-1.0,-1.5,1.4000000000000001,8.6,-14.3,-4.6000000000000005,2.1999999999999997,16
465,7869.0,-1.3,-0.2,-0.6000000000000001,-1.5,1.6,9.0,-9.200000000000001,-0.4,9.9,16
466,7886.0,-1.4000000000000001,-0.2,-0.30000000000000004,-1.6,1.6,9.200000000000001,-3.4,6.2,16.6,16
467,7905.0,-1.3,-0.1,0.2,-1.5,1.6,9.600000000000001,-2.1999999999999997,7.0,20.0,16
468,7920.0,-1.4000000000000001,0.0,0.4,-1.7000000000000002,1.8,10.100000000000001,-5.1,3.1,22.6,16
469,7936.0,-1.4000000000000001,0.30000000000000004,1.0,-1.7000000000000002,2.0,10.5,-6.9,0.6000000000000001,27.6,16
470,7952.0,-1.4000000000000001,0.4,1.2000000000000002,-1.5,2.1,10.9,-5.2,-0.7,33.300000000000004,16
471,7968.0,-0.8,0.5,1.6,-0.7000000000000001,2.1,11.200000000000001,-2.1999999999999997,-2.3000000000000003,35.5,16
472,7993.0,0.30000000000000004,0.4,1.9000000000000001,0.2,2.1,11.5,1.0999999999999999,-3.7000000000000006,31.3,16
473,8002.0,0.7000000000000001,0.30000000000000004,2.0,0.6000000000000001,2.0,11.5,5.1,1.9,22.5,16
474,8018.0,0.8,0.4,1.7000000000000002,0.4,2.2,11.200000000000001,6.3,11.1,14.100000000000001,16
475,8035.0,-0.1,0.7000000000000001,1.4000000000000001,-0.4,2.5,11.100000000000001,0.8,18.3,8.5,16
476,8052.0,-0.7000000000000001,0.9,1.7000000000000002,-1.2000000000000002,2.8000000000000003,11.700000000000001,-12.100000000000001,15.9,9.9,16
477,8068.0,-0.9,1.1,2.4000000000000004,-1.2000000000000002,2.7,12.100000000000001,-32.0,8.5,15.2,16
478,8087.0,-0.9,1.0,2.9000000000000004,-1.2000000000000002,2.5,12.700000000000001,-45.800000000000004,1.8,20.900000000000002,16
479,8102.0,-0.8,0.9,3.4000000000000004,-0.8,2.1,13.3,-42.900000000000006,-0.6000000000000001,24.7,16
480,8118.0,-0.1,0.5,3.7,-0.2,1.8,13.4,-29.300000000000004,1.7,22.5,16
481,8135.0,0.30000000000000004,0.30000000000000004,3.5,0.0,1.5,13.3,-12.000000000000002,3.8,16.8,16
482,8152.0,0.7000000000000001,0.1,3.3000000000000003,0.4,1.4000000000000001,13.100000000000001,0.6000000000000001,-2.8,13.6,16
483,8168.0,1.0,0.2,2.9000000000000004,0.9,1.4000000000000001,12.4,12.5,-2.4000000000000004,14.4,16
484,8185.0,1.3,-0.2,1.8,1.1,1.2000000000000002,11.5,23.0,2.6,15.399999999999999,16
485,8202.0,1.4000000000000001,-0.4,0.9,1.1,1.1,10.700000000000001,29.700000000000003,6.6000000000000005,15.399999999999999,16
486,8218.0,1.4000000000000001,-0.4,0.5,1.1,1.1,10.100000000000001,31.5,8.1,14.700000000000001,16
487,8235.0,1.3,-0.6000000000000001,-0.2,1.0,1.0,9.5,30.200000000000003,7.400000000000001,13.5,16
488,8252.0,1.2000000000000002,-0.7000000000000001,-0.5,1.0,1.0,9.5,30.200000000000003,7.400000000000001,13.5,16
489,8268.0,1.1,-0.9,-0.9,0.8,0.8,8.8,18.8,-3.7000000000000006,8.0,16
490,8285.0,1.1,-1.1,-1.2000000000000002,0.8,0.7000000000000001,8.4,14.500000000000002,-10.1,5.7,16
491,8304.0,0.9,-1.1,-2.0,0.7000000000000001,0.7000000000000001,7.7,17.599999999999998,-9.4,6.4,16
492,8318.0,0.8,-1.1,-2.5,0.6000000000000001,0.9,6.800000000000001,23.900000000000002,2.1999999999999997,10.8,16
493,8335.0,0.5,-1.0,-3.3000000000000003,0.30000000000000004,1.0,6.2,26.8,13.700000000000001,15.9,16
494,8352.0,0.30000000000000004,-1.0,-3.8000000000000003,0.0,1.0,5.9,24.7,19.3,19.700000000000003,16
495,8368.0,0.2,-1.0,-3.9000000000000004,-0.2,1.0,5.6000000000000005,17.599999999999998,19.400000000000002,22.2,16
496,8385.0,0.1,-1.1,-3.9000000000000004,-0.2,1.1,5.800000000000001,7.500000000000001,16.700000000000003,23.700000000000003,16
497,8402.0,-0.1,-1.0,-3.5,-0.4,1.1,6.1000000000000005,-1.8,14.0,26.700000000000003,16
498,8418.0,-0.1,-1.1,-3.3000000000000003,-0.4,0.9,6.4,-6.9,11.6,28.1,16
499,8435.0,-0.1,-1.3,-2.9000000000000004,-0.6000000000000001,0.8,6.7,-9.5,7.500000000000001,25.700000000000003,16
500,8452.0,-0.5,-1.1,-2.5,-0.9,0.9,7.0,-13.100000000000001,3.0000000000000004,21.0,16
501,8468.0,-0.7000000000000001,-0.9,-2.2,-1.2000000000000002,1.3,7.7,-19.9,-7.2,17.9,16
502,8487.0,-0.6000000000000001,-0.6000000000000001,-1.2000000000000002,-0.6000000000000001,1.3,8.5,-28.6,-22.000000000000004,14.800000000000002,16
503,8502.0,0.2,-0.5,-0.4,0.0,1.3,9.1,-31.6,-25.700000000000003,7.699999999999999,16
504,8518.0,0.30000000000000004,-0.4,-0.30000000000000004,0.0,1.4000000000000001,9.4,-26.500000000000004,-7.1000000000000005,0.4,16
505,8535.0,-0.4,0.0,0.1,-1.0,1.9000000000000001,9.600000000000001,-19.700000000000003,12.100000000000001,-4.800000000000001,16
506,8555.0,-2.0,0.8,0.30000000000000004,-2.3000000000000003,2.5,9.9,-14.700000000000001,18.7,-4.3999999999999995,16
507,8569.0,-2.6,1.6,0.8,-2.9000000000000004,3.1,10.3,-14.3,20.0,1.7,16
508,8586.0,-2.5,1.7000000000000002,1.2000000000000002,-2.9000000000000004,3.2,11.100000000000001,-18.0,20.1,6.7,16
509,8602.0,-2.4000000000000004,1.6,2.3000000000000003,-2.8000000000000003,3.1,11.9,-16.5,18.8,9.1,16
510,8619.0,-2.0,1.4000000000000001,2.8000000000000003,-2.6,2.9000000000000004,12.4,-8.700000000000001,18.0,10.5,16
511,8638.0,-1.5,1.4000000000000001,2.9000000000000004,-2.2,2.8000000000000003,12.5,-1.2000000000000002,18.900000000000002,11.000000000000002,16
512,8652.0,-1.7000000000000002,1.4000000000000001,2.9000000000000004,-2.4000000000000004,2.9000000000000004,12.600000000000001,4.2,18.0,11.9,16
513,8668.0,-1.8,1.4000000000000001,3.4000000000000004,-2.5,2.9000000000000004,13.100000000000001,4.6000000000000005,8.5,13.0,16
514,8687.0,-1.0,1.3,4.2,-1.9000000000000001,2.9000000000000004,13.8,-6.2,-12.3,14.200000000000001,16
515,8704.0,-0.4,1.1,4.4,-0.8,2.5,14.200000000000001,-20.0,-29.800000000000004,15.2,16
516,8718.0,1.0,0.2,4.4,0.5,1.6,14.200000000000001,-23.900000000000002,-33.900000000000006,15.2,16
517,8736.0,1.8,-0.30000000000000004,4.0,1.7000000000000002,0.9,13.3,-12.8,-20.2,13.4,16
518,8752.0,2.2,-0.6000000000000001,2.4000000000000004,1.8,0.8,11.8,10.0,-3.2,10.1,16
519,8768.0,1.9000000000000001,-0.6000000000000001,0.8,1.5,0.9,10.600000000000001,28.200000000000003,13.3,8.0,16
520,8786.0,1.7000000000000002,-0.5,0.5,1.3,0.9,10.200000000000001,32.9,18.2,7.1000000000000005,16
521,8802.0,2.1,-0.9,0.1,1.8,0.8,9.8,22.5,7.2,3.2,16
522,8818.0,2.7,-0.8,-0.6000000000000001,2.4000000000000004,0.9,9.200000000000001,7.699999999999999,-2.3000000000000003,0.8,16
523,8835.0,3.0,-0.9,-0.7000000000000001,2.5,0.7000000000000001,9.0,-1.0999999999999999,-4.1000000000000005,-6.000000000000001,16
524,8852.0,2.5,-1.0,-0.9,2.0,0.7000000000000001,8.8,2.4000000000000004,-3.8,-9.600000000000001,16
525,8868.0,2.1,-0.7000000000000001,-1.2000000000000002,1.7000000000000002,1.0,8.5,12.4,1.2000000000000002,-9.600000000000001,16
526,8885.0,1.6,-0.5,-1.5,1.3,1.2000000000000002,8.3,17.9,0.6000000000000001,-11.000000000000002,16
527,8902.0,1.2000000000000002,-0.30000000000000004,-1.5,0.7000000000000001,1.5,8.200000000000001,13.4,-6.8,-14.700000000000001,16
528,8918.0,0.4,-0.1,-1.8,0.1,1.7000000000000002,7.9,2.0,-16.700000000000003,-16.8,16
529,8935.0,0.1,0.0,-1.8,-0.30000000000000004,1.7000000000000002,7.9,-10.1,-23.400000000000002,-15.5,16
530,8952.0,-0.1,0.0,-1.8,-0.4,1.7000000000000002,7.9,-16.900000000000002,-22.900000000000002,-12.200000000000001,16
531,8968.0,-0.4,-0.1,-1.9000000000000001,-0.6000000000000001,1.5,7.800000000000001,-17.599999999999998,-17.400000000000002,-7.699999999999999,16
532,8988.0,-0.5,-0.30000000000000004,-1.9000000000000001,-0.6000000000000001,1.3,7.800000000000001,-16.6,-10.5,-5.9,16
533,9003.0,-0.7000000000000001,-0.30000000000000004,-1.9000000000000001,-1.0,1.3,7.9,-15.100000000000001,-6.9,-6.1000000000000005,16
534,9018.0,-1.0,-0.30000000000000004,-1.8,-1.0,1.3,7.9,-15.100000000000001,-6.9,-6.1000000000000005,16
535,9035.0,-1.0,-0.30000000000000004,-1.8,-1.0,1.3,7.9,-15.100000000000001,-6.9,-6.1000000000000005,16
536,9052.0,-1.4000000000000001,-0.2,-2.0,-1.5,1.3,7.6000000000000005,0.5,1.0999999999999999,-1.7,16
537,9074.0,-1.4000000000000001,-0.2,-2.2,-1.6,1.3,7.4,5.2,8.600000000000001,2.3000000000000003,16
538,9085.0,-1.8,-0.2,-2.3000000000000003,-2.0,1.3,7.4,8.700000000000001,14.100000000000001,6.9,16
539,9102.0,-1.9000000000000001,-0.2,-2.1,-2.2,1.5,7.7,11.2,17.400000000000002,11.700000000000001,16
540,9118.0,-2.1,0.1,-1.5,-2.3000000000000003,1.7000000000000002,8.200000000000001,12.6,17.0,17.3,16
541,9135.0,-1.8,0.2,-1.0,-2.0,1.8,8.6,7.8,7.8,21.400000000000002,16
542,9154.0,-1.6,0.5,-0.30000000000000004,-2.0,2.1,9.200000000000001,2.3000000000000003,-1.2000000000000002,25.2,16
543,9168.0,-1.3,0.5,0.1,-1.4000000000000001,2.1,9.9,0.8,-8.799999999999999,28.400000000000002,16
544,9185.0,-0.2,0.6000000000000001,0.8,-0.4,2.3000000000000003,10.3,4.300000000000001,-8.700000000000001,28.500000000000004,16
545,9202.0,0.2,0.6000000000000001,0.8,-0.4,2.3000000000000003,10.3,10.700000000000001,1.5000000000000002,24.1,16
546,9218.0,0.0,0.7000000000000001,0.8,-0.30000000000000004,2.5,10.4,12.5,12.9,22.2,16
547,9235.0,0.0,1.0,1.0,-0.2,2.8000000000000003,10.600000000000001,8.700000000000001,11.3,20.8,16
548,9254.0,0.30000000000000004,1.1,1.3,0.4,2.9000000000000004,11.0,-0.1,8.4,19.0,16
549,9268.0,1.0,1.0,1.8,0.9,2.6,11.5,-7.6,6.7,14.500000000000002,16
550,9285.0,1.6,0.7000000000000001,2.1,1.2000000000000002,2.5,11.700000000000001,-10.700000000000001,10.8,9.4,16
551,9302.0,1.4000000000000001,0.9,2.0,0.4,3.0,11.600000000000001,-5.300000000000001,26.6,6.000000000000001,16
552,9319.0,-0.2,1.5,2.3000000000000003,-0.8,3.2,12.0,1.5000000000000002,24.9,7.300000000000001,16
553,9336.0,-0.1,1.3,2.5,-0.5,3.0,12.100000000000001,-7.300000000000001,11.700000000000001,8.200000000000001,16
554,9352.0,0.1,1.2000000000000002,2.5,-0.6000000000000001,2.8000000000000003,12.4,-16.700000000000003,2.1999999999999997,5.9,16
555,9376.0,0.30000000000000004,0.1,3.1,-0.30000000000000004,2.0,12.8,-21.5,-9.4,3.5,16
556,9385.0,0.9,-0.30000000000000004,3.0,0.6000000000000001,1.2000000000000002,12.600000000000001,-26.3,-20.3,0.6000000000000001,16
557,9402.0,1.4000000000000001,-0.7000000000000001,2.6,1.3,0.7000000000000001,12.200000000000001,-24.5,-15.299999999999999,3.3000000000000003,16
558,9418.0,1.8,-0.7000000000000001,2.3000000000000003,1.6,0.8,11.9,-11.1,-8.3,9.700000000000001,16
559,9435.0,1.8,-0.7000000000000001,1.4000000000000001,1.5,0.7000000000000001,11.100000000000001,4.6000000000000005,-6.1000000000000005,12.6,16
560,9454.0,1.8,-0.8,0.6000000000000001,1.6,0.7000000000000001,10.4,13.4,-4.5,14.100000000000001,16
561,9475.0,2.0,-0.8,0.1,1.8,0.7000000000000001,9.9,16.900000000000002,-5.0,7.300000000000001,16
562,9485.0,1.9000000000000001,-0.9,-0.2,1.7000000000000002,0.7000000000000001,9.600000000000001,17.9,-5.9,-2.7,16
563,9502.0,1.4000000000000001,-0.8,-0.7000000000000001,1.3,0.8,9.1,17.8,-7.300000000000001,-11.2,16
564,9519.0,1.2000000000000002,-0.7000000000000001,-0.9,1.0,1.0,8.6,15.399999999999999,-8.0,-16.5,16
565,9537.0,0.8,-0.7000000000000001,-1.5,0.7000000000000001,1.0,8.200000000000001,8.600000000000001,-11.5,-18.8,16
566,9552.0,0.6000000000000001,-0.6000000000000001,-2.0,0.6000000000000001,1.0,7.7,-1.3,-15.299999999999999,-18.400000000000002,16
567,9575.0,0.4,-0.6000000000000001,-2.4000000000000004,0.5,1.1,7.4,-9.4,-14.500000000000002,-16.400000000000002,16
568,9585.0,0.2,-0.5,-2.5,0.1,1.1,7.2,-11.9,-8.5,-12.4,16
569,9602.0,-0.30000000000000004,-0.4,-2.7,-0.30000000000000004,1.2000000000000002,7.0,-10.4,-2.3000000000000003,-6.8,16
570,9619.0,-0.5,-0.4,-2.7,-0.6000000000000001,1.2000000000000002,7.1000000000000005,-6.6000000000000005,0.5,-0.8,16
571,9635.0,-0.8,-0.30000000000000004,-2.6,-0.9,1.2000000000000002,7.1000000000000005,-1.0,-2.3000000000000003,2.8,16
572,9652.0,-1.0,-0.30000000000000004,-2.6,-0.9,1.3,7.1000000000000005,3.4,-7.9,2.8,16
573,9678.0,-1.1,-0.2,-2.7,-1.0,1.3,6.9,3.5,-13.5,-0.9,16
574,9685.0,-1.2000000000000002,-0.1,-2.8000000000000003,-1.2000000000000002,1.5,6.9,0.0,-13.3,-5.6,16
575,9702.0,-1.4000000000000001,0.0,-2.7,-1.2000000000000002,1.5,6.9,0.0,-13.3,-5.6,16
576,9718.0,-2.0,0.30000000000000004,-2.3000000000000003,-1.9000000000000001,1.9000000000000001,7.6000000000000005,-11.9,-15.8,-8.799999999999999,16
577,9735.0,-1.9000000000000001,0.5,-1.5,-1.7000000000000002,2.0,8.3,-21.400000000000002,-21.200000000000003,-9.600000000000001,16
578,9752.0,-1.5,0.4,-0.5,-1.2000000000000002,1.7000000000000002,9.200000000000001,-33.2,-27.400000000000002,-14.0,16
579,9775.0,-0.6000000000000001,-0.1,0.30000000000000004,-0.4,1.2000000000000002,9.9,-43.7,-25.700000000000003,-20.900000000000002,16
580,9785.0,-0.6000000000000001,-0.2,0.7000000000000001,-0.30000000000000004,0.9,10.4,-42.800000000000004,-10.600000000000001,-26.1,16
581,9803.0,-1.1,-0.2,1.1,-0.9,0.9,10.8,-33.0,11.8,-22.3,16
582,9818.0,-1.6,0.30000000000000004,1.4000000000000001,-1.3,1.3,11.0,-16.3,19.9,-13.4,16
583,9835.0,-1.8,0.5,1.6,-1.6,1.5,11.4,-2.8,20.900000000000002,-2.1999999999999997,16
584,9852.0,-1.3,0.4,2.3000000000000003,-1.1,1.4000000000000001,12.100000000000001,4.6000000000000005,14.600000000000001,3.7000000000000006,16
585,9868.0,-0.5,0.4,3.0,-0.5,1.4000000000000001,12.700000000000001,11.1,8.3,1.3,16
586,9892.0,-0.4,0.4,3.2,-0.4,1.5,12.9,18.7,4.9,-1.3,16
587,9902.0,-0.30000000000000004,0.6000000000000001,3.1,-0.30000000000000004,1.8,12.8,23.5,2.6,-1.7,16
588,9919.0,-0.5,1.1,2.8000000000000003,-0.5,2.4000000000000004,12.5,24.8,1.9,0.30000000000000004,16
589,9935.0,-0.5,1.2000000000000002,2.6,-0.30000000000000004,2.4000000000000004,12.4,21.5,-1.2000000000000002,0.4,16
590,9952.0,0.2,0.9,2.8000000000000003,0.5,2.2,12.5,5.8,-9.8,-4.7,16
591,9968.0,0.7000000000000001,0.9,2.7,0.5,2.2,12.5,-10.5,-13.9,-10.700000000000001,16
592,9993.0,0.9,0.5,2.2,1.0,1.8,12.100000000000001,-13.3,-8.799999999999999,-13.9,16
593,10002.0,1.0,0.2,1.8,1.1,1.4000000000000001,11.4,-14.100000000000001,-3.9,-14.100000000000001,16
594,10018.0,1.0,-0.2,0.9,1.2000000000000002,1.0,10.700000000000001,-12.5,2.1,-11.1,16
595,10035.0,1.1,-0.5,0.6000000000000001,1.6,0.6000000000000001,10.5,-9.600000000000001,6.4,-4.3999999999999995,16
596,10052.0,1.9000000000000001,-0.9,0.5,2.1,0.30000000000000004,10.3,-6.4,-0.30000000000000004,2.3000000000000003,16
597,10069.0,2.2,-1.0,0.4,2.4000000000000004,0.2,10.200000000000001,8.1,-2.5,9.200000000000001,16
598,10089.0,3.0,-1.3,-0.5,3.1,0.0,9.5,27.900000000000002,-3.0000000000000004,9.600000000000001,16
599,10108.0,3.2,-1.2000000000000002,-1.2000000000000002,3.4000000000000004,0.1,8.8,42.5,-1.5000000000000002,2.1,16
600,10119.0,2.9000000000000004,-1.0,-1.6,3.1,0.5,8.1,50.5,-2.7,-9.0,16
601,10135.0,2.6,-0.8,-2.1,2.4000000000000004,0.9,7.300000000000001,47.900000000000006,-6.4,-21.0,16
602,10152.0,1.5,-0.5,-2.8000000000000003,1.5,1.3,6.9,32.4,-11.3,-28.0,16
603,10168.0,0.7000000000000001,-0.2,-3.1,0.9,1.5,6.5,11.4,-16.900000000000002,-30.4,16
604,10185.0,0.4,-0.1,-3.3000000000000003,0.4,1.6,6.300000000000001,-9.5,-15.100000000000001,-28.500000000000004,16
605,10202.0,-0.4,-0.1,-3.3000000000000003,-0.2,1.5,6.5,-23.3,-10.5,-23.8,16
606,10220.0,-0.9,-0.30000000000000004,-2.9000000000000004,-0.5,1.3,6.9,-29.200000000000003,-6.1000000000000005,-18.8,16
607,10240.0,-0.8,-0.4,-2.1,-0.4,1.1,7.5,-29.1,-3.3000000000000003,-17.599999999999998,16
608,10252.0,-0.9,-0.5,-1.7000000000000002,-0.6000000000000001,1.0,8.1,-23.400000000000002,-2.8,-19.200000000000003,16
609,10268.0,-1.1,-0.30000000000000004,-1.0,-0.8,1.1,8.700000000000001,-13.5,-3.1,-20.2,16
610,10288.0,-1.2000000000000002,-0.2,-0.7000000000000001,-0.9,1.2000000000000002,8.9,-2.9,-5.8,-20.1,16
611,10302.0,-1.2000000000000002,-0.1,-0.8,-0.9,1.4000000000000001,8.700000000000001,3.9,-8.700000000000001,-19.700000000000003,16
612,10318.0,-1.3,0.2,-1.2000000000000002,-0.9,1.7000000000000002,8.4,7.400000000000001,-7.300000000000001,-18.3,16
613,10335.0,-1.3,0.5,-1.4000000000000001,-0.9,1.9000000000000001,8.200000000000001,7.400000000000001,-2.0,-16.1,16
614,10352.0,-1.5,0.6000000000000001,-1.4000000000000001,-1.4000000000000001,2.2,8.3,3.4,1.9,-11.4,16
615,10369.0,-1.9000000000000001,0.9,-1.1,-1.5,2.4000000000000004,8.6,-3.3000000000000003,1.8,-4.2,16
616,10390.0,-1.6,0.9,-0.4,-1.3,2.4000000000000004,9.200000000000001,-8.4,2.7,2.7,16
617,10405.0,-1.2000000000000002,0.7000000000000001,0.30000000000000004,-1.0,2.2,9.8,-3.9,5.4,7.6,16
618,10420.0,-0.9,0.7000000000000001,0.5,-0.6000000000000001,2.1,10.200000000000001,4.0,10.5,6.8,16
619,10437.0,-0.6000000000000001,0.6000000000000001,0.9,-0.4,2.1,10.5,9.8,13.700000000000001,2.1,16
620,10452.0,-0.5,0.6000000000000001,1.2000000000000002,-0.30000000000000004,2.1,10.9,11.6,14.600000000000001,-3.8,16
621,10468.0,-0.4,0.6000000000000001,1.7000000000000002,-0.2,2.2,11.5,12.000000000000002,13.9,-8.1,16
622,10487.0,0.2,0.6000000000000001,2.5,0.30000000000000004,2.2,12.200000000000001,10.9,8.1,-11.9,16
623,10507.0,0.9,0.5,2.9000000000000004,0.9,2.1,12.5,7.6,5.0,-16.1,16
624,10519.0,1.1,0.4,2.7,1.1,2.1,12.100000000000001,6.000000000000001,9.700000000000001,-18.3,16
625,10535.0,0.4,0.9,1.8,0.2,2.6,11.5,8.799999999999999,22.3,-17.0,16
626,10552.0,-0.5,1.2000000000000002,1.9000000000000001,-0.8,2.9000000000000004,11.8,10.3,24.000000000000004,-10.5,16
627,10568.0,-0.30000000000000004,1.0,2.3000000000000003,-0.4,2.6,12.100000000000001,-6.9,16.700000000000003,-6.1000000000000005,16
628,10588.0,-0.2,0.7000000000000001,2.4000000000000004,-0.4,2.3000000000000003,12.200000000000001,-24.000000000000004,8.600000000000001,-5.0,16
629,10604.0,-0.30000000000000004,0.30000000000000004,2.5,-0.5,1.9000000000000001,12.3,-26.500000000000004,8.3,-0.2,16
630,10618.0,-0.1,0.0,2.3000000000000003,-0.2,1.4000000000000001,12.0,-21.1,11.1,5.500000000000001,16
631,10635.0,0.4,-0.5,2.0,0.2,1.0,11.8,-14.200000000000001,10.0,10.0,16
632,10652.0,1.0,-0.6000000000000001,2.4000000000000004,0.7000000000000001,0.8,12.200000000000001,-9.4,1.5000000000000002,13.100000000000001,16
633,10668.0,1.3,-0.7000000000000001,2.5,1.3,0.6000000000000001,12.3,0.9,-5.8,13.0,16
634,10686.0,2.1,-1.1,2.3000000000000003,2.1,0.30000000000000004,12.100000000000001,16.0,-8.9,9.3,16
635,10703.0,2.1,-1.1,2.3000000000000003,2.1,0.30000000000000004,12.100000000000001,16.0,-8.9,9.3,16
636,10718.0,2.5,-1.4000000000000001,0.8,2.2,0.30000000000000004,10.200000000000001,39.6,-2.0,-6.1000000000000005,16
637,10736.0,1.8,-1.1,-0.4,1.6,0.7000000000000001,9.3,38.300000000000004,0.5,-10.0,16
638,10752.0,1.0,-0.8,-1.3,0.9,1.0,8.5,28.400000000000002,-1.0,-8.9,16
639,10768.0,0.7000000000000001,-0.7000000000000001,-1.7000000000000002,0.5,1.2000000000000002,7.800000000000001,12.000000000000002,-7.0,-4.9,16
640,10791.0,0.5,-0.8,-2.5,0.30000000000000004,1.2000000000000002,7.300000000000001,-2.1999999999999997,-11.700000000000001,-0.5,16
641,10805.0,0.4,-0.8,-2.6,0.4,1.1,7.1000000000000005,-9.5,-9.0,3.0000000000000004,16
642,10819.0,0.1,-0.7000000000000001,-2.8000000000000003,-0.2,1.2000000000000002,6.800000000000001,-4.5,-0.9,5.8,16
643,10835.0,-0.7000000000000001,-0.5,-3.2,-0.8,1.4000000000000001,6.5,2.9,4.1000000000000005,10.3,16
644,10853.0,-1.0,-0.30000000000000004,-3.3000000000000003,-1.1,1.5,6.4,5.6,0.6000000000000001,13.6,16
645,10868.0,-1.2000000000000002,-0.30000000000000004,-3.3000000000000003,-1.2000000000000002,1.5,6.4,4.800000000000001,-10.700000000000001,14.3,16
646,10885.0,-1.0,-0.4,-3.2,-0.9,1.3,6.5,1.6,-21.6,10.8,16
647,10902.0,-0.9,-0.6000000000000001,-2.9000000000000004,-0.9,1.3,6.5,-0.6000000000000001,-24.5,6.8,16
648,10920.0,-0.8,-0.5,-2.7,-0.7000000000000001,1.3,6.800000000000001,2.4000000000000004,-16.2,5.1,16
649,10935.0,-0.8,-0.5,-2.5,-0.7000000000000001,1.3,7.1000000000000005,2.8,-12.000000000000002,3.7000000000000006,16
650,10952.0,-0.9,-0.4,-2.2,-0.7000000000000001,1.4000000000000001,7.4,-2.5,-7.300000000000001,1.9,16
651,10968.0,-1.0,-0.4,-1.9000000000000001,-0.9,1.5,7.9,-10.2,0.2,-0.7,16
652,11001.0,-1.7000000000000002,0.0,-0.2,-1.6,1.7000000000000002,9.5,-21.6,9.600000000000001,-1.3,16
653,11019.0,-1.6,0.0,0.30000000000000004,-1.4000000000000001,1.7000000000000002,10.4,-22.7,11.9,-1.3,16
654,11035.0,-1.5,0.1,1.3,-1.5,1.7000000000000002,11.100000000000001,-15.000000000000002,17.8,-0.9,16
655,11052.0,-1.6,0.1,2.0,-1.6,1.7000000000000002,11.600000000000001,-4.2,20.4,-0.2,16
656,11068.0,-1.5,0.1,2.5,-1.6,1.7000000000000002,12.100000000000001,3.5,16.3,0.4,16
657,11085.0,-1.3,0.2,2.7,-1.4000000000000001,1.8,12.4,6.8,12.6,1.3,16
658,11101.0,-1.2000000000000002,0.2,3.0,-1.4000000000000001,1.9000000000000001,12.600000000000001,9.3,12.200000000000001,5.1,16
659,11118.0,-1.0,0.30000000000000004,3.0,-1.2000000000000002,1.9000000000000001,12.700000000000001,11.6,15.100000000000001,11.700000000000001,16
660,11135.0,-1.0,0.30000000000000004,3.0,-1.3,2.0,12.5,14.0,18.2,18.0,16
661,11151.0,-1.1,0.6000000000000001,2.7,-1.4000000000000001,2.3000000000000003,12.4,18.400000000000002,22.3,22.4,16
662,11168.0,-0.7000000000000001,0.5,2.8000000000000003,-1.0,2.3000000000000003,12.5,15.8,19.6,22.5,16
663,11185.0,-0.30000000000000004,0.4,2.7,-0.6000000000000001,2.1,12.4,-1.6,10.700000000000001,17.599999999999998,16
664,11202.0,0.0,0.4,2.5,-0.4,2.1,12.200000000000001,-12.9,5.6,17.3,16
665,11218.0,0.5,0.0,2.1,0.1,1.7000000000000002,11.8,-15.399999999999999,8.600000000000001,19.9,16
666,11235.0,0.7000000000000001,-0.1,1.8,0.4,1.6,11.4,-15.2,14.700000000000001,24.000000000000004,16
667,11253.0,1.2000000000000002,-0.30000000000000004,1.4000000000000001,0.9,1.3,11.100000000000001,-12.000000000000002,18.6,28.0,16
668,11268.0,2.0,-0.7000000000000001,1.2000000000000002,1.6,0.9,11.0,-9.700000000000001,18.1,28.700000000000003,16
669,11286.0,2.6,-0.9,1.0,2.4000000000000004,0.6000000000000001,10.700000000000001,-8.200000000000001,12.700000000000001,25.6,16
670,11301.0,3.2,-1.0,0.5,2.7,0.6000000000000001,10.200000000000001,-1.0,11.2,22.3,16
671,11318.0,3.1,-1.0,-0.4,2.6,0.6000000000000001,9.3,13.5,14.200000000000001,20.6,16
672,11335.0,3.1,-0.9,-0.9,2.6,0.8,8.6,26.6,14.200000000000001,16.900000000000002,16
673,11352.0,3.1,-0.8,-1.7000000000000002,2.6,1.0,7.9,29.800000000000004,11.5,9.1,16
674,11370.0,2.8000000000000003,-0.7000000000000001,-2.4000000000000004,2.2,1.1,7.300000000000001,22.6,7.400000000000001,-2.7,16
675,11385.0,2.4000000000000004,-0.5,-2.6,1.4000000000000001,1.5,7.0,8.600000000000001,1.2000000000000002,-11.6,16
676,11405.0,1.4000000000000001,-0.1,-2.7,0.7000000000000001,1.9000000000000001,7.1000000000000005,-6.9,-6.2,-12.6,16
677,11419.0,0.9,0.30000000000000004,-2.5,0.4,2.1,7.2,-16.700000000000003,-13.6,-9.1,16
678,11435.0,0.7000000000000001,0.30000000000000004,-2.4000000000000004,0.30000000000000004,2.0,7.300000000000001,-18.6,-14.3,-5.4,16
679,11452.0,0.7000000000000001,0.2,-2.3000000000000003,0.30000000000000004,1.9000000000000001,7.4,-17.400000000000002,-12.8,-5.9,16
680,11469.0,0.5,0.2,-2.1,0.1,1.8,7.6000000000000005,-15.399999999999999,-13.3,-9.3,16
681,11485.0,0.0,0.30000000000000004,-1.8,-0.30000000000000004,1.9000000000000001,7.9,-12.000000000000002,-15.2,-11.8,16
682,11502.0,0.0,0.30000000000000004,-1.7000000000000002,-0.4,1.9000000000000001,8.1,-8.9,-17.8,-13.0,16
683,11518.0,-0.30000000000000004,0.30000000000000004,-1.4000000000000001,-0.5,1.9000000000000001,8.3,-6.2,-20.1,-13.3,16
684,11535.0,-0.30000000000000004,0.4,-1.3,-0.5,1.9000000000000001,8.3,-4.0,-19.1,-12.6,16
685,11552.0,-0.30000000000000004,0.30000000000000004,-1.3,-0.5,1.9000000000000001,8.3,-1.2000000000000002,-15.399999999999999,-11.6,16
686,11568.0,-0.4,0.4,-1.3,-0.5,1.9000000000000001,8.3,0.2,-11.6,-11.4,16
687,11586.0,-0.5,0.4,-1.2000000000000002,-0.6000000000000001,1.9000000000000001,8.4,-2.1,-8.4,-13.3,16
688,11602.0,-0.8,0.4,-1.1,-1.0,2.1,8.6,-3.2,-6.9,-14.100000000000001,16
689,11618.0,-1.1,0.6000000000000001,-0.8,-1.1,2.2,8.8,-4.6000000000000005,-6.4,-13.4,16
690,11635.0,-1.0,0.6000000000000001,-0.6000000000000001,-1.1,2.2,8.8,-4.6000000000000005,-6.4,-13.4,16
691,11652.0,-0.9,0.5,0.1,-0.9,2.0,9.9,-12.100000000000001,-4.9,-14.4,16
692,11669.0,-0.8,0.5,0.6000000000000001,-0.9,2.0,10.3,-8.600000000000001,4.0,-13.3,16
693,11689.0,-0.9,0.6000000000000001,0.9,-1.1,2.1,10.5,-4.2,12.6,-11.8,16
694,11705.0,-1.1,0.7000000000000001,1.2000000000000002,-1.3,2.1,10.8,-2.1,16.1,-9.8,16
695,11719.0,-1.0,0.7000000000000001,1.4000000000000001,-1.2000000000000002,2.1,11.100000000000001,0.30000000000000004,17.7,-7.8,16
696,11735.0,-0.6000000000000001,0.5,1.8,-0.9,2.0,11.5,2.8,18.3,-7.699999999999999,16
697,11752.0,-0.4,0.30000000000000004,2.0,-0.7000000000000001,1.8,11.8,5.7,18.5,-9.3,16
698,11768.0,-0.1,0.30000000000000004,2.3000000000000003,-0.5,1.8,12.0,9.3,19.8,-10.3,16
699,11785.0,0.1,0.2,2.3000000000000003,-0.4,1.8,11.9,9.8,19.8,-10.1,16
700,11802.0,0.1,0.2,2.1,-0.5,1.8,11.600000000000001,7.500000000000001,17.9,-9.0,16
701,11818.0,-0.2,0.5,1.7000000000000002,-1.0,2.2,11.3,5.9,20.1,-5.8,16
702,11835.0,-0.9,0.9,1.8,-1.6,2.5,11.5,4.7,16.900000000000002,-1.7,16
703,11853.0,-0.6000000000000001,0.8,1.8,-1.4000000000000001,2.5,11.600000000000001,-3.9,7.1000000000000005,-0.5,16
704,11868.0,-0.6000000000000001,0.8,1.7000000000000002,-1.4000000000000001,2.3000000000000003,11.5,-10.600000000000001,-0.30000000000000004,-2.4000000000000004,16
705,11885.0,-0.7000000000000001,0.30000000000000004,1.6,-1.3,1.8,11.3,-12.700000000000001,-5.300000000000001,-3.6,16
706,11901.0,-0.30000000000000004,-0.1,0.8,-1.0,1.5,10.600000000000001,-12.000000000000002,-4.9,-3.2,16
707,11918.0,-0.4,-0.1,0.4,-1.0,1.3,10.0,-3.7000000000000006,1.5000000000000002,1.0,16
708,11935.0,-0.2,-0.5,-0.1,-0.9,1.0,9.700000000000001,4.6000000000000005,4.800000000000001,5.9,16
709,11951.0,-0.1,-0.6000000000000001,-0.2,-0.6000000000000001,0.8,9.4,12.6,3.2,8.700000000000001,16
710,11968.0,0.2,-0.9,-0.5,-0.4,0.7000000000000001,9.200000000000001,22.4,4.0,9.1,16
711,11986.0,0.30000000000000004,-1.0,-0.8,-0.4,0.7000000000000001,8.8,30.4,4.800000000000001,8.600000000000001,16
712,12006.0,0.2,-0.8,-1.2000000000000002,-0.5,0.9,8.5,32.6,3.3000000000000003,9.700000000000001,16
713,12018.0,0.30000000000000004,-0.7000000000000001,-1.4000000000000001,-0.4,1.1,8.200000000000001,27.2,-0.2,11.6,16
714,12035.0,0.4,-0.7000000000000001,-1.4000000000000001,-0.30000000000000004,1.2000000000000002,8.3,15.7,-5.4,12.5,16
715,12051.0,0.6000000000000001,-0.7000000000000001,-1.0,-0.1,1.2000000000000002,8.700000000000001,2.4000000000000004,-13.6,12.000000000000002,16
716,12068.0,0.8,-0.7000000000000001,-0.6000000000000001,0.30000000000000004,1.2000000000000002,9.1,-8.9,-21.400000000000002,11.4,16
717,12085.0,1.0,-0.7000000000000001,-0.5,0.5,1.1,9.1,-14.200000000000001,-24.200000000000003,10.2,16
718,12102.0,0.7000000000000001,-0.6000000000000001,-0.7000000000000001,0.2,1.2000000000000002,8.9,-13.0,-20.6,10.700000000000001,16
719,12118.0,0.5,-0.5,-0.9,0.1,1.3,8.6,-8.4,-14.800000000000002,13.0,16
720,12135.0,0.2,-0.4,-1.2000000000000002,-0.2,1.4000000000000001,8.5,-4.3999999999999995,-9.700000000000001,14.600000000000001,16
721,12152.0,-0.2,-0.30000000000000004,-1.2000000000000002,-0.5,1.5,8.4,0.8,-9.9,15.7,16
722,12168.0,-0.30000000000000004,-0.2,-1.2000000000000002,-0.6000000000000001,1.5,8.4,6.6000000000000005,-13.8,14.700000000000001,16
723,12185.0,-0.30000000000000004,-0.2,-1.4000000000000001,-0.6000000000000001,1.6,8.200000000000001,10.5,-17.400000000000002,11.5,16
724,12203.0,-0.5,-0.2,-1.4000000000000001,-0.7000000000000001,1.6,8.200000000000001,13.100000000000001,-19.200000000000003,7.9,16
725,12218.0,-0.7000000000000001,-0.2,-1.4000000000000001,-0.8,1.7000000000000002,8.1,15.5,-18.3,6.5,16
726,12235.0,-0.7000000000000001,-0.2,-1.6,-0.8,1.7000000000000002,8.0,16.3,-16.2,5.300000000000001,16
727,12252.0,-0.8,-0.30000000000000004,-1.4000000000000001,-0.8,1.6,8.1,12.9,-14.3,4.1000000000000005,16
728,12269.0,-0.8,-0.4,-1.3,-0.9,1.5,8.3,8.0,-11.9,2.1,16
729,12285.0,-1.2000000000000002,-0.4,-1.1,-1.4000000000000001,1.6,8.6,6.4,-4.6000000000000005,2.7,16
730,12301.0,-1.7000000000000002,-0.30000000000000004,-0.7000000000000001,-1.7000000000000002,1.7000000000000002,8.9,5.9,1.0999999999999999,6.000000000000001,16
731,12318.0,-1.8,-0.30000000000000004,-0.5,-1.7000000000000002,1.6,9.3,4.0,3.9,9.0,16
732,12335.0,-1.5,-0.4,0.1,-1.5,1.6,9.700000000000001,4.1000000000000005,7.400000000000001,9.600000000000001,16
733,12353.0,-1.2000000000000002,-0.4,0.7000000000000001,-1.2000000000000002,1.7000000000000002,10.3,5.500000000000001,11.700000000000001,8.200000000000001,16
734,12368.0,-0.9,-0.30000000000000004,1.3,-1.0,1.7000000000000002,10.8,4.1000000000000005,10.700000000000001,4.7,16
735,12385.0,-0.7000000000000001,-0.2,1.6,-0.7000000000000001,1.9000000000000001,11.200000000000001,-0.9,7.400000000000001,0.8,16
736,12402.0,-0.30000000000000004,-0.1,1.9000000000000001,-0.4,2.0,11.4,-7.300000000000001,5.8,-2.0,16
737,12418.0,0.1,-0.1,2.0,-0.1,1.9000000000000001,11.5,-15.000000000000002,4.7,-4.0,16
738,12435.0,0.2,-0.1,1.9000000000000001,0.0,1.9000000000000001,11.4,-22.2,6.7,-4.800000000000001,16
739,12452.0,0.2,0.2,1.8,-0.1,2.1,11.4,-25.400000000000002,13.4,-3.6,16
740,12468.0,-0.1,0.5,1.9000000000000001,-0.30000000000000004,2.3000000000000003,11.5,-27.7,17.599999999999998,-1.0999999999999999,16
741,12485.0,0.30000000000000004,0.4,2.0,0.1,2.1,11.8,-39.400000000000006,11.1,-0.9,16
742,12501.0,0.7000000000000001,0.5,2.1,0.5,2.1,11.700000000000001,-42.800000000000004,6.3,-0.1,16
743,12518.0,1.1,0.30000000000000004,1.8,0.8,1.8,11.5,-30.5,10.5,2.3000000000000003,16
744,12535.0,1.5,0.1,1.7000000000000002,1.3,1.5,11.200000000000001,-19.200000000000003,12.9,1.6,16
745,12551.0,1.7000000000000002,0.1,1.0,1.4000000000000001,1.5,10.600000000000001,-7.9,10.4,0.6000000000000001,16
746,12572.0,2.1,-0.1,0.5,1.7000000000000002,1.2000000000000002,10.200000000000001,1.8,6.9,0.0,16
747,12585.0,2.4000000000000004,-0.2,0.30000000000000004,2.2,1.2000000000000002,9.9,2.6,-2.4000000000000004,-3.3000000000000003,16
748,12603.0,2.7,-0.2,-0.1,2.4000000000000004,1.2000000000000002,9.600000000000001,1.9,-10.600000000000001,-4.1000000000000005,16
749,12618.0,2.7,-0.1,-0.6000000000000001,2.5,1.4000000000000001,9.200000000000001,4.800000000000001,-13.6,-1.7,16
750,12637.0,2.9000000000000004,0.0,-1.2000000000000002,2.7,1.4000000000000001,8.6,7.9,-11.6,-0.7,16
751,12651.0,2.9000000000000004,0.0,-1.5,2.6,1.5,8.1,8.5,-9.600000000000001,-3.5,16
752,12672.0,2.4000000000000004,0.2,-2.0,2.2,1.7000000000000002,7.7,6.6000000000000005,-9.4,-9.200000000000001,16
753,12685.0,1.5,0.30000000000000004,-2.1,1.5,1.8,7.6000000000000005,-0.8,-14.0,-15.299999999999999,16
754,12702.0,1.5,0.30000000000000004,-2.1,1.5,1.8,7.6000000000000005,-0.8,-14.0,-15.299999999999999,16
755,12718.0,0.7000000000000001,0.8,-1.5,0.7000000000000001,2.2,8.200000000000001,-17.200000000000003,-28.1,-19.700000000000003,16
756,12735.0,0.4,0.7000000000000001,-1.3,0.6000000000000001,2.1,8.4,-16.3,-30.799999999999997,-22.1,16
757,12752.0,0.4,0.7000000000000001,-1.3,0.7000000000000001,2.0,8.3,-12.5,-30.799999999999997,-26.200000000000003,16
758,12774.0,0.4,0.5,-1.4000000000000001,0.7000000000000001,1.8,8.200000000000001,-9.5,-28.8,-32.0,16
759,12785.0,0.0,0.4,-1.5,0.30000000000000004,1.7000000000000002,8.200000000000001,-7.400000000000001,-24.8,-37.4,16
760,12802.0,-0.30000000000000004,0.4,-1.5,-0.2,1.6,8.200000000000001,-8.4,-22.4,-40.1,16
761,12820.0,-1.2000000000000002,0.30000000000000004,-1.5,-0.8,1.5,8.1,-12.3,-22.1,-39.8,16
762,12835.0,-1.7000000000000002,0.2,-1.3,-1.2000000000000002,1.4000000000000001,8.3,-17.9,-25.700000000000003,-37.300000000000004,16
763,12852.0,-1.9000000000000001,0.2,-1.1,-1.4000000000000001,1.4000000000000001,8.8,-22.3,-28.400000000000002,-33.1,16
764,12873.0,-1.8,0.2,-0.4,-1.1,1.3,9.3,-22.3,-28.900000000000002,-28.8,16
765,12885.0,-1.6,0.1,-0.1,-1.1,1.3,9.3,-17.9,-25.8,-26.0,16
766,12902.0,-1.5,0.2,0.30000000000000004,-0.9,1.2000000000000002,10.0,-9.8,-20.0,-23.5,16
767,12918.0,-1.6,0.30000000000000004,0.4,-0.9,1.3,10.100000000000001,-3.1,-15.100000000000001,-20.6,16
768,12935.0,-1.5,0.4,0.5,-0.8,1.5,10.200000000000001,0.4,-12.200000000000001,-18.2,16
769,12955.0,-1.2000000000000002,0.6000000000000001,0.5,-0.5,1.6,10.200000000000001,2.8,-7.0,-16.2,16
770,12969.0,-1.3,0.7000000000000001,0.5,-0.6000000000000001,1.8,10.100000000000001,4.9,1.5000000000000002,-14.4,16
771,13003.0,-1.4000000000000001,1.0,0.30000000000000004,-0.8,2.1,10.0,2.5,18.3,-8.9,16
772,13018.0,-1.6,1.0,0.7000000000000001,-1.0,2.1,10.5,-1.4,20.4,-5.8,16
773,13035.0,-1.4000000000000001,1.0,1.3,-0.9,2.1,11.0,-2.8,21.200000000000003,-2.7,16
774,13052.0,-1.2000000000000002,0.9,1.7000000000000002,-0.5,1.8,11.700000000000001,-3.7000000000000006,18.7,-1.0,16
775,13078.0,0.1,0.30000000000000004,2.6,0.2,1.5,12.200000000000001,-3.4,11.6,0.6000000000000001,16
776,13088.0,0.6000000000000001,0.0,2.8000000000000003,1.1,1.1,12.5,-0.2,9.4,1.6,16
777,13103.0,0.9,-0.1,2.2,1.2000000000000002,1.0,12.0,10.600000000000001,22.2,1.7,16
778,13118.0,0.2,0.1,1.6,0.0,1.4000000000000001,11.4,25.3,37.300000000000004,1.9,16
779,13135.0,-1.0,0.30000000000000004,1.9000000000000001,-0.9,1.6,11.600000000000001,23.3,31.099999999999998,3.3000000000000003,16
780,13152.0,-0.9,0.4,1.9000000000000001,-0.8,1.9000000000000001,11.9,1.4,12.4,5.500000000000001,16
781,13170.0,-0.7000000000000001,0.7000000000000001,2.4000000000000004,-0.4,1.7000000000000002,12.4,-8.4,5.4,9.600000000000001,16
782,13189.0,0.2,0.0,2.7,0.4,1.2000000000000002,12.5,-6.000000000000001,2.0,10.3,16
783,13202.0,0.8,-0.30000000000000004,2.5,1.4000000000000001,0.7000000000000001,12.200000000000001,3.3000000000000003,-0.6000000000000001,5.9,16
784,13218.0,1.9000000000000001,-0.8,2.2,2.1,0.4,11.8,9.700000000000001,2.0,-1.7,16
785,13235.0,2.1,-0.9,1.8,2.1,0.4,11.8,9.700000000000001,2.0,-1.7,16
786,13251.0,1.3,-1.0,0.6000000000000001,1.3,0.4,10.4,24.3,10.600000000000001,-5.0,16
787,13268.0,1.0,-1.0,0.2,0.9,0.30000000000000004,9.8,30.100000000000005,12.100000000000001,-0.6000000000000001,16
788,13286.0,0.6000000000000001,-1.2000000000000002,-0.5,0.5,0.30000000000000004,9.200000000000001,29.200000000000003,9.0,3.1,16
789,13303.0,0.2,-1.1,-0.7000000000000001,0.2,0.4,9.1,23.2,2.1,7.6,16
790,13319.0,0.30000000000000004,-1.1,-0.7000000000000001,0.4,0.5,9.1,17.5,-4.6000000000000005,12.000000000000002,16
791,13335.0,0.5,-1.2000000000000002,-0.5,0.6000000000000001,0.4,9.3,13.9,-10.700000000000001,14.0,16
792,13352.0,1.0,-1.3,-0.5,1.1,0.4,9.3,11.3,-14.700000000000001,14.100000000000001,16
793,13368.0,1.2000000000000002,-1.3,-0.6000000000000001,1.4000000000000001,0.4,9.1,11.000000000000002,-12.000000000000002,12.700000000000001,16
794,13389.0,1.2000000000000002,-1.3,-0.9,1.3,0.4,8.700000000000001,12.8,-4.5,11.5,16
795,13402.0,0.8,-1.2000000000000002,-1.4000000000000001,1.0,0.5,8.3,13.5,4.5,10.700000000000001,16
796,13420.0,0.4,-1.1,-1.5,0.2,0.8,8.1,11.700000000000001,10.0,12.4,16
797,13436.0,-0.30000000000000004,-0.9,-1.7000000000000002,-0.2,0.9,8.0,8.700000000000001,10.3,15.7,16
798,13452.0,-0.5,-0.8,-1.8,-0.4,1.0,7.9,5.500000000000001,7.400000000000001,18.5,16
799,13468.0,-0.5,-0.8,-1.8,-0.30000000000000004,1.0,7.800000000000001,4.5,4.1000000000000005,19.6,16
800,13486.0,-0.30000000000000004,-0.7000000000000001,-2.0,-0.2,1.1,7.7,5.0,2.9,19.200000000000003,16
801,13503.0,-0.1,-0.8,-1.8,0.0,1.1,7.800000000000001,4.9,2.9,17.7,16
802,13519.0,-0.1,-0.7000000000000001,-1.7000000000000002,0.0,1.1,8.0,4.800000000000001,3.3000000000000003,14.600000000000001,16
803,13535.0,-0.30000000000000004,-0.6000000000000001,-1.4000000000000001,-0.2,1.3,8.3,4.7,2.3000000000000003,13.3,16
804,13552.0,-0.2,-0.4,-1.1,0.0,1.4000000000000001,8.6,2.1,-0.8,12.3,16
805,13570.0,0.0,-0.4,-0.8,0.2,1.4000000000000001,8.8,-3.4,-3.4,10.1,16
806,13590.0,0.2,-0.4,-0.30000000000000004,0.30000000000000004,1.4000000000000001,9.200000000000001,-8.200000000000001,-2.9,8.1,16
807,13603.0,0.2,-0.4,-0.1,0.4,1.4000000000000001,9.600000000000001,-9.200000000000001,1.4,7.8,16
808,13618.0,0.2,-0.4,0.2,0.30000000000000004,1.3,10.0,-5.8,7.300000000000001,8.5,16
809,13635.0,0.1,-0.4,0.5,0.30000000000000004,1.3,10.200000000000001,-1.3,12.100000000000001,8.600000000000001,16
810,13652.0,0.0,-0.4,0.7000000000000001,0.1,1.4000000000000001,10.3,1.8,14.0,8.200000000000001,16
811,13669.0,-0.1,-0.2,0.6000000000000001,-0.1,1.6,10.200000000000001,3.8,13.9,8.799999999999999,16
812,13689.0,-0.30000000000000004,0.0,0.30000000000000004,-0.2,1.7000000000000002,9.9,5.300000000000001,14.500000000000002,9.700000000000001,16
813,13707.0,-0.4,0.0,0.1,-0.5,1.8,9.700000000000001,5.300000000000001,14.3,10.3,16
814,13718.0,-0.6000000000000001,0.1,0.0,-0.6000000000000001,1.9000000000000001,9.600000000000001,3.7000000000000006,13.100000000000001,11.1,16
815,13736.0,-0.6000000000000001,0.2,0.1,-0.7000000000000001,2.0,9.8,2.5,12.3,12.100000000000001,16
816,13752.0,-0.6000000000000001,0.2,0.30000000000000004,-0.7000000000000001,2.1,10.0,3.1,10.3,12.200000000000001,16
817,13768.0,-0.5,0.30000000000000004,0.5,-0.7000000000000001,2.1,10.100000000000001,5.0,8.4,10.9,16
818,13788.0,-0.6000000000000001,0.4,0.7000000000000001,-0.8,2.2,10.3,3.0000000000000004,3.2,9.3,16
819,13801.0,-0.6000000000000001,0.4,0.8,-0.7000000000000001,2.3000000000000003,10.4,-3.8,-6.000000000000001,8.3,16
820,13821.0,-0.30000000000000004,0.30000000000000004,0.9,-0.4,2.2,10.5,-12.3,-12.000000000000002,8.9,16
821,13835.0,-0.2,0.2,1.0,-0.2,2.0,10.8,-22.6,-18.6,10.2,16
822,13852.0,0.1,0.1,1.5,0.2,1.7000000000000002,11.200000000000001,-34.300000000000004,-27.3,13.100000000000001,16
823,13868.0,0.7000000000000001,-0.2,1.8,0.9,1.4000000000000001,11.600000000000001,-39.400000000000006,-30.000000000000004,17.9,16
824,13887.0,1.3,-0.4,1.7000000000000002,1.4000000000000001,1.1,11.4,-28.3,-17.7,23.2,16
825,13904.0,1.4000000000000001,-0.4,1.2000000000000002,1.5,1.0,10.8,-9.5,-0.4,25.900000000000002,16
826,13918.0,1.2000000000000002,-0.30000000000000004,0.5,1.4000000000000001,1.1,10.3,7.300000000000001,11.1,26.9,16
827,13936.0,1.2000000000000002,-0.2,0.4,1.6,1.4000000000000001,10.0,17.1,12.6,25.2,16
828,13952.0,1.7000000000000002,0.0,0.0,1.9000000000000001,1.4000000000000001,9.600000000000001,19.6,8.799999999999999,18.6,16
829,13968.0,1.8,-0.1,-0.4,2.0,1.4000000000000001,9.3,15.6,6.7,10.2,16
830,13995.0,1.5,-0.1,-0.9,1.5,1.5,8.700000000000001,-1.0,4.1000000000000005,-3.6,16
831,14001.0,1.5,-0.1,-0.9,1.5,1.5,8.700000000000001,-1.0,4.1000000000000005,-3.6,16
832,14018.0,1.0,0.0,-1.0,1.2000000000000002,1.5,8.700000000000001,-10.700000000000001,4.9,-5.1,16
833,14035.0,0.9,-0.1,-0.9,1.0,1.5,8.9,-18.900000000000002,4.1000000000000005,-4.0,16
834,14054.0,0.8,-0.1,-0.6000000000000001,0.9,1.4000000000000001,9.200000000000001,-20.6,5.2,-1.9,16
835,14068.0,0.7000000000000001,-0.1,-0.5,0.9,1.4000000000000001,9.200000000000001,-20.6,5.2,-1.9,16
836,14087.0,0.5,-0.1,-0.6000000000000001,0.6000000000000001,1.3,9.200000000000001,-7.0,9.9,0.2,16
837,14106.0,0.0,0.0,-1.1,0.2,1.4000000000000001,8.700000000000001,1.9,10.8,-0.9,16
838,14118.0,-0.30000000000000004,0.2,-1.3,-0.30000000000000004,1.6,8.3,7.0,9.200000000000001,-1.9,16
839,14135.0,-0.8,0.4,-1.7000000000000002,-0.8,1.8,8.0,5.8,5.0,-1.4,16
840,14151.0,-1.0,0.4,-1.8,-1.0,1.9000000000000001,7.9,-1.5000000000000002,-2.7,0.4,16
841,14168.0,-1.0,0.5,-1.6,-1.0,1.9000000000000001,8.200000000000001,-10.2,-9.200000000000001,2.4000000000000004,16
842,14185.0,-0.9,0.4,-1.0,-0.8,1.8,8.700000000000001,-17.200000000000003,-13.0,3.8,16
843,14202.0,-0.8,0.4,-0.7000000000000001,-0.6000000000000001,1.7000000000000002,9.200000000000001,-19.500000000000004,-14.800000000000002,5.500000000000001,16
844,14218.0,-0.5,0.30000000000000004,-0.2,-0.30000000000000004,1.6,9.5,-18.1,-13.0,6.9,16
845,14235.0,-0.4,0.30000000000000004,0.1,-0.2,1.5,9.700000000000001,-13.700000000000001,-8.1,8.0,16
846,14252.0,-0.5,0.30000000000000004,0.2,-0.4,1.6,9.8,-7.2,-2.6,9.8,16
847,14269.0,-0.6000000000000001,0.4,0.2,-0.4,1.6,9.9,-1.8,2.1,11.4,16
848,14286.0,-0.6000000000000001,0.5,0.1,-0.4,1.7000000000000002,9.8,1.5000000000000002,5.9,12.5,16
849,14303.0,-0.6000000000000001,0.6000000000000001,0.0,-0.5,1.8,9.700000000000001,2.5,10.0,13.4,16
850,14321.0,-0.8,0.6000000000000001,0.0,-0.8,1.9000000000000001,9.700000000000001,2.4000000000000004,13.0,14.700000000000001,16
851,14335.0,-1.0,0.7000000000000001,0.2,-0.9,2.0,9.9,2.1999999999999997,13.200000000000001,16.900000000000002,16
852,14351.0,-0.8,0.7000000000000001,0.30000000000000004,-0.6000000000000001,1.9000000000000001,10.200000000000001,-0.4,10.0,17.5,16
853,14369.0,-0.4,0.6000000000000001,0.7000000000000001,-0.30000000000000004,1.9000000000000001,10.5,-3.3000000000000003,6.3,16.0,16
854,14388.0,0.0,0.6000000000000001,0.9,0.0,1.8,10.600000000000001,-3.8,7.1000000000000005,14.800000000000002,16
855,14405.0,0.0,0.6000000000000001,0.9,0.0,1.9000000000000001,10.600000000000001,-0.8,12.700000000000001,16.0,16
856,14419.0,0.1,0.6000000000000001,0.9,0.1,1.9000000000000001,10.600000000000001,3.5,19.6,18.6,16
857,14435.0,0.1,0.6000000000000001,0.9,-0.1,1.9000000000000001,10.700000000000001,6.7,23.400000000000002,19.200000000000003,16
858,14452.0,0.0,0.7000000000000001,1.2000000000000002,-0.1,1.9000000000000001,11.100000000000001,3.7000000000000006,16.3,17.400000000000002,16
859,14469.0,0.4,0.6000000000000001,1.6,0.4,1.8,11.3,-4.7,2.8,14.200000000000001,16
860,14486.0,0.8,0.30000000000000004,1.5,0.7000000000000001,1.5,11.200000000000001,-9.200000000000001,-3.1,12.3,16
861,14502.0,0.9,0.1,1.3,0.8,1.2000000000000002,10.9,-9.8,-2.8,12.8,16
862,14520.0,0.9,-0.1,1.1,0.6000000000000001,1.1,10.8,-7.0,1.0,16.0,16
863,14535.0,0.6000000000000001,-0.2,1.1,0.5,1.0,11.0,-1.7,4.5,21.200000000000003,16
864,14552.0,0.6000000000000001,-0.30000000000000004,1.4000000000000001,0.5,0.9,11.200000000000001,1.5000000000000002,0.0,24.7,16
865,14568.0,0.7000000000000001,-0.30000000000000004,1.3,0.6000000000000001,0.9,11.0,5.2,-4.2,25.8,16
866,14585.0,0.7000000000000001,-0.30000000000000004,0.8,0.7000000000000001,0.9,10.5,12.6,-3.7000000000000006,27.3,16
867,14604.0,0.8,-0.30000000000000004,0.1,0.8,1.0,9.9,21.8,-0.7,28.6,16
868,14619.0,0.9,-0.30000000000000004,-0.30000000000000004,0.8,1.1,9.200000000000001,29.1,3.6,27.0,16
869,14635.0,0.7000000000000001,-0.30000000000000004,-1.0,0.7000000000000001,1.1,8.700000000000001,31.7,5.2,22.7,16
870,14652.0,0.6000000000000001,-0.4,-1.4000000000000001,0.5,1.1,8.3,28.6,3.8,17.1,16
871,14668.0,0.5,-0.5,-1.5,0.4,1.1,8.200000000000001,20.5,-0.30000000000000004,11.700000000000001,16
872,14687.0,0.30000000000000004,-0.6000000000000001,-1.4000000000000001,0.30000000000000004,1.0,8.4,10.9,-4.1000000000000005,8.200000000000001,16
873,14704.0,0.4,-0.8,-1.0,0.4,0.8,8.700000000000001,3.4,-7.500000000000001,5.1,16
874,14718.0,0.5,-0.9,-0.9,0.6000000000000001,0.6000000000000001,8.8,0.2,-7.9,1.2000000000000002,16
875,14735.0,0.6000000000000001,-1.1,-0.7000000000000001,0.7000000000000001,0.5,9.0,-3.1,-8.200000000000001,-3.9,16
876,14752.0,0.5,-1.1,-0.5,0.6000000000000001,0.5,9.200000000000001,-7.8,-11.000000000000002,-8.0,16
877,14768.0,0.4,-1.1,-0.30000000000000004,0.5,0.5,9.3,-10.4,-13.200000000000001,-8.799999999999999,16
878,14785.0,0.30000000000000004,-1.0,-0.5,0.30000000000000004,0.5,9.1,-9.700000000000001,-9.4,-7.300000000000001,16
879,14802.0,0.1,-1.0,-0.7000000000000001,-0.1,0.7000000000000001,8.8,-7.300000000000001,-3.1,-3.0000000000000004,16
880,14818.0,-0.5,-0.7000000000000001,-0.9,-0.5,0.9,8.700000000000001,-5.2,-0.5,3.4,16
881,14835.0,-0.8,-0.5,-1.0,-0.6000000000000001,1.0,8.700000000000001,-4.300000000000001,-0.9,8.3,16
882,14852.0,-0.9,-0.30000000000000004,-0.9,-0.7000000000000001,1.1,8.8,-3.7000000000000006,-4.0,11.000000000000002,16
883,14869.0,-1.0,-0.1,-0.8,-0.8,1.3,8.8,-2.6,-7.2,12.5,16
884,14885.0,-1.0,-0.1,-0.8,-0.8,1.4000000000000001,8.9,-0.2,-10.2,12.700000000000001,16
885,14902.0,-0.9,0.0,-0.8,-0.7000000000000001,1.5,8.9,2.1,-12.000000000000002,11.700000000000001,16
886,14918.0,-1.0,0.1,-0.7000000000000001,-0.7000000000000001,1.6,8.9,3.5,-11.8,9.9,16
887,14935.0,-1.0,0.1,-0.6000000000000001,-0.8,1.6,9.1,1.8,-11.3,7.1000000000000005,16
888,14952.0,-1.2000000000000002,0.2,-0.30000000000000004,-0.9,1.7000000000000002,9.3,-2.1,-9.600000000000001,4.9,16
889,14969.0,-1.2000000000000002,0.2,-0.1,-0.9,1.6,9.5,-7.0,-5.500000000000001,3.8,16
890,14985.0,-1.3,0.2,0.0,-1.0,1.6,9.700000000000001,-10.0,1.6,3.6,16
891,15002.0,-1.5,0.1,0.1,-1.2000000000000002,1.5,9.8,-11.3,9.700000000000001,4.0,16
892,15018.0,-1.8,0.2,0.5,-1.6,1.5,10.200000000000001,-10.700000000000001,14.4,4.6000000000000005,16
893,15035.0,-1.9000000000000001,0.2,0.7000000000000001,-1.7000000000000002,1.5,10.5,-8.799999999999999,15.100000000000001,5.7,16
894,15051.0,-1.8,0.2,1.1,-1.6,1.5,10.8,-7.8,12.6,6.8,16
895,15068.0,-1.5,0.2,1.3,-1.3,1.5,11.0,-7.0,9.5,8.200000000000001,16
896,15085.0,-1.3,0.2,1.2000000000000002,-1.1,1.4000000000000001,10.9,-3.5,10.4,10.4,16
897,15109.0,-0.8,0.2,1.3,-0.9,1.5,11.0,-0.8,12.5,12.5,16
898,15118.0,-0.7000000000000001,0.30000000000000004,1.3,-0.7000000000000001,1.5,11.100000000000001,0.6000000000000001,14.4,14.700000000000001,16
899,15135.0,-0.6000000000000001,0.30000000000000004,1.4000000000000001,-0.6000000000000001,1.6,11.100000000000001,3.4,18.400000000000002,18.1,16
900,15152.0,-0.4,0.4,1.3,-0.5,1.7000000000000002,11.0,7.300000000000001,22.4,21.200000000000003,16
901,15168.0,-0.2,0.5,1.3,-0.30000000000000004,1.8,11.0,10.600000000000001,24.3,22.3,16
902,15185.0,-0.1,0.5,1.4000000000000001,0.0,1.9000000000000001,11.3,10.2,19.700000000000003,21.1,16
903,15202.0,0.6000000000000001,0.5,1.6,0.5,1.8,11.3,6.8,13.5,17.5,16
904,15218.0,1.1,0.30000000000000004,1.4000000000000001,0.8,1.7000000000000002,11.100000000000001,4.800000000000001,14.500000000000002,13.8,16
905,15235.0,1.1,0.2,1.2000000000000002,0.6000000000000001,1.6,10.9,2.7,14.700000000000001,9.200000000000001,16
906,15252.0,0.7000000000000001,0.2,1.0,0.4,1.6,10.8,-2.8,9.5,6.9,16
907,15268.0,0.7000000000000001,0.0,1.0,0.4,1.4000000000000001,10.700000000000001,-7.1000000000000005,1.8,6.5,16
908,15285.0,1.2000000000000002,-0.30000000000000004,0.6000000000000001,0.9,1.1,10.4,-5.8,-1.0999999999999999,6.2,16
909,15301.0,1.3,-0.5,0.1,1.0,0.9,9.600000000000001,1.2000000000000002,5.7,4.9,16
910,15318.0,0.9,-0.5,-0.9,0.5,0.9,8.700000000000001,10.4,16.1,4.9,16
911,15335.0,0.1,-0.4,-1.6,-0.30000000000000004,1.0,8.200000000000001,18.7,21.1,7.0,16
912,15352.0,-0.2,-0.4,-1.8,-0.8,1.2000000000000002,7.9,20.4,17.3,8.9,16
913,15368.0,-0.30000000000000004,-0.30000000000000004,-1.8,-0.8,1.3,7.9,13.5,7.500000000000001,10.2,16
914,15385.0,0.0,-0.30000000000000004,-1.7000000000000002,-0.5,1.3,8.0,3.9,0.5,7.699999999999999,16
915,15406.0,0.1,-0.5,-1.3,-0.30000000000000004,1.0,8.3,-6.1000000000000005,-0.7,5.1,16
916,15418.0,0.1,-0.5,-1.1,-0.4,1.0,8.700000000000001,-15.8,-1.6,5.4,16
917,15435.0,0.1,-0.5,-0.8,-0.4,1.0,8.700000000000001,-15.8,-1.6,5.4,16
918,15452.0,0.2,-0.6000000000000001,-0.1,-0.1,0.8,9.9,-29.200000000000003,-4.5,10.700000000000001,16
919,15468.0,0.7000000000000001,-0.7000000000000001,0.6000000000000001,0.4,0.5,10.4,-28.0,-4.6000000000000005,13.5,16
920,15485.0,1.0,-0.9,0.8,0.6000000000000001,0.30000000000000004,10.5,-20.4,-0.6000000000000001,13.5,16
921,15502.0,0.8,-1.0,0.6000000000000001,0.30000000000000004,0.2,10.200000000000001,-7.2,6.5,13.700000000000001,16
922,15518.0,0.4,-0.9,0.1,-0.1,0.4,9.700000000000001,3.7000000000000006,11.8,15.2,16
923,15535.0,0.0,-0.6000000000000001,-0.30000000000000004,-0.1,0.4,9.700000000000001,9.3,13.0,17.5,16
924,15553.0,-0.2,-0.4,-0.8,-0.6000000000000001,0.8,9.0,10.8,11.3,18.2,16
925,15568.0,-0.30000000000000004,-0.30000000000000004,-1.2000000000000002,-0.9,1.0,8.4,8.5,10.1,17.8,16
926,15585.0,-0.7000000000000001,0.0,-1.5,-1.3,1.2000000000000002,8.200000000000001,0.5,6.8,18.1,16
927,15602.0,-0.9,0.1,-1.4000000000000001,-1.5,1.4000000000000001,8.4,-11.700000000000001,0.8,20.4,16
928,15618.0,-0.9,0.30000000000000004,-1.0,-1.3,1.4000000000000001,8.8,-23.0,-3.9,24.200000000000003,16
929,15635.0,-0.4,0.2,-0.6000000000000001,-0.9,1.3,9.200000000000001,-30.100000000000005,-5.1,28.3,16
930,15652.0,-0.2,0.1,-0.30000000000000004,-0.6000000000000001,1.2000000000000002,9.600000000000001,-31.5,-3.6,32.4,16
931,15679.0,0.1,0.30000000000000004,0.30000000000000004,-0.4,1.2000000000000002,9.9,-26.500000000000004,-0.5,37.4,16
932,15685.0,0.30000000000000004,0.30000000000000004,0.4,-0.2,1.2000000000000002,10.100000000000001,-18.3,1.0,41.2,16
933,15701.0,0.30000000000000004,0.30000000000000004,0.4,-0.2,1.1,10.200000000000001,-8.3,0.9,41.6,16
934,15718.0,0.1,0.30000000000000004,0.4,-0.4,1.2000000000000002,10.100000000000001,-1.0999999999999999,-2.3000000000000003,40.9,16
935,15735.0,-0.30000000000000004,0.5,0.2,-0.7000000000000001,1.5,9.9,2.8,-6.000000000000001,41.9,16
936,15751.0,-0.30000000000000004,0.7000000000000001,0.30000000000000004,-0.7000000000000001,1.6,10.0,4.5,-9.0,44.7,16
937,15768.0,-0.2,0.7000000000000001,0.30000000000000004,-0.4,1.6,10.100000000000001,4.300000000000001,-10.4,45.9,16
938,15785.0,0.1,0.6000000000000001,0.4,-0.1,1.6,10.100000000000001,3.7000000000000006,-8.5,44.9,16
939,15801.0,0.5,0.6000000000000001,0.30000000000000004,0.2,1.6,10.100000000000001,2.1,-4.300000000000001,42.7,16
940,15819.0,0.6000000000000001,0.6000000000000001,0.30000000000000004,0.30000000000000004,1.6,10.0,-1.5000000000000002,4.5,39.400000000000006,16
941,15835.0,0.30000000000000004,0.7000000000000001,0.30000000000000004,0.0,1.7000000000000002,10.100000000000001,-7.500000000000001,14.0,37.5,16
942,15852.0,0.2,0.9,0.7000000000000001,-0.1,1.8,10.5,-15.5,21.3,38.1,16
943,15874.0,0.4,0.9,1.3,0.0,1.8,11.0,-23.1,21.900000000000002,40.4,16
944,15885.0,0.6000000000000001,0.9,1.7000000000000002,0.30000000000000004,1.7000000000000002,11.5,-22.000000000000004,24.7,42.900000000000006,16
945,15901.0,0.9,0.8,2.0,0.4,1.6,11.8,-9.700000000000001,30.7,44.2,16
946,15918.0,0.9,0.8,2.0,0.4,1.6,11.9,8.0,32.5,44.2,16
947,15935.0,1.1,0.8,2.0,0.6000000000000001,1.7000000000000002,11.600000000000001,21.6,25.5,42.300000000000004,16
948,15952.0,1.5,0.6000000000000001,1.2000000000000002,0.9,1.6,11.0,32.0,18.5,39.300000000000004,16
949,15976.0,1.6,0.2,0.4,1.0,1.3,10.3,38.1,13.6,35.1,16
950,15998.0,1.6,0.1,-0.1,0.9,1.3,9.8,41.1,7.699999999999999,32.7,16
951,16001.0,1.6,0.1,-0.1,1.0,1.4000000000000001,9.600000000000001,40.3,1.4,31.7,16
952,16018.0,1.8,-0.1,-0.2,1.4000000000000001,1.3,9.5,34.2,-8.799999999999999,27.2,16
953,16035.0,2.2,-0.4,-0.4,1.7000000000000002,1.1,9.200000000000001,24.7,-15.7,18.5,16
954,16052.0,2.1,-0.5,-0.7000000000000001,1.6,1.1,9.0,15.000000000000002,-17.3,10.3,16
955,16071.0,1.6,-0.5,-1.1,1.2000000000000002,1.1,8.700000000000001,7.6,-13.0,7.400000000000001,16
956,16085.0,1.2000000000000002,-0.30000000000000004,-1.1,0.7000000000000001,1.4000000000000001,8.6,7.300000000000001,-3.9,10.8,16
957,16101.0,1.0,0.1,-0.9,0.7000000000000001,1.7000000000000002,8.8,11.4,3.0000000000000004,15.7,16
958,16118.0,1.5,0.0,-0.7000000000000001,1.1,1.7000000000000002,9.0,15.7,4.300000000000001,14.100000000000001,16
959,16137.0,1.7000000000000002,0.0,-0.6000000000000001,1.3,1.7000000000000002,9.0,22.000000000000004,2.1,6.000000000000001,16
960,16151.0,1.6,0.0,-0.8,1.1,1.8,8.8,27.400000000000002,0.8,-5.0,16
961,16168.0,0.7000000000000001,0.2,-1.0,0.4,2.1,8.700000000000001,25.400000000000002,-5.9,-15.000000000000002,16
962,16188.0,0.30000000000000004,0.30000000000000004,-0.8,-0.2,2.3000000000000003,9.0,13.9,-19.200000000000003,-21.3,16
963,16201.0,0.1,0.4,-0.5,-0.2,2.3000000000000003,9.0,13.9,-19.200000000000003,-21.3,16
964,16222.0,0.5,0.1,0.6000000000000001,0.30000000000000004,2.1,10.3,-11.6,-39.00000000000001,-28.3,16
965,16235.0,0.6000000000000001,0.0,0.8,0.6000000000000001,1.8,10.600000000000001,-13.100000000000001,-36.3,-29.300000000000004,16
966,16252.0,0.8,-0.30000000000000004,1.0,0.9,1.5,10.600000000000001,-6.5,-30.200000000000003,-29.000000000000004,16
967,16273.0,1.1,-0.6000000000000001,0.8,1.2000000000000002,1.3,10.4,5.4,-22.4,-29.600000000000005,16
968,16285.0,1.1,-0.7000000000000001,0.6000000000000001,1.1,1.2000000000000002,10.200000000000001,17.1,-14.800000000000002,-32.1,16
969,16303.0,0.7000000000000001,-0.7000000000000001,0.2,0.8,1.3,9.700000000000001,22.900000000000002,-13.100000000000001,-35.6,16
970,16319.0,0.30000000000000004,-0.5,-0.4,0.4,1.5,9.200000000000001,22.8,-15.000000000000002,-38.300000000000004,16
971,16335.0,0.2,-0.6000000000000001,-0.7000000000000001,0.4,1.5,8.700000000000001,19.9,-15.5,-40.4,16
972,16351.0,0.2,-0.7000000000000001,-1.4000000000000001,0.4,1.4000000000000001,8.1,16.3,-10.8,-43.1,16
973,16368.0,0.1,-0.8,-1.6,0.30000000000000004,1.3,7.9,7.500000000000001,-7.400000000000001,-45.800000000000004,16
974,16387.0,-0.1,-0.9,-1.5,0.1,1.3,8.0,-4.9,-7.300000000000001,-46.900000000000006,16
975,16403.0,-0.2,-0.9,-1.3,-0.1,1.2000000000000002,8.3,-13.700000000000001,-8.0,-45.9,16
976,16419.0,-0.4,-0.9,-1.0,-0.2,1.1,8.6,-17.0,-9.9,-44.5,16
977,16435.0,-0.4,-1.0,-0.8,-0.30000000000000004,1.0,8.8,-15.8,-12.100000000000001,-45.1,16
978,16452.0,-0.7000000000000001,-0.9,-0.7000000000000001,-0.8,1.1,8.9,-12.200000000000001,-11.3,-45.800000000000004,16
979,16468.0,-1.4000000000000001,-0.6000000000000001,-0.5,-1.2000000000000002,1.4000000000000001,9.1,-10.3,-12.9,-43.900000000000006,16
980,16491.0,-1.4000000000000001,-0.30000000000000004,-0.1,-1.2000000000000002,1.5,9.4,-12.700000000000001,-17.1,-40.8,16
981,16503.0,-1.2000000000000002,-0.30000000000000004,0.0,-1.0,1.5,9.600000000000001,-14.500000000000002,-17.599999999999998,-37.6,16
982,16518.0,-1.1,-0.30000000000000004,0.1,-0.8,1.5,9.700000000000001,-14.4,-14.800000000000002,-34.900000000000006,16
983,16535.0,-1.0,-0.30000000000000004,0.1,-0.8,1.5,9.700000000000001,-12.6,-10.700000000000001,-32.2,16
984,16552.0,-1.0,-0.30000000000000004,0.1,-0.8,1.5,9.600000000000001,-10.9,-6.7,-29.600000000000005,16
985,16569.0,-1.3,-0.1,-0.1,-1.2000000000000002,1.7000000000000002,9.4,-7.9,-1.0,-25.8,16
986,16589.0,-1.9000000000000001,0.1,-0.2,-1.7000000000000002,1.8,9.4,-5.6,0.7,-21.700000000000003,16
987,16603.0,-2.1,0.2,-0.1,-2.0,2.0,9.600000000000001,-6.5,-5.300000000000001,-18.2,16
988,16619.0,-2.2,0.4,0.30000000000000004,-2.0,2.1,9.9,-7.1000000000000005,-13.6,-15.299999999999999,16
989,16635.0,-2.0,0.5,0.4,-1.7000000000000002,2.2,10.200000000000001,-5.8,-19.3,-13.3,16
990,16651.0,-1.7000000000000002,0.5,0.7000000000000001,-1.4000000000000001,2.2,10.4,-3.2,-20.3,-11.5,16
991,16668.0,-1.5,0.5,1.0,-1.1,2.1,10.600000000000001,0.2,-19.6,-9.8,16
992,16689.0,-1.1,0.4,1.1,-0.7000000000000001,2.1,10.700000000000001,2.8,-17.0,-9.1,16
993,16701.0,-0.9,0.30000000000000004,1.2000000000000002,-0.6000000000000001,2.0,10.8,2.1999999999999997,-13.6,-9.5,16
994,16719.0,-0.9,0.30000000000000004,1.2000000000000002,-0.5,2.0,10.8,1.0,-10.1,-8.3,16
995,16735.0,-0.8,0.30000000000000004,1.2000000000000002,-0.5,2.0,10.8,1.0,-10.1,-8.3,16
996,16751.0,-0.7000000000000001,0.2,1.0,-0.4,1.9000000000000001,10.700000000000001,3.2,1.3,-2.5,16
997,16768.0,-0.6000000000000001,0.2,1.2000000000000002,-0.2,1.9000000000000001,10.9,2.9,0.9,-2.1,16
998,16790.0,-0.1,0.2,1.6,0.30000000000000004,1.9000000000000001,11.200000000000001,-2.6,-8.200000000000001,-4.1000000000000005,16
999,16806.0,0.2,0.1,1.0,0.6000000000000001,1.8,10.8,-5.6,-11.8,-7.400000000000001,16
1000,16818.0,0.0,0.1,0.7000000000000001,0.4,1.8,10.3,-2.1,-7.2,-7.500000000000001,16
1001,16835.0,-0.1,0.1,0.5,0.4,1.8,10.3,-2.1,-7.2,-7.500000000000001,16
1002,16853.0,-0.30000000000000004,0.1,0.30000000000000004,0.1,1.7000000000000002,10.0,-5.500000000000001,-11.2,-5.300000000000001,16
1003,16868.0,-0.2,-0.1,0.4,0.4,1.5,10.100000000000001,-5.4,-13.8,-5.8,16
1004,16886.0,0.0,-0.2,0.30000000000000004,0.5,1.4000000000000001,10.0,-5.4,-17.599999999999998,-7.2,16
1005,16902.0,0.1,-0.30000000000000004,0.2,0.9,1.3,9.8,-4.2,-17.200000000000003,-7.500000000000001,16
1006,16918.0,0.6000000000000001,-0.5,0.0,1.3,1.1,9.600000000000001,-0.5,-10.0,-8.799999999999999,16
1007,16936.0,0.8,-0.6000000000000001,-0.4,1.5,1.0,9.3,7.300000000000001,2.6,-10.9,16
1008,16954.0,0.6000000000000001,-0.7000000000000001,-0.8,1.2000000000000002,1.0,8.9,14.500000000000002,15.000000000000002,-13.5,16
1009,16969.0,0.4,-0.7000000000000001,-0.9,0.8,1.1,8.8,13.200000000000001,18.1,-15.9,16
1010,17010.0,0.30000000000000004,-0.5,-0.8,0.7000000000000001,1.2000000000000002,8.8,-7.1000000000000005,2.8,-14.4,16
1011,17020.0,0.5,-0.6000000000000001,-0.8,1.1,1.0,8.9,-15.5,0.2,-12.4,16
1012,17034.0,0.8,-0.7000000000000001,-0.7000000000000001,1.3,0.9,8.9,-18.900000000000002,4.9,-9.3,16
1013,17051.0,0.6000000000000001,-0.6000000000000001,-0.5,1.1,1.0,9.1,-20.0,9.5,-4.800000000000001,16
1014,17068.0,0.6000000000000001,-0.5,-0.4,0.9,1.0,9.5,-19.200000000000003,10.4,0.2,16
1015,17084.0,0.30000000000000004,-0.30000000000000004,0.2,0.6000000000000001,1.2000000000000002,9.9,-17.599999999999998,5.4,4.5,16
1016,17101.0,0.1,-0.1,0.30000000000000004,0.5,1.3,10.0,-14.0,-1.4,7.500000000000001,16
1017,17118.0,0.0,0.1,0.4,0.4,1.5,10.100000000000001,-7.300000000000001,-7.500000000000001,9.5,16
1018,17135.0,0.1,0.2,0.30000000000000004,0.6000000000000001,1.6,9.9,-0.6000000000000001,-11.000000000000002,9.5,16
1019,17151.0,0.1,0.30000000000000004,0.0,0.5,1.7000000000000002,9.700000000000001,5.8,-11.9,8.1,16
1020,17169.0,0.0,0.30000000000000004,-0.30000000000000004,0.4,1.8,9.3,9.700000000000001,-9.3,6.7,16
1021,17185.0,-0.30000000000000004,0.5,-0.6000000000000001,0.2,1.9000000000000001,9.0,9.8,-7.699999999999999,5.8,16
1022,17201.0,-0.30000000000000004,0.5,-0.6000000000000001,0.2,1.9000000000000001,9.0,9.8,-7.699999999999999,5.8,16
1023,17222.0,-0.6000000000000001,0.4,-0.9,0.0,1.9000000000000001,8.8,3.4,-4.9,1.9,16
1024,17234.0,-0.7000000000000001,0.5,-0.8,-0.1,2.0,8.9,-1.6,-5.8,0.9,16
1025,17251.0,-0.6000000000000001,0.5,-0.7000000000000001,0.0,1.9000000000000001,9.0,-7.0,-6.3,1.2000000000000002,16
1026,17268.0,-0.5,0.4,-0.6000000000000001,0.2,1.8,9.0,-10.3,-2.1,1.5000000000000002,16
1027,17286.0,-0.4,0.4,-0.5,0.1,1.8,9.200000000000001,-12.3,1.0999999999999999,1.9,16
1028,17302.0,-0.5,0.5,-0.4,0.1,1.9000000000000001,9.3,-14.4,3.1,4.0,16
1029,17318.0,-0.5,0.6000000000000001,-0.30000000000000004,0.1,1.9000000000000001,9.4,-17.200000000000003,2.7,6.4,16
1030,17335.0,-0.4,0.6000000000000001,-0.1,0.2,1.9000000000000001,9.600000000000001,-18.400000000000002,1.7,8.9,16
1031,17351.0,-0.2,0.7000000000000001,0.0,0.4,2.0,9.700000000000001,-16.5,3.7000000000000006,11.9,16
1032,17368.0,-0.1,0.7000000000000001,0.1,0.5,2.0,9.8,-13.0,4.9,14.3,16
1033,17386.0,0.0,0.8,0.2,0.6000000000000001,2.1,9.9,-7.699999999999999,5.9,16.6,16
1034,17403.0,0.1,0.8,0.2,0.6000000000000001,2.1,9.9,-1.6,6.1000000000000005,17.8,16
1035,17418.0,0.1,0.9,0.2,0.7000000000000001,2.3000000000000003,9.9,4.2,4.7,18.6,16
1036,17435.0,0.30000000000000004,1.0,0.1,0.9,2.4000000000000004,9.700000000000001,6.8,3.8,17.9,16
1037,17452.0,0.4,1.1,-0.1,1.0,2.5,9.600000000000001,7.9,2.7,16.2,16
1038,17468.0,0.7000000000000001,1.1,-0.4,1.3,2.6,9.3,8.5,4.2,13.200000000000001,16
1039,17488.0,0.7000000000000001,1.3,-0.6000000000000001,1.3,2.8000000000000003,9.1,6.3,7.699999999999999,9.5,16
1040,17502.0,0.6000000000000001,1.4000000000000001,-0.7000000000000001,1.1,3.0,9.0,1.8,9.5,7.500000000000001,16
1041,17518.0,0.5,1.4000000000000001,-0.5,1.0,3.0,9.200000000000001,-3.8,8.700000000000001,6.9,16
1042,17535.0,0.5,1.3,-0.5,1.1,2.9000000000000004,9.3,-9.8,5.9,6.1000000000000005,16
1043,17551.0,0.7000000000000001,1.3,-0.2,1.3,2.8000000000000003,9.5,-13.0,3.8,4.9,16
1044,17569.0,0.6000000000000001,1.0,0.0,1.2000000000000002,2.5,9.700000000000001,-11.8,7.400000000000001,4.2,16
1045,17585.0,0.4,0.9,0.2,1.0,2.4000000000000004,10.0,-8.3,4.9,5.4,16
1046,17602.0,0.7000000000000001,0.8,0.4,1.2000000000000002,2.3000000000000003,10.100000000000001,-5.2,1.3,6.000000000000001,16
1047,17618.0,0.8,0.7000000000000001,0.2,1.3,2.2,9.9,0.30000000000000004,1.6,5.0,16
1048,17635.0,0.7000000000000001,0.6000000000000001,0.0,1.2000000000000002,2.1,9.700000000000001,4.5,3.3000000000000003,0.9,16
1049,17652.0,0.7000000000000001,0.4,0.1,1.3,1.9000000000000001,9.8,1.0,2.0,-5.9,16
1050,17668.0,0.5,0.2,0.2,1.1,1.7000000000000002,9.9,-3.0000000000000004,1.5000000000000002,-11.8,16
1051,17686.0,0.30000000000000004,-0.1,0.2,0.9,1.5,10.0,-5.7,2.1999999999999997,-12.8,16
1052,17703.0,0.30000000000000004,-0.30000000000000004,0.2,0.7000000000000001,1.2000000000000002,10.0,-10.3,2.1999999999999997,-10.600000000000001,16
1053,17718.0,-0.1,-0.30000000000000004,0.6000000000000001,0.4,1.2000000000000002,10.4,-12.200000000000001,0.30000000000000004,-4.6000000000000005,16
1054,17735.0,-0.1,-0.2,0.9,0.5,1.2000000000000002,10.9,-6.8,-2.1999999999999997,1.5000000000000002,16
1055,17751.0,0.1,-0.5,1.5,0.7000000000000001,0.9,11.3,-0.4,-8.799999999999999,0.9,16
1056,17768.0,0.2,-0.6000000000000001,1.7000000000000002,0.8,0.9,11.5,6.8,-16.900000000000002,-4.6000000000000005,16
1057,17788.0,0.0,-0.5,1.6,0.7000000000000001,1.0,11.4,15.9,-19.700000000000003,-8.5,16
1058,17802.0,-0.1,-0.6000000000000001,1.5,0.5,0.9,11.200000000000001,19.700000000000003,-20.5,-9.600000000000001,16
1059,17818.0,-0.4,-0.8,1.2000000000000002,0.4,0.8,11.0,18.7,-20.1,-9.1,16
1060,17835.0,-0.5,-0.8,1.3,0.4,0.8,11.0,15.5,-17.3,-9.1,16
1061,17852.0,-0.5,-0.9,1.4000000000000001,0.4,0.6000000000000001,11.0,14.200000000000001,-12.700000000000001,-9.200000000000001,16
1062,17868.0,-0.4,-1.3,1.0,0.5,0.4,10.700000000000001,13.8,-3.7000000000000006,-10.3,16
1063,17885.0,-0.6000000000000001,-1.5,0.4,0.2,0.30000000000000004,10.200000000000001,15.399999999999999,7.1000000000000005,-9.8,16
1064,17901.0,-0.7000000000000001,-1.5,0.2,0.1,0.30000000000000004,9.700000000000001,19.8,18.900000000000002,-6.9,16
1065,17918.0,-0.7000000000000001,-1.6,-0.30000000000000004,0.0,0.2,9.4,23.8,24.9,-4.800000000000001,16
1066,17935.0,-0.7000000000000001,-1.6,-0.5,0.0,0.30000000000000004,9.0,26.700000000000003,26.9,-4.2,16
1067,17953.0,-0.6000000000000001,-1.7000000000000002,-0.8,0.0,0.30000000000000004,8.8,27.900000000000002,23.0,-5.1,16
1068,17968.0,-0.4,-1.7000000000000002,-1.1,0.1,0.4,8.5,25.6,17.599999999999998,-6.8,16
1069,17989.0,-0.30000000000000004,-1.6,-1.4000000000000001,0.2,0.5,8.3,19.200000000000003,12.200000000000001,-8.4,16
1070,18004.0,-0.2,-1.6,-1.5,0.30000000000000004,0.5,8.200000000000001,10.700000000000001,7.500000000000001,-8.5,16
1071,18018.0,-0.1,-1.5,-1.5,0.4,0.6000000000000001,8.1,3.0000000000000004,6.000000000000001,-7.1000000000000005,16
1072,18035.0,0.0,-1.5,-1.5,0.4,0.6000000000000001,8.1,3.0000000000000004,6.000000000000001,-7.1000000000000005,16
1073,18052.0,0.2,-1.5,-1.2000000000000002,0.6000000000000001,0.6000000000000001,8.6,-9.4,2.7,-6.5,16
1074,18068.0,0.30000000000000004,-1.5,-0.9,0.7000000000000001,0.6000000000000001,8.700000000000001,-10.1,2.9,-8.1,16
1075,18086.0,0.30000000000000004,-1.4000000000000001,-1.0,0.6000000000000001,0.6000000000000001,8.700000000000001,-9.700000000000001,3.5,-10.8,16
1076,18101.0,0.1,-1.2000000000000002,-1.0,0.30000000000000004,0.8,8.6,-10.9,3.0000000000000004,-12.6,16
1077,18119.0,-0.30000000000000004,-1.0,-1.1,-0.1,1.0,8.6,-14.500000000000002,2.1,-12.5,16
1078,18135.0,-0.5,-0.9,-1.0,-0.4,1.1,8.700000000000001,-19.6,-0.5,-11.2,16
1079,18151.0,-0.8,-0.6000000000000001,-0.8,-0.5,1.2000000000000002,9.0,-24.000000000000004,-3.8,-9.5,16
1080,18168.0,-0.7000000000000001,-0.5,-0.30000000000000004,-0.4,1.3,9.5,-25.2,-5.500000000000001,-8.200000000000001,16
1081,18186.0,-0.6000000000000001,-0.30000000000000004,0.2,-0.30000000000000004,1.3,9.9,-22.4,-5.7,-7.6,16
1082,18206.0,-0.5,-0.2,0.4,-0.2,1.4000000000000001,10.100000000000001,-15.8,-5.1,-7.500000000000001,16
1083,18218.0,-0.4,-0.1,0.5,0.0,1.4000000000000001,10.200000000000001,-8.3,-5.4,-7.6,16
1084,18235.0,-0.4,-0.1,0.4,0.0,1.5,10.0,-1.0,-5.9,-8.5,16
1085,18251.0,-0.4,0.0,0.0,0.0,1.6,9.700000000000001,4.3999999999999995,-5.6,-10.2,16
1086,18269.0,-0.5,0.1,-0.1,-0.2,1.7000000000000002,9.5,6.3,-5.7,-12.3,16
1087,18286.0,-0.8,0.2,-0.30000000000000004,-0.5,1.9000000000000001,9.4,4.800000000000001,-6.6000000000000005,-13.200000000000001,16
1088,18301.0,-1.1,0.4,-0.30000000000000004,-0.7000000000000001,2.0,9.4,-0.5,-10.0,-12.5,16
1089,18318.0,-1.2000000000000002,0.4,-0.1,-0.7000000000000001,2.1,9.700000000000001,-6.8,-13.9,-11.000000000000002,16
1090,18335.0,-1.0,0.5,0.30000000000000004,-0.5,2.0,10.0,-10.1,-15.100000000000001,-9.700000000000001,16
1091,18351.0,-0.8,0.4,0.4,-0.30000000000000004,1.9000000000000001,10.100000000000001,-8.700000000000001,-9.9,-9.600000000000001,16
1092,18368.0,-0.8,0.30000000000000004,0.4,-0.30000000000000004,1.8,10.100000000000001,-7.699999999999999,-3.5,-11.1,16
1093,18385.0,-1.0,0.30000000000000004,0.4,-0.6000000000000001,1.9000000000000001,10.100000000000001,-8.3,2.1999999999999997,-12.3,16
1094,18401.0,-1.2000000000000002,0.4,0.4,-0.6000000000000001,1.9000000000000001,10.100000000000001,-8.3,2.1999999999999997,-12.3,16
1095,18418.0,-1.5,0.6000000000000001,0.7000000000000001,-1.2000000000000002,2.1,10.5,-9.1,9.9,-4.800000000000001,16
1096,18435.0,-1.5,0.7000000000000001,1.0,-1.1,2.1,10.8,-5.0,12.5,-0.7,16
1097,18452.0,-1.2000000000000002,0.6000000000000001,1.1,-0.9,2.1,10.9,1.8,14.200000000000001,0.0,16
1098,18471.0,-1.2000000000000002,0.6000000000000001,1.0,-1.0,2.1,10.8,10.600000000000001,16.5,-1.2000000000000002,16
1099,18485.0,-1.3,0.6000000000000001,0.9,-1.2000000000000002,2.2,10.600000000000001,16.900000000000002,15.9,-1.4,16
1100,18501.0,-1.4000000000000001,0.6000000000000001,0.8,-1.3,2.2,10.5,18.7,13.0,-0.5,16
1101,18518.0,-1.4000000000000001,0.5,0.7000000000000001,-1.3,2.1,10.4,16.8,8.3,1.5000000000000002,16
1102,18536.0,-1.3,0.30000000000000004,0.7000000000000001,-1.2000000000000002,1.9000000000000001,10.4,15.299999999999999,5.9,4.1000000000000005,16
1103,18552.0,-1.2000000000000002,0.0,0.8,-1.1,1.7000000000000002,10.600000000000001,15.7,4.300000000000001,6.5,16
1104,18568.0,-1.1,-0.1,1.1,-0.8,1.6,11.0,16.3,-0.30000000000000004,8.1,16
1105,18585.0,-0.5,-0.30000000000000004,1.5,-0.30000000000000004,1.5,11.200000000000001,14.4,-5.7,8.3,16
1106,18601.0,-0.1,-0.5,1.1,0.0,1.4000000000000001,10.8,17.5,-2.5,10.1,16
1107,18618.0,-0.1,-0.5,0.8,0.1,1.3,10.4,22.5,4.5,12.8,16
1108,18635.0,0.2,-0.7000000000000001,0.5,0.30000000000000004,1.3,10.100000000000001,18.1,4.0,12.100000000000001,16
1109,18652.0,0.30000000000000004,-0.7000000000000001,0.1,0.30000000000000004,1.3,9.700000000000001,14.0,5.300000000000001,11.1,16
1110,18668.0,0.2,-0.6000000000000001,-0.4,0.2,1.4000000000000001,9.3,13.0,9.600000000000001,11.8,16
1111,18685.0,0.2,-0.6000000000000001,-0.6000000000000001,0.2,1.6,9.0,8.600000000000001,8.700000000000001,12.200000000000001,16
1112,18702.0,0.30000000000000004,-0.5,-0.9,0.30000000000000004,1.6,8.8,5.300000000000001,7.400000000000001,12.000000000000002,16
1113,18718.0,0.5,-0.6000000000000001,-0.8,0.5,1.5,8.8,4.800000000000001,7.2,9.600000000000001,16
1114,18735.0,0.5,-0.6000000000000001,-0.8,0.6000000000000001,1.5,8.9,6.3,6.3,5.6,16
1115,18751.0,0.5,-0.6000000000000001,-0.7000000000000001,0.5,1.6,8.9,8.4,5.7,2.1,16
1116,18779.0,0.8,-0.7000000000000001,-0.6000000000000001,0.9,1.4000000000000001,9.0,2.3000000000000003,-3.7000000000000006,-3.9,16
1117,18785.0,0.8,-0.7000000000000001,-0.6000000000000001,0.9,1.4000000000000001,9.0,2.3000000000000003,-3.7000000000000006,-3.9,16
1118,18804.0,1.0,-0.8,-0.6000000000000001,1.0,1.3,9.0,-2.8,-6.1000000000000005,-6.3,16
1119,18818.0,1.2000000000000002,-0.9,-0.6000000000000001,1.2000000000000002,1.2000000000000002,9.1,-7.2,-4.800000000000001,-7.9,16
1120,18835.0,1.2000000000000002,-0.9,-0.5,1.1,1.2000000000000002,9.200000000000001,-8.9,1.2000000000000002,-7.6,16
1121,18852.0,0.9,-0.8,-0.30000000000000004,1.0,1.2000000000000002,9.4,-7.6,6.7,-4.5,16
1122,18869.0,0.9,-0.8,-0.30000000000000004,0.9,1.3,9.3,-6.1000000000000005,10.700000000000001,-2.6,16
1123,18885.0,0.7000000000000001,-0.7000000000000001,-0.4,0.4,1.4000000000000001,9.1,-3.5,12.200000000000001,-1.8,16
1124,18902.0,0.2,-0.4,-0.7000000000000001,0.0,1.7000000000000002,8.9,-1.6,10.8,-0.6000000000000001,16
1125,18918.0,-0.2,-0.30000000000000004,-1.1,-0.30000000000000004,1.7000000000000002,8.5,-0.7,7.0,0.5,16
1126,18935.0,-0.30000000000000004,-0.2,-1.1,-0.5,1.8,8.4,-0.9,2.7,-0.1,16
1127,18951.0,-0.7000000000000001,-0.1,-1.2000000000000002,-0.9,1.9000000000000001,8.4,-1.0999999999999999,-2.5,-0.9,16
1128,18968.0,-0.9,0.1,-1.0,-1.0,2.1,8.6,-4.6000000000000005,-8.700000000000001,-0.4,16
1129,18986.0,-1.0,0.2,-0.8,-1.0,2.1,8.8,-11.2,-18.2,0.0,16
1130,19001.0,-0.9,0.1,-0.6000000000000001,-0.9,2.0,9.0,-15.6,-23.900000000000002,0.30000000000000004,16
1131,19018.0,-0.8,0.0,-0.30000000000000004,-0.7000000000000001,1.9000000000000001,9.3,-17.9,-26.8,0.9,16
1132,19035.0,-0.5,0.0,0.30000000000000004,-0.4,1.8,9.8,-18.5,-27.5,2.0,16
1133,19051.0,-0.30000000000000004,0.0,0.6000000000000001,-0.1,1.8,10.200000000000001,-14.900000000000002,-22.900000000000002,2.8,16
1134,19068.0,-0.2,0.1,0.9,0.1,1.8,10.5,-8.799999999999999,-17.0,4.300000000000001,16
1135,19085.0,0.1,0.2,1.1,0.4,1.9000000000000001,10.600000000000001,-3.9,-13.700000000000001,5.7,16
1136,19101.0,0.30000000000000004,0.2,1.2000000000000002,0.7000000000000001,1.9000000000000001,10.8,0.4,-9.9,5.9,16
1137,19126.0,0.4,0.2,1.2000000000000002,0.7000000000000001,1.9000000000000001,10.8,0.4,-9.9,5.9,16
1138,19135.0,0.4,0.2,1.2000000000000002,0.7000000000000001,1.9000000000000001,10.8,0.4,-9.9,5.9,16
1139,19151.0,0.5,0.5,0.30000000000000004,0.7000000000000001,2.4000000000000004,9.700000000000001,11.1,18.0,0.30000000000000004,16
1140,19170.0,0.2,0.7000000000000001,-0.1,0.4,2.6,9.4,7.300000000000001,22.000000000000004,-0.2,16
1141,19185.0,0.2,0.7000000000000001,-0.1,0.30000000000000004,2.6,9.200000000000001,2.5,24.1,-0.5,16
1142,19201.0,0.2,0.8,-0.30000000000000004,0.30000000000000004,2.6,8.9,0.6000000000000001,27.3,-1.7,16
1143,19219.0,0.1,0.8,-0.8,0.1,2.7,8.700000000000001,1.4,30.9,-3.2,16
1144,19234.0,0.0,0.8,-1.0,-0.2,2.7,8.6,3.5,32.5,-4.800000000000001,16
1145,19251.0,-0.2,0.9,-0.9,-0.4,2.8000000000000003,8.700000000000001,5.7,29.000000000000004,-6.6000000000000005,16
1146,19269.0,-0.30000000000000004,1.0,-0.8,-0.5,2.9000000000000004,8.8,7.0,22.5,-8.9,16
1147,19285.0,-0.1,1.0,-0.7000000000000001,-0.4,2.9000000000000004,8.9,6.3,15.6,-12.200000000000001,16
1148,19301.0,0.0,0.9,-0.7000000000000001,-0.30000000000000004,2.9000000000000004,8.8,4.300000000000001,10.0,-16.6,16
1149,19318.0,-0.1,1.0,-0.7000000000000001,-0.6000000000000001,3.0,8.8,4.1000000000000005,8.0,-18.5,16
1150,19335.0,-0.30000000000000004,1.1,-0.7000000000000001,-0.6000000000000001,3.0,8.8,4.1000000000000005,8.0,-18.5,16
1151,19351.0,-0.5,1.2000000000000002,-0.5,-1.0,3.2,9.200000000000001,0.8,2.1,-14.900000000000002,16
1152,19369.0,-0.6000000000000001,1.1,0.1,-1.0,3.1,9.8,-1.2000000000000002,-5.4,-13.100000000000001,16
1153,19385.0,0.0,1.0,0.9,-0.4,3.0,10.5,-5.2,-14.700000000000001,-14.3,16
1154,19404.0,0.4,0.7000000000000001,1.4000000000000001,0.0,2.7,10.9,-9.4,-20.2,-17.7,16
1155,19418.0,0.4,0.5,1.6,0.0,2.5,11.200000000000001,-10.0,-19.6,-20.3,16
1156,19435.0,0.1,0.4,1.7000000000000002,-0.1,2.4000000000000004,11.3,-8.600000000000001,-14.700000000000001,-19.0,16
1157,19451.0,0.1,0.4,1.9000000000000001,0.0,2.3000000000000003,11.5,-8.0,-12.6,-16.2,16
1158,19469.0,0.2,0.30000000000000004,2.0,-0.1,2.2,11.700000000000001,-6.4,-11.5,-14.500000000000002,16
1159,19495.0,0.30000000000000004,0.1,1.9000000000000001,0.0,1.8,11.5,-0.7,-9.700000000000001,-16.1,16
1160,19502.0,0.2,-0.1,1.8,0.0,1.8,11.5,-0.7,-9.700000000000001,-16.1,16
1161,19525.0,0.1,-0.30000000000000004,1.2000000000000002,-0.1,1.6,11.0,3.3000000000000003,-6.7,-17.200000000000003,16
1162,19534.0,0.0,-0.4,1.0,-0.1,1.5,10.600000000000001,7.300000000000001,-2.6,-15.9,16
1163,19551.0,0.0,-0.7000000000000001,0.5,-0.2,1.2000000000000002,10.200000000000001,11.1,2.4000000000000004,-13.3,16
1164,19574.0,-0.1,-0.7000000000000001,0.0,-0.30000000000000004,1.2000000000000002,9.700000000000001,17.0,9.700000000000001,-8.4,16
1165,19585.0,-0.2,-0.7000000000000001,-0.2,-0.4,1.2000000000000002,9.3,23.0,13.9,-3.3000000000000003,16
1166,19601.0,0.0,-0.9,-0.7000000000000001,-0.30000000000000004,1.2000000000000002,8.9,26.500000000000004,13.9,-1.2000000000000002,16
1167,19618.0,0.0,-0.9,-0.9,-0.30000000000000004,1.2000000000000002,8.6,26.3,10.9,-2.5,16
1168,19635.0,0.0,-0.9,-1.1,-0.30000000000000004,1.3,8.4,23.5,7.400000000000001,-3.9,16
1169,19651.0,0.1,-0.9,-1.3,-0.30000000000000004,1.4000000000000001,8.200000000000001,18.5,6.1000000000000005,-3.9,16
1170,19668.0,-0.1,-0.9,-1.5,-0.5,1.4000000000000001,8.0,12.9,7.1000000000000005,-1.9,16
1171,19690.0,-0.2,-1.0,-1.4000000000000001,-0.6000000000000001,1.3,8.200000000000001,5.1,5.2,-0.7,16
1172,19701.0,-0.2,-1.0,-1.4000000000000001,-0.5,1.2000000000000002,8.5,5.1,5.2,-0.7,16
1173,19718.0,-0.1,-1.1,-0.7000000000000001,-0.4,1.2000000000000002,9.0,-7.6,-5.300000000000001,-3.1,16
1174,19735.0,0.2,-1.0,-0.1,-0.1,1.2000000000000002,9.5,-8.4,-8.200000000000001,-4.7,16
1175,19753.0,0.6000000000000001,-1.1,0.1,0.30000000000000004,1.1,9.600000000000001,-8.3,-9.4,-6.9,16
1176,19768.0,0.7000000000000001,-1.0,0.1,0.4,1.2000000000000002,9.600000000000001,-8.4,-7.6,-9.1,16
1177,19786.0,0.7000000000000001,-0.9,0.0,0.30000000000000004,1.2000000000000002,9.4,-10.0,-4.3999999999999995,-10.600000000000001,16
1178,19801.0,0.4,-0.9,-0.30000000000000004,0.1,1.2000000000000002,9.200000000000001,-12.8,0.1,-11.2,16
1179,19818.0,0.2,-0.8,-0.30000000000000004,-0.30000000000000004,1.3,9.1,-16.3,2.9,-10.3,16
1180,19835.0,-0.1,-0.7000000000000001,-0.5,-0.5,1.3,9.0,-18.400000000000002,5.1,-8.200000000000001,16
1181,19851.0,-0.5,-0.7000000000000001,-0.6000000000000001,-0.9,1.3,8.9,-17.1,7.400000000000001,-6.1000000000000005,16
1182,19868.0,-0.7000000000000001,-0.7000000000000001,-0.6000000000000001,-1.2000000000000002,1.2000000000000002,8.9,-13.9,6.4,-4.3999999999999995,16
1183,19889.0,-1.2000000000000002,-0.6000000000000001,-0.7000000000000001,-1.5,1.3,8.9,-11.5,1.9,-3.6,16
1184,19901.0,-1.3,-0.5,-0.7000000000000001,-1.7000000000000002,1.3,8.9,-10.700000000000001,-5.6,-2.8,16
1185,19919.0,-1.3,-0.5,-0.8,-1.7000000000000002,1.3,8.8,-12.8,-13.3,-1.9,16
1186,19935.0,-1.1,-0.4,-0.6000000000000001,-1.5,1.3,9.0,-16.2,-16.1,-1.2000000000000002,16
1187,19952.0,-1.2000000000000002,-0.4,-0.5,-1.5,1.3,9.200000000000001,-16.1,-17.8,2.1,16
1188,19969.0,-0.8,-0.30000000000000004,0.0,-1.1,1.3,9.5,-14.200000000000001,-14.100000000000001,4.9,16
1189,20000.0,-0.5,-0.30000000000000004,0.30000000000000004,-0.5,1.3,10.0,-10.600000000000001,-10.0,2.7,16
1190,20004.0,-0.30000000000000004,-0.30000000000000004,0.4,-0.5,1.3,10.0,-10.600000000000001,-10.0,2.7,16
1191,20019.0,-0.2,-0.2,0.5,-0.4,1.3,10.100000000000001,-7.300000000000001,-7.500000000000001,0.30000000000000004,16
1192,20034.0,-0.2,-0.1,0.4,-0.4,1.4000000000000001,10.0,-2.5,-3.0000000000000004,-1.4,16
1193,20051.0,-0.2,-0.1,0.30000000000000004,-0.4,1.5,9.9,1.6,1.2000000000000002,-2.8,16
1194,20068.0,-0.4,0.1,0.1,-0.6000000000000001,1.7000000000000002,9.700000000000001,4.300000000000001,4.3999999999999995,-3.3000000000000003,16
1195,20089.0,-0.6000000000000001,0.30000000000000004,0.0,-0.8,1.9000000000000001,9.600000000000001,4.6000000000000005,5.7,-2.7,16
1196,20103.0,-0.7000000000000001,0.4,-0.1,-1.0,2.0,9.5,3.5,5.1,-2.0,16
1197,20121.0,-0.9,0.6000000000000001,-0.2,-1.2000000000000002,2.2,9.4,1.4,2.7,-1.3,16
1198,20135.0,-0.9,0.7000000000000001,-0.1,-1.2000000000000002,2.3000000000000003,9.5,-3.3000000000000003,-2.7,-1.3,16
1199,20151.0,-0.9,0.7000000000000001,0.0,-1.2000000000000002,2.3000000000000003,9.600000000000001,-7.300000000000001,-6.5,-1.2000000000000002,16
1200,20169.0,-0.9,0.8,0.1,-1.2000000000000002,2.4000000000000004,9.700000000000001,-7.699999999999999,-5.300000000000001,-0.5,16
1201,20184.0,-1.0,0.9,0.2,-1.3,2.5,9.8,-5.500000000000001,-1.5000000000000002,1.0999999999999999,16
1202,20201.0,-1.1,1.0,0.4,-1.4000000000000001,2.5,10.0,-4.5,-0.8,2.3000000000000003,16
1203,20218.0,-1.2000000000000002,1.0,0.6000000000000001,-1.4000000000000001,2.5,10.0,-4.5,-0.8,2.3000000000000003,16
1204,20235.0,-1.1,1.0,0.7000000000000001,-1.4000000000000001,2.5,10.4,1.5000000000000002,-0.7,3.4,16
1205,20252.0,-1.1,0.9,0.9,-1.3,2.4000000000000004,10.600000000000001,6.2,1.3,3.4,16
1206,20268.0,-0.9,0.6000000000000001,1.4000000000000001,-1.2000000000000002,2.2,11.0,12.8,6.2,2.0,16
1207,20285.0,-0.9,0.4,1.6,-1.2000000000000002,2.0,11.4,21.6,10.1,-0.8,16
1208,20301.0,-0.7000000000000001,0.1,2.0,-1.0,1.7000000000000002,11.700000000000001,27.2,9.0,-4.1000000000000005,16
1209,20319.0,-0.7000000000000001,-0.2,2.0,-1.1,1.6,11.700000000000001,29.500000000000004,11.8,-6.1000000000000005,16
1210,20335.0,-0.9,-0.4,2.1,-1.5,1.4000000000000001,11.700000000000001,33.800000000000004,14.4,-0.6000000000000001,16
1211,20351.0,-1.2000000000000002,-0.6000000000000001,2.3000000000000003,-1.6,1.3,11.9,43.6,14.0,10.600000000000001,16
1212,20368.0,-0.9,-0.8,2.1,-1.4000000000000001,1.4000000000000001,11.600000000000001,53.9,9.9,23.0,16
1213,20388.0,-0.30000000000000004,-0.8,1.5,-0.9,1.5,11.100000000000001,57.800000000000004,10.3,32.9,16
1214,20402.0,0.1,-0.9,1.0,-0.30000000000000004,1.6,10.200000000000001,51.900000000000006,6.1000000000000005,36.800000000000004,16
1215,20421.0,0.4,-0.8,0.0,0.0,1.8,9.5,42.6,4.800000000000001,37.900000000000006,16
1216,20435.0,0.8,-0.7000000000000001,-0.4,0.30000000000000004,2.0,9.1,32.1,8.799999999999999,38.0,16
1217,20451.0,0.9,-0.7000000000000001,-0.6000000000000001,0.5,2.0,8.8,19.9,10.5,35.5,16
1218,20468.0,1.0,-0.8,-0.6000000000000001,0.6000000000000001,2.0,8.9,5.500000000000001,8.1,31.900000000000002,16
1219,20488.0,1.3,-1.0,-0.4,0.8,1.7000000000000002,9.1,-10.4,2.3000000000000003,27.7,16
1220,20504.0,1.5,-1.1,-0.30000000000000004,1.1,1.5,9.200000000000001,-20.5,1.5000000000000002,22.900000000000002,16
1221,20518.0,1.4000000000000001,-1.2000000000000002,-0.4,0.9,1.4000000000000001,9.1,-19.8,4.7,19.200000000000003,16
1222,20535.0,1.3,-1.2000000000000002,-0.5,0.9,1.4000000000000001,9.1,-19.8,4.7,19.200000000000003,16
1223,20551.0,1.2000000000000002,-1.2000000000000002,-0.6000000000000001,0.7000000000000001,1.4000000000000001,9.0,-13.0,11.9,13.9,16
1224,20568.0,0.9,-1.1,-0.5,0.5,1.4000000000000001,9.0,-6.000000000000001,12.700000000000001,12.4,16
1225,20590.0,1.0,-1.0,-0.5,0.5,1.5,9.0,2.4000000000000004,13.4,10.700000000000001,16
1226,20606.0,0.7000000000000001,-0.9,-0.7000000000000001,0.30000000000000004,1.6,8.8,10.9,13.6,8.5,16
1227,20618.0,0.6000000000000001,-0.8,-0.8,0.0,1.8,8.5,14.100000000000001,13.100000000000001,6.1000000000000005,16
1228,20635.0,0.5,-0.7000000000000001,-1.1,0.0,1.8,8.5,14.100000000000001,13.100000000000001,6.1000000000000005,16
1229,20651.0,0.0,-0.4,-1.3,-0.8,2.3000000000000003,8.0,0.5,6.000000000000001,4.3999999999999995,16
1230,20668.0,-0.4,-0.1,-1.6,-1.1,2.6,7.9,-11.4,1.0999999999999999,8.3,16
1231,20687.0,-0.6000000000000001,0.2,-1.4000000000000001,-1.1,2.7,8.0,-22.5,-1.7,14.3,16
1232,20704.0,-0.5,0.2,-1.1,-1.1,2.6,8.3,-30.4,-3.2,20.3,16
1233,20720.0,-0.4,0.1,-1.0,-0.9,2.5,8.5,-32.9,-2.1999999999999997,23.8,16
1234,20735.0,-0.30000000000000004,0.0,-0.8,-0.8,2.3000000000000003,8.700000000000001,-31.099999999999998,1.0,24.1,16
1235,20751.0,-0.4,0.1,-0.6000000000000001,-1.1,2.3000000000000003,9.0,-26.8,3.2,23.2,16
1236,20769.0,-0.7000000000000001,0.2,-0.4,-1.3,2.4000000000000004,9.1,-23.1,2.1,23.3,16
1237,20786.0,-0.9,0.4,-0.4,-1.4000000000000001,2.5,9.1,-21.200000000000003,1.0999999999999999,24.9,16
1238,20801.0,-0.8,0.5,-0.30000000000000004,-1.3,2.6,9.200000000000001,-20.3,0.1,26.500000000000004,16
1239,20818.0,-1.0,0.6000000000000001,-0.30000000000000004,-1.5,2.6,9.200000000000001,-17.9,2.5,29.400000000000002,16
1240,20835.0,-1.0,0.7000000000000001,-0.2,-1.5,2.7,9.4,-16.6,4.7,32.1,16
1241,20851.0,-1.3,0.8,0.1,-1.7000000000000002,2.7,9.600000000000001,-18.1,2.4000000000000004,34.900000000000006,16
1242,20868.0,-1.2000000000000002,0.9,0.2,-1.5,2.8000000000000003,9.8,-18.400000000000002,-0.4,38.400000000000006,16
1243,20885.0,-0.8,0.9,0.4,-1.1,2.7,9.9,-15.5,1.7,40.6,16
1244,20904.0,-0.4,0.9,0.4,-0.8,2.7,10.0,-10.8,7.1000000000000005,41.300000000000004,16
1245,20918.0,-0.1,0.9,0.4,-0.5,2.8000000000000003,10.0,-5.4,17.5,41.6,16
1246,20935.0,-0.1,1.1,0.7000000000000001,-0.7000000000000001,2.9000000000000004,10.3,-2.3000000000000003,23.0,42.900000000000006,16
1247,20951.0,-0.1,1.1,0.7000000000000001,-0.7000000000000001,2.9000000000000004,10.3,-2.3000000000000003,23.0,42.900000000000006,16
1248,20968.0,0.30000000000000004,0.9,1.0,-0.2,2.7,10.700000000000001,-1.2000000000000002,16.8,45.800000000000004,16
1249,20996.0,1.0,0.5,1.2000000000000002,0.30000000000000004,2.4000000000000004,10.8,3.1,14.100000000000001,43.50000000000001,16
1250,21012.0,1.2000000000000002,0.5,1.1,0.7000000000000001,2.4000000000000004,10.600000000000001,14.4,12.200000000000001,33.1,16
1251,21018.0,1.2000000000000002,0.5,1.1,0.7000000000000001,2.4000000000000004,10.600000000000001,14.4,12.200000000000001,33.1,16
1252,21035.0,1.4000000000000001,0.4,0.8,0.8,2.4000000000000004,10.3,16.900000000000002,12.700000000000001,29.000000000000004,16
1253,21051.0,1.3,0.4,0.4,0.7000000000000001,2.4000000000000004,10.0,17.8,15.8,27.0,16
1254,21068.0,1.2000000000000002,0.4,0.30000000000000004,0.4,2.5,9.8,18.7,20.3,28.0,16
1255,21085.0,1.0,0.4,0.4,0.30000000000000004,2.5,9.9,15.7,19.8,28.1,16
1256,21101.0,0.9,0.30000000000000004,0.4,0.2,2.5,10.0,10.700000000000001,14.0,26.1,16
1257,21118.0,0.9,0.30000000000000004,0.5,0.1,2.5,10.100000000000001,7.6,8.0,23.8,16
1258,21135.0,1.0,0.1,0.5,0.4,2.3000000000000003,10.0,4.2,0.9,19.6,16
1259,21151.0,1.1,-0.1,0.30000000000000004,0.5,2.2,9.8,2.4000000000000004,-2.6,14.700000000000001,16
1260,21173.0,1.1,-0.1,0.1,0.4,2.1,9.600000000000001,2.0,-1.5000000000000002,11.1,16
1261,21186.0,1.0,-0.2,0.0,0.4,2.1,9.600000000000001,2.0,-1.5000000000000002,11.1,16
1262,21201.0,0.9,-0.30000000000000004,0.0,0.30000000000000004,2.0,9.600000000000001,-5.2,-3.7000000000000006,9.0,16
1263,21218.0,1.0,-0.6000000000000001,0.0,0.4,1.6,9.5,-8.4,-4.6000000000000005,8.600000000000001,16
1264,21235.0,1.0,-0.7000000000000001,-0.1,0.4,1.5,9.3,-6.9,-3.3000000000000003,9.5,16
1265,21251.0,0.9,-0.7000000000000001,-0.5,0.30000000000000004,1.4000000000000001,9.0,-3.5,0.9,10.4,16
1266,21268.0,0.5,-0.8,-0.7000000000000001,0.0,1.4000000000000001,8.8,-0.2,4.9,10.2,16
1267,21285.0,0.30000000000000004,-0.8,-0.7000000000000001,-0.4,1.4000000000000001,8.8,-2.3000000000000003,-0.6000000000000001,9.8,16
1268,21301.0,0.1,-0.8,-0.8,-0.4,1.4000000000000001,8.8,-6.7,-8.0,9.5,16
1269,21318.0,0.2,-0.9,-0.7000000000000001,-0.30000000000000004,1.2000000000000002,8.8,-9.8,-8.799999999999999,8.600000000000001,16
1270,21335.0,0.1,-1.0,-0.7000000000000001,-0.5,1.1,8.9,-9.0,-4.3999999999999995,8.600000000000001,16
1271,21351.0,-0.30000000000000004,-1.1,-0.5,-0.7000000000000001,1.0,9.1,-5.6,-1.3,10.5,16
1272,21368.0,-0.1,-1.2000000000000002,-0.1,-0.5,0.8,9.5,-4.3999999999999995,-1.7,10.600000000000001,16
1273,21385.0,0.0,-1.3,0.2,-0.30000000000000004,0.8,9.9,-4.7,-8.3,6.8,16
1274,21402.0,0.30000000000000004,-1.2000000000000002,0.6000000000000001,0.0,0.8,10.200000000000001,-6.5,-15.299999999999999,1.9,16
1275,21418.0,0.6000000000000001,-1.1,0.6000000000000001,0.30000000000000004,0.9,10.200000000000001,-11.4,-19.0,-2.8,16
1276,21435.0,0.8,-1.0,0.5,0.6000000000000001,0.9,10.200000000000001,-17.1,-16.5,-6.6000000000000005,16
1277,21453.0,0.8,-0.9,0.6000000000000001,0.5,1.0,10.200000000000001,-20.2,-10.5,-8.9,16
1278,21470.0,0.7000000000000001,-0.8,0.5,0.4,1.0,10.100000000000001,-21.400000000000002,-5.1,-9.9,16
1279,21485.0,0.6000000000000001,-0.8,0.4,0.4,1.0,10.0,-22.900000000000002,-1.7,-10.700000000000001,16
1280,21502.0,0.5,-0.6000000000000001,0.2,0.30000000000000004,1.0,9.9,-24.000000000000004,-1.7,-12.4,16
1281,21518.0,0.4,-0.6000000000000001,0.1,0.2,1.0,9.8,-22.4,-3.8,-14.200000000000001,16
1282,21535.0,0.4,-0.5,0.0,0.2,1.1,9.600000000000001,-18.400000000000002,-7.0,-16.5,16
1283,21551.0,0.4,-0.4,-0.2,0.2,1.1,9.4,-13.6,-10.4,-19.6,16
1284,21568.0,0.30000000000000004,-0.30000000000000004,-0.5,0.1,1.2000000000000002,9.1,-8.700000000000001,-12.9,-23.1,16
1285,21588.0,0.0,-0.30000000000000004,-1.0,-0.1,1.1,8.700000000000001,-6.000000000000001,-16.400000000000002,-26.700000000000003,16
1286,21605.0,0.0,-0.30000000000000004,-1.2000000000000002,-0.2,1.0,8.4,-8.5,-14.800000000000002,-30.299999999999997,16
1287,21618.0,-0.30000000000000004,-0.5,-1.2000000000000002,-0.30000000000000004,0.9,8.5,-15.100000000000001,-13.8,-32.300000000000004,16
1288,21635.0,-0.4,-0.6000000000000001,-1.2000000000000002,-0.5,0.6000000000000001,8.5,-20.5,-10.600000000000001,-31.7,16
1289,21651.0,-0.6000000000000001,-0.9,-1.2000000000000002,-0.9,0.30000000000000004,8.4,-21.6,-1.0,-28.6,16
1290,21668.0,-1.4000000000000001,-0.9,-1.3,-1.6,0.30000000000000004,8.4,-19.1,7.0,-22.900000000000002,16
1291,21687.0,-2.0,-0.6000000000000001,-1.0,-2.1,0.5,8.700000000000001,-19.1,8.700000000000001,-14.200000000000001,16
1292,21703.0,-1.9000000000000001,-0.5,-0.6000000000000001,-2.0,0.6000000000000001,9.200000000000001,-25.900000000000002,0.30000000000000004,-8.200000000000001,16
1293,21718.0,-1.8,-0.30000000000000004,-0.1,-2.0,0.7000000000000001,9.700000000000001,-31.5,-7.9,-3.7000000000000006,16
1294,21735.0,-1.9000000000000001,-0.1,0.30000000000000004,-1.9000000000000001,0.9,10.3,-28.8,-12.8,2.9,16
1295,21753.0,-1.5,0.2,0.8,-1.5,1.1,10.5,-22.2,-14.500000000000002,7.9,16
1296,21768.0,-1.0,0.4,0.8,-1.1,1.2000000000000002,10.5,-15.299999999999999,-14.800000000000002,9.9,16
1297,21785.0,-1.1,0.7000000000000001,0.7000000000000001,-1.1,1.4000000000000001,10.4,-8.799999999999999,-11.1,10.5,16
1298,21801.0,-1.2000000000000002,0.8,0.7000000000000001,-1.2000000000000002,1.7000000000000002,10.5,-4.0,-8.9,13.0,16
1299,21818.0,-1.2000000000000002,1.1,0.9,-1.2000000000000002,1.9000000000000001,10.700000000000001,-3.1,-5.1,16.1,16
1300,21835.0,-1.2000000000000002,1.3,1.1,-1.2000000000000002,1.9000000000000001,10.700000000000001,-3.1,-5.1,16.1,16
1301,21852.0,-1.0,1.4000000000000001,1.3,-0.8,2.1,11.100000000000001,-0.7,2.4000000000000004,23.900000000000002,16
1302,21869.0,-0.6000000000000001,1.4000000000000001,1.5,-0.5,2.1,11.3,6.000000000000001,9.200000000000001,25.5,16
1303,21884.0,-0.2,1.2000000000000002,1.5,-0.2,2.0,11.3,16.400000000000002,15.9,24.1,16
1304,21912.0,-0.2,1.2000000000000002,1.3,-0.30000000000000004,2.0,11.100000000000001,25.400000000000002,20.5,18.900000000000002,16
1305,21918.0,-0.4,1.2000000000000002,1.2000000000000002,-0.6000000000000001,2.1,10.9,32.5,21.0,13.9,16
1306,21934.0,-0.4,1.2000000000000002,0.9,-0.6000000000000001,2.2,10.600000000000001,36.0,18.8,9.8,16
1307,21951.0,-0.5,1.1,0.6000000000000001,-0.8,2.2,10.3,34.50000000000001,16.2,7.1000000000000005,16
1308,21968.0,-0.6000000000000001,0.9,0.30000000000000004,-1.0,2.1,10.100000000000001,33.1,16.900000000000002,6.8,16
1309,21984.0,-0.9,0.5,0.7000000000000001,-1.2000000000000002,1.8,10.5,30.4,14.100000000000001,7.9,16
1310,22003.0,0.0,0.1,1.6,-0.5,1.5,11.3,20.6,-2.0,8.799999999999999,16
1311,22017.0,0.4,-0.1,1.5,0.2,1.4000000000000001,11.200000000000001,14.100000000000001,-13.100000000000001,7.9,16
1312,22034.0,0.8,-0.1,1.2000000000000002,0.5,1.4000000000000001,10.9,20.2,-10.1,10.0,16
1313,22051.0,1.0,-0.30000000000000004,0.9,0.8,1.2000000000000002,10.4,23.900000000000002,-4.0,7.8,16
1314,22068.0,0.9,-0.4,0.2,0.5,1.2000000000000002,9.8,24.5,-4.3999999999999995,3.5,16
1315,22088.0,0.5,-0.5,-0.2,0.30000000000000004,1.3,9.5,19.8,-4.7,0.5,16
1316,22101.0,0.4,-0.5,-0.30000000000000004,0.1,1.2000000000000002,9.3,10.3,-11.6,0.2,16
1317,22118.0,0.5,-0.8,-0.4,0.4,0.9,9.3,2.1,-14.500000000000002,0.9,16
1318,22135.0,0.5,-1.2000000000000002,-0.30000000000000004,0.4,0.5,9.4,0.7,-12.8,0.4,16
1319,22151.0,0.30000000000000004,-1.4000000000000001,-0.2,0.2,0.30000000000000004,9.5,4.6000000000000005,-7.6,0.0,16
1320,22168.0,0.2,-1.4000000000000001,0.0,0.0,0.4,9.8,7.9,-6.4,-0.7,16
1321,22186.0,0.0,-1.4000000000000001,0.2,0.0,0.4,9.8,10.3,-8.0,-1.6,16
1322,22203.0,0.1,-1.4000000000000001,-0.1,0.1,0.4,9.600000000000001,11.4,-8.5,-3.6,16
1323,22222.0,0.2,-1.4000000000000001,-0.30000000000000004,0.2,0.5,9.3,8.1,-7.300000000000001,-6.9,16
1324,22234.0,0.2,-1.2000000000000002,-0.5,0.2,0.6000000000000001,9.1,5.300000000000001,-3.1,-7.400000000000001,16
1325,22251.0,0.1,-1.0,-0.6000000000000001,0.1,0.8,9.1,4.7,4.0,-4.7,16
1326,22268.0,0.1,-1.0,-0.4,0.1,0.9,9.3,2.7,7.9,-0.6000000000000001,16
1327,22284.0,0.30000000000000004,-1.0,-0.2,0.30000000000000004,0.8,9.5,-2.9,3.8,0.6000000000000001,16
1328,22301.0,0.4,-1.0,-0.4,0.4,0.8,9.200000000000001,-6.4,0.8,-0.2,16
1329,22318.0,0.2,-0.9,-0.6000000000000001,0.1,0.9,9.0,-5.0,2.1999999999999997,0.7,16
1330,22335.0,0.0,-0.8,-0.8,-0.1,1.1,8.8,-2.7,2.1999999999999997,3.7000000000000006,16
1331,22351.0,-0.30000000000000004,-0.5,-0.9,-0.30000000000000004,1.2000000000000002,8.700000000000001,2.1,3.6,7.8,16
1332,22377.0,-0.30000000000000004,-0.30000000000000004,-1.0,-0.4,1.4000000000000001,8.6,6.1000000000000005,4.2,11.9,16
1333,22384.0,-0.30000000000000004,-0.1,-1.1,-0.30000000000000004,1.7000000000000002,8.5,5.500000000000001,-0.30000000000000004,13.700000000000001,16
1334,22401.0,0.1,0.1,-1.0,0.0,1.8,8.5,1.0999999999999999,-5.300000000000001,12.6,16
1335,22418.0,0.30000000000000004,0.1,-0.9,0.4,2.0,8.6,-6.4,-10.600000000000001,8.200000000000001,16
1336,22435.0,0.4,0.2,-0.9,0.4,2.0,8.6,-14.100000000000001,-13.6,5.0,16
1337,22451.0,0.4,0.6000000000000001,-0.7000000000000001,0.5,2.3000000000000003,8.8,-19.0,-10.4,5.9,16
1338,22477.0,0.30000000000000004,0.8,-0.6000000000000001,0.4,2.4000000000000004,8.9,-22.7,-5.0,9.4,16
1339,22484.0,0.2,0.8,-0.5,0.2,2.4000000000000004,9.200000000000001,-24.000000000000004,-0.30000000000000004,14.800000000000002,16
1340,22502.0,0.1,0.8,0.1,0.2,2.3000000000000003,9.8,-22.5,-0.8,18.7,16
1341,22518.0,0.30000000000000004,0.9,1.0,0.4,2.3000000000000003,10.5,-19.200000000000003,-6.1000000000000005,18.8,16
1342,22535.0,0.30000000000000004,0.9,1.2000000000000002,0.6000000000000001,2.3000000000000003,10.600000000000001,-11.8,-12.4,17.1,16
1343,22551.0,0.5,1.0,0.7000000000000001,0.6000000000000001,2.4000000000000004,10.200000000000001,0.6000000000000001,-9.4,15.7,16
1344,22573.0,0.0,1.1,0.2,0.30000000000000004,2.6,9.8,13.200000000000001,-1.0999999999999999,15.8,16
1345,22585.0,-0.2,1.3,0.0,-0.1,2.8000000000000003,9.5,20.8,3.4,17.1,16
1346,22601.0,-0.4,1.4000000000000001,-0.1,-0.2,3.0,9.4,22.5,3.2,17.200000000000003,16
1347,22619.0,-0.4,1.4000000000000001,-0.2,-0.1,3.1,9.3,19.3,-2.5,15.299999999999999,16
1348,22634.0,-0.30000000000000004,1.5,-0.30000000000000004,-0.1,3.2,9.1,13.3,-4.2,12.8,16
1349,22651.0,-0.30000000000000004,1.4000000000000001,-0.4,-0.1,3.1,9.200000000000001,7.1000000000000005,-6.6000000000000005,10.4,16
1350,22675.0,-0.2,1.3,-0.1,0.1,3.1,9.4,1.3,-7.2,8.3,16
1351,22684.0,-0.1,1.3,0.2,0.2,2.9000000000000004,9.9,-3.7000000000000006,-8.1,5.9,16
1352,22701.0,0.0,1.2000000000000002,0.5,0.2,2.9000000000000004,9.9,-3.7000000000000006,-8.1,5.9,16
1353,22718.0,0.5,0.8,1.0,0.9,2.5,10.5,-2.6,-5.6,0.6000000000000001,16
1354,22735.0,0.6000000000000001,0.7000000000000001,1.0,1.0,2.3000000000000003,10.5,1.3,-1.8,-2.8,16
1355,22751.0,0.7000000000000001,0.5,0.8,1.0,2.2,10.3,4.800000000000001,3.5,-4.7,16
1356,22768.0,0.6000000000000001,0.4,0.6000000000000001,0.9,2.1,10.200000000000001,5.9,8.700000000000001,-4.6000000000000005,16
1357,22794.0,0.5,0.2,0.6000000000000001,0.8,2.0,10.100000000000001,3.7000000000000006,9.9,-3.1,16
1358,22801.0,0.4,0.1,0.6000000000000001,0.7000000000000001,1.9000000000000001,10.200000000000001,-0.7,7.699999999999999,-2.1,16
1359,22818.0,0.4,0.0,0.9,0.7000000000000001,1.7000000000000002,10.4,-4.6000000000000005,3.6,-0.7,16
1360,22835.0,0.5,-0.2,0.9,0.8,1.5,10.4,-6.000000000000001,0.6000000000000001,0.1,16
1361,22851.0,0.6000000000000001,-0.4,0.8,0.8,1.3,10.3,-4.1000000000000005,1.0999999999999999,-0.1,16
1362,22869.0,0.6000000000000001,-0.5,0.7000000000000001,0.8,1.2000000000000002,10.200000000000001,-1.3,2.1999999999999997,-0.7,16
1363,22893.0,0.4,-0.6000000000000001,0.7000000000000001,0.7000000000000001,1.1,10.200000000000001,1.9,2.7,-1.3,16
1364,22901.0,0.5,-0.6000000000000001,0.6000000000000001,0.7000000000000001,1.1,10.200000000000001,3.6,1.0,-2.6,16
1365,22918.0,0.5,-0.7000000000000001,0.5,0.8,1.0,10.0,5.0,0.30000000000000004,-4.0,16
1366,22935.0,0.5,-0.8,0.2,0.8,1.0,9.8,7.6,2.1999999999999997,-4.0,16
1367,22951.0,0.5,-0.8,0.0,0.8,0.9,9.5,11.6,7.0,-3.3000000000000003,16
1368,22971.0,0.4,-0.8,-0.2,0.6000000000000001,1.0,9.4,14.500000000000002,9.8,-2.7,16
1369,22992.0,0.30000000000000004,-0.8,-0.30000000000000004,0.5,1.1,9.200000000000001,16.5,9.700000000000001,-1.9,16
1370,23001.0,0.30000000000000004,-0.7000000000000001,-0.4,0.5,1.2000000000000002,9.0,18.2,8.799999999999999,-1.9,16
1371,23018.0,0.30000000000000004,-0.7000000000000001,-0.7000000000000001,0.5,1.2000000000000002,8.8,17.0,6.5,-3.5,16
1372,23034.0,0.30000000000000004,-0.7000000000000001,-1.0,0.4,1.3,8.5,13.200000000000001,4.7,-5.4,16
1373,23051.0,0.2,-0.6000000000000001,-1.1,0.2,1.4000000000000001,8.4,8.3,5.7,-6.7,16
1374,23068.0,-0.2,-0.7000000000000001,-1.0,-0.1,1.4000000000000001,8.6,4.300000000000001,5.0,-6.9,16
1375,23091.0,-0.2,-0.6000000000000001,-0.5,-0.1,1.4000000000000001,9.0,0.2,0.6000000000000001,-7.6,16
1376,23101.0,0.0,-0.7000000000000001,-0.30000000000000004,0.1,1.3,9.4,-2.9,-5.500000000000001,-11.5,16
1377,23118.0,0.1,-0.8,0.1,0.30000000000000004,1.2000000000000002,9.700000000000001,-5.7,-12.8,-16.900000000000002,16
1378,23134.0,0.2,-0.8,0.2,0.30000000000000004,1.2000000000000002,9.700000000000001,-5.7,-12.8,-16.900000000000002,16
1379,23151.0,0.30000000000000004,-0.8,0.30000000000000004,0.6000000000000001,1.2000000000000002,9.8,-15.399999999999999,-25.900000000000002,-23.6,16
1380,23169.0,0.5,-0.7000000000000001,0.2,0.7000000000000001,1.1,9.700000000000001,-20.6,-26.1,-23.2,16
1381,23189.0,0.4,-0.6000000000000001,0.0,0.7000000000000001,1.2000000000000002,9.5,-22.2,-19.700000000000003,-20.5,16
1382,23205.0,0.1,-0.4,-0.2,0.5,1.3,9.4,-18.6,-8.3,-16.400000000000002,16
1383,23222.0,-0.1,-0.4,-0.2,0.2,1.3,9.3,-15.5,-1.3,-14.3,16
1384,23237.0,-0.5,-0.2,-0.30000000000000004,-0.2,1.4000000000000001,9.200000000000001,-13.3,1.2000000000000002,-14.4,16
1385,23251.0,-0.8,-0.2,-0.4,-0.7000000000000001,1.5,9.1,-10.8,0.6000000000000001,-13.200000000000001,16
1386,23268.0,-1.1,0.0,-0.4,-0.9,1.5,9.1,-11.3,-4.300000000000001,-11.5,16
1387,23287.0,-1.1,0.0,-0.30000000000000004,-0.8,1.5,9.200000000000001,-12.5,-11.3,-10.5,16
1388,23301.0,-1.0,-0.1,-0.2,-0.7000000000000001,1.3,9.5,-12.3,-17.400000000000002,-10.9,16
1389,23318.0,-0.8,-0.2,0.1,-0.4,1.2000000000000002,9.600000000000001,-10.5,-21.1,-13.0,16
1390,23335.0,-0.6000000000000001,-0.2,0.1,-0.2,1.2000000000000002,9.600000000000001,-8.4,-19.700000000000003,-15.100000000000001,16
1391,23351.0,-0.6000000000000001,-0.1,0.2,-0.2,1.3,9.700000000000001,-7.6,-16.400000000000002,-15.2,16
1392,23368.0,-0.6000000000000001,-0.1,0.2,0.0,1.3,9.700000000000001,-8.0,-12.3,-14.4,16
1393,23391.0,-0.4,-0.1,0.2,0.1,1.3,9.700000000000001,-8.5,-6.4,-14.100000000000001,16
1394,23403.0,-0.4,0.0,0.2,0.0,1.3,9.700000000000001,-8.5,-0.8,-14.3,16
1395,23418.0,-0.5,0.1,0.2,-0.1,1.4000000000000001,9.8,-9.5,1.7,-14.800000000000002,16
1396,23435.0,-0.5,0.2,0.30000000000000004,-0.2,1.5,9.9,-10.0,2.9,-15.2,16
1397,23451.0,-0.5,0.30000000000000004,0.5,-0.2,1.6,10.100000000000001,-9.600000000000001,1.8,-15.000000000000002,16
1398,23468.0,-0.4,0.30000000000000004,0.5,-0.1,1.7000000000000002,10.200000000000001,-8.4,0.0,-14.600000000000001,16
1399,23489.0,-0.30000000000000004,0.5,0.6000000000000001,-0.1,1.8,10.200000000000001,-6.1000000000000005,-0.5,-13.6,16
1400,23503.0,-0.30000000000000004,0.6000000000000001,0.6000000000000001,0.0,1.9000000000000001,10.3,-4.2,-1.4,-12.4,16
1401,23520.0,-0.1,0.7000000000000001,0.6000000000000001,0.1,2.1,10.3,-3.7000000000000006,-2.3000000000000003,-12.100000000000001,16
1402,23534.0,-0.1,0.8,0.6000000000000001,0.1,2.2,10.4,-3.3000000000000003,-1.7,-12.100000000000001,16
1403,23551.0,-0.1,1.0,0.7000000000000001,0.1,2.3000000000000003,10.4,-2.1,1.0,-11.3,16
1404,23568.0,0.0,1.0,0.7000000000000001,0.30000000000000004,2.3000000000000003,10.5,-1.0999999999999999,4.0,-12.100000000000001,16
1405,23586.0,0.0,0.9,0.6000000000000001,0.2,2.2,10.3,2.1999999999999997,9.0,-13.200000000000001,16
1406,23602.0,-0.1,0.9,0.1,0.0,2.3000000000000003,9.9,6.6000000000000005,15.5,-14.0,16
1407,23618.0,-0.4,0.9,0.0,-0.5,2.3000000000000003,9.700000000000001,9.200000000000001,18.3,-13.8,16
1408,23634.0,-0.6000000000000001,0.8,-0.1,-0.7000000000000001,2.3000000000000003,9.700000000000001,8.4,14.500000000000002,-13.200000000000001,16
1409,23652.0,-0.7000000000000001,0.7000000000000001,0.1,-0.8,2.4000000000000004,9.9,6.6000000000000005,9.200000000000001,-13.3,16
1410,23668.0,-0.8,0.8,0.4,-0.8,2.4000000000000004,10.4,8.200000000000001,3.0000000000000004,-12.000000000000002,16
1411,23685.0,-0.2,0.6000000000000001,0.8,-0.2,2.3000000000000003,10.600000000000001,6.8,-6.000000000000001,-13.4,16
1412,23703.0,0.2,0.5,0.6000000000000001,0.1,2.2,10.4,7.400000000000001,-6.9,-17.0,16
1413,23718.0,0.1,0.4,0.4,-0.2,2.1,10.200000000000001,10.9,-1.0999999999999999,-19.0,16
1414,23734.0,-0.2,0.30000000000000004,0.4,-0.4,2.1,10.4,5.6,-3.9,-20.1,16
1415,23751.0,-0.30000000000000004,0.2,0.7000000000000001,-0.4,1.9000000000000001,10.600000000000001,-2.1,-10.0,-19.9,16
1416,23768.0,0.0,-0.30000000000000004,0.7000000000000001,-0.2,1.5,10.600000000000001,-5.1,-9.600000000000001,-19.0,16
1417,23787.0,0.1,-0.5,0.6000000000000001,0.1,1.2000000000000002,10.600000000000001,-7.1000000000000005,-7.1000000000000005,-18.400000000000002,16
1418,23803.0,0.4,-0.7000000000000001,0.5,0.30000000000000004,1.0,10.4,-6.3,-2.6,-16.3,16
1419,23818.0,0.5,-0.9,0.30000000000000004,0.4,0.8,10.3,-1.4,4.2,-13.100000000000001,16
1420,23834.0,0.7000000000000001,-1.0,0.30000000000000004,0.7000000000000001,0.6000000000000001,10.3,3.9,7.1000000000000005,-11.5,16
1421,23851.0,1.0,-1.1,0.1,0.9,0.5,10.0,9.600000000000001,8.600000000000001,-11.8,16
1422,23868.0,1.4000000000000001,-1.3,-0.5,1.2000000000000002,0.5,9.4,14.500000000000002,11.700000000000001,-13.4,16
1423,23889.0,1.4000000000000001,-1.2000000000000002,-1.3,1.3,0.5,8.8,15.299999999999999,16.400000000000002,-15.299999999999999,16
1424,23903.0,1.3,-1.2000000000000002,-1.6,1.0,0.6000000000000001,8.200000000000001,13.0,22.2,-14.900000000000002,16
1425,23923.0,0.9,-1.1,-1.9000000000000001,0.6000000000000001,0.7000000000000001,8.0,9.8,25.5,-12.6,16
1426,23935.0,0.8,-1.0,-1.8,0.4,0.8,8.200000000000001,3.1,21.8,-10.0,16
1427,23952.0,1.0,-1.0,-1.5,0.6000000000000001,0.9,8.5,-4.6000000000000005,13.200000000000001,-9.4,16
1428,23968.0,1.0,-0.8,-1.1,0.5,1.0,8.8,-9.200000000000001,6.000000000000001,-10.0,16
1429,23991.0,1.2000000000000002,-0.8,-0.9,0.7000000000000001,1.0,8.9,-11.3,-5.300000000000001,-11.6,16
1430,24003.0,1.3,-0.7000000000000001,-0.8,0.9,1.0,9.1,-7.9,-13.100000000000001,-14.0,16
1431,24018.0,1.3,-0.6000000000000001,-0.7000000000000001,1.0,1.1,9.200000000000001,-3.6,-19.9,-16.3,16
1432,24034.0,1.3,-0.5,-0.6000000000000001,1.0,1.3,9.3,-1.5000000000000002,-25.0,-18.1,16
1433,24051.0,1.3,-0.2,-0.5,1.1,1.5,9.4,-3.1,-30.799999999999997,-20.3,16
1434,24068.0,1.6,0.0,-0.1,1.5,1.7000000000000002,9.8,-9.5,-38.7,-23.400000000000002,16
1435,24084.0,1.8,0.0,0.1,2.1,1.6,10.100000000000001,-17.7,-42.6,-28.200000000000003,16
1436,24101.0,2.2,0.1,0.1,2.3000000000000003,1.6,10.0,-19.9,-32.9,-33.6,16
1437,24118.0,1.7000000000000002,0.2,-0.2,1.8,1.7000000000000002,9.600000000000001,-14.700000000000001,-17.3,-35.5,16
1438,24134.0,1.2000000000000002,0.2,-0.5,1.1,1.8,9.1,-8.1,-5.1,-34.2,16
1439,24151.0,0.6000000000000001,0.4,-1.0,0.7000000000000001,1.9000000000000001,8.9,-7.0,1.0,-32.7,16
1440,24168.0,0.6000000000000001,0.4,-1.0,0.7000000000000001,1.9000000000000001,8.9,-7.0,1.0,-32.7,16
1441,24185.0,-0.5,0.6000000000000001,-1.0,-0.30000000000000004,2.0,8.9,-8.9,0.9,-31.900000000000002,16
1442,24211.0,-0.8,0.6000000000000001,-1.3,-0.6000000000000001,2.0,8.700000000000001,-9.5,-0.2,-31.5,16
1443,24221.0,-0.9,0.6000000000000001,-1.3,-0.8,2.0,8.6,-11.700000000000001,-4.1000000000000005,-31.0,16
1444,24235.0,-1.0,0.5,-1.2000000000000002,-0.8,1.9000000000000001,8.700000000000001,-14.0,-8.700000000000001,-29.900000000000006,16
1445,24251.0,-1.0,0.6000000000000001,-1.1,-0.9,1.9000000000000001,8.9,-13.8,-11.3,-27.6,16
1446,24268.0,-1.0,0.5,-0.9,-0.8,1.8,9.1,-12.200000000000001,-11.8,-24.5,16
1447,24284.0,-0.8,0.5,-0.5,-0.7000000000000001,1.7000000000000002,9.4,-10.700000000000001,-12.000000000000002,-21.1,16
1448,24305.0,-0.6000000000000001,0.4,-0.2,-0.5,1.6,9.600000000000001,-7.6,-9.5,-17.599999999999998,16
1449,24319.0,-0.6000000000000001,0.4,-0.2,-0.4,1.7000000000000002,9.700000000000001,-3.0000000000000004,-4.2,-14.700000000000001,16
1450,24334.0,-0.6000000000000001,0.5,-0.2,-0.5,1.8,9.700000000000001,2.6,4.6000000000000005,-12.000000000000002,16
1451,24351.0,-0.9,0.7000000000000001,-0.1,-0.9,2.0,9.700000000000001,6.7,11.5,-9.1,16
1452,24368.0,-1.2000000000000002,0.9,-0.1,-1.1,2.2,9.8,5.9,12.6,-6.7,16
1453,24384.0,-1.3,1.0,0.0,-1.3,2.3000000000000003,9.9,3.2,10.2,-4.5,16
1454,24401.0,-1.4000000000000001,1.1,0.1,-1.3,2.4000000000000004,10.100000000000001,1.0999999999999999,8.1,-1.8,16
1455,24418.0,-1.2000000000000002,1.1,0.4,-1.2000000000000002,2.4000000000000004,10.4,-0.7,5.1,0.1,16
1456,24435.0,-1.1,1.0,0.6000000000000001,-0.8,2.3000000000000003,10.700000000000001,-1.6,2.1999999999999997,1.0,16
1457,24452.0,-0.5,0.8,1.0,-0.30000000000000004,2.1,11.0,-2.8,-1.7,0.0,16
1458,24468.0,0.1,0.6000000000000001,1.2000000000000002,0.2,1.9000000000000001,11.100000000000001,-1.2000000000000002,-0.30000000000000004,-2.4000000000000004,16
1459,24485.0,0.5,0.4,1.2000000000000002,0.5,1.7000000000000002,11.100000000000001,2.3000000000000003,5.0,-5.1,16
1460,24501.0,0.5,0.4,1.2000000000000002,0.4,1.8,11.100000000000001,3.4,9.3,-6.4,16
1461,24518.0,0.2,0.5,1.4000000000000001,0.2,1.8,11.4,1.7,6.1000000000000005,-5.500000000000001,16
1462,24534.0,0.7000000000000001,0.4,1.9000000000000001,0.7000000000000001,1.7000000000000002,11.9,-3.5,-1.3,-4.6000000000000005,16
1463,24551.0,1.1,0.2,2.0,1.1,1.6,11.9,-5.7,0.5,-5.9,16
1464,24568.0,1.1,0.2,1.8,0.8,1.4000000000000001,11.600000000000001,1.4,9.9,-5.6,16
1465,24586.0,0.7000000000000001,0.2,1.2000000000000002,0.6000000000000001,1.6,11.100000000000001,11.700000000000001,18.0,-1.9,16
1466,24602.0,0.5,0.1,0.4,0.30000000000000004,1.6,10.4,18.1,25.0,-0.6000000000000001,16
1467,24618.0,0.1,0.1,0.30000000000000004,-0.2,1.5,10.200000000000001,20.6,27.6,2.8,16
1468,24634.0,0.0,-0.2,0.0,-0.2,1.3,9.9,21.1,24.7,5.300000000000001,16
1469,24651.0,0.4,-0.6000000000000001,-0.2,0.0,1.0,9.700000000000001,19.500000000000004,19.0,5.7,16
1470,24668.0,0.5,-0.8,-0.4,0.1,0.8,9.600000000000001,18.0,14.900000000000002,5.4,16
1471,24684.0,0.6000000000000001,-0.8,-0.30000000000000004,0.2,0.8,9.600000000000001,19.1,10.0,5.8,16
1472,24703.0,1.1,-1.0,-0.30000000000000004,0.6000000000000001,0.7000000000000001,9.600000000000001,21.3,5.300000000000001,5.500000000000001,16
1473,24718.0,1.4000000000000001,-1.1,-0.4,1.1,0.7000000000000001,9.4,24.1,3.6,2.5,16
1474,24734.0,1.6,-1.1,-0.6000000000000001,1.2000000000000002,0.8,9.200000000000001,26.8,5.7,-1.0999999999999999,16
1475,24751.0,1.5,-1.0,-0.8,1.1,1.0,9.0,27.400000000000002,8.4,-4.6000000000000005,16
1476,24768.0,1.4000000000000001,-0.9,-1.0,0.8,1.2000000000000002,8.700000000000001,24.9,10.700000000000001,-7.1000000000000005,16
1477,24786.0,1.1,-0.7000000000000001,-1.1,0.5,1.3,8.700000000000001,18.900000000000002,8.9,-9.5,16
1478,24801.0,0.9,-0.7000000000000001,-1.1,0.30000000000000004,1.5,8.8,12.100000000000001,3.9,-11.8,16
1479,24818.0,0.8,-0.6000000000000001,-0.9,0.30000000000000004,1.5,9.0,5.2,-3.5,-15.2,16
1480,24834.0,1.0,-0.5,-0.6000000000000001,0.5,1.6,9.200000000000001,-2.9,-12.9,-20.4,16
1481,24851.0,1.0,-0.4,-0.30000000000000004,0.5,1.7000000000000002,9.4,-8.5,-20.6,-24.000000000000004,16
1482,24870.0,1.1,-0.2,-0.1,0.7000000000000001,1.8,9.600000000000001,-10.5,-24.5,-24.200000000000003,16
1483,24885.0,1.1,-0.1,0.0,0.8,1.9000000000000001,9.8,-8.600000000000001,-25.1,-23.3,16
1484,24901.0,1.1,0.1,-0.1,0.8,2.1,9.600000000000001,-0.7,-20.4,-21.900000000000002,16
1485,24918.0,1.0,0.1,-0.4,0.6000000000000001,2.2,9.1,7.9,-13.3,-23.0,16
1486,24935.0,0.5,0.30000000000000004,-1.1,0.2,2.3000000000000003,8.6,11.000000000000002,-9.8,-26.6,16
1487,24952.0,-0.2,0.30000000000000004,-1.5,-0.4,2.3000000000000003,8.200000000000001,8.700000000000001,-11.2,-29.000000000000004,16
1488,24968.0,-0.30000000000000004,0.2,-1.5,-0.4,2.2,8.1,5.1,-11.6,-29.800000000000004,16
1489,24985.0,-0.4,0.0,-1.7000000000000002,-0.7000000000000001,2.1,8.0,5.2,-9.0,-31.2,16
1490,25011.0,-0.7000000000000001,-0.2,-1.8,-1.0,1.8,7.9,5.6,-5.300000000000001,-31.900000000000002,16
1491,25018.0,-0.7000000000000001,-0.2,-1.8,-1.0,1.8,7.9,5.6,-5.300000000000001,-31.900000000000002,16
1492,25034.0,-0.9,-0.4,-1.8,-1.1,1.7000000000000002,7.9,3.4,-5.500000000000001,-33.0,16
1493,25051.0,-0.9,-0.5,-1.6,-1.1,1.6,8.1,-0.6000000000000001,-6.6000000000000005,-35.199999999999996,16
1494,25068.0,-0.9,-0.6000000000000001,-1.4000000000000001,-1.2000000000000002,1.5,8.3,-6.4,-9.1,-37.5,16
1495,25084.0,-0.9,-0.6000000000000001,-1.2000000000000002,-1.2000000000000002,1.5,8.5,-10.5,-9.1,-37.900000000000006,16
1496,25101.0,-1.0,-0.6000000000000001,-1.0,-1.2000000000000002,1.4000000000000001,8.700000000000001,-11.5,-5.1,-36.9,16
1497,25118.0,-1.0,-0.7000000000000001,-0.6000000000000001,-1.3,1.3,9.0,-11.8,-1.6,-36.6,16
1498,25134.0,-1.1,-0.6000000000000001,-0.4,-1.4000000000000001,1.4000000000000001,9.4,-13.9,-3.4,-36.0,16
1499,25151.0,-1.1,-0.4,0.0,-1.5,1.5,9.700000000000001,-17.1,-7.2,-34.2,16
1500,25169.0,-1.2000000000000002,-0.30000000000000004,0.4,-1.5,1.6,10.100000000000001,-17.9,-10.2,-29.600000000000005,16
1501,25184.0,-1.1,-0.2,0.5,-1.2000000000000002,1.6,10.4,-15.7,-10.1,-24.000000000000004,16
1502,25201.0,-0.7000000000000001,-0.1,0.8,-1.0,1.6,10.5,-11.4,-8.5,-21.1,16
1503,25218.0,-0.5,-0.1,0.7000000000000001,-0.8,1.6,10.5,-5.2,-4.300000000000001,-20.4,16
1504,25234.0,-0.5,-0.1,0.7000000000000001,-0.9,1.7000000000000002,10.4,0.4,0.0,-20.5,16
1505,25251.0,-0.8,0.1,0.6000000000000001,-1.1,1.9000000000000001,10.4,3.8,1.5000000000000002,-19.6,16
1506,25268.0,-0.9,0.30000000000000004,0.8,-1.2000000000000002,2.1,10.5,3.0000000000000004,-0.5,-18.900000000000002,16
1507,25284.0,-1.0,0.4,0.8,-1.3,2.1,10.700000000000001,0.30000000000000004,-5.2,-18.5,16
1508,25301.0,-1.0,0.4,1.2000000000000002,-1.2000000000000002,2.1,11.100000000000001,-6.4,-16.1,-19.700000000000003,16
1509,25318.0,-0.6000000000000001,0.4,1.8,-0.8,2.1,11.600000000000001,-16.400000000000002,-32.2,-21.1,16
1510,25335.0,-0.2,0.4,2.0,-0.1,1.9000000000000001,11.8,-21.8,-41.1,-20.900000000000002,16
1511,25353.0,0.4,0.1,2.0,0.4,1.7000000000000002,11.8,-22.000000000000004,-39.00000000000001,-20.5,16
1512,25369.0,0.5,0.1,2.0,0.6000000000000001,1.6,11.8,-19.6,-33.5,-19.1,16
1513,25384.0,0.5,0.1,1.9000000000000001,0.9,1.5,11.600000000000001,-11.9,-27.2,-15.7,16
1514,25401.0,1.0,-0.1,1.4000000000000001,1.3,1.4000000000000001,11.200000000000001,-6.6000000000000005,-21.200000000000003,-15.8,16
1515,25418.0,1.3,-0.2,1.0,1.6,1.2000000000000002,10.8,-2.1,-15.6,-17.1,16
1516,25434.0,1.5,-0.30000000000000004,0.5,1.8,1.2000000000000002,10.5,4.7,-7.2,-19.6,16
1517,25451.0,1.4000000000000001,-0.30000000000000004,0.30000000000000004,1.7000000000000002,1.1,10.0,9.200000000000001,0.2,-23.400000000000002,16
1518,25468.0,1.4000000000000001,-0.4,-0.2,1.8,1.1,9.700000000000001,10.1,1.9,-27.2,16
1519,25484.0,1.9000000000000001,-0.6000000000000001,-0.4,2.2,1.0,9.5,6.9,0.5,-31.900000000000002,16
1520,25501.0,2.0,-0.6000000000000001,-0.4,2.4000000000000004,0.9,9.4,2.1,-1.5000000000000002,-36.2,16
1521,25518.0,2.3000000000000003,-0.7000000000000001,-0.6000000000000001,2.5,0.9,9.200000000000001,-0.8,0.6000000000000001,-38.5,16
1522,25535.0,2.1,-0.6000000000000001,-0.9,2.4000000000000004,0.9,9.0,-1.6,4.1000000000000005,-38.0,16
1523,25551.0,2.1,-0.6000000000000001,-0.9,2.3000000000000003,0.9,9.0,-2.9,5.1,-36.2,16
1524,25568.0,1.9000000000000001,-0.6000000000000001,-0.8,2.1,0.9,9.1,-2.6,3.7000000000000006,-33.7,16
1525,25584.0,1.8,-0.6000000000000001,-0.7000000000000001,2.0,0.9,9.200000000000001,-0.9,2.7,-31.6,16
1526,25601.0,1.4000000000000001,-0.5,-0.6000000000000001,1.5,1.0,9.3,0.8,-1.0,-28.6,16
1527,25618.0,0.9,-0.4,-0.5,1.0,1.2000000000000002,9.4,1.9,-6.3,-24.7,16
1528,25634.0,0.6000000000000001,-0.30000000000000004,-0.5,1.0,1.2000000000000002,9.4,1.9,-6.3,-24.7,16
1529,25651.0,0.4,-0.30000000000000004,-0.6000000000000001,0.6000000000000001,1.3,9.200000000000001,7.0,-11.8,-16.700000000000003,16
1530,25675.0,-0.2,-0.1,-0.9,0.30000000000000004,1.4000000000000001,9.0,10.5,-11.000000000000002,-14.100000000000001,16
1531,25685.0,-0.30000000000000004,0.0,-1.0,0.0,1.6,8.8,13.9,-9.3,-11.9,16
1532,25701.0,-0.30000000000000004,0.0,-1.0,0.0,1.6,8.8,13.9,-9.3,-11.9,16
1533,25718.0,-0.6000000000000001,0.2,-1.1,-0.30000000000000004,1.9000000000000001,8.700000000000001,14.4,-9.700000000000001,-10.0,16
1534,25735.0,-0.7000000000000001,0.30000000000000004,-1.1,-0.30000000000000004,2.0,8.700000000000001,11.1,-10.3,-10.700000000000001,16
1535,25751.0,-0.8,0.4,-1.1,-0.5,2.2,8.700000000000001,7.300000000000001,-9.8,-10.5,16
1536,25774.0,-0.8,0.6000000000000001,-1.0,-0.4,2.4000000000000004,8.700000000000001,4.800000000000001,-7.400000000000001,-9.0,16
1537,25784.0,-0.6000000000000001,0.8,-0.9,-0.2,2.5,8.8,1.8,-6.7,-11.000000000000002,16
1538,25801.0,-0.6000000000000001,0.7000000000000001,-1.0,-0.4,2.4000000000000004,8.8,-1.4,-6.5,-13.8,16
1539,25818.0,-1.2000000000000002,0.6000000000000001,-0.9,-0.7000000000000001,2.4000000000000004,8.8,-4.1000000000000005,-3.2,-11.700000000000001,16
1540,25834.0,-1.0,0.7000000000000001,-0.9,-0.6000000000000001,2.5,8.8,-5.2,1.4,-9.3,16
1541,25851.0,-1.2000000000000002,0.7000000000000001,-0.9,-0.9,2.4000000000000004,8.9,-3.3000000000000003,6.5,-4.0,16
1542,25874.0,-1.2000000000000002,0.5,-0.8,-0.8,2.3000000000000003,8.9,-0.4,11.3,-0.6000000000000001,16
1543,25884.0,-1.2000000000000002,0.4,-0.8,-1.0,2.2,8.9,3.1,13.100000000000001,0.4,16
1544,25901.0,-1.3,0.4,-0.7000000000000001,-1.1,2.2,9.1,5.300000000000001,11.9,1.4,16
1545,25918.0,-1.2000000000000002,0.4,-0.6000000000000001,-0.9,2.3000000000000003,9.1,5.500000000000001,10.700000000000001,2.4000000000000004,16
1546,25934.0,-0.9,0.5,-0.6000000000000001,-0.7000000000000001,2.3000000000000003,9.1,3.9,10.0,1.9,16
1547,25951.0,-0.8,0.5,-0.6000000000000001,-0.6000000000000001,2.4000000000000004,9.200000000000001,1.4,8.9,0.8,16
1548,25978.0,-0.6000000000000001,0.6000000000000001,-0.1,-0.5,2.5,9.5,-1.8,7.6,0.30000000000000004,16
1549,25990.0,-0.30000000000000004,0.7000000000000001,0.0,-0.2,2.6,9.600000000000001,-4.5,7.2,-1.7,16
1550,26001.0,-0.2,0.7000000000000001,0.1,-0.1,2.6,9.8,-4.9,8.700000000000001,-5.8,16
1551,26019.0,-0.30000000000000004,0.7000000000000001,0.2,-0.4,2.6,9.9,-6.000000000000001,11.1,-8.5,16
1552,26034.0,-0.30000000000000004,0.6000000000000001,0.30000000000000004,-0.4,2.6,10.0,-9.5,11.700000000000001,-10.9,16
1553,26051.0,-0.4,0.6000000000000001,0.30000000000000004,-0.6000000000000001,2.6,10.100000000000001,-13.200000000000001,12.3,-13.100000000000001,16
1554,26076.0,-0.7000000000000001,0.7000000000000001,0.5,-0.9,2.6,10.200000000000001,-14.3,14.800000000000002,-11.700000000000001,16
1555,26084.0,-0.6000000000000001,0.6000000000000001,0.6000000000000001,-0.8,2.5,10.4,-14.500000000000002,15.9,-9.200000000000001,16
1556,26102.0,-0.4,0.4,0.8,-0.8,2.3000000000000003,10.5,-14.3,16.8,-8.0,16
1557,26118.0,-0.4,0.4,0.8,-0.9,2.2,10.5,-10.5,21.8,-7.0,16
1558,26134.0,-0.8,0.30000000000000004,0.7000000000000001,-1.4000000000000001,2.1,10.600000000000001,-6.000000000000001,26.200000000000003,-4.9,16
1559,26151.0,-1.0,0.30000000000000004,1.2000000000000002,-1.6,2.0,11.0,-6.2,17.5,-3.5,16
1560,26168.0,-0.9,0.1,1.3,-1.2000000000000002,1.7000000000000002,11.200000000000001,-14.200000000000001,9.0,-1.0999999999999999,16
1561,26192.0,-0.1,-0.4,1.4000000000000001,-0.8,1.4000000000000001,11.3,-17.599999999999998,3.7000000000000006,-0.5,16
1562,26201.0,-0.1,-0.4,1.4000000000000001,-0.8,1.4000000000000001,11.3,-17.599999999999998,3.7000000000000006,-0.5,16
1563,26218.0,0.5,-0.6000000000000001,1.4000000000000001,0.1,0.9,11.200000000000001,-18.2,3.6,1.2000000000000002,16
1564,26236.0,1.1,-0.8,1.3,0.6000000000000001,0.7000000000000001,11.100000000000001,-10.8,11.3,2.8,16
1565,26252.0,1.5,-1.0,1.1,0.8,0.5,11.0,-2.7,16.700000000000003,2.1,16
1566,26268.0,1.5,-1.0,1.0,0.9,0.5,10.700000000000001,2.0,18.400000000000002,0.6000000000000001,16
1567,26290.0,1.8,-1.0,0.7000000000000001,1.0,0.6000000000000001,10.600000000000001,3.2,16.400000000000002,0.1,16
1568,26304.0,1.9000000000000001,-1.0,0.5,1.2000000000000002,0.5,10.4,1.8,12.700000000000001,0.1,16
1569,26318.0,2.0,-1.1,0.30000000000000004,1.3,0.4,10.0,1.9,13.4,1.3,16
1570,26334.0,2.0,-1.1,-0.2,1.1,0.4,9.600000000000001,3.8,17.0,4.7,16
1571,26351.0,1.7000000000000002,-1.1,-0.5,0.8,0.4,9.3,4.5,17.5,9.3,16
1572,26368.0,1.5,-1.1,-0.7000000000000001,0.6000000000000001,0.5,9.200000000000001,4.3999999999999995,13.5,13.6,16
1573,26390.0,1.5,-1.1,-0.9,0.6000000000000001,0.5,9.0,5.7,9.5,16.700000000000003,16
1574,26401.0,1.4000000000000001,-1.0,-0.9,0.5,0.6000000000000001,8.9,9.3,7.1000000000000005,18.400000000000002,16
1575,26418.0,1.2000000000000002,-0.8,-1.0,0.30000000000000004,0.8,8.8,12.5,1.8,19.0,16
1576,26434.0,1.2000000000000002,-0.7000000000000001,-1.1,0.30000000000000004,1.0,8.700000000000001,12.100000000000001,-4.6000000000000005,18.3,16
1577,26451.0,1.1,-0.5,-1.1,0.30000000000000004,1.2000000000000002,8.700000000000001,9.200000000000001,-9.8,16.700000000000003,16
1578,26468.0,1.1,-0.30000000000000004,-1.1,0.30000000000000004,1.4000000000000001,8.700000000000001,4.3999999999999995,-15.2,14.900000000000002,16
1579,26489.0,1.1,-0.1,-1.2000000000000002,0.4,1.6,8.6,-0.5,-17.7,12.8,16
1580,26505.0,1.1,0.0,-1.2000000000000002,0.5,1.7000000000000002,8.6,-4.1000000000000005,-17.7,10.3,16
1581,26518.0,1.0,0.0,-1.1,0.4,1.7000000000000002,8.700000000000001,-6.4,-15.7,6.5,16
1582,26534.0,1.0,0.0,-1.0,0.4,1.6,8.9,-8.799999999999999,-13.8,1.8,16
1583,26551.0,0.7000000000000001,0.0,-0.8,0.2,1.6,9.0,-11.3,-12.100000000000001,-1.9,16
1584,26568.0,0.5,-0.2,-0.7000000000000001,0.0,1.4000000000000001,9.1,-13.8,-12.000000000000002,-4.0,16
1585,26589.0,0.30000000000000004,-0.4,-0.5,-0.1,1.2000000000000002,9.200000000000001,-16.1,-13.0,-5.2,16
1586,26601.0,0.2,-0.4,-0.5,-0.30000000000000004,1.1,9.4,-15.7,-13.700000000000001,-5.500000000000001,16
1587,26618.0,0.1,-0.5,-0.4,-0.30000000000000004,1.0,9.4,-12.100000000000001,-12.4,-5.4,16
1588,26635.0,0.1,-0.5,-0.5,-0.30000000000000004,1.0,9.200000000000001,-6.7,-8.9,-6.3,16
1589,26651.0,-0.2,-0.5,-0.7000000000000001,-0.5,1.0,9.0,-2.5,-6.2,-7.8,16
1590,26669.0,-0.4,-0.4,-0.9,-0.8,1.0,8.8,-0.9,-4.1000000000000005,-9.3,16
1591,26689.0,-0.8,-0.30000000000000004,-1.1,-1.1,1.0,8.700000000000001,-1.3,-3.0000000000000004,-10.5,16
1592,26702.0,-0.9,-0.30000000000000004,-1.1,-1.3,1.1,8.700000000000001,-2.8,-2.6,-11.1,16
1593,26719.0,-1.2000000000000002,-0.2,-0.9,-1.5,1.2000000000000002,8.9,-4.800000000000001,-3.9,-11.2,16
1594,26736.0,-1.1,-0.2,-0.5,-1.4000000000000001,1.2000000000000002,9.200000000000001,-7.2,-6.6000000000000005,-12.4,16
1595,26751.0,-1.1,-0.2,-0.30000000000000004,-1.4000000000000001,1.1,9.600000000000001,-9.0,-9.600000000000001,-14.200000000000001,16
1596,26768.0,-1.2000000000000002,-0.1,0.0,-1.5,1.1,9.8,-10.700000000000001,-10.2,-14.600000000000001,16
1597,26786.0,-1.5,-0.1,0.2,-1.7000000000000002,1.1,10.0,-12.5,-11.1,-12.4,16
1598,26801.0,-1.5,-0.1,0.30000000000000004,-1.8,1.1,10.200000000000001,-13.200000000000001,-9.200000000000001,-7.9,16
1599,26818.0,-1.6,0.0,0.6000000000000001,-1.9000000000000001,1.1,10.4,-12.000000000000002,-5.6,-2.4000000000000004,16
1600,26835.0,-1.8,-0.1,0.8,-2.0,1.0,10.5,-9.9,-3.6,3.3000000000000003,16
1601,26851.0,-1.8,-0.2,0.8,-2.1,0.9,10.600000000000001,-6.5,-4.2,8.600000000000001,16
1602,26868.0,-1.7000000000000002,-0.30000000000000004,0.9,-1.9000000000000001,0.7000000000000001,10.700000000000001,-2.3000000000000003,-4.800000000000001,12.100000000000001,16
1603,26895.0,-1.6,-0.4,0.9,-1.8,0.7000000000000001,10.600000000000001,6.8,-4.0,15.399999999999999,16
1604,26901.0,-1.6,-0.4,0.9,-1.8,0.7000000000000001,10.600000000000001,6.8,-4.0,15.399999999999999,16
1605,26918.0,-1.5,-0.30000000000000004,0.7000000000000001,-1.8,0.9,10.5,7.8,-2.8,17.1,16
1606,26936.0,-1.6,-0.1,0.7000000000000001,-1.8,1.2000000000000002,10.4,7.0,-2.5,19.3,16
1607,26955.0,-1.5,0.30000000000000004,0.8,-1.8,1.4000000000000001,10.5,5.8,-0.1,19.3,16
1608,26970.0,-1.5,0.4,1.1,-1.6,1.6,11.100000000000001,0.8,-5.300000000000001,16.700000000000003,16
1609,26985.0,-0.9,0.5,1.9000000000000001,-1.1,1.7000000000000002,11.700000000000001,-10.700000000000001,-19.1,11.9,16
1610,27001.0,-0.5,0.6000000000000001,2.1,-0.30000000000000004,1.6,12.100000000000001,-19.6,-28.700000000000003,9.700000000000001,16
1611,27018.0,0.30000000000000004,0.4,2.3000000000000003,0.4,1.3,12.100000000000001,-23.3,-29.1,9.4,16
1612,27034.0,0.9,0.2,2.1,1.0,1.1,11.9,-21.8,-22.000000000000004,11.000000000000002,16
1613,27052.0,1.1,0.1,1.9000000000000001,1.2000000000000002,1.0,11.700000000000001,-11.5,-13.700000000000001,14.100000000000001,16
1614,27074.0,1.6,0.0,1.1,1.6,1.0,11.200000000000001,2.0,-7.0,15.7,16
1615,27087.0,1.8,0.0,0.6000000000000001,2.0,0.9,10.4,11.000000000000002,-2.7,11.3,16
1616,27104.0,1.9000000000000001,-0.1,-0.2,2.1,0.9,9.700000000000001,14.100000000000001,-0.5,5.8,16
1617,27122.0,2.1,-0.1,-0.6000000000000001,2.2,1.0,9.3,9.700000000000001,3.0000000000000004,1.5000000000000002,16
1618,27135.0,2.1,-0.1,-0.8,2.3000000000000003,1.0,9.1,3.5,6.000000000000001,1.0,16
1619,27151.0,2.2,-0.2,-0.9,2.6,0.8,8.9,-1.0999999999999999,10.9,2.4000000000000004,16
1620,27168.0,2.5,-0.5,-1.1,2.6,0.5,8.8,-2.9,17.5,1.3,16
1621,27184.0,2.3000000000000003,-0.7000000000000001,-1.2000000000000002,2.3000000000000003,0.30000000000000004,8.700000000000001,-0.9,25.3,-1.0,16
1622,27201.0,2.3000000000000003,-0.7000000000000001,-1.2000000000000002,1.7000000000000002,0.4,8.700000000000001,-0.9,25.3,-1.0,16
1623,27218.0,1.4000000000000001,-0.4,-1.2000000000000002,1.2000000000000002,0.6000000000000001,8.700000000000001,4.300000000000001,26.700000000000003,-1.0,16
1624,27234.0,1.1,-0.30000000000000004,-1.1,1.0,0.7000000000000001,8.700000000000001,6.5,22.1,1.0,16
1625,27251.0,1.0,-0.4,-1.1,0.9,0.7000000000000001,8.8,7.699999999999999,17.200000000000003,1.0999999999999999,16
1626,27268.0,1.0,-0.4,-0.9,0.8,0.7000000000000001,9.0,5.300000000000001,9.4,-1.3,16
1627,27284.0,0.7000000000000001,-0.4,-0.8,0.6000000000000001,0.7000000000000001,9.0,2.5,1.8,-3.9,16
1628,27303.0,0.6000000000000001,-0.30000000000000004,-1.0,0.5,0.8,8.8,-1.0999999999999999,-1.4,-6.1000000000000005,16
1629,27318.0,0.4,-0.2,-1.0,0.0,1.0,8.8,-5.0,-2.1,-6.3,16
1630,27335.0,-0.1,0.0,-1.0,-0.30000000000000004,1.1,8.8,-7.699999999999999,-0.7,-4.1000000000000005,16
1631,27351.0,-0.4,0.1,-0.8,-0.5,1.1,9.0,-9.200000000000001,0.6000000000000001,-2.3000000000000003,16
1632,27368.0,-0.6000000000000001,0.1,-0.7000000000000001,-0.7000000000000001,1.1,9.200000000000001,-8.600000000000001,0.6000000000000001,-0.8,16
1633,27384.0,-0.6000000000000001,0.1,-0.5,-0.8,1.1,9.4,-8.600000000000001,-2.1999999999999997,-1.0999999999999999,16
1634,27401.0,-0.8,0.1,-0.4,-0.9,1.1,9.4,-8.1,-6.4,-1.4,16
1635,27418.0,-0.7000000000000001,0.2,-0.4,-0.8,1.1,9.4,-7.300000000000001,-7.699999999999999,-1.0999999999999999,16
1636,27434.0,-0.7000000000000001,0.1,-0.5,-0.8,1.0,9.3,-6.000000000000001,-7.2,0.30000000000000004,16
1637,27451.0,-0.7000000000000001,0.1,-0.5,-0.8,0.9,9.3,-5.500000000000001,-6.2,2.7,16
1638,27468.0,-0.6000000000000001,0.0,-0.5,-0.7000000000000001,0.9,9.3,-5.4,-5.0,5.7,16
1639,27486.0,-0.7000000000000001,0.0,-0.4,-0.7000000000000001,0.9,9.4,-3.1,-3.5,10.1,16
1640,27501.0,-0.4,0.0,-0.4,-0.5,0.9,9.4,0.9,-1.4,13.9,16
1641,27518.0,-0.30000000000000004,0.0,-0.30000000000000004,-0.4,0.9,9.4,7.8,2.9,15.9,16
1642,27534.0,-0.4,0.0,-0.4,-0.5,1.0,9.3,13.8,6.6000000000000005,17.0,16
1643,27551.0,-0.5,0.30000000000000004,-0.5,-0.7000000000000001,1.3,9.200000000000001,16.700000000000003,8.4,18.2,16
1644,27569.0,-0.6000000000000001,0.4,-0.7000000000000001,-0.7000000000000001,1.5,9.1,17.3,10.700000000000001,20.3,16
1645,27588.0,-0.5,0.5,-0.6000000000000001,-0.7000000000000001,1.6,9.1,15.9,12.100000000000001,21.700000000000003,16
1646,27602.0,-0.4,0.4,-0.5,-0.7000000000000001,1.7000000000000002,9.200000000000001,13.3,13.6,21.0,16
1647,27618.0,-0.5,0.6000000000000001,-0.2,-0.8,1.8,9.4,9.8,12.5,19.9,16
1648,27634.0,-0.30000000000000004,0.6000000000000001,0.0,-0.5,1.9000000000000001,9.700000000000001,5.500000000000001,8.700000000000001,18.400000000000002,16
1649,27652.0,0.1,0.5,0.30000000000000004,-0.30000000000000004,1.9000000000000001,10.0,0.4,5.300000000000001,14.500000000000002,16
1650,27668.0,0.2,0.5,0.6000000000000001,-0.2,1.9000000000000001,10.200000000000001,-3.2,5.1,10.4,16
1651,27684.0,0.1,0.5,0.6000000000000001,-0.4,1.9000000000000001,10.4,-5.0,9.5,9.4,16
1652,27701.0,-0.2,0.6000000000000001,0.8,-0.6000000000000001,1.9000000000000001,10.600000000000001,-5.300000000000001,13.8,11.3,16
1653,27718.0,-0.2,0.5,1.0,-0.6000000000000001,1.8,10.8,-4.800000000000001,15.399999999999999,12.8,16
1654,27734.0,-0.1,0.4,1.0,-0.8,1.8,10.8,-1.2000000000000002,21.5,11.9,16
1655,27751.0,-0.8,0.5,1.2000000000000002,-1.4000000000000001,1.8,11.100000000000001,2.8,22.7,10.9,16
1656,27768.0,-0.6000000000000001,0.5,2.0,-1.2000000000000002,1.8,11.700000000000001,-2.4000000000000004,10.0,8.600000000000001,16
1657,27785.0,-0.2,0.30000000000000004,2.1,-0.6000000000000001,1.5,12.0,-12.4,-5.6,3.1,16
1658,27803.0,0.5,-0.1,2.2,0.0,1.1,11.9,-16.5,-8.9,-2.4000000000000004,16
1659,27818.0,1.0,-0.4,1.7000000000000002,0.4,0.9,11.5,-17.400000000000002,-1.8,-6.4,16
1660,27834.0,1.0,-0.4,1.5,0.30000000000000004,0.6000000000000001,11.100000000000001,-14.200000000000001,7.2,-6.8,16
1661,27851.0,0.8,-0.7000000000000001,1.0,0.30000000000000004,0.5,10.9,-9.4,14.900000000000002,-2.9,16
1662,27868.0,1.1,-0.7000000000000001,1.0,0.5,0.4,10.8,-7.0,15.5,-0.5,16
1663,27885.0,1.1,-0.8,1.1,0.6000000000000001,0.30000000000000004,11.0,-4.3999999999999995,14.600000000000001,4.2,16
1664,27902.0,1.4000000000000001,-0.8,1.0,0.7000000000000001,0.30000000000000004,10.8,4.300000000000001,14.600000000000001,9.1,16
1665,27918.0,1.7000000000000002,-0.9,0.5,1.0,0.2,10.3,15.5,16.2,12.5,16
1666,27934.0,1.8,-1.0,0.2,1.2000000000000002,0.2,9.9,23.400000000000002,14.900000000000002,12.200000000000001,16
1667,27951.0,2.1,-1.0,-0.2,1.4000000000000001,0.30000000000000004,9.5,27.7,14.700000000000001,8.9,16
1668,27968.0,2.0,-1.0,-0.7000000000000001,1.2000000000000002,0.30000000000000004,9.1,29.000000000000004,15.9,3.9,16
1669,27992.0,1.6,-0.9,-1.0,0.8,0.5,8.8,25.1,14.200000000000001,-0.4,16
1670,28001.0,1.5,-0.9,-1.1,0.5,0.6000000000000001,8.6,16.700000000000003,10.8,-2.8,16
1671,28017.0,1.2000000000000002,-1.0,-1.1,0.30000000000000004,0.5,8.700000000000001,7.300000000000001,6.000000000000001,-4.300000000000001,16
1672,28034.0,1.1,-1.0,-0.9,0.2,0.5,8.8,-1.3,0.9,-5.6,16
1673,28052.0,1.0,-1.0,-0.8,0.1,0.5,9.1,-7.2,-2.5,-5.0,16
1674,28068.0,0.8,-0.9,-0.5,-0.1,0.6000000000000001,9.3,-9.0,-4.6000000000000005,-2.1999999999999997,16
1675,28084.0,0.7000000000000001,-0.8,-0.30000000000000004,-0.1,0.6000000000000001,9.4,-7.2,-5.2,0.8,16
1676,28101.0,0.7000000000000001,-0.8,-0.30000000000000004,0.0,0.6000000000000001,9.600000000000001,-4.5,-7.500000000000001,2.0,16
1677,28117.0,0.9,-0.7000000000000001,-0.1,0.1,0.7000000000000001,9.700000000000001,-0.8,-9.4,1.4,16
1678,28134.0,0.9,-0.5,-0.2,0.1,0.8,9.5,5.300000000000001,-9.0,0.8,16
1679,28151.0,0.9,-0.4,-0.4,0.1,1.0,9.200000000000001,11.3,-6.4,0.1,16
1680,28168.0,0.8,-0.30000000000000004,-0.8,0.1,1.1,8.9,14.800000000000002,-3.9,-1.6,16
1681,28184.0,0.7000000000000001,-0.30000000000000004,-0.9,-0.1,1.2000000000000002,8.6,15.2,-2.5,-4.300000000000001,16
1682,28202.0,0.5,-0.30000000000000004,-1.2000000000000002,-0.30000000000000004,1.2000000000000002,8.4,12.100000000000001,-4.5,-7.500000000000001,16
1683,28218.0,0.2,-0.30000000000000004,-1.5,-0.6000000000000001,1.2000000000000002,8.200000000000001,8.0,-6.5,-10.4,16
1684,28235.0,-0.1,-0.4,-1.6,-0.8,1.2000000000000002,8.1,4.3999999999999995,-8.0,-12.8,16
1685,28258.0,-0.4,-0.5,-1.7000000000000002,-1.0,1.0,8.0,1.5000000000000002,-9.4,-15.100000000000001,16
1686,28268.0,-0.5,-0.6000000000000001,-1.7000000000000002,-1.1,0.9,8.1,-1.8,-10.2,-18.2,16
1687,28284.0,-0.8,-0.7000000000000001,-1.3,-1.4000000000000001,0.8,8.3,-5.2,-12.4,-21.0,16
1688,28301.0,-1.0,-0.7000000000000001,-1.2000000000000002,-1.6,0.9,8.6,-6.000000000000001,-16.3,-21.700000000000003,16
1689,28318.0,-1.2000000000000002,-0.6000000000000001,-0.9,-1.7000000000000002,0.9,8.8,-4.2,-15.7,-20.3,16
1690,28335.0,-1.1,-0.5,-0.7000000000000001,-1.6,0.9,9.0,-2.1999999999999997,-17.200000000000003,-19.8,16
1691,28353.0,-0.8,-0.6000000000000001,-0.4,-1.3,0.9,9.200000000000001,-2.0,-16.700000000000003,-19.700000000000003,16
1692,28368.0,-0.7000000000000001,-0.6000000000000001,-0.2,-1.1,0.9,9.600000000000001,-3.7000000000000006,-11.1,-18.8,16
1693,28384.0,-0.7000000000000001,-0.4,0.30000000000000004,-1.2000000000000002,1.0,10.0,-4.9,-7.0,-17.3,16
1694,28401.0,-0.9,-0.2,0.5,-1.5,1.3,10.3,-5.1,-6.2,-13.6,16
1695,28418.0,-1.2000000000000002,0.1,0.7000000000000001,-1.6,1.5,10.4,-4.3999999999999995,-6.3,-8.1,16
1696,28436.0,-1.0,0.6000000000000001,0.9,-1.6,1.9000000000000001,10.600000000000001,-2.3000000000000003,-4.800000000000001,-5.500000000000001,16
1697,28451.0,-1.7000000000000002,0.2,0.6000000000000001,-2.1,1.6,10.3,0.30000000000000004,-1.0,0.2,16
1698,28469.0,-1.5,0.4,0.6000000000000001,-1.9000000000000001,1.8,10.3,-1.7,-2.5,0.8,16
1699,28484.0,-1.6,0.5,0.6000000000000001,-2.0,1.9000000000000001,10.4,-4.9,-6.1000000000000005,-0.9,16
1700,28501.0,-1.6,0.6000000000000001,0.9,-2.0,1.9000000000000001,10.600000000000001,-7.2,-6.4,-0.4,16
1701,28518.0,-1.6,0.7000000000000001,1.0,-2.0,2.0,10.8,-7.2,-5.7,-0.2,16
1702,28534.0,-1.8,0.6000000000000001,1.2000000000000002,-2.2,1.9000000000000001,10.9,-4.5,-4.1000000000000005,1.4,16
1703,28551.0,-1.5,0.7000000000000001,1.1,-1.9000000000000001,2.0,10.8,-0.1,4.300000000000001,2.0,16
1704,28568.0,-1.3,0.7000000000000001,0.9,-2.0,2.1,10.5,4.0,16.1,-1.5000000000000002,16
1705,28584.0,-1.9000000000000001,0.8,0.8,-2.6,2.1,10.600000000000001,4.3999999999999995,23.6,-3.7000000000000006,16
1706,28601.0,-2.1,0.7000000000000001,1.2000000000000002,-2.5,2.0,11.4,-5.8,12.700000000000001,-4.300000000000001,16
1707,28618.0,-1.3,0.7000000000000001,2.1,-1.5,2.0,12.100000000000001,-19.700000000000003,-2.8,-2.3000000000000003,16
1708,28634.0,0.1,0.4,2.6,-0.30000000000000004,1.5,12.4,-20.0,-6.6000000000000005,1.6,16
1709,28651.0,1.1,-0.4,2.2,0.5,0.8,12.0,-9.8,-1.7,3.1,16
1710,28669.0,1.4000000000000001,-0.5,1.6,0.9,0.6000000000000001,11.0,4.800000000000001,11.9,3.0000000000000004,16
1711,28684.0,1.4000000000000001,-0.7000000000000001,0.6000000000000001,0.6000000000000001,0.6000000000000001,10.3,14.600000000000001,23.400000000000002,3.7000000000000006,16
1712,28702.0,1.1,-0.6000000000000001,0.30000000000000004,0.6000000000000001,0.6000000000000001,10.3,14.600000000000001,23.400000000000002,3.7000000000000006,16
1713,28718.0,1.1,-0.7000000000000001,-0.1,0.5,0.5,9.700000000000001,16.8,17.1,9.0,16
1714,28734.0,1.6,-1.0,-0.1,0.9,0.30000000000000004,9.700000000000001,17.9,9.8,8.3,16
1715,28751.0,2.1,-1.2000000000000002,0.0,1.3,0.2,9.8,18.7,1.2000000000000002,4.2,16
1716,28768.0,2.3000000000000003,-1.2000000000000002,0.0,1.6,0.30000000000000004,9.600000000000001,16.5,-6.000000000000001,-2.1,16
1717,28784.0,2.3000000000000003,-1.1,-0.4,1.5,0.4,9.3,12.000000000000002,-7.500000000000001,-6.8,16
1718,28801.0,1.9000000000000001,-0.9,-0.6000000000000001,1.2000000000000002,0.7000000000000001,9.1,5.6,-4.6000000000000005,-7.9,16
1719,28818.0,1.7000000000000002,-0.7000000000000001,-0.7000000000000001,0.8,1.0,9.1,0.9,1.2000000000000002,-4.5,16
1720,28834.0,1.3,-0.5,-0.6000000000000001,0.6000000000000001,1.0,9.200000000000001,-1.0999999999999999,6.1000000000000005,0.1,16
1721,28851.0,1.1,-0.5,-0.4,0.4,1.0,9.3,-2.7,6.4,1.8,16
1722,28878.0,0.9,-0.4,-0.30000000000000004,0.30000000000000004,1.1,9.4,-3.0000000000000004,4.0,0.30000000000000004,16
1723,28884.0,0.8,-0.4,-0.30000000000000004,0.0,1.1,9.4,-1.4,0.7,-1.4,16
1724,28902.0,0.6000000000000001,-0.30000000000000004,-0.5,-0.1,1.2000000000000002,9.200000000000001,1.0999999999999999,-1.3,-2.7,16
1725,28918.0,0.4,-0.30000000000000004,-0.9,-0.30000000000000004,1.2000000000000002,8.8,3.5,-2.3000000000000003,-4.0,16
1726,28935.0,0.30000000000000004,-0.2,-1.2000000000000002,-0.4,1.3,8.4,3.9,0.1,-4.800000000000001,16
1727,28951.0,0.0,-0.1,-1.4000000000000001,-0.7000000000000001,1.4000000000000001,8.3,1.6,2.3000000000000003,-4.7,16
1728,28974.0,-0.30000000000000004,-0.1,-1.5,-1.0,1.4000000000000001,8.200000000000001,-2.7,2.9,-4.3999999999999995,16
1729,28984.0,-0.4,-0.1,-1.4000000000000001,-1.2000000000000002,1.3,8.4,-9.5,1.6,-4.300000000000001,16
1730,29003.0,-0.6000000000000001,-0.2,-1.2000000000000002,-1.3,1.2000000000000002,8.5,-11.2,-7.400000000000001,-3.0000000000000004,16
1731,29017.0,-0.6000000000000001,-0.30000000000000004,-1.1,-1.3,1.2000000000000002,8.5,-10.600000000000001,-10.2,-0.9,16
1732,29034.0,-0.5,-0.4,-0.9,-1.2000000000000002,1.0,8.8,-6.4,-11.1,1.9,16
1733,29051.0,-0.6000000000000001,-0.30000000000000004,-0.7000000000000001,-1.3,1.0,9.0,-2.3000000000000003,-12.000000000000002,6.1000000000000005,16
1734,29075.0,-0.6000000000000001,-0.30000000000000004,-0.7000000000000001,-1.2000000000000002,1.1,9.0,-1.6,-13.4,10.1,16
1735,29085.0,-0.5,-0.2,-0.5,-1.2000000000000002,1.2000000000000002,9.3,-4.5,-13.9,13.0,16
1736,29101.0,-0.8,-0.1,-0.4,-1.4000000000000001,1.2000000000000002,9.3,-5.2,-10.5,18.5,16
1737,29117.0,-0.9,-0.2,-0.4,-1.4000000000000001,1.2000000000000002,9.3,-2.1,-8.600000000000001,23.5,16
1738,29134.0,-0.8,-0.1,-0.4,-1.3,1.3,9.3,2.8,-4.5,25.2,16
1739,29151.0,-1.0,0.0,-0.30000000000000004,-1.5,1.4000000000000001,9.3,8.799999999999999,-0.8,25.2,16
1740,29171.0,-1.2000000000000002,0.0,-0.5,-1.6,1.4000000000000001,9.1,12.9,0.1,23.900000000000002,16
1741,29184.0,-1.1,0.0,-0.7000000000000001,-1.6,1.5,8.9,10.1,2.9,21.6,16
1742,29201.0,-1.4000000000000001,0.1,-0.6000000000000001,-1.6,1.5,8.9,2.6,4.2,22.000000000000004,16
1743,29219.0,-1.5,0.1,-0.5,-1.9000000000000001,1.5,9.1,2.6,4.2,22.000000000000004,16
1744,29236.0,-1.1,0.2,-0.1,-1.6,1.6,9.8,-7.2,5.8,25.1,16
1745,29251.0,-0.8,0.2,0.4,-1.4000000000000001,1.5,10.200000000000001,-7.8,6.000000000000001,25.3,16
1746,29276.0,-0.5,0.0,0.7000000000000001,-1.0,1.4000000000000001,10.600000000000001,-9.700000000000001,5.7,25.5,16
1747,29284.0,-0.4,0.0,0.9,-1.0,1.4000000000000001,10.600000000000001,-9.700000000000001,5.7,25.5,16
1748,29301.0,-0.30000000000000004,0.0,1.0,-1.0,1.4000000000000001,10.8,-13.5,6.7,26.200000000000003,16
1749,29318.0,-0.30000000000000004,0.2,1.3,-1.0,1.5,11.100000000000001,-17.0,8.5,29.500000000000004,16
1750,29334.0,-0.2,0.30000000000000004,1.4000000000000001,-0.8,1.7000000000000002,11.3,-18.6,12.100000000000001,34.900000000000006,16
1751,29351.0,-0.1,0.4,1.6,-0.9,1.7000000000000002,11.4,-13.200000000000001,18.0,40.1,16
1752,29368.0,0.0,0.30000000000000004,1.8,-0.7000000000000001,1.5,11.5,-4.800000000000001,19.1,41.6,16
1753,29391.0,0.6000000000000001,0.0,1.5,-0.2,1.2000000000000002,11.3,-2.7,17.8,34.400000000000006,16
1754,29401.0,0.4,-0.1,1.4000000000000001,-0.7000000000000001,1.3,11.200000000000001,-7.400000000000001,16.0,26.500000000000004,16
1755,29418.0,0.1,0.2,1.5,-0.8,1.4000000000000001,11.3,-15.000000000000002,10.2,25.0,16
1756,29434.0,0.0,0.2,1.5,-0.8,1.4000000000000001,11.3,-15.000000000000002,10.2,25.0,16
1757,29451.0,0.30000000000000004,0.0,1.6,-0.4,0.9,11.5,-17.0,10.8,36.1,16
1758,29468.0,1.0,-0.5,1.9000000000000001,0.2,0.5,11.700000000000001,-10.600000000000001,8.200000000000001,36.4,16
1759,29484.0,1.5,-0.7000000000000001,1.8,0.2,0.5,11.700000000000001,-10.600000000000001,8.200000000000001,36.4,16
1760,29503.0,2.0,-1.0,1.4000000000000001,1.1,0.1,11.3,8.9,8.5,27.5,16
1761,29518.0,1.9000000000000001,-0.8,1.2000000000000002,0.9,0.30000000000000004,10.8,22.5,10.700000000000001,27.1,16
1762,29535.0,1.9000000000000001,-0.8,0.7000000000000001,0.9,0.30000000000000004,10.8,22.5,10.700000000000001,27.1,16
1763,29551.0,1.8,-0.8,-0.1,0.7000000000000001,0.5,9.4,36.800000000000004,16.900000000000002,27.8,16
1764,29568.0,1.6,-0.9,-0.8,0.6000000000000001,0.6000000000000001,8.9,35.9,15.8,24.200000000000003,16
1765,29590.0,1.4000000000000001,-1.0,-1.1,0.4,0.6000000000000001,8.6,34.50000000000001,10.4,19.0,16
1766,29602.0,1.5,-1.1,-1.4000000000000001,0.30000000000000004,0.6000000000000001,8.4,27.7,9.600000000000001,12.8,16
1767,29618.0,1.1,-0.8,-1.2000000000000002,0.0,0.9,8.4,19.700000000000003,3.2,11.700000000000001,16
1768,29634.0,1.1,-0.7000000000000001,-1.3,0.0,1.0,8.5,11.5,0.8,15.000000000000002,16
1769,29651.0,1.1,-0.7000000000000001,-1.1,0.2,1.0,8.6,2.4000000000000004,-4.5,17.400000000000002,16
1770,29668.0,1.4000000000000001,-0.8,-1.0,0.5,1.0,8.8,-5.4,-7.400000000000001,17.9,16
1771,29690.0,1.5,-0.7000000000000001,-0.5,0.5,0.9,9.200000000000001,-9.5,-9.0,16.2,16
1772,29703.0,1.4000000000000001,-0.8,-0.2,0.5,0.9,9.200000000000001,-9.4,-12.000000000000002,13.0,16
1773,29718.0,1.3,-0.8,-0.1,0.4,0.9,9.600000000000001,-5.500000000000001,-11.2,10.4,16
1774,29735.0,0.9,-0.7000000000000001,-0.2,0.1,1.0,9.5,0.0,-10.1,8.799999999999999,16
1775,29751.0,0.7000000000000001,-0.6000000000000001,-0.5,0.0,1.1,9.200000000000001,4.3999999999999995,-10.0,7.8,16
1776,29768.0,0.6000000000000001,-0.6000000000000001,-0.7000000000000001,-0.2,1.1,8.8,5.6,-9.5,5.7,16
1777,29793.0,0.1,-0.5,-1.3,-0.6000000000000001,1.3,8.4,-4.5,-13.8,1.3,16
1778,29801.0,0.0,-0.4,-1.3,-0.6000000000000001,1.3,8.4,-4.5,-13.8,1.3,16
1779,29818.0,-0.1,-0.30000000000000004,-1.3,-0.7000000000000001,1.3,8.5,-11.3,-14.700000000000001,2.4000000000000004,16
1780,29835.0,-0.1,-0.30000000000000004,-1.0,-0.6000000000000001,1.2000000000000002,8.700000000000001,-12.700000000000001,-11.4,5.1,16
1781,29851.0,0.0,-0.4,-0.9,-0.6000000000000001,1.2000000000000002,8.700000000000001,-8.0,-8.799999999999999,5.1,16
1782,29868.0,-0.2,-0.4,-1.1,-0.8,1.2000000000000002,8.6,-1.4,-3.7000000000000006,3.3000000000000003,16
1783,29889.0,-0.6000000000000001,-0.30000000000000004,-1.0,-1.2000000000000002,1.3,8.700000000000001,0.4,-1.0,0.7,16
1784,29904.0,-1.1,0.0,-0.8,-1.6,1.5,8.8,-2.9,-2.0,-1.0999999999999999,16
1785,29918.0,-1.2000000000000002,0.0,-0.7000000000000001,-1.7000000000000002,1.6,9.1,-6.8,-2.6,-1.0999999999999999,16
1786,29934.0,-1.2000000000000002,0.0,-0.30000000000000004,-1.7000000000000002,1.4000000000000001,9.4,-6.8,-3.9,-0.9,16
1787,29952.0,-0.8,-0.1,0.0,-1.3,1.4000000000000001,9.600000000000001,-4.2,-2.1999999999999997,-2.7,16
1788,29968.0,-0.9,-0.1,0.2,-1.7000000000000002,1.5,10.100000000000001,-2.0,-3.4,-4.0,16
1789,29987.0,-1.3,0.0,0.6000000000000001,-1.7000000000000002,1.5,10.3,-2.0,-3.4,-4.0,16
1790,30004.0,-0.8,0.2,0.6000000000000001,-1.3,1.7000000000000002,10.3,6.000000000000001,-5.500000000000001,3.6,16
1791,30018.0,-0.8,0.2,0.5,-1.4000000000000001,1.8,10.200000000000001,6.4,-3.8,7.0,16
1792,30034.0,-0.9,0.30000000000000004,0.5,-1.3,1.9000000000000001,10.200000000000001,5.2,-1.9,12.3,16
1793,30052.0,-0.7000000000000001,0.30000000000000004,0.8,-1.2000000000000002,1.9000000000000001,10.5,3.3000000000000003,-1.0999999999999999,16.8,16
1794,30068.0,-0.7000000000000001,0.4,1.0,-1.1,2.1,11.0,2.8,-4.5,19.700000000000003,16
1795,30089.0,-0.30000000000000004,0.6000000000000001,1.4000000000000001,-0.8,2.2,11.100000000000001,6.4,-5.9,20.8,16
1796,30101.0,-0.2,0.6000000000000001,1.3,-0.6000000000000001,2.2,10.9,13.200000000000001,-0.8,20.1,16
1797,30119.0,-0.4,0.7000000000000001,0.9,-0.8,2.4000000000000004,10.600000000000001,19.400000000000002,5.7,17.200000000000003,16
1798,30134.0,-0.6000000000000001,0.9,0.7000000000000001,-1.1,2.7,10.3,22.3,9.5,15.5,16
1799,30151.0,-0.9,1.1,0.6000000000000001,-1.5,2.9000000000000004,10.3,21.3,13.4,14.700000000000001,16
1800,30168.0,-1.0,1.0,1.0,-1.5,2.9000000000000004,10.700000000000001,13.3,5.7,13.6,16
1801,30188.0,-0.6000000000000001,0.7000000000000001,1.3,-0.7000000000000001,2.5,11.100000000000001,-6.8,-8.0,11.000000000000002,16
1802,30204.0,0.4,0.30000000000000004,1.4000000000000001,-0.1,2.1,11.100000000000001,-17.200000000000003,-5.7,11.4,16
1803,30219.0,0.30000000000000004,-0.4,1.5,-0.1,1.4000000000000001,11.200000000000001,-14.0,-1.2000000000000002,14.900000000000002,16
1804,30234.0,0.7000000000000001,-0.7000000000000001,1.5,0.5,1.1,11.200000000000001,-6.9,0.8,15.7,16
1805,30251.0,1.3,-0.7000000000000001,1.2000000000000002,0.8,1.1,10.9,6.2,2.0,15.299999999999999,16
1806,30268.0,1.5,-1.0,1.2000000000000002,1.1,0.9,11.0,21.1,8.0,17.400000000000002,16
1807,30290.0,2.0,-1.1,0.1,1.5,0.8,10.100000000000001,33.400000000000006,6.3,14.3,16
1808,30301.0,2.3000000000000003,-1.1,-0.6000000000000001,1.9000000000000001,0.9,8.9,39.300000000000004,11.000000000000002,7.699999999999999,16
1809,30318.0,2.3000000000000003,-1.0,-1.3,1.8,1.2000000000000002,8.3,35.199999999999996,15.299999999999999,-1.2000000000000002,16
1810,30334.0,2.1,-0.9,-1.5,1.6,1.3,8.0,21.5,11.9,-8.9,16
1811,30351.0,1.9000000000000001,-0.6000000000000001,-1.7000000000000002,1.3,1.6,8.0,6.4,12.5,-13.0,16
1812,30369.0,1.4000000000000001,-0.6000000000000001,-1.4000000000000001,0.8,1.6,8.3,-8.3,10.4,-15.299999999999999,16
1813,30391.0,1.3,-0.6000000000000001,-0.6000000000000001,0.7000000000000001,1.5,9.0,-21.400000000000002,2.0,-15.8,16
1814,30401.0,1.5,-0.8,-0.30000000000000004,1.1,1.2000000000000002,9.4,-26.9,-3.6,-16.700000000000003,16
1815,30417.0,1.9000000000000001,-0.9,-0.2,1.4000000000000001,1.0,9.4,-26.200000000000003,-3.7000000000000006,-19.200000000000003,16
1816,30436.0,1.6,-0.6000000000000001,-0.5,1.1,1.2000000000000002,9.200000000000001,-19.3,0.6000000000000001,-21.5,16
1817,30451.0,1.4000000000000001,-0.5,-0.8,0.7000000000000001,1.4000000000000001,8.8,-12.200000000000001,3.1,-22.8,16
1818,30468.0,0.8,-0.30000000000000004,-0.8,0.2,1.5,8.8,-11.3,2.6,-23.2,16
1819,30485.0,0.30000000000000004,-0.1,-1.2000000000000002,-0.2,1.6,8.5,-12.9,-3.3000000000000003,-22.900000000000002,16
1820,30501.0,0.1,0.0,-1.6,-0.6000000000000001,1.7000000000000002,8.0,-16.400000000000002,-6.5,-21.1,16
1821,30519.0,-0.4,0.1,-1.7000000000000002,-1.0,1.8,8.0,-18.7,-9.9,-18.7,16
1822,30535.0,-0.6000000000000001,0.2,-1.6,-1.1,1.8,8.1,-16.900000000000002,-14.900000000000002,-17.0,16
1823,30551.0,-0.6000000000000001,0.30000000000000004,-1.7000000000000002,-1.1,1.9000000000000001,7.9,-15.8,-17.400000000000002,-16.5,16
1824,30568.0,-0.7000000000000001,0.30000000000000004,-1.8,-1.1,1.8,7.9,-20.6,-23.3,-18.5,16
1825,30584.0,-0.8,0.4,-1.6,-1.1,1.8,8.3,-29.800000000000004,-36.1,-21.400000000000002,16
1826,30605.0,-0.8,0.5,-0.6000000000000001,-1.0,1.8,8.9,-38.6,-38.1,-19.700000000000003,16
1827,30618.0,-0.8,0.5,-0.2,-1.0,1.7000000000000002,9.5,-37.5,-30.4,-12.9,16
1828,30634.0,-0.7000000000000001,0.1,0.2,-0.8,1.3,9.9,-26.8,-21.700000000000003,-5.1,16
1829,30651.0,-0.4,0.2,0.4,-0.4,1.2000000000000002,10.100000000000001,-14.4,-13.8,-2.1,16
1830,30668.0,-0.4,0.0,0.4,-0.5,1.1,10.200000000000001,-7.1000000000000005,-8.5,-2.1999999999999997,16
1831,30685.0,-0.7000000000000001,0.30000000000000004,0.4,-0.8,1.3,10.100000000000001,-4.2,-7.9,-1.2000000000000002,16
1832,30701.0,-0.9,0.4,0.4,-1.0,1.5,10.100000000000001,-5.4,-7.6,3.4,16
1833,30717.0,-0.9,0.5,0.30000000000000004,-0.8,1.5,10.0,-6.1000000000000005,-5.2,8.799999999999999,16
1834,30735.0,-0.8,0.5,0.30000000000000004,-0.8,1.5,10.0,-6.1000000000000005,-5.2,8.799999999999999,16
1835,30753.0,-0.6000000000000001,0.5,0.30000000000000004,-0.7000000000000001,1.6,10.100000000000001,2.5,12.3,18.0,16
1836,30768.0,-0.5,0.6000000000000001,0.5,-0.5,1.7000000000000002,10.200000000000001,8.5,17.8,20.8,16
1837,30785.0,-0.2,0.7000000000000001,0.2,-0.30000000000000004,1.8,9.9,11.700000000000001,22.5,21.200000000000003,16
1838,30803.0,-0.2,0.7000000000000001,0.2,-0.4,1.9000000000000001,10.0,10.9,20.7,19.3,16
1839,30819.0,-0.1,0.8,0.4,-0.30000000000000004,1.9000000000000001,10.200000000000001,8.0,14.800000000000002,17.0,16
1840,30834.0,0.0,0.7000000000000001,0.5,-0.2,1.9000000000000001,10.200000000000001,6.3,7.400000000000001,14.600000000000001,16
1841,30851.0,0.2,0.7000000000000001,0.4,0.0,1.9000000000000001,10.100000000000001,5.500000000000001,2.3000000000000003,12.8,16
1842,30868.0,0.4,0.6000000000000001,0.30000000000000004,0.2,1.8,10.0,3.3000000000000003,-1.3,12.200000000000001,16
1843,30885.0,0.5,0.5,0.4,0.2,1.8,10.100000000000001,-1.2000000000000002,-4.5,13.100000000000001,16
1844,30902.0,0.2,0.7000000000000001,0.8,0.0,1.9000000000000001,10.5,-6.9,-4.2,16.8,16
1845,30919.0,0.2,0.7000000000000001,1.4000000000000001,0.2,1.9000000000000001,11.600000000000001,-10.8,-7.300000000000001,21.1,16
1846,30934.0,0.8,0.5,2.3000000000000003,0.7000000000000001,1.7000000000000002,12.100000000000001,-14.0,-12.5,22.1,16
1847,30951.0,1.1,0.30000000000000004,2.3000000000000003,1.1,1.4000000000000001,12.3,-13.100000000000001,-9.3,20.6,16
1848,30968.0,1.3,0.0,2.7,1.4000000000000001,1.1,12.5,-3.5,-3.7000000000000006,16.900000000000002,16
1849,30995.0,1.2000000000000002,-0.5,1.7000000000000002,0.9,0.6000000000000001,11.200000000000001,16.900000000000002,16.1,4.5,16
1850,31004.0,0.9,-0.6000000000000001,1.2000000000000002,0.9,0.6000000000000001,11.200000000000001,16.900000000000002,16.1,4.5,16
1851,31017.0,0.6000000000000001,-0.6000000000000001,0.6000000000000001,0.30000000000000004,0.7000000000000001,10.200000000000001,22.3,21.400000000000002,1.0999999999999999,16
1852,31034.0,0.0,-0.6000000000000001,-0.2,-0.2,0.8,9.600000000000001,21.700000000000003,23.1,1.8,16
1853,31051.0,-0.1,-0.7000000000000001,-0.6000000000000001,-0.30000000000000004,0.6000000000000001,9.3,18.8,18.6,3.5,16
1854,31067.0,0.2,-1.0,-0.8,0.1,0.2,9.0,13.100000000000001,12.000000000000002,3.3000000000000003,16
1855,31084.0,0.7000000000000001,-1.4000000000000001,-1.1,0.1,0.2,9.0,13.100000000000001,12.000000000000002,3.3000000000000003,16
1856,31101.0,0.7000000000000001,-1.4000000000000001,-1.1,0.4,0.0,8.8,9.200000000000001,6.5,3.6,16
1857,31119.0,0.8,-1.4000000000000001,-0.9,0.6000000000000001,0.0,9.0,8.0,2.8,10.600000000000001,16
1858,31134.0,1.1,-1.6,-0.8,0.8,-0.2,9.1,9.0,-1.0999999999999999,11.6,16
1859,31151.0,1.3,-1.7000000000000002,-0.7000000000000001,1.1,-0.2,9.1,9.200000000000001,-4.0,9.200000000000001,16
1860,31168.0,1.3,-1.7000000000000002,-0.7000000000000001,1.0,-0.1,9.1,6.7,-7.400000000000001,5.4,16
1861,31186.0,1.0,-1.5,-0.6000000000000001,0.8,0.0,9.200000000000001,2.0,-12.6,3.2,16
1862,31201.0,0.9,-1.5,-0.6000000000000001,0.8,0.0,9.200000000000001,2.0,-12.6,3.2,16
1863,31218.0,0.8,-1.2000000000000002,-0.4,0.7000000000000001,0.30000000000000004,9.4,-7.500000000000001,-20.0,4.9,16
1864,31234.0,0.8,-1.1,-0.4,0.8,0.4,9.4,-10.5,-19.9,5.500000000000001,16
1865,31251.0,0.7000000000000001,-0.9,-0.5,0.7000000000000001,0.5,9.3,-11.8,-16.3,5.6,16
1866,31268.0,0.7000000000000001,-0.8,-0.7000000000000001,0.7000000000000001,0.6000000000000001,9.0,-10.2,-10.700000000000001,5.0,16
1867,31285.0,0.4,-0.6000000000000001,-0.9,0.4,0.8,8.9,-8.200000000000001,-5.300000000000001,4.2,16
1868,31302.0,-0.1,-0.30000000000000004,-1.0,0.0,1.0,8.8,-6.1000000000000005,-3.2,4.5,16
1869,31318.0,-0.2,-0.1,-1.1,-0.2,1.2000000000000002,8.700000000000001,-4.3999999999999995,-4.300000000000001,5.300000000000001,16
1870,31334.0,-0.30000000000000004,-0.1,-1.1,-0.2,1.2000000000000002,8.700000000000001,-3.5,-8.799999999999999,4.1000000000000005,16
1871,31351.0,-0.30000000000000004,-0.2,-1.1,-0.1,1.1,8.6,-2.8,-15.9,0.4,16
1872,31367.0,-0.2,-0.2,-1.2000000000000002,0.0,1.1,8.6,-5.2,-18.6,-4.1000000000000005,16
1873,31386.0,-0.30000000000000004,-0.1,-1.2000000000000002,0.0,1.1,8.6,-9.0,-22.4,-6.8,16
1874,31401.0,-0.4,0.0,-1.1,-0.1,1.2000000000000002,8.6,-13.4,-22.000000000000004,-7.0,16
1875,31417.0,-0.5,0.1,-1.0,-0.1,1.2000000000000002,8.700000000000001,-15.399999999999999,-17.400000000000002,-5.8,16
1876,31434.0,-0.6000000000000001,0.1,-0.9,-0.30000000000000004,1.1,9.0,-17.0,-11.000000000000002,-7.1000000000000005,16
1877,31451.0,-1.0,0.0,-0.4,-0.6000000000000001,1.1,9.5,-18.7,-8.9,-10.700000000000001,16
1878,31468.0,-1.3,0.1,0.30000000000000004,-0.8,1.1,10.100000000000001,-21.0,-10.3,-14.0,16
1879,31484.0,-1.2000000000000002,0.1,0.7000000000000001,-0.7000000000000001,1.1,10.700000000000001,-22.6,-11.3,-14.700000000000001,16
1880,31522.0,-0.4,0.1,1.6,0.1,0.9,11.4,-11.5,-7.699999999999999,-14.800000000000002,16
1881,31535.0,-0.30000000000000004,0.1,1.6,0.30000000000000004,1.1,11.4,-0.5,-0.7,-13.8,16
1882,31563.0,-0.30000000000000004,0.6000000000000001,1.2000000000000002,0.2,1.4000000000000001,11.100000000000001,9.4,4.300000000000001,-11.4,16
1883,31568.0,-0.4,0.7000000000000001,1.2000000000000002,0.1,1.6,11.100000000000001,15.9,8.799999999999999,-7.9,16
1884,31584.0,-0.4,0.8,1.1,0.0,1.8,10.700000000000001,16.700000000000003,9.600000000000001,-5.500000000000001,16
1885,31601.0,-0.6000000000000001,0.9,0.5,-0.2,1.9000000000000001,10.200000000000001,15.299999999999999,11.5,-4.0,16
1886,31618.0,-0.8,1.0,0.0,-0.5,2.1,9.8,16.5,16.900000000000002,-1.9,16
1887,31634.0,-1.0,1.0,-0.2,-0.8,2.1,9.4,16.8,22.4,-0.2,16
1888,31651.0,-1.2000000000000002,0.9,-0.6000000000000001,-1.1,2.1,9.200000000000001,16.3,26.3,0.2,16
1889,31668.0,-1.4000000000000001,0.8,-0.5,-1.3,2.0,9.3,12.700000000000001,28.0,-0.8,16
1890,31684.0,-1.6,0.8,-0.2,-1.6,2.0,9.8,6.2,22.5,-0.9,16
1891,31701.0,-1.6,0.7000000000000001,0.6000000000000001,-1.5,1.9000000000000001,10.700000000000001,-1.7,8.1,0.8,16
1892,31718.0,-1.0,0.6000000000000001,1.6,-1.0,1.8,11.5,-12.100000000000001,-7.300000000000001,4.9,16
1893,31736.0,-0.1,0.30000000000000004,1.7000000000000002,-0.1,1.5,11.600000000000001,-15.7,-15.399999999999999,10.0,16
1894,31751.0,0.4,0.0,1.6,0.6000000000000001,1.1,11.3,-10.1,-15.299999999999999,11.000000000000002,16
1895,31767.0,0.8,-0.2,1.4000000000000001,0.9,1.0,11.3,-0.7,-10.4,8.200000000000001,16
1896,31784.0,0.8,-0.2,1.4000000000000001,0.9,1.0,11.200000000000001,7.8,-5.7,4.7,16
1897,31801.0,0.7000000000000001,-0.2,1.2000000000000002,0.9,0.9,10.9,11.6,-4.2,2.4000000000000004,16
1898,31817.0,0.8,-0.4,0.8,1.0,0.8,10.600000000000001,11.2,-6.1000000000000005,-0.1,16
1899,31834.0,0.9,-0.5,0.5,1.2000000000000002,0.6000000000000001,10.100000000000001,9.600000000000001,-7.400000000000001,-4.300000000000001,16
1900,31851.0,1.1,-0.7000000000000001,-0.1,1.4000000000000001,0.5,9.600000000000001,8.1,-5.500000000000001,-10.4,16
1901,31867.0,1.1,-0.8,-0.5,1.3,0.5,9.3,4.7,-2.4000000000000004,-16.6,16
1902,31884.0,1.0,-0.7000000000000001,-0.6000000000000001,1.3,0.5,9.3,-1.6,-2.8,-20.6,16
1903,31903.0,1.2000000000000002,-0.8,-0.6000000000000001,1.7000000000000002,0.4,9.3,-10.2,-5.500000000000001,-23.400000000000002,16
1904,31917.0,1.7000000000000002,-0.9,-0.6000000000000001,2.0,0.30000000000000004,9.200000000000001,-17.599999999999998,-7.500000000000001,-24.7,16
1905,31935.0,1.8,-0.9,-0.7000000000000001,2.1,0.30000000000000004,9.200000000000001,-18.7,-3.0000000000000004,-24.000000000000004,16
1906,31951.0,1.7000000000000002,-0.9,-0.6000000000000001,1.9000000000000001,0.2,9.3,-14.200000000000001,3.8,-22.4,16
1907,31968.0,1.6,-0.8,-0.4,1.8,0.30000000000000004,9.5,-7.6,7.400000000000001,-20.900000000000002,16
1908,31985.0,1.5,-0.7000000000000001,-0.4,1.8,0.30000000000000004,9.5,-7.6,7.400000000000001,-20.900000000000002,16
1909,32001.0,1.0,-0.4,-0.5,1.1,0.8,9.200000000000001,6.6000000000000005,5.1,-18.6,16
1910,32017.0,0.7000000000000001,-0.1,-0.7000000000000001,0.9,1.0,9.1,7.8,-2.6,-18.3,16
1911,32034.0,0.5,0.0,-0.8,0.9,1.0,9.1,7.8,-2.6,-18.3,16
1912,32050.0,0.30000000000000004,0.2,-1.0,0.6000000000000001,1.3,8.8,0.0,-11.5,-17.7,16
1913,32067.0,0.2,0.2,-1.2000000000000002,0.5,1.3,8.5,-1.6,-7.699999999999999,-17.0,16
1914,32084.0,0.0,0.2,-1.3,0.30000000000000004,1.3,8.5,-2.0,-1.3,-16.8,16
1915,32100.0,-0.30000000000000004,0.30000000000000004,-1.2000000000000002,-0.1,1.4000000000000001,8.6,-3.6,1.0999999999999999,-16.8,16
1916,32117.0,-0.7000000000000001,0.4,-1.0,-0.4,1.5,8.8,-6.7,-1.5000000000000002,-16.5,16
1917,32134.0,-0.8,0.30000000000000004,-0.8,-0.4,1.4000000000000001,9.0,-10.3,-5.9,-16.5,16
1918,32151.0,-0.7000000000000001,0.30000000000000004,-0.7000000000000001,-0.30000000000000004,1.3,9.1,-13.6,-7.8,-16.700000000000003,16
1919,32167.0,-0.6000000000000001,0.2,-0.6000000000000001,-0.2,1.3,9.200000000000001,-13.8,-7.500000000000001,-15.8,16
1920,32184.0,-0.6000000000000001,0.30000000000000004,-0.4,-0.2,1.3,9.4,-11.4,-4.6000000000000005,-12.8,16
1921,32201.0,-0.6000000000000001,0.30000000000000004,-0.30000000000000004,-0.30000000000000004,1.3,9.4,-7.9,-2.7,-9.200000000000001,16
1922,32217.0,-0.6000000000000001,0.4,-0.4,-0.4,1.4000000000000001,9.4,-4.5,-2.0,-6.3,16
1923,32235.0,-0.9,0.6000000000000001,-0.30000000000000004,-0.5,1.5,9.5,-2.1,-4.1000000000000005,-3.7000000000000006,16
1924,32251.0,-0.8,0.7000000000000001,-0.2,-0.5,1.7000000000000002,9.600000000000001,-2.1999999999999997,-6.4,-1.6,16
1925,32275.0,-0.8,0.8,-0.30000000000000004,-0.4,1.7000000000000002,9.5,-1.8,-3.5,0.7,16
1926,32284.0,-0.7000000000000001,0.8,-0.5,-0.4,1.8,9.3,1.5000000000000002,3.4,3.8,16
1927,32301.0,-0.8,0.8,-0.9,-0.5,1.8,8.9,4.800000000000001,15.399999999999999,7.699999999999999,16
1928,32317.0,-1.0,0.9,-0.8,-0.8,1.9000000000000001,9.0,5.9,22.8,9.9,16
1929,32334.0,-1.1,0.9,-0.5,-1.0,1.9000000000000001,9.200000000000001,4.5,23.1,10.4,16
1930,32351.0,-1.1,0.9,-0.6000000000000001,-1.1,2.0,9.1,1.0999999999999999,24.000000000000004,10.8,16
1931,32376.0,-1.1,0.9,-0.2,-1.2000000000000002,2.0,9.4,-5.1,22.5,12.8,16
1932,32384.0,-0.9,0.8,0.0,-1.0,1.8,9.8,-10.700000000000001,19.3,16.700000000000003,16
1933,32401.0,-0.30000000000000004,0.4,0.9,-1.0,1.8,9.8,-16.3,13.6,20.0,16
1934,32417.0,0.0,0.1,1.3,0.0,1.1,11.3,-17.3,7.400000000000001,21.400000000000002,16
1935,32434.0,0.7000000000000001,-0.2,1.9000000000000001,0.4,0.9,11.8,-11.3,7.9,22.5,16
1936,32451.0,0.8,-0.2,2.1,0.4,0.9,11.8,-11.3,7.9,22.5,16
1937,32476.0,1.0,-0.30000000000000004,2.7,0.7000000000000001,0.8,12.5,4.1000000000000005,7.9,23.400000000000002,16
1938,32484.0,1.1,-0.4,2.7,0.9,0.6000000000000001,12.4,6.1000000000000005,5.0,23.2,16
1939,32501.0,1.5,-0.7000000000000001,2.3000000000000003,1.2000000000000002,0.4,12.100000000000001,4.3999999999999995,3.3000000000000003,21.900000000000002,16
1940,32517.0,1.5,-0.8,2.1,1.1,0.2,11.700000000000001,0.7,5.1,20.8,16
1941,32535.0,1.2000000000000002,-0.9,1.6,0.8,0.2,11.4,-0.2,8.200000000000001,21.8,16
1942,32551.0,0.6000000000000001,-0.6000000000000001,1.5,0.30000000000000004,0.5,11.3,1.7,7.500000000000001,26.0,16
1943,32574.0,0.5,-0.5,1.1,0.2,0.5,11.0,5.6,3.0000000000000004,30.299999999999997,16
1944,32584.0,0.5,-0.5,0.8,0.2,0.6000000000000001,10.4,10.2,-1.9,31.8,16
1945,32601.0,0.4,-0.4,-0.2,0.2,0.7000000000000001,9.600000000000001,12.6,-4.5,32.6,16
1946,32617.0,0.4,-0.5,-0.6000000000000001,0.2,0.6000000000000001,9.1,13.0,-6.000000000000001,33.400000000000006,16
1947,32634.0,0.5,-0.7000000000000001,-0.8,0.30000000000000004,0.5,9.1,12.8,-8.3,33.0,16
1948,32651.0,0.6000000000000001,-0.9,-0.6000000000000001,0.5,0.30000000000000004,9.200000000000001,12.200000000000001,-15.100000000000001,30.100000000000005,16
1949,32668.0,0.9,-1.1,-0.9,0.8,0.1,8.9,11.8,-18.900000000000002,24.9,16
1950,32688.0,0.9,-1.2000000000000002,-1.1,0.8,0.0,8.700000000000001,13.9,-14.600000000000001,19.1,16
1951,32700.0,0.5,-1.2000000000000002,-1.1,0.5,0.1,8.700000000000001,16.6,-8.0,16.5,16
1952,32718.0,0.4,-1.2000000000000002,-0.8,0.4,0.2,9.0,17.5,-5.4,15.7,16
1953,32734.0,0.5,-1.3,-0.5,0.6000000000000001,0.1,9.4,12.6,-11.6,12.100000000000001,16
1954,32751.0,0.9,-1.4000000000000001,-0.5,1.1,0.0,9.200000000000001,4.800000000000001,-18.1,7.0,16
1955,32767.0,1.0,-1.5,-0.8,1.2000000000000002,-0.1,8.9,-1.8,-14.600000000000001,2.5,16
1956,32786.0,0.8,-1.5,-0.9,0.9,-0.1,8.8,-5.7,-8.700000000000001,0.6000000000000001,16
1957,32804.0,0.30000000000000004,-1.3,-0.9,0.5,0.0,8.9,-7.500000000000001,-2.8,2.3000000000000003,16
1958,32819.0,-0.1,-1.2000000000000002,-0.9,0.1,0.1,8.9,-7.300000000000001,0.4,5.300000000000001,16
1959,32834.0,-0.2,-1.2000000000000002,-0.9,-0.1,0.1,8.8,-5.8,0.30000000000000004,6.3,16
1960,32851.0,-0.5,-1.1,-0.9,-0.2,0.2,8.8,-3.4,-2.6,6.4,16
1961,32867.0,-0.5,-1.0,-1.0,-0.2,0.30000000000000004,8.700000000000001,-1.2000000000000002,-6.8,6.8,16
1962,32885.0,-0.4,-1.0,-1.1,0.0,0.30000000000000004,8.6,0.1,-7.400000000000001,7.400000000000001,16
1963,32907.0,0.1,-0.8,-1.1,0.30000000000000004,0.4,8.5,0.9,-6.1000000000000005,7.400000000000001,16
1964,32918.0,0.1,-0.7000000000000001,-1.1,0.4,0.5,8.5,-0.4,-3.4,6.7,16
1965,32934.0,0.0,-0.5,-1.0,0.30000000000000004,0.7000000000000001,8.8,-3.8,-2.0,6.6000000000000005,16
1966,32951.0,0.0,-0.30000000000000004,-0.6000000000000001,0.4,0.8,8.9,-8.3,-2.8,5.9,16
1967,32968.0,0.30000000000000004,-0.30000000000000004,-0.4,0.6000000000000001,0.8,9.1,-13.200000000000001,-3.2,3.1,16
1968,32996.0,0.1,-0.1,-0.1,0.5,0.9,9.4,-17.0,-2.4000000000000004,-0.7,16
1969,33008.0,-0.1,0.1,0.5,0.30000000000000004,1.0,9.8,-17.9,-2.3000000000000003,-2.4000000000000004,16
1970,33020.0,-0.1,0.2,0.7000000000000001,0.30000000000000004,1.1,10.3,-15.9,-2.5,-2.3000000000000003,16
1971,33034.0,-0.1,0.30000000000000004,0.9,0.4,1.2000000000000002,10.5,-10.1,-3.3000000000000003,-2.7,16
1972,33051.0,0.2,0.4,1.0,0.7000000000000001,1.3,10.5,-5.0,-4.6000000000000005,-5.7,16
1973,33067.0,0.4,0.6000000000000001,0.9,0.8,1.4000000000000001,10.4,-2.6,-4.3999999999999995,-10.0,16
1974,33084.0,0.4,0.6000000000000001,0.9,0.8,1.4000000000000001,10.4,-2.6,-4.3999999999999995,-10.0,16
1975,33101.0,0.1,0.9,0.6000000000000001,0.5,1.8,10.100000000000001,1.2000000000000002,-0.2,-14.500000000000002,16
1976,33118.0,0.0,1.1,0.7000000000000001,0.4,2.0,10.3,1.9,1.2000000000000002,-12.6,16
1977,33134.0,0.2,1.1,0.6000000000000001,0.6000000000000001,2.0,10.200000000000001,4.1000000000000005,-0.2,-12.000000000000002,16
1978,33151.0,0.2,1.1,0.6000000000000001,0.6000000000000001,2.0,10.200000000000001,6.6000000000000005,-1.2000000000000002,-13.6,16
1979,33167.0,0.1,1.1,0.5,0.4,2.1,10.100000000000001,10.5,-1.5000000000000002,-14.900000000000002,16
1980,33185.0,-0.4,1.2000000000000002,0.5,0.1,2.2,10.100000000000001,15.000000000000002,-1.5000000000000002,-14.500000000000002,16
1981,33205.0,-0.6000000000000001,1.1,0.6000000000000001,-0.2,2.2,10.100000000000001,18.400000000000002,-2.8,-13.200000000000001,16
1982,33220.0,-0.7000000000000001,1.0,0.6000000000000001,-0.30000000000000004,2.1,10.200000000000001,19.400000000000002,-5.4,-13.5,16
1983,33235.0,-0.8,0.8,0.7000000000000001,-0.4,2.0,10.3,19.9,-7.300000000000001,-15.2,16
1984,33251.0,-0.8,0.7000000000000001,0.8,-0.4,1.9000000000000001,10.5,19.700000000000003,-6.5,-17.0,16
1985,33267.0,-0.8,0.4,1.0,-0.4,1.7000000000000002,10.5,19.1,-2.4000000000000004,-18.7,16
1986,33286.0,-1.0,0.1,0.9,-0.6000000000000001,1.5,10.4,19.6,6.2,-19.8,16
1987,33301.0,-1.2000000000000002,0.0,1.0,-0.9,1.3,10.9,18.5,8.9,-21.0,16
1988,33317.0,-1.2000000000000002,-0.2,1.8,-0.8,1.1,11.4,7.2,-1.8,-21.5,16
1989,33334.0,-0.6000000000000001,-0.6000000000000001,1.4000000000000001,-0.2,0.9,10.9,-6.000000000000001,-9.200000000000001,-20.4,16
1990,33351.0,-0.30000000000000004,-0.8,1.3,0.1,0.4,10.9,-9.9,-2.1999999999999997,-19.200000000000003,16
1991,33367.0,0.0,-1.2000000000000002,1.2000000000000002,0.30000000000000004,0.2,10.8,-8.9,4.9,-18.900000000000002,16
1992,33388.0,0.0,-1.2000000000000002,1.0,0.30000000000000004,0.2,10.600000000000001,-3.4,13.9,-17.0,16
1993,33401.0,0.0,-1.1,0.8,0.2,0.2,10.3,2.3000000000000003,18.6,-16.6,16
1994,33418.0,0.0,-1.2000000000000002,0.4,0.1,0.2,9.9,3.6,18.900000000000002,-18.400000000000002,16
1995,33435.0,-0.2,-1.1,0.1,-0.1,0.30000000000000004,9.700000000000001,0.8,16.2,-19.400000000000002,16
1996,33453.0,-0.30000000000000004,-0.9,-0.1,-0.2,0.4,9.600000000000001,-1.0999999999999999,11.6,-16.1,16
1997,33467.0,-0.2,-0.9,-0.1,-0.1,0.4,9.5,-2.5,5.500000000000001,-10.0,16
1998,33488.0,0.2,-1.0,-0.4,0.30000000000000004,0.4,9.200000000000001,-4.0,-1.8,-4.800000000000001,16
1999,33501.0,0.30000000000000004,-0.9,-0.5,0.5,0.5,9.0,-5.1,-6.9,-1.2000000000000002,16
2000,33518.0,0.4,-0.7000000000000001,-0.7000000000000001,0.5,0.7000000000000001,9.0,-6.6000000000000005,-9.5,3.5,16
2001,33534.0,0.5,-0.5,-0.6000000000000001,0.7000000000000001,0.8,9.1,-7.300000000000001,-12.000000000000002,8.4,16
2002,33551.0,0.7000000000000001,-0.5,-0.5,1.0,0.8,9.200000000000001,-6.7,-12.9,10.4,16
2003,33568.0,1.0,-0.4,-0.30000000000000004,1.2000000000000002,0.8,9.3,-3.4,-11.8,9.5,16
2004,33584.0,1.0,-0.30000000000000004,-0.30000000000000004,1.2000000000000002,0.9,9.3,0.4,-9.5,7.8,16
2005,33603.0,0.8,-0.30000000000000004,-0.5,1.1,0.9,9.1,2.4000000000000004,-9.0,5.6,16
2006,33618.0,0.6000000000000001,-0.30000000000000004,-0.7000000000000001,0.8,0.9,8.6,3.2,-7.8,3.3000000000000003,16
2007,33634.0,0.30000000000000004,-0.2,-1.4000000000000001,0.6000000000000001,1.0,8.1,0.6000000000000001,-3.1,2.0,16
2008,33651.0,-0.2,-0.1,-1.7000000000000002,0.1,1.2000000000000002,7.800000000000001,-5.6,1.0,2.7,16
2009,33667.0,-0.5,0.0,-1.7000000000000002,-0.30000000000000004,1.2000000000000002,8.0,-14.800000000000002,-1.2000000000000002,4.7,16
2010,33686.0,-0.7000000000000001,0.1,-1.2000000000000002,-0.4,1.3,8.5,-22.6,-5.8,7.400000000000001,16
2011,33705.0,-0.8,0.30000000000000004,-0.5,-0.4,1.3,9.1,-26.700000000000003,-11.1,10.5,16
2012,33719.0,-0.7000000000000001,0.30000000000000004,-0.1,-0.2,1.3,9.700000000000001,-25.400000000000002,-14.600000000000001,13.9,16
2013,33734.0,-0.4,0.4,0.4,0.2,1.3,10.0,-18.7,-17.3,15.5,16
2014,33751.0,0.1,0.4,0.4,0.6000000000000001,1.3,10.0,-9.5,-15.8,14.700000000000001,16
2015,33768.0,0.30000000000000004,0.4,0.30000000000000004,0.8,1.4000000000000001,9.8,-1.0999999999999999,-8.5,13.100000000000001,16
2016,33785.0,0.2,0.6000000000000001,0.0,0.7000000000000001,1.6,9.5,6.5,0.6000000000000001,12.9,16
2017,33802.0,0.0,0.8,-0.30000000000000004,0.6000000000000001,1.8,9.3,10.5,8.600000000000001,14.200000000000001,16
2018,33818.0,-0.1,1.0,-0.30000000000000004,0.5,2.0,9.200000000000001,9.9,11.3,14.800000000000002,16
2019,33834.0,0.0,1.0,-0.4,0.5,2.0,9.200000000000001,5.4,9.4,13.4,16
2020,33851.0,0.1,1.0,-0.4,0.5,2.0,9.1,-0.4,8.200000000000001,11.700000000000001,16
2021,33867.0,-0.1,1.1,-0.5,0.2,2.1,9.1,-3.6,9.5,13.100000000000001,16
2022,33884.0,-0.4,1.1,-0.30000000000000004,-0.1,2.1,9.4,-4.2,12.5,17.7,16
2023,33902.0,-0.6000000000000001,1.1,0.2,-0.2,2.1,9.8,-2.1,11.9,22.5,16
2024,33918.0,-0.4,1.0,0.6000000000000001,0.0,2.0,10.200000000000001,1.4,9.0,23.8,16
2025,33934.0,-0.30000000000000004,0.9,0.7000000000000001,0.0,1.9000000000000001,10.4,5.0,6.1000000000000005,22.000000000000004,16
2026,33951.0,-0.30000000000000004,0.8,0.8,0.0,1.8,10.4,8.799999999999999,4.9,19.9,16
2027,33968.0,-0.4,0.7000000000000001,0.9,-0.1,1.7000000000000002,10.5,11.3,5.2,18.400000000000002,16
2028,33988.0,-0.6000000000000001,0.5,1.0,-0.30000000000000004,1.6,10.5,10.600000000000001,4.1000000000000005,19.3,16
2029,34003.0,-0.6000000000000001,0.4,1.0,-0.30000000000000004,1.5,10.700000000000001,10.3,3.4,22.900000000000002,16
2030,34017.0,-0.2,0.1,1.2000000000000002,0.1,1.2000000000000002,10.9,13.200000000000001,5.4,26.8,16
2031,34034.0,0.1,-0.1,1.5,0.5,1.0,11.100000000000001,14.600000000000001,3.4,27.2,16
2032,34054.0,0.5,-0.30000000000000004,1.3,0.8,0.9,10.9,11.9,-0.2,26.6,16
2033,34067.0,0.6000000000000001,-0.30000000000000004,1.3,0.9,0.9,10.9,6.2,-2.7,27.5,16
2034,34084.0,0.7000000000000001,-0.30000000000000004,1.3,1.1,0.8,11.0,-3.0000000000000004,-5.300000000000001,30.000000000000004,16
2035,34101.0,0.9,-0.5,1.5,1.4000000000000001,0.6000000000000001,11.3,-11.700000000000001,-7.699999999999999,31.6,16
2036,34118.0,1.3,-0.9,2.0,1.8,0.2,11.600000000000001,-16.3,-9.200000000000001,31.4,16
2037,34135.0,1.5,-1.1,2.1,2.0,-0.1,11.8,-14.800000000000002,-7.6,30.4,16
2038,34151.0,1.5,-1.1,2.2,1.9000000000000001,0.0,11.700000000000001,-4.3999999999999995,-1.6,31.3,16
2039,34167.0,1.3,-1.0,1.1,1.8,0.1,10.8,11.700000000000001,6.2,32.1,16
2040,34185.0,1.1,-1.0,0.2,1.6,0.2,10.0,26.400000000000002,17.3,31.0,16
2041,34208.0,0.7000000000000001,-0.8,-0.8,1.2000000000000002,0.4,9.1,36.2,22.6,28.6,16
2042,34217.0,0.5,-0.8,-1.1,0.9,0.5,8.6,37.300000000000004,22.1,25.900000000000002,16
2043,34234.0,0.4,-0.7000000000000001,-1.3,0.7000000000000001,0.8,8.3,31.900000000000002,16.5,24.3,16
2044,34251.0,0.30000000000000004,-0.6000000000000001,-1.4000000000000001,0.7000000000000001,0.8,8.3,31.900000000000002,16.5,24.3,16
2045,34267.0,0.30000000000000004,-0.6000000000000001,-1.4000000000000001,0.7000000000000001,0.8,8.3,31.900000000000002,16.5,24.3,16
2046,34285.0,0.6000000000000001,-0.9,-1.3,0.9,0.6000000000000001,8.3,7.9,0.0,13.5,16
2047,34301.0,0.5,-0.9,-1.1,0.9,0.6000000000000001,8.6,0.5,-5.1,8.9,16
2048,34317.0,0.6000000000000001,-0.9,-0.6000000000000001,1.0,0.5,9.0,-6.9,-10.3,4.3999999999999995,16
2049,34334.0,0.7000000000000001,-1.0,-0.5,1.3,0.4,9.3,-12.5,-13.4,-0.6000000000000001,16
2050,34351.0,0.9,-1.1,-0.2,1.3,0.30000000000000004,9.4,-14.3,-10.700000000000001,-4.9,16
2051,34367.0,0.6000000000000001,-1.2000000000000002,-0.1,1.1,0.2,9.5,-13.9,-6.8,-7.9,16
2052,34384.0,0.30000000000000004,-1.2000000000000002,-0.1,0.8,0.2,9.5,-12.6,-3.6,-9.5,16
2053,34401.0,0.1,-1.1,-0.2,0.5,0.30000000000000004,9.3,-10.600000000000001,0.1,-9.200000000000001,16
2054,34417.0,-0.1,-0.8,-0.5,0.4,0.4,9.0,-9.1,2.4000000000000004,-8.9,16
2055,34434.0,-0.1,-0.8,-0.7000000000000001,0.30000000000000004,0.5,8.700000000000001,-9.9,3.2,-10.700000000000001,16
2056,34452.0,-0.30000000000000004,-0.7000000000000001,-1.0,0.0,0.6000000000000001,8.5,-12.100000000000001,2.5,-12.700000000000001,16
2057,34469.0,-0.6000000000000001,-0.5,-1.0,-0.2,0.6000000000000001,8.6,-16.2,-1.0,-13.9,16
2058,34485.0,-0.8,-0.4,-0.8,-0.30000000000000004,0.7000000000000001,8.8,-21.5,-6.2,-14.0,16
2059,34504.0,-0.8,-0.30000000000000004,-0.6000000000000001,-0.2,0.7000000000000001,9.1,-25.400000000000002,-9.200000000000001,-13.0,16
2060,34518.0,-0.6000000000000001,-0.2,-0.30000000000000004,-0.1,0.7000000000000001,9.3,-26.8,-11.4,-12.8,16
2061,34534.0,-0.5,-0.2,-0.2,-0.1,0.7000000000000001,9.3,-26.8,-11.4,-12.8,16
2062,34551.0,-0.5,-0.1,0.1,0.0,0.7000000000000001,9.9,-21.900000000000002,-5.0,-17.3,16
2063,34567.0,-0.6000000000000001,-0.1,0.6000000000000001,-0.1,0.7000000000000001,10.200000000000001,-17.200000000000003,-3.2,-20.6,16
2064,34584.0,-0.7000000000000001,0.0,0.7000000000000001,-0.1,0.7000000000000001,10.3,-12.000000000000002,-3.0000000000000004,-23.6,16
2065,34601.0,-0.7000000000000001,0.1,0.7000000000000001,-0.1,0.9,10.3,-9.1,-4.0,-26.0,16
2066,34617.0,-0.6000000000000001,0.2,0.7000000000000001,0.0,0.9,10.4,-9.5,-5.2,-27.400000000000002,16
2067,34634.0,-0.5,0.2,0.8,0.0,0.9,10.4,-9.5,-5.2,-27.400000000000002,16
2068,34651.0,-0.30000000000000004,0.1,0.9,0.30000000000000004,0.7000000000000001,10.600000000000001,-13.3,-7.6,-27.3,16
2069,34671.0,-0.2,-0.2,0.8,0.4,0.5,10.5,-9.8,-3.1,-25.2,16
2070,34684.0,-0.6000000000000001,-0.1,0.4,-0.1,0.5,10.0,-0.9,-0.4,-23.3,16
2071,34701.0,-0.6000000000000001,-0.1,0.4,-0.1,0.5,10.0,-0.9,-0.4,-23.3,16
2072,34718.0,-1.2000000000000002,0.0,0.30000000000000004,-0.7000000000000001,0.6000000000000001,9.9,11.000000000000002,0.4,-17.1,16
2073,34734.0,-1.3,0.0,0.1,-0.8,0.7000000000000001,9.8,10.4,-6.3,-15.8,16
2074,34751.0,-1.3,0.1,0.1,-0.8,0.8,9.700000000000001,8.0,-10.2,-15.8,16
2075,34768.0,-1.3,0.2,0.0,-0.7000000000000001,0.9,9.700000000000001,4.7,-10.600000000000001,-16.400000000000002,16
2076,34786.0,-1.2000000000000002,0.2,0.2,-0.7000000000000001,0.9,9.9,0.7,-7.6,-16.6,16
2077,34801.0,-1.2000000000000002,0.1,0.4,-0.6000000000000001,0.9,10.3,-1.2000000000000002,-3.9,-15.9,16
2078,34818.0,-1.0,0.1,0.8,-0.5,0.8,10.700000000000001,-1.7,-1.0,-15.6,16
2079,34834.0,-0.8,0.0,1.2000000000000002,-0.30000000000000004,0.7000000000000001,11.100000000000001,-0.5,-0.5,-16.400000000000002,16
2080,34852.0,-0.5,0.0,1.5,-0.1,0.7000000000000001,11.3,3.4,-2.4000000000000004,-18.5,16
2081,34867.0,-0.4,-0.1,1.6,0.1,0.7000000000000001,11.4,8.600000000000001,-4.3999999999999995,-20.2,16
2082,34884.0,0.1,-0.2,1.3,0.6000000000000001,0.5,11.0,14.100000000000001,-0.7,-23.2,16
2083,34901.0,0.6000000000000001,-0.4,0.2,1.0,0.4,10.100000000000001,14.200000000000001,11.6,-31.0,16
2084,34917.0,0.4,-0.4,-0.2,0.4,0.6000000000000001,9.5,8.600000000000001,24.7,-39.300000000000004,16
2085,34934.0,-0.8,0.0,-0.7000000000000001,-0.8,0.9,9.3,0.30000000000000004,38.1,-40.9,16
2086,34951.0,-1.9000000000000001,0.2,0.1,-1.8,1.0,10.0,-11.3,35.4,-37.4,16
2087,34969.0,-2.0,0.2,0.9,-1.8,0.9,10.9,-28.700000000000003,13.0,-29.800000000000004,16
2088,34986.0,-1.3,-0.1,0.9,-1.2000000000000002,0.5,10.8,-38.7,2.1999999999999997,-22.5,16
2089,35002.0,-0.9,-0.5,0.8,-0.9,0.1,10.700000000000001,-30.5,0.8,-17.9,16
2090,35017.0,-0.9,-0.4,0.7000000000000001,-0.9,0.30000000000000004,10.600000000000001,-13.9,7.1000000000000005,-13.3,16
2091,35034.0,-0.9,0.1,0.4,-1.0,0.6000000000000001,10.200000000000001,7.300000000000001,15.2,-5.6,16
2092,35050.0,-0.9,0.2,0.1,-0.8,0.8,10.100000000000001,7.300000000000001,15.2,-5.6,16
2093,35072.0,-0.2,0.30000000000000004,0.1,-0.5,1.0,10.0,24.9,5.300000000000001,3.5,16
2094,35084.0,0.1,0.2,-0.2,0.0,0.9,9.600000000000001,24.7,1.0999999999999999,2.5,16
2095,35100.0,0.6000000000000001,0.1,-0.6000000000000001,0.4,1.0,9.3,24.6,1.2000000000000002,0.4,16
2096,35118.0,1.0,0.1,-0.7000000000000001,0.8,1.0,9.200000000000001,22.000000000000004,-0.30000000000000004,-1.2000000000000002,16
2097,35136.0,1.3,0.0,-0.5,1.2000000000000002,0.8,9.4,12.4,-7.9,-4.1000000000000005,16
2098,35152.0,1.6,-0.30000000000000004,-0.30000000000000004,1.5,0.6000000000000001,9.600000000000001,-2.4000000000000004,-23.2,-8.9,16
2099,35167.0,1.8,-0.30000000000000004,-0.30000000000000004,1.9000000000000001,0.6000000000000001,9.5,-16.700000000000003,-33.900000000000006,-13.3,16
2100,35184.0,2.0,-0.30000000000000004,-0.30000000000000004,2.2,0.5,9.600000000000001,-24.1,-32.0,-13.200000000000001,16
2101,35202.0,2.1,-0.30000000000000004,-0.2,2.2,0.5,9.600000000000001,-24.1,-32.0,-13.200000000000001,16
2102,35217.0,2.8000000000000003,-0.5,-0.6000000000000001,3.0,0.2,9.3,-15.5,-15.5,-8.3,16
2103,35234.0,2.7,-0.5,-0.8,2.9000000000000004,0.30000000000000004,9.1,-13.700000000000001,-6.9,-9.9,16
2104,35251.0,2.4000000000000004,-0.2,-1.3,2.6,0.5,8.5,-11.6,-2.4000000000000004,-8.9,16
2105,35268.0,1.7000000000000002,0.1,-2.1,2.1,0.6000000000000001,7.800000000000001,-11.4,2.8,-7.2,16
2106,35284.0,1.4000000000000001,0.2,-1.8,1.6,0.9,8.200000000000001,-16.0,-2.3000000000000003,-6.9,16
2107,35301.0,1.1,0.4,-1.6,1.4000000000000001,0.9,8.200000000000001,-21.3,-10.700000000000001,-8.1,16
2108,35317.0,0.8,0.6000000000000001,-1.9000000000000001,1.2000000000000002,1.0,8.0,-21.900000000000002,-15.100000000000001,-9.9,16
2109,35334.0,0.7000000000000001,0.6000000000000001,-1.9000000000000001,1.0,1.1,7.800000000000001,-19.400000000000002,-13.0,-11.2,16
2110,35351.0,0.1,0.9,-2.0,0.4,1.3,7.9,-16.8,-7.6,-9.8,16
2111,35367.0,-0.7000000000000001,1.0,-1.3,-0.2,1.3,8.5,-16.6,-6.6000000000000005,-6.2,16
2112,35384.0,-0.9,1.1,-1.0,-0.5,1.4000000000000001,9.0,-20.0,-10.4,-1.3,16
2113,35401.0,-1.2000000000000002,1.2000000000000002,-0.2,-0.6000000000000001,1.4000000000000001,9.700000000000001,-22.6,-14.3,5.1,16
2114,35418.0,-1.1,1.1,0.5,-0.4,1.2000000000000002,10.3,-18.8,-14.4,11.5,16
2115,35435.0,-0.8,0.9,0.9,0.1,1.0,10.9,-5.8,-11.6,15.299999999999999,16
2116,35451.0,-0.4,0.8,1.2000000000000002,0.1,1.0,10.9,-5.8,-11.6,15.299999999999999,16
2117,35478.0,0.0,0.8,-0.1,0.5,1.1,9.700000000000001,30.200000000000003,9.600000000000001,7.0,16
2118,35484.0,0.0,0.8,-0.1,0.5,1.1,9.700000000000001,30.200000000000003,9.600000000000001,7.0,16
2119,35503.0,-0.6000000000000001,1.1,-0.2,-0.30000000000000004,1.5,9.5,19.500000000000004,7.699999999999999,6.4,16
2120,35517.0,-1.2000000000000002,1.2000000000000002,-0.5,-0.7000000000000001,1.7000000000000002,9.3,4.300000000000001,4.0,11.5,16
2121,35534.0,-1.3,1.3,-0.4,-0.5,1.6,9.600000000000001,-7.9,3.4,19.400000000000002,16
2122,35551.0,-0.8,1.1,0.0,-0.1,1.4000000000000001,10.0,-10.3,7.6,24.7,16
2123,35573.0,-0.5,0.9,0.5,0.0,1.3,10.3,-1.7,13.3,25.900000000000002,16
2124,35584.0,-0.5,0.9,0.5,-0.1,1.2000000000000002,10.4,9.700000000000001,16.8,24.000000000000004,16
2125,35601.0,-0.7000000000000001,0.9,0.5,-0.4,1.3,10.3,16.2,13.200000000000001,20.0,16
2126,35620.0,-0.9,1.0,0.4,-0.5,1.5,10.3,14.600000000000001,3.1,16.2,16
2127,35634.0,-0.7000000000000001,1.0,0.6000000000000001,0.0,1.5,10.5,4.1000000000000005,-6.4,14.800000000000002,16
2128,35651.0,0.1,0.9,1.0,0.9,1.3,10.9,-5.2,-10.2,14.600000000000001,16
2129,35679.0,1.6,0.30000000000000004,1.3,2.1,0.8,11.200000000000001,-5.300000000000001,8.200000000000001,13.100000000000001,16
2130,35684.0,1.6,0.4,1.3,2.1,0.8,11.200000000000001,-5.300000000000001,8.200000000000001,13.100000000000001,16
2131,35701.0,1.1,0.4,1.3,1.2000000000000002,1.0,11.100000000000001,4.0,23.700000000000003,16.0,16
2132,35717.0,0.0,0.7000000000000001,0.9,0.30000000000000004,1.2000000000000002,10.8,12.5,33.2,21.900000000000002,16
2133,35735.0,-0.7000000000000001,1.0,1.4000000000000001,-0.5,1.5,11.3,21.5,35.1,29.400000000000002,16
2134,35751.0,-0.7000000000000001,1.0,1.6,-0.4,1.5,11.5,24.400000000000002,20.7,35.1,16
2135,35773.0,-0.2,0.7000000000000001,1.5,0.1,1.3,11.3,19.500000000000004,6.1000000000000005,35.7,16
2136,35784.0,0.4,0.30000000000000004,1.1,0.6000000000000001,1.1,11.0,16.3,-3.7000000000000006,33.900000000000006,16
2137,35801.0,0.7000000000000001,0.1,0.8,1.1,0.7000000000000001,10.5,14.100000000000001,-5.4,30.299999999999997,16
2138,35818.0,1.1,-0.4,0.2,1.4000000000000001,0.4,10.100000000000001,13.9,0.9,28.400000000000002,16
2139,35834.0,1.3,-0.6000000000000001,0.0,1.4000000000000001,0.4,10.100000000000001,13.9,0.9,28.400000000000002,16
2140,35851.0,1.2000000000000002,-0.8,0.1,1.6,0.1,10.100000000000001,22.6,14.100000000000001,28.200000000000003,16
2141,35868.0,1.7000000000000002,-1.0,0.1,2.0,-0.1,9.9,27.900000000000002,14.4,24.9,16
2142,35892.0,2.2,-1.3,-0.4,2.3000000000000003,-0.2,9.5,30.9,12.9,17.200000000000003,16
2143,35904.0,2.0,-1.3,-1.0,2.1,-0.2,8.9,30.299999999999997,12.5,9.3,16
2144,35918.0,1.6,-1.2000000000000002,-1.3,1.6,0.1,8.5,25.400000000000002,11.9,6.3,16
2145,35934.0,1.2000000000000002,-1.1,-1.5,1.3,0.2,8.3,16.3,9.8,7.300000000000001,16
2146,35951.0,1.1,-1.0,-1.4000000000000001,1.0,0.30000000000000004,8.6,4.9,4.3999999999999995,9.8,16
2147,35967.0,1.0,-0.9,-0.9,1.2000000000000002,0.30000000000000004,9.0,-4.300000000000001,-2.8,11.700000000000001,16
2148,35997.0,1.2000000000000002,-0.8,-0.2,1.4000000000000001,0.5,9.8,-10.600000000000001,-14.100000000000001,12.200000000000001,16
2149,36005.0,1.2000000000000002,-0.7000000000000001,0.1,1.4000000000000001,0.5,9.8,-10.600000000000001,-14.100000000000001,12.200000000000001,16
2150,36018.0,1.2000000000000002,-0.5,0.2,1.5,0.7000000000000001,10.0,-7.300000000000001,-16.3,14.3,16
2151,36034.0,1.4000000000000001,-0.30000000000000004,0.1,1.7000000000000002,0.9,9.9,-3.0000000000000004,-15.399999999999999,15.100000000000001,16
2152,36050.0,1.4000000000000001,-0.1,-0.30000000000000004,1.8,1.0,9.5,0.4,-13.700000000000001,12.6,16
2153,36067.0,1.4000000000000001,0.0,-0.7000000000000001,1.7000000000000002,1.2000000000000002,8.9,2.1,-7.8,8.3,16
2154,36084.0,1.1,0.1,-1.3,1.5,1.3,8.4,0.30000000000000004,-2.6,2.7,16
2155,36101.0,0.8,0.1,-1.7000000000000002,1.2000000000000002,1.3,8.1,-5.7,0.2,-3.5,16
2156,36117.0,0.6000000000000001,0.1,-1.6,0.9,1.2000000000000002,8.3,-13.700000000000001,1.0,-9.200000000000001,16
2157,36134.0,0.2,0.1,-1.2000000000000002,0.6000000000000001,1.2000000000000002,8.700000000000001,-19.0,-0.30000000000000004,-11.9,16
2158,36151.0,0.30000000000000004,0.2,-0.9,0.6000000000000001,1.2000000000000002,8.8,-22.1,-0.8,-12.4,16
2159,36167.0,0.30000000000000004,0.30000000000000004,-0.9,0.8,1.2000000000000002,8.9,-24.8,-1.0,-14.600000000000001,16
2160,36189.0,0.5,0.30000000000000004,-0.7000000000000001,0.8,1.2000000000000002,9.1,-27.7,0.6000000000000001,-18.7,16
2161,36200.0,0.4,0.4,-0.5,0.8,1.2000000000000002,9.1,-27.7,0.6000000000000001,-18.7,16
2162,36217.0,0.2,0.4,-0.1,0.6000000000000001,1.1,9.700000000000001,-27.6,2.6,-26.500000000000004,16
2163,36234.0,0.0,0.5,0.1,0.4,1.1,10.0,-22.2,3.6,-29.000000000000004,16
2164,36251.0,0.0,0.5,0.1,0.30000000000000004,1.1,9.9,-14.500000000000002,5.2,-30.000000000000004,16
2165,36267.0,0.0,0.4,0.1,0.30000000000000004,1.0,9.8,-7.1000000000000005,6.3,-30.799999999999997,16
2166,36291.0,0.2,0.30000000000000004,-0.1,0.4,0.9,9.700000000000001,-2.5,7.699999999999999,-32.300000000000004,16
2167,36304.0,0.1,0.30000000000000004,-0.30000000000000004,0.30000000000000004,0.8,9.5,-1.4,9.9,-34.1,16
2168,36318.0,-0.1,0.30000000000000004,-0.4,-0.1,0.9,9.3,-0.8,13.100000000000001,-32.7,16
2169,36334.0,-0.6000000000000001,0.4,-0.5,-0.5,1.0,9.3,-0.8,16.8,-27.1,16
2170,36351.0,-0.8,0.4,-0.2,-0.7000000000000001,1.0,9.600000000000001,-0.4,16.1,-21.1,16
2171,36367.0,-0.7000000000000001,0.30000000000000004,0.0,-0.5,0.9,9.9,0.2,12.6,-19.0,16
2172,36389.0,-0.5,0.30000000000000004,0.6000000000000001,-0.5,0.9,10.3,3.4,8.600000000000001,-19.200000000000003,16
2173,36401.0,-0.4,0.30000000000000004,0.8,-0.4,0.9,10.600000000000001,7.1000000000000005,2.3000000000000003,-19.6,16
2174,36417.0,-0.30000000000000004,0.30000000000000004,0.9,-0.30000000000000004,1.0,10.700000000000001,11.1,-0.9,-20.0,16
2175,36434.0,-0.30000000000000004,0.4,0.9,-0.30000000000000004,1.2000000000000002,10.700000000000001,13.4,-1.0,-19.1,16
2176,36451.0,-0.30000000000000004,0.5,0.9,-0.30000000000000004,1.2000000000000002,10.700000000000001,13.4,-1.0,-19.1,16
2177,36467.0,-0.2,0.7000000000000001,1.0,-0.30000000000000004,1.4000000000000001,10.8,10.9,3.4,-15.000000000000002,16
2178,36488.0,-0.30000000000000004,0.4,1.5,-0.30000000000000004,1.3,11.100000000000001,7.400000000000001,3.4,-15.299999999999999,16
2179,36502.0,-0.4,0.4,1.7000000000000002,-0.4,1.1,11.600000000000001,0.5,-2.0,-16.3,16
2180,36518.0,-0.5,0.2,1.7000000000000002,-0.5,1.0,11.5,-6.1000000000000005,-7.0,-13.8,16
2181,36535.0,-0.4,0.0,1.8,-0.2,0.6000000000000001,11.8,-6.6000000000000005,-11.4,-10.0,16
2182,36550.0,0.1,-0.4,1.9000000000000001,0.2,0.30000000000000004,11.8,-6.8,-14.100000000000001,-7.400000000000001,16
2183,36567.0,0.6000000000000001,-0.7000000000000001,2.0,0.6000000000000001,0.1,11.8,-1.7,-16.5,-5.300000000000001,16
2184,36589.0,1.0,-1.0,1.4000000000000001,1.1,-0.2,11.4,7.699999999999999,-13.3,-3.7000000000000006,16
2185,36605.0,1.1,-1.0,1.1,1.3,-0.2,10.9,21.400000000000002,-5.8,-3.0000000000000004,16
2186,36620.0,1.3,-1.1,0.30000000000000004,1.4000000000000001,-0.2,10.200000000000001,36.6,4.300000000000001,-4.1000000000000005,16
2187,36634.0,1.3,-1.1,0.1,1.4000000000000001,-0.1,9.700000000000001,43.7,8.700000000000001,-8.799999999999999,16
2188,36651.0,1.2000000000000002,-1.0,-1.0,1.4000000000000001,0.1,8.700000000000001,42.0,9.4,-15.000000000000002,16
2189,36667.0,1.1,-0.9,-1.8,1.2000000000000002,0.30000000000000004,8.0,34.400000000000006,14.100000000000001,-20.5,16
2190,36688.0,0.7000000000000001,-0.8,-2.2,0.8,0.5,7.6000000000000005,24.000000000000004,16.6,-24.5,16
2191,36701.0,0.7000000000000001,-0.8,-2.2,0.8,0.5,7.6000000000000005,24.000000000000004,16.6,-24.5,16
2192,36717.0,0.4,-0.5,-2.5,0.30000000000000004,0.8,7.300000000000001,4.0,15.6,-26.6,16
2193,36736.0,0.30000000000000004,-0.5,-2.4000000000000004,0.2,0.9,7.5,-7.400000000000001,10.9,-28.1,16
2194,36753.0,0.30000000000000004,-0.5,-2.0,0.2,0.8,7.800000000000001,-19.500000000000004,2.7,-30.299999999999997,16
2195,36769.0,0.2,-0.4,-1.6,0.0,0.8,8.200000000000001,-27.900000000000002,-3.3000000000000003,-30.799999999999997,16
2196,36787.0,0.0,-0.30000000000000004,-1.2000000000000002,-0.1,0.8,8.5,-31.0,-8.1,-28.700000000000003,16
2197,36801.0,-0.2,-0.30000000000000004,-1.0,-0.30000000000000004,0.8,8.9,-31.3,-10.5,-25.5,16
2198,36817.0,-0.4,-0.2,-0.6000000000000001,-0.5,0.8,9.1,-29.700000000000003,-13.5,-21.8,16
2199,36834.0,-0.5,-0.1,-0.5,-0.5,0.8,9.3,-26.8,-15.100000000000001,-18.1,16
2200,36851.0,-0.5,0.0,-0.4,-0.4,0.8,9.4,-23.700000000000003,-15.5,-15.9,16
2201,36867.0,-0.5,0.2,-0.30000000000000004,-0.4,0.9,9.5,-20.3,-13.700000000000001,-14.500000000000002,16
2202,36885.0,-0.7000000000000001,0.30000000000000004,-0.30000000000000004,-0.6000000000000001,0.9,9.5,-16.8,-11.3,-13.0,16
2203,36901.0,-0.8,0.30000000000000004,-0.2,-0.8,1.0,9.5,-13.8,-9.200000000000001,-11.2,16
2204,36920.0,-1.0,0.4,-0.4,-1.0,1.0,9.4,-11.4,-6.8,-9.600000000000001,16
2205,36934.0,-1.2000000000000002,0.5,-0.5,-1.1,1.1,9.200000000000001,-8.9,-3.0000000000000004,-8.200000000000001,16
2206,36951.0,-1.4000000000000001,0.5,-0.6000000000000001,-1.5,1.1,9.1,-6.2,-0.4,-7.0,16
2207,36967.0,-1.8,0.7000000000000001,-0.6000000000000001,-1.7000000000000002,1.3,9.200000000000001,-5.300000000000001,-1.0,-5.4,16
2208,36997.0,-1.9000000000000001,0.9,-0.30000000000000004,-1.8,1.4000000000000001,9.5,-10.4,-5.2,-1.5000000000000002,16
2209,37001.0,-1.9000000000000001,0.9,-0.30000000000000004,-1.8,1.4000000000000001,9.5,-10.4,-5.2,-1.5000000000000002,16
2210,37017.0,-1.6,0.9,0.1,-1.5,1.4000000000000001,9.9,-12.200000000000001,-5.4,1.4,16
2211,37034.0,-1.4000000000000001,0.9,0.4,-1.1,1.2000000000000002,10.4,-11.6,-2.6,3.6,16
2212,37050.0,-1.1,0.8,0.7000000000000001,-1.1,1.2000000000000002,10.4,-11.6,-2.6,3.6,16
2213,37067.0,-0.5,0.6000000000000001,1.2000000000000002,-0.4,1.0,11.100000000000001,-4.800000000000001,10.700000000000001,6.5,16
2214,37087.0,-0.2,0.6000000000000001,1.5,-0.2,1.0,11.3,2.9,13.6,7.8,16
2215,37102.0,-0.1,0.5,1.5,-0.1,1.0,11.4,7.1000000000000005,16.900000000000002,9.0,16
2216,37121.0,0.30000000000000004,0.5,1.7000000000000002,0.30000000000000004,0.9,11.5,8.700000000000001,15.8,9.8,16
2217,37134.0,0.8,0.4,1.3,0.7000000000000001,0.9,11.200000000000001,8.5,17.1,9.5,16
2218,37151.0,0.9,0.4,1.2000000000000002,0.6000000000000001,0.9,10.9,10.5,22.5,9.1,16
2219,37167.0,0.7000000000000001,0.5,1.0,0.4,1.1,11.0,10.9,24.9,7.699999999999999,16
2220,37185.0,0.4,0.6000000000000001,1.5,0.1,1.2000000000000002,11.4,6.5,20.8,6.1000000000000005,16
2221,37200.0,0.30000000000000004,0.6000000000000001,1.6,0.0,1.1,11.600000000000001,0.5,11.6,5.1,16
2222,37218.0,0.4,0.4,1.9000000000000001,0.1,1.0,11.8,-2.8,2.8,4.1000000000000005,16
2223,37236.0,0.5,0.2,2.0,0.2,0.7000000000000001,11.9,-4.800000000000001,-1.7,3.3000000000000003,16
2224,37253.0,0.4,-0.1,2.0,0.1,0.5,11.9,-2.7,-3.9,3.3000000000000003,16
2225,37268.0,0.5,-0.2,2.0,0.1,0.4,11.9,1.8,-1.7,4.5,16
2226,37285.0,0.30000000000000004,-0.2,1.7000000000000002,0.0,0.4,11.600000000000001,8.600000000000001,-2.5,6.2,16
2227,37306.0,0.6000000000000001,-0.30000000000000004,1.1,0.2,0.4,11.100000000000001,17.599999999999998,0.30000000000000004,8.1,16
2228,37317.0,0.7000000000000001,-0.4,0.8,0.6000000000000001,0.2,10.5,27.5,3.8,8.9,16
2229,37334.0,1.2000000000000002,-0.7000000000000001,-0.2,0.9,0.1,9.600000000000001,37.300000000000004,8.4,7.300000000000001,16
2230,37350.0,1.3,-0.9,-1.0,0.9,0.0,8.9,42.7,12.700000000000001,4.300000000000001,16
2231,37368.0,1.2000000000000002,-1.0,-1.3,0.8,0.0,8.4,42.300000000000004,13.0,1.3,16
2232,37384.0,1.1,-1.1,-1.8,0.7000000000000001,0.0,8.0,38.900000000000006,13.9,-1.7,16
2233,37401.0,1.0,-1.1,-2.0,0.5,0.1,7.9,33.2,13.200000000000001,-3.6,16
2234,37417.0,0.9,-1.2000000000000002,-1.9000000000000001,0.5,0.1,8.0,25.1,9.200000000000001,-6.000000000000001,16
2235,37434.0,1.0,-1.3,-1.7000000000000002,0.6000000000000001,0.0,8.1,14.800000000000002,4.5,-9.8,16
2236,37451.0,1.0,-1.4000000000000001,-1.4000000000000001,0.5,-0.1,8.4,5.500000000000001,-0.9,-14.700000000000001,16
2237,37467.0,0.9,-1.4000000000000001,-1.1,0.4,-0.1,8.8,-2.0,-6.2,-17.400000000000002,16
2238,37484.0,0.8,-1.4000000000000001,-0.6000000000000001,0.4,-0.1,9.200000000000001,-8.600000000000001,-12.100000000000001,-18.1,16
2239,37502.0,0.9,-1.3,-0.30000000000000004,0.5,0.0,9.5,-13.100000000000001,-18.7,-18.1,16
2240,37517.0,0.9,-1.2000000000000002,-0.2,0.5,0.1,9.700000000000001,-16.1,-20.8,-17.400000000000002,16
2241,37534.0,0.7000000000000001,-0.9,0.1,0.30000000000000004,0.30000000000000004,9.8,-15.8,-21.1,-15.6,16
2242,37551.0,0.5,-0.6000000000000001,0.0,0.30000000000000004,0.5,9.700000000000001,-11.9,-18.3,-14.0,16
2243,37567.0,0.2,-0.5,-0.2,0.0,0.7000000000000001,9.5,-4.300000000000001,-13.5,-11.6,16
2244,37584.0,-0.1,-0.2,-0.5,-0.4,0.9,9.200000000000001,4.9,-10.3,-10.4,16
2245,37602.0,-0.5,0.0,-0.8,-0.6000000000000001,1.1,8.9,9.8,-8.4,-9.600000000000001,16
2246,37617.0,-0.6000000000000001,0.0,-1.0,-0.8,1.2000000000000002,8.700000000000001,9.5,-10.8,-10.600000000000001,16
2247,37634.0,-0.8,0.0,-1.2000000000000002,-0.8,1.2000000000000002,8.5,7.2,-13.8,-13.100000000000001,16
2248,37651.0,-0.8,-0.1,-1.3,-0.9,1.1,8.4,4.6000000000000005,-15.100000000000001,-15.9,16
2249,37668.0,-1.0,-0.1,-1.3,-1.1,1.1,8.4,2.1,-14.100000000000001,-14.700000000000001,16
2250,37684.0,-0.6000000000000001,-0.1,-1.0,-0.6000000000000001,1.1,8.8,-0.8,-15.000000000000002,-18.2,16
2251,37701.0,-0.7000000000000001,-0.30000000000000004,-0.8,-0.7000000000000001,0.9,8.9,-2.9,-13.4,-21.400000000000002,16
2252,37717.0,-0.8,-0.2,-0.6000000000000001,-0.7000000000000001,1.0,9.1,-6.000000000000001,-11.3,-22.000000000000004,16
2253,37734.0,-0.7000000000000001,-0.2,-0.4,-0.6000000000000001,1.0,9.4,-6.2,-6.7,-22.000000000000004,16
2254,37752.0,-0.6000000000000001,-0.2,-0.1,-0.6000000000000001,0.9,9.600000000000001,-5.8,-1.8,-23.3,16
2255,37767.0,-0.7000000000000001,-0.2,0.0,-0.7000000000000001,0.9,9.9,-4.5,0.0,-25.8,16
2256,37785.0,-0.9,-0.1,0.2,-0.9,1.0,10.0,-4.6000000000000005,-0.1,-27.400000000000002,16
2257,37801.0,-1.1,0.1,0.4,-1.1,1.2000000000000002,10.100000000000001,-5.300000000000001,0.0,-26.8,16
2258,37817.0,-1.4000000000000001,0.30000000000000004,0.4,-1.4000000000000001,1.4000000000000001,10.200000000000001,-4.1000000000000005,-0.5,-23.900000000000002,16
2259,37834.0,-1.4000000000000001,0.4,0.5,-1.5,1.5,10.200000000000001,-1.2000000000000002,-0.1,-20.6,16
2260,37851.0,-1.5,0.4,0.6000000000000001,-1.5,1.5,10.4,1.8,-0.1,-17.7,16
2261,37867.0,-1.6,0.5,0.8,-1.7000000000000002,1.6,10.5,4.6000000000000005,0.1,-14.0,16
2262,37885.0,-1.5,0.6000000000000001,1.1,-1.6,1.8,10.9,8.700000000000001,-2.3000000000000003,-11.4,16
2263,37903.0,-1.4000000000000001,0.7000000000000001,1.2000000000000002,-1.5,1.9000000000000001,11.0,9.9,-2.1999999999999997,-10.2,16
2264,37918.0,-1.4000000000000001,0.8,1.5,-1.4000000000000001,2.0,11.200000000000001,10.5,-3.0000000000000004,-11.000000000000002,16
2265,37934.0,-1.3,0.8,1.4000000000000001,-1.3,2.1,11.3,12.6,3.4,-13.6,16
2266,37951.0,-1.2000000000000002,0.9,1.6,-1.3,2.1,11.4,15.100000000000001,8.700000000000001,-19.1,16
2267,37967.0,-1.1,0.7000000000000001,1.6,-1.3,2.1,11.4,15.100000000000001,8.700000000000001,-19.1,16
2268,37998.0,-0.6000000000000001,0.6000000000000001,1.7000000000000002,-0.7000000000000001,1.7000000000000002,11.3,-3.0000000000000004,8.799999999999999,-25.6,16
2269,38000.0,-0.6000000000000001,0.5,1.5,-0.7000000000000001,1.7000000000000002,11.3,-3.0000000000000004,8.799999999999999,-25.6,16
2270,38023.0,-0.4,0.1,1.3,-0.6000000000000001,1.4000000000000001,11.100000000000001,1.4,14.4,-22.8,16
2271,38034.0,-0.1,-0.1,1.2000000000000002,-0.4,1.1,10.9,7.300000000000001,20.4,-20.5,16
2272,38051.0,0.0,-0.30000000000000004,0.9,-0.4,1.0,10.600000000000001,16.400000000000002,23.1,-18.0,16
2273,38068.0,0.2,-0.5,0.6000000000000001,-0.30000000000000004,0.9,10.4,23.3,20.5,-17.1,16
2274,38085.0,0.6000000000000001,-0.7000000000000001,0.30000000000000004,0.0,0.8,10.100000000000001,25.0,14.600000000000001,-17.8,16
2275,38103.0,0.9,-0.8,-0.1,0.5,0.7000000000000001,9.5,21.1,8.200000000000001,-19.500000000000004,16
2276,38117.0,1.4000000000000001,-0.9,-0.6000000000000001,0.8,0.6000000000000001,9.1,15.000000000000002,6.7,-20.4,16
2277,38134.0,1.3,-1.0,-0.8,0.7000000000000001,0.6000000000000001,8.9,9.200000000000001,6.4,-20.0,16
2278,38153.0,1.3,-1.0,-0.8,0.7000000000000001,0.6000000000000001,8.9,3.4,5.7,-17.400000000000002,16
2279,38168.0,1.3,-1.0,-0.7000000000000001,0.6000000000000001,0.6000000000000001,9.1,-2.1999999999999997,3.1,-13.6,16
2280,38184.0,1.3,-1.1,-0.6000000000000001,0.7000000000000001,0.5,9.1,-5.6,-2.1,-10.1,16
2281,38201.0,1.3,-1.1,-0.6000000000000001,0.7000000000000001,0.5,9.1,-5.300000000000001,-5.4,-7.500000000000001,16
2282,38217.0,1.3,-0.8,-0.7000000000000001,0.7000000000000001,0.7000000000000001,9.0,-2.3000000000000003,-6.6000000000000005,-5.300000000000001,16
2283,38234.0,1.2000000000000002,-0.8,-0.8,0.5,0.9,8.9,1.5000000000000002,-6.8,-3.7000000000000006,16
2284,38251.0,0.9,-0.5,-1.0,0.30000000000000004,1.1,8.700000000000001,5.1,-7.0,-1.3,16
2285,38268.0,0.6000000000000001,-0.30000000000000004,-1.2000000000000002,0.0,1.3,8.5,6.6000000000000005,-9.4,0.8,16
2286,38284.0,0.30000000000000004,0.0,-1.2000000000000002,-0.1,1.5,8.5,5.4,-14.0,2.3000000000000003,16
2287,38300.0,0.2,0.1,-1.3,-0.2,1.6,8.4,-0.5,-21.0,1.8,16
2288,38317.0,0.0,0.1,-1.2000000000000002,-0.30000000000000004,1.6,8.5,-7.9,-22.7,1.0,16
2289,38334.0,0.0,0.1,-1.2000000000000002,-0.30000000000000004,1.6,8.5,-7.9,-22.7,1.0,16
2290,38350.0,-0.4,0.2,-1.0,-0.8,1.7000000000000002,8.700000000000001,-9.700000000000001,-17.0,-0.6000000000000001,16
2291,38368.0,-0.8,0.30000000000000004,-0.8,-1.0,1.8,8.9,-7.400000000000001,-14.200000000000001,0.4,16
2292,38384.0,-1.0,0.5,-0.8,-1.2000000000000002,1.9000000000000001,8.9,-6.000000000000001,-12.200000000000001,1.6,16
2293,38401.0,-1.0,0.5,-0.9,-1.1,1.9000000000000001,8.8,-5.500000000000001,-11.9,1.6,16
2294,38420.0,-1.0,0.4,-0.9,-1.1,1.9000000000000001,8.9,-6.000000000000001,-11.700000000000001,1.3,16
2295,38434.0,-1.1,0.5,-0.7000000000000001,-1.3,2.1,9.1,-4.9,-13.0,3.3000000000000003,16
2296,38450.0,-1.2000000000000002,0.8,-0.5,-1.1,2.2,9.200000000000001,-1.9,-15.000000000000002,8.0,16
2297,38467.0,-0.8,0.8,-0.4,-0.7000000000000001,2.2,9.3,-0.8,-16.1,10.0,16
2298,38484.0,-0.5,0.7000000000000001,-0.30000000000000004,-0.5,2.1,9.4,-0.7,-18.2,9.200000000000001,16
2299,38501.0,-0.4,0.7000000000000001,-0.2,-0.30000000000000004,2.1,9.5,-1.5000000000000002,-17.599999999999998,7.8,16
2300,38517.0,-0.6000000000000001,0.7000000000000001,-0.1,-0.4,2.1,9.600000000000001,-1.5000000000000002,-14.800000000000002,7.8,16
2301,38535.0,-0.7000000000000001,0.6000000000000001,0.0,-0.5,2.0,9.700000000000001,-0.2,-10.1,9.3,16
2302,38553.0,-0.7000000000000001,0.4,0.1,-0.5,1.9000000000000001,9.8,3.3000000000000003,-2.8,11.4,16
2303,38567.0,-0.8,0.4,0.1,-0.6000000000000001,1.8,9.8,7.8,3.8,12.5,16
2304,38584.0,-0.7000000000000001,0.30000000000000004,0.30000000000000004,-0.5,1.8,9.9,11.2,6.9,12.200000000000001,16
2305,38601.0,-0.5,0.2,0.1,-0.4,1.8,9.8,11.3,7.8,10.2,16
2306,38617.0,-0.5,0.30000000000000004,0.0,-0.30000000000000004,1.8,9.600000000000001,7.9,7.9,7.8,16
2307,38634.0,-0.4,0.30000000000000004,-0.1,-0.30000000000000004,1.8,9.600000000000001,2.1,8.600000000000001,6.7,16
2308,38650.0,-0.30000000000000004,0.2,0.1,-0.2,1.7000000000000002,9.8,-3.9,8.200000000000001,7.2,16
2309,38667.0,-0.1,0.1,0.2,0.1,1.6,10.0,-8.799999999999999,7.0,7.500000000000001,16
2310,38684.0,0.2,0.0,0.5,0.30000000000000004,1.5,10.200000000000001,-10.9,8.1,7.9,16
2311,38701.0,0.2,0.0,0.5,0.30000000000000004,1.5,10.200000000000001,-10.9,8.1,7.9,16
2312,38717.0,0.4,0.1,0.6000000000000001,0.30000000000000004,1.7000000000000002,10.4,-9.4,11.8,9.0,16
2313,38734.0,0.2,0.4,0.8,0.1,1.9000000000000001,10.4,-7.6,15.5,12.100000000000001,16
2314,38751.0,0.0,0.6000000000000001,0.4,-0.1,2.1,10.200000000000001,-5.1,21.1,14.600000000000001,16
2315,38774.0,-0.5,0.7000000000000001,0.4,-0.6000000000000001,2.2,10.100000000000001,-1.5000000000000002,26.1,15.6,16
2316,38784.0,-0.6000000000000001,0.7000000000000001,0.8,-0.8,2.2,10.700000000000001,-3.3000000000000003,17.5,15.000000000000002,16
2317,38801.0,-0.1,0.2,0.8,-0.4,1.7000000000000002,10.700000000000001,-13.4,5.6,12.4,16
2318,38817.0,0.0,0.2,0.7000000000000001,-0.30000000000000004,1.5,10.8,-19.9,7.1000000000000005,11.8,16
2319,38834.0,0.1,-0.30000000000000004,1.0,-0.2,1.1,10.9,-19.1,7.400000000000001,12.4,16
2320,38851.0,0.4,-0.4,0.9,0.0,0.9,10.9,-15.8,13.0,14.3,16
2321,38878.0,0.7000000000000001,-0.6000000000000001,1.3,0.30000000000000004,0.7000000000000001,11.200000000000001,-9.5,16.0,16.8,16
2322,38884.0,1.1,-0.8,1.3,0.9,0.4,11.3,-5.8,9.0,14.4,16
2323,38900.0,1.9000000000000001,-1.0,1.0,1.5,0.30000000000000004,11.0,-6.7,2.0,9.200000000000001,16
2324,38917.0,2.0,-1.1,0.9,1.6,0.2,10.700000000000001,-8.600000000000001,1.7,7.2,16
2325,38934.0,1.9000000000000001,-1.0,0.4,1.5,0.30000000000000004,10.3,-6.6000000000000005,5.4,12.5,16
2326,38951.0,1.9000000000000001,-0.7000000000000001,-0.1,1.5,0.5,9.9,2.3000000000000003,15.5,21.6,16
2327,38975.0,1.7000000000000002,-0.5,-0.4,1.3,0.7000000000000001,9.600000000000001,15.399999999999999,26.9,28.400000000000002,16
2328,38998.0,1.8,-0.30000000000000004,-0.7000000000000001,1.2000000000000002,0.9,9.4,24.9,27.3,27.8,16
2329,39003.0,1.8,-0.30000000000000004,-0.7000000000000001,1.0,1.1,9.0,24.9,27.3,27.8,16
2330,39017.0,1.5,-0.4,-1.3,1.0,1.2000000000000002,8.6,20.0,9.9,16.0,16
2331,39035.0,1.4000000000000001,-0.30000000000000004,-1.2000000000000002,0.8,1.2000000000000002,8.700000000000001,8.9,-2.6,9.700000000000001,16
2332,39050.0,1.1,-0.2,-1.2000000000000002,0.6000000000000001,1.3,8.700000000000001,-0.6000000000000001,-12.3,7.0,16
2333,39074.0,1.2000000000000002,-0.2,-1.1,0.8,1.3,8.8,-4.9,-14.3,8.1,16
2334,39084.0,1.3,-0.2,-1.0,0.9,1.2000000000000002,9.0,-4.5,-13.0,7.500000000000001,16
2335,39101.0,1.4000000000000001,-0.2,-0.8,1.0,1.2000000000000002,9.1,-2.7,-14.0,3.1,16
2336,39117.0,1.1,-0.2,-1.0,0.8,1.3,8.9,-1.8,-16.400000000000002,-2.1,16
2337,39134.0,1.0,-0.1,-1.1,0.7000000000000001,1.3,8.700000000000001,-3.8,-18.900000000000002,-6.4,16
2338,39150.0,0.7000000000000001,-0.1,-1.2000000000000002,0.5,1.3,8.6,-6.000000000000001,-20.5,-8.9,16
2339,39167.0,0.5,-0.1,-1.3,0.4,1.3,8.5,-6.6000000000000005,-17.3,-9.9,16
2340,39189.0,-0.1,0.1,-1.2000000000000002,-0.1,1.4000000000000001,8.700000000000001,-5.2,-15.299999999999999,-9.5,16
2341,39201.0,-0.1,0.1,-1.2000000000000002,-0.1,1.4000000000000001,8.700000000000001,-5.2,-15.299999999999999,-9.5,16
2342,39217.0,0.4,0.0,-1.2000000000000002,0.4,1.4000000000000001,8.6,-14.900000000000002,-15.7,-11.5,16
2343,39234.0,0.4,0.1,-1.1,0.2,1.2000000000000002,8.8,-20.3,-13.3,-14.700000000000001,16
2344,39251.0,0.0,-0.1,-1.0,0.1,1.1,8.9,-21.200000000000003,-6.7,-14.500000000000002,16
2345,39267.0,-0.1,-0.1,-1.0,-0.1,1.1,8.8,-19.9,-2.1999999999999997,-16.6,16
2346,39288.0,-0.6000000000000001,0.0,-0.9,-0.5,1.1,8.9,-17.8,1.6,-16.900000000000002,16
2347,39301.0,-0.6000000000000001,0.0,-0.9,-0.5,1.1,8.9,-17.8,1.6,-16.900000000000002,16
2348,39317.0,-0.6000000000000001,0.0,-0.9,-0.8,1.2000000000000002,9.1,-17.0,2.9,-17.200000000000003,16
2349,39336.0,-0.7000000000000001,0.1,-0.30000000000000004,-0.8,1.1,9.4,-12.9,-1.5000000000000002,-19.400000000000002,16
2350,39350.0,-0.6000000000000001,0.1,-0.2,-0.7000000000000001,1.0,9.5,-9.9,-4.7,-22.5,16
2351,39367.0,-0.7000000000000001,0.2,-0.2,-0.8,1.2000000000000002,9.5,-7.8,-6.8,-24.9,16
2352,39388.0,-0.9,0.4,-0.30000000000000004,-0.9,1.3,9.5,-8.4,-8.1,-23.8,16
2353,39400.0,-0.9,0.4,-0.2,-0.9,1.3,9.600000000000001,-10.700000000000001,-8.700000000000001,-21.1,16
2354,39421.0,-0.9,0.4,0.2,-1.0,1.2000000000000002,10.0,-12.000000000000002,-8.200000000000001,-18.5,16
2355,39434.0,-1.0,0.4,0.5,-0.9,1.2000000000000002,10.5,-10.1,-8.1,-16.8,16
2356,39450.0,-0.9,0.30000000000000004,0.8,-0.9,1.2000000000000002,10.5,-10.1,-8.1,-16.8,16
2357,39467.0,-0.8,0.30000000000000004,1.4000000000000001,-0.9,1.1,11.200000000000001,0.30000000000000004,0.1,-17.1,16
2358,39489.0,-1.0,0.30000000000000004,1.6,-1.0,1.1,11.3,5.9,4.0,-15.8,16
2359,39500.0,-1.2000000000000002,0.4,1.6,-1.3,1.2000000000000002,11.4,9.0,6.5,-13.700000000000001,16
2360,39517.0,-1.1,0.30000000000000004,1.5,-1.2000000000000002,1.2000000000000002,11.3,10.600000000000001,11.3,-10.600000000000001,16
2361,39534.0,-1.1,0.30000000000000004,1.5,-1.4000000000000001,1.2000000000000002,11.4,10.3,17.200000000000003,-7.699999999999999,16
2362,39550.0,-1.3,0.4,1.7000000000000002,-1.6,1.3,11.4,11.9,21.700000000000003,-3.5,16
2363,39569.0,-1.4000000000000001,0.4,1.6,-1.8,1.4000000000000001,11.4,17.1,28.8,0.0,16
2364,39588.0,-1.4000000000000001,0.1,1.8,-1.8,1.2000000000000002,11.600000000000001,21.1,26.9,0.2,16
2365,39604.0,-1.0,0.0,1.7000000000000002,-1.6,1.1,11.600000000000001,14.600000000000001,12.4,0.2,16
2366,39617.0,-0.9,0.1,1.6,-1.4000000000000001,1.2000000000000002,11.4,10.5,3.9,2.1999999999999997,16
2367,39634.0,-1.0,0.1,1.5,-1.4000000000000001,1.1,11.100000000000001,10.5,3.9,2.1999999999999997,16
2368,39651.0,-0.5,-0.2,1.0,-0.8,0.9,10.600000000000001,7.9,-4.9,14.700000000000001,16
2369,39667.0,0.0,-0.4,0.4,-0.4,0.7000000000000001,10.100000000000001,6.8,-5.4,18.400000000000002,16
2370,39689.0,0.4,-0.8,0.1,0.0,0.4,9.9,9.0,-5.2,18.900000000000002,16
2371,39705.0,0.9,-1.1,0.0,0.5,0.2,9.9,12.8,-5.9,16.1,16
2372,39717.0,1.1,-1.2000000000000002,-0.1,0.8,0.0,9.700000000000001,17.0,-6.7,11.5,16
2373,39734.0,1.4000000000000001,-1.4000000000000001,-0.5,1.1,-0.1,9.3,18.400000000000002,-9.3,6.3,16
2374,39751.0,1.5,-1.4000000000000001,-0.7000000000000001,1.3,-0.1,9.0,14.500000000000002,-11.9,2.3000000000000003,16
2375,39767.0,1.5,-1.4000000000000001,-1.1,1.1,0.0,8.6,7.8,-10.1,0.9,16
2376,39788.0,1.0,-1.3,-1.3,0.8,0.1,8.5,1.2000000000000002,-6.3,3.9,16
2377,39803.0,0.8,-1.0,-1.2000000000000002,0.6000000000000001,0.30000000000000004,8.6,-4.9,-3.8,10.0,16
2378,39818.0,0.8,-1.0,-1.0,0.7000000000000001,0.30000000000000004,8.9,-10.700000000000001,-4.0,15.100000000000001,16
2379,39834.0,0.8,-1.0,-0.6000000000000001,0.6000000000000001,0.30000000000000004,9.3,-13.4,-7.9,16.5,16
2380,39850.0,0.7000000000000001,-1.0,-0.4,0.6000000000000001,0.30000000000000004,9.600000000000001,-10.600000000000001,-12.4,15.2,16
2381,39867.0,0.7000000000000001,-0.8,-0.1,0.5,0.5,9.700000000000001,-5.2,-13.700000000000001,13.200000000000001,16
2382,39892.0,0.30000000000000004,-0.6000000000000001,-0.5,0.0,0.7000000000000001,9.0,-1.2000000000000002,-10.8,10.600000000000001,16
2383,39901.0,0.0,-0.5,-0.8,0.0,0.7000000000000001,9.0,-1.2000000000000002,-10.8,10.600000000000001,16
2384,39917.0,-0.4,-0.4,-0.9,-0.5,0.8,8.8,-5.2,-7.500000000000001,12.000000000000002,16
2385,39934.0,-0.8,-0.30000000000000004,-0.8,-0.8,0.8,9.0,-10.3,-6.7,14.100000000000001,16
2386,39951.0,-0.8,-0.30000000000000004,-0.8,-0.8,0.8,9.0,-10.3,-6.7,14.100000000000001,16
2387,39967.0,-1.0,-0.5,-0.7000000000000001,-1.0,0.6000000000000001,9.200000000000001,-17.1,-1.9,20.2,16
2388,39988.0,-1.3,-0.5,-0.6000000000000001,-1.2000000000000002,0.5,9.200000000000001,-16.900000000000002,-2.8,21.900000000000002,16
2389,40000.0,-1.2000000000000002,-0.5,-0.5,-0.9,0.6000000000000001,9.3,-15.2,0.0,24.7,16
2390,40017.0,-0.9,-0.30000000000000004,-0.5,-0.8,0.6000000000000001,9.200000000000001,-13.0,2.4000000000000004,27.6,16
2391,40034.0,-0.7000000000000001,-0.30000000000000004,-0.5,-0.6000000000000001,0.6000000000000001,9.3,-11.8,3.6,31.0,16
2392,40050.0,-0.5,-0.1,-0.30000000000000004,-0.4,0.7000000000000001,9.5,-10.600000000000001,5.4,35.0,16
2393,40067.0,-0.4,-0.1,-0.30000000000000004,-0.2,0.8,9.5,-6.7,5.6,39.8,16
2394,40084.0,0.0,0.1,-0.30000000000000004,0.1,1.0,9.5,-1.8,7.400000000000001,43.6,16
2395,40101.0,0.1,0.30000000000000004,-0.4,0.2,1.1,9.4,3.0000000000000004,7.699999999999999,45.7,16
2396,40118.0,0.30000000000000004,0.4,-0.4,0.4,1.3,9.3,7.400000000000001,7.6,46.2,16
2397,40134.0,0.30000000000000004,0.7000000000000001,-0.5,0.30000000000000004,1.6,9.3,11.4,8.5,45.1,16
2398,40150.0,0.30000000000000004,0.9,-0.5,0.30000000000000004,1.9000000000000001,9.200000000000001,14.600000000000001,6.7,43.400000000000006,16
2399,40169.0,0.4,1.1,-0.7000000000000001,0.4,2.1,9.1,15.5,6.9,40.9,16
2400,40188.0,0.4,1.0,-0.7000000000000001,0.4,2.1,9.1,13.4,5.9,36.5,16
2401,40205.0,0.30000000000000004,0.9,-0.6000000000000001,0.30000000000000004,2.0,9.200000000000001,7.0,3.7000000000000006,29.400000000000002,16
2402,40219.0,0.0,1.0,0.0,0.0,2.0,9.600000000000001,-1.2000000000000002,0.7,23.0,16
2403,40234.0,0.0,0.9,0.4,0.0,2.0,10.200000000000001,-7.0,-3.3000000000000003,19.1,16
2404,40251.0,0.1,0.8,0.8,0.2,1.8,10.600000000000001,-7.9,-4.800000000000001,16.6,16
2405,40268.0,0.30000000000000004,0.7000000000000001,1.0,0.4,1.7000000000000002,10.9,-5.9,-2.8,13.9,16
2406,40288.0,0.5,0.7000000000000001,1.2000000000000002,0.5,1.7000000000000002,11.0,-3.1,3.6,10.700000000000001,16
2407,40302.0,0.30000000000000004,0.7000000000000001,1.3,0.2,1.8,11.100000000000001,-1.3,12.9,6.9,16
2408,40318.0,-0.8,1.0,1.5,-0.8,2.0,11.3,-1.3,17.9,5.7,16
2409,40334.0,-1.2000000000000002,1.1,1.9000000000000001,-1.2000000000000002,2.2,11.9,-3.9,12.5,10.1,16
2410,40351.0,-0.6000000000000001,0.9,2.3000000000000003,-0.6000000000000001,1.8,12.0,-11.3,8.0,12.700000000000001,16
2411,40367.0,-0.2,0.30000000000000004,2.0,-0.4,1.3,11.8,-15.000000000000002,11.3,10.700000000000001,16
2412,40385.0,-0.30000000000000004,0.2,2.0,-0.4,1.1,11.700000000000001,-11.1,16.0,8.9,16
2413,40405.0,-0.1,0.0,1.6,-0.30000000000000004,0.9,11.3,-5.300000000000001,25.6,9.200000000000001,16
2414,40417.0,0.0,-0.2,1.2000000000000002,-0.30000000000000004,0.7000000000000001,11.0,1.3,33.2,10.5,16
2415,40434.0,0.1,-0.4,1.0,-0.1,0.5,10.8,6.8,33.400000000000006,12.000000000000002,16
2416,40450.0,0.9,-0.7000000000000001,0.9,0.5,0.30000000000000004,10.700000000000001,11.700000000000001,29.400000000000002,12.100000000000001,16
2417,40467.0,1.5,-0.9,0.6000000000000001,0.9,0.1,10.4,18.2,25.400000000000002,10.700000000000001,16
2418,40486.0,2.0,-1.1,0.0,1.3,0.0,10.0,25.3,22.3,8.600000000000001,16
2419,40501.0,2.3000000000000003,-1.2000000000000002,-0.2,1.7000000000000002,0.0,9.5,28.3,19.200000000000003,5.0,16
2420,40517.0,2.5,-1.2000000000000002,-0.7000000000000001,1.8,0.0,9.1,27.1,17.599999999999998,1.3,16
2421,40534.0,2.3000000000000003,-1.2000000000000002,-1.0,1.5,0.1,8.700000000000001,24.1,16.700000000000003,-0.7,16
2422,40551.0,1.9000000000000001,-1.0,-1.3,1.2000000000000002,0.30000000000000004,8.4,21.5,14.800000000000002,-0.30000000000000004,16
2423,40567.0,1.8,-1.0,-1.6,1.0,0.4,8.1,18.1,11.4,-0.8,16
2424,40584.0,1.6,-0.9,-1.7000000000000002,0.7000000000000001,0.5,8.0,14.3,7.500000000000001,-3.3000000000000003,16
2425,40601.0,1.3,-0.9,-1.8,0.5,0.6000000000000001,7.9,9.1,0.8,-6.9,16
2426,40619.0,1.0,-0.8,-1.6,0.30000000000000004,0.7000000000000001,8.200000000000001,1.5000000000000002,-8.200000000000001,-10.4,16
2427,40634.0,0.9,-0.7000000000000001,-1.3,0.2,0.7000000000000001,8.5,-7.500000000000001,-18.6,-12.5,16
2428,40650.0,1.0,-0.6000000000000001,-1.0,0.4,0.7000000000000001,8.700000000000001,-14.3,-25.700000000000003,-12.8,16
2429,40667.0,1.0,-0.6000000000000001,-0.8,0.4,0.7000000000000001,8.9,-18.0,-29.000000000000004,-12.200000000000001,16
2430,40685.0,0.8,-0.4,-0.4,0.30000000000000004,0.8,9.3,-18.400000000000002,-29.900000000000006,-11.4,16
2431,40708.0,0.4,-0.2,-0.1,0.1,1.0,9.5,-14.100000000000001,-26.200000000000003,-10.5,16
2432,40719.0,0.2,-0.1,0.0,-0.1,1.1,9.700000000000001,-7.6,-21.8,-10.700000000000001,16
2433,40734.0,0.0,-0.1,0.0,-0.5,1.2000000000000002,9.8,-2.5,-19.6,-12.3,16
2434,40750.0,-0.5,0.1,-0.1,-0.8,1.3,9.600000000000001,0.30000000000000004,-18.6,-14.0,16
2435,40767.0,-0.9,0.30000000000000004,-0.2,-1.2000000000000002,1.5,9.5,2.8,-15.7,-13.8,16
2436,40784.0,-1.1,0.4,-0.5,-1.3,1.6,9.3,4.5,-12.5,-12.8,16
2437,40800.0,-1.0,0.4,-0.5,-1.1,1.5,9.200000000000001,3.0000000000000004,-9.1,-13.4,16
2438,40817.0,-0.8,0.2,-0.6000000000000001,-1.0,1.4000000000000001,9.1,0.30000000000000004,-6.1000000000000005,-16.400000000000002,16
2439,40834.0,-0.9,0.1,-0.6000000000000001,-1.1,1.4000000000000001,9.200000000000001,-1.2000000000000002,-2.9,-18.5,16
2440,40850.0,-1.0,0.1,-0.5,-1.2000000000000002,1.3,9.1,-2.7,0.30000000000000004,-19.200000000000003,16
2441,40867.0,-1.1,0.1,-0.7000000000000001,-1.3,1.2000000000000002,9.0,-3.6,2.3000000000000003,-19.0,16
2442,40886.0,-1.2000000000000002,0.0,-0.7000000000000001,-1.4000000000000001,1.2000000000000002,9.0,-3.2,4.6000000000000005,-18.400000000000002,16
2443,40907.0,-1.3,0.0,-0.5,-1.5,1.2000000000000002,9.200000000000001,-1.9,5.300000000000001,-17.0,16
2444,40918.0,-1.3,0.0,-0.4,-1.6,1.2000000000000002,9.4,-0.7,4.5,-14.600000000000001,16
2445,40934.0,-1.4000000000000001,0.1,-0.2,-1.6,1.2000000000000002,9.4,-0.7,4.5,-14.600000000000001,16
2446,40951.0,-1.3,0.1,0.2,-1.6,1.3,10.0,4.9,-1.6,-9.5,16
2447,40967.0,-1.2000000000000002,0.2,0.4,-1.4000000000000001,1.4000000000000001,10.200000000000001,6.7,-3.1,-7.500000000000001,16
2448,40994.0,-1.1,0.30000000000000004,0.6000000000000001,-1.4000000000000001,1.5,10.4,6.8,1.8,-0.30000000000000004,16
2449,41005.0,-1.1,0.30000000000000004,0.8,-1.5,1.6,10.600000000000001,6.8,1.8,-0.30000000000000004,16
2450,41018.0,-1.3,0.4,1.2000000000000002,-1.6,1.6,11.100000000000001,6.8,4.7,3.6,16
2451,41033.0,-1.4000000000000001,0.4,1.6,-1.7000000000000002,1.7000000000000002,11.4,8.5,7.400000000000001,6.9,16
2452,41050.0,-1.3,0.4,1.7000000000000002,-1.6,1.7000000000000002,11.600000000000001,9.4,6.8,8.600000000000001,16
2453,41067.0,-1.0,0.4,2.0,-1.2000000000000002,1.7000000000000002,11.8,6.6000000000000005,1.0999999999999999,7.8,16
2454,41085.0,-0.30000000000000004,0.30000000000000004,2.2,-0.7000000000000001,1.6,12.0,4.3999999999999995,-1.9,6.3,16
2455,41100.0,-0.1,0.2,2.2,-0.5,1.5,11.9,6.6000000000000005,0.1,4.6000000000000005,16
2456,41117.0,0.0,0.1,2.0,-0.30000000000000004,1.5,11.600000000000001,8.600000000000001,2.3000000000000003,3.1,16
2457,41134.0,0.1,0.0,1.4000000000000001,-0.30000000000000004,1.5,11.100000000000001,8.4,3.2,2.1999999999999997,16
2458,41150.0,0.30000000000000004,0.0,0.6000000000000001,-0.1,1.4000000000000001,10.5,7.300000000000001,4.9,2.1,16
2459,41167.0,0.5,-0.1,0.4,0.1,1.3,10.100000000000001,2.5,6.1000000000000005,1.3,16
2460,41184.0,0.6000000000000001,-0.30000000000000004,0.2,0.2,1.1,10.0,-2.4000000000000004,7.0,0.6000000000000001,16
2461,41200.0,0.6000000000000001,-0.30000000000000004,0.2,0.2,1.1,10.0,-2.4000000000000004,7.0,0.6000000000000001,16
2462,41217.0,1.0,-0.8,0.30000000000000004,0.7000000000000001,0.6000000000000001,10.0,-2.1,10.5,-0.6000000000000001,16
2463,41234.0,1.3,-1.0,0.2,0.9,0.4,9.9,2.1999999999999997,11.9,-3.2,16
2464,41250.0,1.5,-1.1,-0.2,1.0,0.30000000000000004,9.600000000000001,6.5,12.700000000000001,-7.1000000000000005,16
2465,41267.0,1.4000000000000001,-1.1,-0.30000000000000004,0.8,0.4,9.4,7.500000000000001,10.700000000000001,-10.9,16
2466,41284.0,1.4000000000000001,-1.0,-0.6000000000000001,0.8,0.5,9.1,5.300000000000001,7.2,-12.4,16
2467,41301.0,1.3,-0.8,-1.1,0.7000000000000001,0.6000000000000001,8.700000000000001,3.0000000000000004,6.9,-11.5,16
2468,41317.0,1.3,-0.8,-1.3,0.7000000000000001,0.7000000000000001,8.4,-0.4,8.799999999999999,-9.8,16
2469,41335.0,1.2000000000000002,-0.6000000000000001,-1.2000000000000002,0.5,0.9,8.5,-5.6,7.8,-7.8,16
2470,41350.0,0.9,-0.30000000000000004,-1.1,0.30000000000000004,1.1,8.6,-9.5,4.5,-4.7,16
2471,41367.0,0.9,-0.30000000000000004,-1.1,0.2,1.1,8.700000000000001,-11.000000000000002,-0.4,-1.9,16
2472,41384.0,0.7000000000000001,-0.2,-1.0,0.0,1.2000000000000002,8.8,-11.700000000000001,-6.3,-0.2,16
2473,41402.0,0.30000000000000004,0.0,-0.9,-0.30000000000000004,1.3,8.9,-12.4,-12.5,2.3000000000000003,16
2474,41417.0,0.1,0.1,-0.8,-0.6000000000000001,1.4000000000000001,8.9,-12.100000000000001,-15.299999999999999,5.300000000000001,16
2475,41434.0,-0.2,0.2,-0.9,-0.7000000000000001,1.4000000000000001,8.8,-8.9,-13.4,8.200000000000001,16
2476,41450.0,-0.30000000000000004,0.2,-1.0,-0.7000000000000001,1.4000000000000001,8.8,-5.300000000000001,-6.1000000000000005,10.4,16
2477,41469.0,-0.7000000000000001,0.30000000000000004,-1.1,-1.1,1.5,8.700000000000001,-3.6,-1.6,11.700000000000001,16
2478,41484.0,-0.8,0.30000000000000004,-1.1,-1.3,1.5,8.6,-3.8,0.2,12.000000000000002,16
2479,41501.0,-1.0,0.30000000000000004,-1.2000000000000002,-1.4000000000000001,1.5,8.5,-6.000000000000001,-0.4,11.5,16
2480,41517.0,-1.0,0.30000000000000004,-1.2000000000000002,-1.5,1.5,8.5,-10.0,-1.2000000000000002,11.4,16
2481,41534.0,-1.1,0.30000000000000004,-1.2000000000000002,-1.6,1.5,8.5,-13.700000000000001,-1.4,13.5,16
2482,41550.0,-1.1,0.30000000000000004,-0.9,-1.5,1.4000000000000001,8.8,-16.900000000000002,-4.2,16.900000000000002,16
2483,41567.0,-1.1,0.2,-0.7000000000000001,-1.4000000000000001,1.3,9.200000000000001,-17.8,-10.0,19.500000000000004,16
2484,41584.0,-0.9,0.30000000000000004,-0.1,-1.2000000000000002,1.3,9.700000000000001,-14.100000000000001,-15.5,22.2,16
2485,41601.0,-0.6000000000000001,0.30000000000000004,0.1,-0.9,1.3,9.8,-5.8,-18.900000000000002,23.700000000000003,16
2486,41617.0,-0.5,0.4,-0.2,-0.7000000000000001,1.4000000000000001,9.5,3.4,-17.9,25.400000000000002,16
2487,41635.0,-0.30000000000000004,0.6000000000000001,-0.4,-0.5,1.7000000000000002,9.4,5.6,-5.9,29.800000000000004,16
2488,41650.0,-0.4,0.8,-0.30000000000000004,-0.6000000000000001,1.8,9.4,1.3,-0.30000000000000004,32.4,16
2489,41667.0,-0.30000000000000004,0.7000000000000001,-0.2,-0.6000000000000001,1.8,9.5,-5.0,1.3,34.7,16
2490,41684.0,-0.1,0.8,0.0,-0.2,1.8,9.9,-7.8,5.7,35.1,16
2491,41701.0,0.1,0.8,0.4,-0.1,1.9000000000000001,10.100000000000001,-7.0,8.799999999999999,33.900000000000006,16
2492,41717.0,0.30000000000000004,0.9,0.6000000000000001,0.1,1.9000000000000001,10.3,-4.6000000000000005,7.9,32.2,16
2493,41734.0,0.6000000000000001,0.9,0.6000000000000001,0.5,1.9000000000000001,10.3,-2.4000000000000004,8.3,29.000000000000004,16
2494,41752.0,0.9,0.8,0.7000000000000001,0.7000000000000001,1.8,10.4,-1.2000000000000002,8.5,24.5,16
2495,41768.0,1.1,0.8,0.7000000000000001,0.9,1.7000000000000002,10.600000000000001,-1.2000000000000002,8.5,24.5,16
2496,41785.0,1.3,0.7000000000000001,0.8,1.1,1.7000000000000002,10.5,2.9,11.1,16.6,16
2497,41803.0,1.3,0.6000000000000001,0.7000000000000001,0.9,1.7000000000000002,10.3,3.7000000000000006,16.1,15.299999999999999,16
2498,41818.0,0.8,0.7000000000000001,0.4,0.4,1.8,10.200000000000001,3.6,19.6,16.900000000000002,16
2499,41835.0,0.4,0.8,0.4,-0.30000000000000004,2.0,10.3,6.000000000000001,22.2,20.3,16
2500,41850.0,-0.30000000000000004,0.9,1.0,-0.8,2.0,11.0,7.9,11.2,21.700000000000003,16
2501,41870.0,0.2,0.8,1.7000000000000002,-0.2,2.0,11.5,8.799999999999999,-5.300000000000001,19.9,16
2502,41885.0,0.6000000000000001,0.5,1.3,0.1,1.7000000000000002,11.100000000000001,10.8,-10.2,14.700000000000001,16
2503,41900.0,0.4,0.6000000000000001,1.3,0.1,1.7000000000000002,11.0,10.600000000000001,-13.4,10.8,16
2504,41917.0,0.5,0.2,1.2000000000000002,0.2,1.5,11.0,6.000000000000001,-13.700000000000001,9.4,16
2505,41934.0,0.6000000000000001,0.2,1.3,0.30000000000000004,1.3,11.0,0.6000000000000001,-7.500000000000001,11.5,16
2506,41950.0,0.4,-0.2,1.2000000000000002,0.0,1.0,10.9,0.1,-1.7,15.100000000000001,16
2507,41973.0,0.0,-0.6000000000000001,1.0,-0.2,0.7000000000000001,10.9,3.7000000000000006,-0.1,18.8,16
2508,41988.0,0.2,-0.6000000000000001,1.1,-0.1,0.7000000000000001,10.9,10.600000000000001,-1.9,17.5,16
2509,42003.0,0.1,-0.6000000000000001,1.1,-0.1,0.7000000000000001,10.9,17.3,-3.2,17.5,16
2510,42017.0,0.4,-0.8,0.8,0.2,0.6000000000000001,10.5,20.3,-7.1000000000000005,16.900000000000002,16
2511,42033.0,0.6000000000000001,-0.9,0.4,0.6000000000000001,0.4,9.9,18.6,-10.4,15.100000000000001,16
2512,42051.0,0.9,-1.1,-0.1,0.7000000000000001,0.30000000000000004,9.600000000000001,12.100000000000001,-10.8,15.100000000000001,16
2513,42071.0,0.8,-1.1,-0.5,0.8,0.30000000000000004,9.200000000000001,7.699999999999999,-5.300000000000001,16.8,16
2514,42085.0,0.8,-1.2000000000000002,-0.7000000000000001,0.7000000000000001,0.30000000000000004,9.0,7.400000000000001,4.6000000000000005,17.1,16
2515,42101.0,0.6000000000000001,-1.2000000000000002,-0.8,0.4,0.30000000000000004,8.9,10.5,8.4,14.4,16
2516,42121.0,0.30000000000000004,-1.2000000000000002,-0.9,0.1,0.30000000000000004,8.8,14.700000000000001,9.4,10.9,16
2517,42134.0,0.2,-1.2000000000000002,-1.1,0.1,0.30000000000000004,8.8,14.700000000000001,9.4,10.9,16
2518,42159.0,-0.2,-1.0,-1.7000000000000002,-0.30000000000000004,0.6000000000000001,8.1,11.1,7.300000000000001,2.6,16
2519,42169.0,-0.2,-0.8,-1.6,-0.4,0.9,8.200000000000001,-1.0,0.5,0.1,16
2520,42184.0,-0.1,-0.6000000000000001,-1.4000000000000001,-0.30000000000000004,0.9,8.3,-14.200000000000001,-4.7,0.2,16
2521,42200.0,-0.1,-0.6000000000000001,-1.3,-0.2,0.9,8.5,-21.8,-5.500000000000001,3.2,16
2522,42217.0,0.1,-0.6000000000000001,-1.0,0.0,0.9,8.700000000000001,-20.4,-7.1000000000000005,5.6,16
2523,42234.0,0.1,-0.6000000000000001,-1.0,0.0,0.9,8.700000000000001,-20.4,-7.1000000000000005,5.6,16
2524,42256.0,0.2,-0.2,-1.2000000000000002,0.1,1.1,8.5,-7.300000000000001,-0.6000000000000001,10.3,16
2525,42269.0,0.2,-0.1,-1.4000000000000001,0.0,1.3,8.200000000000001,-3.9,0.0,9.1,16
2526,42294.0,-0.30000000000000004,-0.1,-1.1,-0.5,1.2000000000000002,8.6,5.0,-9.0,2.9,16
2527,42301.0,-0.30000000000000004,-0.1,-1.1,-0.5,1.2000000000000002,8.6,5.0,-9.0,2.9,16
2528,42317.0,-0.5,-0.1,-1.0,-0.5,1.4000000000000001,8.700000000000001,6.5,-15.2,-1.0999999999999999,16
2529,42334.0,-0.4,0.1,-0.9,-0.4,1.5,8.8,3.4,-21.900000000000002,-4.0,16
2530,42351.0,-0.30000000000000004,0.1,-0.8,0.0,1.5,8.9,-3.8,-26.1,-6.4,16
2531,42369.0,0.1,0.1,-0.5,0.4,1.5,9.3,-12.8,-24.7,-8.799999999999999,16
2532,42385.0,0.4,0.1,0.1,0.6000000000000001,1.4000000000000001,9.8,-19.3,-20.6,-10.600000000000001,16
2533,42400.0,0.4,0.1,0.4,0.6000000000000001,1.3,10.3,-20.900000000000002,-14.700000000000001,-11.1,16
2534,42417.0,0.30000000000000004,0.0,0.9,0.6000000000000001,1.2000000000000002,10.600000000000001,-18.5,-8.600000000000001,-10.600000000000001,16
2535,42434.0,0.2,0.0,1.0,0.4,1.2000000000000002,10.700000000000001,-9.9,-0.5,-10.600000000000001,16
2536,42450.0,0.2,0.0,1.0,0.4,1.2000000000000002,10.700000000000001,-9.9,-0.5,-10.600000000000001,16
2537,42467.0,-0.5,0.2,0.7000000000000001,-0.4,1.5,10.3,14.4,6.000000000000001,-12.8,16
2538,42488.0,-0.9,0.5,0.30000000000000004,-0.6000000000000001,1.8,10.0,17.200000000000003,1.3,-12.3,16
2539,42501.0,-0.8,0.7000000000000001,0.1,-0.6000000000000001,2.0,9.8,13.100000000000001,-4.300000000000001,-8.1,16
2540,42517.0,-0.6000000000000001,0.7000000000000001,0.30000000000000004,-0.30000000000000004,2.0,10.200000000000001,7.2,-9.5,-8.0,16
2541,42534.0,-0.4,0.5,0.7000000000000001,0.0,1.8,10.4,6.2,-14.700000000000001,-6.5,16
2542,42550.0,0.2,0.30000000000000004,0.9,0.5,1.7000000000000002,10.600000000000001,7.699999999999999,-11.8,-8.4,16
2543,42569.0,0.0,0.4,1.0,0.1,1.9000000000000001,10.8,9.700000000000001,-12.6,-10.5,16
2544,42586.0,-0.30000000000000004,0.7000000000000001,1.3,0.0,2.3000000000000003,11.100000000000001,9.9,-14.100000000000001,-9.9,16
2545,42600.0,-0.4,0.9,1.8,0.0,2.4000000000000004,11.5,4.300000000000001,-16.6,-9.3,16
2546,42617.0,-0.30000000000000004,0.9,2.1,0.4,2.2,11.9,-6.4,-22.4,-8.600000000000001,16
2547,42635.0,0.4,0.6000000000000001,2.0,0.9,2.0,11.600000000000001,-13.100000000000001,-16.2,-10.0,16
2548,42650.0,0.30000000000000004,0.2,1.8,0.8,1.6,11.5,-12.700000000000001,-5.2,-12.100000000000001,16
2549,42667.0,0.1,0.1,1.7000000000000002,0.5,1.5,11.3,-9.200000000000001,1.8,-13.5,16
2550,42686.0,-0.1,0.1,1.3,0.4,1.4000000000000001,11.0,-3.7000000000000006,8.200000000000001,-12.700000000000001,16
2551,42705.0,-0.1,-0.30000000000000004,0.9,0.4,1.1,10.700000000000001,1.6,12.000000000000002,-13.4,16
2552,42722.0,0.2,-0.6000000000000001,0.30000000000000004,0.6000000000000001,0.8,10.200000000000001,7.6,12.5,-17.0,16
2553,42734.0,0.30000000000000004,-0.7000000000000001,0.0,0.7000000000000001,0.7000000000000001,9.600000000000001,12.6,14.0,-21.5,16
2554,42750.0,0.6000000000000001,-0.8,-0.9,0.9,0.6000000000000001,8.9,15.7,18.5,-25.3,16
2555,42767.0,0.6000000000000001,-0.9,-1.2000000000000002,0.8,0.6000000000000001,8.4,16.2,24.000000000000004,-28.400000000000002,16
2556,42784.0,0.7000000000000001,-1.0,-1.5,0.9,0.4,8.3,12.700000000000001,24.5,-31.3,16
2557,42800.0,1.0,-1.2000000000000002,-1.3,1.1,0.30000000000000004,8.4,7.1000000000000005,21.6,-34.50000000000001,16
2558,42817.0,1.3,-1.3,-1.4000000000000001,1.3,0.2,8.3,0.30000000000000004,18.6,-37.300000000000004,16
2559,42834.0,1.3,-1.4000000000000001,-1.4000000000000001,1.2000000000000002,0.1,8.3,-8.4,14.800000000000002,-40.0,16
2560,42852.0,1.1,-1.4000000000000001,-1.2000000000000002,1.1,0.1,8.6,-16.8,9.1,-39.9,16
2561,42867.0,1.0,-1.2000000000000002,-0.8,0.9,0.2,8.9,-21.900000000000002,4.7,-36.1,16
2562,42887.0,0.9,-1.0,-0.6000000000000001,0.8,0.30000000000000004,9.1,-22.900000000000002,0.30000000000000004,-30.599999999999998,16
2563,42901.0,0.9,-0.9,-0.4,0.9,0.4,9.4,-21.3,-4.9,-25.3,16
2564,42917.0,1.0,-0.7000000000000001,-0.1,0.9,0.5,9.600000000000001,-19.3,-11.000000000000002,-22.1,16
2565,42934.0,0.9,-0.5,-0.1,0.8,0.7000000000000001,9.700000000000001,-18.1,-17.0,-20.2,16
2566,42954.0,0.6000000000000001,-0.2,-0.1,0.6000000000000001,0.9,9.600000000000001,-16.400000000000002,-18.5,-18.0,16
2567,42969.0,0.30000000000000004,0.0,-0.30000000000000004,0.30000000000000004,1.0,9.5,-13.4,-14.200000000000001,-14.700000000000001,16
2568,42996.0,-0.1,0.2,-0.5,0.0,1.2000000000000002,9.3,-10.1,-10.3,-12.000000000000002,16
2569,43004.0,-0.1,0.2,-0.5,0.0,1.2000000000000002,9.3,-10.1,-10.3,-12.000000000000002,16
2570,43017.0,-0.6000000000000001,0.4,-0.5,-0.5,1.4000000000000001,9.200000000000001,-8.799999999999999,-5.4,-7.9,16
2571,43034.0,-0.6000000000000001,0.5,-0.7000000000000001,-0.4,1.4000000000000001,9.0,-7.8,-6.000000000000001,-8.0,16
2572,43051.0,-0.5,0.4,-0.9,-0.4,1.4000000000000001,8.8,-9.1,-4.3999999999999995,-9.9,16
2573,43067.0,-0.8,0.4,-1.0,-0.6000000000000001,1.4000000000000001,8.700000000000001,-11.5,-3.4,-11.4,16
2574,43084.0,-0.9,0.5,-1.0,-0.8,1.4000000000000001,8.6,-13.6,-2.7,-10.5,16
2575,43100.0,-1.0,0.5,-1.1,-0.9,1.3,8.700000000000001,-16.1,-1.4,-7.8,16
2576,43117.0,-1.2000000000000002,0.4,-0.8,-1.0,1.2000000000000002,8.9,-16.400000000000002,-2.9,-4.9,16
2577,43136.0,-1.0,0.30000000000000004,-0.6000000000000001,-0.9,1.1,9.1,-15.7,-5.8,-2.5,16
2578,43150.0,-1.0,0.30000000000000004,-0.5,-0.9,1.1,9.3,-13.3,-7.1000000000000005,0.30000000000000004,16
2579,43167.0,-1.0,0.4,-0.30000000000000004,-0.8,1.1,9.4,-10.3,-8.9,3.9,16
2580,43184.0,-0.9,0.4,-0.2,-0.7000000000000001,1.1,9.5,-8.600000000000001,-9.600000000000001,7.699999999999999,16
2581,43200.0,-0.8,0.5,-0.2,-0.7000000000000001,1.1,9.5,-8.600000000000001,-9.600000000000001,7.699999999999999,16
2582,43217.0,-0.8,0.6000000000000001,0.1,-0.6000000000000001,1.3,9.8,-6.5,-7.500000000000001,13.8,16
2583,43234.0,-0.8,0.7000000000000001,0.1,-0.5,1.3,9.9,-5.1,-4.3999999999999995,16.2,16
2584,43250.0,-0.8,0.8,0.4,-0.5,1.4000000000000001,10.200000000000001,-5.300000000000001,-1.9,17.400000000000002,16
2585,43267.0,-0.7000000000000001,0.9,0.6000000000000001,-0.5,1.5,10.4,-5.8,-0.8,19.1,16
2586,43284.0,-0.5,0.8,0.8,-0.30000000000000004,1.4000000000000001,10.600000000000001,-6.4,2.1999999999999997,20.900000000000002,16
2587,43300.0,-0.30000000000000004,0.7000000000000001,1.0,0.0,1.3,10.9,-8.200000000000001,5.7,21.1,16
2588,43317.0,-0.1,0.6000000000000001,1.2000000000000002,0.1,1.1,11.0,-8.1,8.600000000000001,20.1,16
2589,43333.0,-0.1,0.5,1.2000000000000002,0.1,1.1,11.100000000000001,-7.8,12.000000000000002,19.6,16
2590,43350.0,0.0,0.5,1.5,0.1,1.1,11.4,-5.0,14.800000000000002,20.2,16
2591,43367.0,0.0,0.5,1.6,0.1,1.0,11.3,0.7,19.3,21.5,16
2592,43384.0,0.0,0.5,1.4000000000000001,0.0,1.1,11.200000000000001,6.8,24.400000000000002,21.900000000000002,16
2593,43400.0,-0.2,0.6000000000000001,1.4000000000000001,-0.30000000000000004,1.3,11.3,10.9,25.3,22.3,16
2594,43418.0,-0.30000000000000004,0.7000000000000001,1.7000000000000002,-0.30000000000000004,1.4000000000000001,11.5,8.3,18.900000000000002,21.900000000000002,16
2595,43433.0,-0.1,0.7000000000000001,1.5,-0.30000000000000004,1.4000000000000001,11.5,8.3,18.900000000000002,21.900000000000002,16
2596,43450.0,0.1,0.6000000000000001,1.1,0.0,1.1,11.100000000000001,4.800000000000001,15.7,17.8,16
2597,43467.0,0.30000000000000004,0.4,1.2000000000000002,0.1,1.0,11.100000000000001,3.8,14.900000000000002,14.0,16
2598,43485.0,0.5,0.2,1.1,0.30000000000000004,0.9,10.9,3.2,14.3,11.1,16
2599,43503.0,0.8,-0.1,0.8,0.5,0.6000000000000001,10.700000000000001,4.1000000000000005,13.0,7.2,16
2600,43520.0,1.0,-0.2,0.7000000000000001,0.7000000000000001,0.5,10.5,6.000000000000001,12.8,3.0000000000000004,16
2601,43536.0,1.2000000000000002,-0.4,0.6000000000000001,0.8,0.30000000000000004,10.5,7.8,12.6,-1.0,16
2602,43552.0,1.5,-0.7000000000000001,0.6000000000000001,1.1,0.1,10.5,7.1000000000000005,9.0,-5.0,16
2603,43567.0,1.7000000000000002,-0.8,0.5,1.3,0.0,10.4,6.8,6.3,-8.3,16
2604,43588.0,1.9000000000000001,-0.9,0.30000000000000004,1.5,-0.1,10.200000000000001,8.9,6.6000000000000005,-10.0,16
2605,43601.0,2.0,-0.9,0.1,1.6,-0.2,9.8,13.9,11.4,-9.5,16
2606,43619.0,2.0,-1.1,-0.4,1.5,-0.2,9.4,18.7,16.400000000000002,-9.1,16
2607,43634.0,1.8,-1.1,-0.9,1.2000000000000002,-0.2,9.0,21.200000000000003,17.8,-9.200000000000001,16
2608,43650.0,1.6,-1.1,-1.1,0.9,-0.1,8.6,21.3,16.2,-9.700000000000001,16
2609,43667.0,1.1,-0.9,-1.4000000000000001,0.5,0.1,8.4,20.2,11.5,-8.600000000000001,16
2610,43687.0,0.9,-0.8,-1.6,0.30000000000000004,0.30000000000000004,8.200000000000001,18.1,7.1000000000000005,-6.7,16
2611,43703.0,0.8,-0.8,-1.6,0.2,0.4,8.200000000000001,16.0,1.5000000000000002,-6.5,16
2612,43719.0,0.8,-0.7000000000000001,-1.5,0.2,0.4,8.4,10.8,-6.7,-8.4,16
2613,43734.0,0.8,-0.6000000000000001,-1.2000000000000002,0.30000000000000004,0.5,8.6,1.7,-16.5,-11.700000000000001,16
2614,43750.0,0.8,-0.5,-1.0,0.4,0.6000000000000001,8.700000000000001,-8.4,-24.3,-14.3,16
2615,43767.0,0.8,-0.5,-0.9,0.4,0.5,8.9,-13.8,-27.400000000000002,-15.5,16
2616,43784.0,0.7000000000000001,-0.5,-0.7000000000000001,0.4,0.6000000000000001,9.1,-14.900000000000002,-25.2,-16.0,16
2617,43811.0,0.4,-0.4,-0.30000000000000004,0.2,0.6000000000000001,9.5,-9.8,-18.8,-17.3,16
2618,43817.0,0.4,-0.4,-0.30000000000000004,0.2,0.6000000000000001,9.5,-9.8,-18.8,-17.3,16
2619,43834.0,0.2,-0.30000000000000004,-0.30000000000000004,0.0,0.7000000000000001,9.4,-7.1000000000000005,-17.3,-19.6,16
2620,43851.0,-0.1,-0.1,-0.6000000000000001,-0.30000000000000004,0.8,9.200000000000001,-5.8,-16.700000000000003,-22.1,16
2621,43867.0,-0.30000000000000004,-0.1,-0.7000000000000001,-0.5,0.9,9.0,-6.8,-16.3,-23.900000000000002,16
2622,43884.0,-0.7000000000000001,0.0,-0.9,-0.8,0.9,8.9,-9.5,-17.1,-24.6,16
2623,43906.0,-0.8,0.1,-0.9,-0.8,0.9,8.9,-12.700000000000001,-17.7,-24.400000000000002,16
2624,43917.0,-0.8,0.0,-0.8,-0.8,0.8,9.0,-14.3,-17.7,-24.400000000000002,16
2625,43934.0,-0.8,0.0,-0.6000000000000001,-0.7000000000000001,0.8,9.200000000000001,-13.700000000000001,-15.7,-24.5,16
2626,43950.0,-0.8,0.0,-0.4,-0.7000000000000001,0.8,9.4,-10.2,-11.700000000000001,-24.9,16
2627,43967.0,-0.9,0.1,-0.30000000000000004,-0.8,0.8,9.5,-6.6000000000000005,-8.600000000000001,-25.6,16
2628,43993.0,-1.1,0.2,-0.30000000000000004,-0.9,0.9,9.5,-4.800000000000001,-6.3,-25.900000000000002,16
2629,44003.0,-1.2000000000000002,0.30000000000000004,-0.30000000000000004,-1.1,0.9,9.5,-3.0000000000000004,-4.5,-25.3,16
2630,44018.0,-1.5,0.4,-0.1,-1.3,1.0,9.600000000000001,-1.9,-3.5,-24.3,16
2631,44037.0,-1.6,0.5,0.0,-1.5,1.1,9.8,-1.6,-4.9,-23.0,16
2632,44050.0,-1.6,0.5,0.30000000000000004,-1.5,1.2000000000000002,10.100000000000001,-2.5,-7.699999999999999,-21.700000000000003,16
2633,44067.0,-1.6,0.6000000000000001,0.5,-1.5,1.3,10.3,-4.0,-10.5,-20.4,16
2634,44089.0,-1.6,0.7000000000000001,0.8,-1.4000000000000001,1.3,10.5,-4.800000000000001,-11.6,-18.3,16
2635,44106.0,-1.6,0.7000000000000001,0.9,-1.4000000000000001,1.3,10.700000000000001,-3.9,-10.8,-15.7,16
2636,44117.0,-1.5,0.7000000000000001,1.1,-1.3,1.3,11.0,-1.5000000000000002,-9.0,-13.100000000000001,16
2637,44135.0,-1.5,0.6000000000000001,1.4000000000000001,-1.3,1.3,11.200000000000001,2.1,-7.0,-11.3,16
2638,44150.0,-1.4000000000000001,0.6000000000000001,1.5,-1.2000000000000002,1.3,11.3,5.9,-4.800000000000001,-10.700000000000001,16
2639,44167.0,-1.3,0.6000000000000001,1.5,-1.1,1.3,11.3,9.0,-2.0,-10.600000000000001,16
2640,44186.0,-1.2000000000000002,0.6000000000000001,1.4000000000000001,-1.0,1.3,11.200000000000001,10.9,1.4,-10.4,16
2641,44201.0,-1.2000000000000002,0.6000000000000001,1.4000000000000001,-1.0,1.4000000000000001,11.200000000000001,12.5,5.2,-10.0,16
2642,44217.0,-1.2000000000000002,0.6000000000000001,1.3,-1.1,1.4000000000000001,11.100000000000001,13.200000000000001,9.600000000000001,-9.3,16
2643,44234.0,-1.3,0.6000000000000001,1.4000000000000001,-1.2000000000000002,1.4000000000000001,11.3,14.3,8.9,-9.600000000000001,16
2644,44250.0,-1.1,0.5,1.7000000000000002,-1.1,1.4000000000000001,11.5,8.799999999999999,3.1,-10.3,16
2645,44267.0,-0.8,0.4,1.4000000000000001,-0.8,1.3,11.200000000000001,3.1,-1.6,-9.5,16
2646,44284.0,-0.7000000000000001,0.30000000000000004,1.4000000000000001,-0.5,1.2000000000000002,11.3,3.3000000000000003,-0.6000000000000001,-6.7,16
2647,44301.0,-0.30000000000000004,0.1,1.4000000000000001,-0.2,1.0,11.200000000000001,4.7,3.2,-4.1000000000000005,16
2648,44318.0,-0.2,0.0,1.3,-0.2,1.0,11.200000000000001,4.7,3.2,-4.1000000000000005,16
2649,44334.0,0.2,-0.30000000000000004,1.2000000000000002,0.4,0.6000000000000001,11.0,18.0,9.3,-0.1,16
2650,44350.0,0.2,-0.30000000000000004,1.2000000000000002,0.4,0.6000000000000001,11.0,18.0,9.3,-0.1,16
2651,44367.0,1.3,-0.8,0.1,1.3,0.30000000000000004,9.9,26.6,10.9,-6.9,16
2652,44388.0,1.5,-0.9,-0.6000000000000001,1.4000000000000001,0.30000000000000004,9.3,23.3,11.4,-10.4,16
2653,44401.0,1.5,-1.0,-0.9,1.4000000000000001,0.2,8.9,17.400000000000002,12.100000000000001,-10.8,16
2654,44417.0,1.6,-1.2000000000000002,-1.0,1.5,0.1,8.8,10.9,12.8,-9.1,16
2655,44434.0,1.7000000000000002,-1.3,-1.0,1.6,0.0,8.700000000000001,4.7,12.6,-7.1000000000000005,16
2656,44451.0,1.7000000000000002,-1.3,-1.2000000000000002,1.5,0.0,8.6,3.0000000000000004,14.0,-4.800000000000001,16
2657,44469.0,1.4000000000000001,-1.3,-1.3,1.1,0.0,8.5,5.0,15.399999999999999,-2.5,16
2658,44485.0,0.9,-1.1,-1.4000000000000001,0.7000000000000001,0.2,8.4,7.6,13.6,-1.0,16
2659,44501.0,0.8,-0.9,-1.5,0.4,0.5,8.200000000000001,8.3,10.3,1.4,16
2660,44517.0,0.5,-0.7000000000000001,-1.6,0.1,0.7000000000000001,8.1,7.6,4.5,3.9,16
2661,44534.0,0.4,-0.6000000000000001,-1.7000000000000002,0.1,0.9,8.0,7.0,-2.3000000000000003,5.6,16
2662,44550.0,0.30000000000000004,-0.30000000000000004,-1.8,0.0,1.1,8.0,3.1,-6.3,5.4,16
2663,44568.0,0.1,-0.1,-1.7000000000000002,-0.2,1.3,8.0,-4.300000000000001,-10.8,4.300000000000001,16
2664,44584.0,-0.2,0.1,-1.6,-0.4,1.4000000000000001,8.1,-12.3,-13.8,3.6,16
2665,44601.0,-0.4,0.1,-1.5,-0.6000000000000001,1.4000000000000001,8.3,-18.7,-14.700000000000001,4.2,16
2666,44617.0,-0.6000000000000001,0.2,-1.2000000000000002,-0.8,1.4000000000000001,8.6,-22.3,-13.4,6.1000000000000005,16
2667,44639.0,-0.8,0.2,-0.8,-0.9,1.4000000000000001,8.9,-22.7,-11.9,8.200000000000001,16
2668,44650.0,-0.8,0.2,-0.6000000000000001,-0.9,1.3,9.200000000000001,-20.900000000000002,-9.9,8.4,16
2669,44667.0,-1.0,0.30000000000000004,-0.30000000000000004,-1.0,1.3,9.4,-18.3,-9.3,7.2,16
2670,44684.0,-1.2000000000000002,0.4,-0.2,-1.2000000000000002,1.4000000000000001,9.5,-17.400000000000002,-8.200000000000001,7.1000000000000005,16
2671,44702.0,-1.2000000000000002,0.4,-0.2,-1.2000000000000002,1.4000000000000001,9.5,-17.400000000000002,-8.200000000000001,7.1000000000000005,16
2672,44717.0,-1.4000000000000001,0.7000000000000001,-0.1,-1.4000000000000001,1.6,9.700000000000001,-16.0,-5.2,14.600000000000001,16
2673,44734.0,-1.3,0.8,0.0,-1.4000000000000001,1.6,9.700000000000001,-16.0,-5.2,14.600000000000001,16
2674,44750.0,-1.1,0.8,0.1,-1.1,1.7000000000000002,9.8,-7.8,4.1000000000000005,18.0,16
2675,44767.0,-1.2000000000000002,0.9,0.1,-1.3,1.8,9.8,-3.8,7.500000000000001,17.5,16
2676,44785.0,-1.3,1.0,0.1,-1.3,1.8,9.8,-3.8,7.500000000000001,17.5,16
2677,44801.0,-1.4000000000000001,1.0,0.0,-1.5,1.9000000000000001,9.700000000000001,-1.5000000000000002,9.1,20.2,16
2678,44817.0,-1.4000000000000001,1.0,-0.1,-1.5,1.9000000000000001,9.700000000000001,-2.3000000000000003,9.9,22.000000000000004,16
2679,44834.0,-1.3,1.0,0.2,-1.4000000000000001,1.9000000000000001,10.0,-2.5,8.799999999999999,24.5,16
2680,44852.0,-0.8,0.9,0.6000000000000001,-1.0,1.8,10.3,-2.4000000000000004,8.600000000000001,27.1,16
2681,44867.0,-0.5,0.9,0.7000000000000001,-0.6000000000000001,1.7000000000000002,10.600000000000001,-0.5,9.5,28.3,16
2682,44884.0,0.0,0.7000000000000001,1.0,-0.2,1.5,10.8,3.5,11.6,27.8,16
2683,44900.0,0.1,0.6000000000000001,1.0,-0.2,1.5,10.9,7.2,14.3,27.1,16
2684,44917.0,0.2,0.5,1.2000000000000002,-0.1,1.4000000000000001,11.0,8.3,13.9,27.400000000000002,16
2685,44934.0,0.4,0.4,1.4000000000000001,0.1,1.3,11.200000000000001,7.1000000000000005,13.0,28.400000000000002,16
2686,44951.0,0.4,0.30000000000000004,1.5,0.1,1.3,11.4,4.1000000000000005,11.3,29.800000000000004,16
2687,44967.0,0.4,0.30000000000000004,1.8,0.1,1.3,11.8,2.1999999999999997,7.6,31.4,16
2688,45000.0,0.9,0.2,2.5,0.8,1.1,12.3,-7.2,-7.9,32.6,16
2689,45017.0,1.4000000000000001,0.1,2.5,1.2000000000000002,0.9,12.3,-7.9,-8.799999999999999,31.900000000000002,16
2690,45033.0,1.9000000000000001,-0.2,2.2,1.6,0.8,11.9,0.0,-1.3,29.300000000000004,16
2691,45050.0,1.4000000000000001,-0.30000000000000004,0.9,1.2000000000000002,0.7000000000000001,10.8,14.600000000000001,8.3,24.5,16
2692,45067.0,1.4000000000000001,-0.4,0.6000000000000001,1.0,0.6000000000000001,10.5,22.6,16.1,18.900000000000002,16
2693,45084.0,0.7000000000000001,-0.4,0.0,0.4,0.7000000000000001,9.700000000000001,26.500000000000004,17.8,16.2,16
2694,45102.0,0.30000000000000004,-0.5,-1.0,0.0,0.7000000000000001,8.9,27.1,19.8,16.8,16
2695,45117.0,0.2,-0.7000000000000001,-1.3,-0.2,0.5,8.4,25.900000000000002,19.200000000000003,19.400000000000002,16
2696,45133.0,0.2,-1.0,-1.7000000000000002,-0.2,0.30000000000000004,8.0,22.8,15.6,21.400000000000002,16
2697,45150.0,0.30000000000000004,-1.2000000000000002,-1.8,-0.2,0.2,7.9,19.700000000000003,10.600000000000001,22.4,16
2698,45173.0,0.4,-1.3,-1.7000000000000002,-0.1,0.1,8.0,17.0,5.4,21.8,16
2699,45184.0,0.4,-1.4000000000000001,-1.6,0.0,0.1,8.3,14.100000000000001,-1.6,20.6,16
2700,45200.0,0.5,-1.3,-1.3,0.0,0.1,8.3,14.100000000000001,-1.6,20.6,16
2701,45218.0,0.8,-1.3,-0.9,0.7000000000000001,0.1,8.9,6.4,-17.3,16.400000000000002,16
2702,45234.0,1.2000000000000002,-1.4000000000000001,-0.6000000000000001,1.0,0.1,9.200000000000001,2.1999999999999997,-20.2,11.8,16
2703,45250.0,1.2000000000000002,-1.2000000000000002,-0.30000000000000004,1.0,0.2,9.4,-2.8,-23.1,8.0,16
2704,45267.0,1.2000000000000002,-1.2000000000000002,-0.2,1.0,0.30000000000000004,9.600000000000001,-9.4,-24.1,6.1000000000000005,16
2705,45284.0,1.0,-1.0,-0.1,0.8,0.4,9.600000000000001,-14.4,-21.6,6.2,16
2706,45300.0,0.7000000000000001,-0.9,-0.30000000000000004,0.6000000000000001,0.5,9.4,-14.3,-14.700000000000001,8.4,16
2707,45317.0,0.5,-0.8,-0.4,0.30000000000000004,0.6000000000000001,9.4,-9.4,-6.3,11.5,16
2708,45335.0,0.1,-0.7000000000000001,-0.4,0.0,0.7000000000000001,9.3,-4.2,-2.0,13.0,16
2709,45350.0,-0.4,-0.5,-0.7000000000000001,-0.30000000000000004,0.8,9.0,-1.0,-2.0,12.200000000000001,16
2710,45367.0,-0.5,-0.4,-0.8,-0.7000000000000001,1.0,8.8,-0.5,-3.0000000000000004,10.600000000000001,16
2711,45392.0,-1.1,-0.2,-1.0,-1.0,1.1,8.8,-2.0,-6.4,9.700000000000001,16
2712,45400.0,-1.2000000000000002,-0.2,-0.8,-1.1,1.1,8.9,-5.500000000000001,-10.1,9.5,16
2713,45417.0,-1.0,-0.2,-0.6000000000000001,-0.9,1.0,9.1,-8.700000000000001,-13.200000000000001,9.4,16
2714,45434.0,-0.9,-0.2,-0.4,-0.7000000000000001,1.0,9.4,-8.9,-13.0,9.0,16
2715,45450.0,-0.7000000000000001,-0.2,-0.1,-0.5,1.0,9.700000000000001,-7.9,-10.3,8.1,16
2716,45475.0,-0.6000000000000001,-0.1,0.2,-0.4,1.1,9.9,-7.1000000000000005,-7.1000000000000005,7.1000000000000005,16
2717,45483.0,-0.5,-0.1,0.30000000000000004,-0.30000000000000004,1.1,10.0,-5.500000000000001,-2.8,6.8,16
2718,45500.0,-0.4,0.0,0.30000000000000004,-0.2,1.2000000000000002,10.0,-1.7,4.1000000000000005,6.7,16
2719,45517.0,-0.4,0.1,0.30000000000000004,-0.2,1.3,10.100000000000001,2.6,10.2,6.3,16
2720,45537.0,-0.4,0.2,0.4,-0.30000000000000004,1.4000000000000001,10.100000000000001,3.8,12.100000000000001,4.800000000000001,16
2721,45551.0,-0.5,0.30000000000000004,0.5,-0.4,1.5,10.200000000000001,2.1,10.1,2.9,16
2722,45568.0,-0.5,0.4,0.4,-0.4,1.5,10.200000000000001,-0.2,7.699999999999999,2.1,16
2723,45588.0,-0.5,0.4,0.5,-0.4,1.6,10.200000000000001,-1.3,6.2,2.8,16
2724,45600.0,-0.4,0.4,0.6000000000000001,-0.4,1.6,10.4,-1.3,5.1,4.300000000000001,16
2725,45618.0,-0.30000000000000004,0.4,0.8,-0.30000000000000004,1.6,10.600000000000001,-1.2000000000000002,3.4,6.000000000000001,16
2726,45634.0,-0.30000000000000004,0.4,0.9,-0.2,1.6,10.8,0.30000000000000004,0.5,7.2,16
2727,45651.0,-0.1,0.4,1.3,0.0,1.6,11.100000000000001,2.7,-1.6,7.8,16
2728,45679.0,0.30000000000000004,0.6000000000000001,1.3,0.30000000000000004,1.8,11.0,9.4,0.30000000000000004,4.6000000000000005,16
2729,45685.0,0.30000000000000004,0.6000000000000001,1.3,0.30000000000000004,1.8,11.0,9.4,0.30000000000000004,4.6000000000000005,16
2730,45701.0,0.30000000000000004,0.6000000000000001,0.9,0.30000000000000004,1.8,10.5,10.5,6.000000000000001,2.7,16
2731,45717.0,0.0,0.6000000000000001,0.4,0.0,1.9000000000000001,10.100000000000001,11.3,13.0,0.0,16
2732,45734.0,-0.2,0.6000000000000001,0.30000000000000004,-0.2,1.8,10.3,8.1,12.8,-1.8,16
2733,45750.0,-0.2,0.30000000000000004,1.0,-0.2,1.6,10.600000000000001,-3.7000000000000006,4.7,-4.6000000000000005,16
2734,45767.0,-0.2,0.1,0.30000000000000004,-0.2,1.4000000000000001,10.200000000000001,-9.1,2.1999999999999997,-4.0,16
2735,45791.0,0.0,-0.2,0.6000000000000001,-0.1,1.1,10.5,-5.0,4.1000000000000005,-2.3000000000000003,16
2736,45801.0,0.1,-0.30000000000000004,0.5,0.0,1.0,10.3,-1.9,6.1000000000000005,-1.5000000000000002,16
2737,45817.0,0.0,-0.4,0.1,-0.1,0.9,10.0,4.2,7.1000000000000005,-0.8,16
2738,45834.0,0.1,-0.4,0.0,0.0,0.9,9.8,6.5,3.7000000000000006,-1.0999999999999999,16
2739,45850.0,0.2,-0.5,-0.2,0.2,0.8,9.5,5.8,-0.7,-1.2000000000000002,16
2740,45867.0,0.5,-0.6000000000000001,-0.5,0.4,0.6000000000000001,9.4,5.300000000000001,-3.8,-2.5,16
2741,45889.0,0.9,-0.9,-0.30000000000000004,0.8,0.4,9.5,3.1,-7.2,-4.3999999999999995,16
2742,45901.0,1.1,-0.9,-0.30000000000000004,1.2000000000000002,0.4,9.700000000000001,0.4,-10.4,-4.5,16
2743,45917.0,1.6,-1.0,-0.1,1.6,0.30000000000000004,9.8,-0.4,-11.4,-4.7,16
2744,45934.0,1.8,-1.1,-0.1,1.9000000000000001,0.2,9.8,-1.9,-10.600000000000001,-6.9,16
2745,45950.0,1.8,-1.1,-0.30000000000000004,1.7000000000000002,0.30000000000000004,9.5,-2.1,-5.500000000000001,-8.799999999999999,16
2746,45969.0,1.2000000000000002,-0.8,-0.4,1.2000000000000002,0.5,9.4,-2.4000000000000004,-0.6000000000000001,-7.2,16
2747,45993.0,0.7000000000000001,-0.5,-0.5,0.8,0.7000000000000001,9.4,-2.5,0.9,-2.5,16
2748,46000.0,0.7000000000000001,-0.4,-0.5,0.8,0.8,9.4,-1.8,-0.8,0.1,16
2749,46017.0,0.7000000000000001,-0.4,-0.5,0.8,0.9,9.4,-0.2,-4.1000000000000005,-0.30000000000000004,16
2750,46033.0,0.7000000000000001,-0.30000000000000004,-0.5,0.8,0.9,9.4,-0.2,-4.1000000000000005,-0.30000000000000004,16
2751,46051.0,0.6000000000000001,-0.1,-0.8,0.8,1.1,8.9,5.6,-6.3,-2.8,16
2752,46067.0,0.5,0.0,-1.2000000000000002,0.6000000000000001,1.3,8.6,5.500000000000001,-4.3999999999999995,-4.7,16
2753,46086.0,0.2,0.1,-1.6,0.30000000000000004,1.4000000000000001,8.3,3.8,-1.5000000000000002,-6.000000000000001,16
2754,46100.0,0.0,0.2,-1.7000000000000002,-0.1,1.5,8.1,-0.8,0.9,-6.4,16
2755,46119.0,-0.5,0.2,-1.7000000000000002,-0.4,1.5,8.1,-5.6,1.3,-5.7,16
2756,46135.0,-0.8,0.30000000000000004,-1.5,-0.7000000000000001,1.5,8.4,-9.700000000000001,1.0,-3.7000000000000006,16
2757,46150.0,-0.9,0.30000000000000004,-1.3,-0.7000000000000001,1.5,8.6,-13.5,-3.1,-1.4,16
2758,46167.0,-0.7000000000000001,0.30000000000000004,-1.2000000000000002,-0.6000000000000001,1.4000000000000001,8.700000000000001,-16.1,-4.800000000000001,-0.2,16
2759,46187.0,-0.7000000000000001,0.30000000000000004,-1.0,-0.6000000000000001,1.4000000000000001,8.8,-16.400000000000002,-4.6000000000000005,0.30000000000000004,16
2760,46201.0,-0.9,0.4,-0.7000000000000001,-0.8,1.5,9.1,-14.200000000000001,-4.1000000000000005,2.9,16
2761,46217.0,-0.9,0.5,-0.6000000000000001,-0.7000000000000001,1.5,9.3,-10.600000000000001,-3.7000000000000006,6.8,16
2762,46234.0,-0.7000000000000001,0.5,-0.4,-0.5,1.5,9.5,-8.600000000000001,-5.4,9.1,16
2763,46250.0,-0.4,0.5,-0.30000000000000004,-0.2,1.5,9.5,-8.4,-6.4,9.5,16
2764,46267.0,-0.30000000000000004,0.6000000000000001,-0.30000000000000004,-0.1,1.6,9.5,-8.0,-4.800000000000001,10.0,16
2765,46288.0,-0.30000000000000004,0.8,-0.2,-0.1,1.8,9.600000000000001,-7.0,-1.3,12.100000000000001,16
2766,46300.0,-0.2,0.8,-0.2,0.0,1.8,9.600000000000001,-5.9,2.4000000000000004,14.0,16
2767,46317.0,-0.2,0.8,-0.2,0.0,1.8,9.600000000000001,-5.8,4.9,14.0,16
2768,46334.0,-0.30000000000000004,1.0,-0.1,-0.2,1.9000000000000001,9.700000000000001,-5.500000000000001,6.8,14.4,16
2769,46350.0,-0.4,1.1,-0.1,-0.30000000000000004,2.0,9.700000000000001,-4.5,8.200000000000001,16.700000000000003,16
2770,46367.0,-0.4,1.1,-0.1,-0.1,2.0,9.700000000000001,-2.7,9.5,19.0,16
2771,46390.0,-0.1,1.0,0.0,0.0,2.0,9.8,-1.3,8.9,19.3,16
2772,46400.0,0.0,1.1,0.2,0.1,2.0,10.0,-0.8,7.6,18.8,16
2773,46417.0,0.1,1.1,0.4,0.4,2.0,10.4,-1.8,1.5000000000000002,18.3,16
2774,46434.0,0.7000000000000001,1.0,0.9,0.9,1.9000000000000001,10.700000000000001,-2.9,-4.3999999999999995,17.1,16
2775,46450.0,0.9,1.0,1.0,0.9,1.9000000000000001,10.700000000000001,-2.9,-4.3999999999999995,17.1,16
2776,46467.0,1.2000000000000002,0.8,0.9,1.3,1.8,10.700000000000001,2.7,-4.7,10.0,16
2777,46485.0,1.0,0.9,0.9,1.1,1.9000000000000001,10.9,5.6,-2.1,6.1000000000000005,16
2778,46502.0,0.8,0.9,1.2000000000000002,0.9,1.9000000000000001,11.200000000000001,0.5,-8.9,3.1,16
2779,46517.0,0.7000000000000001,0.9,1.3,0.9,1.7000000000000002,10.9,-9.1,-13.6,1.8,16
2780,46534.0,0.5,0.7000000000000001,0.9,0.7000000000000001,1.6,10.8,-12.3,-9.8,2.8,16
2781,46550.0,0.0,0.5,1.1,0.30000000000000004,1.4000000000000001,11.100000000000001,-10.600000000000001,-3.4,6.4,16
2782,46567.0,-0.1,0.4,1.5,0.2,1.3,11.4,-5.500000000000001,-1.6,11.3,16
2783,46586.0,0.0,0.2,1.6,0.4,1.0,11.4,3.6,-1.6,13.4,16
2784,46602.0,0.2,-0.1,1.3,0.5,0.8,11.200000000000001,13.8,-3.4,10.600000000000001,16
2785,46618.0,0.1,-0.1,0.7000000000000001,0.5,0.9,10.600000000000001,21.900000000000002,-3.9,6.3,16
2786,46634.0,0.0,0.0,0.4,0.30000000000000004,1.1,10.100000000000001,24.6,-4.300000000000001,5.1,16
2787,46650.0,0.0,0.0,-0.1,0.4,1.1,9.8,21.400000000000002,-5.6,6.5,16
2788,46667.0,0.30000000000000004,-0.2,-0.30000000000000004,0.7000000000000001,0.9,9.600000000000001,14.4,-8.1,8.3,16
2789,46687.0,0.6000000000000001,-0.6000000000000001,-0.5,1.0,0.7000000000000001,9.4,7.500000000000001,-8.700000000000001,8.799999999999999,16
2790,46701.0,0.6000000000000001,-0.6000000000000001,-0.5,1.0,0.7000000000000001,9.4,7.500000000000001,-8.700000000000001,8.799999999999999,16
2791,46720.0,0.30000000000000004,-1.0,-0.6000000000000001,0.8,0.2,9.3,7.1000000000000005,-1.8,7.699999999999999,16
2792,46734.0,0.2,-1.2000000000000002,-0.7000000000000001,0.4,0.0,9.0,11.2,2.0,6.6000000000000005,16
2793,46750.0,-0.4,-1.3,-1.1,-0.1,0.0,8.8,15.8,2.9,5.8,16
2794,46767.0,-0.9,-1.2000000000000002,-0.8,-0.5,0.1,9.0,16.6,-0.6000000000000001,5.6,16
2795,46788.0,-1.0,-1.1,-0.6000000000000001,-0.6000000000000001,0.2,9.200000000000001,14.600000000000001,-9.8,5.500000000000001,16
2796,46800.0,-0.8,-1.1,-0.5,-0.2,0.30000000000000004,9.3,10.4,-17.9,4.2,16
2797,46817.0,-0.4,-1.1,-0.4,0.2,0.2,9.4,4.1000000000000005,-24.3,0.5,16
2798,46834.0,-0.2,-1.1,-0.4,0.5,0.30000000000000004,9.4,-4.300000000000001,-25.400000000000002,-2.5,16
2799,46850.0,-0.2,-0.9,-0.2,0.5,0.4,9.600000000000001,-11.4,-23.900000000000002,-2.5,16
2800,46867.0,-0.1,-0.8,-0.1,0.6000000000000001,0.4,9.700000000000001,-15.7,-18.1,-0.9,16
2801,46885.0,-0.2,-0.7000000000000001,0.1,0.6000000000000001,0.5,9.8,-14.800000000000002,-10.0,2.0,16
2802,46900.0,-0.1,-0.6000000000000001,0.1,0.7000000000000001,0.6000000000000001,9.9,-10.0,-2.5,3.8,16
2803,46917.0,-0.2,-0.6000000000000001,0.0,0.6000000000000001,0.6000000000000001,9.8,-3.7000000000000006,3.3000000000000003,3.7000000000000006,16
2804,46934.0,-0.2,-0.5,-0.2,0.5,0.7000000000000001,9.4,2.5,6.8,2.7,16
2805,46950.0,-0.5,-0.4,-0.7000000000000001,0.2,0.8,8.9,7.8,8.9,2.5,16
2806,46967.0,-0.5,-0.4,-0.7000000000000001,0.2,0.8,8.9,7.8,8.9,2.5,16
2807,47001.0,-0.7000000000000001,-0.1,-1.2000000000000002,0.1,1.2000000000000002,8.6,6.8,3.5,3.7000000000000006,16
2808,47017.0,-0.5,0.0,-1.0,0.2,1.2000000000000002,8.8,3.9,0.9,1.4,16
2809,47034.0,-0.4,0.0,-0.8,0.30000000000000004,1.3,8.9,2.5,0.2,-1.6,16
2810,47050.0,-0.4,0.1,-0.7000000000000001,0.30000000000000004,1.3,9.1,2.9,3.2,-3.1,16
2811,47067.0,-0.5,0.1,-0.4,0.2,1.4000000000000001,9.3,4.9,7.400000000000001,-3.2,16
2812,47086.0,-0.6000000000000001,0.2,-0.1,0.1,1.5,9.600000000000001,7.699999999999999,10.4,-2.9,16
2813,47104.0,-0.6000000000000001,0.30000000000000004,0.30000000000000004,0.0,1.6,10.0,10.0,10.1,-3.2,16
2814,47117.0,-0.5,0.30000000000000004,0.30000000000000004,0.1,1.6,10.100000000000001,9.4,6.9,-4.6000000000000005,16
2815,47133.0,-0.4,0.30000000000000004,0.4,0.2,1.6,10.0,5.6,4.2,-6.8,16
2816,47150.0,-0.30000000000000004,0.30000000000000004,0.30000000000000004,0.1,1.7000000000000002,10.100000000000001,1.4,4.800000000000001,-7.500000000000001,16
2817,47167.0,-0.5,0.30000000000000004,0.5,0.0,1.7000000000000002,10.3,-1.5000000000000002,6.1000000000000005,-5.9,16
2818,47183.0,-0.4,0.30000000000000004,1.0,0.1,1.6,10.700000000000001,-3.2,5.300000000000001,-3.5,16
2819,47200.0,-0.4,0.2,1.3,0.2,1.6,11.100000000000001,-4.3999999999999995,1.2000000000000002,-3.3000000000000003,16
2820,47217.0,0.0,0.2,1.5,0.5,1.6,11.3,-4.800000000000001,-3.0000000000000004,-4.9,16
2821,47233.0,0.0,0.30000000000000004,1.5,0.5,1.6,11.3,-4.800000000000001,-3.0000000000000004,-4.9,16
2822,47250.0,0.0,0.4,1.6,0.5,1.8,11.4,-7.500000000000001,-4.7,-7.2,16
2823,47267.0,-0.1,0.5,1.6,0.5,1.8,11.5,-10.2,-6.1000000000000005,-5.9,16
2824,47284.0,0.2,0.4,1.7000000000000002,0.7000000000000001,1.6,11.5,-12.200000000000001,-4.9,-4.9,16
2825,47301.0,0.30000000000000004,0.2,1.4000000000000001,0.8,1.4000000000000001,11.200000000000001,-11.000000000000002,-1.0999999999999999,-4.7,16
2826,47319.0,0.2,0.0,1.4000000000000001,0.7000000000000001,1.2000000000000002,11.200000000000001,-7.400000000000001,1.6,-4.9,16
2827,47334.0,0.2,-0.2,1.3,0.8,1.0,11.100000000000001,-2.9,2.5,-5.300000000000001,16
2828,47350.0,0.30000000000000004,-0.30000000000000004,1.0,1.0,0.9,10.600000000000001,0.7,0.9,-6.2,16
2829,47367.0,0.6000000000000001,-0.4,0.4,1.1,0.7000000000000001,10.200000000000001,2.0,3.4,-7.2,16
2830,47384.0,0.8,-0.6000000000000001,-0.30000000000000004,1.2000000000000002,0.6000000000000001,9.5,3.2,6.9,-8.200000000000001,16
2831,47401.0,0.6000000000000001,-0.7000000000000001,-0.8,1.1,0.5,9.1,5.2,14.700000000000001,-8.3,16
2832,47418.0,0.5,-0.7000000000000001,-0.9,0.9,0.6000000000000001,8.9,6.5,18.8,-7.6,16
2833,47434.0,0.6000000000000001,-0.7000000000000001,-1.0,0.9,0.6000000000000001,8.9,6.2,19.500000000000004,-6.5,16
2834,47450.0,0.7000000000000001,-0.7000000000000001,-1.0,1.2000000000000002,0.5,8.700000000000001,5.500000000000001,17.7,-6.8,16
2835,47467.0,1.0,-0.9,-1.1,1.2000000000000002,0.4,8.700000000000001,5.8,17.7,-9.5,16
2836,47484.0,0.9,-0.9,-1.3,1.1,0.4,8.5,7.400000000000001,16.3,-12.100000000000001,16
2837,47503.0,0.6000000000000001,-0.7000000000000001,-1.3,0.8,0.6000000000000001,8.5,5.7,16.1,-12.3,16
2838,47517.0,0.4,-0.7000000000000001,-1.4000000000000001,0.5,0.7000000000000001,8.3,1.5000000000000002,10.9,-10.700000000000001,16
2839,47533.0,0.4,-0.5,-1.3,0.5,0.8,8.5,-4.9,4.9,-8.700000000000001,16
2840,47550.0,0.5,-0.5,-1.1,0.6000000000000001,0.8,8.700000000000001,-13.4,-1.8,-7.2,16
2841,47567.0,0.5,-0.5,-1.0,0.7000000000000001,0.8,8.8,-18.5,-6.000000000000001,-6.2,16
2842,47585.0,0.6000000000000001,-0.5,-0.9,0.7000000000000001,0.7000000000000001,8.9,-19.500000000000004,-5.1,-5.9,16
2843,47600.0,0.2,-0.30000000000000004,-0.7000000000000001,0.4,0.8,9.1,-17.9,-3.7000000000000006,-4.9,16
2844,47617.0,0.0,-0.2,-0.6000000000000001,0.1,0.9,9.200000000000001,-14.200000000000001,-4.1000000000000005,-2.0,16
2845,47634.0,-0.30000000000000004,0.0,-0.5,-0.2,1.1,9.3,-11.2,-6.4,1.0999999999999999,16
2846,47651.0,-0.4,0.2,-0.5,-0.2,1.2000000000000002,9.3,-9.200000000000001,-10.8,3.4,16
2847,47667.0,-0.2,0.30000000000000004,-0.5,0.1,1.3,9.200000000000001,-8.1,-13.200000000000001,3.9,16
2848,47684.0,0.0,0.4,-0.6000000000000001,0.30000000000000004,1.3,9.200000000000001,-7.699999999999999,-11.9,2.7,16
2849,47700.0,0.0,0.4,-0.6000000000000001,0.30000000000000004,1.3,9.200000000000001,-7.699999999999999,-11.9,2.7,16
2850,47717.0,-0.2,0.5,-0.7000000000000001,0.1,1.5,9.1,-6.1000000000000005,-5.0,1.5000000000000002,16
2851,47734.0,-0.5,0.6000000000000001,-0.6000000000000001,-0.2,1.5,9.200000000000001,-7.6,-4.300000000000001,2.0,16
2852,47751.0,-0.7000000000000001,0.7000000000000001,-0.5,-0.4,1.6,9.3,-10.2,-7.2,2.7,16
2853,47767.0,-0.7000000000000001,0.7000000000000001,-0.5,-0.30000000000000004,1.5,9.3,-13.3,-8.600000000000001,3.1,16
2854,47783.0,-0.6000000000000001,0.7000000000000001,-0.30000000000000004,-0.2,1.5,9.5,-14.100000000000001,-6.6000000000000005,3.6,16
2855,47800.0,-0.6000000000000001,0.8,-0.2,-0.2,1.6,9.600000000000001,-13.0,-2.1999999999999997,5.9,16
2856,47817.0,-0.6000000000000001,0.8,0.0,-0.2,1.6,9.9,-10.5,2.1999999999999997,9.8,16
2857,47834.0,-0.4,0.8,0.30000000000000004,0.0,1.6,10.100000000000001,-6.6000000000000005,5.300000000000001,12.100000000000001,16
2858,47850.0,-0.2,0.8,0.30000000000000004,0.2,1.7000000000000002,10.100000000000001,-1.2000000000000002,7.9,12.3,16
2859,47867.0,-0.1,0.9,0.2,0.30000000000000004,1.8,10.0,2.1999999999999997,9.600000000000001,11.2,16
2860,47884.0,0.1,1.0,0.1,0.4,1.9000000000000001,9.8,4.800000000000001,11.5,9.200000000000001,16
2861,47900.0,0.2,0.9,-0.2,0.5,1.9000000000000001,9.600000000000001,3.7000000000000006,11.8,5.7,16
2862,47918.0,0.2,0.9,-0.2,0.4,1.9000000000000001,9.600000000000001,-0.5,9.4,2.1,16
2863,47934.0,0.2,0.9,-0.1,0.5,1.9000000000000001,9.8,-7.0,5.0,0.0,16
2864,47951.0,0.30000000000000004,0.8,0.2,0.6000000000000001,1.8,10.100000000000001,-12.700000000000001,1.8,-0.1,16
2865,47967.0,0.5,0.6000000000000001,0.6000000000000001,0.8,1.6,10.4,-15.100000000000001,0.30000000000000004,1.0,16
2866,47995.0,0.7000000000000001,0.4,1.0,0.9,1.4000000000000001,10.8,-15.399999999999999,0.30000000000000004,0.7,16
2867,48004.0,0.6000000000000001,0.4,1.2000000000000002,0.8,1.4000000000000001,11.100000000000001,-13.100000000000001,0.5,0.1,16
2868,48017.0,0.5,0.4,1.5,0.8,1.3,11.4,-11.2,-1.5000000000000002,0.1,16
2869,48033.0,0.5,0.4,1.6,0.8,1.3,11.5,-10.0,-3.2,0.8,16
2870,48050.0,0.30000000000000004,0.4,1.5,0.6000000000000001,1.3,11.4,-7.6,-3.4,2.1,16
2871,48068.0,0.4,0.30000000000000004,1.3,0.7000000000000001,1.2000000000000002,11.3,-4.300000000000001,-1.7,3.6,16
2872,48084.0,0.5,0.2,1.2000000000000002,0.9,1.0,11.100000000000001,0.1,1.3,3.2,16
2873,48100.0,0.6000000000000001,0.0,0.8,0.9,0.9,10.700000000000001,5.4,5.4,0.5,16
2874,48117.0,0.4,0.0,0.4,0.7000000000000001,0.9,10.4,9.3,8.1,-2.3000000000000003,16
2875,48133.0,0.2,0.0,0.2,0.4,0.9,9.9,10.3,8.700000000000001,-3.4,16
2876,48150.0,0.1,-0.1,-0.30000000000000004,0.30000000000000004,0.8,9.600000000000001,10.0,8.9,-3.7000000000000006,16
2877,48167.0,0.1,-0.30000000000000004,-0.6000000000000001,0.30000000000000004,0.7000000000000001,9.4,8.4,8.3,-4.7,16
2878,48187.0,0.2,-0.5,-0.5,0.4,0.5,9.4,5.6,5.6,-6.8,16
2879,48200.0,0.2,-0.5,-0.5,0.4,0.5,9.4,5.6,5.6,-6.8,16
2880,48217.0,0.5,-0.8,-0.30000000000000004,0.8,0.30000000000000004,9.600000000000001,3.8,-0.30000000000000004,-8.4,16
2881,48233.0,0.7000000000000001,-0.8,-0.4,1.0,0.2,9.5,5.7,1.2000000000000002,-8.3,16
2882,48250.0,0.8,-1.0,-0.5,1.0,0.1,9.3,7.0,1.9,-9.1,16
2883,48267.0,0.8,-0.9,-0.9,0.9,0.2,9.0,10.700000000000001,4.2,-9.8,16
2884,48284.0,0.7000000000000001,-0.9,-1.1,0.7000000000000001,0.2,8.700000000000001,15.6,7.300000000000001,-11.3,16
2885,48300.0,0.4,-0.8,-1.2000000000000002,0.5,0.4,8.700000000000001,18.8,5.8,-13.8,16
2886,48317.0,0.2,-0.8,-1.3,0.30000000000000004,0.4,8.6,19.400000000000002,1.7,-17.3,16
2887,48333.0,0.0,-0.7000000000000001,-1.2000000000000002,0.0,0.5,8.8,14.100000000000001,-8.0,-21.1,16
2888,48350.0,-0.1,-0.7000000000000001,-1.0,0.1,0.6000000000000001,8.9,2.4000000000000004,-20.8,-23.400000000000002,16
2889,48376.0,0.4,-0.9,-0.4,0.9,0.2,9.8,-19.9,-34.0,-26.200000000000003,16
2890,48383.0,0.4,-0.9,-0.4,0.9,0.2,9.8,-19.9,-34.0,-26.200000000000003,16
2891,48400.0,0.7000000000000001,-1.0,0.2,1.1,0.1,10.200000000000001,-23.1,-28.700000000000003,-24.7,16
2892,48417.0,0.7000000000000001,-1.1,0.7000000000000001,1.2000000000000002,-0.1,10.600000000000001,-20.0,-19.6,-20.7,16
2893,48434.0,0.7000000000000001,-1.1,0.8,1.2000000000000002,-0.1,10.8,-12.200000000000001,-11.3,-17.0,16
2894,48450.0,0.6000000000000001,-1.1,0.9,1.2000000000000002,-0.1,10.8,-12.200000000000001,-11.3,-17.0,16
2895,48473.0,0.30000000000000004,-1.0,0.4,0.8,0.0,10.200000000000001,1.2000000000000002,-2.6,-15.000000000000002,16
2896,48484.0,0.1,-0.9,0.1,0.4,0.2,9.600000000000001,2.1,0.8,-13.9,16
2897,48500.0,-0.4,-0.6000000000000001,-0.5,0.0,0.4,9.200000000000001,0.9,2.5,-11.4,16
2898,48517.0,-0.7000000000000001,-0.5,-0.8,-0.2,0.5,9.0,-2.1999999999999997,3.5,-8.9,16
2899,48534.0,-0.7000000000000001,-0.4,-0.9,-0.2,0.5,9.0,-2.1999999999999997,3.5,-8.9,16
2900,48550.0,-0.6000000000000001,-0.4,-0.8,0.0,0.5,9.0,-8.5,2.4000000000000004,-6.5,16
2901,48571.0,-0.4,-0.5,-0.9,0.1,0.4,9.0,-6.4,5.8,-7.300000000000001,16
2902,48586.0,-0.5,-0.4,-0.9,-0.1,0.5,9.0,-1.5000000000000002,10.9,-9.1,16
2903,48602.0,-0.9,-0.2,-1.0,-0.5,0.6000000000000001,8.9,2.6,13.4,-10.1,16
2904,48617.0,-1.1,-0.1,-1.0,-0.8,0.8,8.8,5.300000000000001,13.3,-10.1,16
2905,48633.0,-1.2000000000000002,-0.1,-1.1,-0.8,0.8,8.8,5.300000000000001,11.000000000000002,-10.700000000000001,16
2906,48651.0,-1.2000000000000002,0.1,-1.2000000000000002,-1.1,1.0,8.700000000000001,3.1,8.799999999999999,-12.9,16
2907,48667.0,-1.3,0.1,-1.0,-1.1,1.0,8.9,-0.6000000000000001,4.9,-14.900000000000002,16
2908,48690.0,-1.3,0.2,-0.6000000000000001,-1.2000000000000002,1.1,9.200000000000001,-7.8,0.6000000000000001,-17.5,16
2909,48700.0,-1.5,0.2,-0.30000000000000004,-1.4000000000000001,1.1,9.700000000000001,-15.9,-5.4,-15.7,16
2910,48717.0,-1.4000000000000001,0.2,0.30000000000000004,-1.1,1.0,10.3,-21.200000000000003,-8.200000000000001,-9.8,16
2911,48733.0,-1.0,0.1,1.0,-0.8,0.9,10.9,-20.8,-6.7,-4.5,16
2912,48750.0,-0.7000000000000001,0.0,1.6,-0.5,0.7000000000000001,11.4,-13.700000000000001,-3.3000000000000003,-1.2000000000000002,16
2913,48772.0,-0.5,0.0,1.6,-0.30000000000000004,0.7000000000000001,11.5,-3.4,-1.7,0.30000000000000004,16
2914,48785.0,-0.5,0.0,1.6,-0.30000000000000004,0.8,11.5,7.1000000000000005,4.0,0.2,16
2915,48800.0,-0.8,0.2,1.4000000000000001,-0.6000000000000001,1.0,11.3,15.299999999999999,6.5,-0.30000000000000004,16
2916,48817.0,-1.0,0.30000000000000004,1.3,-0.9,1.2000000000000002,11.100000000000001,17.3,6.8,1.0,16
2917,48833.0,-1.1,0.5,0.9,-1.0,1.3,10.8,14.900000000000002,7.1000000000000005,3.8,16
2918,48850.0,-1.1,0.5,0.8,-1.0,1.4000000000000001,10.700000000000001,12.8,9.9,6.6000000000000005,16
2919,48867.0,-0.9,0.30000000000000004,1.1,-0.6000000000000001,1.2000000000000002,11.200000000000001,10.0,7.8,5.6,16
2920,48889.0,-0.30000000000000004,-0.1,1.9000000000000001,-0.1,0.8,11.700000000000001,0.7,-3.6,1.5000000000000002,16
2921,48901.0,0.4,-0.30000000000000004,1.6,0.5,0.7000000000000001,11.5,-7.9,-13.5,-0.30000000000000004,16
2922,48917.0,0.8,-0.4,1.7000000000000002,1.3,0.4,11.8,-5.9,-14.200000000000001,1.0,16
2923,48933.0,1.8,-0.7000000000000001,2.0,2.1,0.2,11.8,-2.5,-12.4,-0.7,16
2924,48950.0,2.2,-0.7000000000000001,1.1,2.5,0.2,11.0,7.699999999999999,-2.5,-3.6,16
2925,48967.0,2.2,-0.7000000000000001,0.5,2.2,0.30000000000000004,10.200000000000001,19.8,13.700000000000001,-7.8,16
2926,48994.0,1.1,-0.30000000000000004,-0.6000000000000001,1.6,0.6000000000000001,9.600000000000001,25.400000000000002,22.5,-10.4,16
2927,49000.0,0.9,-0.30000000000000004,-0.8,1.0,0.8,9.1,25.6,22.1,-10.700000000000001,16
2928,49017.0,0.8,-0.30000000000000004,-0.9,0.9,0.8,9.0,21.6,15.9,-10.700000000000001,16
2929,49033.0,0.9,-0.5,-1.0,1.0,0.7000000000000001,8.9,16.1,6.7,-12.8,16
2930,49050.0,1.1,-0.6000000000000001,-1.1,1.2000000000000002,0.6000000000000001,8.8,12.9,0.7,-17.200000000000003,16
2931,49070.0,1.0,-0.8,-1.2000000000000002,1.1,0.5,8.700000000000001,12.4,-1.2000000000000002,-22.1,16
2932,49088.0,0.6000000000000001,-0.9,-1.3,0.8,0.4,8.6,10.2,-2.1,-24.9,16
2933,49100.0,0.30000000000000004,-0.8,-1.3,0.30000000000000004,0.5,8.5,5.500000000000001,-3.1,-24.200000000000003,16
2934,49117.0,0.0,-0.8,-1.2000000000000002,-0.1,0.5,8.700000000000001,-0.1,-6.5,-20.4,16
2935,49133.0,-0.2,-0.9,-0.9,-0.1,0.4,9.0,-5.2,-11.000000000000002,-15.8,16
2936,49151.0,-0.2,-1.0,-0.6000000000000001,-0.1,0.30000000000000004,9.200000000000001,-7.1000000000000005,-13.8,-11.700000000000001,16
2937,49167.0,-0.1,-1.0,-0.7000000000000001,0.1,0.2,9.200000000000001,-4.5,-13.3,-9.4,16
2938,49185.0,-0.2,-1.0,-0.6000000000000001,-0.1,0.30000000000000004,9.200000000000001,-1.7,-9.700000000000001,-8.200000000000001,16
2939,49202.0,-0.6000000000000001,-0.8,-0.7000000000000001,-0.5,0.4,9.1,2.1999999999999997,-6.8,-6.3,16
2940,49217.0,-1.0,-0.7000000000000001,-0.8,-0.8,0.6000000000000001,9.0,3.5,-4.7,-3.8,16
2941,49233.0,-1.1,-0.6000000000000001,-0.9,-0.9,0.6000000000000001,8.8,0.30000000000000004,-7.0,-2.1,16
2942,49250.0,-1.2000000000000002,-0.5,-1.0,-1.0,0.7000000000000001,8.8,-3.2,-7.400000000000001,-0.2,16
2943,49267.0,-1.4000000000000001,-0.4,-1.0,-1.2000000000000002,0.8,8.8,-4.9,-7.2,2.9,16
2944,49290.0,-1.4000000000000001,-0.4,-1.0,-1.2000000000000002,0.8,8.8,-6.8,-7.300000000000001,6.3,16
2945,49300.0,-1.4000000000000001,-0.4,-1.0,-1.1,0.8,8.8,-8.700000000000001,-8.4,9.200000000000001,16
2946,49317.0,-1.1,-0.30000000000000004,-0.8,-0.9,0.8,9.0,-10.3,-7.1000000000000005,11.6,16
2947,49333.0,-1.1,-0.30000000000000004,-0.7000000000000001,-0.8,0.8,9.1,-9.8,-6.1000000000000005,14.100000000000001,16
2948,49350.0,-1.1,-0.2,-0.6000000000000001,-0.8,0.9,9.200000000000001,-7.6,-4.0,17.5,16
2949,49367.0,-1.1,0.0,-0.4,-0.8,1.0,9.4,-5.8,-3.8,21.700000000000003,16
2950,49389.0,-1.1,0.0,-0.4,-0.6000000000000001,1.1,9.5,-5.8,-3.8,21.700000000000003,16
2951,49405.0,-0.8,0.1,-0.30000000000000004,-0.4,1.2000000000000002,9.5,-5.0,-3.2,26.700000000000003,16
2952,49419.0,-0.7000000000000001,0.30000000000000004,-0.2,-0.4,1.4000000000000001,9.600000000000001,-2.8,0.5,29.000000000000004,16
2953,49434.0,-0.8,0.5,-0.1,-0.5,1.6,9.700000000000001,0.0,4.2,32.4,16
2954,49452.0,-0.7000000000000001,0.8,0.1,-0.4,1.9000000000000001,9.8,2.3000000000000003,6.9,35.3,16
2955,49468.0,-0.5,1.0,0.2,-0.30000000000000004,2.0,10.0,3.4,6.6000000000000005,35.199999999999996,16
2956,49488.0,-0.30000000000000004,1.1,0.4,-0.1,2.2,10.100000000000001,2.7,4.3999999999999995,33.7,16
2957,49503.0,-0.1,1.1,0.5,0.2,2.2,10.3,0.2,2.3000000000000003,30.799999999999997,16
2958,49518.0,0.1,1.1,0.8,0.4,2.2,10.600000000000001,-2.1999999999999997,2.5,27.7,16
2959,49533.0,0.2,1.1,1.0,0.5,2.2,10.9,-2.6,4.800000000000001,26.3,16
2960,49550.0,0.4,1.1,1.3,0.7000000000000001,2.1,11.100000000000001,-0.9,8.700000000000001,25.900000000000002,16
2961,49567.0,0.7000000000000001,0.9,1.3,0.9,2.0,11.100000000000001,3.1,13.3,24.3,16
2962,49586.0,0.7000000000000001,0.7000000000000001,1.1,0.9,1.8,10.9,7.9,19.1,21.5,16
2963,49600.0,0.5,0.6000000000000001,0.9,0.5,1.7000000000000002,10.8,11.5,22.000000000000004,18.400000000000002,16
2964,49617.0,0.1,0.5,1.1,0.2,1.7000000000000002,11.0,9.200000000000001,17.3,16.5,16
2965,49634.0,0.0,0.5,1.3,0.2,1.6,11.0,2.1,6.3,16.400000000000002,16
2966,49651.0,0.30000000000000004,0.30000000000000004,1.1,0.5,1.4000000000000001,10.9,-3.5,0.7,16.700000000000003,16
2967,49667.0,0.7000000000000001,0.1,1.1,0.7000000000000001,1.2000000000000002,10.9,-6.3,-1.0,15.8,16
2968,49684.0,0.8,-0.1,1.1,0.8,1.0,11.0,-7.300000000000001,0.2,14.800000000000002,16
2969,49701.0,0.7000000000000001,-0.2,1.2000000000000002,0.8,0.9,11.0,-4.7,1.4,14.100000000000001,16
2970,49719.0,0.7000000000000001,-0.4,1.2000000000000002,0.8,0.8,11.0,-0.9,1.0999999999999999,13.4,16
2971,49734.0,0.7000000000000001,-0.4,0.9,0.8,0.8,10.8,4.5,0.4,13.200000000000001,16
2972,49750.0,0.8,-0.4,0.7000000000000001,0.9,0.8,10.4,10.1,0.5,12.100000000000001,16
2973,49767.0,0.9,-0.4,0.1,0.9,0.8,9.8,15.2,2.7,10.1,16
2974,49786.0,0.7000000000000001,-0.4,-0.6000000000000001,0.8,0.9,9.3,19.8,7.2,8.799999999999999,16
2975,49800.0,0.6000000000000001,-0.4,-0.8,0.6000000000000001,0.9,9.0,21.200000000000003,9.8,8.700000000000001,16
2976,49817.0,0.6000000000000001,-0.5,-1.0,0.7000000000000001,0.8,8.8,19.500000000000004,8.5,8.1,16
2977,49834.0,0.8,-0.7000000000000001,-1.1,0.7000000000000001,0.8,8.8,19.500000000000004,8.5,8.1,16
2978,49851.0,0.9,-0.8,-1.2000000000000002,1.0,0.5,8.6,10.8,3.1,2.4000000000000004,16
2979,49867.0,0.9,-1.0,-1.2000000000000002,0.9,0.4,8.6,8.799999999999999,4.3999999999999995,-0.1,16
2980,49884.0,0.7000000000000001,-1.2000000000000002,-1.1,0.7000000000000001,0.2,8.700000000000001,8.1,6.2,-1.7,16
2981,49901.0,0.6000000000000001,-1.3,-1.0,0.6000000000000001,0.1,8.8,7.0,5.6,-3.1,16
2982,49918.0,0.5,-1.5,-0.8,0.5,0.0,9.0,5.0,0.5,-4.5,16
2983,49933.0,0.4,-1.5,-0.7000000000000001,0.5,-0.1,9.1,1.9,-5.7,-5.9,16
2984,49950.0,0.5,-1.5,-0.5,0.6000000000000001,-0.1,9.4,-3.1,-11.6,-7.300000000000001,16
2985,49968.0,0.8,-1.5,-0.1,1.0,-0.1,9.700000000000001,-9.0,-18.1,-9.5,16
2986,49998.0,1.1,-1.4000000000000001,0.1,1.3,0.0,9.8,-16.0,-15.100000000000001,-8.0,16
2987,50004.0,1.1,-1.3,0.1,1.3,0.0,9.8,-16.0,-15.100000000000001,-8.0,16
2988,50016.0,1.0,-1.3,-0.1,1.1,0.0,9.5,-12.700000000000001,-5.500000000000001,-4.300000000000001,16
2989,50033.0,0.6000000000000001,-1.1,-0.5,0.7000000000000001,0.2,9.3,-7.1000000000000005,4.300000000000001,-1.0,16
2990,50050.0,-0.1,-0.8,-0.6000000000000001,0.1,0.4,9.1,-2.9,6.9,1.3,16
2991,50066.0,-0.4,-0.7000000000000001,-0.8,-0.30000000000000004,0.6000000000000001,8.9,-1.0999999999999999,3.7000000000000006,2.6,16
2992,50083.0,-0.7000000000000001,-0.4,-1.1,-0.5,0.8,8.6,-0.4,-0.1,3.1,16
2993,50100.0,-0.8,-0.30000000000000004,-1.3,-0.7000000000000001,1.0,8.4,-0.30000000000000004,-5.6,3.4,16
2994,50117.0,-1.0,-0.1,-1.4000000000000001,-0.8,1.1,8.3,-1.5000000000000002,-10.9,4.1000000000000005,16
2995,50137.0,-0.9,0.0,-1.5,-0.6000000000000001,1.2000000000000002,8.3,-5.2,-16.1,3.8,16
2996,50150.0,-0.7000000000000001,0.0,-1.4000000000000001,-0.4,1.2000000000000002,8.4,-11.3,-20.0,1.4,16
2997,50166.0,-0.6000000000000001,0.0,-1.2000000000000002,-0.2,1.2000000000000002,8.6,-16.0,-21.5,-1.4,16
2998,50183.0,-0.5,0.1,-0.8,0.0,1.2000000000000002,9.0,-18.8,-18.5,-3.1,16
2999,50200.0,-0.4,0.2,-0.30000000000000004,0.1,1.2000000000000002,9.4,-20.2,-14.200000000000001,-4.7,16
3000,50217.0,-0.30000000000000004,0.2,-0.2,0.30000000000000004,1.1,9.600000000000001,-19.200000000000003,-10.3,-7.2,16
3001,50235.0,-0.1,0.2,0.1,0.4,1.1,9.8,-17.8,-4.7,-11.3,16
3002,50250.0,-0.1,0.2,0.30000000000000004,0.4,1.1,10.100000000000001,-16.5,-1.0999999999999999,-16.2,16
3003,50267.0,-0.1,0.30000000000000004,0.5,0.2,1.1,10.3,-15.6,0.7,-20.2,16
3004,50284.0,-0.4,0.4,0.8,0.0,1.3,10.600000000000001,-16.1,-0.4,-22.000000000000004,16
3005,50300.0,-0.7000000000000001,0.6000000000000001,1.1,-0.2,1.4000000000000001,10.8,-16.3,-3.7000000000000006,-20.900000000000002,16
3006,50319.0,-0.7000000000000001,0.7000000000000001,1.3,-0.2,1.4000000000000001,11.100000000000001,-14.700000000000001,-7.300000000000001,-17.7,16
3007,50335.0,-0.6000000000000001,0.7000000000000001,1.4000000000000001,0.0,1.4000000000000001,11.200000000000001,-7.400000000000001,-8.700000000000001,-14.3,16
3008,50350.0,-0.4,0.6000000000000001,1.5,0.2,1.3,11.3,4.3999999999999995,-9.1,-12.700000000000001,16
3009,50367.0,-0.4,0.5,1.4000000000000001,0.1,1.2000000000000002,11.100000000000001,16.1,-11.3,-13.700000000000001,16
3010,50388.0,-0.8,0.5,0.6000000000000001,-0.2,1.3,10.600000000000001,24.1,-14.500000000000002,-14.100000000000001,16
3011,50403.0,-1.0,0.4,0.30000000000000004,-0.4,1.3,10.0,26.9,-16.400000000000002,-12.6,16
3012,50416.0,-1.4000000000000001,0.4,-0.30000000000000004,-0.7000000000000001,1.4000000000000001,9.600000000000001,24.400000000000002,-16.6,-9.700000000000001,16
3013,50433.0,-1.5,0.5,-0.30000000000000004,-0.8,1.5,9.5,18.5,-16.700000000000003,-7.1000000000000005,16
3014,50453.0,-1.6,0.30000000000000004,-0.1,-0.9,1.4000000000000001,9.8,11.6,-18.6,-7.500000000000001,16
3015,50467.0,-1.5,0.2,1.0,-0.7000000000000001,1.3,10.600000000000001,3.0000000000000004,-27.1,-10.700000000000001,16
3016,50484.0,-1.2000000000000002,0.1,1.4000000000000001,-0.2,1.1,11.200000000000001,-11.3,-40.2,-15.100000000000001,16
3017,50500.0,-0.7000000000000001,0.0,1.5,0.4,1.0,11.3,-20.4,-44.00000000000001,-16.3,16
3018,50517.0,-0.2,-0.30000000000000004,1.7000000000000002,0.9,0.7000000000000001,11.5,-23.8,-36.4,-15.7,16
3019,50533.0,0.1,-0.4,1.9000000000000001,1.3,0.4,11.700000000000001,-20.3,-23.1,-14.700000000000001,16
3020,50550.0,0.4,-0.7000000000000001,1.8,1.6,0.2,11.5,-9.1,-7.6,-14.100000000000001,16
3021,50569.0,0.30000000000000004,-0.8,1.1,1.5,0.1,10.9,5.2,9.200000000000001,-15.000000000000002,16
3022,50585.0,0.2,-0.8,0.7000000000000001,1.3,0.1,10.100000000000001,15.9,20.5,-16.400000000000002,16
3023,50600.0,-0.1,-0.8,-0.30000000000000004,0.9,0.2,9.4,22.6,26.6,-18.3,16
3024,50617.0,-0.30000000000000004,-0.7000000000000001,-0.8,0.6000000000000001,0.4,9.0,26.500000000000004,28.400000000000002,-19.6,16
3025,50633.0,-0.30000000000000004,-0.7000000000000001,-0.9,0.7000000000000001,0.5,8.9,25.5,24.9,-21.400000000000002,16
3026,50650.0,0.1,-0.7000000000000001,-0.9,1.0,0.5,8.9,15.5,16.8,-24.000000000000004,16
3027,50667.0,0.5,-0.6000000000000001,-0.8,1.4000000000000001,0.5,9.0,-3.5,2.7,-26.400000000000002,16
3028,50686.0,1.2000000000000002,-0.6000000000000001,-1.0,1.9000000000000001,0.5,8.9,-22.1,-6.2,-25.700000000000003,16
3029,50700.0,1.2000000000000002,-0.6000000000000001,-1.0,1.9000000000000001,0.5,8.9,-22.1,-6.2,-25.700000000000003,16
3030,50717.0,1.5,-0.7000000000000001,-0.5,2.4000000000000004,0.2,9.3,-41.0,-3.0000000000000004,-18.2,16
3031,50733.0,1.5,-0.6000000000000001,-0.30000000000000004,2.4000000000000004,0.2,9.600000000000001,-36.7,2.7,-11.5,16
3032,50750.0,1.6,-0.5,0.1,2.4000000000000004,0.2,9.9,-25.400000000000002,6.9,-6.2,16
3033,50767.0,1.7000000000000002,-0.5,0.2,2.5,0.2,10.0,-12.000000000000002,7.2,-4.9,16
3034,50786.0,1.5,-0.30000000000000004,-0.1,2.3000000000000003,0.30000000000000004,9.700000000000001,-0.5,4.5,-7.300000000000001,16
3035,50802.0,1.3,-0.30000000000000004,-0.30000000000000004,2.0,0.5,9.4,5.500000000000001,-0.6000000000000001,-10.9,16
3036,50817.0,0.9,0.0,-0.8,1.7000000000000002,0.7000000000000001,9.0,4.2,-5.6,-13.200000000000001,16
3037,50833.0,0.6000000000000001,0.0,-0.9,1.4000000000000001,0.8,8.8,-2.6,-10.2,-13.4,16
3038,50850.0,0.4,0.1,-1.0,1.2000000000000002,0.8,8.8,-12.3,-13.100000000000001,-11.9,16
3039,50867.0,0.2,0.1,-0.7000000000000001,1.2000000000000002,0.8,9.1,-19.1,-13.5,-9.700000000000001,16
3040,50885.0,0.1,0.2,-0.30000000000000004,1.1,0.7000000000000001,9.5,-19.400000000000002,-11.000000000000002,-7.400000000000001,16
3041,50906.0,0.0,0.2,-0.1,1.1,0.7000000000000001,9.600000000000001,-12.700000000000001,-5.300000000000001,-6.4,16
3042,50918.0,-0.2,0.2,-0.1,0.8,0.8,9.700000000000001,-5.0,-2.1,-7.2,16
3043,50933.0,-0.4,0.30000000000000004,-0.1,0.5,0.9,9.5,0.4,-1.8,-8.3,16
3044,50950.0,-0.8,0.4,-0.4,0.1,0.9,9.200000000000001,3.3000000000000003,-1.8,-7.1000000000000005,16
3045,50967.0,-1.0,0.4,-0.7000000000000001,0.0,1.0,9.0,3.9,-2.3000000000000003,-4.1000000000000005,16
3046,50984.0,-1.0,0.4,-0.8,-0.1,1.0,8.9,4.2,-0.1,-0.30000000000000004,16
3047,51000.0,-1.2000000000000002,0.4,-0.8,-0.2,1.0,9.0,6.9,2.5,3.0000000000000004,16
3048,51016.0,-1.3,0.4,-0.6000000000000001,-0.30000000000000004,1.1,9.200000000000001,9.9,4.2,5.0,16
3049,51033.0,-1.4000000000000001,0.4,-0.5,-0.5,1.1,9.3,11.8,2.7,5.300000000000001,16
3050,51050.0,-1.4000000000000001,0.5,-0.4,-0.5,1.2000000000000002,9.5,10.3,-0.2,5.7,16
3051,51066.0,-1.4000000000000001,0.6000000000000001,-0.1,-0.4,1.3,9.600000000000001,6.7,-2.7,7.1000000000000005,16
3052,51083.0,-1.2000000000000002,0.7000000000000001,0.1,-0.30000000000000004,1.4000000000000001,9.9,3.5,-2.7,10.0,16
3053,51100.0,-1.0,0.8,0.2,0.0,1.5,10.0,3.4,4.6000000000000005,13.5,16
3054,51117.0,-0.8,0.8,0.5,0.2,1.5,10.3,4.3999999999999995,12.4,15.2,16
3055,51133.0,-0.6000000000000001,0.8,0.8,0.2,1.5,10.600000000000001,5.1,17.3,14.500000000000002,16
3056,51150.0,-0.5,0.8,1.0,0.2,1.6,10.9,4.800000000000001,19.6,12.8,16
3057,51166.0,-0.6000000000000001,0.9,1.3,0.2,1.7000000000000002,11.0,5.4,20.6,13.700000000000001,16
3058,51183.0,-0.2,0.7000000000000001,1.2000000000000002,0.4,1.6,11.0,7.2,22.900000000000002,15.2,16
3059,51200.0,-0.2,0.7000000000000001,1.2000000000000002,0.4,1.6,11.0,7.2,22.900000000000002,15.2,16
3060,51217.0,0.1,0.6000000000000001,1.1,0.7000000000000001,1.4000000000000001,10.9,14.0,29.900000000000006,14.700000000000001,16
3061,51233.0,0.2,0.5,1.2000000000000002,0.7000000000000001,1.4000000000000001,11.0,15.000000000000002,28.200000000000003,11.000000000000002,16
3062,51250.0,0.30000000000000004,0.5,1.3,0.8,1.5,11.100000000000001,10.0,19.200000000000003,6.7,16
3063,51267.0,0.6000000000000001,0.5,1.2000000000000002,1.0,1.4000000000000001,10.9,2.0,9.700000000000001,3.2,16
3064,51283.0,0.8,0.4,1.0,1.2000000000000002,1.3,10.8,-5.500000000000001,4.2,0.8,16
3065,51300.0,0.9,0.30000000000000004,0.9,1.2000000000000002,1.2000000000000002,10.700000000000001,-11.000000000000002,4.800000000000001,0.6000000000000001,16
3066,51317.0,0.9,0.1,0.9,1.1,1.0,10.700000000000001,-14.3,6.1000000000000005,1.6,16
3067,51334.0,0.6000000000000001,-0.1,0.7000000000000001,0.8,0.8,10.600000000000001,-13.6,8.200000000000001,3.8,16
3068,51351.0,0.30000000000000004,-0.2,0.9,0.6000000000000001,0.7000000000000001,10.8,-8.5,8.9,7.2,16
3069,51367.0,0.2,-0.30000000000000004,0.9,0.4,0.6000000000000001,10.700000000000001,-1.2000000000000002,8.5,10.8,16
3070,51384.0,0.1,-0.2,0.6000000000000001,0.30000000000000004,0.7000000000000001,10.4,11.4,11.3,16.1,16
3071,51402.0,0.30000000000000004,-0.2,0.30000000000000004,0.5,0.7000000000000001,10.200000000000001,25.900000000000002,16.8,21.0,16
3072,51417.0,0.4,-0.30000000000000004,0.1,0.8,0.6000000000000001,9.9,36.1,18.5,22.4,16
3073,51433.0,0.8,-0.6000000000000001,-0.1,1.0,0.5,9.700000000000001,38.800000000000004,16.2,19.9,16
3074,51450.0,1.0,-0.6000000000000001,-0.4,1.1,0.6000000000000001,9.4,35.5,11.4,15.8,16
3075,51467.0,1.0,-0.7000000000000001,-0.7000000000000001,1.1,0.6000000000000001,9.0,31.4,11.1,12.6,16
3076,51483.0,1.0,-0.8,-1.0,1.0,0.5,8.8,27.900000000000002,13.6,10.2,16
3077,51500.0,0.8,-0.9,-1.1,0.9,0.6000000000000001,8.700000000000001,25.8,15.2,7.6,16
3078,51517.0,0.7000000000000001,-0.8,-1.1,0.6000000000000001,0.6000000000000001,8.6,23.1,13.3,3.1,16
3079,51533.0,0.5,-0.9,-1.3,0.4,0.6000000000000001,8.5,16.6,7.2,-3.1,16
3080,51550.0,0.1,-0.9,-1.4000000000000001,0.1,0.7000000000000001,8.3,6.6000000000000005,-0.7,-8.600000000000001,16
3081,51567.0,-0.1,-0.8,-1.5,-0.2,0.8,8.200000000000001,-4.2,-8.0,-10.0,16
3082,51583.0,-0.30000000000000004,-0.8,-1.5,-0.30000000000000004,0.7000000000000001,8.3,-12.4,-11.4,-8.4,16
3083,51600.0,-0.30000000000000004,-0.9,-1.2000000000000002,-0.2,0.6000000000000001,8.6,-17.200000000000003,-13.5,-5.7,16
3084,51617.0,-0.2,-0.9,-1.0,-0.1,0.5,8.8,-18.2,-13.9,-3.1,16
3085,51634.0,-0.2,-0.8,-0.8,-0.1,0.5,9.0,-15.2,-13.5,-0.8,16
3086,51650.0,-0.30000000000000004,-0.7000000000000001,-0.7000000000000001,-0.1,0.6000000000000001,9.0,-10.4,-11.700000000000001,0.7,16
3087,51673.0,-0.5,-0.6000000000000001,-0.8,-0.30000000000000004,0.7000000000000001,8.9,-6.000000000000001,-10.5,1.2000000000000002,16
3088,51684.0,-0.7000000000000001,-0.5,-0.9,-0.5,0.8,8.9,-3.3000000000000003,-10.1,2.1,16
3089,51700.0,-0.8,-0.4,-0.8,-0.5,0.8,8.9,-3.3000000000000003,-10.1,2.1,16
3090,51717.0,-0.8,-0.2,-0.7000000000000001,-0.6000000000000001,1.0,9.0,-5.2,-13.700000000000001,5.0,16
3091,51733.0,-0.8,-0.2,-0.6000000000000001,-0.5,1.1,9.200000000000001,-6.1000000000000005,-14.600000000000001,6.000000000000001,16
3092,51751.0,-0.7000000000000001,-0.1,-0.4,-0.4,1.1,9.4,-5.8,-13.3,6.000000000000001,16
3093,51772.0,-0.7000000000000001,0.0,-0.1,-0.30000000000000004,1.2000000000000002,9.600000000000001,-4.800000000000001,-11.000000000000002,4.6000000000000005,16
3094,51783.0,-0.7000000000000001,0.1,0.0,-0.2,1.3,9.8,-3.9,-9.0,2.0,16
3095,51802.0,-0.4,0.2,0.2,0.1,1.4000000000000001,9.9,-3.0000000000000004,-5.300000000000001,-1.4,16
3096,51817.0,-0.4,0.30000000000000004,0.2,0.1,1.5,9.9,-0.7,0.9,-4.9,16
3097,51833.0,-0.5,0.4,0.2,-0.1,1.6,9.9,1.8,7.8,-7.1000000000000005,16
3098,51850.0,-0.6000000000000001,0.4,0.30000000000000004,-0.30000000000000004,1.6,10.0,2.4000000000000004,11.700000000000001,-9.200000000000001,16
3099,51872.0,-0.8,0.4,0.4,-0.5,1.6,10.200000000000001,0.1,10.9,-10.9,16
3100,51883.0,-0.8,0.4,0.5,-0.5,1.6,10.200000000000001,-2.5,8.3,-10.9,16
3101,51900.0,-0.8,0.4,0.5,-0.5,1.5,10.3,-2.4000000000000004,8.1,-9.700000000000001,16
3102,51917.0,-0.8,0.30000000000000004,0.6000000000000001,-0.6000000000000001,1.5,10.3,1.3,8.9,-7.699999999999999,16
3103,51933.0,-0.8,0.30000000000000004,0.6000000000000001,-0.6000000000000001,1.5,10.4,6.7,11.000000000000002,-4.7,16
3104,51950.0,-0.7000000000000001,0.30000000000000004,0.6000000000000001,-0.6000000000000001,1.5,10.3,12.5,11.5,-2.7,16
3105,51967.0,-0.7000000000000001,0.30000000000000004,0.6000000000000001,-0.6000000000000001,1.6,10.3,16.3,10.600000000000001,-2.3000000000000003,16
3106,51985.0,-0.7000000000000001,0.30000000000000004,0.5,-0.7000000000000001,1.7000000000000002,10.200000000000001,17.3,7.2,-2.4000000000000004,16
3107,52003.0,-0.8,0.30000000000000004,0.5,-0.8,1.7000000000000002,10.4,13.200000000000001,0.7,-3.1,16
3108,52017.0,-0.7000000000000001,0.30000000000000004,0.8,-0.7000000000000001,1.7000000000000002,10.600000000000001,1.8,-11.2,-4.2,16
3109,52033.0,-0.6000000000000001,0.30000000000000004,0.8,-0.4,1.7000000000000002,10.700000000000001,-10.4,-20.8,-2.8,16
3110,52050.0,-0.2,0.1,0.9,0.0,1.4000000000000001,10.8,-17.8,-24.8,-0.2,16
3111,52066.0,0.30000000000000004,-0.2,1.0,0.5,1.1,11.0,-22.4,-23.5,0.2,16
3112,52086.0,0.2,-0.4,1.1,0.5,0.9,11.100000000000001,-22.3,-22.8,-0.1,16
3113,52100.0,0.2,-0.30000000000000004,1.2000000000000002,0.6000000000000001,0.8,11.3,-20.1,-22.6,1.8,16
3114,52117.0,0.5,-0.4,1.1,0.9,0.7000000000000001,11.100000000000001,-16.900000000000002,-22.6,4.300000000000001,16
3115,52135.0,1.1,-0.6000000000000001,0.5,1.5,0.5,10.600000000000001,-11.1,-19.3,4.2,16
3116,52151.0,1.2000000000000002,-0.5,0.2,1.7000000000000002,0.5,10.100000000000001,-4.2,-9.8,2.9,16
3117,52167.0,1.1,-0.5,-0.2,1.7000000000000002,0.5,9.8,3.4,-1.8,1.7,16
3118,52184.0,1.3,-0.6000000000000001,-0.4,1.8,0.5,9.600000000000001,8.9,4.1000000000000005,-0.1,16
3119,52200.0,1.3,-0.6000000000000001,-0.4,1.8,0.5,9.600000000000001,8.9,4.1000000000000005,-0.1,16
3120,52218.0,1.4000000000000001,-0.6000000000000001,-1.1,1.9000000000000001,0.5,8.9,12.700000000000001,7.1000000000000005,-5.9,16
3121,52234.0,1.4000000000000001,-0.6000000000000001,-1.2000000000000002,2.0,0.6000000000000001,8.700000000000001,10.9,8.5,-8.700000000000001,16
3122,52254.0,1.5,-0.5,-1.5,1.9000000000000001,0.7000000000000001,8.5,8.4,9.200000000000001,-9.8,16
3123,52269.0,1.5,-0.4,-1.5,2.0,0.8,8.5,5.4,8.4,-9.8,16
3124,52283.0,1.6,-0.4,-1.4000000000000001,2.0,0.8,8.6,1.9,6.1000000000000005,-10.5,16
3125,52300.0,1.6,-0.30000000000000004,-1.4000000000000001,2.0,0.9,8.6,-2.3000000000000003,2.3000000000000003,-12.000000000000002,16
3126,52316.0,1.4000000000000001,-0.30000000000000004,-1.3,1.8,0.9,8.8,-7.500000000000001,-3.2,-13.3,16
3127,52333.0,1.2000000000000002,-0.2,-1.1,1.8,0.9,8.8,-7.500000000000001,-3.2,-13.3,16
3128,52352.0,1.2000000000000002,-0.2,-0.8,1.7000000000000002,0.9,9.3,-13.100000000000001,-12.5,-10.700000000000001,16
3129,52367.0,1.1,-0.2,-0.5,1.6,0.9,9.4,-10.2,-13.3,-10.0,16
3130,52393.0,0.7000000000000001,-0.1,-0.7000000000000001,1.1,1.1,9.1,0.5,-7.699999999999999,-13.5,16
3131,52400.0,0.7000000000000001,-0.1,-0.7000000000000001,1.1,1.1,9.1,0.5,-7.699999999999999,-13.5,16
3132,52418.0,0.2,0.1,-1.1,0.7000000000000001,1.2000000000000002,8.8,0.8,-5.300000000000001,-16.1,16
3133,52434.0,-0.5,0.30000000000000004,-1.2000000000000002,0.1,1.4000000000000001,8.700000000000001,-3.2,-6.1000000000000005,-17.1,16
3134,52451.0,-0.7000000000000001,0.4,-1.3,-0.1,1.5,8.700000000000001,-8.9,-5.500000000000001,-15.299999999999999,16
3135,52467.0,-0.9,0.5,-1.2000000000000002,-0.2,1.5,8.8,-12.5,-4.3999999999999995,-12.5,16
3136,52492.0,-0.8,0.4,-1.0,-0.2,1.4000000000000001,8.9,-12.700000000000001,-2.9,-10.600000000000001,16
3137,52500.0,-0.8,0.4,-0.9,-0.1,1.3,9.1,-10.5,-0.5,-10.5,16
3138,52517.0,-0.9,0.4,-0.7000000000000001,-0.30000000000000004,1.4000000000000001,9.3,-7.8,-0.9,-11.000000000000002,16
3139,52533.0,-1.0,0.5,-0.6000000000000001,-0.30000000000000004,1.5,9.3,-5.8,-2.1999999999999997,-10.1,16
3140,52551.0,-0.8,0.6000000000000001,-0.4,-0.2,1.5,9.5,-6.3,-3.4,-8.700000000000001,16
3141,52567.0,-0.8,0.7000000000000001,-0.4,-0.1,1.6,9.5,-6.9,-2.8,-7.300000000000001,16
3142,52589.0,-0.7000000000000001,0.8,-0.2,0.0,1.7000000000000002,9.700000000000001,-7.0,0.6000000000000001,-4.800000000000001,16
3143,52600.0,-0.6000000000000001,0.8,0.0,0.0,1.7000000000000002,10.0,-5.500000000000001,4.2,-1.5000000000000002,16
3144,52618.0,-0.5,0.9,0.2,0.1,1.8,10.200000000000001,-1.6,8.799999999999999,1.8,16
3145,52633.0,-0.30000000000000004,0.9,0.4,0.2,1.8,10.3,3.5,12.200000000000001,3.4,16
3146,52650.0,-0.2,1.0,0.4,0.30000000000000004,1.9000000000000001,10.3,7.8,14.4,2.8,16
3147,52667.0,-0.2,1.0,0.4,0.30000000000000004,2.0,10.3,10.9,14.800000000000002,2.4000000000000004,16
3148,52690.0,-0.2,1.0,0.30000000000000004,0.30000000000000004,2.1,10.200000000000001,13.4,15.2,3.2,16
3149,52700.0,-0.1,1.0,0.30000000000000004,0.4,2.1,10.200000000000001,15.299999999999999,15.399999999999999,3.9,16
3150,52717.0,0.1,1.0,0.30000000000000004,0.5,2.0,10.200000000000001,15.2,14.100000000000001,3.1,16
3151,52733.0,0.30000000000000004,0.8,0.30000000000000004,0.6000000000000001,1.9000000000000001,10.3,13.5,12.5,1.4,16
3152,52752.0,0.1,0.6000000000000001,0.4,0.4,1.8,10.3,10.4,10.4,0.0,16
3153,52767.0,-0.1,0.6000000000000001,0.4,0.0,1.7000000000000002,10.200000000000001,4.2,8.0,0.9,16
3154,52785.0,-0.5,0.4,0.2,-0.4,1.6,10.200000000000001,-4.9,7.0,4.6000000000000005,16
3155,52800.0,-0.8,0.30000000000000004,0.6000000000000001,-0.7000000000000001,1.5,10.600000000000001,-17.9,1.5000000000000002,10.0,16
3156,52817.0,-0.8,0.2,0.8,-0.7000000000000001,1.2000000000000002,10.9,-29.300000000000004,-5.2,15.6,16
3157,52833.0,-0.7000000000000001,-0.1,1.2000000000000002,-0.5,0.9,11.4,-30.5,-6.1000000000000005,20.8,16
3158,52850.0,-0.5,-0.4,1.6,-0.4,0.6000000000000001,11.700000000000001,-23.6,-4.7,24.3,16
3159,52868.0,-0.4,-0.4,1.7000000000000002,-0.2,0.5,11.700000000000001,-8.799999999999999,-1.6,27.0,16
3160,52891.0,-0.1,-0.6000000000000001,1.4000000000000001,0.0,0.4,11.600000000000001,8.1,0.30000000000000004,26.500000000000004,16
3161,52900.0,-0.1,-0.6000000000000001,1.4000000000000001,0.0,0.4,11.600000000000001,8.1,0.30000000000000004,26.500000000000004,16
3162,52917.0,0.30000000000000004,-0.6000000000000001,0.7000000000000001,0.4,0.4,10.9,25.1,-8.0,16.400000000000002,16
3163,52933.0,0.5,-0.6000000000000001,0.4,0.9,0.4,10.200000000000001,21.0,-11.4,14.0,16
3164,52950.0,0.9,-0.8,-0.4,1.3,0.30000000000000004,9.600000000000001,16.2,-7.300000000000001,14.200000000000001,16
3165,52967.0,1.1,-0.9,-0.8,1.4000000000000001,0.2,9.1,15.8,6.3,15.2,16
3166,52997.0,0.7000000000000001,-1.2000000000000002,-0.9,1.1,0.1,9.1,18.1,18.2,16.0,16
3167,53006.0,0.7000000000000001,-1.2000000000000002,-0.8,0.9,0.1,9.200000000000001,18.5,17.9,15.2,16
3168,53018.0,0.7000000000000001,-1.2000000000000002,-0.9,0.9,0.1,9.1,17.0,13.6,12.8,16
3169,53033.0,0.8,-1.3,-0.9,1.0,0.1,9.0,14.0,4.9,8.4,16
3170,53050.0,0.9,-1.2000000000000002,-1.1,1.1,0.1,8.8,9.700000000000001,-1.0999999999999999,4.6000000000000005,16
3171,53068.0,0.9,-1.2000000000000002,-1.5,1.1,0.1,8.5,4.6000000000000005,-3.8,1.9,16
3172,53084.0,0.8,-1.2000000000000002,-1.5,1.0,0.2,8.4,-2.1999999999999997,-3.8,0.7,16
3173,53101.0,0.4,-1.0,-1.5,0.6000000000000001,0.30000000000000004,8.4,-8.1,-2.5,2.1999999999999997,16
3174,53116.0,0.2,-0.9,-1.4000000000000001,0.4,0.4,8.6,-11.8,-2.1,5.9,16
3175,53133.0,0.2,-0.9,-1.3,0.5,0.30000000000000004,8.700000000000001,-14.100000000000001,-3.9,7.8,16
3176,53150.0,0.30000000000000004,-1.0,-1.1,0.6000000000000001,0.2,8.8,-13.700000000000001,-3.5,6.4,16
3177,53166.0,0.0,-0.9,-1.1,0.30000000000000004,0.30000000000000004,8.8,-9.4,-2.1,4.7,16
3178,53184.0,-0.2,-0.8,-1.1,0.0,0.4,8.8,-5.6,-0.8,5.6,16
3179,53200.0,-0.30000000000000004,-0.7000000000000001,-1.2000000000000002,0.0,0.4,8.8,-5.6,-0.8,5.6,16
3180,53218.0,-0.5,-0.7000000000000001,-1.4000000000000001,-0.2,0.4,8.5,-5.1,-3.1,8.4,16
3181,53233.0,-0.5,-0.7000000000000001,-1.4000000000000001,-0.2,0.4,8.5,-9.3,-5.6,8.700000000000001,16
3182,53250.0,-0.6000000000000001,-0.6000000000000001,-1.4000000000000001,-0.30000000000000004,0.4,8.5,-14.200000000000001,-7.6,9.3,16
3183,53267.0,-0.7000000000000001,-0.4,-1.2000000000000002,-0.4,0.6000000000000001,8.700000000000001,-18.5,-7.699999999999999,11.6,16
3184,53286.0,-0.8,-0.2,-0.9,-0.4,0.7000000000000001,8.9,-19.400000000000002,-4.5,16.2,16
3185,53304.0,-0.7000000000000001,-0.1,-0.7000000000000001,-0.4,0.8,9.3,-15.000000000000002,0.5,19.9,16
3186,53318.0,-0.7000000000000001,0.1,-0.1,-0.30000000000000004,0.9,9.8,-8.600000000000001,2.6,20.4,16
3187,53333.0,-0.7000000000000001,0.2,0.1,-0.4,1.2000000000000002,10.100000000000001,-4.3999999999999995,0.5,17.7,16
3188,53350.0,-0.8,0.5,0.2,-0.5,1.4000000000000001,10.100000000000001,-2.0,-2.6,14.500000000000002,16
3189,53368.0,-0.9,0.8,0.2,-0.5,1.6,10.100000000000001,-1.4,-3.4,12.000000000000002,16
3190,53384.0,-0.9,0.9,0.2,-0.6000000000000001,1.7000000000000002,10.200000000000001,-1.9,-1.3,11.000000000000002,16
3191,53405.0,-1.0,1.1,0.6000000000000001,-0.7000000000000001,1.8,10.4,-2.5,0.8,12.5,16
3192,53417.0,-0.9,1.0,0.8,-0.6000000000000001,1.8,10.8,-3.4,1.0,14.900000000000002,16
3193,53433.0,-0.8,1.0,0.9,-0.4,1.8,11.0,-3.1,1.4,16.2,16
3194,53450.0,-0.7000000000000001,1.0,1.1,-0.4,1.8,11.100000000000001,0.9,2.0,15.9,16
3195,53467.0,-0.8,1.0,1.3,-0.4,1.8,11.200000000000001,5.9,3.7000000000000006,14.4,16
3196,53484.0,-0.8,1.0,1.3,-0.5,1.9000000000000001,11.200000000000001,10.8,4.2,13.4,16
3197,53506.0,-0.8,1.0,1.1,-0.5,1.9000000000000001,11.100000000000001,13.5,5.8,12.700000000000001,16
3198,53517.0,-0.8,1.0,1.0,-0.5,1.9000000000000001,11.0,14.700000000000001,8.200000000000001,11.8,16
3199,53534.0,-0.8,0.9,0.9,-0.5,1.9000000000000001,10.8,15.299999999999999,10.5,10.9,16
3200,53550.0,-0.8,0.8,1.0,-0.4,1.8,11.200000000000001,15.000000000000002,9.9,9.200000000000001,16
3201,53566.0,-0.30000000000000004,0.5,1.6,0.1,1.5,11.600000000000001,10.8,3.7000000000000006,6.4,16
3202,53584.0,0.2,0.2,1.5,0.1,1.5,11.600000000000001,10.8,3.7000000000000006,6.4,16
3203,53602.0,0.8,-0.30000000000000004,1.2000000000000002,1.0,0.8,11.100000000000001,7.8,6.9,3.4,16
3204,53616.0,1.1,-0.6000000000000001,1.0,1.3,0.5,10.8,12.700000000000001,14.4,3.3000000000000003,16
3205,53634.0,1.2000000000000002,-0.7000000000000001,0.6000000000000001,1.3,0.5,10.8,12.700000000000001,14.4,3.3000000000000003,16
3206,53650.0,1.2000000000000002,-0.7000000000000001,0.0,1.1,0.6000000000000001,9.700000000000001,19.500000000000004,30.799999999999997,-1.4,16
3207,53667.0,0.7000000000000001,-0.7000000000000001,-0.5,0.7000000000000001,0.6000000000000001,9.4,16.900000000000002,26.6,-5.7,16
3208,53684.0,0.7000000000000001,-0.7000000000000001,-0.6000000000000001,0.6000000000000001,0.7000000000000001,9.3,4.9,16.3,-9.700000000000001,16
3209,53704.0,0.7000000000000001,-0.6000000000000001,-0.9,0.6000000000000001,0.6000000000000001,9.1,-11.9,4.3999999999999995,-9.200000000000001,16
3210,53718.0,0.8,-0.7000000000000001,-0.9,0.8,0.5,9.1,-23.1,-2.8,-5.2,16
3211,53733.0,1.2000000000000002,-0.8,-0.7000000000000001,1.1,0.30000000000000004,9.3,-24.400000000000002,-2.8,-0.30000000000000004,16
3212,53750.0,1.3,-0.8,-0.5,1.4000000000000001,0.2,9.700000000000001,-16.400000000000002,1.5000000000000002,4.6000000000000005,16
3213,53767.0,1.7000000000000002,-0.9,-0.2,1.7000000000000002,0.1,9.8,-3.1,5.300000000000001,5.8,16
3214,53783.0,1.9000000000000001,-1.0,-0.5,1.7000000000000002,0.1,9.5,9.8,8.4,2.1999999999999997,16
3215,53807.0,1.3,-0.8,-0.9,1.3,0.30000000000000004,9.1,16.1,7.9,-3.9,16
3216,53818.0,0.9,-0.6000000000000001,-1.1,0.6000000000000001,0.6000000000000001,8.700000000000001,12.6,3.2,-7.400000000000001,16
3217,53834.0,0.30000000000000004,-0.4,-1.5,0.1,0.8,8.4,2.6,-1.3,-7.1000000000000005,16
3218,53850.0,0.1,-0.30000000000000004,-1.5,-0.2,0.9,8.4,-9.0,-4.800000000000001,-4.2,16
3219,53867.0,-0.1,-0.30000000000000004,-1.4000000000000001,-0.30000000000000004,0.8,8.5,-17.3,-5.9,-0.7,16
3220,53883.0,-0.30000000000000004,-0.2,-1.1,-0.4,0.8,8.8,-19.700000000000003,-4.5,3.2,16
3221,53900.0,-0.30000000000000004,-0.4,-0.9,-0.4,0.6000000000000001,9.0,-17.400000000000002,-3.6,4.9,16
3222,53917.0,-0.4,-0.4,-0.8,-0.5,0.5,9.200000000000001,-13.9,-4.6000000000000005,3.8,16
3223,53933.0,-0.7000000000000001,-0.4,-0.6000000000000001,-0.8,0.5,9.3,-10.9,-7.0,3.5,16
3224,53950.0,-0.9,-0.2,-0.4,-1.0,0.7000000000000001,9.5,-8.9,-10.3,5.8,16
3225,53968.0,-0.9,-0.1,-0.4,-0.8,0.8,9.600000000000001,-6.4,-11.2,11.2,16
3226,53990.0,-0.6000000000000001,-0.1,-0.30000000000000004,-0.4,0.7000000000000001,9.700000000000001,-5.1,-11.3,14.700000000000001,16
3227,54000.0,-0.2,-0.1,-0.1,-0.1,0.7000000000000001,9.8,-4.5,-9.5,15.6,16
3228,54016.0,-0.1,-0.1,0.0,0.0,0.8,9.9,-4.300000000000001,-7.1000000000000005,16.0,16
3229,54033.0,-0.1,0.2,0.1,0.1,1.0,10.0,-4.800000000000001,-4.9,17.7,16
3230,54050.0,0.0,0.30000000000000004,0.1,0.2,1.1,10.0,-4.300000000000001,-1.3,20.3,16
3231,54066.0,0.1,0.4,0.2,0.30000000000000004,1.2000000000000002,10.100000000000001,-2.1999999999999997,2.6,21.700000000000003,16
3232,54088.0,0.30000000000000004,0.5,0.1,0.4,1.3,10.100000000000001,0.9,6.3,22.1,16
3233,54100.0,0.30000000000000004,0.6000000000000001,0.0,0.4,1.4000000000000001,9.9,3.1,9.700000000000001,22.000000000000004,16
3234,54116.0,0.2,0.6000000000000001,-0.1,0.30000000000000004,1.5,9.8,5.6,13.6,23.0,16
3235,54133.0,0.1,0.8,-0.2,0.2,1.7000000000000002,9.8,8.0,16.700000000000003,25.1,16
3236,54150.0,0.2,0.9,0.0,0.2,1.8,9.9,10.0,17.1,26.6,16
3237,54167.0,0.4,0.9,0.1,0.5,1.7000000000000002,10.0,10.1,13.5,24.8,16
3238,54183.0,0.8,0.8,0.30000000000000004,0.7000000000000001,1.7000000000000002,10.3,7.400000000000001,7.9,20.4,16
3239,54202.0,1.0,0.8,0.5,0.7000000000000001,1.7000000000000002,10.3,3.5,1.7,16.700000000000003,16
3240,54217.0,1.2000000000000002,0.6000000000000001,0.6000000000000001,1.2000000000000002,1.6,10.5,0.30000000000000004,0.8,15.7,16
3241,54233.0,1.4000000000000001,0.5,0.8,1.4000000000000001,1.5,10.700000000000001,-1.0,1.0,16.1,16
3242,54251.0,1.5,0.6000000000000001,0.8,1.5,1.6,10.700000000000001,1.0,7.699999999999999,17.3,16
3243,54266.0,1.4000000000000001,0.6000000000000001,0.8,1.1,1.6,10.600000000000001,7.2,16.2,18.3,16
3244,54284.0,0.8,0.7000000000000001,0.8,0.6000000000000001,1.7000000000000002,10.9,12.6,17.7,18.6,16
3245,54302.0,0.5,0.6000000000000001,0.9,0.30000000000000004,1.7000000000000002,10.8,13.100000000000001,13.5,18.1,16
3246,54320.0,0.1,0.5,0.4,0.0,1.6,10.3,14.100000000000001,8.0,17.200000000000003,16
3247,54333.0,0.0,0.4,0.4,-0.1,1.4000000000000001,10.3,15.000000000000002,4.1000000000000005,17.0,16
3248,54350.0,0.2,0.1,0.2,0.0,1.2000000000000002,10.100000000000001,12.8,0.30000000000000004,16.2,16
3249,54367.0,0.30000000000000004,-0.2,-0.1,0.1,1.0,9.8,11.700000000000001,-1.2000000000000002,14.800000000000002,16
3250,54383.0,0.4,-0.30000000000000004,0.0,0.4,0.9,10.0,11.8,-2.3000000000000003,12.4,16
3251,54400.0,0.8,-0.6000000000000001,0.2,0.8,0.6000000000000001,10.100000000000001,10.8,-6.1000000000000005,7.2,16
3252,54417.0,1.1,-0.9,0.1,1.1,0.4,10.0,8.5,-10.2,-0.4,16
3253,54433.0,1.1,-0.9,0.1,1.1,0.4,10.0,8.5,-10.2,-0.4,16
3254,54450.0,1.1,-0.9,0.1,1.1,0.4,10.0,8.5,-10.2,-0.4,16
3255,54468.0,1.0,-1.3,-0.4,1.0,0.0,9.5,-1.6,-2.8,-6.6000000000000005,16
3256,54483.0,0.8,-1.3,-0.4,0.7000000000000001,0.0,9.5,-2.1,3.7000000000000006,-0.2,16
3257,54500.0,0.6000000000000001,-1.3,-0.30000000000000004,0.6000000000000001,0.0,9.600000000000001,1.9,8.1,6.6000000000000005,16
3258,54516.0,0.9,-1.4000000000000001,-0.2,0.9,-0.1,9.700000000000001,7.699999999999999,8.1,8.9,16
3259,54535.0,1.2000000000000002,-1.3,-0.4,1.1,0.0,9.5,14.100000000000001,5.7,5.500000000000001,16
3260,54550.0,1.2000000000000002,-1.2000000000000002,-0.5,1.1,0.2,9.3,19.0,4.1000000000000005,0.30000000000000004,16
3261,54566.0,1.1,-1.0,-0.6000000000000001,1.1,0.4,9.200000000000001,19.3,0.6000000000000001,-4.9,16
3262,54583.0,1.1,-0.9,-0.7000000000000001,1.1,0.7000000000000001,9.0,12.4,-3.6,-8.1,16
3263,54601.0,1.2000000000000002,-0.7000000000000001,-1.0,1.3,0.8,8.8,2.4000000000000004,-5.4,-9.8,16
3264,54616.0,1.4000000000000001,-0.6000000000000001,-1.2000000000000002,1.4000000000000001,0.8,8.6,-7.6,-3.5,-11.700000000000001,16
3265,54633.0,1.3,-0.6000000000000001,-1.1,1.2000000000000002,0.8,8.700000000000001,-15.100000000000001,-0.7,-14.100000000000001,16
3266,54650.0,1.0,-0.6000000000000001,-1.0,0.9,0.8,8.9,-18.400000000000002,0.9,-15.399999999999999,16
3267,54667.0,0.6000000000000001,-0.5,-0.8,0.6000000000000001,0.8,9.0,-17.400000000000002,-0.6000000000000001,-15.7,16
3268,54683.0,0.5,-0.5,-0.8,0.4,0.8,8.9,-12.9,-3.1,-16.0,16
3269,54700.0,0.4,-0.4,-0.9,0.4,0.8,8.9,-12.9,-3.1,-16.0,16
3270,54717.0,-0.1,-0.30000000000000004,-1.2000000000000002,-0.1,0.9,8.6,-6.9,-8.799999999999999,-19.700000000000003,16
3271,54734.0,-0.30000000000000004,-0.2,-1.3,-0.4,1.0,8.6,-9.600000000000001,-12.000000000000002,-22.5,16
3272,54750.0,-0.6000000000000001,-0.2,-1.1,-0.5,1.0,8.700000000000001,-17.3,-16.900000000000002,-24.7,16
3273,54774.0,-0.7000000000000001,-0.1,-0.9,-0.5,1.0,8.9,-25.2,-17.5,-25.2,16
3274,54783.0,-0.7000000000000001,0.0,-0.7000000000000001,-0.5,1.0,9.3,-28.700000000000003,-15.6,-23.8,16
3275,54800.0,-0.5,0.1,-0.2,-0.30000000000000004,1.0,9.8,-27.7,-11.700000000000001,-22.3,16
3276,54817.0,-0.30000000000000004,0.2,0.30000000000000004,-0.1,1.0,10.100000000000001,-22.900000000000002,-8.200000000000001,-21.6,16
3277,54833.0,-0.2,0.2,0.30000000000000004,0.2,1.0,10.200000000000001,-15.6,-4.1000000000000005,-22.7,16
3278,54851.0,-0.1,0.4,0.30000000000000004,0.0,1.2000000000000002,10.100000000000001,-6.8,3.9,-24.400000000000002,16
3279,54873.0,-0.6000000000000001,0.6000000000000001,0.1,-0.4,1.4000000000000001,9.9,0.1,6.8,-24.200000000000003,16
3280,54883.0,-0.8,0.7000000000000001,0.1,-0.4,1.4000000000000001,9.9,0.1,6.8,-24.200000000000003,16
3281,54900.0,-1.1,0.8,0.0,-0.9,1.6,9.8,-1.0,-1.7,-18.400000000000002,16
3282,54917.0,-0.9,0.8,-0.1,-0.8,1.6,9.8,-4.300000000000001,-6.9,-15.6,16
3283,54933.0,-0.8,0.8,0.0,-0.8,1.6,9.8,-4.300000000000001,-6.9,-15.6,16
3284,54950.0,-0.7000000000000001,0.7000000000000001,0.30000000000000004,-0.5,1.5,10.200000000000001,-3.0000000000000004,-7.1000000000000005,-11.2,16
3285,54967.0,-0.7000000000000001,0.6000000000000001,0.5,-0.5,1.4000000000000001,10.4,1.0999999999999999,-4.9,-9.600000000000001,16
3286,54990.0,-0.7000000000000001,0.6000000000000001,0.6000000000000001,-0.5,1.3,10.5,4.9,-4.0,-9.4,16
3287,55000.0,-0.8,0.6000000000000001,0.6000000000000001,-0.6000000000000001,1.4000000000000001,10.4,6.9,-3.7000000000000006,-10.700000000000001,16
3288,55016.0,-0.8,0.6000000000000001,0.4,-0.6000000000000001,1.4000000000000001,10.200000000000001,7.0,-2.0,-12.100000000000001,16
3289,55033.0,-0.8,0.5,0.1,-0.6000000000000001,1.4000000000000001,10.0,5.500000000000001,2.1999999999999997,-13.200000000000001,16
3290,55051.0,-0.8,0.5,0.0,-0.8,1.3,9.700000000000001,2.8,7.6,-13.4,16
3291,55066.0,-1.2000000000000002,0.4,-0.1,-1.3,1.4000000000000001,9.8,0.0,11.2,-11.4,16
3292,55091.0,-1.4000000000000001,0.4,0.5,-1.4000000000000001,1.3,10.600000000000001,-3.2,5.7,-4.3999999999999995,16
3293,55100.0,-1.4000000000000001,0.4,0.5,-1.4000000000000001,1.3,10.600000000000001,-3.2,5.7,-4.3999999999999995,16
3294,55117.0,-1.1,0.4,0.8,-1.4000000000000001,1.4000000000000001,10.9,-1.0,3.9,-4.1000000000000005,16
3295,55134.0,-1.0,0.2,1.4000000000000001,-1.2000000000000002,1.2000000000000002,11.4,2.9,4.1000000000000005,-3.6,16
3296,55150.0,-0.6000000000000001,0.1,1.9000000000000001,-0.9,1.1,11.8,1.9,3.5,-0.30000000000000004,16
3297,55167.0,-0.30000000000000004,0.0,1.7000000000000002,-0.4,0.8,11.700000000000001,2.3000000000000003,8.0,6.9,16
3298,55190.0,0.4,-0.6000000000000001,1.7000000000000002,0.1,0.4,11.700000000000001,3.9,13.8,11.9,16
3299,55200.0,0.6000000000000001,-0.7000000000000001,1.7000000000000002,0.1,0.4,11.4,4.7,19.8,16.0,16
3300,55217.0,0.4,-0.6000000000000001,1.2000000000000002,0.0,0.4,11.100000000000001,10.3,21.8,22.8,16
3301,55233.0,0.6000000000000001,-0.7000000000000001,0.9,0.2,0.30000000000000004,10.8,17.400000000000002,22.2,27.900000000000002,16
3302,55251.0,1.2000000000000002,-1.0,0.4,0.7000000000000001,0.1,10.4,23.5,17.599999999999998,29.000000000000004,16
3303,55269.0,1.5,-1.1,0.0,1.1,0.0,9.700000000000001,29.1,13.3,24.5,16
3304,55287.0,1.8,-1.2000000000000002,-0.8,1.3,0.0,9.0,32.0,10.2,16.3,16
3305,55300.0,1.8,-1.3,-1.1,1.3,0.0,9.0,26.9,5.6,6.7,16
3306,55317.0,1.8,-1.1,-1.7000000000000002,1.3,0.30000000000000004,8.1,12.6,0.4,-0.6000000000000001,16
3307,55333.0,1.8,-1.0,-1.9000000000000001,1.2000000000000002,0.4,7.9,-4.3999999999999995,-2.5,-5.0,16
3308,55350.0,1.5,-1.0,-2.0,1.0,0.30000000000000004,7.9,-20.1,-0.4,-6.7,16
3309,55368.0,1.3,-1.1,-1.9000000000000001,0.6000000000000001,0.2,8.3,-29.400000000000002,2.9,-6.2,16
3310,55388.0,0.8,-1.1,-1.1,0.2,0.1,8.9,-29.900000000000006,6.2,-4.5,16
3311,55400.0,0.4,-1.0,-0.5,-0.2,0.1,9.4,-22.4,7.1000000000000005,-1.5000000000000002,16
3312,55417.0,0.30000000000000004,-0.9,-0.30000000000000004,-0.4,0.2,9.8,-13.200000000000001,3.4,1.0,16
3313,55433.0,0.1,-0.7000000000000001,0.0,-0.4,0.30000000000000004,9.9,-2.8,-1.8,3.1,16
3314,55450.0,0.1,-0.6000000000000001,-0.1,-0.4,0.30000000000000004,9.9,5.2,-4.6000000000000005,4.0,16
3315,55468.0,-0.2,-0.30000000000000004,-0.5,-0.7000000000000001,0.7000000000000001,9.4,9.1,-5.300000000000001,3.8,16
3316,55489.0,-0.6000000000000001,-0.1,-0.6000000000000001,-1.0,0.9,9.3,7.699999999999999,-5.8,4.300000000000001,16
3317,55505.0,-0.8,0.0,-0.7000000000000001,-1.3,1.1,9.200000000000001,0.4,-8.5,5.500000000000001,16
3318,55519.0,-0.9,0.1,-0.6000000000000001,-1.4000000000000001,1.1,9.3,-9.0,-11.000000000000002,7.699999999999999,16
3319,55533.0,-0.9,0.1,-0.5,-1.3,1.0,9.5,-15.5,-12.200000000000001,10.600000000000001,16
3320,55550.0,-0.6000000000000001,-0.1,-0.2,-1.0,0.9,9.700000000000001,-17.0,-10.9,12.8,16
3321,55567.0,-0.30000000000000004,-0.2,0.1,-0.7000000000000001,0.7000000000000001,10.0,-13.200000000000001,-8.200000000000001,14.0,16
3322,55590.0,-0.1,-0.2,0.1,-0.5,0.7000000000000001,10.0,-6.8,-5.500000000000001,14.4,16
3323,55603.0,-0.1,-0.1,0.0,-0.4,0.8,9.9,-1.2000000000000002,-3.1,15.8,16
3324,55621.0,0.1,0.0,-0.4,-0.30000000000000004,0.9,9.600000000000001,2.7,0.0,18.0,16
3325,55638.0,0.1,0.30000000000000004,-0.7000000000000001,-0.2,1.1,9.3,2.3000000000000003,3.4,19.0,16
3326,55651.0,0.2,0.30000000000000004,-0.7000000000000001,-0.2,1.3,9.200000000000001,-0.9,5.9,19.0,16
3327,55666.0,0.1,0.5,-0.7000000000000001,-0.2,1.4000000000000001,9.200000000000001,-5.7,7.1000000000000005,18.8,16
3328,55690.0,0.2,0.7000000000000001,-0.7000000000000001,-0.2,1.6,9.200000000000001,-9.0,8.5,19.8,16
3329,55700.0,0.2,0.7000000000000001,-0.7000000000000001,-0.2,1.6,9.200000000000001,-9.0,8.5,19.8,16
3330,55717.0,0.30000000000000004,0.9,-0.6000000000000001,-0.2,1.8,9.3,-10.1,10.700000000000001,18.6,16
3331,55733.0,0.30000000000000004,1.0,-0.6000000000000001,-0.2,1.9000000000000001,9.3,-10.0,9.600000000000001,16.1,16
3332,55751.0,0.30000000000000004,1.1,-0.4,-0.1,1.9000000000000001,9.5,-10.9,5.9,13.8,16
3333,55767.0,0.5,1.1,-0.30000000000000004,0.1,1.9000000000000001,9.600000000000001,-12.5,4.6000000000000005,12.9,16
3334,55786.0,0.6000000000000001,1.1,0.0,0.1,1.8,9.8,-12.3,4.9,14.0,16
3335,55804.0,0.6000000000000001,1.1,0.0,0.2,1.8,10.0,-9.1,6.6000000000000005,15.7,16
3336,55816.0,0.6000000000000001,1.0,0.4,0.1,1.7000000000000002,10.3,-3.0000000000000004,8.4,17.200000000000003,16
3337,55834.0,0.6000000000000001,0.9,0.6000000000000001,0.2,1.6,10.700000000000001,2.1,2.9,16.1,16
3338,55850.0,1.0,0.7000000000000001,1.1,0.6000000000000001,1.4000000000000001,11.0,3.4,-5.1,13.700000000000001,16
3339,55867.0,1.5,0.30000000000000004,0.8,1.1,1.1,10.700000000000001,5.6,-11.1,11.1,16
3340,55886.0,1.3,0.1,0.2,1.0,0.9,10.100000000000001,16.0,0.4,12.200000000000001,16
3341,55906.0,0.30000000000000004,0.1,-0.1,0.1,1.0,9.8,29.1,10.4,16.3,16
3342,55917.0,-0.2,0.2,0.0,-0.7000000000000001,1.2000000000000002,9.9,37.6,13.8,21.700000000000003,16
3343,55933.0,-0.5,0.2,0.1,-1.0,1.3,10.100000000000001,33.5,1.0,23.700000000000003,16
3344,55951.0,-0.4,0.30000000000000004,0.1,-0.7000000000000001,1.5,9.8,18.2,-15.299999999999999,20.900000000000002,16
3345,55967.0,0.0,0.4,-0.4,-0.30000000000000004,1.6,9.5,4.1000000000000005,-20.5,16.900000000000002,16
3346,55992.0,0.5,0.30000000000000004,0.1,0.1,1.5,9.9,-7.699999999999999,-21.0,13.3,16
3347,56003.0,0.9,0.2,0.30000000000000004,0.6000000000000001,1.4000000000000001,10.100000000000001,-15.6,-14.100000000000001,9.4,16
3348,56016.0,0.9,0.2,0.6000000000000001,0.6000000000000001,1.3,10.600000000000001,-19.0,-6.000000000000001,5.1,16
3349,56034.0,0.8,0.1,1.0,0.5,1.1,11.4,-22.900000000000002,-5.1,-0.30000000000000004,16
3350,56050.0,0.6000000000000001,0.1,1.9000000000000001,0.4,1.0,11.9,-25.6,-9.1,-3.5,16
3351,56067.0,0.6000000000000001,-0.1,2.2,0.5,0.7000000000000001,12.100000000000001,-22.8,-12.6,-3.8,16
3352,56083.0,0.8,-0.30000000000000004,2.2,0.9,0.4,11.8,-14.200000000000001,-12.000000000000002,-1.9,16
3353,56100.0,1.2000000000000002,-0.7000000000000001,1.5,1.1,0.1,11.200000000000001,-0.6000000000000001,-6.4,1.3,16
3354,56116.0,1.1,-0.9,0.9,1.0,0.0,10.700000000000001,13.9,-1.5000000000000002,3.7000000000000006,16
3355,56133.0,1.0,-0.9,0.5,1.0,0.0,10.700000000000001,13.9,-1.5000000000000002,3.7000000000000006,16
3356,56150.0,0.5,-0.9,-0.1,0.30000000000000004,0.2,9.5,35.6,5.6,3.4,16
3357,56168.0,0.0,-0.8,-1.0,-0.2,0.4,8.8,36.7,5.0,2.1,16
3358,56185.0,-0.5,-0.7000000000000001,-1.6,-0.6000000000000001,0.5,8.3,32.6,5.1,1.6,16
3359,56200.0,-0.5,-0.7000000000000001,-1.6,-0.6000000000000001,0.5,8.3,32.6,5.1,1.6,16
3360,56217.0,-0.7000000000000001,-0.8,-2.0,-0.8,0.5,7.9,19.700000000000003,6.1000000000000005,1.5000000000000002,16
3361,56235.0,-0.6000000000000001,-1.0,-1.8,-0.8,0.4,8.1,14.3,5.500000000000001,-1.6,16
3362,56250.0,-0.6000000000000001,-1.1,-1.6,-0.7000000000000001,0.30000000000000004,8.4,8.0,0.7,-6.4,16
3363,56267.0,-0.4,-1.1,-1.3,-0.5,0.2,8.6,1.9,-4.800000000000001,-11.3,16
3364,56285.0,-0.30000000000000004,-1.2000000000000002,-0.9,-0.4,0.2,8.9,-5.8,-10.1,-15.6,16
3365,56303.0,0.0,-1.1,-0.6000000000000001,-0.2,0.2,9.200000000000001,-12.100000000000001,-14.700000000000001,-16.5,16
3366,56318.0,0.2,-1.1,-0.4,0.2,0.1,9.5,-16.8,-15.9,-14.600000000000001,16
3367,56333.0,0.6000000000000001,-1.2000000000000002,-0.1,0.6000000000000001,0.1,9.700000000000001,-21.0,-16.700000000000003,-12.5,16
3368,56350.0,0.7000000000000001,-1.2000000000000002,-0.2,0.7000000000000001,0.0,9.600000000000001,-22.5,-12.4,-10.2,16
3369,56366.0,0.4,-1.1,-0.30000000000000004,0.4,0.1,9.5,-17.8,-6.4,-6.3,16
3370,56383.0,-0.1,-0.9,-0.4,-0.1,0.2,9.5,-10.3,-1.7,-1.3,16
3371,56400.0,-0.4,-0.8,-0.30000000000000004,-0.5,0.30000000000000004,9.5,-4.2,-5.300000000000001,2.7,16
3372,56417.0,-0.8,-0.6000000000000001,-0.4,-0.8,0.5,9.5,-1.9,-12.5,4.7,16
3373,56433.0,-1.0,-0.4,-0.5,-0.9,0.7000000000000001,9.4,-0.9,-19.500000000000004,5.2,16
3374,56450.0,-1.0,-0.2,-0.6000000000000001,-0.8,0.8,9.200000000000001,0.1,-20.900000000000002,4.300000000000001,16
3375,56466.0,-0.9,-0.1,-0.7000000000000001,-0.7000000000000001,0.9,9.1,-0.5,-18.900000000000002,2.6,16
3376,56486.0,-0.7000000000000001,0.0,-0.7000000000000001,-0.4,0.9,9.1,-3.6,-14.500000000000002,0.4,16
3377,56501.0,-0.6000000000000001,-0.1,-0.5,-0.30000000000000004,0.9,9.3,-9.9,-10.3,-3.6,16
3378,56517.0,-0.6000000000000001,0.0,-0.4,-0.4,1.0,9.5,-16.2,-7.400000000000001,-6.1000000000000005,16
3379,56533.0,-0.7000000000000001,0.1,-0.1,-0.30000000000000004,1.0,9.8,-21.3,-4.1000000000000005,-5.300000000000001,16
3380,56550.0,-0.4,0.1,0.2,-0.1,0.9,10.100000000000001,-22.1,-0.4,-3.0000000000000004,16
3381,56566.0,-0.30000000000000004,0.0,0.4,0.1,0.8,10.4,-17.8,5.300000000000001,-1.8,16
3382,56585.0,-0.1,0.1,0.8,0.2,0.8,10.700000000000001,-9.9,9.600000000000001,-2.0,16
3383,56602.0,-0.1,0.2,0.9,0.2,0.9,10.8,-0.4,11.6,-3.6,16
3384,56617.0,-0.1,0.2,0.8,0.0,1.0,10.5,4.9,10.5,-5.9,16
3385,56633.0,-0.30000000000000004,0.4,0.30000000000000004,-0.2,1.1,10.100000000000001,7.400000000000001,8.799999999999999,-6.8,16
3386,56650.0,-0.6000000000000001,0.5,-0.1,-0.4,1.3,9.700000000000001,8.3,8.5,-5.7,16
3387,56667.0,-0.7000000000000001,0.5,-0.30000000000000004,-0.6000000000000001,1.3,9.5,9.0,8.1,-3.1,16
3388,56684.0,-0.9,0.5,-0.4,-0.9,1.3,9.5,10.3,6.000000000000001,-0.7,16
3389,56702.0,-1.2000000000000002,0.6000000000000001,-0.30000000000000004,-1.1,1.5,9.600000000000001,12.6,2.4000000000000004,1.0999999999999999,16
3390,56718.0,-1.1,0.6000000000000001,-0.2,-1.1,1.6,9.600000000000001,13.100000000000001,-0.6000000000000001,1.2000000000000002,16
3391,56733.0,-1.1,0.6000000000000001,-0.1,-1.0,1.5,9.9,9.200000000000001,-5.9,-1.4,16
3392,56750.0,-0.9,0.6000000000000001,0.4,-0.8,1.6,10.3,3.0000000000000004,-9.5,-3.6,16
3393,56766.0,-0.9,0.6000000000000001,0.7000000000000001,-0.6000000000000001,1.4000000000000001,10.8,-2.3000000000000003,-10.8,-2.9,16
3394,56789.0,-0.2,0.1,1.9000000000000001,-0.2,1.2000000000000002,11.600000000000001,-8.200000000000001,-13.4,-1.8,16
3395,56803.0,0.0,0.0,2.1,0.30000000000000004,0.9,11.9,-16.3,-17.200000000000003,-1.6,16
3396,56818.0,0.1,-0.1,2.1,0.30000000000000004,0.8,12.0,-18.5,-11.5,-0.7,16
3397,56833.0,0.1,-0.2,2.1,0.30000000000000004,0.5,12.0,-12.3,-3.5,1.0999999999999999,16
3398,56850.0,0.1,-0.5,2.0,0.30000000000000004,0.30000000000000004,11.8,-2.6,6.2,2.7,16
3399,56867.0,0.0,-0.5,1.7000000000000002,0.2,0.2,11.4,7.400000000000001,13.100000000000001,3.2,16
3400,56884.0,-0.1,-0.6000000000000001,1.1,0.0,0.2,10.700000000000001,13.4,14.4,3.4,16
3401,56901.0,-0.1,-0.6000000000000001,0.1,0.0,0.30000000000000004,9.9,16.2,15.8,4.9,16
3402,56916.0,-0.1,-0.6000000000000001,-0.30000000000000004,0.1,0.30000000000000004,9.3,16.1,17.400000000000002,6.5,16
3403,56934.0,0.1,-0.6000000000000001,-0.9,0.2,0.30000000000000004,8.9,13.8,16.900000000000002,7.300000000000001,16
3404,56950.0,0.4,-0.6000000000000001,-1.2000000000000002,0.4,0.4,8.6,9.9,15.9,7.500000000000001,16
3405,56966.0,0.8,-0.7000000000000001,-1.3,0.7000000000000001,0.30000000000000004,8.6,4.800000000000001,13.6,6.3,16
3406,56990.0,1.3,-0.7000000000000001,-1.1,1.1,0.30000000000000004,8.700000000000001,-2.3000000000000003,8.0,3.6,16
3407,57000.0,1.3,-0.7000000000000001,-1.1,1.1,0.30000000000000004,8.700000000000001,-2.3000000000000003,8.0,3.6,16
3408,57016.0,2.0,-0.8,-1.0,1.9000000000000001,0.2,8.8,-10.600000000000001,5.0,-0.5,16
3409,57033.0,2.2,-0.8,-1.0,2.1,0.1,8.9,-10.8,9.600000000000001,-2.4000000000000004,16
3410,57050.0,2.1,-0.7000000000000001,-0.9,2.0,0.2,9.0,-10.2,12.9,-3.7000000000000006,16
3411,57070.0,1.9000000000000001,-0.6000000000000001,-0.8,1.8,0.30000000000000004,9.1,-9.700000000000001,13.8,-3.3000000000000003,16
3412,57083.0,1.8,-0.5,-0.7000000000000001,1.6,0.4,9.1,-9.5,11.000000000000002,-1.9,16
3413,57101.0,1.7000000000000002,-0.30000000000000004,-0.7000000000000001,1.6,0.5,9.200000000000001,-8.700000000000001,6.8,-0.5,16
3414,57116.0,1.7000000000000002,-0.2,-0.8,1.5,0.6000000000000001,9.1,-7.8,3.3000000000000003,-1.0,16
3415,57133.0,1.5,-0.1,-0.7000000000000001,1.3,0.7000000000000001,9.200000000000001,-6.4,1.2000000000000002,-2.1,16
3416,57150.0,1.2000000000000002,0.1,-0.7000000000000001,1.0,0.9,9.1,-5.1,-1.6,-3.3000000000000003,16
3417,57169.0,1.0,0.30000000000000004,-0.8,0.8,1.0,9.0,-4.1000000000000005,-2.8,-4.800000000000001,16
3418,57186.0,0.7000000000000001,0.5,-0.9,0.6000000000000001,1.2000000000000002,8.9,-5.1,-4.3999999999999995,-6.6000000000000005,16
3419,57200.0,0.5,0.6000000000000001,-0.9,0.4,1.3,8.9,-8.200000000000001,-4.800000000000001,-8.600000000000001,16
3420,57216.0,0.30000000000000004,0.7000000000000001,-0.9,0.30000000000000004,1.4000000000000001,8.9,-12.700000000000001,-6.4,-11.000000000000002,16
3421,57233.0,0.30000000000000004,0.7000000000000001,-0.9,0.2,1.3,9.0,-17.8,-7.2,-13.6,16
3422,57250.0,0.2,0.7000000000000001,-0.7000000000000001,0.2,1.2000000000000002,9.200000000000001,-21.1,-6.000000000000001,-15.9,16
3423,57266.0,0.1,0.7000000000000001,-0.5,0.0,1.2000000000000002,9.4,-21.3,-3.8,-16.8,16
3424,57283.0,-0.1,0.7000000000000001,-0.30000000000000004,-0.2,1.2000000000000002,9.600000000000001,-20.0,-2.0,-15.8,16
3425,57300.0,-0.2,0.8,-0.2,-0.30000000000000004,1.2000000000000002,9.700000000000001,-16.8,-1.9,-14.200000000000001,16
3426,57316.0,-0.30000000000000004,0.7000000000000001,-0.1,-0.30000000000000004,1.1,9.8,-14.0,-2.7,-13.700000000000001,16
3427,57334.0,-0.4,0.8,-0.1,-0.4,1.1,9.700000000000001,-12.5,-4.1000000000000005,-13.6,16
3428,57350.0,-0.5,0.8,-0.1,-0.5,1.2000000000000002,9.700000000000001,-12.000000000000002,-4.2,-12.3,16
3429,57366.0,-0.6000000000000001,0.9,0.0,-0.6000000000000001,1.2000000000000002,9.8,-11.2,-3.3000000000000003,-9.8,16
3430,57383.0,-0.7000000000000001,1.0,0.1,-0.7000000000000001,1.2000000000000002,10.0,-10.1,-2.6,-6.5,16
3431,57400.0,-0.7000000000000001,1.0,0.30000000000000004,-0.7000000000000001,1.3,10.200000000000001,-8.600000000000001,-3.4,-3.2,16
3432,57416.0,-0.6000000000000001,1.2000000000000002,0.6000000000000001,-0.5,1.4000000000000001,10.4,-6.4,-4.3999999999999995,-0.5,16
3433,57433.0,-0.4,1.3,0.6000000000000001,-0.5,1.4000000000000001,10.4,-6.4,-4.3999999999999995,-0.5,16
3434,57450.0,0.0,1.2000000000000002,0.7000000000000001,0.1,1.5,10.600000000000001,-1.3,-2.5,-0.30000000000000004,16
3435,57467.0,0.2,1.3,0.7000000000000001,0.2,1.5,10.5,3.8,2.7,0.0,16
3436,57485.0,0.2,1.2000000000000002,0.4,0.2,1.5,10.3,9.3,9.9,1.6,16
3437,57500.0,0.1,1.2000000000000002,0.2,0.0,1.5,10.0,13.700000000000001,15.2,3.3000000000000003,16
3438,57517.0,-0.1,1.1,0.2,-0.2,1.5,10.0,13.200000000000001,15.2,4.300000000000001,16
3439,57533.0,-0.2,1.0,0.1,-0.4,1.4000000000000001,10.0,9.5,11.2,4.800000000000001,16
3440,57550.0,-0.2,0.9,0.1,-0.4,1.3,10.0,7.1000000000000005,8.799999999999999,5.6,16
3441,57566.0,-0.30000000000000004,0.6000000000000001,0.2,-0.6000000000000001,1.1,10.200000000000001,6.5,7.8,6.6000000000000005,16
3442,57583.0,-0.4,0.4,0.8,-0.6000000000000001,1.0,10.8,4.5,2.4000000000000004,8.0,16
3443,57600.0,-0.1,0.2,1.1,-0.1,0.7000000000000001,11.100000000000001,-1.9,-6.9,8.4,16
3444,57616.0,0.2,0.0,1.2000000000000002,0.30000000000000004,0.4,11.5,-1.9,-6.9,8.4,16
3445,57633.0,0.9,-0.30000000000000004,1.9000000000000001,0.8,0.2,11.9,-17.8,-23.8,4.7,16
3446,57650.0,0.9,-0.30000000000000004,2.0,0.9,0.1,12.3,-20.0,-22.2,6.1000000000000005,16
3447,57666.0,0.8,-0.30000000000000004,2.2,0.9,0.2,12.100000000000001,-11.700000000000001,-17.0,10.700000000000001,16
3448,57684.0,0.8,-0.2,1.6,0.8,0.2,11.600000000000001,5.300000000000001,-2.3000000000000003,15.6,16
3449,57700.0,0.4,-0.1,0.9,0.5,0.30000000000000004,11.0,21.6,11.000000000000002,17.7,16
3450,57716.0,0.2,-0.1,0.6000000000000001,0.1,0.5,10.5,29.700000000000003,13.9,16.700000000000003,16
3451,57734.0,0.0,0.0,0.1,0.0,0.6000000000000001,10.100000000000001,29.1,9.5,14.100000000000001,16
3452,57750.0,0.2,-0.2,-0.5,0.2,0.5,9.600000000000001,24.8,3.5,11.3,16
3453,57766.0,0.30000000000000004,-0.4,-0.6000000000000001,0.2,0.2,9.4,23.6,5.300000000000001,10.4,16
3454,57783.0,0.30000000000000004,-0.8,-0.9,0.30000000000000004,0.0,9.1,23.700000000000003,3.9,9.0,16
3455,57800.0,0.4,-1.0,-1.0,0.4,-0.2,9.0,23.5,4.3999999999999995,7.300000000000001,16
3456,57816.0,0.5,-1.3,-1.1,0.5,-0.4,8.9,20.900000000000002,2.1,4.2,16
3457,57833.0,0.5,-1.5,-1.2000000000000002,0.5,-0.5,8.8,17.3,0.30000000000000004,1.0999999999999999,16
3458,57850.0,0.4,-1.6,-1.4000000000000001,0.4,-0.5,8.6,14.100000000000001,0.4,-1.3,16
3459,57866.0,0.4,-1.6,-1.5,0.30000000000000004,-0.6000000000000001,8.5,11.700000000000001,2.7,-3.3000000000000003,16
3460,57883.0,0.2,-1.7000000000000002,-1.4000000000000001,0.1,-0.6000000000000001,8.6,8.600000000000001,4.300000000000001,-5.300000000000001,16
3461,57900.0,0.0,-1.7000000000000002,-1.4000000000000001,0.0,-0.6000000000000001,8.6,4.5,3.1,-7.400000000000001,16
3462,57916.0,0.0,-1.6,-1.3,0.0,-0.5,8.700000000000001,-2.8,-1.3,-9.1,16
3463,57933.0,0.2,-1.5,-1.1,0.2,-0.5,8.8,-12.5,-6.6000000000000005,-10.1,16
3464,57950.0,0.4,-1.4000000000000001,-1.2000000000000002,0.4,-0.5,8.700000000000001,-19.8,-8.3,-9.8,16
3465,57971.0,0.5,-1.3,-1.2000000000000002,0.4,-0.4,8.8,-22.5,-4.2,-7.1000000000000005,16
3466,57983.0,0.4,-1.2000000000000002,-1.2000000000000002,0.30000000000000004,-0.4,8.8,-19.400000000000002,3.1,-3.6,16
3467,58000.0,0.2,-1.1,-1.0,0.1,-0.30000000000000004,8.9,-13.100000000000001,7.1000000000000005,-0.5,16
3468,58016.0,0.1,-1.0,-1.0,-0.1,-0.2,9.0,-7.500000000000001,6.4,1.0999999999999999,16
3469,58033.0,-0.1,-0.7000000000000001,-1.0,-0.2,0.0,8.9,-4.2,1.3,1.5000000000000002,16
3470,58050.0,-0.1,-0.5,-0.9,-0.2,0.2,9.0,-3.9,-5.9,1.0,16
3471,58066.0,-0.1,-0.4,-0.8,-0.2,0.30000000000000004,9.0,-6.2,-11.700000000000001,-0.1,16
3472,58088.0,-0.1,-0.1,-0.6000000000000001,-0.1,0.5,9.1,-8.200000000000001,-16.5,-0.2,16
3473,58100.0,-0.1,0.0,-0.5,0.0,0.6000000000000001,9.3,-11.000000000000002,-19.700000000000003,0.0,16
3474,58117.0,0.1,0.1,-0.5,0.2,0.7000000000000001,9.200000000000001,-14.0,-21.3,-0.8,16
3475,58133.0,0.1,0.1,-0.5,0.4,0.6000000000000001,9.200000000000001,-15.8,-18.0,-2.8,16
3476,58150.0,0.1,0.2,-0.5,0.30000000000000004,0.7000000000000001,9.200000000000001,-16.8,-12.200000000000001,-6.6000000000000005,16
3477,58166.0,-0.2,0.30000000000000004,-0.30000000000000004,0.0,0.8,9.3,-15.399999999999999,-5.300000000000001,-9.8,16
3478,58189.0,-0.8,0.5,-0.1,-0.4,0.9,9.600000000000001,-11.4,-0.2,-9.8,16
3479,58201.0,-0.8,0.5,-0.1,-0.6000000000000001,0.9,9.700000000000001,-11.4,-0.2,-9.8,16
3480,58216.0,-0.9,0.5,0.1,-0.7000000000000001,0.9,9.700000000000001,-6.3,-1.8,-10.5,16
3481,58233.0,-0.9,0.5,0.0,-0.8,0.9,9.700000000000001,-6.6000000000000005,-5.300000000000001,-12.9,16
3482,58251.0,-1.0,0.5,0.1,-0.8,0.9,9.8,-9.4,-8.200000000000001,-14.800000000000002,16
3483,58266.0,-1.0,0.5,0.4,-0.7000000000000001,0.8,10.100000000000001,-13.5,-10.700000000000001,-15.2,16
3484,58289.0,-0.9,0.5,0.8,-0.6000000000000001,0.8,10.4,-15.299999999999999,-11.2,-13.700000000000001,16
3485,58300.0,-0.8,0.5,1.0,-0.4,0.7000000000000001,10.8,-15.100000000000001,-12.100000000000001,-11.8,16
3486,58316.0,-0.5,0.4,1.4000000000000001,-0.1,0.6000000000000001,11.100000000000001,-14.0,-14.600000000000001,-10.5,16
3487,58333.0,-0.4,0.4,1.5,0.1,0.5,11.200000000000001,-11.000000000000002,-14.500000000000002,-10.4,16
3488,58350.0,-0.2,0.4,1.6,0.30000000000000004,0.6000000000000001,11.3,-5.4,-10.3,-10.700000000000001,16
3489,58367.0,-0.1,0.5,1.5,0.30000000000000004,0.7000000000000001,11.3,2.1999999999999997,-4.300000000000001,-10.700000000000001,16
3490,58392.0,-0.4,0.7000000000000001,1.4000000000000001,0.0,0.9,11.100000000000001,9.3,2.7,-9.4,16
3491,58400.0,-0.6000000000000001,0.8,1.3,-0.2,1.0,11.0,13.100000000000001,6.3,-7.699999999999999,16
3492,58416.0,-0.7000000000000001,0.8,1.2000000000000002,-0.2,1.0,11.0,13.100000000000001,6.3,-7.699999999999999,16
3493,58433.0,-0.7000000000000001,0.7000000000000001,1.0,-0.30000000000000004,0.8,10.9,9.200000000000001,0.5,-7.500000000000001,16
3494,58450.0,-0.4,0.30000000000000004,1.2000000000000002,0.1,0.5,11.0,3.0000000000000004,-6.4,-9.1,16
3495,58466.0,0.0,-0.1,1.2000000000000002,0.5,0.2,10.9,-4.0,-10.3,-8.3,16
3496,58492.0,0.30000000000000004,-0.30000000000000004,0.8,0.7000000000000001,0.0,10.600000000000001,-2.0,-4.5,-4.7,16
3497,58500.0,0.5,-0.6000000000000001,1.0,1.0,-0.4,10.8,1.3,1.6,-5.0,16
3498,58517.0,0.6000000000000001,-0.8,1.0,1.0,-0.5,10.700000000000001,0.8,3.1,-8.3,16
3499,58534.0,0.30000000000000004,-0.7000000000000001,0.6000000000000001,0.7000000000000001,-0.4,10.4,-0.1,2.0,-10.4,16
3500,58550.0,0.2,-0.6000000000000001,0.4,0.6000000000000001,-0.30000000000000004,10.100000000000001,-1.0999999999999999,2.8,-9.9,16
3501,58566.0,0.1,-0.5,0.1,0.5,-0.2,9.9,-0.30000000000000004,4.300000000000001,-7.8,16
3502,58588.0,0.30000000000000004,-0.5,0.1,0.7000000000000001,-0.2,9.9,3.3000000000000003,4.6000000000000005,-5.8,16
3503,58601.0,0.5,-0.5,0.0,1.1,-0.2,9.8,7.300000000000001,3.7000000000000006,-7.1000000000000005,16
3504,58617.0,1.0,-0.5,-0.1,1.4000000000000001,-0.2,9.600000000000001,9.4,2.3000000000000003,-10.9,16
3505,58633.0,1.2000000000000002,-0.6000000000000001,-0.4,1.7000000000000002,-0.30000000000000004,9.200000000000001,10.2,1.6,-15.6,16
3506,58650.0,1.4000000000000001,-0.6000000000000001,-0.8,1.7000000000000002,-0.30000000000000004,9.0,8.0,4.3999999999999995,-19.400000000000002,16
3507,58666.0,1.1,-0.6000000000000001,-1.0,1.5,-0.2,8.8,3.4,6.5,-20.3,16
3508,58687.0,1.0,-0.7000000000000001,-1.0,1.4000000000000001,-0.30000000000000004,8.700000000000001,-2.4000000000000004,7.699999999999999,-20.2,16
3509,58700.0,1.0,-0.7000000000000001,-1.0,1.4000000000000001,-0.30000000000000004,8.700000000000001,-2.4000000000000004,7.699999999999999,-20.2,16
3510,58716.0,0.9,-0.8,-1.0,1.2000000000000002,-0.4,8.8,-10.600000000000001,6.2,-21.6,16
3511,58734.0,0.7000000000000001,-0.7000000000000001,-0.9,1.0,-0.4,8.9,-11.4,5.8,-21.6,16
3512,58750.0,0.5,-0.6000000000000001,-0.8,0.7000000000000001,-0.30000000000000004,9.0,-11.1,3.9,-20.0,16
3513,58766.0,0.30000000000000004,-0.5,-0.7000000000000001,0.5,-0.2,9.1,-11.6,2.1,-18.2,16
3514,58788.0,-0.2,-0.30000000000000004,-0.7000000000000001,0.1,-0.1,9.1,-11.6,0.1,-15.9,16
3515,58800.0,-0.30000000000000004,-0.30000000000000004,-0.6000000000000001,-0.2,-0.1,9.1,-10.700000000000001,-1.3,-12.6,16
3516,58817.0,-0.5,-0.2,-0.6000000000000001,-0.2,-0.1,9.1,-8.3,-2.9,-8.799999999999999,16
3517,58833.0,-0.9,0.0,-0.30000000000000004,-0.6000000000000001,0.1,9.4,-7.500000000000001,-8.0,-6.4,16
3518,58850.0,-0.8,0.0,-0.30000000000000004,-0.4,0.1,9.5,-7.9,-10.4,-6.1000000000000005,16
3519,58868.0,-0.7000000000000001,0.0,-0.30000000000000004,-0.4,0.2,9.600000000000001,-7.699999999999999,-10.5,-7.0,16
3520,58887.0,-0.8,0.1,-0.1,-0.4,0.2,9.600000000000001,-7.699999999999999,-10.5,-7.0,16
3521,58902.0,-0.7000000000000001,0.2,0.2,-0.30000000000000004,0.30000000000000004,9.9,-8.600000000000001,-8.1,-1.0,16
3522,58918.0,-0.6000000000000001,0.2,0.30000000000000004,-0.1,0.2,10.0,-7.699999999999999,-5.4,2.9,16
3523,58933.0,-0.30000000000000004,0.2,0.5,0.1,0.2,10.200000000000001,-3.6,-0.8,5.4,16
3524,58949.0,-0.30000000000000004,0.2,0.5,0.1,0.30000000000000004,10.3,2.9,3.2,6.8,16
3525,58966.0,-0.30000000000000004,0.4,0.6000000000000001,0.1,0.5,10.3,8.600000000000001,2.1999999999999997,6.7,16
3526,58992.0,-0.30000000000000004,0.6000000000000001,0.30000000000000004,0.1,0.6000000000000001,10.0,12.3,0.6000000000000001,6.6000000000000005,16
3527,58999.0,-0.1,0.7000000000000001,0.1,0.30000000000000004,0.8,9.8,12.5,-2.9,5.300000000000001,16
3528,59016.0,-0.1,0.7000000000000001,0.0,0.30000000000000004,0.9,9.700000000000001,8.9,-5.9,3.0000000000000004,16
3529,59033.0,-0.1,0.8,-0.1,0.30000000000000004,1.0,9.700000000000001,4.300000000000001,-5.7,1.3,16
3530,59049.0,-0.4,0.9,0.1,0.0,1.1,9.9,-0.2,-6.1000000000000005,2.0,16
3531,59066.0,-0.5,1.0,0.2,-0.1,1.1,10.100000000000001,-2.4000000000000004,-4.7,5.500000000000001,16
3532,59084.0,-0.4,0.9,0.5,0.1,1.1,10.3,-0.6000000000000001,-1.4,9.5,16
3533,59102.0,-0.2,0.8,0.7000000000000001,0.30000000000000004,0.9,10.4,4.5,3.7000000000000006,12.200000000000001,16
3534,59116.0,-0.1,0.7000000000000001,0.7000000000000001,0.2,0.9,10.600000000000001,11.9,7.6,12.700000000000001,16
3535,59133.0,-0.30000000000000004,0.7000000000000001,0.8,0.0,1.0,10.700000000000001,18.3,8.799999999999999,13.4,16
3536,59150.0,-0.5,0.7000000000000001,1.0,-0.1,1.0,10.8,19.500000000000004,3.2,13.9,16
3537,59166.0,-0.30000000000000004,0.6000000000000001,0.9,0.2,1.0,10.700000000000001,16.700000000000003,-1.6,15.000000000000002,16
3538,59183.0,0.30000000000000004,0.4,0.8,0.8,0.9,10.700000000000001,13.4,-2.3000000000000003,15.8,16
3539,59204.0,1.0,0.30000000000000004,1.0,1.4000000000000001,0.8,11.0,10.2,-0.2,15.5,16
3540,59218.0,1.5,0.2,1.4000000000000001,1.8,0.8,11.4,7.0,2.5,14.0,16
3541,59233.0,1.7000000000000002,0.2,1.5,2.2,0.8,11.4,7.2,5.300000000000001,11.9,16
3542,59250.0,2.1,0.2,1.4000000000000001,2.4000000000000004,0.8,11.4,10.1,10.8,8.4,16
3543,59266.0,2.2,0.2,1.4000000000000001,2.5,0.9,11.3,10.8,14.600000000000001,3.0000000000000004,16
3544,59285.0,2.2,0.30000000000000004,1.0,2.5,1.0,10.700000000000001,10.4,17.7,-3.2,16
3545,59304.0,1.9000000000000001,0.5,0.2,2.2,1.2000000000000002,10.100000000000001,9.8,24.9,-8.600000000000001,16
3546,59318.0,1.6,0.5,-0.5,1.8,1.2000000000000002,9.600000000000001,6.7,29.000000000000004,-12.200000000000001,16
3547,59333.0,1.6,0.30000000000000004,-0.8,1.6,1.0,9.1,3.8,31.900000000000002,-15.000000000000002,16
3548,59350.0,1.4000000000000001,-0.1,-1.3,1.3,0.7000000000000001,8.700000000000001,5.1,34.300000000000004,-17.7,16
3549,59367.0,0.7000000000000001,-0.30000000000000004,-1.5,0.7000000000000001,0.5,8.5,12.4,35.7,-18.6,16
3550,59386.0,0.0,-0.4,-1.7000000000000002,-0.1,0.5,8.3,22.5,34.2,-16.6,16
3551,59402.0,-0.4,-0.5,-1.6,-0.7000000000000001,0.5,8.3,26.8,23.2,-13.0,16
3552,59419.0,-0.4,-0.7000000000000001,-1.8,-0.7000000000000001,0.30000000000000004,8.1,25.400000000000002,6.000000000000001,-10.5,16
3553,59433.0,-0.30000000000000004,-0.9,-1.8,-0.5,0.1,8.1,21.700000000000003,-7.400000000000001,-11.3,16
3554,59450.0,-0.2,-1.0,-1.8,-0.5,0.1,8.1,15.6,-19.0,-13.200000000000001,16
3555,59468.0,-0.2,-1.2000000000000002,-1.6,-0.4,-0.1,8.200000000000001,10.8,-24.000000000000004,-13.6,16
3556,59483.0,-0.2,-1.2000000000000002,-1.6,-0.4,-0.1,8.200000000000001,10.8,-24.000000000000004,-13.6,16
3557,59500.0,-0.2,-1.2000000000000002,-1.6,-0.4,-0.1,8.200000000000001,10.8,-24.000000000000004,-13.6,16
3558,59516.0,0.2,-1.6,-0.2,0.2,-0.4,9.700000000000001,0.1,-31.7,-13.0,16
3559,59533.0,0.30000000000000004,-1.6,0.0,0.5,-0.5,10.0,-4.300000000000001,-35.1,-15.5,16
3560,59550.0,0.6000000000000001,-1.6,0.4,0.9,-0.6000000000000001,10.3,-9.0,-37.7,-17.9,16
3561,59568.0,0.9,-1.7000000000000002,0.6000000000000001,1.2000000000000002,-0.6000000000000001,10.4,-13.5,-36.3,-19.500000000000004,16
3562,59584.0,1.0,-1.7000000000000002,0.4,1.4000000000000001,-0.6000000000000001,10.100000000000001,-14.4,-27.3,-19.400000000000002,16
3563,59602.0,0.9,-1.5,0.1,1.2000000000000002,-0.5,9.9,-11.000000000000002,-12.700000000000001,-16.5,16
3564,59617.0,0.2,-1.3,0.0,0.7000000000000001,-0.30000000000000004,9.8,-6.5,0.6000000000000001,-11.1,16
3565,59633.0,0.0,-1.2000000000000002,-0.1,0.30000000000000004,-0.2,9.700000000000001,-4.0,5.500000000000001,-5.7,16
3566,59650.0,-0.30000000000000004,-1.0,-0.30000000000000004,0.0,0.0,9.5,-3.5,3.5,-2.5,16
3567,59666.0,-0.5,-0.8,-0.4,0.0,0.1,9.4,-2.7,-2.3000000000000003,-0.2,16
3568,59683.0,-0.4,-0.7000000000000001,-0.5,0.1,0.2,9.4,-3.4,-7.300000000000001,0.1,16
3569,59700.0,-0.30000000000000004,-0.7000000000000001,-0.5,0.1,0.2,9.4,-3.4,-7.300000000000001,0.1,16
3570,59717.0,-0.2,-0.4,-0.5,0.30000000000000004,0.5,9.3,-4.3999999999999995,-15.100000000000001,-1.2000000000000002,16
3571,59733.0,-0.1,-0.30000000000000004,-0.5,0.5,0.5,9.3,-5.7,-15.399999999999999,-1.7,16
3572,59750.0,0.0,-0.2,-0.5,0.6000000000000001,0.7000000000000001,9.4,-5.500000000000001,-11.6,-2.1,16
3573,59767.0,0.1,-0.1,-0.5,0.7000000000000001,0.7000000000000001,9.3,-3.9,-5.300000000000001,-2.9,16
3574,59783.0,0.2,0.0,-0.6000000000000001,0.7000000000000001,0.8,9.200000000000001,-1.9,1.9,-6.000000000000001,16
3575,59800.0,0.0,0.2,-0.7000000000000001,0.4,1.0,9.200000000000001,-1.4,6.3,-10.4,16
3576,59816.0,-0.5,0.5,-0.6000000000000001,0.1,1.3,9.200000000000001,-1.9,7.699999999999999,-13.700000000000001,16
3577,59833.0,-0.6000000000000001,0.6000000000000001,-0.7000000000000001,-0.2,1.4000000000000001,9.200000000000001,-1.5000000000000002,8.700000000000001,-15.6,16
3578,59850.0,-0.7000000000000001,0.6000000000000001,-0.6000000000000001,-0.2,1.4000000000000001,9.200000000000001,-3.1,5.6,-17.9,16
3579,59866.0,-0.8,0.6000000000000001,-0.7000000000000001,-0.30000000000000004,1.4000000000000001,9.1,-6.6000000000000005,2.4000000000000004,-20.900000000000002,16
3580,59884.0,-0.9,0.6000000000000001,-0.6000000000000001,-0.4,1.3,9.200000000000001,-10.5,-1.0999999999999999,-22.8,16
3581,59902.0,-1.0,0.6000000000000001,-0.5,-0.5,1.3,9.5,-13.3,-2.6,-21.700000000000003,16
3582,59916.0,-1.0,0.4,0.0,-0.5,1.1,9.9,-14.200000000000001,-4.3999999999999995,-18.7,16
3583,59933.0,-0.9,0.4,0.2,-0.4,1.0,10.3,-13.3,-6.7,-15.000000000000002,16
3584,59950.0,-0.9,0.30000000000000004,0.7000000000000001,-0.30000000000000004,0.9,10.700000000000001,-9.8,-8.799999999999999,-11.3,16
3585,59967.0,-0.6000000000000001,0.2,1.0,0.0,0.8,10.9,-4.300000000000001,-9.0,-8.9,16
3586,59990.0,-0.30000000000000004,0.2,1.2000000000000002,0.2,0.9,11.0,2.0,-6.9,-8.600000000000001,16
3587,60002.0,-0.4,0.4,1.3,0.1,1.0,11.100000000000001,7.8,-5.300000000000001,-8.799999999999999,16
3588,60017.0,-0.4,0.5,1.2000000000000002,0.1,1.2000000000000002,11.100000000000001,11.4,-4.1000000000000005,-8.1,16
3589,60033.0,-0.5,0.6000000000000001,1.1,0.1,1.3,11.0,12.3,-3.9,-7.0,16
3590,60049.0,-0.4,0.6000000000000001,1.0,0.0,1.3,10.700000000000001,12.3,-1.2000000000000002,-7.2,16
3591,60145.0,0.1,-0.5,1.5,1.0,0.30000000000000004,11.200000000000001,-0.2,-9.4,0.9,16
3592,60149.0,0.1,-0.5,1.5,1.0,0.30000000000000004,11.200000000000001,-0.2,-9.4,0.9,16
3593,60171.0,0.5,-0.5,1.0,1.3,0.2,10.8,10.9,-2.9,2.3000000000000003,16
3594,60191.0,0.7000000000000001,-0.7000000000000001,0.6000000000000001,1.5,0.1,10.4,15.8,0.5,-0.4,16
3595,60199.0,0.7000000000000001,-0.7000000000000001,0.30000000000000004,1.5,0.2,10.0,14.100000000000001,-0.9,-4.6000000000000005,16
3596,60216.0,0.7000000000000001,-0.6000000000000001,-0.2,1.5,0.2,9.700000000000001,10.3,-0.2,-6.4,16
3597,60233.0,0.7000000000000001,-0.7000000000000001,-0.4,1.5,0.1,9.4,6.7,2.5,-6.2,16
3598,60249.0,0.7000000000000001,-0.8,-0.7000000000000001,1.5,0.1,9.200000000000001,6.1000000000000005,8.700000000000001,-5.1,16
3599,60266.0,0.6000000000000001,-0.8,-0.8,1.3,0.1,9.0,9.1,16.900000000000002,-4.5,16
3600,60283.0,0.5,-0.9,-0.9,1.1,0.0,8.9,10.700000000000001,21.1,-7.0,16
3601,60300.0,0.2,-0.9,-1.1,0.8,0.1,8.8,9.600000000000001,20.6,-11.6,16
3602,60316.0,-0.1,-0.8,-1.2000000000000002,0.30000000000000004,0.30000000000000004,8.700000000000001,7.400000000000001,17.7,-13.9,16
3603,60333.0,-0.6000000000000001,-0.5,-1.2000000000000002,-0.2,0.5,8.700000000000001,4.300000000000001,12.9,-12.5,16
3604,60350.0,-0.8,-0.5,-1.2000000000000002,-0.30000000000000004,0.5,8.6,-0.6000000000000001,6.5,-9.3,16
3605,60366.0,-0.8,-0.5,-1.3,-0.30000000000000004,0.5,8.6,-6.000000000000001,1.3,-6.6000000000000005,16
3606,60383.0,-0.7000000000000001,-0.5,-1.2000000000000002,-0.2,0.4,8.700000000000001,-10.600000000000001,-3.0000000000000004,-4.5,16
3607,60400.0,-0.7000000000000001,-0.5,-0.9,-0.2,0.4,8.9,-13.5,-5.1,-2.9,16
3608,60416.0,-0.8,-0.5,-0.8,-0.30000000000000004,0.4,9.1,-12.6,-5.1,-0.6000000000000001,16
3609,60433.0,-0.9,-0.30000000000000004,-0.6000000000000001,-0.5,0.6000000000000001,9.3,-10.700000000000001,-5.4,3.0000000000000004,16
3610,60450.0,-1.0,-0.1,-0.30000000000000004,-0.5,0.7000000000000001,9.5,-9.3,-7.699999999999999,7.300000000000001,16
3611,60466.0,-0.9,-0.1,-0.4,-0.30000000000000004,0.7000000000000001,9.4,-8.0,-9.1,10.3,16
3612,60483.0,-0.6000000000000001,0.0,-0.5,-0.1,0.7000000000000001,9.3,-7.0,-6.9,11.3,16
3613,60501.0,-0.7000000000000001,0.1,-0.7000000000000001,-0.1,0.8,9.200000000000001,-6.000000000000001,-3.6,12.3,16
3614,60517.0,-0.8,0.2,-0.7000000000000001,-0.30000000000000004,1.0,9.1,-4.0,-0.1,15.5,16
3615,60533.0,-0.9,0.4,-0.6000000000000001,-0.30000000000000004,1.2000000000000002,9.200000000000001,-1.6,1.2000000000000002,19.0,16
3616,60550.0,-0.7000000000000001,0.5,-0.6000000000000001,-0.1,1.2000000000000002,9.200000000000001,0.1,-0.30000000000000004,19.700000000000003,16
3617,60567.0,-0.6000000000000001,0.6000000000000001,-0.7000000000000001,0.0,1.3,9.1,1.0999999999999999,-1.6,17.9,16
3618,60583.0,-0.6000000000000001,0.7000000000000001,-0.7000000000000001,0.0,1.4000000000000001,9.1,1.0999999999999999,-3.2,16.0,16
3619,60600.0,-0.5,0.7000000000000001,-0.6000000000000001,0.1,1.4000000000000001,9.200000000000001,0.0,-3.5,14.900000000000002,16
3620,60616.0,-0.5,0.7000000000000001,-0.5,0.1,1.5,9.3,-1.3,-2.8,14.800000000000002,16
3621,60633.0,-0.5,0.8,-0.30000000000000004,0.1,1.6,9.5,-2.5,-0.6000000000000001,16.2,16
3622,60650.0,-0.4,0.8,0.2,0.1,1.6,9.9,-3.0000000000000004,0.0,17.9,16
3623,60666.0,-0.30000000000000004,0.7000000000000001,0.4,0.30000000000000004,1.5,10.4,-2.9,-0.8,19.0,16
3624,60683.0,0.0,0.6000000000000001,0.9,0.6000000000000001,1.4000000000000001,10.700000000000001,-1.0999999999999999,-1.2000000000000002,18.3,16
3625,60700.0,0.30000000000000004,0.4,1.2000000000000002,0.8,1.3,10.9,3.1,1.0999999999999999,16.6,16
3626,60716.0,0.30000000000000004,0.4,1.4000000000000001,0.8,1.2000000000000002,11.100000000000001,8.799999999999999,4.800000000000001,15.6,16
3627,60733.0,0.30000000000000004,0.4,1.5,0.9,1.2000000000000002,11.3,13.3,6.3,16.2,16
3628,60749.0,0.5,0.30000000000000004,1.6,1.0,1.2000000000000002,11.3,14.500000000000002,8.3,17.0,16
3629,60766.0,0.5,0.2,1.3,0.9,1.2000000000000002,11.100000000000001,14.4,11.700000000000001,17.5,16
3630,60783.0,0.4,0.2,1.3,0.8,1.1,11.100000000000001,13.100000000000001,15.100000000000001,17.7,16
3631,60803.0,0.2,0.1,1.5,0.6000000000000001,1.1,11.3,10.1,15.2,18.5,16
3632,60822.0,0.0,-0.1,1.4000000000000001,0.4,0.9,11.200000000000001,8.200000000000001,13.9,19.6,16
3633,60834.0,0.0,-0.30000000000000004,1.4000000000000001,0.30000000000000004,0.7000000000000001,11.3,8.1,11.700000000000001,20.1,16
3634,60850.0,0.0,-0.5,1.5,0.30000000000000004,0.5,11.100000000000001,8.0,8.1,19.9,16
3635,60867.0,0.0,-0.7000000000000001,1.1,0.30000000000000004,0.5,11.100000000000001,8.0,8.1,19.9,16
3636,60884.0,0.0,-0.8,0.7000000000000001,0.30000000000000004,0.30000000000000004,10.5,14.200000000000001,11.000000000000002,21.3,16
3637,60901.0,0.1,-1.0,0.6000000000000001,0.4,0.2,10.3,15.6,10.3,21.200000000000003,16
3638,60917.0,0.4,-1.2000000000000002,0.1,0.7000000000000001,0.0,9.9,15.2,8.799999999999999,19.500000000000004,16
3639,60934.0,0.6000000000000001,-1.3,-0.1,0.8,-0.1,9.5,15.2,9.5,17.400000000000002,16
3640,60951.0,0.5,-1.4000000000000001,-0.5,0.7000000000000001,-0.1,9.3,13.6,10.3,16.700000000000003,16
3641,60966.0,0.5,-1.5,-0.7000000000000001,0.7000000000000001,-0.2,9.1,9.8,8.799999999999999,17.9,16
3642,60990.0,0.5,-1.5,-0.9,0.7000000000000001,-0.2,8.9,5.6,7.300000000000001,21.900000000000002,16
3643,61001.0,0.6000000000000001,-1.5,-0.9,0.8,-0.2,8.9,3.9,6.5,27.0,16
3644,61018.0,0.9,-1.5,-0.9,1.1,-0.2,8.9,5.4,6.2,30.5,16
3645,61033.0,1.0,-1.5,-0.8,1.3,-0.1,9.1,8.1,5.1,30.799999999999997,16
3646,61049.0,1.2000000000000002,-1.4000000000000001,-0.7000000000000001,1.4000000000000001,0.0,9.1,10.4,1.3,29.000000000000004,16
3647,61069.0,1.4000000000000001,-1.3,-0.7000000000000001,1.6,0.1,9.0,11.9,-1.0,25.700000000000003,16
3648,61083.0,1.4000000000000001,-1.2000000000000002,-0.8,1.6,0.30000000000000004,9.0,11.000000000000002,-3.0000000000000004,21.5,16
3649,61100.0,1.3,-0.9,-0.8,1.6,0.5,8.9,5.9,-6.2,18.0,16
3650,61116.0,1.3,-0.7000000000000001,-0.8,1.6,0.7000000000000001,8.9,-2.3000000000000003,-9.9,15.399999999999999,16
3651,61133.0,1.3,-0.6000000000000001,-0.8,1.7000000000000002,0.8,9.0,-11.1,-12.6,13.0,16
3652,61149.0,1.4000000000000001,-0.5,-0.6000000000000001,1.8,0.8,9.200000000000001,-18.3,-13.700000000000001,10.8,16
3653,61166.0,1.3,-0.5,-0.4,1.8,0.8,9.4,-21.900000000000002,-12.8,8.799999999999999,16
3654,61187.0,1.2000000000000002,-0.4,-0.2,1.7000000000000002,0.7000000000000001,9.600000000000001,-20.3,-9.9,6.7,16
3655,61200.0,1.2000000000000002,-0.4,-0.2,1.7000000000000002,0.7000000000000001,9.600000000000001,-20.3,-9.9,6.7,16
3656,61221.0,0.7000000000000001,-0.30000000000000004,-0.1,1.2000000000000002,0.9,9.600000000000001,-10.600000000000001,-3.9,2.9,16
3657,61238.0,0.5,-0.1,-0.30000000000000004,1.0,1.0,9.4,-7.400000000000001,-4.5,1.7,16
3658,61250.0,0.5,0.0,-0.5,1.0,1.1,9.200000000000001,-6.5,-4.800000000000001,0.0,16
3659,61266.0,0.4,0.1,-0.7000000000000001,1.0,1.2000000000000002,9.0,-7.300000000000001,-4.5,-2.3000000000000003,16
3660,61290.0,0.2,0.30000000000000004,-0.9,0.8,1.3,8.9,-8.5,-2.4000000000000004,-4.0,16
3661,61300.0,0.2,0.30000000000000004,-0.9,0.7000000000000001,1.3,8.8,-9.0,0.7,-5.8,16
3662,61317.0,-0.1,0.4,-0.8,0.5,1.4000000000000001,8.9,-9.0,2.9,-8.4,16
3663,61333.0,-0.30000000000000004,0.5,-0.6000000000000001,0.30000000000000004,1.5,9.200000000000001,-9.8,2.8,-12.100000000000001,16
3664,61350.0,-0.30000000000000004,0.5,-0.5,0.2,1.5,9.3,-10.1,0.5,-16.1,16
3665,61367.0,-0.4,0.5,-0.5,0.1,1.4000000000000001,9.3,-10.0,0.6000000000000001,-19.8,16
3666,61392.0,-0.6000000000000001,0.6000000000000001,-0.1,0.0,1.4000000000000001,9.700000000000001,-11.5,-3.0000000000000004,-23.0,16
3667,61400.0,-0.6000000000000001,0.6000000000000001,0.0,0.0,1.4000000000000001,9.700000000000001,-11.5,-3.0000000000000004,-23.0,16
3668,61416.0,-0.4,0.6000000000000001,0.1,0.2,1.4000000000000001,9.9,-12.6,-6.5,-23.1,16
3669,61433.0,-0.2,0.5,0.30000000000000004,0.4,1.2000000000000002,10.100000000000001,-12.200000000000001,-8.0,-24.1,16
3670,61450.0,-0.2,0.4,0.4,0.4,1.2000000000000002,10.3,-10.0,-6.7,-25.3,16
3671,61466.0,-0.4,0.5,0.7000000000000001,0.2,1.3,10.5,-6.3,-5.500000000000001,-24.8,16
3672,61490.0,-0.5,0.6000000000000001,0.9,0.30000000000000004,1.4000000000000001,10.600000000000001,1.7,-5.300000000000001,-21.8,16
3673,61500.0,-0.5,0.6000000000000001,0.9,0.30000000000000004,1.4000000000000001,10.600000000000001,1.7,-5.300000000000001,-21.8,16
3674,61517.0,-0.2,0.6000000000000001,0.9,0.4,1.4000000000000001,10.600000000000001,5.2,-3.7000000000000006,-23.8,16
3675,61534.0,-0.30000000000000004,0.6000000000000001,0.8,0.30000000000000004,1.4000000000000001,10.600000000000001,8.3,-0.2,-27.0,16
3676,61550.0,-0.6000000000000001,0.6000000000000001,0.7000000000000001,0.0,1.5,10.5,12.000000000000002,5.4,-28.700000000000003,16
3677,61566.0,-0.7000000000000001,0.6000000000000001,0.6000000000000001,-0.2,1.6,10.3,14.500000000000002,10.8,-28.1,16
3678,61590.0,-1.1,0.6000000000000001,0.4,-0.8,1.6,10.200000000000001,9.700000000000001,13.700000000000001,-24.400000000000002,16
3679,61600.0,-1.2000000000000002,0.6000000000000001,0.4,-0.8,1.6,10.200000000000001,9.700000000000001,13.700000000000001,-24.400000000000002,16
3680,61616.0,-1.3,0.5,0.4,-0.9,1.4000000000000001,10.3,5.4,15.7,-24.000000000000004,16
3681,61634.0,-1.2000000000000002,0.2,1.0,-0.8,1.3,11.0,0.2,10.4,-24.6,16
3682,61650.0,-0.8,0.1,1.7000000000000002,-0.5,1.1,11.5,-8.600000000000001,-3.2,-23.6,16
3683,61666.0,-0.4,-0.1,1.5,0.1,0.8,11.4,-11.2,-10.600000000000001,-20.8,16
3684,61692.0,0.30000000000000004,-0.5,1.5,0.5,0.5,11.4,-9.9,-12.8,-18.0,16
3685,61700.0,0.4,-0.6000000000000001,1.3,0.8,0.4,11.100000000000001,-5.7,-9.5,-14.0,16
3686,61717.0,0.5,-0.6000000000000001,1.1,1.1,0.2,10.8,4.6000000000000005,-1.7,-9.200000000000001,16
3687,61733.0,0.9,-0.9,0.8,1.3,0.1,10.600000000000001,14.700000000000001,5.0,-7.2,16
3688,61750.0,1.1,-1.0,0.4,1.4000000000000001,0.0,10.200000000000001,22.1,7.1000000000000005,-7.9,16
3689,61766.0,1.1,-1.0,0.2,1.6,0.0,9.8,26.1,6.3,-9.8,16
3690,61790.0,1.5,-1.3,-0.6000000000000001,1.8,-0.1,9.4,25.5,4.3999999999999995,-13.100000000000001,16
3691,61808.0,1.6,-1.3,-0.8,1.9000000000000001,-0.1,9.0,20.3,3.1,-16.400000000000002,16
3692,61816.0,1.6,-1.2000000000000002,-1.0,1.9000000000000001,0.1,8.700000000000001,12.000000000000002,3.3000000000000003,-17.200000000000003,16
3693,61833.0,1.5,-1.2000000000000002,-1.2000000000000002,1.8,0.0,8.6,3.0000000000000004,5.6,-16.700000000000003,16
3694,61850.0,1.3,-1.2000000000000002,-1.2000000000000002,1.6,0.0,8.6,-5.1,8.0,-15.9,16
3695,61866.0,0.9,-1.1,-1.0,1.3,0.1,8.700000000000001,-9.9,9.200000000000001,-13.8,16
3696,61887.0,0.6000000000000001,-0.9,-0.8,1.0,0.2,8.9,-9.8,9.9,-10.600000000000001,16
3697,61900.0,0.5,-0.8,-0.8,0.8,0.30000000000000004,9.0,-6.2,6.6000000000000005,-7.8,16
3698,61917.0,0.4,-0.7000000000000001,-0.6000000000000001,0.7000000000000001,0.5,9.1,-2.3000000000000003,1.9,-7.0,16
3699,61937.0,0.2,-0.4,-0.7000000000000001,0.5,0.7000000000000001,9.1,-2.1,-4.800000000000001,-8.700000000000001,16
3700,61952.0,0.0,-0.30000000000000004,-0.9,0.30000000000000004,0.9,8.8,-4.9,-10.600000000000001,-10.3,16
3701,61966.0,-0.2,0.0,-1.2000000000000002,0.1,1.0,8.5,-9.5,-10.700000000000001,-10.9,16
3702,61995.0,-0.5,0.1,-1.3,-0.1,1.2000000000000002,8.4,-15.2,-7.8,-10.1,16
3703,62009.0,-0.8,0.1,-1.1,-0.6000000000000001,1.1,8.8,-22.3,-3.0000000000000004,-5.8,16
3704,62017.0,-1.0,0.1,-0.9,-0.6000000000000001,1.1,8.8,-22.3,-3.0000000000000004,-5.8,16
3705,62033.0,-1.0,0.1,-0.8,-0.7000000000000001,1.0,9.0,-23.1,-5.9,-4.5,16
3706,62049.0,-1.0,0.1,-0.5,-0.6000000000000001,0.9,9.200000000000001,-22.900000000000002,-10.700000000000001,-4.5,16
3707,62066.0,-0.8,0.1,-0.4,-0.5,0.8,9.3,-22.2,-12.6,-4.3999999999999995,16
3708,62085.0,-0.8,0.1,-0.30000000000000004,-0.4,0.8,9.5,-20.2,-12.3,-2.9,16
3709,62101.0,-0.8,0.2,-0.1,-0.4,0.9,9.700000000000001,-17.7,-9.1,0.5,16
3710,62116.0,-0.8,0.4,0.1,-0.4,1.0,9.9,-14.600000000000001,-4.5,5.7,16
3711,62135.0,-0.7000000000000001,0.5,0.30000000000000004,-0.30000000000000004,1.0,10.100000000000001,-10.8,-1.3,11.4,16
3712,62149.0,-0.6000000000000001,0.4,0.30000000000000004,-0.1,1.0,10.100000000000001,-6.9,0.30000000000000004,14.900000000000002,16
3713,62166.0,-0.4,0.5,0.4,0.0,1.1,10.100000000000001,-3.6,0.4,16.0,16
3714,62185.0,-0.30000000000000004,0.7000000000000001,0.30000000000000004,0.1,1.2000000000000002,10.0,0.2,2.0,16.6,16
3715,62199.0,-0.30000000000000004,0.8,0.1,0.1,1.4000000000000001,9.8,5.4,6.6000000000000005,17.0,16
3716,62216.0,-0.4,1.0,0.0,0.0,1.6,9.700000000000001,9.9,12.3,17.200000000000003,16
3717,62233.0,-0.5,1.2000000000000002,-0.1,-0.2,1.9000000000000001,9.700000000000001,12.100000000000001,15.2,17.8,16
3718,62250.0,-0.6000000000000001,1.3,0.0,-0.30000000000000004,2.0,9.8,11.1,13.5,18.400000000000002,16
3719,62266.0,-0.4,1.3,0.1,-0.1,2.0,9.9,8.700000000000001,9.8,17.5,16
3720,62287.0,0.1,1.1,0.30000000000000004,0.30000000000000004,1.9000000000000001,10.0,6.4,7.2,14.4,16
3721,62304.0,0.4,1.0,0.5,0.7000000000000001,1.7000000000000002,10.3,3.7000000000000006,6.1000000000000005,9.8,16
3722,62318.0,0.8,0.8,0.7000000000000001,1.1,1.6,10.5,1.8,6.000000000000001,6.8,16
3723,62333.0,1.0,0.8,0.8,1.4000000000000001,1.4000000000000001,10.600000000000001,2.6,9.200000000000001,6.1000000000000005,16
3724,62350.0,1.3,0.5,0.7000000000000001,1.5,1.3,10.4,4.1000000000000005,15.100000000000001,5.2,16
3725,62366.0,1.1,0.4,0.4,1.1,1.2000000000000002,10.200000000000001,7.300000000000001,23.0,4.300000000000001,16
3726,62383.0,0.30000000000000004,0.5,0.9,0.4,1.3,10.700000000000001,8.0,24.1,3.5,16
3727,62401.0,0.2,0.5,1.3,0.2,1.3,11.100000000000001,1.3,9.3,3.1,16
3728,62416.0,0.30000000000000004,0.30000000000000004,1.3,0.4,1.1,11.100000000000001,-5.300000000000001,-3.0000000000000004,3.1,16
3729,62433.0,0.5,-0.1,1.2000000000000002,0.6000000000000001,0.8,11.0,-6.9,-8.3,3.7000000000000006,16
3730,62450.0,0.6000000000000001,-0.2,1.2000000000000002,0.7000000000000001,0.6000000000000001,11.0,-5.1,-6.1000000000000005,5.1,16
3731,62469.0,0.4,-0.30000000000000004,1.1,0.5,0.5,10.9,1.7,0.9,8.9,16
3732,62486.0,0.2,-0.4,1.0,0.30000000000000004,0.4,10.9,10.9,6.3,12.6,16
3733,62501.0,0.2,-0.5,1.1,0.30000000000000004,0.4,10.9,15.7,3.5,12.5,16
3734,62518.0,0.2,-0.4,1.0,0.30000000000000004,0.5,10.8,15.8,-4.1000000000000005,10.1,16
3735,62533.0,0.30000000000000004,-0.4,0.6000000000000001,0.4,0.5,10.5,14.500000000000002,-10.0,8.0,16
3736,62550.0,0.4,-0.5,0.5,0.6000000000000001,0.4,10.3,12.5,-10.700000000000001,7.500000000000001,16
3737,62566.0,0.7000000000000001,-0.7000000000000001,0.4,0.9,0.30000000000000004,10.200000000000001,9.200000000000001,-10.2,7.300000000000001,16
3738,62586.0,1.0,-1.0,0.2,1.2000000000000002,0.0,10.0,6.2,-8.799999999999999,7.2,16
3739,62602.0,1.1,-1.2000000000000002,-0.2,1.3,-0.2,9.700000000000001,6.6000000000000005,-3.6,6.7,16
3740,62617.0,1.0,-1.2000000000000002,-0.4,1.2000000000000002,-0.2,9.3,11.000000000000002,4.1000000000000005,6.1000000000000005,16
3741,62633.0,0.6000000000000001,-1.2000000000000002,-0.8,0.8,-0.2,9.0,16.5,10.1,4.800000000000001,16
3742,62650.0,0.4,-1.2000000000000002,-1.0,0.6000000000000001,-0.1,8.6,19.0,11.4,2.1999999999999997,16
3743,62667.0,0.2,-1.2000000000000002,-1.4000000000000001,0.30000000000000004,0.0,8.3,18.3,7.9,-1.3,16
3744,62686.0,-0.1,-1.0,-1.5,0.1,0.2,8.200000000000001,14.100000000000001,3.5,-4.300000000000001,16
3745,62703.0,-0.1,-0.9,-1.5,0.1,0.30000000000000004,8.3,6.7,-4.7,-7.0,16
3746,62717.0,0.0,-0.9,-1.4000000000000001,0.30000000000000004,0.30000000000000004,8.4,-4.800000000000001,-13.6,-10.3,16
3747,62733.0,0.30000000000000004,-0.8,-1.2000000000000002,0.5,0.4,8.6,-15.7,-20.5,-12.6,16
3748,62750.0,0.30000000000000004,-0.6000000000000001,-0.9,0.7000000000000001,0.4,8.8,-22.2,-21.200000000000003,-12.8,16
3749,62766.0,0.30000000000000004,-0.5,-0.8,0.6000000000000001,0.5,9.0,-22.5,-16.3,-10.1,16
3750,62783.0,0.1,-0.4,-0.7000000000000001,0.5,0.6000000000000001,9.0,-17.599999999999998,-9.600000000000001,-6.9,16
3751,62800.0,-0.1,-0.30000000000000004,-0.6000000000000001,0.30000000000000004,0.6000000000000001,9.200000000000001,-10.700000000000001,-5.2,-5.1,16
3752,62816.0,-0.30000000000000004,-0.2,-0.5,0.0,0.7000000000000001,9.200000000000001,-5.300000000000001,-7.300000000000001,-4.3999999999999995,16
3753,62833.0,-0.5,-0.2,-0.5,0.0,0.7000000000000001,9.200000000000001,-2.0,-12.4,-5.0,16
3754,62850.0,-0.5,-0.2,-0.6000000000000001,0.0,0.7000000000000001,9.1,-1.9,-18.5,-7.1000000000000005,16
3755,62867.0,-0.5,-0.2,-0.7000000000000001,0.1,0.7000000000000001,9.0,-4.7,-21.5,-8.9,16
3756,62886.0,-0.4,-0.2,-0.6000000000000001,0.2,0.7000000000000001,9.200000000000001,-8.799999999999999,-23.1,-9.1,16
3757,62900.0,-0.30000000000000004,-0.30000000000000004,-0.5,0.4,0.6000000000000001,9.200000000000001,-13.200000000000001,-22.8,-9.200000000000001,16
3758,62916.0,-0.30000000000000004,-0.2,-0.5,0.6000000000000001,0.6000000000000001,9.4,-13.100000000000001,-17.0,-9.4,16
3759,62933.0,-0.30000000000000004,-0.2,-0.30000000000000004,0.4,0.6000000000000001,9.4,-10.2,-8.3,-11.000000000000002,16
3760,62950.0,-0.5,0.0,0.2,0.2,0.8,9.9,-6.9,-1.6,-13.3,16
3761,62967.0,-0.7000000000000001,0.1,0.0,-0.2,0.9,9.8,-3.6,4.7,-16.0,16
3762,62988.0,-1.3,0.6000000000000001,0.0,-0.6000000000000001,1.2000000000000002,9.8,-0.8,7.8,-17.5,16
3763,63000.0,-1.5,0.7000000000000001,0.0,-1.0,1.4000000000000001,9.700000000000001,-2.5,7.699999999999999,-17.1,16
3764,63016.0,-1.5,0.7000000000000001,0.1,-0.8,1.5,10.0,-7.300000000000001,2.8,-16.6,16
3765,63033.0,-1.2000000000000002,0.8,0.7000000000000001,-0.6000000000000001,1.5,10.4,-10.700000000000001,-1.9,-16.400000000000002,16
3766,63050.0,-0.8,0.7000000000000001,0.9,-0.30000000000000004,1.4000000000000001,10.600000000000001,-11.8,-3.6,-16.2,16
3767,63071.0,-0.7000000000000001,0.7000000000000001,1.3,-0.2,1.4000000000000001,11.0,-6.8,2.7,-15.2,16
3768,63085.0,-0.8,0.7000000000000001,1.4000000000000001,-0.30000000000000004,1.3,11.100000000000001,-0.5,6.9,-13.8,16
3769,63100.0,-1.0,0.6000000000000001,1.4000000000000001,-0.5,1.3,11.200000000000001,2.8,8.5,-12.3,16
3770,63116.0,-1.1,0.5,1.7000000000000002,-0.6000000000000001,1.3,11.4,8.0,13.100000000000001,-11.3,16
3771,63133.0,-1.2000000000000002,0.6000000000000001,1.6,-0.9,1.3,11.4,13.4,15.5,-10.0,16
3772,63149.0,-1.3,0.5,1.5,-1.1,1.3,11.3,16.8,16.900000000000002,-8.3,16
3773,63170.0,-1.5,0.5,1.4000000000000001,-1.2000000000000002,1.3,11.200000000000001,17.8,18.2,-6.5,16
3774,63183.0,-1.4000000000000001,0.4,1.3,-1.3,1.2000000000000002,11.3,16.400000000000002,17.5,-5.6,16
3775,63199.0,-1.4000000000000001,0.2,1.9000000000000001,-1.3,1.2000000000000002,11.700000000000001,8.4,8.799999999999999,-5.0,16
3776,63216.0,-1.1,0.2,1.6,-1.0,1.1,11.4,-0.30000000000000004,1.4,-1.2000000000000002,16
3777,63233.0,-0.8,0.0,1.5,-0.5,0.8,11.3,-2.9,0.6000000000000001,4.1000000000000005,16
3778,63249.0,-0.2,-0.4,1.5,-0.1,0.5,11.4,-2.1,2.9,8.0,16
3779,63266.0,0.1,-0.5,1.4000000000000001,0.2,0.4,11.3,3.1,4.300000000000001,12.100000000000001,16
3780,63283.0,0.30000000000000004,-0.6000000000000001,1.2000000000000002,0.6000000000000001,0.30000000000000004,11.100000000000001,11.3,6.4,14.900000000000002,16
3781,63299.0,1.0,-0.8,0.9,1.1,0.1,10.600000000000001,21.200000000000003,9.5,14.800000000000002,16
3782,63316.0,1.5,-1.0,0.1,1.5,0.1,9.9,30.599999999999998,13.6,10.8,16
3783,63333.0,1.7000000000000002,-1.1,-0.4,1.7000000000000002,0.1,9.200000000000001,37.300000000000004,19.700000000000003,5.0,16
3784,63349.0,1.8,-1.2000000000000002,-1.1,1.8,0.1,8.6,36.5,22.8,-0.9,16
3785,63366.0,1.9000000000000001,-1.3,-1.7000000000000002,1.8,0.1,8.1,29.800000000000004,21.700000000000003,-5.9,16
3786,63383.0,1.8,-1.2000000000000002,-1.7000000000000002,1.5,0.2,8.0,18.900000000000002,19.6,-7.400000000000001,16
3787,63400.0,1.6,-1.2000000000000002,-1.9000000000000001,1.4000000000000001,0.2,7.9,6.9,13.9,-6.1000000000000005,16
3788,63416.0,1.5,-1.1,-1.7000000000000002,1.3,0.30000000000000004,8.1,-4.7,9.4,-3.9,16
3789,63433.0,1.5,-1.2000000000000002,-1.6,1.3,0.2,8.200000000000001,-11.700000000000001,4.0,-2.3000000000000003,16
3790,63450.0,1.5,-1.1,-1.5,1.3,0.2,8.3,-15.299999999999999,1.3,-1.0999999999999999,16
3791,63468.0,1.2000000000000002,-0.9,-1.2000000000000002,1.0,0.30000000000000004,8.6,-16.2,-2.4000000000000004,0.8,16
3792,63483.0,1.1,-0.9,-1.1,0.8,0.4,8.700000000000001,-15.100000000000001,-6.1000000000000005,3.3000000000000003,16
3793,63500.0,0.8,-0.7000000000000001,-1.0,0.6000000000000001,0.5,8.700000000000001,-13.4,-10.5,5.500000000000001,16
3794,63516.0,0.4,-0.6000000000000001,-1.1,0.30000000000000004,0.6000000000000001,8.6,-12.200000000000001,-13.8,6.5,16
3795,63533.0,0.2,-0.5,-1.1,0.0,0.7000000000000001,8.6,-12.200000000000001,-14.700000000000001,6.2,16
3796,63550.0,-0.1,-0.2,-1.0,-0.2,0.9,8.700000000000001,-13.4,-14.700000000000001,6.2,16
3797,63566.0,-0.4,0.1,-0.8,-0.4,1.1,8.9,-16.3,-15.399999999999999,6.4,16
3798,63589.0,-0.5,0.30000000000000004,-0.7000000000000001,-0.4,1.2000000000000002,9.0,-20.3,-16.0,6.8,16
3799,63599.0,-0.4,0.30000000000000004,-0.7000000000000001,-0.30000000000000004,1.2000000000000002,9.1,-23.2,-13.9,7.0,16
3800,63619.0,-0.4,0.30000000000000004,-0.6000000000000001,-0.30000000000000004,1.2000000000000002,9.1,-23.2,-13.9,7.0,16
3801,63633.0,-0.4,0.4,-0.5,-0.30000000000000004,1.2000000000000002,9.4,-24.1,-3.9,7.6,16
3802,63649.0,-0.5,0.5,-0.1,-0.30000000000000004,1.2000000000000002,9.8,-22.4,-1.5000000000000002,8.600000000000001,16
3803,63666.0,-0.5,0.6000000000000001,0.30000000000000004,-0.30000000000000004,1.3,10.100000000000001,-20.900000000000002,-3.2,9.700000000000001,16
3804,63683.0,-0.4,0.7000000000000001,0.4,-0.2,1.4000000000000001,10.100000000000001,-17.599999999999998,-5.1,11.000000000000002,16
3805,63699.0,-0.30000000000000004,0.8,0.30000000000000004,-0.1,1.4000000000000001,10.0,-11.700000000000001,-2.4000000000000004,11.700000000000001,16
3806,63716.0,-0.30000000000000004,0.9,0.0,-0.2,1.4000000000000001,9.700000000000001,-5.4,2.4000000000000004,12.100000000000001,16
3807,63733.0,-0.5,0.9,-0.1,-0.5,1.5,9.600000000000001,-0.2,6.8,12.9,16
3808,63749.0,-1.0,1.1,-0.2,-1.0,1.6,9.5,2.1999999999999997,6.8,16.5,16
3809,63766.0,-1.4000000000000001,1.1,-0.30000000000000004,-1.2000000000000002,1.6,9.5,3.8,4.5,21.700000000000003,16
3810,63783.0,-1.3,1.0,-0.2,-1.2000000000000002,1.6,9.5,5.2,2.5,26.0,16
3811,63800.0,-1.1,0.9,0.1,-1.0,1.5,10.0,7.300000000000001,1.7,28.700000000000003,16
3812,63818.0,-1.0,0.9,0.5,-0.8,1.5,10.4,12.3,0.7,31.5,16
3813,63834.0,-0.6000000000000001,0.6000000000000001,1.2000000000000002,-0.4,1.4000000000000001,10.9,15.6,-0.9,32.5,16
3814,63850.0,-0.4,0.5,1.4000000000000001,-0.1,1.2000000000000002,11.200000000000001,17.200000000000003,-6.8,31.6,16
3815,63866.0,0.2,0.30000000000000004,1.7000000000000002,0.6000000000000001,1.1,11.5,18.0,-9.700000000000001,30.200000000000003,16
3816,63883.0,1.0,0.0,1.7000000000000002,1.3,0.9,11.4,17.8,-7.1000000000000005,27.8,16
3817,63900.0,1.4000000000000001,-0.2,1.5,1.9000000000000001,0.6000000000000001,11.3,18.7,-0.9,24.3,16
3818,63917.0,1.7000000000000002,-0.2,1.4000000000000001,1.8,0.8,11.0,20.4,13.4,20.900000000000002,16
3819,63933.0,1.2000000000000002,-0.1,1.2000000000000002,1.4000000000000001,0.9,11.100000000000001,15.9,18.1,19.0,16
3820,63950.0,1.2000000000000002,-0.1,1.7000000000000002,1.2000000000000002,1.0,11.4,8.4,17.400000000000002,18.6,16
3821,63967.0,0.9,-0.2,1.6,1.0,0.9,11.4,0.30000000000000004,12.700000000000001,17.5,16
3822,63986.0,0.8,-0.1,1.6,0.9,0.9,11.4,-3.3000000000000003,10.8,16.1,16
3823,63999.0,0.8,-0.2,1.7000000000000002,0.8,0.8,11.5,-4.2,10.0,15.299999999999999,16
3824,64016.0,0.7000000000000001,-0.2,1.5,0.8,0.8,11.3,-1.4,8.3,15.9,16
3825,64033.0,0.8,-0.30000000000000004,1.2000000000000002,0.9,0.7000000000000001,11.0,2.4000000000000004,8.1,16.0,16
3826,64049.0,0.9,-0.4,1.0,0.9,0.6000000000000001,10.600000000000001,5.9,4.2,15.100000000000001,16
3827,64066.0,1.0,-0.4,0.4,1.2000000000000002,0.6000000000000001,10.100000000000001,10.4,-0.1,13.8,16
3828,64083.0,1.4000000000000001,-0.6000000000000001,-0.30000000000000004,1.5,0.5,9.4,16.8,2.5,10.700000000000001,16
3829,64102.0,1.4000000000000001,-0.6000000000000001,-1.1,1.5,0.5,8.700000000000001,27.5,8.600000000000001,6.6000000000000005,16
3830,64117.0,1.2000000000000002,-0.5,-1.3,1.0,0.8,8.5,33.800000000000004,14.100000000000001,5.6,16
3831,64133.0,0.6000000000000001,-0.30000000000000004,-1.6,0.6000000000000001,1.0,8.1,33.2,10.2,7.9,16
3832,64149.0,0.4,-0.30000000000000004,-1.9000000000000001,0.4,1.1,7.800000000000001,28.1,5.8,10.700000000000001,16
3833,64166.0,0.4,-0.4,-2.0,0.4,1.0,7.7,19.0,1.0999999999999999,10.4,16
3834,64183.0,0.4,-0.7000000000000001,-1.9000000000000001,0.4,0.8,7.9,9.600000000000001,-2.4000000000000004,6.5,16
3835,64205.0,0.2,-0.9,-1.4000000000000001,0.2,0.6000000000000001,8.3,1.2000000000000002,-7.2,1.9,16
3836,64218.0,0.0,-0.9,-1.1,0.0,0.6000000000000001,8.8,-4.5,-13.0,0.2,16
3837,64233.0,0.0,-1.0,-0.5,0.2,0.4,9.3,-7.2,-17.8,-0.4,16
3838,64250.0,0.4,-1.2000000000000002,0.0,0.6000000000000001,0.2,9.700000000000001,-8.0,-21.6,-2.6,16
3839,64266.0,0.7000000000000001,-1.2000000000000002,0.30000000000000004,1.0,0.2,10.3,-9.200000000000001,-25.6,-6.2,16
3840,64283.0,1.0,-1.2000000000000002,0.9,1.4000000000000001,0.2,10.700000000000001,-13.9,-32.6,-8.600000000000001,16
3841,64302.0,1.4000000000000001,-1.1,0.9,1.8,0.2,10.600000000000001,-19.0,-34.2,-9.0,16
3842,64316.0,1.4000000000000001,-1.1,0.8,2.0,0.2,10.3,-16.1,-26.0,-6.7,16
3843,64333.0,1.3,-0.9,0.2,1.7000000000000002,0.4,9.9,-6.000000000000001,-9.3,-2.1,16
3844,64350.0,0.8,-0.6000000000000001,-0.30000000000000004,1.3,0.6000000000000001,9.4,6.4,5.8,2.7,16
3845,64373.0,0.1,-0.30000000000000004,-0.7000000000000001,0.7000000000000001,1.0,9.1,13.6,12.3,5.0,16
3846,64383.0,-0.2,-0.1,-1.0,0.2,1.2000000000000002,8.6,14.900000000000002,9.700000000000001,5.1,16
3847,64401.0,-0.6000000000000001,0.0,-1.3,-0.1,1.3,8.3,11.2,4.2,3.2,16
3848,64418.0,-1.0,0.2,-1.5,-0.5,1.5,8.200000000000001,4.3999999999999995,-2.9,1.5000000000000002,16
3849,64433.0,-1.1,0.2,-1.5,-0.6000000000000001,1.6,8.200000000000001,-3.3000000000000003,-11.2,1.7,16
3850,64450.0,-1.1,0.30000000000000004,-1.3,-0.5,1.6,8.5,-9.9,-18.8,2.9,16
3851,64466.0,-0.8,0.30000000000000004,-1.0,0.0,1.6,8.9,-13.8,-22.2,3.3000000000000003,16
3852,64492.0,-0.1,0.30000000000000004,-0.30000000000000004,0.4,1.5,9.3,-13.200000000000001,-20.900000000000002,1.3,16
3853,64499.0,0.0,0.2,0.0,0.7000000000000001,1.4000000000000001,9.700000000000001,-10.600000000000001,-15.2,-3.0000000000000004,16
3854,64516.0,-0.2,0.30000000000000004,0.1,0.6000000000000001,1.5,9.8,-5.6,-8.4,-7.8,16
3855,64533.0,-0.2,0.30000000000000004,0.1,0.6000000000000001,1.5,9.8,-5.6,-8.4,-7.8,16
3856,64550.0,-0.6000000000000001,0.4,0.5,0.1,1.6,10.200000000000001,4.0,1.8,-10.600000000000001,16
3857,64567.0,-0.7000000000000001,0.4,0.5,0.0,1.6,10.200000000000001,4.6000000000000005,1.2000000000000002,-12.3,16
3858,64593.0,-1.0,0.4,0.5,-0.30000000000000004,1.6,10.200000000000001,4.5,1.0999999999999999,-13.6,16
3859,64605.0,-1.1,0.4,0.5,-0.5,1.7000000000000002,10.200000000000001,4.5,1.9,-13.5,16
3860,64616.0,-1.3,0.4,0.6000000000000001,-0.7000000000000001,1.7000000000000002,10.200000000000001,3.7000000000000006,2.1,-11.700000000000001,16
3861,64633.0,-1.4000000000000001,0.4,0.6000000000000001,-0.8,1.7000000000000002,10.3,2.7,2.5,-8.3,16
3862,64649.0,-1.4000000000000001,0.30000000000000004,0.7000000000000001,-0.8,1.6,10.4,2.7,2.7,-4.7,16
3863,64668.0,-1.3,0.2,0.7000000000000001,-0.7000000000000001,1.5,10.4,4.0,3.4,-2.1,16
3864,64683.0,-1.3,0.2,0.8,-0.7000000000000001,1.5,10.5,7.300000000000001,4.6000000000000005,0.1,16
3865,64699.0,-1.3,0.2,0.8,-0.7000000000000001,1.5,10.5,11.2,5.6,2.6,16
3866,64716.0,-1.2000000000000002,0.2,0.8,-0.7000000000000001,1.6,10.5,14.700000000000001,5.7,5.4,16
3867,64733.0,-1.1,0.2,0.7000000000000001,-0.5,1.7000000000000002,10.4,16.400000000000002,3.9,7.300000000000001,16
3868,64749.0,-1.0,0.30000000000000004,0.7000000000000001,-0.4,1.8,10.3,16.0,2.4000000000000004,7.6,16
3869,64766.0,-0.8,0.2,0.8,-0.2,1.8,10.5,12.4,-2.1,6.8,16
3870,64784.0,-0.30000000000000004,0.1,0.8,0.1,1.7000000000000002,10.600000000000001,2.9,-11.4,5.500000000000001,16
3871,64799.0,0.0,0.0,0.6000000000000001,0.7000000000000001,1.5,10.3,-3.9,-14.0,5.500000000000001,16
3872,64822.0,0.5,-0.30000000000000004,0.4,1.1,1.2000000000000002,10.200000000000001,-6.2,-10.0,4.7,16
3873,64838.0,0.6000000000000001,-0.6000000000000001,0.5,1.2000000000000002,0.9,10.3,-9.5,-8.3,3.1,16
3874,64854.0,0.6000000000000001,-0.7000000000000001,0.4,1.2000000000000002,0.7000000000000001,10.200000000000001,-10.2,-6.3,4.2,16
3875,64866.0,0.5,-0.8,0.30000000000000004,1.2000000000000002,0.6000000000000001,10.100000000000001,-8.200000000000001,-3.0000000000000004,6.7,16
3876,64884.0,0.5,-0.9,0.1,1.2000000000000002,0.5,10.0,-4.7,-2.1999999999999997,10.2,16
3877,64900.0,0.6000000000000001,-0.9,0.0,1.3,0.5,9.700000000000001,0.5,0.30000000000000004,12.9,16
3878,64916.0,0.7000000000000001,-0.9,-0.1,1.5,0.5,9.700000000000001,0.5,0.30000000000000004,12.9,16
3879,64933.0,0.8,-0.9,-0.1,1.6,0.6000000000000001,9.8,7.500000000000001,-0.30000000000000004,12.4,16
3880,64949.0,1.0,-0.8,-0.1,1.8,0.7000000000000001,9.700000000000001,9.8,-1.7,11.4,16
3881,64966.0,1.3,-0.7000000000000001,-0.30000000000000004,2.1,0.7000000000000001,9.5,10.5,-1.7,9.200000000000001,16
3882,64996.0,1.4000000000000001,-0.6000000000000001,-0.9,2.0,0.9,8.8,5.9,6.000000000000001,2.9,16
3883,64999.0,1.4000000000000001,-0.6000000000000001,-0.9,2.0,0.9,8.8,5.9,6.000000000000001,2.9,16
3884,65016.0,1.1,-0.4,-1.0,1.8,1.1,8.8,2.0,10.0,1.9,16
3885,65033.0,0.9,-0.30000000000000004,-0.9,1.6,1.2000000000000002,8.9,-2.3000000000000003,10.3,1.4,16
3886,65049.0,0.9,-0.30000000000000004,-0.8,1.7000000000000002,1.1,9.0,-5.6,7.6,-0.9,16
3887,65066.0,1.0,-0.4,-0.6000000000000001,1.7000000000000002,1.0,9.200000000000001,-8.700000000000001,3.4,-5.2,16
3888,65085.0,0.7000000000000001,-0.30000000000000004,-0.4,1.4000000000000001,1.1,9.3,-10.700000000000001,-1.0999999999999999,-8.799999999999999,16
3889,65100.0,0.5,-0.2,-0.30000000000000004,1.0,1.2000000000000002,9.5,-11.3,-4.7,-8.5,16
3890,65116.0,0.1,-0.1,-0.2,0.8,1.2000000000000002,9.5,-11.1,-7.300000000000001,-6.4,16
3891,65133.0,-0.1,-0.1,-0.4,0.6000000000000001,1.2000000000000002,9.3,-9.9,-8.1,-4.9,16
3892,65149.0,-0.30000000000000004,-0.1,-0.4,0.30000000000000004,1.2000000000000002,9.4,-9.200000000000001,-8.9,-3.6,16
3893,65166.0,-0.7000000000000001,0.0,-0.5,0.0,1.3,9.3,-9.4,-11.3,-1.4,16
3894,65183.0,-1.0,0.30000000000000004,-0.4,-0.2,1.5,9.4,-9.0,-11.9,1.9,16
3895,65199.0,-1.0,0.30000000000000004,-0.4,-0.2,1.6,9.4,-6.9,-13.4,5.500000000000001,16
3896,65217.0,-1.0,0.4,-0.1,0.0,1.6,9.700000000000001,-6.000000000000001,-16.8,6.5,16
3897,65234.0,-0.5,0.4,0.1,0.5,1.6,9.9,-6.3,-21.6,5.4,16
3898,65250.0,-0.1,0.4,0.1,1.2000000000000002,1.6,9.700000000000001,-5.9,-20.1,2.7,16
3899,65266.0,0.5,0.5,-0.1,1.6,1.7000000000000002,9.600000000000001,-5.9,-13.5,-1.0999999999999999,16
3900,65291.0,0.7000000000000001,0.7000000000000001,-0.30000000000000004,1.8,1.8,9.5,-4.1000000000000005,6.8,-1.3,16
3901,65303.0,0.8,0.7000000000000001,-0.30000000000000004,1.8,1.8,9.5,-4.1000000000000005,6.8,-1.3,16
3902,65317.0,0.8,0.7000000000000001,-0.5,1.9000000000000001,1.9000000000000001,9.1,1.0,17.9,0.30000000000000004,16
3903,65333.0,0.8,0.7000000000000001,-1.0,1.7000000000000002,1.9000000000000001,8.700000000000001,6.4,28.900000000000002,-0.30000000000000004,16
3904,65350.0,0.4,0.8,-1.3,1.3,2.0,8.4,8.200000000000001,33.1,-2.0,16
3905,65366.0,0.1,1.0,-1.5,0.8,2.3000000000000003,8.200000000000001,5.6,30.799999999999997,-2.5,16
3906,65386.0,-0.2,1.2000000000000002,-1.5,0.4,2.4000000000000004,8.3,0.30000000000000004,25.6,-1.5000000000000002,16
3907,65402.0,-0.4,1.2000000000000002,-1.2000000000000002,0.30000000000000004,2.4000000000000004,8.5,-6.4,19.200000000000003,0.1,16
3908,65416.0,-0.4,1.2000000000000002,-1.2000000000000002,0.2,2.4000000000000004,8.6,-8.3,15.9,3.8,16
3909,65433.0,-0.30000000000000004,1.1,-0.9,0.2,2.3000000000000003,9.0,-7.400000000000001,14.100000000000001,6.5,16
3910,65451.0,-0.30000000000000004,0.9,-0.4,0.2,2.1,9.3,-5.1,11.700000000000001,6.4,16
3911,65466.0,-0.4,0.8,-0.1,0.1,1.9000000000000001,9.8,-2.4000000000000004,7.1000000000000005,3.2,16
3912,65485.0,-0.30000000000000004,0.7000000000000001,0.4,0.30000000000000004,1.9000000000000001,10.100000000000001,-1.9,1.5000000000000002,-0.4,16
3913,65500.0,0.1,0.7000000000000001,0.5,0.6000000000000001,1.9000000000000001,10.3,-1.9,0.5,-2.8,16
3914,65517.0,0.30000000000000004,0.6000000000000001,0.6000000000000001,0.8,1.7000000000000002,10.3,-2.5,4.5,-5.9,16
3915,65533.0,0.2,0.5,0.5,0.4,1.7000000000000002,10.3,-3.0000000000000004,11.6,-8.5,16
3916,65549.0,-0.7000000000000001,0.7000000000000001,1.0,-0.4,1.9000000000000001,10.8,-4.1000000000000005,12.700000000000001,-7.0,16
3917,65566.0,-0.8,0.7000000000000001,1.5,-0.4,1.8,11.5,-12.3,3.6,-2.9,16
3918,65594.0,-0.4,0.5,1.7000000000000002,-0.1,1.6,11.600000000000001,-21.5,-8.3,0.7,16
3919,65600.0,-0.1,0.5,1.8,0.30000000000000004,1.5,11.600000000000001,-20.6,-10.4,3.7000000000000006,16
3920,65616.0,0.1,0.4,2.0,0.6000000000000001,1.4000000000000001,11.9,-12.100000000000001,-4.7,6.3,16
3921,65633.0,0.30000000000000004,0.30000000000000004,2.0,0.8,1.3,11.8,0.30000000000000004,-1.7,9.0,16
3922,65649.0,0.7000000000000001,0.1,1.7000000000000002,1.2000000000000002,1.1,11.5,10.8,0.30000000000000004,9.700000000000001,16
3923,65667.0,0.9,-0.1,1.3,1.5,0.9,10.700000000000001,16.0,0.9,6.9,16
3924,65683.0,0.9,-0.30000000000000004,0.30000000000000004,1.3,0.8,10.0,18.6,5.2,4.6000000000000005,16
3925,65701.0,0.8,-0.30000000000000004,-0.1,1.2000000000000002,0.8,9.700000000000001,18.8,8.600000000000001,4.2,16
3926,65717.0,1.0,-0.6000000000000001,-0.5,1.4000000000000001,0.7000000000000001,9.4,16.1,9.200000000000001,3.3000000000000003,16
3927,65733.0,1.1,-0.7000000000000001,-0.5,1.5,0.5,9.200000000000001,11.700000000000001,7.400000000000001,0.0,16
3928,65750.0,1.1,-0.8,-0.7000000000000001,1.4000000000000001,0.4,9.200000000000001,8.600000000000001,5.4,-2.9,16
3929,65767.0,0.9,-1.0,-0.5,1.3,0.30000000000000004,9.3,6.5,2.1999999999999997,-3.8,16
3930,65788.0,1.0,-1.3,-0.6000000000000001,1.4000000000000001,0.1,9.200000000000001,5.0,-0.6000000000000001,-4.6000000000000005,16
3931,65804.0,0.9,-1.3,-0.7000000000000001,1.3,-0.1,9.1,4.9,-1.0999999999999999,-6.5,16
3932,65816.0,0.7000000000000001,-1.3,-0.8,1.0,0.0,8.9,5.500000000000001,0.2,-7.6,16
3933,65833.0,0.30000000000000004,-1.2000000000000002,-0.9,0.7000000000000001,0.2,8.9,6.3,0.9,-6.4,16
3934,65849.0,0.30000000000000004,-1.1,-1.0,0.7000000000000001,0.2,8.8,5.7,-1.2000000000000002,-5.7,16
3935,65866.0,0.4,-1.1,-0.8,0.8,0.2,9.0,2.4000000000000004,-6.4,-7.300000000000001,16
3936,65886.0,0.4,-0.9,-0.7000000000000001,0.9,0.4,9.0,-2.8,-12.6,-9.3,16
3937,65901.0,0.5,-0.9,-0.7000000000000001,1.0,0.4,9.1,-9.5,-16.8,-10.600000000000001,16
3938,65917.0,0.4,-0.8,-0.6000000000000001,1.0,0.5,9.200000000000001,-16.700000000000003,-19.500000000000004,-10.600000000000001,16
3939,65933.0,0.4,-0.6000000000000001,-0.6000000000000001,0.9,0.6000000000000001,9.200000000000001,-20.1,-17.3,-8.700000000000001,16
3940,65949.0,0.2,-0.6000000000000001,-0.5,0.8,0.6000000000000001,9.3,-20.0,-13.5,-6.9,16
3941,65966.0,-0.2,-0.4,-0.30000000000000004,0.5,0.7000000000000001,9.5,-17.599999999999998,-11.000000000000002,-5.1,16
3942,65991.0,-0.6000000000000001,-0.1,-0.1,0.1,0.9,9.700000000000001,-13.9,-11.4,-2.5,16
3943,65999.0,-0.6000000000000001,0.0,0.0,0.0,1.0,9.8,-10.3,-13.3,-0.30000000000000004,16
3944,66016.0,-0.6000000000000001,0.1,-0.1,0.1,1.0,9.700000000000001,-6.000000000000001,-13.5,0.7,16
3945,66032.0,-0.5,0.1,-0.1,0.2,1.1,9.600000000000001,-1.4,-11.000000000000002,0.8,16
3946,66050.0,-0.5,0.2,0.0,0.30000000000000004,1.2000000000000002,9.700000000000001,1.7,-8.9,0.1,16
3947,66066.0,-0.4,0.4,-0.1,0.30000000000000004,1.3,9.600000000000001,3.3000000000000003,-6.8,-1.5000000000000002,16
3948,66083.0,-0.4,0.4,-0.2,0.30000000000000004,1.4000000000000001,9.4,2.3000000000000003,-5.6,-3.1,16
3949,66099.0,-0.5,0.5,-0.4,0.2,1.5,9.3,1.5000000000000002,-2.1999999999999997,-3.6,16
3950,66116.0,-0.5,0.5,-0.30000000000000004,0.2,1.5,9.4,1.4,1.5000000000000002,-4.2,16
3951,66133.0,-0.5,0.5,-0.30000000000000004,0.2,1.5,9.3,2.5,6.8,-5.9,16
3952,66150.0,-0.6000000000000001,0.5,-0.4,0.0,1.6,9.3,4.300000000000001,11.000000000000002,-7.9,16
3953,66166.0,-0.9,0.6000000000000001,-0.30000000000000004,-0.2,1.6,9.4,5.6,12.200000000000001,-9.3,16
3954,66183.0,-1.0,0.6000000000000001,-0.30000000000000004,-0.30000000000000004,1.7000000000000002,9.5,5.1,8.700000000000001,-10.3,16
3955,66200.0,-1.0,0.6000000000000001,-0.2,-0.30000000000000004,1.7000000000000002,9.5,5.1,8.700000000000001,-10.3,16
3956,66216.0,-0.8,0.4,0.0,-0.2,1.5,9.8,-1.0999999999999999,0.7,-12.3,16
3957,66233.0,-0.8,0.4,0.1,-0.30000000000000004,1.5,10.0,-1.0999999999999999,2.0,-9.9,16
3958,66250.0,-0.8,0.4,0.5,-0.30000000000000004,1.5,10.3,0.4,4.0,-5.1,16
3959,66266.0,-0.7000000000000001,0.30000000000000004,0.7000000000000001,-0.30000000000000004,1.5,10.5,3.1,5.1,-0.30000000000000004,16
3960,66284.0,-0.5,0.30000000000000004,0.8,-0.1,1.5,10.700000000000001,7.6,5.8,3.2,16
3961,66300.0,-0.30000000000000004,0.30000000000000004,0.7000000000000001,0.0,1.6,10.5,14.800000000000002,9.1,3.8,16
3962,66316.0,-0.30000000000000004,0.4,0.6000000000000001,-0.1,1.7000000000000002,10.5,21.1,12.200000000000001,3.0000000000000004,16
3963,66333.0,-0.4,0.4,0.6000000000000001,-0.1,1.7000000000000002,10.5,23.0,11.8,2.5,16
3964,66349.0,-0.6000000000000001,0.5,0.4,-0.4,2.0,10.4,20.6,9.1,1.9,16
3965,66366.0,-0.6000000000000001,0.5,0.7000000000000001,-0.4,2.0,10.8,11.700000000000001,-0.30000000000000004,0.6000000000000001,16
3966,66383.0,-0.2,0.4,1.1,0.0,2.0,11.0,-3.4,-15.299999999999999,-0.5,16
3967,66400.0,0.1,0.30000000000000004,1.0,0.5,1.7000000000000002,10.9,-14.600000000000001,-20.3,-0.9,16
3968,66417.0,0.4,-0.1,1.2000000000000002,0.7000000000000001,1.4000000000000001,11.200000000000001,-19.700000000000003,-21.0,0.30000000000000004,16
3969,66433.0,0.5,-0.30000000000000004,1.4000000000000001,0.9,1.1,11.4,-18.2,-16.400000000000002,3.6,16
3970,66449.0,0.5,-0.30000000000000004,1.5,0.9,0.9,11.5,-7.1000000000000005,-8.9,9.3,16
3971,66466.0,0.7000000000000001,-0.6000000000000001,1.5,1.2000000000000002,0.7000000000000001,11.4,6.9,-4.7,12.6,16
3972,66484.0,1.0,-0.8,1.0,1.5,0.7000000000000001,10.9,21.0,-3.5,12.5,16
3973,66501.0,1.1,-0.7000000000000001,0.1,1.6,0.8,10.100000000000001,35.199999999999996,-1.0,10.9,16
3974,66517.0,1.1,-0.6000000000000001,-0.30000000000000004,1.5,1.0,9.5,44.7,0.1,9.4,16
3975,66533.0,1.3,-0.8,-1.2000000000000002,1.8,1.0,8.700000000000001,45.2,-3.2,5.9,16
3976,66550.0,1.9000000000000001,-1.2000000000000002,-1.2000000000000002,2.4000000000000004,0.7000000000000001,8.700000000000001,34.800000000000004,-11.6,-4.0,16
3977,66566.0,2.0,-1.2000000000000002,-1.4000000000000001,2.6,0.8,8.3,22.3,-14.500000000000002,-14.3,16
3978,66583.0,1.7000000000000002,-1.0,-1.8,2.3000000000000003,1.0,8.1,10.5,-10.2,-17.3,16
3979,66602.0,1.5,-1.0,-1.7000000000000002,2.1,1.0,8.1,-0.8,-2.7,-13.3,16
3980,66616.0,1.6,-1.1,-1.6,2.2,0.8,8.4,-11.000000000000002,2.9,-9.4,16
3981,66633.0,1.6,-1.3,-1.1,2.2,0.6000000000000001,8.8,-18.400000000000002,4.0,-8.3,16
3982,66649.0,1.3,-1.2000000000000002,-0.8,2.0,0.6000000000000001,9.1,-20.900000000000002,2.0,-8.600000000000001,16
3983,66666.0,1.1,-1.1,-0.7000000000000001,1.7000000000000002,0.7000000000000001,9.200000000000001,-17.0,0.6000000000000001,-8.1,16
3984,66683.0,1.0,-0.9,-0.7000000000000001,1.5,0.8,9.200000000000001,-10.0,0.6000000000000001,-8.600000000000001,16
3985,66701.0,0.8,-0.8,-0.7000000000000001,1.3,1.0,9.0,-3.0000000000000004,0.8,-10.1,16
3986,66720.0,0.1,-0.5,-1.0,0.8,1.2000000000000002,8.8,-1.5000000000000002,-0.7,-11.8,16
3987,66733.0,-0.1,-0.30000000000000004,-1.1,0.4,1.4000000000000001,8.700000000000001,-5.4,-4.300000000000001,-11.700000000000001,16
3988,66750.0,-0.4,-0.1,-1.2000000000000002,0.2,1.6,8.6,-11.9,-5.2,-9.5,16
3989,66766.0,-0.4,0.0,-1.2000000000000002,0.2,1.6,8.700000000000001,-19.0,-5.0,-7.300000000000001,16
3990,66783.0,-0.4,0.0,-0.9,0.30000000000000004,1.5,9.0,-24.200000000000003,-3.0000000000000004,-5.6,16
3991,66800.0,-0.4,0.0,-0.7000000000000001,0.2,1.4000000000000001,9.3,-25.1,-0.4,-3.6,16
3992,66816.0,-0.5,0.0,-0.4,0.1,1.4000000000000001,9.5,-21.900000000000002,2.5,-0.7,16
3993,66833.0,-0.6000000000000001,0.0,-0.30000000000000004,0.0,1.4000000000000001,9.600000000000001,-17.1,3.5,2.6,16
3994,66850.0,-0.7000000000000001,0.2,-0.2,-0.1,1.6,9.600000000000001,-11.000000000000002,3.6,6.8,16
3995,66868.0,-0.6000000000000001,0.4,-0.30000000000000004,0.0,1.6,9.5,-5.6,2.4000000000000004,10.8,16
3996,66883.0,-0.5,0.4,-0.5,0.1,1.7000000000000002,9.3,-1.9,0.7,13.3,16
3997,66900.0,-0.30000000000000004,0.5,-0.8,0.30000000000000004,1.8,9.1,0.7,2.0,14.900000000000002,16
3998,66917.0,-0.30000000000000004,0.6000000000000001,-0.9,0.30000000000000004,1.9000000000000001,9.0,2.0,3.0000000000000004,16.2,16
3999,66933.0,-0.2,0.7000000000000001,-0.8,0.30000000000000004,2.1,9.1,1.7,3.6,17.7,16
4000,66949.0,-0.2,1.0,-0.6000000000000001,0.4,2.3000000000000003,9.3,1.9,3.5,20.1,16
4001,66966.0,-0.1,1.0,-0.5,0.6000000000000001,2.4000000000000004,9.4,2.4000000000000004,3.6,21.8,16
4002,66991.0,0.2,1.1,-0.30000000000000004,0.7000000000000001,2.4000000000000004,9.5,2.9,4.300000000000001,21.5,16
4003,67003.0,0.30000000000000004,1.0,-0.30000000000000004,0.8,2.4000000000000004,9.5,3.7000000000000006,6.000000000000001,20.2,16
4004,67020.0,0.30000000000000004,1.0,-0.2,0.9,2.4000000000000004,9.600000000000001,4.7,9.5,17.8,16
4005,67032.0,0.30000000000000004,0.9,-0.1,0.7000000000000001,2.4000000000000004,9.8,4.1000000000000005,11.5,15.399999999999999,16
4006,67050.0,0.0,1.0,0.2,0.5,2.5,10.0,1.2000000000000002,10.5,15.000000000000002,16
4007,67067.0,0.0,0.9,0.5,0.5,2.4000000000000004,10.4,-2.8,7.500000000000001,16.8,16
4008,67083.0,0.30000000000000004,0.8,0.7000000000000001,1.0,2.2,10.700000000000001,-5.6,5.1,17.7,16
4009,67099.0,0.9,0.5,1.1,1.4000000000000001,1.9000000000000001,10.9,-4.6000000000000005,6.7,16.6,16
4010,67116.0,1.1,0.4,1.1,1.5,1.8,11.0,0.6000000000000001,10.9,14.100000000000001,16
4011,67133.0,1.0,0.4,1.2000000000000002,1.3,1.9000000000000001,11.100000000000001,5.4,15.7,12.100000000000001,16
4012,67150.0,0.8,0.5,1.4000000000000001,1.2000000000000002,2.0,11.3,3.9,12.8,10.9,16
4013,67166.0,0.7000000000000001,0.5,1.5,1.2000000000000002,1.9000000000000001,11.200000000000001,-4.0,5.300000000000001,10.600000000000001,16
4014,67183.0,0.9,0.30000000000000004,1.2000000000000002,1.4000000000000001,1.7000000000000002,11.200000000000001,-10.600000000000001,3.4,10.8,16
4015,67200.0,1.1,0.0,1.5,1.4000000000000001,1.7000000000000002,11.200000000000001,-10.600000000000001,3.4,10.8,16
4016,67216.0,1.1,-0.2,1.5,1.5,1.2000000000000002,11.4,-11.8,13.6,9.600000000000001,16
4017,67233.0,1.0,-0.30000000000000004,1.5,1.4000000000000001,1.0,11.3,-2.5,19.8,10.8,16
4018,67250.0,1.0,-0.5,1.1,1.2000000000000002,0.9,11.0,7.2,25.2,9.8,16
4019,67269.0,0.9,-0.6000000000000001,0.5,1.1,0.8,10.4,14.900000000000002,25.900000000000002,6.5,16
4020,67283.0,0.8,-0.6000000000000001,0.1,0.8,0.8,9.700000000000001,18.900000000000002,24.200000000000003,2.8,16
4021,67301.0,0.6000000000000001,-0.7000000000000001,-0.8,0.6000000000000001,0.8,8.9,19.200000000000003,23.2,0.30000000000000004,16
4022,67316.0,0.30000000000000004,-0.7000000000000001,-1.5,0.30000000000000004,0.9,8.4,18.6,21.900000000000002,0.0,16
4023,67337.0,0.2,-0.7000000000000001,-1.6,0.2,0.9,8.3,17.400000000000002,19.9,1.5000000000000002,16
4024,67350.0,0.4,-0.8,-1.5,0.4,0.7000000000000001,8.4,13.4,12.100000000000001,0.5,16
4025,67366.0,0.8,-1.1,-1.4000000000000001,0.7000000000000001,0.6000000000000001,8.5,7.400000000000001,2.4000000000000004,-3.9,16
4026,67382.0,0.9,-1.1,-1.4000000000000001,0.9,0.5,8.5,3.1,-2.0,-8.600000000000001,16
4027,67400.0,1.0,-1.2000000000000002,-1.2000000000000002,0.9,0.4,8.700000000000001,0.0,-3.6,-10.9,16
4028,67416.0,1.0,-1.3,-0.9,0.9,0.4,9.0,-2.8,-5.4,-11.8,16
4029,67432.0,1.0,-1.2000000000000002,-0.7000000000000001,1.1,0.4,9.3,-3.6,-5.1,-12.3,16
4030,67449.0,1.4000000000000001,-1.3,-0.5,1.4000000000000001,0.30000000000000004,9.4,-2.5,-3.2,-14.600000000000001,16
4031,67466.0,1.5,-1.3,-0.2,1.5,0.2,9.600000000000001,-4.0,-3.6,-19.700000000000003,16
4032,67483.0,1.2000000000000002,-1.3,0.0,1.3,0.30000000000000004,9.8,-12.000000000000002,-9.0,-24.3,16
4033,67499.0,1.1,-1.2000000000000002,0.0,1.1,0.30000000000000004,9.8,-23.2,-15.8,-24.7,16
4034,67516.0,0.8,-1.1,-0.2,0.9,0.30000000000000004,9.600000000000001,-30.200000000000003,-14.500000000000002,-21.200000000000003,16
4035,67533.0,0.6000000000000001,-1.0,-0.30000000000000004,0.6000000000000001,0.4,9.600000000000001,-28.400000000000002,-5.300000000000001,-14.0,16
4036,67549.0,0.30000000000000004,-0.7000000000000001,-0.2,0.30000000000000004,0.5,9.700000000000001,-19.8,1.3,-6.6000000000000005,16
4037,67566.0,0.1,-0.6000000000000001,-0.2,0.1,0.6000000000000001,9.700000000000001,-9.8,2.4000000000000004,-3.8,16
4038,67583.0,-0.30000000000000004,-0.4,-0.5,-0.2,0.8,9.4,-1.6,-2.0,-5.4,16
4039,67599.0,-0.5,-0.30000000000000004,-0.6000000000000001,-0.4,0.9,9.1,3.1,-8.9,-8.1,16
4040,67616.0,-0.6000000000000001,-0.1,-0.9,-0.5,1.1,8.8,4.6000000000000005,-15.7,-11.4,16
4041,67632.0,-0.7000000000000001,0.0,-1.2000000000000002,-0.6000000000000001,1.2000000000000002,8.5,4.6000000000000005,-15.7,-11.4,16
4042,67649.0,-0.9,0.1,-1.5,-0.7000000000000001,1.3,8.3,1.0999999999999999,-17.3,-14.800000000000002,16
4043,67670.0,-1.1,0.1,-1.5,-0.9,1.3,8.4,-4.7,-16.3,-15.299999999999999,16
4044,67682.0,-1.2000000000000002,0.1,-1.2000000000000002,-0.9,1.3,8.700000000000001,-12.700000000000001,-16.0,-15.9,16
4045,67699.0,-1.2000000000000002,0.1,-1.2000000000000002,-0.9,1.3,8.700000000000001,-12.700000000000001,-16.0,-15.9,16
4046,67716.0,-1.0,-0.2,-0.4,-0.7000000000000001,0.9,9.600000000000001,-21.900000000000002,-11.1,-16.2,16
4047,67733.0,-0.9,-0.2,0.2,-0.5,0.8,10.0,-18.400000000000002,-5.7,-15.100000000000001,16
4048,67750.0,-0.8,-0.2,0.4,-0.30000000000000004,0.8,10.3,-10.3,0.30000000000000004,-14.100000000000001,16
4049,67766.0,-0.5,-0.2,0.6000000000000001,-0.1,0.8,10.4,-1.6,4.3999999999999995,-15.7,16
4050,67793.0,-0.4,0.1,0.8,-0.1,1.2000000000000002,10.600000000000001,3.5,-0.1,-18.7,16
4051,67800.0,-0.4,0.2,0.7000000000000001,-0.1,1.2000000000000002,10.600000000000001,3.5,-0.1,-18.7,16
4052,67816.0,-0.4,0.30000000000000004,0.5,-0.1,1.4000000000000001,10.3,1.0,-1.5000000000000002,-15.2,16
4053,67833.0,-0.30000000000000004,0.5,0.30000000000000004,0.0,1.5,10.100000000000001,-0.4,2.3000000000000003,-9.700000000000001,16
4054,67849.0,-0.4,0.6000000000000001,0.30000000000000004,-0.2,1.7000000000000002,10.200000000000001,1.0999999999999999,8.600000000000001,-3.4,16
4055,67866.0,-0.6000000000000001,0.8,0.4,-0.5,1.8,10.4,5.7,11.9,2.1,16
4056,67889.0,-0.9,0.9,0.6000000000000001,-0.8,2.0,10.4,11.000000000000002,9.9,4.6000000000000005,16
4057,67899.0,-1.3,1.1,0.5,-1.1,2.2,10.3,16.400000000000002,5.500000000000001,5.2,16
4058,67917.0,-1.3,1.1,0.4,-1.2000000000000002,2.3000000000000003,10.200000000000001,20.900000000000002,0.4,5.2,16
4059,67933.0,-1.4000000000000001,1.1,0.2,-1.2000000000000002,2.3000000000000003,10.0,23.3,-1.8,4.3999999999999995,16
4060,67949.0,-1.5,0.9,0.1,-1.3,2.2,10.0,21.400000000000002,-3.9,2.8,16
4061,67966.0,-1.4000000000000001,0.8,0.1,-1.3,2.0,10.0,14.500000000000002,-5.1,1.9,16
4062,67984.0,-1.3,0.30000000000000004,0.30000000000000004,-1.1,1.6,10.3,5.8,-5.8,1.4,16
4063,68004.0,-0.7000000000000001,-0.2,1.3,-0.5,1.2000000000000002,11.200000000000001,-5.8,-11.4,1.0999999999999999,16
4064,68020.0,0.4,-0.8,1.6,0.5,0.6000000000000001,11.5,-16.1,-14.600000000000001,1.7,16
4065,68033.0,0.7000000000000001,-1.0,1.8,1.0,0.30000000000000004,11.700000000000001,-14.200000000000001,-8.9,3.8,16
4066,68049.0,0.8,-1.0,2.3000000000000003,1.1,0.2,12.200000000000001,-1.8,1.3,8.200000000000001,16
4067,68066.0,0.9,-1.1,2.3000000000000003,1.2000000000000002,0.30000000000000004,12.0,12.8,6.6000000000000005,12.100000000000001,16
4068,68088.0,1.1,-1.0,1.4000000000000001,1.4000000000000001,0.4,11.600000000000001,27.5,13.100000000000001,13.3,16
4069,68099.0,1.2000000000000002,-0.9,0.9,1.5,0.5,10.8,37.6,14.3,12.000000000000002,16
4070,68116.0,1.3,-0.8,0.30000000000000004,1.5,0.8,9.700000000000001,44.1,17.3,10.2,16
4071,68133.0,1.3,-0.7000000000000001,-0.9,1.5,1.0,8.8,45.3,21.0,7.9,16
4072,68150.0,1.3,-0.7000000000000001,-1.4000000000000001,1.4000000000000001,1.1,8.4,38.300000000000004,16.0,4.300000000000001,16
4073,68166.0,1.3,-0.6000000000000001,-1.5,1.4000000000000001,1.3,8.3,23.2,5.500000000000001,1.0999999999999999,16
4074,68185.0,1.4000000000000001,-0.6000000000000001,-1.8,1.5,1.3,7.9,3.7000000000000006,-5.7,-1.3,16
4075,68199.0,1.4000000000000001,-0.6000000000000001,-1.9000000000000001,1.5,1.3,7.9,3.7000000000000006,-5.7,-1.3,16
4076,68216.0,1.4000000000000001,-0.6000000000000001,-2.0,1.4000000000000001,1.2000000000000002,7.9,-16.900000000000002,-4.1000000000000005,-0.7,16
4077,68233.0,1.1,-0.6000000000000001,-1.5,1.2000000000000002,1.1,8.4,-16.6,0.8,0.2,16
4078,68250.0,0.8,-0.6000000000000001,-1.2000000000000002,0.9,1.2000000000000002,8.6,-13.700000000000001,1.3,-0.8,16
4079,68267.0,0.6000000000000001,-0.5,-0.8,0.8,1.2000000000000002,9.0,-13.0,-4.300000000000001,-4.1000000000000005,16
4080,68287.0,0.5,-0.5,-0.5,0.7000000000000001,1.1,9.200000000000001,-16.1,-14.600000000000001,-8.3,16
4081,68302.0,0.5,-0.5,-0.30000000000000004,0.7000000000000001,1.1,9.5,-19.6,-19.9,-11.2,16
4082,68317.0,0.4,-0.4,-0.1,0.7000000000000001,1.1,9.600000000000001,-21.900000000000002,-21.6,-11.1,16
4083,68332.0,0.30000000000000004,-0.4,-0.1,0.7000000000000001,1.1,9.700000000000001,-22.900000000000002,-17.3,-8.3,16
4084,68349.0,0.30000000000000004,-0.4,0.0,0.7000000000000001,1.0,9.8,-21.6,-9.4,-5.500000000000001,16
4085,68366.0,0.2,-0.30000000000000004,-0.1,0.6000000000000001,1.0,9.700000000000001,-17.9,-0.7,-4.9,16
4086,68387.0,-0.30000000000000004,-0.2,-0.2,0.2,1.1,9.600000000000001,-13.9,6.000000000000001,-5.8,16
4087,68399.0,-0.5,-0.1,-0.4,-0.2,1.2000000000000002,9.4,-12.4,8.3,-6.4,16
4088,68416.0,-1.0,0.1,-0.7000000000000001,-0.6000000000000001,1.3,9.1,-14.0,7.699999999999999,-5.7,16
4089,68432.0,-1.1,0.1,-0.9,-0.8,1.4000000000000001,8.9,-16.8,7.0,-1.9,16
4090,68449.0,-1.2000000000000002,0.30000000000000004,-1.0,-0.9,1.4000000000000001,8.8,-17.7,7.699999999999999,4.0,16
4091,68466.0,-1.0,0.5,-0.9,-0.8,1.5,8.9,-16.0,7.9,9.8,16
4092,68482.0,-0.9,0.5,-0.8,-0.5,1.6,9.1,-13.9,6.000000000000001,12.8,16
4093,68499.0,-0.4,0.5,-0.5,-0.2,1.5,9.3,-13.0,1.9,11.8,16
4094,68517.0,-0.30000000000000004,0.6000000000000001,-0.6000000000000001,-0.1,1.6,9.200000000000001,-11.6,-0.6000000000000001,9.5,16
4095,68533.0,-0.4,0.7000000000000001,-0.5,-0.2,1.7000000000000002,9.4,-10.9,-1.3,10.2,16
4096,68549.0,-0.5,0.9,-0.4,-0.30000000000000004,1.9000000000000001,9.4,-10.4,-1.3,14.3,16
4097,68566.0,-0.30000000000000004,1.0,-0.2,0.0,1.9000000000000001,9.700000000000001,-9.8,-0.5,19.3,16
4098,68584.0,0.0,1.0,0.0,0.4,1.8,9.8,-7.9,1.5000000000000002,22.1,16
4099,68600.0,0.4,0.9,0.1,0.7000000000000001,1.8,10.0,-2.6,5.7,22.7,16
4100,68616.0,0.5,0.9,0.30000000000000004,0.7000000000000001,1.8,10.100000000000001,5.7,10.700000000000001,21.5,16
4101,68633.0,0.5,0.9,0.5,0.7000000000000001,1.8,10.4,9.700000000000001,9.200000000000001,18.6,16
4102,68649.0,0.5,0.9,0.6000000000000001,0.8,1.8,10.4,8.3,2.5,15.100000000000001,16
4103,68666.0,0.7000000000000001,0.7000000000000001,0.5,1.0,1.6,10.3,5.1,-2.3000000000000003,12.200000000000001,16
4104,68684.0,0.8,0.5,0.2,1.0,1.5,10.100000000000001,4.0,0.2,10.5,16
4105,68700.0,0.8,0.5,0.2,1.0,1.5,10.100000000000001,4.0,0.2,10.5,16
4106,68716.0,0.6000000000000001,0.30000000000000004,0.6000000000000001,0.8,1.3,10.5,5.9,14.800000000000002,8.5,16
4107,68733.0,0.5,0.2,1.0,0.7000000000000001,1.2000000000000002,10.9,1.9,10.700000000000001,7.9,16
4108,68750.0,0.7000000000000001,0.0,1.1,1.0,0.9,11.100000000000001,-1.2000000000000002,5.1,6.000000000000001,16
4109,68766.0,1.2000000000000002,-0.4,1.6,1.4000000000000001,0.6000000000000001,11.5,-4.5,0.6000000000000001,1.8,16
4110,68789.0,1.3,-0.5,1.8,1.7000000000000002,0.30000000000000004,11.8,-10.3,-7.699999999999999,-2.9,16
4111,68800.0,1.3,-0.5,1.8,1.7000000000000002,0.30000000000000004,11.8,-10.3,-7.699999999999999,-2.9,16
4112,68816.0,1.6,-0.9,1.6,1.8,0.0,11.5,-11.1,-8.799999999999999,-6.5,16
4113,68833.0,1.3,-0.8,1.4000000000000001,1.2000000000000002,0.2,11.200000000000001,-2.7,-1.3,-3.6,16
4114,68849.0,0.5,-0.4,1.3,0.5,0.5,11.200000000000001,5.8,-0.30000000000000004,4.2,16
4115,68866.0,-0.1,-0.2,1.0,0.2,0.7000000000000001,10.8,10.5,-6.6000000000000005,12.700000000000001,16
4116,68887.0,-0.2,-0.1,0.30000000000000004,0.1,0.8,10.200000000000001,14.500000000000002,-10.4,19.400000000000002,16
4117,68899.0,-0.1,-0.2,-0.2,0.4,0.6000000000000001,9.5,21.0,-8.5,21.8,16
4118,68916.0,0.2,-0.6000000000000001,-1.0,0.5,0.4,8.8,27.7,-2.0,17.8,16
4119,68933.0,-0.30000000000000004,-0.7000000000000001,-1.7000000000000002,0.1,0.4,8.200000000000001,33.1,3.8,11.4,16
4120,68949.0,-0.6000000000000001,-0.7000000000000001,-1.9000000000000001,-0.4,0.6000000000000001,8.0,32.0,6.5,6.2,16
4121,68966.0,-1.0,-0.6000000000000001,-1.8,-0.7000000000000001,0.7000000000000001,8.0,22.4,-2.0,2.0,16
4122,68988.0,-0.8,-0.7000000000000001,-1.8,-0.5,0.7000000000000001,8.1,8.9,-10.0,-2.4000000000000004,16
4123,69000.0,-0.6000000000000001,-0.8,-1.6,-0.1,0.4,8.3,-4.9,-14.0,-8.9,16
4124,69018.0,-0.30000000000000004,-1.0,-1.3,0.2,0.2,8.700000000000001,-17.3,-17.8,-15.6,16
4125,69033.0,-0.2,-1.1,-0.7000000000000001,0.30000000000000004,0.1,9.1,-27.900000000000002,-18.900000000000002,-18.7,16
4126,69049.0,-0.1,-1.0,-0.30000000000000004,0.5,0.1,9.8,-34.6,-23.8,-16.900000000000002,16
4127,69066.0,0.30000000000000004,-1.0,0.30000000000000004,1.0,0.0,10.200000000000001,-36.800000000000004,-26.700000000000003,-12.9,16
4128,69085.0,0.6000000000000001,-1.0,0.6000000000000001,1.3,-0.1,10.5,-34.400000000000006,-26.1,-9.4,16
4129,69100.0,0.7000000000000001,-1.0,0.6000000000000001,1.5,-0.2,10.4,-23.1,-19.6,-6.8,16
4130,69116.0,0.6000000000000001,-1.0,0.6000000000000001,1.3,-0.1,10.4,-5.1,-8.5,-4.3999999999999995,16
4131,69133.0,0.2,-0.8,0.5,0.9,0.0,10.200000000000001,10.9,-3.0000000000000004,-2.1999999999999997,16
4132,69150.0,-0.30000000000000004,-0.6000000000000001,-0.1,0.5,0.2,9.8,17.8,-3.8,-0.8,16
4133,69166.0,-0.5,-0.6000000000000001,-0.30000000000000004,0.30000000000000004,0.30000000000000004,9.4,17.599999999999998,-11.1,0.0,16
4134,69183.0,-0.6000000000000001,-0.4,-0.7000000000000001,0.30000000000000004,0.5,9.1,14.4,-14.800000000000002,0.4,16
4135,69200.0,-0.5,-0.30000000000000004,-0.9,0.4,0.7000000000000001,8.9,10.9,-18.0,0.6000000000000001,16
4136,69216.0,-0.4,-0.2,-1.0,0.6000000000000001,0.8,8.700000000000001,9.1,-15.299999999999999,-1.0999999999999999,16
4137,69233.0,-0.30000000000000004,-0.2,-1.2000000000000002,0.6000000000000001,0.8,8.6,8.0,-10.3,-5.4,16
4138,69249.0,-0.7000000000000001,0.0,-1.1,0.30000000000000004,1.0,8.700000000000001,6.3,-5.500000000000001,-10.5,16
4139,69266.0,-0.9,0.1,-1.0,0.0,1.1,8.8,3.4,-4.7,-13.700000000000001,16
4140,69283.0,-1.1,0.1,-0.9,-0.1,1.1,8.8,-0.6000000000000001,-4.300000000000001,-16.0,16
4141,69301.0,-1.1,0.0,-0.8,-0.1,1.1,9.0,-5.0,-2.9,-18.7,16
4142,69316.0,-1.2000000000000002,0.1,-0.6000000000000001,-0.30000000000000004,1.1,9.3,-8.5,-0.8,-20.7,16
4143,69333.0,-1.4000000000000001,0.1,-0.1,-0.5,1.1,9.700000000000001,-9.9,0.6000000000000001,-19.8,16
4144,69349.0,-1.5,0.1,0.4,-0.6000000000000001,1.0,10.100000000000001,-9.4,-0.6000000000000001,-16.900000000000002,16
4145,69367.0,-1.5,0.0,0.5,-0.5,0.9,10.4,-6.9,-3.6,-13.6,16
4146,69383.0,-1.4000000000000001,-0.1,0.8,-0.4,0.9,10.5,-2.4000000000000004,-6.7,-10.3,16
4147,69401.0,-1.3,-0.1,1.0,-0.30000000000000004,0.9,10.8,3.3000000000000003,-6.6000000000000005,-7.0,16
4148,69417.0,-1.2000000000000002,0.0,1.0,-0.30000000000000004,1.0,10.8,10.700000000000001,-2.9,-4.2,16
4149,69433.0,-1.3,0.1,1.0,-0.4,1.2000000000000002,10.700000000000001,16.0,2.4000000000000004,-2.3000000000000003,16
4150,69449.0,-1.5,0.2,0.9,-0.6000000000000001,1.3,10.600000000000001,17.0,6.2,-0.9,16
4151,69466.0,-1.7000000000000002,0.30000000000000004,0.8,-0.9,1.4000000000000001,10.600000000000001,15.6,7.9,1.3,16
4152,69483.0,-1.8,0.30000000000000004,0.9,-0.9,1.4000000000000001,10.600000000000001,12.3,7.699999999999999,4.1000000000000005,16
4153,69503.0,-1.4000000000000001,0.2,0.9,-0.6000000000000001,1.4000000000000001,10.700000000000001,9.700000000000001,7.300000000000001,5.9,16
4154,69516.0,-1.3,0.2,1.0,-0.30000000000000004,1.4000000000000001,10.8,10.4,8.4,7.2,16
4155,69533.0,-0.8,0.1,1.1,0.1,1.4000000000000001,11.0,11.700000000000001,9.1,6.5,16
4156,69550.0,-0.30000000000000004,0.0,1.4000000000000001,0.5,1.3,11.200000000000001,6.8,3.1,4.2,16
4157,69566.0,-0.1,0.0,1.3,0.8,1.4000000000000001,10.700000000000001,-2.7,-4.0,3.1,16
4158,69583.0,0.0,0.1,0.9,0.8,1.4000000000000001,10.700000000000001,-2.7,-4.0,3.1,16
4159,69602.0,0.1,-0.1,0.7000000000000001,0.9,1.1,10.600000000000001,-12.4,-3.5,9.3,16
4160,69616.0,0.30000000000000004,-0.2,1.0,1.1,1.0,10.8,-13.100000000000001,-5.7,14.100000000000001,16
4161,69633.0,0.6000000000000001,-0.30000000000000004,1.0,1.7000000000000002,0.7000000000000001,10.9,-8.4,-6.3,15.299999999999999,16
4162,69649.0,1.3,-0.6000000000000001,1.0,2.2,0.6000000000000001,10.8,-1.0,-5.2,12.200000000000001,16
4163,69666.0,1.5,-0.5,0.7000000000000001,2.4000000000000004,0.6000000000000001,10.600000000000001,8.700000000000001,-1.4,8.3,16
4164,69683.0,1.6,-0.5,0.5,2.5,0.6000000000000001,10.200000000000001,20.8,6.3,5.500000000000001,16
4165,69703.0,1.9000000000000001,-0.7000000000000001,0.0,2.8000000000000003,0.6000000000000001,9.8,28.3,12.4,1.0999999999999999,16
4166,69718.0,2.2,-0.8,-0.5,3.0,0.6000000000000001,9.3,27.0,12.8,-5.1,16
4167,69733.0,2.2,-0.8,-0.9,2.9000000000000004,0.6000000000000001,8.700000000000001,20.3,13.4,-10.0,16
4168,69749.0,2.0,-0.8,-1.4000000000000001,2.7,0.7000000000000001,8.3,11.9,16.400000000000002,-12.100000000000001,16
4169,69766.0,1.7000000000000002,-0.8,-1.5,2.4000000000000004,0.6000000000000001,8.3,3.6,18.1,-12.100000000000001,16
4170,69783.0,1.6,-0.9,-1.4000000000000001,2.2,0.6000000000000001,8.5,-2.9,17.400000000000002,-12.5,16
4171,69801.0,1.4000000000000001,-0.8,-1.0,2.0,0.6000000000000001,8.9,-6.9,12.3,-12.3,16
4172,69816.0,1.4000000000000001,-0.8,-0.7000000000000001,2.0,0.6000000000000001,9.1,-8.5,5.2,-12.000000000000002,16
4173,69833.0,1.4000000000000001,-0.7000000000000001,-0.5,2.1,0.6000000000000001,9.200000000000001,-7.2,-0.9,-12.9,16
4174,69849.0,1.5,-0.7000000000000001,-0.6000000000000001,2.1,0.7000000000000001,9.1,-5.500000000000001,-3.8,-15.000000000000002,16
4175,69866.0,1.1,-0.5,-0.8,1.7000000000000002,0.8,8.9,-5.6,-4.1000000000000005,-16.400000000000002,16
4176,69883.0,0.8,-0.4,-0.9,1.2000000000000002,1.0,8.8,-7.6,-2.1,-15.000000000000002,16
4177,69899.0,0.2,-0.2,-1.1,0.7000000000000001,1.1,8.700000000000001,-9.200000000000001,1.9,-11.000000000000002,16
4178,69916.0,-0.4,-0.1,-1.0,0.2,1.2000000000000002,8.8,-10.0,4.1000000000000005,-6.2,16
4179,69933.0,-0.6000000000000001,0.0,-1.0,0.0,1.3,8.8,-9.600000000000001,2.9,-2.7,16
4180,69949.0,-0.7000000000000001,0.1,-0.8,-0.1,1.4000000000000001,9.0,-8.1,1.0999999999999999,-0.8,16
4181,69966.0,-0.8,0.30000000000000004,-0.7000000000000001,-0.1,1.4000000000000001,9.1,-7.1000000000000005,-2.4000000000000004,-0.2,16
4182,69992.0,-0.6000000000000001,0.30000000000000004,-0.7000000000000001,0.0,1.5,9.1,-7.500000000000001,-4.300000000000001,-1.0,16
4183,69999.0,-0.7000000000000001,0.4,-0.6000000000000001,0.0,1.6,9.1,-8.200000000000001,-4.9,-0.6000000000000001,16
4184,70016.0,-0.7000000000000001,0.6000000000000001,-0.5,-0.1,1.7000000000000002,9.200000000000001,-8.9,-3.2,2.6,16
4185,70032.0,-0.7000000000000001,0.6000000000000001,-0.5,0.1,1.7000000000000002,9.3,-9.0,0.1,7.0,16
4186,70049.0,-0.4,0.5,-0.30000000000000004,0.30000000000000004,1.6,9.600000000000001,-7.500000000000001,3.9,9.8,16
4187,70066.0,-0.30000000000000004,0.6000000000000001,0.0,0.30000000000000004,1.7000000000000002,9.8,-3.8,7.300000000000001,11.2,16
4188,70083.0,-0.4,0.8,0.1,0.2,1.8,9.9,0.5,9.4,11.9,16
4189,70099.0,-0.4,0.8,0.0,0.1,2.0,9.700000000000001,3.6,10.5,12.6,16
4190,70116.0,-0.5,1.0,-0.2,0.0,2.1,9.600000000000001,4.300000000000001,11.3,13.700000000000001,16
4191,70132.0,-0.6000000000000001,1.0,-0.30000000000000004,-0.1,2.2,9.3,3.8,12.4,15.9,16
4192,70150.0,-0.6000000000000001,1.1,-0.4,-0.1,2.3000000000000003,9.3,3.4,13.9,18.2,16
4193,70166.0,-0.5,1.2000000000000002,-0.4,0.0,2.3000000000000003,9.4,3.1,14.4,19.9,16
4194,70183.0,-0.2,1.1,-0.30000000000000004,0.2,2.2,9.5,3.5,14.3,19.9,16
4195,70200.0,-0.2,1.1,-0.30000000000000004,0.2,2.2,9.5,3.5,14.3,19.9,16
4196,70216.0,0.0,0.9,-0.1,0.30000000000000004,2.2,9.700000000000001,5.2,14.0,15.100000000000001,16
4197,70234.0,-0.1,0.9,0.0,0.2,2.2,9.700000000000001,3.5,11.5,14.200000000000001,16
4198,70251.0,0.2,0.8,0.1,0.4,2.1,9.8,-0.6000000000000001,7.0,14.500000000000002,16
4199,70267.0,0.30000000000000004,0.6000000000000001,0.2,0.6000000000000001,2.0,9.9,-5.1,4.3999999999999995,14.900000000000002,16
4200,70283.0,0.6000000000000001,0.4,0.4,0.9,1.8,10.100000000000001,-7.1000000000000005,4.6000000000000005,15.8,16
4201,70299.0,0.6000000000000001,0.30000000000000004,0.5,0.9,1.7000000000000002,10.4,-4.7,9.5,17.599999999999998,16
4202,70316.0,0.4,0.30000000000000004,0.8,0.7000000000000001,1.7000000000000002,10.600000000000001,1.4,12.6,20.0,16
4203,70333.0,0.2,0.30000000000000004,1.0,0.5,1.8,10.9,7.1000000000000005,13.4,21.5,16
4204,70350.0,0.1,0.4,1.2000000000000002,0.30000000000000004,1.8,11.200000000000001,8.9,5.7,21.6,16
4205,70367.0,0.1,0.4,1.3,0.5,1.8,11.100000000000001,7.2,-3.8,20.2,16
4206,70383.0,0.30000000000000004,0.30000000000000004,1.2000000000000002,0.7000000000000001,1.7000000000000002,11.0,4.6000000000000005,-10.8,18.2,16
4207,70399.0,0.6000000000000001,0.0,0.9,0.9,1.5,10.8,2.0,-11.3,16.3,16
4208,70416.0,0.6000000000000001,-0.2,0.7000000000000001,1.0,1.3,10.5,2.0,-5.300000000000001,15.399999999999999,16
4209,70433.0,0.4,-0.4,0.5,0.8,1.1,10.4,4.2,2.1999999999999997,15.9,16
4210,70449.0,0.30000000000000004,-0.4,0.5,0.6000000000000001,1.1,10.4,6.9,4.300000000000001,17.7,16
4211,70466.0,0.30000000000000004,-0.6000000000000001,0.5,0.9,0.9,10.3,9.4,1.0,17.9,16
4212,70483.0,0.8,-0.9,0.2,1.2000000000000002,0.7000000000000001,10.0,11.000000000000002,-4.2,13.9,16
4213,70500.0,0.9,-1.0,-0.2,1.4000000000000001,0.6000000000000001,9.700000000000001,13.6,-7.0,9.0,16
4214,70516.0,0.9,-1.0,-0.4,1.4000000000000001,0.6000000000000001,9.4,15.6,-6.1000000000000005,6.6000000000000005,16
4215,70533.0,1.0,-1.2000000000000002,-0.6000000000000001,1.5,0.5,9.200000000000001,15.000000000000002,-5.300000000000001,6.3,16
4216,70550.0,1.0,-1.2000000000000002,-0.8,1.5,0.4,9.0,12.5,-4.6000000000000005,6.6000000000000005,16
4217,70566.0,0.9,-1.2000000000000002,-0.9,1.5,0.5,9.0,13.0,-1.0,7.500000000000001,16
4218,70583.0,0.9,-1.2000000000000002,-0.8,1.5,0.5,9.0,15.5,2.8,6.4,16
4219,70600.0,0.9,-1.3,-0.8,1.4000000000000001,0.5,9.0,16.400000000000002,3.6,1.4,16
4220,70616.0,0.7000000000000001,-1.3,-0.9,1.1,0.5,8.9,13.3,-0.1,-5.4,16
4221,70633.0,0.2,-1.1,-0.9,0.7000000000000001,0.7000000000000001,8.9,7.500000000000001,-4.7,-9.3,16
4222,70650.0,0.0,-1.0,-0.8,0.6000000000000001,0.9,9.0,-0.2,-10.1,-10.1,16
4223,70666.0,0.1,-0.9,-0.7000000000000001,0.8,0.9,9.200000000000001,-9.700000000000001,-15.8,-10.5,16
4224,70683.0,0.30000000000000004,-0.8,-0.4,1.1,0.9,9.5,-17.599999999999998,-19.500000000000004,-11.5,16
4225,70700.0,0.4,-0.8,-0.2,1.2000000000000002,0.9,9.600000000000001,-17.599999999999998,-19.500000000000004,-11.5,16
4226,70716.0,0.5,-0.7000000000000001,-0.1,1.2000000000000002,0.9,9.700000000000001,-21.3,-14.100000000000001,-13.3,16
4227,70733.0,0.1,-0.6000000000000001,-0.1,0.8,1.0,9.700000000000001,-17.7,-7.699999999999999,-12.3,16
4228,70749.0,-0.30000000000000004,-0.4,-0.2,0.5,1.1,9.5,-12.3,-1.7,-9.9,16
4229,70773.0,-0.5,-0.4,-0.4,0.1,1.2000000000000002,9.200000000000001,-6.5,2.0,-7.8,16
4230,70784.0,-0.7000000000000001,-0.4,-0.6000000000000001,0.1,1.2000000000000002,9.200000000000001,-6.5,2.0,-7.8,16
4231,70799.0,-1.3,0.1,-1.2000000000000002,-0.6000000000000001,1.6,8.6,-0.2,3.0000000000000004,-5.1,16
4232,70816.0,-1.3,0.1,-1.2000000000000002,-0.6000000000000001,1.6,8.6,-1.8,3.2,-5.7,16
4233,70833.0,-1.3,0.1,-1.2000000000000002,-0.6000000000000001,1.6,8.6,-7.2,-1.5000000000000002,-10.0,16
4234,70851.0,-1.4000000000000001,0.1,-1.0,-0.7000000000000001,1.5,8.700000000000001,-13.8,-5.2,-13.0,16
4235,70866.0,-1.5,0.1,-1.0,-0.8,1.5,8.8,-19.700000000000003,-5.8,-11.5,16
4236,70889.0,-1.3,0.0,-0.7000000000000001,-0.7000000000000001,1.3,9.0,-21.8,-5.300000000000001,-8.600000000000001,16
4237,70899.0,-1.2000000000000002,0.0,-0.4,-0.4,1.3,9.4,-20.8,-4.0,-7.1000000000000005,16
4238,70916.0,-0.8,-0.1,0.1,-0.1,1.1,9.9,-16.6,-4.5,-8.4,16
4239,70954.0,-0.6000000000000001,0.0,0.6000000000000001,0.1,1.2000000000000002,10.4,-4.1000000000000005,-5.9,-13.5,16
4240,70969.0,-0.4,0.1,0.6000000000000001,0.30000000000000004,1.3,10.4,-2.1,-9.1,-12.6,16
4241,70987.0,0.0,0.2,0.1,0.7000000000000001,1.4000000000000001,10.0,0.30000000000000004,-6.5,-9.1,16
4242,71003.0,0.1,0.2,0.0,0.9,1.5,9.700000000000001,5.6,5.4,-4.3999999999999995,16
4243,71016.0,0.1,0.4,-0.30000000000000004,0.8,1.6,9.5,12.200000000000001,16.900000000000002,-0.2,16
4244,71032.0,-0.2,0.5,-0.4,0.2,1.9000000000000001,9.4,13.4,24.1,1.3,16
4245,71050.0,-0.9,0.8,-0.5,-0.4,2.2,9.3,9.8,22.1,2.1,16
4246,71067.0,-1.4000000000000001,1.0,-0.5,-0.9,2.4000000000000004,9.3,3.9,16.0,2.8,16
4247,71087.0,-1.7000000000000002,1.1,-0.2,-1.2000000000000002,2.4000000000000004,9.5,-1.8,10.600000000000001,2.7,16
4248,71099.0,-1.8,1.1,-0.1,-1.4000000000000001,2.5,9.8,-5.0,4.6000000000000005,2.8,16
4249,71116.0,-1.8,1.1,0.4,-1.3,2.4000000000000004,10.3,-7.699999999999999,0.5,3.1,16
4250,71132.0,-1.5,1.0,0.6000000000000001,-0.8,2.1,10.600000000000001,-9.600000000000001,-1.6,2.5,16
4251,71149.0,-1.0,0.5,1.1,-0.6000000000000001,1.8,11.100000000000001,-9.600000000000001,0.2,-0.7,16
4252,71166.0,-0.9,0.30000000000000004,1.9000000000000001,-0.5,1.5,11.700000000000001,-10.600000000000001,-2.1,-2.5,16
4253,71185.0,-0.6000000000000001,0.0,2.2,-0.2,1.3,12.100000000000001,-16.3,-7.2,0.8,16
4254,71199.0,-0.6000000000000001,0.0,2.2,-0.2,1.3,12.100000000000001,-16.3,-7.2,0.8,16
4255,71216.0,0.2,-0.4,1.5,0.7000000000000001,0.7000000000000001,11.4,-13.4,-2.8,14.4,16
4256,71232.0,0.5,-0.6000000000000001,1.5,1.1,0.4,11.4,-6.3,5.4,16.8,16
4257,71249.0,0.6000000000000001,-0.7000000000000001,1.6,1.1,0.30000000000000004,11.5,0.5,5.500000000000001,16.5,16
4258,71266.0,0.8,-0.8,1.3,1.2000000000000002,0.30000000000000004,11.100000000000001,6.6000000000000005,2.4000000000000004,15.2,16
4259,71288.0,0.9,-0.9,0.6000000000000001,1.3,0.2,10.5,15.5,3.3000000000000003,14.0,16
4260,71299.0,1.0,-1.0,0.30000000000000004,1.5,0.2,10.100000000000001,24.6,6.9,11.5,16
4261,71317.0,1.1,-1.2000000000000002,-0.1,1.5,0.1,9.8,30.5,8.600000000000001,7.0,16
4262,71333.0,1.0,-1.2000000000000002,-0.1,1.6,0.0,9.700000000000001,29.600000000000005,4.2,1.9,16
4263,71349.0,1.2000000000000002,-1.4000000000000001,-0.2,1.7000000000000002,0.0,9.600000000000001,20.7,-2.3000000000000003,-2.3000000000000003,16
4264,71366.0,1.4000000000000001,-1.5,-0.7000000000000001,1.8,-0.1,9.200000000000001,13.3,-2.9,-4.0,16
4265,71390.0,1.3,-1.5,-0.8,1.8,0.0,9.0,10.8,4.800000000000001,-4.0,16
4266,71402.0,1.1,-1.4000000000000001,-0.7000000000000001,1.5,0.1,9.3,12.700000000000001,11.5,-2.6,16
4267,71418.0,0.9,-1.3,-0.30000000000000004,1.3,0.2,9.5,15.299999999999999,10.3,-1.8,16
4268,71433.0,0.8,-1.2000000000000002,-0.5,1.2000000000000002,0.4,9.3,16.400000000000002,4.6000000000000005,-3.8,16
4269,71449.0,0.7000000000000001,-1.1,-0.6000000000000001,1.1,0.6000000000000001,9.0,12.700000000000001,-2.5,-8.9,16
4270,71466.0,0.5,-0.8,-1.2000000000000002,0.8,0.8,8.5,3.8,-6.3,-13.100000000000001,16
4271,71489.0,0.0,-0.6000000000000001,-1.6,0.5,1.0,8.200000000000001,-8.200000000000001,-5.8,-14.4,16
4272,71499.0,-0.1,-0.5,-1.7000000000000002,0.2,1.0,8.1,-20.1,-0.6000000000000001,-12.100000000000001,16
4273,71516.0,-0.4,-0.5,-1.4000000000000001,0.0,0.9,8.5,-29.500000000000004,3.6,-8.700000000000001,16
4274,71533.0,-0.6000000000000001,-0.5,-0.9,-0.2,0.9,9.0,-33.400000000000006,5.500000000000001,-4.9,16
4275,71549.0,-0.6000000000000001,-0.4,-0.6000000000000001,-0.2,0.8,9.3,-30.100000000000005,6.5,-1.6,16
4276,71566.0,-0.6000000000000001,-0.4,-0.30000000000000004,-0.2,0.8,9.5,-23.0,7.1000000000000005,-0.8,16
4277,71588.0,-0.5,-0.2,-0.30000000000000004,-0.2,1.0,9.5,-15.100000000000001,7.2,-1.5000000000000002,16
4278,71602.0,-0.5,0.0,-0.30000000000000004,-0.1,1.2000000000000002,9.600000000000001,-9.4,7.699999999999999,-1.9,16
4279,71616.0,-0.2,0.30000000000000004,-0.30000000000000004,0.1,1.4000000000000001,9.5,-6.2,8.4,-1.0999999999999999,16
4280,71632.0,0.1,0.4,-0.4,0.4,1.5,9.4,-4.1000000000000005,10.3,0.4,16
4281,71649.0,0.30000000000000004,0.4,-0.5,0.6000000000000001,1.5,9.3,-2.7,14.200000000000001,1.5000000000000002,16
4282,71666.0,0.30000000000000004,0.5,-0.8,0.4,1.6,9.0,0.1,18.8,2.5,16
4283,71687.0,0.0,0.6000000000000001,-1.1,0.0,1.7000000000000002,8.700000000000001,2.4000000000000004,22.3,3.3000000000000003,16
4284,71704.0,-0.5,0.7000000000000001,-1.2000000000000002,-0.4,1.8,8.6,1.5000000000000002,20.1,3.8,16
4285,71716.0,-0.7000000000000001,0.8,-1.3,-0.8,1.9000000000000001,8.4,-0.6000000000000001,15.9,5.4,16
4286,71733.0,-1.1,1.0,-1.1,-1.2000000000000002,2.1,8.700000000000001,-3.6,10.700000000000001,7.9,16
4287,71750.0,-1.5,1.1,-0.6000000000000001,-1.6,2.2,9.1,-7.1000000000000005,0.7,10.9,16
4288,71768.0,-1.5,1.1,-0.30000000000000004,-1.4000000000000001,2.2,9.700000000000001,-12.9,-6.8,13.0,16
4289,71787.0,-1.1,1.0,0.4,-1.1,2.0,10.3,-16.0,-11.3,13.5,16
4290,71799.0,-0.6000000000000001,0.8,1.0,-0.6000000000000001,1.8,10.8,-13.8,-12.4,13.200000000000001,16
4291,71816.0,-0.30000000000000004,0.8,1.3,0.0,1.7000000000000002,11.200000000000001,-7.300000000000001,-8.0,12.6,16
4292,71832.0,0.5,0.6000000000000001,1.6,0.6000000000000001,1.5,11.5,0.0,-2.8,10.3,16
4293,71849.0,0.9,0.4,1.8,1.0,1.4000000000000001,11.700000000000001,5.2,1.2000000000000002,5.9,16
4294,71866.0,1.0,0.4,1.8,1.0,1.4000000000000001,11.600000000000001,7.1000000000000005,3.4,2.6,16
4295,71887.0,0.9,0.4,1.5,0.9,1.4000000000000001,11.200000000000001,9.0,8.1,2.9,16
4296,71899.0,0.8,0.4,1.2000000000000002,0.5,1.5,10.8,12.8,15.5,6.6000000000000005,16
4297,71916.0,0.30000000000000004,0.5,0.9,0.1,1.6,10.8,15.9,18.8,13.0,16
4298,71932.0,0.0,0.5,0.8,-0.1,1.6,10.600000000000001,16.900000000000002,15.399999999999999,18.6,16
4299,71949.0,-0.1,0.30000000000000004,0.6000000000000001,-0.2,1.6,10.5,18.1,9.5,22.000000000000004,16
4300,71966.0,-0.2,0.30000000000000004,0.7000000000000001,-0.30000000000000004,1.4000000000000001,10.4,19.8,3.7000000000000006,22.2,16
4301,71990.0,-0.2,0.0,0.1,-0.30000000000000004,1.3,10.100000000000001,21.900000000000002,-0.1,20.3,16
4302,71999.0,-0.30000000000000004,-0.1,-0.1,-0.4,1.3,9.700000000000001,22.5,-2.3000000000000003,18.3,16
4303,72017.0,-0.2,-0.30000000000000004,-0.2,-0.30000000000000004,1.1,9.700000000000001,18.2,-6.3,17.0,16
4304,72032.0,-0.1,-0.5,-0.2,0.0,0.9,9.600000000000001,10.8,-11.2,16.2,16
4305,72049.0,0.5,-1.0,-0.1,0.5,0.4,9.700000000000001,5.4,-12.5,15.000000000000002,16
4306,72066.0,0.8,-1.2000000000000002,0.0,1.0,0.1,9.8,5.4,-10.0,13.3,16
4307,72082.0,1.1,-1.5,0.2,1.1,0.0,10.0,9.700000000000001,-5.2,12.3,16
4308,72099.0,1.1,-1.6,0.1,1.2000000000000002,-0.1,9.8,15.9,-0.9,12.4,16
4309,72116.0,1.2000000000000002,-1.7000000000000002,-0.2,1.3,-0.1,9.4,20.6,3.9,10.1,16
4310,72133.0,1.1,-1.7000000000000002,-0.6000000000000001,1.1,0.0,9.1,18.5,4.800000000000001,5.2,16
4311,72151.0,0.6000000000000001,-1.5,-0.9,0.7000000000000001,0.2,8.9,11.4,2.5,2.1,16
4312,72169.0,0.4,-1.4000000000000001,-1.1,0.5,0.30000000000000004,8.700000000000001,3.0000000000000004,-1.2000000000000002,2.3000000000000003,16
4313,72187.0,0.4,-1.3,-1.0,0.5,0.30000000000000004,8.8,-2.7,-2.7,2.4000000000000004,16
4314,72199.0,0.4,-1.3,-1.0,0.5,0.30000000000000004,8.8,-2.7,-2.7,2.4000000000000004,16
4315,72217.0,0.4,-1.0,-0.4,0.5,0.6000000000000001,9.3,-12.8,-15.399999999999999,-0.4,16
4316,72234.0,0.5,-0.8,-0.4,0.8,0.8,9.4,-17.5,-22.3,-3.3000000000000003,16
4317,72249.0,0.7000000000000001,-0.7000000000000001,-0.4,1.0,0.8,9.4,-22.000000000000004,-26.700000000000003,-6.5,16
4318,72266.0,0.8,-0.5,-0.5,1.2000000000000002,0.8,9.3,-24.9,-26.700000000000003,-8.600000000000001,16
4319,72282.0,0.7000000000000001,-0.5,-0.5,1.0,0.9,9.200000000000001,-22.900000000000002,-18.8,-7.6,16
4320,72306.0,0.2,-0.2,-0.5,0.8,1.0,9.200000000000001,-17.599999999999998,-10.8,-5.500000000000001,16
4321,72317.0,0.1,-0.2,-0.5,0.6000000000000001,1.1,9.3,-11.1,-6.5,-4.300000000000001,16
4322,72333.0,0.0,-0.1,-0.5,0.4,1.2000000000000002,9.200000000000001,-6.2,-7.500000000000001,-5.8,16
4323,72349.0,-0.2,0.0,-0.7000000000000001,0.30000000000000004,1.3,9.0,-3.3000000000000003,-10.9,-8.9,16
4324,72366.0,-0.2,0.2,-1.0,0.30000000000000004,1.4000000000000001,8.700000000000001,-3.0000000000000004,-11.8,-12.4,16
4325,72382.0,-0.4,0.2,-1.1,0.2,1.5,8.6,-5.500000000000001,-12.5,-15.299999999999999,16
4326,72412.0,-0.4,0.4,-1.2000000000000002,0.2,1.5,8.5,-8.799999999999999,-11.5,-16.6,16
4327,72416.0,-0.4,0.30000000000000004,-1.1,0.2,1.5,8.700000000000001,-10.9,-7.699999999999999,-17.9,16
4328,72433.0,-0.4,0.30000000000000004,-1.0,0.2,1.4000000000000001,8.9,-11.2,-4.0,-21.0,16
4329,72451.0,-0.4,0.30000000000000004,-0.8,0.2,1.4000000000000001,8.9,-11.2,-2.4000000000000004,-25.0,16
4330,72476.0,-0.7000000000000001,0.2,-0.2,-0.1,1.3,9.600000000000001,-12.4,-3.5,-32.300000000000004,16
4331,72482.0,-0.7000000000000001,0.2,-0.2,-0.1,1.3,9.600000000000001,-12.4,-3.5,-32.300000000000004,16
4332,72501.0,-0.8,0.2,0.0,-0.2,1.2000000000000002,9.8,-13.6,-3.7000000000000006,-33.2,16
4333,72516.0,-0.9,0.2,0.30000000000000004,-0.4,1.2000000000000002,10.100000000000001,-16.0,-4.5,-31.8,16
4334,72532.0,-1.0,0.2,0.5,-0.5,1.2000000000000002,10.3,-18.1,-7.0,-28.200000000000003,16
4335,72549.0,-1.0,0.30000000000000004,0.7000000000000001,-0.30000000000000004,1.2000000000000002,10.5,-17.3,-7.300000000000001,-24.200000000000003,16
4336,72568.0,-0.7000000000000001,0.2,1.0,-0.1,1.1,10.8,-14.3,-6.4,-22.3,16
4337,72583.0,-0.9,0.30000000000000004,1.3,-0.30000000000000004,1.1,11.0,-9.0,-4.7,-21.200000000000003,16
4338,72599.0,-1.0,0.4,1.3,-0.5,1.2000000000000002,11.100000000000001,-2.8,-4.6000000000000005,-17.8,16
4339,72616.0,-1.2000000000000002,0.4,1.3,-0.6000000000000001,1.3,11.100000000000001,3.3000000000000003,-3.6,-13.3,16
4340,72633.0,-1.2000000000000002,0.4,1.2000000000000002,-0.6000000000000001,1.3,10.9,9.700000000000001,-1.5000000000000002,-9.0,16
4341,72650.0,-1.1,0.4,1.1,-0.5,1.3,10.8,15.2,0.9,-6.9,16
4342,72670.0,-1.0,0.4,1.0,-0.5,1.4000000000000001,10.8,19.1,3.1,-6.4,16
4343,72685.0,-1.1,0.5,1.0,-0.5,1.6,10.8,19.6,3.7000000000000006,-6.5,16
4344,72700.0,-1.1,0.6000000000000001,0.9,-0.5,1.6,10.8,19.6,3.7000000000000006,-6.5,16
4345,72716.0,-1.1,0.4,1.1,-0.6000000000000001,1.5,11.0,13.3,3.7000000000000006,-7.9,16
4346,72733.0,-1.0,0.30000000000000004,1.6,-0.5,1.4000000000000001,11.4,2.4000000000000004,-6.1000000000000005,-8.3,16
4347,72750.0,-0.7000000000000001,0.2,1.4000000000000001,0.0,1.2000000000000002,11.0,-6.7,-9.3,-5.0,16
4348,72766.0,-0.4,0.0,1.1,0.4,0.8,10.9,-8.799999999999999,-2.8,-1.6,16
4349,72783.0,-0.1,-0.5,1.1,0.4,0.6000000000000001,11.0,-5.9,4.800000000000001,1.0999999999999999,16
4350,72799.0,-0.2,-0.5,1.2000000000000002,0.1,0.5,11.200000000000001,1.0,9.1,5.1,16
4351,72816.0,-0.2,-0.6000000000000001,1.3,0.30000000000000004,0.4,11.3,8.5,5.6,8.200000000000001,16
4352,72832.0,0.4,-0.8,1.0,0.9,0.2,11.0,16.900000000000002,1.8,8.4,16
4353,72850.0,1.1,-1.0,0.5,1.5,0.1,10.600000000000001,25.6,3.0000000000000004,5.0,16
4354,72866.0,1.4000000000000001,-1.1,0.2,1.9000000000000001,0.1,10.100000000000001,32.9,7.400000000000001,0.5,16
4355,72882.0,1.7000000000000002,-1.1,-0.30000000000000004,2.1,0.2,9.700000000000001,35.7,12.5,-3.6,16
4356,72899.0,1.9000000000000001,-1.1,-0.6000000000000001,2.4000000000000004,0.30000000000000004,9.200000000000001,33.1,14.800000000000002,-7.9,16
4357,72916.0,2.2,-1.2000000000000002,-1.1,2.5,0.30000000000000004,8.700000000000001,25.400000000000002,15.9,-12.700000000000001,16
4358,72932.0,2.1,-1.1,-1.7000000000000002,2.4000000000000004,0.4,8.200000000000001,15.000000000000002,17.400000000000002,-16.3,16
4359,72949.0,1.9000000000000001,-1.1,-1.9000000000000001,1.9000000000000001,0.5,8.0,6.1000000000000005,19.3,-17.1,16
4360,72966.0,1.4000000000000001,-1.0,-1.9000000000000001,1.5,0.6000000000000001,8.1,0.8,18.8,-15.8,16
4361,72982.0,1.0,-0.8,-1.7000000000000002,1.2000000000000002,0.8,8.200000000000001,-2.0,15.5,-14.800000000000002,16
4362,73002.0,1.0,-0.6000000000000001,-1.7000000000000002,1.1,0.9,8.200000000000001,-3.4,9.3,-15.7,16
4363,73016.0,0.9,-0.5,-1.7000000000000002,1.0,1.0,8.200000000000001,-5.6,1.2000000000000002,-19.0,16
4364,73033.0,0.9,-0.4,-1.6,0.9,1.1,8.3,-9.200000000000001,-5.9,-23.2,16
4365,73049.0,0.5,-0.1,-1.5,0.6000000000000001,1.3,8.3,-12.9,-12.000000000000002,-24.3,16
4366,73066.0,0.2,0.1,-1.5,0.2,1.5,8.4,-15.2,-14.900000000000002,-20.7,16
4367,73082.0,-0.1,0.2,-1.4000000000000001,0.1,1.6,8.5,-16.1,-14.0,-16.5,16
4368,73099.0,-0.2,0.30000000000000004,-1.1,0.1,1.6,8.8,-14.900000000000002,-13.200000000000001,-15.299999999999999,16
4369,73116.0,-0.30000000000000004,0.30000000000000004,-0.7000000000000001,-0.1,1.6,9.3,-16.5,-17.3,-16.900000000000002,16
4370,73132.0,-0.4,0.4,-0.5,-0.1,1.7000000000000002,9.3,-19.3,-22.5,-17.3,16
4371,73151.0,-0.30000000000000004,0.5,-0.5,0.1,1.6,9.3,-21.400000000000002,-22.900000000000002,-16.700000000000003,16
4372,73166.0,-0.30000000000000004,0.5,-0.5,0.2,1.6,9.4,-23.8,-19.400000000000002,-16.0,16
4373,73184.0,-0.1,0.5,-0.4,0.4,1.5,9.5,-23.3,-12.5,-15.100000000000001,16
4374,73199.0,-0.1,0.5,-0.30000000000000004,0.4,1.5,9.5,-23.3,-12.5,-15.100000000000001,16
4375,73216.0,0.0,0.5,-0.30000000000000004,0.4,1.4000000000000001,9.700000000000001,-15.7,1.8,-14.3,16
4376,73232.0,-0.30000000000000004,0.5,-0.2,0.1,1.4000000000000001,9.700000000000001,-13.0,3.6,-15.2,16
4377,73250.0,-0.5,0.6000000000000001,-0.2,-0.1,1.5,9.600000000000001,-12.8,1.6,-15.8,16
4378,73266.0,-0.6000000000000001,0.7000000000000001,-0.4,-0.30000000000000004,1.5,9.5,-12.4,0.5,-14.900000000000002,16
4379,73282.0,-0.8,0.7000000000000001,-0.4,-0.4,1.6,9.5,-11.8,0.8,-12.100000000000001,16
4380,73299.0,-0.9,0.8,-0.4,-0.5,1.6,9.5,-10.2,1.6,-8.4,16
4381,73316.0,-0.9,0.8,-0.30000000000000004,-0.6000000000000001,1.6,9.700000000000001,-7.500000000000001,1.8,-4.9,16
4382,73332.0,-1.0,0.9,-0.1,-0.6000000000000001,1.7000000000000002,9.8,-4.5,0.4,-1.5000000000000002,16
4383,73349.0,-0.9,0.9,-0.1,-0.6000000000000001,1.7000000000000002,9.8,-2.1,-1.4,1.0999999999999999,16
4384,73366.0,-0.8,0.8,-0.1,-0.5,1.7000000000000002,9.700000000000001,-0.30000000000000004,-2.1999999999999997,3.3000000000000003,16
4385,73382.0,-0.7000000000000001,0.8,-0.1,-0.4,1.6,9.8,2.1999999999999997,-0.1,5.8,16
4386,73399.0,-0.6000000000000001,0.7000000000000001,-0.1,-0.30000000000000004,1.6,9.8,6.2,3.9,9.4,16
4387,73416.0,-0.5,0.6000000000000001,-0.1,-0.30000000000000004,1.6,9.8,9.8,7.300000000000001,14.100000000000001,16
4388,73432.0,-0.4,0.6000000000000001,0.0,-0.1,1.6,10.0,10.600000000000001,8.700000000000001,17.200000000000003,16
4389,73449.0,-0.2,0.5,0.1,-0.1,1.6,10.0,7.699999999999999,7.2,18.8,16
4390,73466.0,-0.30000000000000004,0.5,0.7000000000000001,-0.1,1.6,10.600000000000001,2.8,4.1000000000000005,20.8,16
4391,73483.0,-0.2,0.4,0.9,0.0,1.5,11.0,-1.5000000000000002,1.4,23.3,16
4392,73500.0,0.2,0.30000000000000004,1.3,0.4,1.4000000000000001,11.4,-3.2,-1.4,24.7,16
4393,73516.0,0.6000000000000001,0.2,1.6,0.7000000000000001,1.3,11.700000000000001,-1.4,0.4,23.400000000000002,16
4394,73533.0,0.7000000000000001,0.1,1.8,1.0,1.2000000000000002,12.0,2.5,-1.0999999999999999,20.4,16
4395,73556.0,0.9,0.0,2.0,1.1,1.2000000000000002,12.100000000000001,3.5,-4.0,18.0,16
4396,73566.0,1.1,0.0,2.0,1.3,1.1,12.0,3.2,-9.1,16.700000000000003,16
4397,73582.0,1.2000000000000002,-0.1,1.8,1.4000000000000001,1.0,11.700000000000001,4.5,-7.1000000000000005,15.8,16
4398,73599.0,1.1,-0.30000000000000004,1.4000000000000001,1.4000000000000001,0.8,11.3,8.700000000000001,-1.9,15.299999999999999,16
4399,73616.0,0.9,-0.5,0.6000000000000001,1.2000000000000002,0.7000000000000001,10.700000000000001,16.0,6.7,15.6,16
4400,73635.0,0.5,-0.6000000000000001,-0.1,0.8,0.7000000000000001,10.100000000000001,23.5,15.000000000000002,16.400000000000002,16
4401,73649.0,0.30000000000000004,-0.6000000000000001,-0.4,0.5,0.7000000000000001,9.5,28.3,16.3,17.1,16
4402,73666.0,0.2,-0.7000000000000001,-1.0,0.30000000000000004,0.7000000000000001,9.0,29.400000000000002,14.700000000000001,17.1,16
4403,73682.0,0.2,-0.8,-1.2000000000000002,0.4,0.6000000000000001,8.700000000000001,27.8,8.799999999999999,16.1,16
4404,73700.0,0.30000000000000004,-0.9,-1.3,0.4,0.6000000000000001,8.700000000000001,27.8,8.799999999999999,16.1,16
4405,73717.0,0.8,-1.2000000000000002,-1.7000000000000002,1.0,0.4,8.3,20.3,-0.7,10.5,16
4406,73732.0,0.8,-1.2000000000000002,-1.7000000000000002,1.0,0.4,8.3,15.299999999999999,-2.1999999999999997,7.8,16
4407,73749.0,0.7000000000000001,-1.3,-1.8,0.8,0.30000000000000004,8.200000000000001,9.4,-3.3000000000000003,6.5,16
4408,73774.0,0.5,-1.3,-1.5,0.7000000000000001,0.4,8.4,2.7,-4.7,6.000000000000001,16
4409,73783.0,0.30000000000000004,-1.3,-1.3,0.5,0.4,8.700000000000001,-3.3000000000000003,-8.700000000000001,6.2,16
4410,73799.0,0.4,-1.3,-1.0,0.7000000000000001,0.30000000000000004,9.1,-8.4,-12.700000000000001,4.0,16
4411,73816.0,0.5,-1.3,-0.4,0.9,0.30000000000000004,9.5,-12.6,-18.0,-0.2,16
4412,73832.0,0.5,-1.2000000000000002,-0.30000000000000004,0.9,0.4,9.8,-16.0,-22.1,-3.4,16
4413,73852.0,0.5,-1.0,0.1,1.0,0.5,10.100000000000001,-17.599999999999998,-24.1,-3.7000000000000006,16
4414,73873.0,0.8,-0.9,0.2,1.2000000000000002,0.5,10.200000000000001,-15.9,-21.200000000000003,-3.6,16
4415,73882.0,0.8,-0.9,0.2,1.5,0.6000000000000001,10.100000000000001,-15.9,-21.200000000000003,-3.6,16
4416,73899.0,0.9,-0.7000000000000001,-0.1,1.5,0.7000000000000001,9.700000000000001,-10.2,-11.8,-4.300000000000001,16
4417,73916.0,0.6000000000000001,-0.5,-0.4,1.1,0.8,9.4,-4.0,-1.4,-4.9,16
4418,73932.0,0.30000000000000004,-0.4,-0.6000000000000001,0.7000000000000001,1.0,9.200000000000001,0.2,4.6000000000000005,-4.3999999999999995,16
4419,73950.0,-0.2,-0.30000000000000004,-0.9,0.30000000000000004,1.1,8.8,1.6,4.7,-3.9,16
4420,73966.0,-0.4,-0.2,-1.3,0.2,1.1,8.5,1.3,3.9,-3.9,16
4421,73984.0,-0.6000000000000001,-0.1,-1.5,0.0,1.2000000000000002,8.4,-0.4,2.3000000000000003,-4.300000000000001,16
4422,74004.0,-0.6000000000000001,0.0,-1.5,0.0,1.3,8.4,-3.0000000000000004,-0.9,-5.6,16
4423,74015.0,-0.6000000000000001,0.0,-1.5,0.0,1.3,8.4,-5.500000000000001,-2.3000000000000003,-8.1,16
4424,74034.0,-0.7000000000000001,0.1,-1.4000000000000001,-0.1,1.4000000000000001,8.5,-8.3,-3.3000000000000003,-10.600000000000001,16
4425,74049.0,-0.8,0.2,-1.2000000000000002,-0.2,1.5,8.8,-10.700000000000001,-4.0,-10.9,16
4426,74068.0,-0.7000000000000001,0.2,-0.9,-0.1,1.5,9.1,-11.3,-3.3000000000000003,-10.8,16
4427,74089.0,-0.6000000000000001,0.30000000000000004,-0.4,0.1,1.5,9.5,-9.600000000000001,-1.5000000000000002,-11.5,16
4428,74102.0,-0.5,0.4,-0.1,0.1,1.5,9.8,-7.400000000000001,-0.30000000000000004,-13.9,16
4429,74116.0,-0.5,0.4,0.1,0.0,1.6,10.0,-7.0,-0.4,-17.400000000000002,16
4430,74132.0,-0.7000000000000001,0.5,0.4,0.0,1.6,10.0,-7.0,-0.4,-17.400000000000002,16
4431,74149.0,-0.7000000000000001,0.5,0.5,-0.1,1.6,10.4,-10.8,-4.5,-18.1,16
4432,74166.0,-0.7000000000000001,0.5,0.7000000000000001,-0.1,1.6,10.700000000000001,-9.700000000000001,-4.3999999999999995,-14.500000000000002,16
4433,74182.0,-0.7000000000000001,0.5,1.1,-0.1,1.6,11.0,-5.7,-3.2,-10.4,16
4434,74199.0,-0.6000000000000001,0.5,1.2000000000000002,0.1,1.5,11.100000000000001,1.0999999999999999,-1.4,-8.3,16
4435,74216.0,-0.5,0.4,1.2000000000000002,0.1,1.5,11.100000000000001,7.1000000000000005,1.5000000000000002,-8.9,16
4436,74233.0,-0.7000000000000001,0.5,1.2000000000000002,-0.2,1.7000000000000002,11.100000000000001,12.000000000000002,3.0000000000000004,-9.200000000000001,16
4437,74249.0,-1.0,0.7000000000000001,1.1,-0.5,1.9000000000000001,11.0,15.100000000000001,5.0,-6.8,16
4438,74266.0,-1.1,0.7000000000000001,1.0,-0.5,2.0,10.9,16.0,6.3,-3.9,16
4439,74291.0,-1.0,0.7000000000000001,0.9,-0.4,1.9000000000000001,10.9,14.900000000000002,10.9,-2.7,16
4440,74299.0,-0.9,0.6000000000000001,1.0,-0.4,1.9000000000000001,10.9,14.900000000000002,10.9,-2.7,16
4441,74316.0,-0.7000000000000001,0.5,1.2000000000000002,-0.2,1.8,11.200000000000001,10.2,9.4,-5.2,16
4442,74332.0,-0.5,0.30000000000000004,1.2000000000000002,-0.1,1.6,11.100000000000001,2.6,3.4,-7.2,16
4443,74349.0,-0.2,0.0,1.1,0.1,1.4000000000000001,11.0,-1.9,1.7,-6.1000000000000005,16
4444,74366.0,-0.1,-0.30000000000000004,1.1,0.5,0.9,11.100000000000001,-5.9,-3.1,-5.4,16
4445,74388.0,0.30000000000000004,-0.7000000000000001,1.0,0.8,0.6000000000000001,10.9,-7.400000000000001,-4.9,-2.8,16
4446,74399.0,0.7000000000000001,-1.0,0.5,1.1,0.30000000000000004,10.5,-3.1,-2.8,0.7,16
4447,74418.0,0.8,-1.2000000000000002,0.30000000000000004,1.2000000000000002,0.1,10.100000000000001,5.1,2.9,3.1,16
4448,74433.0,0.8,-1.3,-0.2,1.1,0.1,9.700000000000001,14.200000000000001,6.8,5.2,16
4449,74449.0,0.7000000000000001,-1.3,-0.4,1.0,0.1,9.4,14.200000000000001,6.8,5.2,16
4450,74466.0,0.7000000000000001,-1.3,-0.6000000000000001,1.2000000000000002,0.1,9.3,21.200000000000003,4.0,8.600000000000001,16
4451,74486.0,1.1,-1.3,-0.7000000000000001,1.6,0.2,9.200000000000001,20.3,-0.30000000000000004,8.3,16
4452,74500.0,1.5,-1.4000000000000001,-0.8,1.9000000000000001,0.2,9.1,18.900000000000002,-3.4,5.9,16
4453,74516.0,1.6,-1.4000000000000001,-0.9,2.0,0.2,8.9,18.0,-1.9,1.2000000000000002,16
4454,74533.0,1.4000000000000001,-1.2000000000000002,-1.1,1.8,0.4,8.8,15.299999999999999,1.6,-3.7000000000000006,16
4455,74549.0,1.0,-0.9,-1.1,1.4000000000000001,0.7000000000000001,8.700000000000001,9.9,2.5,-6.2,16
4456,74566.0,0.7000000000000001,-0.8,-1.2000000000000002,1.1,1.0,8.700000000000001,4.9,4.0,-6.1000000000000005,16
4457,74587.0,0.7000000000000001,-0.7000000000000001,-1.0,1.1,1.0,8.8,0.8,4.0,-6.8,16
4458,74599.0,0.7000000000000001,-0.7000000000000001,-1.0,1.1,0.9,8.9,-2.9,3.0000000000000004,-10.1,16
4459,74617.0,0.5,-0.7000000000000001,-1.0,0.8,1.0,8.8,-6.5,1.8,-13.5,16
4460,74632.0,0.30000000000000004,-0.7000000000000001,-1.0,0.8,1.0,8.8,-6.5,1.8,-13.5,16
4461,74649.0,-0.30000000000000004,-0.5,-1.2000000000000002,0.30000000000000004,1.1,8.700000000000001,-8.700000000000001,3.0000000000000004,-12.9,16
4462,74666.0,-0.8,-0.30000000000000004,-1.2000000000000002,-0.4,1.2000000000000002,8.6,-13.100000000000001,4.1000000000000005,-6.7,16
4463,74682.0,-0.8,-0.30000000000000004,-1.2000000000000002,-0.6000000000000001,1.2000000000000002,8.700000000000001,-15.7,4.0,-4.800000000000001,16
4464,74699.0,-1.0,-0.4,-1.1,-0.7000000000000001,1.1,8.8,-16.8,2.4000000000000004,-3.4,16
4465,74716.0,-1.2000000000000002,-0.30000000000000004,-0.9,-0.9,1.1,8.9,-16.0,1.4,-1.0,16
4466,74733.0,-1.3,-0.30000000000000004,-0.8,-1.0,1.1,9.0,-13.5,0.30000000000000004,3.5,16
4467,74749.0,-1.3,-0.2,-0.8,-1.0,1.1,9.0,-13.5,0.30000000000000004,3.5,16
4468,74766.0,-1.0,-0.2,-0.6000000000000001,-0.7000000000000001,1.1,9.200000000000001,-11.9,-4.0,13.200000000000001,16
4469,74784.0,-0.9,-0.2,-0.6000000000000001,-0.6000000000000001,1.1,9.3,-10.700000000000001,-3.9,17.200000000000003,16
4470,74799.0,-0.9,-0.1,-0.4,-0.6000000000000001,1.2000000000000002,9.5,-8.3,-2.3000000000000003,21.8,16
4471,74816.0,-0.8,0.0,-0.2,-0.5,1.2000000000000002,9.600000000000001,-4.800000000000001,-0.1,26.200000000000003,16
4472,74832.0,-0.8,0.1,-0.2,-0.4,1.3,9.700000000000001,-2.0,1.2000000000000002,29.000000000000004,16
4473,74849.0,-0.6000000000000001,0.2,0.0,-0.30000000000000004,1.4000000000000001,9.8,0.8,1.9,30.9,16
4474,74866.0,-0.4,0.30000000000000004,0.1,0.0,1.5,10.0,3.6,3.8,32.6,16
4475,74882.0,-0.2,0.4,0.2,0.2,1.6,10.0,7.400000000000001,6.8,33.900000000000006,16
4476,74899.0,0.0,0.4,0.1,0.30000000000000004,1.7000000000000002,9.9,9.9,11.000000000000002,34.400000000000006,16
4477,74916.0,0.1,0.5,0.1,0.4,1.8,9.9,9.8,12.700000000000001,34.1,16
4478,74932.0,0.2,0.5,0.1,0.6000000000000001,1.8,9.9,7.699999999999999,13.3,33.300000000000004,16
4479,74952.0,0.6000000000000001,0.4,0.1,0.8,1.7000000000000002,10.0,5.7,14.700000000000001,31.2,16
4480,74966.0,0.7000000000000001,0.5,0.30000000000000004,0.9,1.8,10.200000000000001,4.1000000000000005,15.399999999999999,28.6,16
4481,74991.0,0.9,0.5,0.5,1.0,1.8,10.4,1.8,14.500000000000002,26.1,16
4482,75001.0,1.0,0.5,0.7000000000000001,1.2000000000000002,1.8,10.5,0.0,13.200000000000001,22.8,16
4483,75016.0,1.1,0.4,0.7000000000000001,1.2000000000000002,1.8,10.600000000000001,-1.5000000000000002,13.6,19.200000000000003,16
4484,75032.0,1.0,0.5,0.8,1.0,1.8,10.700000000000001,-2.7,11.9,17.0,16
4485,75050.0,0.7000000000000001,0.5,1.0,0.7000000000000001,1.8,10.9,-6.5,8.9,16.400000000000002,16
4486,75065.0,0.5,0.4,1.1,0.6000000000000001,1.7000000000000002,11.0,-12.4,2.8,17.400000000000002,16
4487,75082.0,0.4,0.4,1.1,0.5,1.6,11.100000000000001,-14.0,1.2000000000000002,20.0,16
4488,75101.0,0.4,0.2,1.4000000000000001,0.6000000000000001,1.4000000000000001,11.4,-11.2,1.5000000000000002,21.1,16
4489,75118.0,0.6000000000000001,-0.1,1.6,0.8,1.1,11.5,-3.8,2.3000000000000003,20.6,16
4490,75132.0,0.7000000000000001,-0.1,1.5,0.9,1.0,11.3,8.200000000000001,6.000000000000001,19.1,16
4491,75149.0,0.8,-0.30000000000000004,1.2000000000000002,0.9,0.9,10.9,20.0,9.700000000000001,16.900000000000002,16
4492,75166.0,0.9,-0.4,0.6000000000000001,1.0,0.9,10.4,28.3,11.700000000000001,14.500000000000002,16
4493,75183.0,1.0,-0.5,-0.30000000000000004,1.0,1.0,9.600000000000001,32.1,12.9,11.2,16
4494,75199.0,1.0,-0.5,-0.30000000000000004,1.0,1.0,9.600000000000001,32.1,12.9,11.2,16
4495,75216.0,1.0,-0.8,-1.4000000000000001,1.0,0.8,8.4,24.7,14.900000000000002,0.9,16
4496,75232.0,0.7000000000000001,-0.9,-1.6,0.6000000000000001,0.7000000000000001,8.3,16.3,12.6,-3.5,16
4497,75249.0,0.5,-1.0,-1.4000000000000001,0.30000000000000004,0.7000000000000001,8.5,6.2,6.5,-4.300000000000001,16
4498,75266.0,0.30000000000000004,-1.2000000000000002,-1.0,0.30000000000000004,0.4,8.9,-2.5,-2.6,-3.3000000000000003,16
4499,75284.0,0.5,-1.5,-0.7000000000000001,0.5,0.1,9.1,-8.5,-10.700000000000001,-2.9,16
4500,75303.0,0.6000000000000001,-1.6,-0.5,0.6000000000000001,-0.1,9.3,-9.5,-13.6,-3.9,16
4501,75317.0,0.5,-1.6,-0.4,0.5,0.0,9.5,-6.1000000000000005,-12.5,-4.2,16
4502,75334.0,0.1,-1.3,-0.1,0.2,0.2,9.700000000000001,-1.5000000000000002,-11.700000000000001,-1.9,16
4503,75349.0,0.0,-1.2000000000000002,0.1,0.1,0.4,10.100000000000001,-1.5000000000000002,-17.9,1.0999999999999999,16
4504,75366.0,0.2,-1.0,0.4,0.4,0.6000000000000001,10.200000000000001,-4.7,-26.3,3.8,16
4505,75385.0,0.5,-0.8,0.30000000000000004,0.8,0.7000000000000001,10.100000000000001,-7.2,-30.000000000000004,6.1000000000000005,16
4506,75404.0,0.7000000000000001,-0.4,0.0,1.0,1.0,9.9,-6.7,-25.400000000000002,8.9,16
4507,75416.0,0.6000000000000001,-0.30000000000000004,0.0,1.0,1.2000000000000002,9.8,-2.0,-15.299999999999999,11.6,16
4508,75432.0,0.5,0.0,-0.30000000000000004,0.9,1.4000000000000001,9.600000000000001,4.300000000000001,-6.7,13.200000000000001,16
4509,75449.0,0.4,0.1,-0.4,0.7000000000000001,1.6,9.200000000000001,8.600000000000001,-1.9,11.8,16
4510,75467.0,0.1,0.2,-1.0,0.5,1.7000000000000002,8.700000000000001,9.700000000000001,-1.0,7.500000000000001,16
4511,75487.0,-0.2,0.2,-1.4000000000000001,0.2,1.7000000000000002,8.4,7.2,-1.2000000000000002,1.8,16
4512,75500.0,-0.5,0.2,-1.5,-0.30000000000000004,1.8,8.3,2.7,-4.0,-2.3000000000000003,16
4513,75516.0,-1.1,0.4,-1.5,-0.6000000000000001,1.9000000000000001,8.3,-0.8,-7.500000000000001,-1.6,16
4514,75532.0,-1.1,0.5,-1.3,-0.5,2.0,8.4,-3.4,-11.000000000000002,1.3,16
4515,75549.0,-0.5,0.30000000000000004,-1.5,0.0,1.8,8.3,-4.2,-12.100000000000001,1.6,16
4516,75566.0,-0.2,0.2,-1.5,0.4,1.7000000000000002,8.200000000000001,-1.0,-7.400000000000001,-2.8,16
4517,75583.0,-0.1,0.2,-1.5,0.5,1.7000000000000002,8.200000000000001,3.9,0.2,-8.9,16
4518,75600.0,0.0,0.2,-1.5,0.6000000000000001,1.8,8.200000000000001,10.5,8.4,-15.8,16
4519,75616.0,0.1,0.2,-1.6,0.5,1.7000000000000002,8.1,14.600000000000001,14.4,-25.2,16
4520,75632.0,-0.2,0.1,-1.4000000000000001,0.2,1.7000000000000002,8.4,10.4,15.399999999999999,-35.3,16
4521,75649.0,-0.6000000000000001,0.1,-0.7000000000000001,-0.2,1.8,9.0,1.7,9.4,-43.1,16
4522,75666.0,-0.6000000000000001,0.1,-0.4,-0.30000000000000004,1.8,9.600000000000001,-5.0,5.300000000000001,-45.4,16
4523,75682.0,-0.6000000000000001,0.2,0.30000000000000004,-0.2,1.8,10.100000000000001,-11.8,-0.1,-42.6,16
4524,75703.0,-0.4,0.2,0.5,0.0,1.8,10.3,-17.0,-2.5,-36.1,16
4525,75716.0,-0.30000000000000004,0.2,0.7000000000000001,0.0,1.8,10.700000000000001,-17.5,0.5,-28.8,16
4526,75732.0,-0.5,0.30000000000000004,1.5,-0.4,1.8,11.4,-15.000000000000002,3.2,-22.3,16
4527,75749.0,-0.8,0.4,2.1,-0.6000000000000001,1.8,11.9,-10.4,4.6000000000000005,-16.2,16
4528,75769.0,-1.2000000000000002,0.5,2.4000000000000004,-1.0,1.9000000000000001,12.200000000000001,-3.9,3.8,-11.3,16
4529,75782.0,-1.3,0.6000000000000001,2.5,-1.1,2.0,12.3,2.0,2.5,-8.9,16
4530,75800.0,-1.1,0.6000000000000001,2.5,-0.9,2.1,12.3,-0.1,-2.3000000000000003,-10.600000000000001,16
4531,75816.0,-0.8,0.6000000000000001,2.6,-0.5,2.1,12.3,-10.4,-10.4,-13.9,16
4532,75832.0,-0.5,0.6000000000000001,2.2,-0.30000000000000004,1.9000000000000001,12.0,-15.7,-7.500000000000001,-16.0,16
4533,75849.0,-0.7000000000000001,0.4,2.2,-0.6000000000000001,1.7000000000000002,12.0,-17.5,-0.5,-16.2,16
4534,75868.0,-1.1,0.30000000000000004,1.9000000000000001,-0.9,1.6,11.8,-18.2,5.8,-11.6,16
4535,75883.0,-1.0,0.1,1.9000000000000001,-0.8,1.3,11.8,-16.5,8.4,-4.3999999999999995,16
4536,75899.0,-0.6000000000000001,-0.30000000000000004,1.8,-0.4,0.9,11.700000000000001,-9.8,10.5,1.9,16
4537,75916.0,-0.2,-0.5,1.7000000000000002,0.2,0.7000000000000001,11.600000000000001,3.6,12.9,5.2,16
4538,75932.0,0.5,-0.7000000000000001,1.5,0.8,0.5,11.3,20.4,16.3,4.5,16
4539,75949.0,1.3,-0.9,0.7000000000000001,1.4000000000000001,0.5,10.5,34.300000000000004,19.500000000000004,-0.8,16
4540,75966.0,1.6,-0.9,0.2,1.7000000000000002,0.5,9.700000000000001,40.2,21.400000000000002,-9.3,16
4541,75984.0,1.9000000000000001,-1.0,-0.8,1.8,0.6000000000000001,8.8,36.4,21.400000000000002,-18.400000000000002,16
4542,75999.0,1.8,-0.9,-1.7000000000000002,1.5,0.8,8.200000000000001,25.3,20.8,-24.3,16
4543,76015.0,1.3,-0.7000000000000001,-2.1,1.1,0.9,7.7,9.200000000000001,16.8,-24.200000000000003,16
4544,76034.0,1.2000000000000002,-0.7000000000000001,-2.3000000000000003,0.9,1.0,7.5,-9.8,11.4,-18.2,16
4545,76049.0,1.3,-0.7000000000000001,-2.3000000000000003,1.0,0.8,7.5,-23.8,9.200000000000001,-11.6,16
4546,76066.0,1.4000000000000001,-0.8,-2.0,1.1,0.6000000000000001,7.800000000000001,-28.500000000000004,10.9,-8.3,16
4547,76082.0,1.3,-0.8,-1.7000000000000002,0.8,0.6000000000000001,8.3,-27.0,7.2,-8.0,16
4548,76099.0,0.9,-0.6000000000000001,-1.1,0.5,0.7000000000000001,8.8,-25.0,-4.0,-8.9,16
4549,76116.0,0.7000000000000001,-0.5,-0.9,0.5,0.8,8.9,-23.900000000000002,-18.8,-10.2,16
4550,76132.0,0.7000000000000001,-0.4,-1.0,0.6000000000000001,0.8,8.700000000000001,-23.900000000000002,-27.7,-11.8,16
4551,76149.0,0.8,-0.4,-1.3,0.6000000000000001,0.8,8.4,-22.4,-28.3,-14.500000000000002,16
4552,76165.0,0.4,-0.1,-1.5,0.4,0.9,8.3,-17.400000000000002,-22.5,-16.2,16
4553,76182.0,0.2,0.0,-1.5,-0.1,1.2000000000000002,8.3,-12.8,-14.0,-14.800000000000002,16
4554,76200.0,-0.1,0.2,-1.5,-0.1,1.2000000000000002,8.3,-12.8,-14.0,-14.800000000000002,16
4555,76216.0,-0.6000000000000001,0.5,-1.6,-0.5,1.4000000000000001,8.200000000000001,-18.1,-11.4,-7.0,16
4556,76232.0,-0.5,0.4,-1.6,-0.4,1.3,8.3,-24.400000000000002,-11.4,-6.1000000000000005,16
4557,76249.0,-0.6000000000000001,0.5,-1.4000000000000001,-0.5,1.3,8.6,-27.400000000000002,-9.3,-5.4,16
4558,76267.0,-0.8,0.6000000000000001,-0.8,-0.7000000000000001,1.4000000000000001,9.0,-26.1,-7.6,-2.1,16
4559,76283.0,-0.8,0.6000000000000001,-0.6000000000000001,-0.6000000000000001,1.2000000000000002,9.4,-22.8,-7.400000000000001,1.9,16
4560,76299.0,-0.8,0.5,-0.2,-0.6000000000000001,1.1,9.700000000000001,-18.400000000000002,-11.1,5.0,16
4561,76316.0,-0.7000000000000001,0.5,0.0,-0.5,1.2000000000000002,10.0,-18.400000000000002,-11.1,5.0,16
4562,76334.0,-0.7000000000000001,0.6000000000000001,0.30000000000000004,-0.30000000000000004,1.2000000000000002,10.0,-8.700000000000001,-17.8,11.2,16
4563,76349.0,-0.4,0.7000000000000001,0.2,-0.1,1.3,10.0,-3.5,-14.0,14.3,16
4564,76369.0,-0.30000000000000004,0.8,0.2,0.0,1.4000000000000001,10.0,3.0000000000000004,-6.000000000000001,17.400000000000002,16
4565,76383.0,-0.2,1.0,0.2,0.1,1.6,10.0,10.0,1.9,20.2,16
4566,76399.0,-0.1,1.0,0.1,0.30000000000000004,1.7000000000000002,9.9,14.3,8.5,20.8,16
4567,76416.0,0.1,1.0,-0.1,0.4,1.7000000000000002,9.700000000000001,15.100000000000001,12.4,18.8,16
4568,76433.0,0.2,1.1,-0.2,0.5,1.8,9.600000000000001,13.3,15.100000000000001,15.399999999999999,16
4569,76449.0,0.30000000000000004,1.0,-0.2,0.5,1.8,9.600000000000001,13.3,15.100000000000001,15.399999999999999,16
4570,76467.0,0.8,0.9,0.2,1.0,1.6,10.0,0.7,8.200000000000001,7.1000000000000005,16
4571,76484.0,1.1,0.7000000000000001,0.30000000000000004,1.3,1.5,10.100000000000001,-7.2,2.9,3.9,16
4572,76499.0,1.2000000000000002,0.6000000000000001,0.30000000000000004,1.3,1.4000000000000001,10.100000000000001,-11.000000000000002,3.5,3.0000000000000004,16
4573,76516.0,0.9,0.7000000000000001,0.4,1.0,1.4000000000000001,10.4,-10.1,7.8,4.300000000000001,16
4574,76532.0,0.8,0.7000000000000001,1.3,0.9,1.4000000000000001,11.200000000000001,-7.1000000000000005,6.2,6.1000000000000005,16
4575,76549.0,0.8,0.6000000000000001,1.7000000000000002,1.0,1.2000000000000002,11.600000000000001,-6.4,-0.2,4.800000000000001,16
4576,76566.0,0.9,0.4,1.8,1.1,1.0,11.700000000000001,-5.500000000000001,-7.8,1.2000000000000002,16
4577,76582.0,0.9,0.1,1.9000000000000001,1.1,0.7000000000000001,11.700000000000001,-4.5,-11.5,-2.4000000000000004,16
4578,76599.0,0.7000000000000001,0.0,1.7000000000000002,0.7000000000000001,0.6000000000000001,11.5,-3.8,-9.4,-3.8,16
4579,76616.0,0.1,-0.1,1.3,0.30000000000000004,0.6000000000000001,11.100000000000001,-0.4,-3.0000000000000004,-0.8,16
4580,76632.0,-0.6000000000000001,0.1,1.3,-0.4,0.8,11.200000000000001,5.4,1.2000000000000002,6.5,16
4581,76649.0,-0.7000000000000001,0.2,1.3,-0.30000000000000004,0.8,11.4,10.1,0.7,14.800000000000002,16
4582,76678.0,0.0,-0.1,1.4000000000000001,0.1,0.7000000000000001,11.4,13.9,-4.5,18.0,16
4583,76682.0,0.2,-0.1,1.4000000000000001,0.5,0.6000000000000001,11.3,19.3,-7.8,16.5,16
4584,76699.0,0.2,-0.1,1.4000000000000001,0.5,0.6000000000000001,11.3,19.3,-7.8,16.5,16
4585,76716.0,1.0,-0.6000000000000001,0.6000000000000001,1.4000000000000001,0.2,10.3,24.5,-8.9,8.4,16
4586,76734.0,1.0,-0.6000000000000001,0.6000000000000001,1.4000000000000001,0.2,10.3,24.5,-8.9,8.4,16
4587,76750.0,1.0,-1.0,-1.0,1.3,0.0,9.0,23.0,3.5,5.7,16
4588,76766.0,0.8,-1.1,-1.2000000000000002,1.0,-0.1,8.6,21.200000000000003,10.600000000000001,5.9,16
4589,76782.0,0.4,-1.2000000000000002,-1.5,0.7000000000000001,-0.1,8.4,19.3,13.700000000000001,4.800000000000001,16
4590,76799.0,0.30000000000000004,-1.3,-1.5,0.6000000000000001,-0.1,8.4,15.399999999999999,12.5,1.2000000000000002,16
4591,76816.0,0.2,-1.3,-1.5,0.5,-0.1,8.4,8.1,7.0,-4.300000000000001,16
4592,76833.0,0.2,-1.2000000000000002,-1.4000000000000001,0.5,-0.1,8.4,-1.3,-0.8,-10.1,16
4593,76849.0,0.2,-1.1,-1.3,0.5,0.0,8.5,-13.100000000000001,-10.4,-14.900000000000002,16
4594,76875.0,0.4,-1.0,-1.2000000000000002,0.7000000000000001,0.1,8.6,-23.400000000000002,-16.0,-16.3,16
4595,76882.0,0.5,-1.0,-1.1,0.9,0.0,8.8,-30.599999999999998,-17.5,-15.6,16
4596,76899.0,0.6000000000000001,-0.8,-0.9,1.0,0.1,8.9,-33.300000000000004,-15.6,-14.3,16
4597,76916.0,0.5,-0.7000000000000001,-0.8,0.9,0.2,9.1,-29.000000000000004,-9.200000000000001,-11.700000000000001,16
4598,76932.0,0.30000000000000004,-0.5,-0.7000000000000001,0.8,0.30000000000000004,9.200000000000001,-20.900000000000002,-3.3000000000000003,-9.5,16
4599,76949.0,0.1,-0.30000000000000004,-0.7000000000000001,0.6000000000000001,0.4,9.1,-12.8,-1.0,-8.600000000000001,16
4600,76966.0,0.0,-0.1,-0.9,0.30000000000000004,0.6000000000000001,8.8,-7.400000000000001,-2.9,-9.0,16
4601,76987.0,-0.30000000000000004,0.1,-1.2000000000000002,0.1,0.7000000000000001,8.6,-5.300000000000001,-6.7,-9.8,16
4602,76999.0,-0.4,0.2,-1.4000000000000001,0.1,0.8,8.4,-7.0,-11.6,-10.8,16
4603,77015.0,-0.4,0.30000000000000004,-1.3,0.1,0.9,8.5,-10.600000000000001,-15.6,-12.8,16
4604,77033.0,-0.4,0.30000000000000004,-1.2000000000000002,0.1,0.9,8.6,-15.000000000000002,-17.599999999999998,-16.400000000000002,16
4605,77049.0,-0.5,0.30000000000000004,-0.9,0.1,0.8,8.8,-18.8,-18.5,-19.8,16
4606,77070.0,-0.8,0.30000000000000004,-0.5,-0.1,0.8,9.200000000000001,-21.8,-17.200000000000003,-22.1,16
4607,77083.0,-1.0,0.4,-0.30000000000000004,-0.4,0.9,9.5,-21.700000000000003,-13.700000000000001,-22.000000000000004,16
4608,77099.0,-1.2000000000000002,0.6000000000000001,0.2,-0.6000000000000001,1.0,9.9,-18.2,-7.6,-20.2,16
4609,77117.0,-1.2000000000000002,0.7000000000000001,0.30000000000000004,-0.5,1.1,10.200000000000001,-13.8,-3.3000000000000003,-20.0,16
4610,77132.0,-1.2000000000000002,0.7000000000000001,0.8,-0.5,1.1,10.600000000000001,-11.9,-3.6,-22.4,16
4611,77150.0,-1.1,0.8,0.9,-0.5,1.1,10.600000000000001,-12.100000000000001,-5.300000000000001,-25.0,16
4612,77167.0,-1.4000000000000001,1.0,0.8,-0.7000000000000001,1.3,10.5,-12.100000000000001,-2.9,-24.1,16
4613,77185.0,-1.6,1.1,0.9,-1.0,1.4000000000000001,10.700000000000001,-9.0,1.9,-18.1,16
4614,77199.0,-1.7000000000000002,1.1,1.0,-1.0,1.4000000000000001,10.700000000000001,-9.0,1.9,-18.1,16
4615,77216.0,-1.1,0.6000000000000001,1.5,-0.6000000000000001,0.9,11.200000000000001,1.5000000000000002,2.3000000000000003,-5.8,16
4616,77232.0,-0.9,0.4,1.6,-0.2,0.6000000000000001,11.4,5.7,-0.7,-6.9,16
4617,77249.0,-0.7000000000000001,0.2,1.8,-0.2,0.6000000000000001,11.600000000000001,10.600000000000001,1.5000000000000002,-9.4,16
4618,77266.0,-0.9,0.2,1.9000000000000001,-0.30000000000000004,0.6000000000000001,11.700000000000001,16.2,4.7,-9.200000000000001,16
4619,77289.0,-1.2000000000000002,0.30000000000000004,2.0,-0.6000000000000001,0.8,11.8,22.000000000000004,12.000000000000002,-5.6,16
4620,77299.0,-1.1,0.30000000000000004,2.2,-0.6000000000000001,0.8,12.100000000000001,26.200000000000003,18.0,-1.6,16
4621,77316.0,-0.8,0.1,2.7,-0.4,0.7000000000000001,12.600000000000001,22.900000000000002,14.100000000000001,0.4,16
4622,77332.0,-0.4,0.1,2.6,0.1,0.7000000000000001,12.200000000000001,17.3,10.600000000000001,2.5,16
4623,77349.0,-0.1,0.1,2.0,0.30000000000000004,0.7000000000000001,11.9,18.6,16.1,6.000000000000001,16
4624,77365.0,0.2,-0.2,2.2,0.5,0.6000000000000001,12.0,22.000000000000004,18.0,7.8,16
4625,77385.0,0.5,-0.30000000000000004,1.9000000000000001,0.7000000000000001,0.5,11.8,22.4,17.7,7.400000000000001,16
4626,77402.0,0.7000000000000001,-0.5,1.6,1.1,0.4,11.4,23.0,15.8,6.4,16
4627,77417.0,1.3,-0.8,1.0,1.5,0.2,10.9,22.2,18.0,3.1,16
4628,77432.0,1.4000000000000001,-0.9,0.7000000000000001,1.5,0.0,10.4,20.7,21.1,-1.0999999999999999,16
4629,77449.0,1.3,-1.0,0.1,1.3,0.0,9.9,20.7,27.1,-3.1,16
4630,77466.0,1.1,-1.1,0.0,1.1,0.0,9.9,23.1,31.3,-3.8,16
4631,77494.0,1.4000000000000001,-1.2000000000000002,-0.2,1.3,-0.1,9.700000000000001,23.900000000000002,28.3,-5.8,16
4632,77499.0,1.5,-1.3,-0.5,1.4000000000000001,-0.1,9.200000000000001,22.2,23.3,-9.9,16
4633,77518.0,1.6,-1.3,-1.1,1.4000000000000001,0.0,8.700000000000001,17.400000000000002,19.200000000000003,-14.900000000000002,16
4634,77532.0,1.5,-1.2000000000000002,-1.4000000000000001,1.1,0.2,8.200000000000001,11.2,17.7,-17.0,16
4635,77549.0,1.1,-1.0,-1.8,0.7000000000000001,0.4,7.9,7.1000000000000005,19.1,-15.2,16
4636,77566.0,0.8,-0.7000000000000001,-1.9000000000000001,0.4,0.6000000000000001,7.800000000000001,4.0,22.2,-11.6,16
4637,77588.0,0.5,-0.6000000000000001,-1.9000000000000001,0.1,0.7000000000000001,7.800000000000001,-0.4,19.0,-9.5,16
4638,77599.0,0.4,-0.6000000000000001,-1.9000000000000001,-0.2,0.7000000000000001,7.9,-7.6,13.3,-10.0,16
4639,77616.0,0.0,-0.5,-1.8,-0.6000000000000001,0.8,7.9,-14.4,6.8,-10.5,16
4640,77632.0,-0.2,-0.4,-1.8,-0.9,0.9,7.9,-18.2,3.4,-9.4,16
4641,77649.0,-0.5,-0.2,-1.8,-1.1,1.0,8.0,-18.7,4.0,-5.9,16
4642,77667.0,-0.6000000000000001,0.0,-1.7000000000000002,-1.2000000000000002,1.0,8.0,-17.3,5.7,-1.3,16
4643,77686.0,-0.7000000000000001,0.0,-1.7000000000000002,-1.3,1.1,8.0,-15.5,5.7,1.9,16
4644,77700.0,-0.7000000000000001,0.0,-1.7000000000000002,-1.3,1.1,8.0,-15.5,5.7,1.9,16
4645,77716.0,-0.9,0.1,-1.6,-1.6,1.1,8.200000000000001,-15.2,3.1,4.2,16
4646,77732.0,-1.1,0.2,-1.5,-1.8,1.2000000000000002,8.3,-15.000000000000002,0.9,7.400000000000001,16
4647,77749.0,-1.2000000000000002,0.30000000000000004,-1.3,-1.8,1.2000000000000002,8.5,-13.9,-0.5,12.3,16
4648,77766.0,-1.1,0.4,-1.1,-1.6,1.2000000000000002,8.6,-13.100000000000001,-2.7,17.200000000000003,16
4649,77787.0,-0.7000000000000001,0.4,-0.8,-1.3,1.2000000000000002,8.9,-14.600000000000001,-5.9,20.1,16
4650,77799.0,-0.6000000000000001,0.4,-0.7000000000000001,-1.1,1.2000000000000002,9.1,-15.6,-6.7,22.1,16
4651,77816.0,-0.5,0.6000000000000001,-0.30000000000000004,-1.0,1.4000000000000001,9.4,-14.600000000000001,-4.800000000000001,25.5,16
4652,77833.0,-0.30000000000000004,0.8,0.2,-0.9,1.5,9.9,-12.3,-0.7,30.100000000000005,16
4653,77849.0,-0.2,0.8,0.30000000000000004,-0.7000000000000001,1.6,10.100000000000001,-8.1,4.0,33.400000000000006,16
4654,77866.0,-0.1,0.9,0.5,-0.6000000000000001,1.6,10.3,-1.2000000000000002,9.700000000000001,35.7,16
4655,77886.0,0.1,0.9,0.6000000000000001,-0.5,1.6,10.3,7.0,16.2,36.6,16
4656,77904.0,0.30000000000000004,0.9,0.8,-0.4,1.7000000000000002,10.4,13.0,19.8,34.900000000000006,16
4657,77917.0,0.5,0.9,0.9,-0.1,1.7000000000000002,10.700000000000001,13.700000000000001,15.8,31.0,16
4658,77932.0,1.2000000000000002,0.8,1.1,0.6000000000000001,1.7000000000000002,10.8,10.3,6.7,24.9,16
4659,77949.0,1.2000000000000002,0.8,1.1,0.6000000000000001,1.7000000000000002,10.8,10.3,6.7,24.9,16
4660,77966.0,2.1,0.7000000000000001,1.0,1.4000000000000001,1.6,10.5,1.8,-2.3000000000000003,13.5,16
4661,77991.0,1.7000000000000002,0.7000000000000001,0.4,1.0,1.6,10.100000000000001,3.2,8.3,11.2,16
4662,77999.0,1.0,0.8,0.6000000000000001,0.30000000000000004,1.8,10.3,7.699999999999999,18.0,10.700000000000001,16
4663,78019.0,0.7000000000000001,0.8,1.1,-0.1,1.7000000000000002,10.9,3.2,14.4,8.0,16
4664,78032.0,0.30000000000000004,0.7000000000000001,1.2000000000000002,-0.5,1.6,11.0,-5.8,0.7,3.9,16
4665,78049.0,0.2,0.6000000000000001,1.3,-0.6000000000000001,1.4000000000000001,11.200000000000001,-13.3,-8.200000000000001,2.3000000000000003,16
4666,78065.0,0.2,0.2,1.5,-0.6000000000000001,1.0,11.3,-16.6,-12.700000000000001,2.8,16
4667,78084.0,-0.2,0.0,1.8,-0.9,0.8,11.600000000000001,-13.4,-8.0,7.1000000000000005,16
4668,78101.0,-0.7000000000000001,-0.2,2.4000000000000004,-1.3,0.7000000000000001,12.200000000000001,-4.9,-6.4,15.2,16
4669,78116.0,-0.5,-0.4,2.7,-0.8,0.30000000000000004,12.5,4.800000000000001,-14.0,21.200000000000003,16
4670,78133.0,0.4,-0.8,2.5,-0.1,0.0,12.200000000000001,11.9,-18.6,21.1,16
4671,78149.0,0.8,-1.2000000000000002,1.6,0.30000000000000004,-0.2,11.5,16.6,-18.7,17.8,16
4672,78165.0,0.8,-1.2000000000000002,0.9,0.4,-0.30000000000000004,10.600000000000001,18.6,-15.299999999999999,15.5,16
4673,78183.0,0.8,-1.3,0.1,0.5,-0.30000000000000004,9.8,21.0,-10.5,15.2,16
4674,78199.0,0.8,-1.4000000000000001,-0.4,0.5,-0.30000000000000004,9.4,18.3,-3.8,15.9,16
4675,78216.0,0.8,-1.4000000000000001,-0.7000000000000001,0.4,-0.30000000000000004,8.9,16.400000000000002,-2.1999999999999997,15.2,16
4676,78232.0,0.7000000000000001,-1.4000000000000001,-1.0,0.30000000000000004,-0.30000000000000004,8.700000000000001,14.100000000000001,-0.9,12.700000000000001,16
4677,78249.0,0.6000000000000001,-1.4000000000000001,-1.2000000000000002,0.2,-0.2,8.5,10.5,-1.7,9.0,16
4678,78266.0,0.4,-1.2000000000000002,-1.3,0.1,-0.1,8.4,7.0,-3.1,5.0,16
4679,78287.0,0.30000000000000004,-1.2000000000000002,-1.4000000000000001,0.0,0.0,8.4,3.5,-5.500000000000001,0.6000000000000001,16
4680,78299.0,0.4,-1.0,-1.2000000000000002,0.2,0.2,8.5,-1.5000000000000002,-8.700000000000001,-3.7000000000000006,16
4681,78316.0,0.4,-0.9,-1.2000000000000002,0.2,0.30000000000000004,8.6,-8.4,-13.6,-7.500000000000001,16
4682,78333.0,0.4,-0.7000000000000001,-1.1,0.30000000000000004,0.4,8.6,-14.0,-16.400000000000002,-9.600000000000001,16
4683,78349.0,0.5,-0.6000000000000001,-1.1,0.4,0.4,8.6,-18.3,-14.100000000000001,-10.700000000000001,16
4684,78365.0,0.5,-0.5,-1.0,0.5,0.5,8.9,-19.9,-10.4,-10.8,16
4685,78383.0,0.6000000000000001,-0.30000000000000004,-0.7000000000000001,0.5,0.6000000000000001,9.0,-16.0,-3.7000000000000006,-9.9,16
4686,78399.0,0.5,-0.2,-0.6000000000000001,0.4,0.7000000000000001,9.1,-9.8,2.4000000000000004,-9.600000000000001,16
4687,78416.0,0.5,-0.1,-0.5,0.30000000000000004,0.8,9.3,-5.1,2.0,-11.5,16
4688,78432.0,0.30000000000000004,0.0,-0.5,0.2,0.8,9.200000000000001,-3.3000000000000003,-4.300000000000001,-14.700000000000001,16
4689,78449.0,0.30000000000000004,0.0,-0.6000000000000001,0.2,0.8,9.200000000000001,-3.3000000000000003,-4.300000000000001,-14.700000000000001,16
4690,78465.0,0.4,-0.1,-0.9,0.30000000000000004,0.7000000000000001,8.6,-5.300000000000001,-13.100000000000001,-22.6,16
4691,78482.0,0.2,-0.1,-1.2000000000000002,0.0,0.7000000000000001,8.6,-8.0,-12.4,-25.1,16
4692,78499.0,-0.30000000000000004,0.0,-1.0,-0.4,0.7000000000000001,8.700000000000001,-11.5,-13.200000000000001,-25.6,16
4693,78521.0,-0.8,0.0,-0.7000000000000001,-0.8,0.7000000000000001,8.9,-13.4,-17.7,-24.6,16
4694,78535.0,-0.9,0.0,-0.7000000000000001,-0.8,0.7000000000000001,8.9,-14.200000000000001,-21.400000000000002,-24.1,16
4695,78549.0,-0.7000000000000001,-0.1,-0.6000000000000001,-0.6000000000000001,0.6000000000000001,9.0,-11.9,-17.400000000000002,-24.9,16
4696,78565.0,-0.6000000000000001,-0.1,-0.30000000000000004,-0.5,0.6000000000000001,9.200000000000001,-6.000000000000001,-8.700000000000001,-26.500000000000004,16
4697,78584.0,-0.6000000000000001,0.1,-0.1,-0.7000000000000001,0.8,9.5,-1.6,0.30000000000000004,-26.700000000000003,16
4698,78601.0,-0.9,0.30000000000000004,0.1,-1.0,1.0,9.700000000000001,1.7,3.9,-25.5,16
4699,78616.0,-1.3,0.6000000000000001,0.5,-1.3,1.2000000000000002,10.0,1.7,1.4,-22.8,16
4700,78632.0,-1.4000000000000001,0.6000000000000001,0.4,-1.2000000000000002,1.3,9.9,-3.1,-7.300000000000001,-20.5,16
4701,78649.0,-1.0,0.7000000000000001,0.5,-1.0,1.3,10.200000000000001,-8.3,-11.1,-20.5,16
4702,78666.0,-1.2000000000000002,0.7000000000000001,1.1,-1.0,1.3,10.200000000000001,-8.3,-11.1,-20.5,16
4703,78682.0,-1.3,0.7000000000000001,1.4000000000000001,-1.3,1.4000000000000001,11.100000000000001,-4.2,-9.700000000000001,-13.4,16
4704,78700.0,-1.3,0.8,1.6,-1.3,1.4000000000000001,11.100000000000001,-4.2,-9.700000000000001,-13.4,16
4705,78717.0,-1.3,0.7000000000000001,1.9000000000000001,-1.1,1.3,11.600000000000001,0.4,-8.0,-6.8,16
4706,78732.0,-0.6000000000000001,0.8,2.7,-0.6000000000000001,1.4000000000000001,12.3,9.600000000000001,-3.7000000000000006,-1.9,16
4707,78749.0,-1.6,0.0,2.2,-1.2000000000000002,0.7000000000000001,11.700000000000001,17.0,4.3999999999999995,3.7000000000000006,16
4708,78769.0,-0.4,0.0,2.1,-0.5,0.8,11.700000000000001,25.8,15.2,1.0999999999999999,16
4709,78783.0,-1.0,0.0,2.1,-1.3,0.9,11.700000000000001,35.6,15.6,-3.6,16
4710,78807.0,-0.9,0.2,1.8,-1.2000000000000002,1.1,11.600000000000001,31.2,1.9,-4.0,16
4711,78818.0,-0.7000000000000001,0.2,1.4000000000000001,-0.7000000000000001,1.2000000000000002,11.0,18.900000000000002,-5.500000000000001,-2.5,16
4712,78832.0,-0.6000000000000001,0.1,0.8,-0.5,1.1,10.3,10.0,-1.8,1.4,16
4713,78849.0,-0.30000000000000004,-0.1,0.7000000000000001,-0.30000000000000004,0.9,10.5,2.6,3.3000000000000003,4.800000000000001,16
4714,78866.0,-0.2,-0.30000000000000004,1.3,-0.30000000000000004,0.7000000000000001,11.0,0.0,7.699999999999999,7.9,16
4715,78883.0,-0.1,-0.4,1.5,-0.1,0.5,11.3,3.0000000000000004,7.400000000000001,10.600000000000001,16
4716,78899.0,0.4,-0.6000000000000001,1.6,0.30000000000000004,0.4,11.200000000000001,7.699999999999999,6.000000000000001,10.700000000000001,16
4717,78916.0,0.5,-0.8,1.3,0.4,0.30000000000000004,10.9,14.600000000000001,6.6000000000000005,7.6,16
4718,78932.0,0.5,-0.9,1.0,0.30000000000000004,0.2,10.4,19.6,6.8,1.8,16
4719,78949.0,0.5,-1.0,0.5,0.30000000000000004,0.2,10.0,17.8,4.6000000000000005,-2.7,16
4720,78966.0,0.9,-1.1,0.1,0.7000000000000001,0.1,9.8,10.4,0.1,-4.300000000000001,16
4721,78983.0,1.1,-1.2000000000000002,0.0,1.1,0.0,9.5,6.1000000000000005,-0.1,-2.6,16
4722,79002.0,1.6,-1.2000000000000002,-0.4,1.4000000000000001,0.0,9.3,6.5,6.6000000000000005,0.7,16
4723,79015.0,1.7000000000000002,-1.1,-0.4,1.6,0.2,9.200000000000001,10.0,13.100000000000001,3.8,16
4724,79032.0,1.9000000000000001,-1.0,-0.9,1.7000000000000002,0.2,8.8,12.9,17.8,3.4,16
4725,79049.0,1.7000000000000002,-0.9,-1.1,1.3,0.5,8.4,13.6,20.7,0.0,16
4726,79065.0,1.1,-0.6000000000000001,-1.4000000000000001,0.7000000000000001,0.8,8.200000000000001,11.5,19.500000000000004,-2.0,16
4727,79082.0,0.7000000000000001,-0.4,-1.7000000000000002,0.4,0.9,7.9,5.300000000000001,13.100000000000001,-2.3000000000000003,16
4728,79099.0,0.6000000000000001,-0.4,-1.8,0.2,1.0,7.7,-0.5,9.1,-2.1999999999999997,16
4729,79115.0,0.30000000000000004,-0.4,-2.1,-0.2,1.0,7.5,-3.2,10.700000000000001,-1.3,16
4730,79132.0,-0.30000000000000004,-0.2,-2.1,-0.7000000000000001,1.2000000000000002,7.5,-4.6000000000000005,10.3,0.4,16
4731,79151.0,-0.6000000000000001,0.0,-2.0,-1.0,1.3,7.6000000000000005,-8.3,4.0,1.9,16
4732,79165.0,-0.6000000000000001,0.0,-1.7000000000000002,-1.1,1.3,8.0,-14.500000000000002,-4.300000000000001,1.9,16
4733,79183.0,-0.8,0.1,-1.4000000000000001,-1.2000000000000002,1.3,8.200000000000001,-19.6,-11.2,2.1999999999999997,16
4734,79200.0,-0.8,0.1,-1.4000000000000001,-1.2000000000000002,1.3,8.200000000000001,-19.6,-11.2,2.1999999999999997,16
4735,79217.0,-1.1,0.30000000000000004,-0.8,-1.4000000000000001,1.4000000000000001,8.9,-22.900000000000002,-16.8,12.200000000000001,16
4736,79233.0,-0.9,0.2,-0.30000000000000004,-1.2000000000000002,1.3,9.200000000000001,-20.0,-16.8,18.1,16
4737,79249.0,-0.7000000000000001,0.2,-0.2,-0.9,1.2000000000000002,9.5,-15.100000000000001,-16.400000000000002,21.700000000000003,16
4738,79265.0,-0.6000000000000001,0.2,0.2,-0.7000000000000001,1.2000000000000002,9.9,-10.3,-17.599999999999998,24.200000000000003,16
4739,79282.0,-0.5,0.4,0.6000000000000001,-0.6000000000000001,1.3,10.200000000000001,-6.2,-20.5,27.3,16
4740,79299.0,-0.2,0.4,0.7000000000000001,-0.1,1.4000000000000001,10.4,-3.2,-21.8,30.100000000000005,16
4741,79316.0,0.4,0.4,0.8,0.5,1.4000000000000001,10.4,-0.1,-19.1,31.3,16
4742,79332.0,0.8,0.4,0.6000000000000001,0.9,1.4000000000000001,10.200000000000001,3.1,-11.4,30.799999999999997,16
4743,79349.0,0.9,0.5,0.30000000000000004,0.9,1.5,9.9,7.699999999999999,-0.7,30.200000000000003,16
4744,79365.0,0.7000000000000001,0.7000000000000001,0.2,0.7000000000000001,1.7000000000000002,9.8,12.000000000000002,9.8,30.799999999999997,16
4745,79382.0,0.6000000000000001,0.8,0.1,0.6000000000000001,1.9000000000000001,9.700000000000001,14.100000000000001,15.399999999999999,31.4,16
4746,79399.0,0.5,1.0,-0.1,0.5,2.1,9.5,14.900000000000002,17.0,31.8,16
4747,79416.0,0.5,1.0,-0.1,0.5,2.2,9.5,14.200000000000001,15.399999999999999,30.100000000000005,16
4748,79432.0,0.5,1.1,-0.1,0.5,2.3000000000000003,9.5,13.700000000000001,13.5,26.700000000000003,16
4749,79449.0,0.6000000000000001,1.1,0.0,0.5,2.4000000000000004,9.700000000000001,11.9,9.5,21.8,16
4750,79466.0,0.7000000000000001,1.1,0.2,0.7000000000000001,2.4000000000000004,9.700000000000001,7.9,2.7,16.400000000000002,16
4751,79482.0,0.8,1.0,0.1,0.8,2.3000000000000003,9.600000000000001,4.2,-0.9,11.700000000000001,16
4752,79502.0,0.8,0.9,0.0,0.7000000000000001,2.2,9.5,1.0,-0.2,8.200000000000001,16
4753,79516.0,0.7000000000000001,0.8,0.0,0.4,2.1,9.600000000000001,-3.7000000000000006,2.1,5.4,16
4754,79532.0,0.1,0.9,0.30000000000000004,0.0,2.2,10.100000000000001,-11.1,-0.1,4.7,16
4755,79549.0,-0.30000000000000004,0.9,1.2000000000000002,-0.30000000000000004,2.1,10.8,-21.1,-8.600000000000001,6.6000000000000005,16
4756,79565.0,-0.2,0.7000000000000001,1.6,-0.1,1.8,11.3,-28.900000000000002,-17.5,9.1,16
4757,79582.0,0.1,0.30000000000000004,2.0,0.2,1.4000000000000001,11.8,-30.7,-20.0,10.2,16
4758,79599.0,0.2,0.1,2.5,0.30000000000000004,1.1,12.100000000000001,-27.400000000000002,-15.7,12.3,16
4759,79616.0,0.1,0.0,2.6,0.4,0.9,12.4,-20.4,-10.700000000000001,17.0,16
4760,79634.0,0.5,-0.2,2.8000000000000003,0.7000000000000001,0.7000000000000001,12.5,-6.7,-3.7000000000000006,21.900000000000002,16
4761,79649.0,0.8,-0.4,2.5,1.0,0.6000000000000001,12.200000000000001,13.200000000000001,4.6000000000000005,24.3,16
4762,79666.0,1.1,-0.5,2.3000000000000003,1.5,0.4,11.700000000000001,29.800000000000004,11.3,19.500000000000004,16
4763,79682.0,1.1,-0.5,2.3000000000000003,1.5,0.4,11.700000000000001,29.800000000000004,11.3,19.500000000000004,16
4764,79700.0,1.4000000000000001,-0.8,0.6000000000000001,1.6,0.4,10.700000000000001,38.300000000000004,13.8,9.8,16
4765,79717.0,1.1,-0.7000000000000001,-0.8,1.2000000000000002,0.6000000000000001,8.9,36.6,18.5,-3.3000000000000003,16
4766,79732.0,1.0,-0.8,-1.1,1.0,0.6000000000000001,8.4,29.400000000000002,19.500000000000004,-4.3999999999999995,16
4767,79750.0,0.9,-1.0,-1.5,0.8,0.5,8.1,21.8,19.8,-4.1000000000000005,16
4768,79766.0,0.6000000000000001,-1.1,-1.7000000000000002,0.5,0.4,8.0,15.7,20.0,-3.2,16
4769,79782.0,0.4,-1.1,-1.6,0.2,0.5,8.200000000000001,11.3,17.1,-2.8,16
4770,79799.0,0.4,-1.1,-0.9,0.2,0.4,8.700000000000001,9.200000000000001,11.9,-4.0,16
4771,79816.0,0.4,-1.1,-0.6000000000000001,0.2,0.4,8.9,8.0,1.5000000000000002,-7.2,16
4772,79832.0,0.5,-1.1,-0.6000000000000001,0.30000000000000004,0.5,9.0,7.9,-5.1,-10.1,16
4773,79849.0,0.5,-0.9,-0.6000000000000001,0.4,0.7000000000000001,9.0,6.1000000000000005,-11.000000000000002,-11.4,16
4774,79866.0,0.7000000000000001,-0.7000000000000001,-0.5,0.6000000000000001,0.9,9.0,3.3000000000000003,-14.500000000000002,-10.9,16
4775,79882.0,0.9,-0.6000000000000001,-0.5,0.9,1.0,9.200000000000001,-2.8,-17.9,-11.3,16
4776,79900.0,1.2000000000000002,-0.6000000000000001,-0.30000000000000004,1.3,0.9,9.3,-11.000000000000002,-21.900000000000002,-13.5,16
4777,79916.0,1.3,-0.6000000000000001,-0.30000000000000004,1.3,0.9,9.3,-11.000000000000002,-21.900000000000002,-13.5,16
4778,79932.0,1.2000000000000002,-0.6000000000000001,-0.6000000000000001,1.1,0.9,8.8,-14.200000000000001,-10.9,-15.399999999999999,16
4779,79949.0,0.5,-0.4,-1.0,0.5,1.0,8.5,-10.600000000000001,-0.1,-13.0,16
4780,79976.0,-0.2,-0.30000000000000004,-1.1,-0.1,1.1,8.5,-10.2,2.4000000000000004,-10.700000000000001,16
4781,79991.0,-0.7000000000000001,-0.2,-1.0,-0.5,1.1,8.5,-13.8,-6.000000000000001,-10.3,16
4782,80002.0,-0.8,-0.1,-0.9,-0.7000000000000001,1.2000000000000002,8.700000000000001,-18.7,-18.8,-10.2,16
4783,80020.0,-0.8,0.0,-0.7000000000000001,-0.6000000000000001,1.3,8.8,-23.2,-31.3,-10.5,16
4784,80032.0,-0.7000000000000001,0.1,-0.7000000000000001,-0.2,1.2000000000000002,8.9,-23.900000000000002,-36.9,-10.9,16
4785,80049.0,-0.4,0.1,-0.5,0.1,1.2000000000000002,9.200000000000001,-22.2,-34.300000000000004,-12.200000000000001,16
4786,80069.0,-0.2,0.1,-0.2,0.30000000000000004,1.2000000000000002,9.4,-19.8,-29.900000000000006,-14.600000000000001,16
4787,80082.0,-0.1,0.1,0.0,0.30000000000000004,1.1,9.700000000000001,-17.9,-26.3,-18.3,16
4788,80099.0,-0.5,0.1,0.30000000000000004,0.0,1.1,9.9,-18.0,-23.8,-22.1,16
4789,80115.0,-0.8,0.1,0.30000000000000004,-0.1,1.0,9.9,-22.1,-23.0,-26.400000000000002,16
4790,80133.0,-0.6000000000000001,0.0,0.30000000000000004,0.30000000000000004,0.7000000000000001,9.8,-29.900000000000006,-15.2,-33.800000000000004,16
4791,80149.0,-0.2,-0.2,0.30000000000000004,0.5,0.6000000000000001,9.9,-36.5,-4.2,-42.300000000000004,16
4792,80166.0,-0.30000000000000004,-0.1,0.5,0.4,0.6000000000000001,10.200000000000001,-38.7,8.600000000000001,-46.6,16
4793,80182.0,-0.4,0.1,0.7000000000000001,0.0,0.8,10.5,-34.800000000000004,20.7,-43.900000000000006,16
4794,80199.0,-0.6000000000000001,0.2,0.9,0.0,0.8,10.5,-34.800000000000004,20.7,-43.900000000000006,16
4795,80216.0,-0.9,0.30000000000000004,1.3,-0.5,0.7000000000000001,10.9,-18.1,27.2,-30.200000000000003,16
4796,80232.0,-1.0,0.2,1.4000000000000001,-0.6000000000000001,0.6000000000000001,11.100000000000001,-11.1,21.1,-26.8,16
4797,80250.0,-1.0,0.2,1.3,-0.8,0.7000000000000001,11.0,-3.4,14.700000000000001,-24.5,16
4798,80273.0,-1.5,0.7000000000000001,0.9,-1.5,1.2000000000000002,10.5,13.3,10.3,-12.700000000000001,16
4799,80283.0,-1.7000000000000002,0.8,0.8,-1.5,1.2000000000000002,10.5,13.3,10.3,-12.700000000000001,16
4800,80299.0,-1.9000000000000001,0.9,0.7000000000000001,-1.9000000000000001,1.4000000000000001,10.4,17.200000000000003,8.700000000000001,-4.3999999999999995,16
4801,80319.0,-2.2,0.9,0.8,-2.0,1.5,10.600000000000001,16.1,4.300000000000001,2.9,16
4802,80333.0,-2.0,0.9,1.0,-1.9000000000000001,1.5,10.700000000000001,12.100000000000001,-1.7,7.699999999999999,16
4803,80349.0,-1.9000000000000001,0.9,1.1,-1.7000000000000002,1.5,10.9,8.799999999999999,-4.300000000000001,10.4,16
4804,80365.0,-1.7000000000000002,0.7000000000000001,1.5,-1.5,1.3,11.3,6.2,-6.2,11.2,16
4805,80382.0,-1.2000000000000002,0.4,2.1,-1.1,1.1,11.8,-1.0,-12.5,10.5,16
4806,80401.0,-1.0,0.30000000000000004,2.1,-0.7000000000000001,0.8,11.700000000000001,-6.1000000000000005,-12.9,11.2,16
4807,80421.0,-0.7000000000000001,0.0,1.9000000000000001,-0.5,0.6000000000000001,11.700000000000001,-2.5,-3.2,13.9,16
4808,80432.0,-0.5,-0.2,2.1,-0.30000000000000004,0.5,11.9,4.800000000000001,4.6000000000000005,18.400000000000002,16
4809,80449.0,-0.30000000000000004,-0.30000000000000004,2.1,0.1,0.30000000000000004,11.700000000000001,12.8,8.5,22.900000000000002,16
4810,80465.0,0.30000000000000004,-0.6000000000000001,1.7000000000000002,0.6000000000000001,0.1,11.3,21.700000000000003,9.1,25.700000000000003,16
4811,80487.0,1.0,-0.8,1.0,1.2000000000000002,0.1,10.700000000000001,32.1,10.2,26.1,16
4812,80499.0,1.2000000000000002,-0.8,0.6000000000000001,1.4000000000000001,0.1,10.100000000000001,41.9,12.200000000000001,24.8,16
4813,80516.0,1.5,-0.9,0.0,1.7000000000000002,0.1,9.600000000000001,46.6,11.5,21.3,16
4814,80533.0,1.6,-1.0,-0.6000000000000001,1.8,0.2,9.1,44.6,8.200000000000001,15.399999999999999,16
4815,80549.0,1.7000000000000002,-1.0,-0.8,1.8,0.2,8.8,35.4,3.6,8.9,16
4816,80567.0,1.7000000000000002,-1.1,-1.1,1.9000000000000001,0.2,8.5,22.5,-0.7,4.1000000000000005,16
4817,80586.0,1.8,-1.2000000000000002,-1.4000000000000001,1.9000000000000001,0.2,8.3,10.5,-2.6,1.8,16
4818,80599.0,1.9000000000000001,-1.3,-1.7000000000000002,2.0,0.1,8.0,3.8,2.3000000000000003,1.5000000000000002,16
4819,80615.0,1.8,-1.3,-1.7000000000000002,1.9000000000000001,0.0,8.0,0.5,9.700000000000001,0.7,16
4820,80632.0,1.6,-1.3,-1.6,1.7000000000000002,0.1,8.1,-2.4000000000000004,12.5,-1.0,16
4821,80649.0,1.3,-1.1,-1.5,1.4000000000000001,0.2,8.200000000000001,-5.7,10.2,-2.8,16
4822,80665.0,1.1,-0.9,-1.4000000000000001,1.1,0.4,8.4,-10.4,5.8,-3.1,16
4823,80684.0,0.8,-0.7000000000000001,-1.2000000000000002,0.9,0.5,8.4,-15.5,-1.9,-2.5,16
4824,80699.0,0.8,-0.7000000000000001,-1.3,0.8,0.7000000000000001,8.4,-17.9,-4.800000000000001,-2.1,16
4825,80715.0,0.8,-0.7000000000000001,-1.3,0.8,0.7000000000000001,8.4,-15.2,-4.3999999999999995,-0.7,16
4826,80732.0,0.2,-0.2,-1.0,0.30000000000000004,1.0,8.700000000000001,-11.700000000000001,-3.2,0.5,16
4827,80749.0,-0.1,0.0,-0.8,0.0,1.1,8.9,-8.799999999999999,-4.6000000000000005,1.9,16
4828,80765.0,-0.2,0.1,-0.7000000000000001,-0.1,1.2000000000000002,8.9,-7.500000000000001,-6.7,2.1,16
4829,80788.0,-0.4,0.2,-0.9,-0.2,1.2000000000000002,8.8,-6.7,-7.6,1.5000000000000002,16
4830,80801.0,-0.7000000000000001,0.30000000000000004,-1.0,-0.5,1.3,8.6,-6.7,-5.2,0.2,16
4831,80817.0,-1.1,0.5,-1.1,-0.9,1.5,8.5,-7.400000000000001,-2.1,0.7,16
4832,80832.0,-1.3,0.6000000000000001,-1.0,-1.2000000000000002,1.7000000000000002,8.6,-8.600000000000001,-1.6,3.3000000000000003,16
4833,80850.0,-1.6,0.8,-0.9,-1.4000000000000001,1.8,8.8,-11.9,-5.2,6.5,16
4834,80865.0,-1.6,0.8,-0.7000000000000001,-1.2000000000000002,1.7000000000000002,9.0,-19.400000000000002,-13.8,8.1,16
4835,80884.0,-1.4000000000000001,0.8,-0.5,-1.1,1.7000000000000002,9.200000000000001,-27.400000000000002,-16.6,8.200000000000001,16
4836,80899.0,-1.3,0.8,-0.1,-1.0,1.6,9.5,-31.6,-17.9,9.200000000000001,16
4837,80922.0,-1.3,0.8,0.5,-1.0,1.5,10.0,-30.799999999999997,-15.100000000000001,11.9,16
4838,80934.0,-1.3,0.9,0.7000000000000001,-1.0,1.5,10.4,-24.3,-12.000000000000002,16.5,16
4839,80949.0,-1.2000000000000002,0.9,1.1,-0.7000000000000001,1.5,10.700000000000001,-16.1,-10.8,21.5,16
4840,80965.0,-0.9,0.9,1.2000000000000002,-0.2,1.4000000000000001,10.9,-6.9,-8.200000000000001,24.200000000000003,16
4841,80992.0,0.0,0.7000000000000001,1.5,0.30000000000000004,1.3,11.100000000000001,0.4,-7.699999999999999,22.7,16
4842,80999.0,0.30000000000000004,0.7000000000000001,1.3,0.8,1.3,11.0,7.0,-7.699999999999999,18.8,16
4843,81016.0,0.4,0.8,1.2000000000000002,1.0,1.4000000000000001,10.8,14.100000000000001,-3.1,15.2,16
4844,81032.0,0.5,0.9,1.0,1.1,1.6,10.700000000000001,18.1,-0.1,13.0,16
4845,81049.0,0.7000000000000001,1.0,0.9,1.2000000000000002,1.7000000000000002,10.600000000000001,17.599999999999998,1.7,11.9,16
4846,81065.0,1.0,1.0,0.8,1.5,1.7000000000000002,10.5,14.500000000000002,2.1,10.9,16
4847,81083.0,1.1,0.9,0.9,1.8,1.6,10.600000000000001,11.4,3.4,8.3,16
4848,81100.0,1.6,0.6000000000000001,1.1,2.1,1.4000000000000001,10.700000000000001,7.1000000000000005,3.4,3.5,16
4849,81115.0,1.6,0.5,0.8,2.1,1.4000000000000001,10.5,4.300000000000001,4.3999999999999995,-0.9,16
4850,81132.0,1.3,0.6000000000000001,0.8,1.6,1.5,10.5,2.8,8.5,-2.7,16
4851,81149.0,0.8,0.6000000000000001,0.8,1.2000000000000002,1.5,10.600000000000001,-0.6000000000000001,9.3,-2.1999999999999997,16
4852,81165.0,0.4,0.4,1.0,0.8,1.3,10.700000000000001,-5.6,7.8,-2.1999999999999997,16
4853,81183.0,0.30000000000000004,0.30000000000000004,1.2000000000000002,0.7000000000000001,1.1,11.100000000000001,-8.4,4.300000000000001,-2.4000000000000004,16
4854,81207.0,0.30000000000000004,0.0,1.7000000000000002,0.7000000000000001,0.9,11.4,-7.8,1.0,-2.7,16
4855,81217.0,0.4,0.0,1.6,0.8,0.8,11.4,-2.6,1.5000000000000002,-2.9,16
4856,81232.0,0.5,-0.1,1.4000000000000001,1.0,0.7000000000000001,11.0,7.1000000000000005,8.3,-3.5,16
4857,81249.0,0.6000000000000001,-0.30000000000000004,0.8,1.0,0.6000000000000001,10.5,16.8,15.9,-5.6,16
4858,81265.0,0.6000000000000001,-0.4,0.2,0.9,0.6000000000000001,10.0,21.400000000000002,19.400000000000002,-8.9,16
4859,81286.0,0.4,-0.4,-0.2,0.6000000000000001,0.6000000000000001,9.600000000000001,19.0,16.400000000000002,-11.4,16
4860,81299.0,0.5,-0.5,-0.4,0.7000000000000001,0.5,9.3,14.600000000000001,12.4,-11.8,16
4861,81316.0,0.5,-0.6000000000000001,-0.6000000000000001,0.7000000000000001,0.5,9.3,12.100000000000001,9.200000000000001,-9.8,16
4862,81333.0,0.6000000000000001,-0.7000000000000001,-0.6000000000000001,0.8,0.30000000000000004,9.1,12.100000000000001,7.500000000000001,-7.2,16
4863,81351.0,0.6000000000000001,-0.9,-0.8,0.7000000000000001,0.1,8.9,12.000000000000002,6.5,-5.8,16
4864,81365.0,0.4,-1.2000000000000002,-0.9,0.5,0.0,8.8,10.5,3.3000000000000003,-5.6,16
4865,81383.0,0.30000000000000004,-1.2000000000000002,-1.0,0.4,-0.1,8.700000000000001,8.600000000000001,1.0,-4.9,16
4866,81404.0,0.2,-1.1,-1.0,0.30000000000000004,0.0,8.8,6.5,-1.4,-3.8,16
4867,81417.0,0.2,-1.2000000000000002,-0.8,0.4,0.0,8.9,3.5,-6.1000000000000005,-2.7,16
4868,81432.0,0.30000000000000004,-1.2000000000000002,-0.7000000000000001,0.6000000000000001,-0.1,9.1,0.7,-11.700000000000001,-2.4000000000000004,16
4869,81450.0,0.4,-1.2000000000000002,-0.6000000000000001,0.7000000000000001,-0.1,9.200000000000001,-1.0999999999999999,-15.5,-2.1,16
4870,81466.0,0.6000000000000001,-1.2000000000000002,-0.5,0.9,-0.1,9.200000000000001,-2.5,-18.2,-1.5000000000000002,16
4871,81484.0,0.7000000000000001,-1.1,-0.6000000000000001,1.1,0.0,9.1,-4.1000000000000005,-18.3,-0.6000000000000001,16
4872,81504.0,0.8,-0.9,-0.8,1.2000000000000002,0.2,9.0,-5.300000000000001,-16.400000000000002,0.5,16
4873,81515.0,0.7000000000000001,-0.8,-0.9,1.1,0.30000000000000004,8.8,-5.300000000000001,-12.100000000000001,1.3,16
4874,81532.0,0.30000000000000004,-0.5,-1.1,0.8,0.5,8.6,-3.3000000000000003,-6.1000000000000005,1.8,16
4875,81549.0,0.0,-0.4,-1.2000000000000002,0.30000000000000004,0.7000000000000001,8.5,-3.4,-2.4000000000000004,0.8,16
4876,81565.0,-0.6000000000000001,-0.2,-1.2000000000000002,-0.2,0.8,8.4,-6.6000000000000005,-4.7,-0.1,16
4877,81583.0,-1.1,-0.1,-1.1,-0.6000000000000001,0.9,8.4,-11.6,-10.3,0.7,16
4878,81599.0,-1.2000000000000002,-0.1,-1.0,-0.8,0.9,8.700000000000001,-16.400000000000002,-15.5,2.9,16
4879,81615.0,-1.4000000000000001,0.0,-0.6000000000000001,-0.8,0.9,9.0,-20.4,-21.0,5.500000000000001,16
4880,81632.0,-1.1,0.0,-0.1,-0.5,0.8,9.4,-20.5,-24.3,8.0,16
4881,81649.0,-0.8,0.0,0.1,0.0,0.8,9.8,-15.9,-22.1,9.3,16
4882,81665.0,-0.4,0.1,0.4,0.4,0.8,10.0,-9.0,-16.6,8.600000000000001,16
4883,81682.0,-0.1,0.1,0.6000000000000001,0.6000000000000001,0.8,10.100000000000001,-3.6,-11.000000000000002,6.5,16
4884,81701.0,-0.1,0.2,0.30000000000000004,0.6000000000000001,1.0,9.8,0.30000000000000004,-3.0000000000000004,4.0,16
4885,81716.0,-0.30000000000000004,0.4,0.30000000000000004,0.4,1.1,9.8,3.8,4.5,2.5,16
4886,81732.0,-0.4,0.5,0.2,0.30000000000000004,1.2000000000000002,9.700000000000001,5.8,8.700000000000001,1.3,16
4887,81749.0,-0.5,0.5,0.1,0.2,1.4000000000000001,9.700000000000001,5.500000000000001,9.600000000000001,-0.6000000000000001,16
4888,81766.0,-0.6000000000000001,0.7000000000000001,0.1,0.0,1.5,9.600000000000001,1.4,5.300000000000001,-3.6,16
4889,81786.0,-0.7000000000000001,0.8,0.0,-0.1,1.6,9.600000000000001,-4.7,-0.2,-5.6,16
4890,81799.0,-0.8,0.8,0.0,-0.2,1.6,9.700000000000001,-8.9,-2.5,-4.3999999999999995,16
4891,81815.0,-1.0,0.8,0.4,-0.30000000000000004,1.6,10.100000000000001,-10.600000000000001,-5.500000000000001,-0.30000000000000004,16
4892,81832.0,-1.0,0.8,1.0,-0.30000000000000004,1.5,10.600000000000001,-10.700000000000001,-9.600000000000001,5.2,16
4893,81849.0,-0.8,0.8,1.3,0.0,1.4000000000000001,11.0,-8.700000000000001,-12.200000000000001,9.200000000000001,16
4894,81865.0,-0.5,0.7000000000000001,1.6,0.30000000000000004,1.4000000000000001,11.4,-3.0000000000000004,-11.9,10.700000000000001,16
4895,81884.0,-0.5,0.7000000000000001,2.1,0.30000000000000004,1.4000000000000001,11.700000000000001,4.5,-9.1,11.6,16
4896,81902.0,-0.5,0.9,2.1,0.30000000000000004,1.6,11.700000000000001,10.700000000000001,-5.4,13.4,16
4897,81915.0,-0.5,0.9,2.0,0.30000000000000004,1.6,11.600000000000001,15.6,-0.1,15.8,16
4898,81932.0,-0.30000000000000004,0.7000000000000001,1.6,0.5,1.5,11.200000000000001,18.2,6.7,15.7,16
4899,81949.0,-0.1,0.30000000000000004,1.5,0.7000000000000001,1.2000000000000002,11.100000000000001,18.900000000000002,10.5,13.100000000000001,16
4900,81965.0,0.2,0.0,1.6,1.1,0.7000000000000001,11.0,11.6,4.7,10.9,16
4901,81993.0,0.5,-0.7000000000000001,0.1,1.1,0.2,9.8,11.4,15.8,16.0,16
4902,81999.0,0.4,-0.7000000000000001,0.1,1.1,0.2,9.8,11.4,15.8,16.0,16
4903,82018.0,0.30000000000000004,-0.6000000000000001,0.4,1.0,0.5,10.100000000000001,11.4,12.8,20.8,16
4904,82032.0,0.5,-0.4,0.0,1.3,0.6000000000000001,9.600000000000001,9.4,7.6,24.1,16
4905,82049.0,0.8,-0.4,-0.5,1.5,0.6000000000000001,9.1,6.8,4.9,22.7,16
4906,82066.0,0.9,-0.4,-0.6000000000000001,1.5,0.6000000000000001,9.1,1.5000000000000002,0.9,17.8,16
4907,82086.0,0.6000000000000001,-0.4,-0.5,1.2000000000000002,0.6000000000000001,9.200000000000001,-1.5000000000000002,-3.1,13.700000000000001,16
4908,82099.0,0.4,-0.5,0.1,1.1,0.5,9.700000000000001,-3.4,-10.1,11.3,16
4909,82116.0,0.5,-0.6000000000000001,0.2,1.4000000000000001,0.30000000000000004,10.0,-6.4,-17.5,9.5,16
4910,82132.0,0.9,-0.8,0.6000000000000001,1.9000000000000001,0.1,10.3,-7.500000000000001,-22.000000000000004,7.500000000000001,16
4911,82150.0,1.5,-1.0,0.8,2.4000000000000004,-0.1,10.5,-6.9,-22.1,4.5,16
4912,82168.0,1.7000000000000002,-1.0,0.7000000000000001,2.7,-0.1,10.4,-3.6,-14.0,0.7,16
4913,82183.0,1.6,-1.0,0.6000000000000001,2.5,-0.1,10.200000000000001,2.1,-0.8,-1.3,16
4914,82199.0,1.4000000000000001,-1.0,0.5,2.5,-0.1,10.200000000000001,2.1,-0.8,-1.3,16
4915,82216.0,0.8,-0.9,0.30000000000000004,1.6,0.0,10.0,4.5,16.2,1.9,16
4916,82232.0,0.5,-0.8,0.30000000000000004,1.4000000000000001,0.0,9.9,1.3,16.3,5.8,16
4917,82249.0,0.6000000000000001,-0.8,0.1,1.4000000000000001,0.0,9.8,-0.7,16.700000000000003,8.4,16
4918,82265.0,0.7000000000000001,-0.8,0.0,1.5,0.1,9.600000000000001,0.9,18.2,9.3,16
4919,82284.0,0.8,-0.6000000000000001,-0.30000000000000004,1.5,0.30000000000000004,9.3,4.800000000000001,22.1,9.3,16
4920,82299.0,0.5,-0.4,-0.8,1.2000000000000002,0.5,8.8,8.5,25.1,9.1,16
4921,82316.0,0.2,-0.2,-1.3,0.8,0.7000000000000001,8.4,11.4,26.3,9.0,16
4922,82332.0,0.0,0.0,-1.5,0.4,1.0,8.0,10.2,25.2,9.5,16
4923,82350.0,-0.4,0.30000000000000004,-2.1,0.0,1.3,7.5,4.6000000000000005,22.4,11.2,16
4924,82368.0,-0.7000000000000001,0.6000000000000001,-2.4000000000000004,-0.30000000000000004,1.6,7.2,-1.9,17.1,14.4,16
4925,82383.0,-0.8,0.7000000000000001,-2.5,-0.5,1.7000000000000002,7.2,-9.3,13.5,18.2,16
4926,82399.0,-0.9,0.9,-2.3000000000000003,-0.6000000000000001,1.8,7.4,-15.9,7.400000000000001,20.5,16
4927,82416.0,-0.8,0.9,-1.9000000000000001,-0.5,1.8,7.7,-21.8,-2.3000000000000003,20.5,16
4928,82432.0,-0.6000000000000001,0.9,-1.6,-0.2,1.7000000000000002,8.200000000000001,-27.1,-10.9,17.3,16
4929,82449.0,-0.30000000000000004,0.9,-1.0,0.5,1.5,8.700000000000001,-31.0,-18.900000000000002,12.6,16
4930,82465.0,-0.1,0.7000000000000001,-0.9,0.4,1.3,8.700000000000001,-32.4,-28.8,7.6,16
4931,82482.0,0.1,1.0,0.1,1.2000000000000002,1.4000000000000001,9.600000000000001,-26.9,-21.700000000000003,4.7,16
4932,82499.0,0.8,0.8,0.1,1.5,1.3,9.8,-21.0,-17.0,1.7,16
4933,82515.0,0.8,1.0,0.5,1.5,1.4000000000000001,10.100000000000001,-12.200000000000001,-8.200000000000001,-1.0,16
4934,82532.0,0.6000000000000001,1.0,0.6000000000000001,1.2000000000000002,1.6,10.100000000000001,-5.1,-3.5,-2.1,16
4935,82549.0,0.30000000000000004,1.3,0.4,0.9,1.8,10.100000000000001,-2.9,1.4,-1.3,16
4936,82565.0,0.0,1.6,0.5,0.7000000000000001,2.0,10.100000000000001,-5.4,3.0000000000000004,1.8,16
4937,82582.0,0.1,1.6,0.6000000000000001,0.8,2.1,10.3,-8.5,4.3999999999999995,5.9,16
4938,82603.0,0.30000000000000004,1.6,1.3,0.9,2.1,10.8,-6.6000000000000005,7.0,9.1,16
4939,82615.0,0.30000000000000004,1.6,1.3,0.9,2.1,10.8,-6.6000000000000005,7.0,9.1,16
4940,82632.0,0.7000000000000001,1.4000000000000001,1.7000000000000002,1.5,1.8,11.4,6.2,4.1000000000000005,7.500000000000001,16
4941,82649.0,1.2000000000000002,1.1,1.8,2.0,1.6,11.4,9.600000000000001,-2.7,2.6,16
4942,82665.0,1.6,0.8,1.5,2.3000000000000003,1.3,11.200000000000001,10.600000000000001,-6.4,-3.4,16
4943,82682.0,1.7000000000000002,0.7000000000000001,1.4000000000000001,2.3000000000000003,1.3,11.100000000000001,11.700000000000001,-4.300000000000001,-8.3,16
4944,82699.0,1.3,0.8,1.5,2.0,1.3,11.200000000000001,11.000000000000002,-2.3000000000000003,-9.600000000000001,16
4945,82715.0,1.1,0.7000000000000001,1.6,1.8,1.3,11.3,6.1000000000000005,-5.2,-9.9,16
4946,82732.0,1.0,0.6000000000000001,1.6,1.5,1.2000000000000002,11.3,-0.9,-5.6,-11.8,16
4947,82749.0,1.0,0.4,1.8,1.7000000000000002,0.9,11.8,-6.7,-6.1000000000000005,-16.6,16
4948,82766.0,0.9,0.2,2.4000000000000004,1.7000000000000002,0.8,12.100000000000001,-5.6,-6.4,-22.000000000000004,16
4949,82782.0,0.8,0.0,2.1,1.6,0.6000000000000001,11.9,-1.5000000000000002,-2.3000000000000003,-25.2,16
4950,82799.0,0.9,0.0,1.9000000000000001,1.6,0.6000000000000001,11.3,8.5,7.0,-26.500000000000004,16
4951,82816.0,0.7000000000000001,-0.1,1.0,1.4000000000000001,0.6000000000000001,10.600000000000001,22.4,15.6,-27.1,16
4952,82833.0,0.4,0.0,0.1,1.1,0.8,9.9,35.5,21.3,-27.400000000000002,16
4953,82849.0,0.2,-0.1,-0.30000000000000004,0.8,0.8,9.3,38.800000000000004,20.1,-27.5,16
4954,82866.0,0.1,-0.2,-0.9,0.7000000000000001,0.7000000000000001,8.8,36.0,12.700000000000001,-27.900000000000002,16
4955,82882.0,0.0,-0.6000000000000001,-1.3,0.6000000000000001,0.5,8.5,28.500000000000004,4.9,-29.800000000000004,16
4956,82899.0,-0.1,-0.7000000000000001,-1.3,0.4,0.4,8.4,17.9,-3.6,-30.299999999999997,16
4957,82915.0,-0.30000000000000004,-0.8,-1.3,0.2,0.4,8.4,6.8,-8.600000000000001,-28.3,16
4958,82932.0,-0.2,-0.9,-1.2000000000000002,0.30000000000000004,0.30000000000000004,8.5,-2.0,-7.8,-25.900000000000002,16
4959,82949.0,-0.2,-0.9,-1.1,0.6000000000000001,0.2,8.700000000000001,-6.1000000000000005,-2.5,-26.400000000000002,16
4960,82965.0,0.2,-1.2000000000000002,-0.8,0.8,0.0,8.9,-8.200000000000001,2.0,-32.1,16
4961,82984.0,0.2,-1.2000000000000002,-0.4,0.8,-0.1,9.3,-9.600000000000001,4.3999999999999995,-39.699999999999996,16
4962,83003.0,0.1,-1.3,0.0,0.6000000000000001,-0.2,9.600000000000001,-8.0,4.3999999999999995,-44.6,16
4963,83015.0,0.0,-1.2000000000000002,0.2,0.4,-0.1,10.0,-5.500000000000001,2.5,-46.2,16
4964,83032.0,-0.2,-1.0,0.5,0.30000000000000004,0.0,10.200000000000001,-3.8,-4.3999999999999995,-43.6,16
4965,83049.0,-0.1,-1.0,0.6000000000000001,0.5,0.0,10.200000000000001,-4.9,-12.9,-39.50000000000001,16
4966,83066.0,0.1,-1.0,0.30000000000000004,0.6000000000000001,0.1,10.0,-6.8,-17.3,-35.1,16
4967,83082.0,0.0,-0.9,0.0,0.6000000000000001,0.1,9.600000000000001,-6.9,-16.1,-29.900000000000006,16
4968,83099.0,-0.1,-0.9,-0.2,0.5,0.2,9.4,-3.6,-9.8,-24.000000000000004,16
4969,83115.0,-0.2,-0.8,-0.4,0.30000000000000004,0.2,9.3,3.2,-1.8,-18.400000000000002,16
4970,83133.0,-0.5,-0.7000000000000001,-0.5,0.1,0.30000000000000004,9.1,11.1,2.1999999999999997,-14.800000000000002,16
4971,83149.0,-0.6000000000000001,-0.7000000000000001,-0.8,-0.2,0.4,8.700000000000001,17.8,4.800000000000001,-13.4,16
4972,83165.0,-0.9,-0.5,-1.2000000000000002,-0.4,0.7000000000000001,8.4,20.6,4.800000000000001,-13.5,16
4973,83182.0,-1.1,-0.30000000000000004,-1.5,-0.6000000000000001,0.9,8.1,17.9,4.0,-14.0,16
4974,83199.0,-1.1,-0.1,-1.6,-0.6000000000000001,1.1,8.0,11.700000000000001,3.0000000000000004,-14.100000000000001,16
4975,83215.0,-1.0,0.0,-1.5,-0.5,1.3,8.200000000000001,4.9,2.9,-14.4,16
4976,83232.0,-0.7000000000000001,0.1,-1.1,-0.2,1.3,8.5,-4.3999999999999995,0.0,-15.7,16
4977,83249.0,-0.4,0.0,-0.6000000000000001,0.0,1.1,9.0,-14.800000000000002,-7.400000000000001,-19.0,16
4978,83269.0,-0.2,-0.2,-0.2,0.30000000000000004,1.0,9.3,-21.200000000000003,-11.9,-23.2,16
4979,83282.0,-0.30000000000000004,-0.1,-0.1,0.2,1.0,9.600000000000001,-19.400000000000002,-10.0,-26.200000000000003,16
4980,83300.0,-0.5,0.0,0.0,0.0,1.0,9.700000000000001,-12.100000000000001,-5.300000000000001,-26.500000000000004,16
4981,83316.0,-0.5,0.0,0.2,-0.1,1.0,9.8,-5.0,-0.8,-25.6,16
4982,83332.0,-0.8,0.1,0.0,-0.30000000000000004,1.1,9.600000000000001,0.30000000000000004,0.2,-24.400000000000002,16
4983,83349.0,-1.2000000000000002,0.2,-0.2,-0.7000000000000001,1.2000000000000002,9.5,3.7000000000000006,1.7,-22.3,16
4984,83367.0,-1.4000000000000001,0.2,-0.1,-1.0,1.3,9.600000000000001,3.1,-0.7,-19.400000000000002,16
4985,83394.0,-1.4000000000000001,0.30000000000000004,0.30000000000000004,-1.0,1.3,9.8,2.5,-3.6,-16.400000000000002,16
4986,83402.0,-1.4000000000000001,0.2,0.4,-1.0,1.3,10.100000000000001,3.0000000000000004,-5.6,-13.100000000000001,16
4987,83416.0,-1.4000000000000001,0.2,0.5,-1.0,1.2000000000000002,10.200000000000001,3.1,-7.300000000000001,-10.4,16
4988,83432.0,-1.4000000000000001,0.1,0.7000000000000001,-1.0,1.2000000000000002,10.4,1.5000000000000002,-9.8,-8.4,16
4989,83449.0,-1.5,0.2,1.1,-1.0,1.3,10.700000000000001,-1.4,-13.100000000000001,-5.7,16
4990,83471.0,-1.2000000000000002,0.30000000000000004,1.6,-0.7000000000000001,1.4000000000000001,11.200000000000001,-5.7,-19.1,-1.9,16
4991,83482.0,-1.0,0.4,1.9000000000000001,-0.2,1.5,11.700000000000001,-7.300000000000001,-21.5,1.4,16
4992,83499.0,0.0,0.4,2.6,0.7000000000000001,1.5,12.4,-5.4,-22.000000000000004,2.5,16
4993,83515.0,0.5,0.4,2.9000000000000004,1.6,1.5,12.8,-6.3,-26.500000000000004,1.0999999999999999,16
4994,83533.0,1.1,0.4,3.2,2.0,1.5,12.9,-2.3000000000000003,-20.900000000000002,-0.7,16
4995,83552.0,1.2000000000000002,0.7000000000000001,2.8000000000000003,2.1,1.7000000000000002,12.3,14.4,-9.700000000000001,-1.8,16
4996,83565.0,1.3,0.7000000000000001,2.0,1.9000000000000001,1.9000000000000001,11.3,24.7,-0.9,-4.5,16
4997,83584.0,1.0,0.8,1.3,1.8,2.0,11.100000000000001,28.6,6.2,-6.3,16
4998,83599.0,0.8,0.7000000000000001,0.7000000000000001,1.6,2.0,10.4,31.4,9.4,-7.9,16
4999,83615.0,0.7000000000000001,0.4,0.2,1.5,1.8,9.9,28.8,11.3,-10.700000000000001,16
5000,83632.0,0.6000000000000001,0.2,-0.1,1.4000000000000001,1.6,9.5,24.7,12.9,-13.6,16
5001,83649.0,0.7000000000000001,-0.1,-0.6000000000000001,1.4000000000000001,1.3,9.0,21.900000000000002,17.1,-16.3,16
5002,83665.0,0.6000000000000001,-0.7000000000000001,-1.1,1.3,1.0,8.6,20.900000000000002,22.000000000000004,-19.200000000000003,16
5003,83690.0,0.30000000000000004,-1.0,-1.6,1.0,0.7000000000000001,8.200000000000001,19.1,25.400000000000002,-22.5,16
5004,83700.0,0.30000000000000004,-1.0,-1.6,1.0,0.7000000000000001,8.200000000000001,19.1,25.400000000000002,-22.5,16
5005,83715.0,0.0,-1.1,-1.2000000000000002,0.4,0.6000000000000001,8.5,-0.5,12.9,-23.2,16
5006,83732.0,0.1,-1.1,-1.1,0.5,0.5,8.700000000000001,-11.4,4.1000000000000005,-18.8,16
5007,83749.0,0.4,-1.2000000000000002,-0.8,0.9,0.4,8.9,-15.5,-3.5,-14.0,16
5008,83765.0,0.9,-1.4000000000000001,-0.5,1.3,0.2,9.200000000000001,-15.100000000000001,-6.5,-11.1,16
5009,83790.0,0.9,-1.4000000000000001,-0.30000000000000004,1.4000000000000001,0.1,9.3,-13.3,-8.799999999999999,-10.5,16
5010,83799.0,0.7000000000000001,-1.2000000000000002,0.0,1.2000000000000002,0.4,9.700000000000001,-12.000000000000002,-15.100000000000001,-8.4,16
5011,83815.0,0.8,-0.8,0.30000000000000004,1.4000000000000001,0.6000000000000001,9.9,-10.4,-22.3,-4.3999999999999995,16
5012,83832.0,1.0,-0.8,0.4,1.8,0.6000000000000001,10.0,-9.700000000000001,-28.700000000000003,-2.8,16
5013,83849.0,1.3,-0.7000000000000001,0.1,2.1,0.7000000000000001,9.600000000000001,-9.0,-30.299999999999997,-4.7,16
5014,83865.0,1.2000000000000002,-0.6000000000000001,-0.6000000000000001,2.0,0.8,9.0,-8.700000000000001,-22.3,-8.799999999999999,16
5015,83895.0,0.5,-0.30000000000000004,-1.2000000000000002,0.6000000000000001,1.4000000000000001,8.1,-7.8,3.5,-12.3,16
5016,83902.0,0.0,0.0,-1.5,0.6000000000000001,1.4000000000000001,8.1,-7.8,3.5,-12.3,16
5017,83926.0,-1.0,0.4,-1.8,-0.2,1.7000000000000002,7.800000000000001,-9.1,11.1,-8.1,16
5018,83932.0,-1.2000000000000002,0.5,-1.9000000000000001,-0.6000000000000001,1.9000000000000001,7.6000000000000005,-12.100000000000001,12.700000000000001,-3.8,16
5019,83949.0,-1.4000000000000001,0.6000000000000001,-2.0,-0.6000000000000001,1.8,7.5,-14.200000000000001,12.3,-1.5000000000000002,16
5020,83965.0,-1.2000000000000002,0.6000000000000001,-2.1,-0.5,1.8,7.5,-14.600000000000001,9.5,-1.0999999999999999,16
5021,83987.0,-1.1,0.7000000000000001,-1.9000000000000001,-0.4,1.8,7.7,-11.9,5.500000000000001,-0.7,16
5022,83999.0,-1.0,0.7000000000000001,-1.9000000000000001,-0.4,1.8,7.800000000000001,-7.6,3.7000000000000006,0.1,16
5023,84015.0,-1.0,0.7000000000000001,-1.6,-0.4,1.8,8.0,-3.8,-0.8,0.7,16
5024,84032.0,-1.0,0.7000000000000001,-1.6,-0.30000000000000004,1.8,8.1,-1.5000000000000002,-6.5,0.9,16
5025,84049.0,-1.1,0.6000000000000001,-1.2000000000000002,-0.5,1.8,8.5,-3.3000000000000003,-13.4,0.8,16
5026,84069.0,-1.4000000000000001,0.8,-0.8,-0.7000000000000001,1.9000000000000001,8.8,-8.0,-19.400000000000002,2.4000000000000004,16
5027,84089.0,-1.7000000000000002,1.0,-0.2,-0.9,2.1,9.3,-12.9,-22.8,6.5,16
5028,84101.0,-1.7000000000000002,1.1,0.30000000000000004,-0.8,2.2,10.100000000000001,-18.2,-25.0,12.700000000000001,16
5029,84118.0,-1.2000000000000002,1.1,1.2000000000000002,-0.2,2.1,10.9,-21.900000000000002,-26.9,17.599999999999998,16
5030,84137.0,-0.4,1.0,1.9000000000000001,0.5,2.0,11.5,-23.8,-25.400000000000002,19.0,16
5031,84149.0,-0.1,0.9,2.2,1.2000000000000002,1.7000000000000002,11.9,-22.1,-18.6,16.8,16
5032,84165.0,0.6000000000000001,0.7000000000000001,2.6,1.7000000000000002,1.5,12.200000000000001,-15.7,-10.700000000000001,12.9,16
5033,84190.0,1.1,0.6000000000000001,2.7,2.1,1.4000000000000001,12.3,-7.6,0.30000000000000004,8.0,16
5034,84199.0,1.1,0.6000000000000001,2.7,2.1,1.4000000000000001,12.3,-7.6,0.30000000000000004,8.0,16
5035,84216.0,1.2000000000000002,0.6000000000000001,2.0,2.1,1.4000000000000001,11.5,4.300000000000001,24.8,0.6000000000000001,16
5036,84232.0,0.6000000000000001,0.7000000000000001,1.3,1.4000000000000001,1.5,11.0,6.3,34.2,-1.0,16
5037,84249.0,0.2,0.8,1.4000000000000001,0.9,1.7000000000000002,11.100000000000001,3.0000000000000004,35.6,0.7,16
5038,84266.0,-0.2,0.9,1.5,0.5,1.7000000000000002,11.3,-5.6,28.1,2.5,16
5039,84290.0,-0.4,0.7000000000000001,1.7000000000000002,0.2,1.5,11.4,-13.9,18.0,4.3999999999999995,16
5040,84300.0,-0.5,0.7000000000000001,1.8,0.1,1.4000000000000001,11.8,-16.2,8.4,7.8,16
5041,84315.0,-0.5,0.4,2.3000000000000003,0.2,1.1,12.100000000000001,-12.3,0.7,11.8,16
5042,84334.0,0.2,0.2,2.3000000000000003,0.9,0.9,12.100000000000001,-4.0,-2.7,14.3,16
5043,84351.0,0.9,-0.30000000000000004,1.8,1.5,0.5,11.700000000000001,6.9,-2.7,13.0,16
5044,84369.0,1.1,-0.5,0.8,1.8,0.30000000000000004,10.9,18.5,3.4,8.9,16
5045,84382.0,1.0,-0.5,0.4,1.6,0.30000000000000004,10.100000000000001,28.0,10.5,6.1000000000000005,16
5046,84400.0,0.6000000000000001,-0.6000000000000001,-0.30000000000000004,1.3,0.30000000000000004,9.600000000000001,30.5,11.700000000000001,6.000000000000001,16
5047,84415.0,0.6000000000000001,-0.7000000000000001,-0.7000000000000001,1.1,0.30000000000000004,9.0,29.000000000000004,8.1,8.0,16
5048,84432.0,0.4,-0.8,-1.2000000000000002,1.0,0.30000000000000004,8.5,26.3,6.2,11.4,16
5049,84449.0,0.30000000000000004,-0.8,-1.5,0.8,0.30000000000000004,8.0,24.3,5.8,15.2,16
5050,84470.0,0.30000000000000004,-0.9,-1.7000000000000002,0.8,0.30000000000000004,8.0,23.0,5.8,16.8,16
5051,84487.0,0.30000000000000004,-0.9,-1.5,0.9,0.30000000000000004,8.200000000000001,20.4,3.0000000000000004,15.399999999999999,16
5052,84506.0,0.30000000000000004,-0.9,-1.2000000000000002,0.9,0.4,8.5,16.8,-3.9,12.4,16
5053,84516.0,0.30000000000000004,-0.9,-1.0,0.9,0.4,8.700000000000001,13.0,-11.5,9.700000000000001,16
5054,84533.0,0.4,-0.9,-0.8,1.0,0.5,8.9,8.0,-18.1,7.400000000000001,16
5055,84549.0,0.5,-0.8,-0.5,1.2000000000000002,0.5,9.1,1.6,-23.3,5.6,16
5056,84566.0,0.6000000000000001,-0.8,-0.5,1.5,0.5,9.1,-4.3999999999999995,-22.6,4.9,16
5057,84586.0,0.8,-0.8,-0.5,1.6,0.5,9.200000000000001,-7.9,-16.5,5.0,16
5058,84599.0,0.4,-0.7000000000000001,-0.5,1.3,0.5,9.200000000000001,-7.699999999999999,-6.3,6.000000000000001,16
5059,84618.0,-0.2,-0.5,-0.30000000000000004,0.8,0.7000000000000001,9.3,-4.0,2.7,9.4,16
5060,84632.0,-0.5,-0.4,-0.30000000000000004,0.4,0.8,9.4,0.1,8.4,13.4,16
5061,84649.0,-0.6000000000000001,-0.30000000000000004,-0.30000000000000004,0.30000000000000004,0.9,9.4,3.5,6.1000000000000005,15.299999999999999,16
5062,84665.0,-0.5,-0.30000000000000004,-0.4,0.30000000000000004,0.9,9.200000000000001,5.7,5.1,13.3,16
5063,84684.0,-0.6000000000000001,-0.30000000000000004,-0.5,0.30000000000000004,1.0,9.1,6.3,2.0,9.5,16
5064,84699.0,-0.6000000000000001,-0.2,-0.6000000000000001,0.30000000000000004,1.0,9.1,6.3,2.0,9.5,16
5065,84715.0,-0.5,-0.1,-0.7000000000000001,0.30000000000000004,1.2000000000000002,8.9,4.7,0.9,5.8,16
5066,84732.0,-0.6000000000000001,0.2,-0.9,0.1,1.5,8.700000000000001,-5.6,2.5,2.7,16
5067,84749.0,-0.8,0.4,-1.0,-0.1,1.6,8.6,-9.8,7.2,4.3999999999999995,16
5068,84765.0,-0.9,0.4,-1.0,-0.2,1.6,8.700000000000001,-12.3,12.3,5.9,16
5069,84782.0,-1.1,0.5,-0.7000000000000001,-0.30000000000000004,1.6,9.1,-12.100000000000001,14.800000000000002,6.1000000000000005,16
5070,84799.0,-1.0,0.5,-0.2,-0.30000000000000004,1.6,9.4,-9.3,14.500000000000002,4.800000000000001,16
5071,84816.0,-0.9,0.6000000000000001,0.0,-0.30000000000000004,1.8,9.700000000000001,-4.2,14.500000000000002,2.3000000000000003,16
5072,84832.0,-0.7000000000000001,0.6000000000000001,0.2,0.0,1.8,9.9,0.0,11.6,-0.9,16
5073,84849.0,-0.5,0.7000000000000001,0.2,0.1,1.8,9.9,-0.2,7.300000000000001,-4.5,16
5074,84868.0,-0.30000000000000004,0.7000000000000001,0.2,0.2,1.8,9.8,-3.7000000000000006,5.9,-6.7,16
5075,84888.0,-0.30000000000000004,0.7000000000000001,0.4,0.2,1.8,10.0,-7.400000000000001,9.8,-5.1,16
5076,84899.0,-0.30000000000000004,0.7000000000000001,0.5,0.2,1.8,10.200000000000001,-7.8,16.400000000000002,-0.6000000000000001,16
5077,84915.0,-0.30000000000000004,0.5,0.9,0.1,1.6,10.600000000000001,-5.0,20.8,3.8,16
5078,84932.0,-0.30000000000000004,0.4,1.1,-0.1,1.5,10.9,-1.5000000000000002,20.6,5.4,16
5079,84950.0,-0.7000000000000001,0.5,1.3,-0.5,1.6,11.100000000000001,4.2,18.3,6.2,16
5080,84965.0,-0.9,0.5,1.5,-0.6000000000000001,1.6,11.200000000000001,10.1,15.2,6.000000000000001,16
5081,84986.0,-0.9,0.6000000000000001,2.1,-0.7000000000000001,1.7000000000000002,11.700000000000001,9.4,4.5,3.9,16
5082,84999.0,-0.7000000000000001,0.6000000000000001,2.3000000000000003,-0.30000000000000004,1.7000000000000002,12.0,1.0999999999999999,-10.4,3.6,16
5083,85015.0,0.1,0.30000000000000004,1.9000000000000001,0.4,1.4000000000000001,11.600000000000001,-7.300000000000001,-18.400000000000002,4.800000000000001,16
5084,85032.0,0.4,0.2,1.9000000000000001,0.8,1.2000000000000002,11.8,-10.600000000000001,-16.5,7.0,16
5085,85049.0,0.7000000000000001,0.0,2.0,1.2000000000000002,1.0,11.8,-7.9,-12.3,10.600000000000001,16
5086,85067.0,1.3,-0.30000000000000004,1.9000000000000001,1.7000000000000002,0.8,11.700000000000001,4.0,-5.6,13.100000000000001,16
5087,85085.0,1.8,-0.5,1.6,2.2,0.7000000000000001,11.4,16.5,2.7,10.3,16
5088,85099.0,1.9000000000000001,-0.5,1.1,2.3000000000000003,0.7000000000000001,10.700000000000001,26.0,6.8,4.1000000000000005,16
5089,85115.0,1.9000000000000001,-0.5,0.0,2.3000000000000003,0.7000000000000001,9.8,32.1,13.3,-2.8,16
5090,85133.0,1.9000000000000001,-0.6000000000000001,-0.4,2.3000000000000003,0.8,9.0,32.9,18.400000000000002,-8.200000000000001,16
5091,85149.0,1.9000000000000001,-0.7000000000000001,-1.2000000000000002,2.1,0.7000000000000001,8.4,28.500000000000004,21.0,-12.5,16
5092,85167.0,1.6,-0.8,-1.7000000000000002,1.8,0.7000000000000001,8.0,21.1,23.0,-14.800000000000002,16
5093,85185.0,1.1,-0.8,-1.9000000000000001,1.4000000000000001,0.7000000000000001,7.800000000000001,12.6,22.2,-15.100000000000001,16
5094,85203.0,0.8,-0.8,-1.9000000000000001,1.0,0.8,7.800000000000001,4.3999999999999995,18.400000000000002,-13.4,16
5095,85215.0,0.6000000000000001,-0.8,-1.8,0.7000000000000001,0.8,8.0,-2.1,11.8,-10.2,16
5096,85232.0,0.6000000000000001,-0.7000000000000001,-1.5,0.7000000000000001,0.9,8.200000000000001,-5.6,3.0000000000000004,-6.8,16
5097,85249.0,0.7000000000000001,-0.7000000000000001,-1.4000000000000001,0.8,0.8,8.3,-6.9,-3.3000000000000003,-6.5,16
5098,85265.0,0.6000000000000001,-0.5,-1.2000000000000002,0.7000000000000001,1.0,8.4,-6.9,-9.3,-8.5,16
5099,85282.0,0.4,-0.4,-1.2000000000000002,0.30000000000000004,1.3,8.4,-6.2,-13.100000000000001,-9.9,16
5100,85299.0,-0.2,0.0,-1.2000000000000002,-0.1,1.5,8.4,-7.300000000000001,-14.0,-9.3,16
5101,85315.0,-0.5,0.2,-1.2000000000000002,-0.2,1.7000000000000002,8.4,-11.3,-15.100000000000001,-7.9,16
5102,85332.0,-0.5,0.30000000000000004,-1.2000000000000002,-0.2,1.7000000000000002,8.4,-16.6,-15.100000000000001,-7.400000000000001,16
5103,85348.0,-0.4,0.30000000000000004,-1.3,-0.2,1.6,8.4,-20.6,-11.2,-7.500000000000001,16
5104,85367.0,-0.5,0.4,-1.0,-0.2,1.7000000000000002,8.700000000000001,-22.6,-8.1,-7.300000000000001,16
5105,85382.0,-0.6000000000000001,0.4,-0.6000000000000001,-0.30000000000000004,1.7000000000000002,9.0,-23.2,-4.7,-7.2,16
5106,85401.0,-0.6000000000000001,0.5,-0.6000000000000001,-0.4,1.7000000000000002,9.200000000000001,-20.3,-1.8,-6.7,16
5107,85417.0,-0.7000000000000001,0.6000000000000001,-0.2,-0.5,1.7000000000000002,9.5,-18.2,-0.7,-5.8,16
5108,85432.0,-0.8,0.6000000000000001,-0.1,-0.5,1.7000000000000002,9.600000000000001,-16.700000000000003,-2.3000000000000003,-4.2,16
5109,85449.0,-0.8,0.6000000000000001,-0.1,-0.5,1.7000000000000002,9.600000000000001,-16.700000000000003,-2.3000000000000003,-4.2,16
5110,85465.0,-0.5,0.7000000000000001,0.1,-0.2,1.7000000000000002,9.8,-13.100000000000001,-4.300000000000001,-0.5,16
5111,85482.0,-0.2,0.7000000000000001,0.2,0.1,1.7000000000000002,9.8,-10.9,-3.5,1.6,16
5112,85499.0,-0.2,0.8,0.2,0.2,1.8,9.8,-7.0,0.30000000000000004,3.8,16
5113,85515.0,-0.30000000000000004,1.0,0.2,-0.1,1.9000000000000001,9.9,-2.4000000000000004,5.2,7.300000000000001,16
5114,85532.0,-0.6000000000000001,1.2000000000000002,0.30000000000000004,-0.30000000000000004,2.1,10.0,2.1999999999999997,7.8,11.8,16
5115,85549.0,-0.6000000000000001,1.2000000000000002,0.4,-0.30000000000000004,2.2,10.100000000000001,5.0,7.8,15.000000000000002,16
5116,85565.0,-0.6000000000000001,1.3,0.5,-0.30000000000000004,2.3000000000000003,10.3,5.8,4.0,15.5,16
5117,85583.0,-0.2,1.2000000000000002,0.8,0.1,2.2,10.5,6.9,0.7,14.200000000000001,16
5118,85599.0,0.1,1.1,0.9,0.6000000000000001,2.1,10.700000000000001,8.4,-1.2000000000000002,10.600000000000001,16
5119,85615.0,0.6000000000000001,0.9,1.0,1.0,2.0,10.700000000000001,8.3,-1.6,7.1000000000000005,16
5120,85632.0,1.1,0.6000000000000001,1.0,1.4000000000000001,1.7000000000000002,10.700000000000001,6.6000000000000005,-1.8,3.7000000000000006,16
5121,85650.0,1.1,0.4,0.7000000000000001,1.4000000000000001,1.6,10.4,5.0,1.6,1.6,16
5122,85666.0,0.8,0.4,0.7000000000000001,0.9,1.6,10.5,3.6,4.9,3.3000000000000003,16
5123,85682.0,0.1,0.6000000000000001,1.2000000000000002,0.4,1.8,11.0,0.1,1.5000000000000002,9.1,16
5124,85699.0,-0.1,0.6000000000000001,1.5,0.2,1.7000000000000002,11.3,-5.7,-6.9,16.0,16
5125,85715.0,0.1,0.4,1.7000000000000002,0.4,1.4000000000000001,11.5,-6.4,-13.3,20.2,16
5126,85734.0,0.2,0.1,1.9000000000000001,0.6000000000000001,1.2000000000000002,11.700000000000001,-1.9,-15.299999999999999,20.8,16
5127,85749.0,0.2,0.0,1.9000000000000001,0.6000000000000001,1.1,11.4,7.8,-12.000000000000002,20.7,16
5128,85765.0,0.1,-0.1,1.4000000000000001,0.6000000000000001,1.0,11.0,20.6,-4.0,21.5,16
5129,85782.0,0.1,-0.30000000000000004,1.0,0.5,0.9,10.8,31.4,2.5,21.3,16
5130,85800.0,0.0,-0.30000000000000004,1.1,0.5,1.0,10.8,36.9,1.0999999999999999,20.0,16
5131,85816.0,0.2,-0.4,0.9,0.8,1.0,10.700000000000001,36.9,-6.1000000000000005,17.5,16
5132,85832.0,0.6000000000000001,-0.5,1.0,1.2000000000000002,0.9,10.700000000000001,31.8,-14.200000000000001,12.9,16
5133,85849.0,1.2000000000000002,-1.0,0.6000000000000001,1.8,0.6000000000000001,10.3,22.900000000000002,-21.700000000000003,5.8,16
5134,85865.0,1.5,-1.1,0.30000000000000004,2.1,0.4,9.9,15.7,-17.400000000000002,-2.0,16
5135,85882.0,1.3,-1.4000000000000001,-0.2,1.9000000000000001,0.2,9.4,13.0,-4.6000000000000005,-7.300000000000001,16
5136,85899.0,0.6000000000000001,-1.4000000000000001,-0.5,1.3,0.30000000000000004,9.200000000000001,13.5,10.3,-8.200000000000001,16
5137,85915.0,0.30000000000000004,-1.4000000000000001,-0.5,0.8,0.30000000000000004,9.200000000000001,13.200000000000001,17.200000000000003,-6.6000000000000005,16
5138,85932.0,0.1,-1.4000000000000001,-0.6000000000000001,0.6000000000000001,0.30000000000000004,9.1,8.9,14.3,-7.300000000000001,16
5139,85950.0,0.1,-1.5,-0.6000000000000001,0.7000000000000001,0.2,9.1,1.5000000000000002,5.4,-10.600000000000001,16
5140,85965.0,0.30000000000000004,-1.6,-0.7000000000000001,0.9,0.2,8.8,-6.1000000000000005,-1.0,-15.100000000000001,16
5141,85989.0,0.2,-1.5,-1.2000000000000002,0.8,0.2,8.5,-9.600000000000001,-1.8,-17.1,16
5142,86001.0,0.0,-1.3,-1.3,0.6000000000000001,0.4,8.4,-9.3,3.1,-15.000000000000002,16
5143,86015.0,-0.1,-1.2000000000000002,-1.3,0.4,0.5,8.3,-7.2,8.200000000000001,-10.5,16
5144,86032.0,-0.2,-1.0,-1.4000000000000001,0.30000000000000004,0.6000000000000001,8.200000000000001,-6.2,9.200000000000001,-7.400000000000001,16
5145,86049.0,-0.2,-0.9,-1.7000000000000002,0.30000000000000004,0.7000000000000001,8.0,-6.9,7.400000000000001,-7.1000000000000005,16
5146,86067.0,-0.4,-0.8,-1.6,0.1,0.8,8.0,-8.1,6.2,-7.9,16
5147,86082.0,-0.5,-0.7000000000000001,-1.7000000000000002,-0.1,0.9,8.0,-7.2,3.6,-7.0,16
5148,86099.0,-0.6000000000000001,-0.6000000000000001,-1.5,-0.2,1.0,8.200000000000001,-5.6,0.5,-4.9,16
5149,86115.0,-0.4,-0.5,-1.2000000000000002,0.0,1.0,8.4,-5.2,-5.6,-3.5,16
5150,86132.0,-0.30000000000000004,-0.4,-1.0,0.2,1.1,8.700000000000001,-7.500000000000001,-11.000000000000002,-5.2,16
5151,86151.0,0.0,-0.4,-0.8,0.5,1.1,8.9,-10.3,-15.8,-9.0,16
5152,86168.0,0.1,-0.30000000000000004,-0.6000000000000001,0.6000000000000001,1.1,9.0,-12.200000000000001,-15.399999999999999,-13.200000000000001,16
5153,86182.0,0.0,-0.2,-0.5,0.5,1.2000000000000002,9.200000000000001,-12.200000000000001,-10.9,-16.1,16
5154,86199.0,-0.1,-0.1,-0.30000000000000004,0.5,1.2000000000000002,9.200000000000001,-12.200000000000001,-10.9,-16.1,16
5155,86216.0,-0.2,0.1,0.2,0.30000000000000004,1.4000000000000001,9.8,-8.9,-1.9,-17.8,16
5156,86232.0,-0.2,0.1,0.30000000000000004,0.30000000000000004,1.4000000000000001,10.0,-9.200000000000001,-2.4000000000000004,-20.5,16
5157,86249.0,-0.30000000000000004,0.1,0.4,0.2,1.4000000000000001,10.100000000000001,-11.8,-4.9,-24.400000000000002,16
5158,86265.0,-0.6000000000000001,0.2,0.4,0.0,1.4000000000000001,10.100000000000001,-13.3,-4.6000000000000005,-26.3,16
5159,86282.0,-0.7000000000000001,0.2,0.5,-0.30000000000000004,1.5,10.200000000000001,-11.4,-1.4,-25.2,16
5160,86299.0,-1.2000000000000002,0.4,0.7000000000000001,-0.8,1.6,10.4,-6.3,2.7,-21.5,16
5161,86315.0,-1.6,0.5,0.9,-1.2000000000000002,1.7000000000000002,10.600000000000001,-0.30000000000000004,4.0,-16.2,16
5162,86333.0,-1.8,0.5,1.0,-1.4000000000000001,1.8,10.8,2.9,-1.3,-12.000000000000002,16
5163,86349.0,-1.8,0.6000000000000001,1.2000000000000002,-1.3,1.8,10.8,4.7,-7.500000000000001,-9.0,16
5164,86365.0,-1.6,0.5,1.2000000000000002,-1.2000000000000002,1.8,10.9,7.500000000000001,-10.700000000000001,-6.5,16
5165,86383.0,-1.5,0.5,1.2000000000000002,-0.9,1.8,10.9,11.1,-9.0,-3.6,16
5166,86400.0,-1.2000000000000002,0.5,1.2000000000000002,-0.7000000000000001,1.8,10.9,15.100000000000001,-4.2,-1.0999999999999999,16
5167,86417.0,-1.1,0.5,1.3,-0.6000000000000001,1.9000000000000001,11.0,19.1,1.7,1.3,16
5168,86432.0,-1.0,0.5,1.3,-0.5,2.0,10.9,22.7,6.3,3.0000000000000004,16
5169,86449.0,-0.9,0.6000000000000001,1.1,-0.4,2.1,10.8,24.8,11.5,3.0000000000000004,16
5170,86473.0,-0.9,0.6000000000000001,1.0,-0.5,2.2,10.600000000000001,25.2,15.8,1.7,16
5171,86482.0,-0.8,0.5,0.9,-0.4,2.1,10.600000000000001,22.8,17.7,-2.8,16
5172,86499.0,-0.5,0.30000000000000004,1.2000000000000002,-0.2,1.9000000000000001,10.8,10.600000000000001,8.9,-8.9,16
5173,86515.0,-0.4,0.2,0.8,-0.1,1.8,10.4,-2.3000000000000003,2.3000000000000003,-11.3,16
5174,86532.0,-0.2,0.0,0.5,0.2,1.4000000000000001,10.3,-7.8,5.9,-9.600000000000001,16
5175,86551.0,0.1,-0.5,0.8,0.4,1.0,10.4,-13.700000000000001,7.699999999999999,-8.5,16
5176,86565.0,0.30000000000000004,-0.9,0.5,0.5,0.7000000000000001,10.200000000000001,-16.0,7.6,-6.6000000000000005,16
5177,86588.0,0.5,-1.2000000000000002,0.30000000000000004,0.6000000000000001,0.4,10.100000000000001,-13.6,9.3,-3.8,16
5178,86599.0,0.5,-1.3,0.2,0.8,0.2,9.8,-7.400000000000001,11.1,-1.0,16
5179,86616.0,0.7000000000000001,-1.4000000000000001,0.0,0.8,0.1,9.700000000000001,0.5,12.200000000000001,1.4,16
5180,86632.0,0.7000000000000001,-1.4000000000000001,0.0,0.9,0.1,9.700000000000001,7.6,9.200000000000001,3.3000000000000003,16
5181,86650.0,0.9,-1.4000000000000001,-0.2,1.1,0.1,9.4,13.6,5.4,4.7,16
5182,86665.0,0.9,-1.4000000000000001,-0.2,1.1,0.1,9.4,13.6,5.4,4.7,16
5183,86685.0,1.3,-1.2000000000000002,-0.7000000000000001,1.4000000000000001,0.4,9.0,15.299999999999999,-0.2,3.5,16
5184,86698.0,1.3,-1.2000000000000002,-0.7000000000000001,1.4000000000000001,0.4,9.0,15.299999999999999,-0.2,3.5,16
5185,86715.0,1.2000000000000002,-0.9,-1.1,1.4000000000000001,0.8,8.6,5.6,1.4,4.2,16
5186,86732.0,1.1,-0.8,-1.2000000000000002,1.3,0.9,8.5,0.2,4.300000000000001,4.5,16
5187,86749.0,1.0,-0.7000000000000001,-1.1,1.0,1.0,8.700000000000001,-5.0,2.6,4.6000000000000005,16
5188,86766.0,0.6000000000000001,-0.5,-0.7000000000000001,0.7000000000000001,1.1,9.0,-8.600000000000001,-1.3,5.6,16
5189,86788.0,0.5,-0.4,-0.6000000000000001,0.6000000000000001,1.2000000000000002,9.1,-10.3,-7.1000000000000005,6.4,16
5190,86798.0,0.4,-0.4,-0.5,0.6000000000000001,1.2000000000000002,9.1,-10.600000000000001,-10.2,6.000000000000001,16
5191,86816.0,0.2,-0.30000000000000004,-0.7000000000000001,0.4,1.2000000000000002,9.0,-9.3,-10.0,5.1,16
5192,86832.0,-0.1,-0.2,-0.8,0.1,1.3,8.9,-8.5,-8.3,4.800000000000001,16
5193,86849.0,-0.5,-0.1,-0.9,-0.2,1.3,8.700000000000001,-9.4,-7.2,6.3,16
5194,86865.0,-0.6000000000000001,-0.1,-0.9,-0.4,1.3,8.8,-11.8,-6.7,9.0,16
5195,86889.0,-0.8,-0.1,-0.9,-0.5,1.3,8.8,-13.8,-5.9,11.6,16
5196,86900.0,-0.8,-0.1,-0.8,-0.5,1.3,8.9,-14.600000000000001,-5.7,14.200000000000001,16
5197,86916.0,-0.9,0.0,-0.6000000000000001,-0.6000000000000001,1.3,9.1,-13.4,-6.000000000000001,16.3,16
5198,86936.0,-1.0,0.0,-0.5,-0.6000000000000001,1.3,9.200000000000001,-12.3,-6.9,17.9,16
5199,86950.0,-1.0,0.1,-0.5,-0.7000000000000001,1.3,9.200000000000001,-11.4,-7.300000000000001,19.200000000000003,16
5200,86965.0,-1.1,0.2,-0.4,-0.6000000000000001,1.4000000000000001,9.3,-10.8,-8.600000000000001,21.900000000000002,16
5201,86994.0,-0.9,0.30000000000000004,-0.1,-0.4,1.5,9.600000000000001,-8.799999999999999,-8.600000000000001,27.8,16
5202,86998.0,-0.9,0.4,-0.1,-0.4,1.5,9.600000000000001,-8.799999999999999,-8.600000000000001,27.8,16
5203,87015.0,-0.8,0.5,0.0,-0.30000000000000004,1.6,9.600000000000001,-6.2,-5.1,30.100000000000005,16
5204,87032.0,-0.7000000000000001,0.6000000000000001,0.1,-0.2,1.7000000000000002,9.8,-3.2,-1.0,31.6,16
5205,87049.0,-0.6000000000000001,0.7000000000000001,0.30000000000000004,-0.2,1.9000000000000001,9.9,-0.5,2.7,32.800000000000004,16
5206,87065.0,-0.6000000000000001,0.8,0.4,-0.1,2.0,10.100000000000001,1.2000000000000002,4.2,34.2,16
5207,87084.0,-0.30000000000000004,0.9,0.4,0.2,2.0,10.100000000000001,2.5,5.0,35.199999999999996,16
5208,87100.0,0.2,0.9,0.4,0.6000000000000001,2.1,10.100000000000001,2.7,5.1,33.800000000000004,16
5209,87116.0,0.30000000000000004,1.0,0.4,0.9,2.1,10.100000000000001,2.1999999999999997,5.9,30.7,16
5210,87132.0,0.6000000000000001,1.0,0.5,1.1,2.1,10.200000000000001,1.2000000000000002,5.500000000000001,26.400000000000002,16
5211,87149.0,0.7000000000000001,1.0,0.6000000000000001,1.2000000000000002,2.2,10.3,0.5,5.9,22.2,16
5212,87165.0,0.7000000000000001,1.1,0.6000000000000001,1.1,2.3000000000000003,10.4,0.4,5.6,20.4,16
5213,87184.0,0.7000000000000001,1.2000000000000002,0.7000000000000001,1.2000000000000002,2.4000000000000004,10.4,1.0,6.1000000000000005,19.9,16
5214,87198.0,0.8,1.3,0.6000000000000001,1.2000000000000002,2.4000000000000004,10.4,1.0,6.1000000000000005,19.9,16
5215,87215.0,0.5,1.4000000000000001,0.30000000000000004,0.8,2.6,9.8,9.0,18.2,19.1,16
5216,87233.0,0.1,1.5,0.0,0.30000000000000004,2.7,9.700000000000001,13.200000000000001,24.3,18.0,16
5217,87249.0,-0.5,1.5,0.0,-0.30000000000000004,2.8000000000000003,9.700000000000001,12.5,22.8,16.6,16
5218,87265.0,-0.8,1.5,0.1,-0.8,2.8000000000000003,9.9,8.600000000000001,14.500000000000002,15.5,16
5219,87289.0,-1.0,1.2000000000000002,1.1,-0.8,2.6,10.600000000000001,2.3000000000000003,0.5,14.4,16
5220,87304.0,-0.6000000000000001,0.9,1.2000000000000002,-0.30000000000000004,2.2,10.9,-7.2,-16.900000000000002,12.100000000000001,16
5221,87316.0,-0.2,0.6000000000000001,1.0,0.30000000000000004,1.7000000000000002,10.5,-12.3,-21.700000000000003,9.0,16
5222,87332.0,0.1,0.2,0.7000000000000001,0.4,1.5,10.5,-9.4,-13.4,7.0,16
5223,87349.0,-0.2,0.2,1.1,0.2,1.4000000000000001,10.8,-5.500000000000001,-4.1000000000000005,9.200000000000001,16
5224,87365.0,-0.30000000000000004,0.1,1.3,0.2,1.4000000000000001,11.100000000000001,-3.4,-1.0999999999999999,15.5,16
5225,87386.0,0.2,-0.1,1.4000000000000001,0.9,1.0,11.200000000000001,-1.2000000000000002,-2.6,19.6,16
5226,87399.0,1.3,-0.6000000000000001,1.4000000000000001,1.8,0.6000000000000001,11.200000000000001,0.2,-4.9,17.599999999999998,16
5227,87415.0,1.8,-0.8,1.1,2.3000000000000003,0.4,10.9,2.9,-4.7,12.3,16
5228,87432.0,1.9000000000000001,-0.8,1.0,2.4000000000000004,0.5,10.600000000000001,9.700000000000001,2.3000000000000003,9.5,16
5229,87450.0,2.0,-0.8,0.7000000000000001,2.4000000000000004,0.5,10.600000000000001,9.700000000000001,2.3000000000000003,9.5,16
5230,87466.0,2.1,-0.9,0.0,2.5,0.4,9.8,23.2,13.700000000000001,6.5,16
5231,87486.0,1.9000000000000001,-0.9,-0.6000000000000001,2.4000000000000004,0.5,9.3,23.3,15.000000000000002,4.300000000000001,16
5232,87499.0,1.8,-0.8,-0.9,2.2,0.6000000000000001,8.700000000000001,22.2,16.0,2.6,16
5233,87516.0,1.7000000000000002,-0.9,-1.4000000000000001,2.1,0.7000000000000001,8.3,20.6,18.900000000000002,0.9,16
5234,87532.0,1.5,-0.8,-1.6,1.8,0.8,8.0,18.8,19.6,-1.2000000000000002,16
5235,87550.0,1.3,-0.7000000000000001,-1.7000000000000002,1.5,0.9,8.0,14.700000000000001,17.200000000000003,-3.0000000000000004,16
5236,87565.0,1.2000000000000002,-0.7000000000000001,-1.7000000000000002,1.4000000000000001,0.9,8.0,7.6,10.0,-5.4,16
5237,87588.0,1.1,-0.7000000000000001,-1.5,1.4000000000000001,0.9,8.1,-0.8,2.6,-9.8,16
5238,87599.0,1.0,-0.7000000000000001,-1.4000000000000001,1.3,0.9,8.4,-8.200000000000001,-6.2,-14.0,16
5239,87617.0,1.1,-0.7000000000000001,-1.0,1.4000000000000001,0.9,8.700000000000001,-15.7,-15.000000000000002,-17.599999999999998,16
5240,87632.0,1.1,-0.6000000000000001,-0.9,1.5,1.0,8.9,-20.5,-20.3,-19.3,16
5241,87649.0,1.1,-0.4,-0.5,1.4000000000000001,1.1,9.200000000000001,-23.2,-22.000000000000004,-19.6,16
5242,87665.0,0.9,-0.1,-0.30000000000000004,1.4000000000000001,1.3,9.4,-22.900000000000002,-20.8,-19.500000000000004,16
5243,87688.0,0.9,0.0,-0.1,1.4000000000000001,1.3,9.5,-19.8,-15.9,-20.8,16
5244,87706.0,0.7000000000000001,0.2,0.0,1.3,1.4000000000000001,9.700000000000001,-16.6,-12.3,-23.900000000000002,16
5245,87716.0,0.6000000000000001,0.30000000000000004,0.0,1.1,1.5,9.600000000000001,-13.4,-10.2,-27.0,16
5246,87732.0,0.4,0.30000000000000004,-0.1,0.9,1.6,9.5,-11.2,-8.5,-29.500000000000004,16
5247,87749.0,0.2,0.4,-0.4,0.7000000000000001,1.6,9.200000000000001,-10.4,-8.1,-31.5,16
5248,87765.0,0.0,0.4,-0.6000000000000001,0.6000000000000001,1.6,9.0,-10.2,-7.500000000000001,-32.9,16
5249,87782.0,-0.1,0.4,-0.7000000000000001,0.4,1.5,8.9,-10.8,-8.200000000000001,-34.2,16
5250,87803.0,-0.4,0.30000000000000004,-1.0,0.30000000000000004,1.4000000000000001,8.700000000000001,-11.700000000000001,-8.5,-35.8,16
5251,87818.0,-0.5,0.30000000000000004,-1.0,0.2,1.4000000000000001,8.700000000000001,-13.200000000000001,-9.1,-37.800000000000004,16
5252,87832.0,-0.5,0.30000000000000004,-0.9,0.0,1.4000000000000001,8.700000000000001,-15.9,-10.5,-39.699999999999996,16
5253,87849.0,-0.7000000000000001,0.30000000000000004,-0.9,0.0,1.3,8.8,-18.6,-11.2,-41.2,16
5254,87866.0,-0.7000000000000001,0.30000000000000004,-0.8,-0.1,1.3,8.9,-19.8,-9.4,-42.6,16
5255,87885.0,-0.8,0.30000000000000004,-0.6000000000000001,-0.2,1.3,9.1,-19.6,-5.2,-44.4,16
5256,87899.0,-1.0,0.4,-0.4,-0.4,1.4000000000000001,9.4,-17.8,-2.9,-45.0,16
5257,87915.0,-1.2000000000000002,0.5,-0.1,-0.6000000000000001,1.4000000000000001,9.600000000000001,-16.8,-3.3000000000000003,-44.7,16
5258,87933.0,-1.3,0.6000000000000001,0.0,-0.7000000000000001,1.5,9.700000000000001,-17.200000000000003,-6.6000000000000005,-44.2,16
5259,87949.0,-1.3,0.6000000000000001,0.1,-0.7000000000000001,1.4000000000000001,9.9,-18.0,-9.3,-43.300000000000004,16
5260,87965.0,-1.4000000000000001,0.6000000000000001,0.4,-0.8,1.4000000000000001,10.200000000000001,-19.1,-11.8,-41.300000000000004,16
5261,87985.0,-1.6,0.6000000000000001,0.8,-0.9,1.4000000000000001,10.5,-19.1,-13.700000000000001,-37.6,16
5262,88000.0,-1.6,0.7000000000000001,1.0,-1.0,1.4000000000000001,10.8,-16.2,-12.8,-32.7,16
5263,88015.0,-1.7000000000000002,0.7000000000000001,1.3,-1.0,1.4000000000000001,11.100000000000001,-11.1,-11.2,-27.2,16
5264,88032.0,-1.5,0.7000000000000001,1.5,-0.8,1.3,11.200000000000001,-5.500000000000001,-9.200000000000001,-23.6,16
5265,88049.0,-1.5,0.6000000000000001,1.6,-0.7000000000000001,1.2000000000000002,11.3,0.30000000000000004,-6.1000000000000005,-22.7,16
5266,88065.0,-1.4000000000000001,0.6000000000000001,1.6,-0.7000000000000001,1.2000000000000002,11.3,5.6,-2.4000000000000004,-22.3,16
5267,88082.0,-1.4000000000000001,0.5,1.5,-0.7000000000000001,1.2000000000000002,11.200000000000001,8.700000000000001,0.9,-21.700000000000003,16
5268,88099.0,-1.4000000000000001,0.4,1.4000000000000001,-0.7000000000000001,1.1,11.100000000000001,9.8,3.8,-20.900000000000002,16
5269,88115.0,-1.4000000000000001,0.4,1.4000000000000001,-0.7000000000000001,1.2000000000000002,11.200000000000001,11.5,7.2,-19.0,16
5270,88132.0,-1.4000000000000001,0.30000000000000004,1.4000000000000001,-0.7000000000000001,1.1,11.100000000000001,14.800000000000002,11.1,-16.6,16
5271,88148.0,-1.3,0.2,1.4000000000000001,-0.8,1.1,11.200000000000001,19.700000000000003,14.100000000000001,-16.0,16
5272,88165.0,-1.3,0.2,1.8,-0.7000000000000001,1.2000000000000002,11.600000000000001,16.400000000000002,6.2,-14.500000000000002,16
5273,88182.0,-1.0,0.2,1.5,-0.4,1.1,11.3,8.5,-7.6,-11.2,16
5274,88199.0,-0.7000000000000001,0.1,1.3,0.0,1.0,11.200000000000001,4.300000000000001,-12.100000000000001,-6.000000000000001,16
5275,88215.0,-0.30000000000000004,-0.2,1.3,0.4,0.7000000000000001,11.0,1.0999999999999999,-13.5,-1.4,16
5276,88232.0,0.2,-0.5,1.0,0.8,0.5,10.8,3.0000000000000004,-11.4,3.2,16
5277,88249.0,0.5,-0.9,1.1,1.1,0.2,10.9,8.9,-6.9,5.8,16
5278,88265.0,0.7000000000000001,-1.1,1.0,1.5,-0.1,10.700000000000001,14.700000000000001,-6.4,5.0,16
5279,88288.0,1.1,-1.3,0.6000000000000001,1.8,-0.30000000000000004,10.4,19.700000000000003,-5.1,1.8,16
5280,88299.0,1.3,-1.5,0.2,2.1,-0.4,10.0,22.900000000000002,-2.9,-2.5,16
5281,88317.0,1.4000000000000001,-1.6,0.0,2.1,-0.4,9.700000000000001,23.0,2.1999999999999997,-6.4,16
5282,88332.0,1.4000000000000001,-1.7000000000000002,-0.30000000000000004,2.1,-0.4,9.5,18.2,5.500000000000001,-9.1,16
5283,88349.0,1.3,-1.7000000000000002,-0.6000000000000001,2.1,-0.4,9.200000000000001,9.4,8.0,-10.1,16
5284,88365.0,1.2000000000000002,-1.7000000000000002,-0.8,1.7000000000000002,-0.4,8.9,0.6000000000000001,13.3,-9.3,16
5285,88383.0,0.8,-1.5,-1.0,1.3,-0.2,8.8,-4.6000000000000005,19.700000000000003,-5.4,16
5286,88400.0,0.4,-1.3,-1.0,1.0,-0.1,8.8,-6.000000000000001,23.400000000000002,0.1,16
5287,88415.0,0.4,-1.2000000000000002,-1.1,0.7000000000000001,0.0,8.700000000000001,-5.6,24.1,4.1000000000000005,16
5288,88432.0,0.0,-1.0,-1.1,0.4,0.2,8.700000000000001,-5.0,18.0,6.3,16
5289,88449.0,-0.1,-0.9,-1.1,0.4,0.2,8.700000000000001,-5.8,9.4,8.0,16
5290,88465.0,-0.30000000000000004,-0.6000000000000001,-1.2000000000000002,0.1,0.6000000000000001,8.5,-5.0,1.6,10.2,16
5291,88482.0,-0.30000000000000004,-0.5,-1.3,0.1,0.6000000000000001,8.5,-4.300000000000001,-3.5,10.3,16
5292,88501.0,-0.4,-0.30000000000000004,-1.2000000000000002,0.1,0.8,8.6,-6.1000000000000005,-10.0,8.5,16
5293,88516.0,-0.4,-0.2,-1.2000000000000002,0.0,0.9,8.4,-9.200000000000001,-12.5,8.1,16
5294,88532.0,-0.5,0.0,-1.4000000000000001,0.0,1.0,8.3,-11.6,-10.600000000000001,9.700000000000001,16
5295,88550.0,-0.4,0.1,-1.4000000000000001,0.1,1.1,8.3,-13.100000000000001,-4.1000000000000005,11.1,16
5296,88565.0,-0.5,0.2,-1.3,0.0,1.2000000000000002,8.6,-13.100000000000001,2.4000000000000004,11.5,16
5297,88584.0,-0.7000000000000001,0.4,-1.0,-0.2,1.3,8.8,-13.100000000000001,5.2,11.8,16
5298,88607.0,-0.9,0.5,-0.8,-0.5,1.4000000000000001,9.0,-13.3,4.300000000000001,12.3,16
5299,88617.0,-1.1,0.6000000000000001,-0.5,-0.6000000000000001,1.4000000000000001,9.200000000000001,-13.3,2.0,14.0,16
5300,88632.0,-1.1,0.6000000000000001,-0.5,-0.7000000000000001,1.4000000000000001,9.4,-11.6,0.5,17.3,16
5301,88649.0,-1.2000000000000002,0.6000000000000001,-0.4,-0.7000000000000001,1.4000000000000001,9.4,-11.6,0.5,17.3,16
5302,88665.0,-1.0,0.6000000000000001,0.0,-0.4,1.4000000000000001,9.8,0.4,2.1,25.8,16
5303,88682.0,-0.6000000000000001,0.5,0.1,0.0,1.3,9.8,8.799999999999999,3.5,28.1,16
5304,88698.0,-0.4,0.5,0.1,0.0,1.3,9.8,8.799999999999999,3.5,28.1,16
5305,88715.0,-0.2,0.5,-0.4,0.2,1.4000000000000001,9.3,23.400000000000002,11.5,27.2,16
5306,88732.0,-0.30000000000000004,0.5,-0.6000000000000001,-0.1,1.4000000000000001,9.0,22.2,15.8,24.5,16
5307,88748.0,-0.9,0.5,-0.8,-0.7000000000000001,1.5,8.9,14.900000000000002,17.8,23.3,16
5308,88765.0,-1.3,0.5,-0.5,-1.0,1.6,9.1,5.1,18.1,24.9,16
5309,88782.0,-1.4000000000000001,0.6000000000000001,-0.30000000000000004,-1.0,1.7000000000000002,9.600000000000001,-2.5,15.5,29.200000000000003,16
5310,88800.0,-0.8,0.5,0.30000000000000004,-0.5,1.5,10.0,-10.0,10.2,31.7,16
5311,88815.0,0.0,0.4,0.5,0.2,1.4000000000000001,10.200000000000001,-14.0,7.300000000000001,30.000000000000004,16
5312,88832.0,0.2,0.4,0.7000000000000001,0.4,1.5,10.600000000000001,-13.3,8.0,27.0,16
5313,88848.0,0.1,0.6000000000000001,1.2000000000000002,0.30000000000000004,1.6,11.0,-12.3,7.400000000000001,26.3,16
5314,88865.0,0.1,0.9,1.8,0.30000000000000004,1.8,11.5,-11.6,4.3999999999999995,28.200000000000003,16
5315,88882.0,0.2,1.0,2.0,0.4,2.0,11.9,-9.700000000000001,3.3000000000000003,30.599999999999998,16
5316,88899.0,0.4,1.2000000000000002,2.2,0.5,2.1,12.0,-4.800000000000001,4.300000000000001,30.9,16
5317,88915.0,0.4,1.3,2.3000000000000003,0.5,2.1,12.0,-4.800000000000001,4.300000000000001,30.9,16
5318,88932.0,0.6000000000000001,1.3,2.7,0.7000000000000001,2.2,12.5,4.1000000000000005,7.0,23.5,16
5319,88949.0,0.6000000000000001,1.2000000000000002,2.5,0.7000000000000001,2.1,12.200000000000001,3.9,7.400000000000001,17.9,16
5320,88968.0,0.5,1.0,2.2,0.6000000000000001,2.0,12.0,4.300000000000001,11.8,14.0,16
5321,89004.0,0.4,0.4,1.0,0.5,1.5,11.100000000000001,10.1,23.8,12.9,16
5322,89015.0,0.5,0.2,0.7000000000000001,0.5,1.2000000000000002,10.5,14.900000000000002,28.0,13.5,16
5323,89032.0,0.7000000000000001,0.0,0.30000000000000004,0.7000000000000001,0.9,9.9,20.0,28.6,13.0,16
5324,89048.0,1.1,-0.30000000000000004,-0.2,1.0,0.7000000000000001,9.600000000000001,23.3,26.200000000000003,10.4,16
5325,89065.0,1.3,-0.6000000000000001,-0.6000000000000001,1.1,0.5,9.200000000000001,25.700000000000003,19.500000000000004,7.1000000000000005,16
5326,89082.0,1.4000000000000001,-0.7000000000000001,-0.7000000000000001,1.1,0.5,8.9,27.2,12.3,4.800000000000001,16
5327,89098.0,1.5,-0.9,-1.1,1.2000000000000002,0.30000000000000004,8.5,27.5,7.6,2.9,16
5328,89116.0,1.5,-1.1,-1.6,1.2000000000000002,0.30000000000000004,8.5,27.5,7.6,2.9,16
5329,89133.0,1.5,-1.1,-1.8,1.2000000000000002,0.30000000000000004,7.9,20.900000000000002,2.1999999999999997,-2.7,16
5330,89148.0,1.4000000000000001,-1.1,-1.8,1.1,0.4,7.9,14.0,-0.30000000000000004,-6.4,16
5331,89165.0,1.4000000000000001,-1.1,-1.8,1.1,0.4,7.9,6.4,-3.2,-10.2,16
5332,89182.0,1.3,-1.1,-1.6,1.1,0.4,8.1,-2.4000000000000004,-7.0,-14.4,16
5333,89198.0,1.3,-1.1,-1.6,1.1,0.4,8.1,-2.4000000000000004,-7.0,-14.4,16
5334,89215.0,1.1,-1.0,-1.0,1.0,0.5,8.8,-16.8,-19.3,-17.8,16
5335,89233.0,1.2000000000000002,-0.8,-0.6000000000000001,1.1,0.6000000000000001,9.1,-19.1,-23.2,-17.3,16
5336,89248.0,1.2000000000000002,-0.7000000000000001,-0.4,1.2000000000000002,0.7000000000000001,9.4,-18.5,-24.5,-18.6,16
5337,89265.0,1.0,-0.4,-0.1,1.0,0.9,9.600000000000001,-16.400000000000002,-24.5,-20.900000000000002,16
5338,89282.0,0.8,-0.2,-0.1,0.9,1.1,9.600000000000001,-14.200000000000001,-23.6,-22.6,16
5339,89299.0,0.6000000000000001,-0.1,-0.1,0.7000000000000001,1.1,9.5,-12.8,-22.1,-23.6,16
5340,89315.0,0.30000000000000004,0.0,-0.30000000000000004,0.5,1.2000000000000002,9.3,-11.6,-18.8,-24.6,16
5341,89332.0,0.0,0.1,-0.5,0.2,1.2000000000000002,9.200000000000001,-10.4,-15.299999999999999,-25.700000000000003,16
5342,89349.0,-0.2,0.1,-0.6000000000000001,-0.1,1.2000000000000002,9.0,-9.5,-13.5,-26.8,16
5343,89380.0,-0.7000000000000001,0.1,-0.9,-0.30000000000000004,1.1,8.9,-9.1,-12.9,-28.3,16
5344,89383.0,-0.7000000000000001,0.0,-0.9,-0.4,1.1,8.8,-9.8,-13.700000000000001,-30.200000000000003,16
5345,89399.0,-0.9,0.0,-1.0,-0.6000000000000001,1.0,8.700000000000001,-11.6,-14.4,-32.2,16
5346,89415.0,-1.0,0.0,-1.0,-0.7000000000000001,1.0,8.700000000000001,-13.3,-13.6,-33.300000000000004,16
5347,89433.0,-1.2000000000000002,0.0,-0.9,-0.8,0.9,8.8,-14.4,-11.5,-33.1,16
5348,89450.0,-1.3,-0.1,-0.8,-0.9,0.8,8.9,-14.700000000000001,-8.799999999999999,-32.300000000000004,16
5349,89465.0,-1.4000000000000001,-0.1,-0.7000000000000001,-1.0,0.8,9.1,-14.100000000000001,-6.2,-32.2,16
5350,89482.0,-1.5,-0.1,-0.4,-1.1,0.7000000000000001,9.3,-13.0,-5.2,-32.7,16
5351,89499.0,-1.5,-0.2,0.0,-1.1,0.6000000000000001,9.700000000000001,-12.4,-6.5,-33.2,16
5352,89515.0,-1.5,-0.2,0.1,-1.1,0.6000000000000001,9.9,-13.6,-10.0,-33.5,16
5353,89532.0,-1.6,-0.1,0.30000000000000004,-1.1,0.6000000000000001,10.0,-13.4,-11.8,-31.8,16
5354,89548.0,-1.5,-0.1,0.5,-1.1,0.6000000000000001,10.200000000000001,-11.1,-10.2,-27.6,16
5355,89566.0,-1.6,0.0,0.6000000000000001,-1.2000000000000002,0.7000000000000001,10.4,-7.1000000000000005,-6.2,-21.900000000000002,16
5356,89582.0,-1.7000000000000002,0.1,0.9,-1.3,0.8,10.600000000000001,-2.3000000000000003,-2.9,-16.1,16
5357,89598.0,-1.9000000000000001,0.30000000000000004,1.3,-1.5,0.9,11.0,1.4,-1.4,-11.4,16
5358,89616.0,-2.0,0.30000000000000004,1.4000000000000001,-1.5,1.0,11.200000000000001,2.6,-4.7,-8.5,16
5359,89634.0,-1.9000000000000001,0.4,1.6,-1.4000000000000001,1.1,11.3,3.1,-6.000000000000001,-6.3,16
5360,89648.0,-1.7000000000000002,0.5,1.7000000000000002,-1.3,1.2000000000000002,11.5,4.2,-3.5,-4.3999999999999995,16
5361,89668.0,-1.6,0.6000000000000001,2.2,-1.2000000000000002,1.3,11.9,6.4,-1.0999999999999999,-2.5,16
5362,89682.0,-1.6,0.6000000000000001,2.4000000000000004,-1.2000000000000002,1.4000000000000001,12.3,8.3,-0.4,-1.2000000000000002,16
5363,89700.0,-1.5,0.7000000000000001,2.8000000000000003,-1.2000000000000002,1.4000000000000001,12.3,8.3,-0.4,-1.2000000000000002,16
5364,89715.0,-1.2000000000000002,0.7000000000000001,3.3000000000000003,-0.5,1.5,12.9,-1.5000000000000002,-19.400000000000002,1.4,16
5365,89732.0,-0.6000000000000001,0.6000000000000001,2.8000000000000003,0.0,1.3,12.5,-4.3999999999999995,-20.6,5.8,16
5366,89748.0,-0.1,0.30000000000000004,2.3000000000000003,0.4,1.0,12.100000000000001,-1.9,-14.100000000000001,10.5,16
5367,89765.0,-0.1,0.30000000000000004,2.3000000000000003,0.4,1.0,12.100000000000001,-1.9,-14.100000000000001,10.5,16
5368,89786.0,0.5,-0.4,1.6,1.1,0.4,11.3,20.4,7.699999999999999,19.1,16
5369,89798.0,0.8,-0.7000000000000001,0.9,1.4000000000000001,0.2,10.700000000000001,32.1,11.5,19.0,16
5370,89815.0,1.0,-0.8,0.4,1.6,0.2,9.8,39.6,13.700000000000001,16.3,16
5371,89832.0,1.1,-0.9,-0.8,1.7000000000000002,0.2,8.8,42.800000000000004,15.100000000000001,12.3,16
5372,89848.0,1.4000000000000001,-1.0,-1.6,1.8,0.30000000000000004,8.200000000000001,39.400000000000006,15.5,7.0,16
5373,89865.0,1.5,-1.0,-1.8,2.0,0.30000000000000004,7.9,29.200000000000003,12.6,0.9,16
5374,89890.0,1.6,-1.0,-2.0,2.0,0.30000000000000004,7.800000000000001,16.400000000000002,6.7,-3.8,16
5375,89899.0,1.6,-1.1,-2.1,2.0,0.30000000000000004,7.6000000000000005,5.1,4.2,-5.9,16
5376,89915.0,1.7000000000000002,-1.1,-2.1,2.0,0.30000000000000004,7.7,-3.7000000000000006,4.300000000000001,-6.4,16
5377,89932.0,1.5,-1.1,-1.9000000000000001,1.8,0.30000000000000004,8.0,-10.700000000000001,4.7,-6.000000000000001,16
5378,89949.0,1.1,-1.0,-1.5,1.5,0.30000000000000004,8.3,-15.8,2.1999999999999997,-4.1000000000000005,16
5379,89966.0,0.9,-0.8,-1.1,1.3,0.4,8.6,-18.5,-2.1,-1.4,16
5380,89991.0,0.8,-0.7000000000000001,-0.8,1.2000000000000002,0.5,8.9,-19.200000000000003,-6.9,1.0,16
5381,89999.0,0.7000000000000001,-0.7000000000000001,-0.6000000000000001,1.2000000000000002,0.5,9.1,-18.7,-11.4,2.7,16
5382,90015.0,0.6000000000000001,-0.5,-0.5,1.1,0.6000000000000001,9.200000000000001,-16.3,-13.4,4.5,16
5383,90032.0,0.4,-0.4,-0.5,0.9,0.7000000000000001,9.200000000000001,-12.6,-12.4,6.7,16
5384,90049.0,0.1,-0.2,-0.5,0.6000000000000001,0.8,9.200000000000001,-8.600000000000001,-10.1,8.799999999999999,16
5385,90065.0,-0.2,-0.1,-0.5,0.4,0.9,9.200000000000001,-5.4,-8.600000000000001,10.600000000000001,16
5386,90084.0,-0.30000000000000004,0.0,-0.5,0.2,1.0,9.1,-6.000000000000001,-10.0,11.1,16
5387,90099.0,-0.5,0.1,-0.6000000000000001,0.1,1.0,9.1,-8.700000000000001,-12.200000000000001,11.2,16
5388,90115.0,-0.6000000000000001,0.1,-0.6000000000000001,0.1,1.0,9.1,-8.700000000000001,-12.200000000000001,11.2,16
5389,90132.0,-0.6000000000000001,0.2,-0.6000000000000001,0.1,1.1,9.1,-14.100000000000001,-9.3,11.4,16
5390,90148.0,-0.7000000000000001,0.30000000000000004,-0.5,0.0,1.1,9.200000000000001,-13.4,-4.7,13.100000000000001,16
5391,90167.0,-0.8,0.4,-0.4,0.0,1.1,9.3,-11.1,0.8,15.000000000000002,16
5392,90182.0,-0.9,0.4,-0.4,-0.2,1.2000000000000002,9.3,-7.400000000000001,3.4,16.400000000000002,16
5393,90198.0,-0.9,0.5,-0.4,-0.2,1.2000000000000002,9.3,-7.400000000000001,3.4,16.400000000000002,16
5394,90215.0,-1.3,0.7000000000000001,-0.30000000000000004,-0.6000000000000001,1.5,9.4,-3.2,1.6,18.7,16
5395,90232.0,-1.3,0.9,-0.2,-0.6000000000000001,1.7000000000000002,9.600000000000001,-1.0999999999999999,1.0999999999999999,21.1,16
5396,90249.0,-1.2000000000000002,1.0,-0.1,-0.5,1.8,9.700000000000001,0.4,0.6000000000000001,23.0,16
5397,90265.0,-1.0,1.2000000000000002,0.0,-0.30000000000000004,1.9000000000000001,9.700000000000001,2.5,2.1,24.3,16
5398,90290.0,-0.8,1.2000000000000002,0.1,-0.1,2.0,9.8,4.3999999999999995,5.300000000000001,24.8,16
5399,90298.0,-0.7000000000000001,1.2000000000000002,0.2,0.0,2.0,9.9,4.800000000000001,7.0,23.8,16
5400,90315.0,-0.5,1.2000000000000002,0.4,0.2,2.0,10.200000000000001,4.5,7.500000000000001,21.5,16
5401,90332.0,-0.4,1.2000000000000002,0.6000000000000001,0.4,1.9000000000000001,10.4,3.1,7.2,19.3,16
5402,90348.0,0.0,1.0,0.9,0.7000000000000001,1.8,10.700000000000001,0.2,6.4,16.8,16
5403,90365.0,0.4,0.9,1.2000000000000002,1.1,1.7000000000000002,11.0,-2.0,6.4,14.3,16
5404,90389.0,0.8,0.7000000000000001,1.5,1.3,1.5,11.200000000000001,-1.2000000000000002,7.699999999999999,13.0,16
5405,90398.0,1.0,0.6000000000000001,1.6,1.6,1.4000000000000001,11.3,1.4,10.1,11.8,16
5406,90415.0,1.1,0.6000000000000001,1.5,1.6,1.5,11.200000000000001,5.4,14.200000000000001,10.700000000000001,16
5407,90433.0,0.5,0.9,1.5,1.0,1.8,11.3,10.4,18.7,10.600000000000001,16
5408,90449.0,0.5,0.9,1.5,1.0,1.8,11.3,10.4,18.7,10.600000000000001,16
5409,90465.0,-0.2,1.2000000000000002,2.3000000000000003,0.2,2.1,12.0,11.3,7.300000000000001,14.0,16
5410,90483.0,0.0,1.0,2.0,0.4,2.0,11.8,9.600000000000001,-0.8,14.500000000000002,16
5411,90499.0,0.1,0.8,1.9000000000000001,0.6000000000000001,1.7000000000000002,11.700000000000001,10.4,-1.0999999999999999,12.9,16
5412,90519.0,0.30000000000000004,0.30000000000000004,1.6,0.7000000000000001,1.3,11.4,12.200000000000001,3.0000000000000004,10.9,16
5413,90533.0,0.30000000000000004,-0.1,1.3,0.7000000000000001,1.0,11.100000000000001,16.400000000000002,10.1,10.600000000000001,16
5414,90548.0,0.30000000000000004,-0.4,1.1,0.7000000000000001,0.6000000000000001,10.8,21.3,15.5,11.000000000000002,16
5415,90565.0,0.5,-0.8,0.6000000000000001,0.8,0.30000000000000004,10.3,25.6,18.3,10.4,16
5416,90584.0,0.6000000000000001,-1.2000000000000002,0.1,0.9,0.1,10.0,28.400000000000002,17.200000000000003,8.3,16
5417,90599.0,0.7000000000000001,-1.3,0.0,1.0,0.0,9.700000000000001,30.000000000000004,15.2,6.2,16
5418,90616.0,0.9,-1.4000000000000001,-0.5,1.2000000000000002,0.0,9.200000000000001,28.8,11.6,4.9,16
5419,90632.0,1.1,-1.6,-1.1,1.3,-0.1,8.6,27.2,11.4,4.9,16
5420,90648.0,1.2000000000000002,-1.7000000000000002,-1.4000000000000001,1.3,-0.1,8.3,25.0,14.100000000000001,5.300000000000001,16
5421,90665.0,1.0,-1.7000000000000002,-1.6,1.0,-0.1,8.200000000000001,21.400000000000002,13.9,6.6000000000000005,16
5422,90682.0,0.7000000000000001,-1.6,-1.6,0.8,0.0,8.1,16.400000000000002,10.600000000000001,8.600000000000001,16
5423,90700.0,0.7000000000000001,-1.6,-1.6,0.7000000000000001,0.1,8.1,11.700000000000001,6.6000000000000005,10.600000000000001,16
5424,90715.0,0.6000000000000001,-1.5,-1.6,0.7000000000000001,0.2,8.200000000000001,6.9,-0.8,11.2,16
5425,90733.0,0.7000000000000001,-1.4000000000000001,-1.3,0.9,0.30000000000000004,8.3,1.7,-8.799999999999999,10.600000000000001,16
5426,90748.0,0.8,-1.3,-1.2000000000000002,1.0,0.4,8.5,-3.9,-17.400000000000002,8.9,16
5427,90765.0,0.7000000000000001,-1.0,-1.2000000000000002,1.0,0.7000000000000001,8.5,-8.4,-22.2,8.1,16
5428,90785.0,0.6000000000000001,-0.7000000000000001,-1.1,0.9,0.9,8.6,-10.9,-22.8,8.1,16
5429,90799.0,0.5,-0.6000000000000001,-1.0,0.9,1.1,8.700000000000001,-12.4,-20.4,8.1,16
5430,90816.0,0.5,-0.4,-0.8,0.9,1.2000000000000002,8.8,-14.100000000000001,-19.3,6.8,16
5431,90832.0,0.4,-0.2,-0.8,0.9,1.3,8.9,-14.200000000000001,-17.200000000000003,4.9,16
5432,90849.0,0.2,0.0,-0.8,0.8,1.5,8.9,-12.3,-14.600000000000001,3.0000000000000004,16
5433,90869.0,-0.1,0.2,-0.8,0.6000000000000001,1.6,8.9,-10.0,-12.8,1.0999999999999999,16
5434,90886.0,-0.30000000000000004,0.30000000000000004,-0.8,0.30000000000000004,1.7000000000000002,8.8,-8.4,-12.3,-0.6000000000000001,16
5435,90899.0,-0.4,0.4,-0.8,0.2,1.8,8.8,-8.3,-12.8,-2.6,16
5436,90915.0,-0.5,0.6000000000000001,-0.9,0.1,2.0,8.8,-9.0,-13.6,-4.7,16
5437,90932.0,-0.6000000000000001,0.7000000000000001,-0.9,0.1,2.0,8.8,-9.4,-13.100000000000001,-6.6000000000000005,16
5438,90948.0,-0.7000000000000001,0.7000000000000001,-0.8,0.1,2.0,8.8,-9.8,-11.5,-9.4,16
5439,90965.0,-0.8,0.7000000000000001,-0.7000000000000001,-0.1,2.1,9.0,-10.4,-9.600000000000001,-12.700000000000001,16
5440,90994.0,-1.1,0.8,-0.30000000000000004,-0.2,2.1,9.3,-10.700000000000001,-7.8,-15.2,16
5441,91002.0,-1.1,0.8,-0.2,-0.30000000000000004,2.0,9.5,-10.0,-5.4,-17.200000000000003,16
5442,91015.0,-1.2000000000000002,0.7000000000000001,0.0,-0.4,1.9000000000000001,9.8,-9.3,-4.2,-19.1,16
5443,91032.0,-1.2000000000000002,0.7000000000000001,0.5,-0.4,1.9000000000000001,10.200000000000001,-9.4,-5.6,-20.900000000000002,16
5444,91048.0,-1.0,0.6000000000000001,0.9,-0.2,1.8,10.600000000000001,-9.3,-6.9,-22.2,16
5445,91065.0,-0.9,0.6000000000000001,1.2000000000000002,-0.1,1.7000000000000002,10.9,-8.200000000000001,-6.1000000000000005,-22.5,16
5446,91082.0,-0.9,0.5,1.5,-0.1,1.7000000000000002,11.100000000000001,-4.6000000000000005,-2.0,-20.3,16
5447,91100.0,-1.0,0.5,1.5,-0.2,1.7000000000000002,11.200000000000001,1.6,2.9,-16.5,16
5448,91116.0,-1.1,0.4,1.5,-0.4,1.6,11.200000000000001,9.200000000000001,9.1,-12.9,16
5449,91131.0,-1.2000000000000002,0.4,1.5,-0.5,1.6,11.200000000000001,14.800000000000002,12.200000000000001,-11.3,16
5450,91148.0,-1.3,0.4,1.5,-0.7000000000000001,1.7000000000000002,11.200000000000001,17.8,11.700000000000001,-11.000000000000002,16
5451,91165.0,-1.4000000000000001,0.4,1.4000000000000001,-0.8,1.7000000000000002,11.100000000000001,18.900000000000002,10.5,-11.2,16
5452,91182.0,-1.5,0.4,1.4000000000000001,-0.8,1.8,11.3,17.9,7.6,-11.6,16
5453,91198.0,-1.3,0.4,1.7000000000000002,-0.8,1.8,11.3,17.9,7.6,-11.6,16
5454,91215.0,-0.8,0.4,2.0,0.1,1.9000000000000001,11.5,-3.5,-16.5,-10.0,16
5455,91232.0,-0.1,0.5,1.6,0.7000000000000001,1.8,11.3,-7.8,-14.200000000000001,-6.2,16
5456,91249.0,0.30000000000000004,0.2,1.5,1.0,1.6,11.200000000000001,-5.8,-3.0000000000000004,-4.2,16
5457,91265.0,0.4,0.0,1.5,1.0,1.4000000000000001,11.200000000000001,0.8,5.7,-1.8,16
5458,91282.0,0.4,-0.2,1.5,1.1,1.2000000000000002,11.200000000000001,8.0,9.9,-0.1,16
5459,91298.0,0.8,-0.6000000000000001,1.4000000000000001,1.4000000000000001,0.9,11.100000000000001,13.0,7.6,-1.3,16
5460,91315.0,1.4000000000000001,-0.9,0.8,1.9000000000000001,0.6000000000000001,10.600000000000001,15.9,5.1,-5.7,16
5461,91332.0,1.6,-1.0,0.4,2.3000000000000003,0.5,9.9,19.1,9.5,-10.600000000000001,16
5462,91349.0,1.9000000000000001,-1.2000000000000002,-0.4,2.4000000000000004,0.4,9.3,20.3,17.599999999999998,-14.800000000000002,16
5463,91366.0,1.9000000000000001,-1.3,-0.9,2.4000000000000004,0.4,8.9,15.9,21.8,-18.1,16
5464,91385.0,1.7000000000000002,-1.2000000000000002,-1.2000000000000002,2.1,0.4,8.6,5.2,19.6,-20.1,16
5465,91398.0,1.6,-1.2000000000000002,-1.3,1.9000000000000001,0.5,8.4,-6.6000000000000005,16.0,-20.2,16
5466,91415.0,1.3,-1.1,-1.3,1.7000000000000002,0.5,8.4,-15.9,13.9,-18.1,16
5467,91432.0,1.2000000000000002,-1.0,-1.4000000000000001,1.4000000000000001,0.6000000000000001,8.4,-19.200000000000003,12.100000000000001,-13.5,16
5468,91448.0,1.0,-0.9,-1.3,1.4000000000000001,0.6000000000000001,8.4,-19.200000000000003,12.100000000000001,-13.5,16
5469,91465.0,0.7000000000000001,-0.6000000000000001,-1.2000000000000002,1.0,0.9,8.6,-12.100000000000001,6.3,-2.8,16
5470,91482.0,0.6000000000000001,-0.5,-1.2000000000000002,0.7000000000000001,1.0,8.6,-6.3,0.5,-0.30000000000000004,16
5471,91498.0,0.2,-0.30000000000000004,-1.1,0.4,1.2000000000000002,8.700000000000001,-3.5,-8.0,-0.5,16
5472,91515.0,0.0,-0.1,-1.0,0.30000000000000004,1.3,8.700000000000001,-4.3999999999999995,-17.5,-2.1999999999999997,16
5473,91532.0,-0.1,0.0,-1.0,0.1,1.4000000000000001,8.6,-8.5,-25.5,-3.9,16
5474,91548.0,-0.2,0.0,-1.3,0.2,1.4000000000000001,8.5,-12.5,-25.400000000000002,-4.300000000000001,16
5475,91565.0,-0.4,0.0,-1.2000000000000002,0.1,1.3,8.5,-15.100000000000001,-20.3,-3.8,16
5476,91582.0,-0.4,0.0,-1.1,0.0,1.3,8.700000000000001,-16.6,-13.200000000000001,-2.7,16
5477,91598.0,-0.7000000000000001,0.0,-0.8,-0.2,1.2000000000000002,8.9,-16.5,-7.1000000000000005,-0.1,16
5478,91615.0,-1.0,0.0,-0.7000000000000001,-0.4,1.2000000000000002,9.0,-15.5,-3.5,2.8,16
5479,91632.0,-1.1,0.0,-0.8,-0.6000000000000001,1.1,8.9,-13.8,-1.0,5.2,16
5480,91648.0,-1.3,0.0,-0.8,-0.8,1.1,8.9,-11.9,0.6000000000000001,8.3,16
5481,91667.0,-1.6,0.1,-0.7000000000000001,-1.1,1.2000000000000002,9.0,-10.3,0.8,13.100000000000001,16
5482,91683.0,-1.8,0.30000000000000004,-0.6000000000000001,-1.3,1.4000000000000001,9.0,-8.0,0.30000000000000004,20.1,16
5483,91698.0,-1.8,0.4,-0.5,-1.2000000000000002,1.4000000000000001,9.200000000000001,-4.6000000000000005,-1.3,27.7,16
5484,91715.0,-1.4000000000000001,0.4,-0.4,-0.8,1.4000000000000001,9.3,-2.4000000000000004,-4.0,32.300000000000004,16
5485,91732.0,-1.1,0.4,-0.5,-0.5,1.4000000000000001,9.200000000000001,-0.4,-5.300000000000001,34.2,16
5486,91748.0,-1.0,0.5,-0.4,-0.5,1.5,9.3,1.3,-3.7000000000000006,35.9,16
5487,91765.0,-1.2000000000000002,0.7000000000000001,-0.30000000000000004,-0.6000000000000001,1.7000000000000002,9.5,2.8,-2.1999999999999997,39.6,16
5488,91782.0,-1.0,0.8,0.2,-0.4,1.8,9.8,4.0,-1.0999999999999999,44.2,16
5489,91799.0,-0.7000000000000001,0.8,0.4,0.1,1.9000000000000001,10.200000000000001,4.800000000000001,-2.4000000000000004,46.300000000000004,16
5490,91816.0,0.1,0.9,0.8,0.8,2.0,10.5,4.800000000000001,-4.1000000000000005,45.0,16
5491,91832.0,0.9,0.9,1.1,1.6,2.0,10.8,3.7000000000000006,-5.7,40.7,16
5492,91848.0,1.3,0.9,1.2000000000000002,2.2,2.0,11.0,2.3000000000000003,-5.1,34.2,16
5493,91865.0,1.9000000000000001,1.0,1.5,2.7,2.0,11.100000000000001,0.8,-1.0999999999999999,27.0,16
5494,91882.0,2.2,0.9,1.3,3.0,2.0,11.0,1.5000000000000002,7.699999999999999,20.1,16
5495,91898.0,2.2,0.9,1.1,2.7,1.9000000000000001,10.600000000000001,5.1,19.9,14.500000000000002,16
5496,91915.0,1.6,0.9,0.6000000000000001,2.0,2.1,10.200000000000001,7.1000000000000005,30.599999999999998,11.6,16
5497,91933.0,0.2,1.2000000000000002,0.4,0.7000000000000001,2.4000000000000004,10.100000000000001,6.3,36.2,13.100000000000001,16
5498,91949.0,-0.4,1.4000000000000001,0.30000000000000004,-0.30000000000000004,2.6,10.200000000000001,5.4,34.6,18.0,16
5499,91965.0,-1.2000000000000002,1.6,1.1,-0.7000000000000001,2.8000000000000003,11.100000000000001,4.800000000000001,21.6,24.400000000000002,16
5500,91985.0,-0.5,1.2000000000000002,1.8,-0.1,2.3000000000000003,11.5,0.8,3.7000000000000006,26.3,16
5501,91998.0,-0.1,0.9,1.4000000000000001,0.30000000000000004,1.8,11.0,5.500000000000001,-0.7,23.2,16
5502,92015.0,0.1,0.5,1.2000000000000002,0.5,1.6,11.0,16.400000000000002,2.0,20.4,16
5503,92032.0,0.2,0.1,1.3,0.6000000000000001,1.3,11.0,20.8,3.3000000000000003,18.5,16
5504,92048.0,0.30000000000000004,-0.1,1.1,0.7000000000000001,1.1,10.700000000000001,18.400000000000002,0.7,16.700000000000003,16
5505,92066.0,0.6000000000000001,-0.5,0.9,1.2000000000000002,0.8,10.600000000000001,12.3,-1.7,15.399999999999999,16
5506,92083.0,1.2000000000000002,-0.9,0.7000000000000001,1.6,0.5,10.5,5.9,-3.9,14.0,16
5507,92102.0,1.5,-1.2000000000000002,0.8,1.9000000000000001,0.2,10.600000000000001,2.5,-2.7,13.100000000000001,16
5508,92116.0,1.6,-1.3,0.9,2.2,0.0,10.600000000000001,2.4000000000000004,-1.4,13.3,16
5509,92132.0,1.9000000000000001,-1.5,0.6000000000000001,2.3000000000000003,-0.2,10.200000000000001,5.8,3.4,14.3,16
5510,92148.0,1.5,-1.5,-0.1,2.0,-0.1,9.700000000000001,13.8,13.200000000000001,15.7,16
5511,92165.0,1.2000000000000002,-1.4000000000000001,-0.5,1.5,0.1,9.1,23.8,18.7,16.400000000000002,16
5512,92181.0,0.8,-1.2000000000000002,-0.9,1.1,0.4,8.700000000000001,27.6,21.700000000000003,15.2,16
5513,92198.0,0.6000000000000001,-1.1,-1.3,0.9,0.5,8.200000000000001,24.6,16.1,12.100000000000001,16
5514,92215.0,0.5,-1.0,-1.6,0.7000000000000001,0.7000000000000001,8.0,16.8,7.9,6.9,16
5515,92232.0,0.30000000000000004,-0.8,-1.8,0.5,0.9,7.9,7.2,0.2,3.0000000000000004,16
5516,92248.0,0.2,-0.6000000000000001,-1.7000000000000002,0.5,1.1,7.9,-2.9,-7.300000000000001,1.2000000000000002,16
5517,92265.0,0.30000000000000004,-0.5,-1.8,0.7000000000000001,1.2000000000000002,7.9,-8.9,-10.0,0.4,16
5518,92282.0,0.5,-0.5,-1.7000000000000002,0.8,1.2000000000000002,7.9,-11.700000000000001,-8.5,-1.2000000000000002,16
5519,92300.0,0.2,-0.30000000000000004,-1.5,0.6000000000000001,1.3,8.1,-11.9,-5.9,-2.4000000000000004,16
5520,92315.0,0.0,-0.2,-1.4000000000000001,0.4,1.4000000000000001,8.4,-11.5,-7.6,-2.3000000000000003,16
5521,92332.0,-0.2,0.0,-1.1,0.30000000000000004,1.5,8.5,-11.2,-11.6,-1.7,16
5522,92349.0,-0.1,0.1,-1.1,0.4,1.6,8.6,-11.1,-15.2,-2.4000000000000004,16
5523,92365.0,0.0,0.2,-1.0,0.6000000000000001,1.6,8.700000000000001,-11.6,-17.3,-4.0,16
5524,92382.0,0.2,0.2,-0.8,0.8,1.6,8.8,-11.700000000000001,-17.200000000000003,-6.000000000000001,16
5525,92399.0,0.2,0.30000000000000004,-0.7000000000000001,0.8,1.7000000000000002,8.9,-10.8,-12.8,-8.9,16
5526,92416.0,0.1,0.4,-0.6000000000000001,0.6000000000000001,1.8,9.1,-10.1,-9.200000000000001,-11.000000000000002,16
5527,92433.0,-0.1,0.6000000000000001,-0.5,0.5,1.9000000000000001,9.200000000000001,-9.200000000000001,-5.300000000000001,-11.8,16
5528,92450.0,-0.30000000000000004,0.7000000000000001,-0.4,0.30000000000000004,2.0,9.200000000000001,-8.1,-0.9,-13.100000000000001,16
5529,92466.0,-0.5,0.8,-0.30000000000000004,0.2,2.1,9.3,-6.5,4.0,-15.399999999999999,16
5530,92482.0,-0.6000000000000001,0.9,-0.30000000000000004,-0.1,2.2,9.4,-4.800000000000001,6.9,-17.9,16
5531,92498.0,-0.9,1.0,-0.1,-0.30000000000000004,2.3000000000000003,9.5,-3.3000000000000003,8.5,-19.8,16
5532,92515.0,-1.1,1.0,-0.1,-0.6000000000000001,2.3000000000000003,9.600000000000001,-2.4000000000000004,8.700000000000001,-21.700000000000003,16
5533,92532.0,-1.3,1.1,0.0,-0.8,2.4000000000000004,9.700000000000001,-2.5,7.300000000000001,-22.900000000000002,16
5534,92549.0,-1.3,1.0,0.30000000000000004,-0.9,2.3000000000000003,10.0,-5.4,2.1,-23.6,16
5535,92567.0,-1.3,0.9,0.6000000000000001,-0.8,2.2,10.200000000000001,-9.1,-3.7000000000000006,-23.0,16
5536,92582.0,-1.2000000000000002,0.8,0.7000000000000001,-0.7000000000000001,2.0,10.5,-9.600000000000001,-5.4,-20.900000000000002,16
5537,92601.0,-1.1,0.6000000000000001,1.1,-0.6000000000000001,1.8,10.8,-6.5,-4.0,-17.5,16
5538,92622.0,-1.2000000000000002,0.5,1.6,-0.7000000000000001,1.8,11.3,-1.0999999999999999,-2.4000000000000004,-13.3,16
5539,92631.0,-1.1,0.5,1.6,-0.7000000000000001,1.7000000000000002,11.3,6.3,-2.9,-8.5,16
5540,92648.0,-1.1,0.30000000000000004,1.6,-0.7000000000000001,1.7000000000000002,11.3,12.6,-2.5,-5.300000000000001,16
5541,92665.0,-1.3,0.4,1.7000000000000002,-0.7000000000000001,1.7000000000000002,11.3,12.6,-2.5,-5.300000000000001,16
5542,92681.0,-1.3,0.5,1.7000000000000002,-0.8,1.9000000000000001,11.600000000000001,15.7,-7.0,-2.1,16
5543,92698.0,-1.2000000000000002,0.5,1.9000000000000001,-0.8,1.9000000000000001,11.600000000000001,15.7,-7.0,-2.1,16
5544,92715.0,0.2,0.2,2.3000000000000003,0.8,1.7000000000000002,12.0,0.8,-21.700000000000003,-3.6,16
5545,92731.0,0.6000000000000001,0.1,2.1,1.5,1.4000000000000001,11.8,-3.8,-21.3,-4.0,16
5546,92748.0,1.4000000000000001,-0.30000000000000004,1.9000000000000001,2.2,1.1,11.600000000000001,-2.6,-14.3,-5.1,16
5547,92765.0,1.8,-0.6000000000000001,1.3,2.5,0.8,11.0,5.0,-3.0000000000000004,-7.300000000000001,16
5548,92782.0,1.8,-0.7000000000000001,0.9,2.4000000000000004,0.7000000000000001,10.4,15.7,11.5,-9.1,16
5549,92799.0,1.5,-0.8,0.1,2.1,0.7000000000000001,9.600000000000001,20.5,16.3,-11.4,16
5550,92815.0,1.5,-0.9,-0.4,2.1,0.7000000000000001,9.600000000000001,20.5,16.3,-11.4,16
5551,92832.0,1.3,-1.0,-1.3,1.7000000000000002,0.6000000000000001,8.200000000000001,9.4,8.600000000000001,-17.1,16
5552,92848.0,1.0,-1.0,-1.6,1.6,0.6000000000000001,8.1,-2.1,0.9,-18.2,16
5553,92866.0,1.0,-1.0,-1.6,1.5,0.5,8.1,-11.3,-5.1,-17.599999999999998,16
5554,92889.0,1.0,-1.0,-1.3,1.6,0.5,8.4,-14.700000000000001,-6.6000000000000005,-16.700000000000003,16
5555,92898.0,1.0,-1.0,-1.1,1.6,0.5,8.6,-14.600000000000001,-6.9,-17.3,16
5556,92915.0,0.9,-0.9,-1.0,1.4000000000000001,0.6000000000000001,8.8,-12.3,-6.2,-19.0,16
5557,92932.0,0.7000000000000001,-0.8,-0.8,1.1,0.7000000000000001,9.0,-10.8,-8.200000000000001,-20.8,16
5558,92948.0,0.30000000000000004,-0.6000000000000001,-0.6000000000000001,0.9,0.8,9.1,-12.3,-12.3,-21.1,16
5559,92965.0,0.1,-0.5,-0.5,0.8,0.8,9.200000000000001,-16.1,-16.2,-20.4,16
5560,92991.0,0.1,-0.5,-0.5,0.8,0.8,9.200000000000001,-19.0,-16.8,-19.400000000000002,16
5561,92998.0,0.0,-0.5,-0.5,0.6000000000000001,0.8,9.3,-19.400000000000002,-12.5,-18.400000000000002,16
5562,93015.0,-0.4,-0.4,-0.30000000000000004,0.4,0.8,9.4,-17.400000000000002,-8.1,-16.2,16
5563,93031.0,-0.5,-0.30000000000000004,-0.2,0.30000000000000004,0.8,9.5,-14.700000000000001,-5.300000000000001,-13.6,16
5564,93048.0,-0.6000000000000001,-0.30000000000000004,-0.30000000000000004,0.1,0.8,9.4,-11.9,-4.2,-11.6,16
5565,93065.0,-0.7000000000000001,-0.2,-0.4,0.1,0.9,9.3,-9.9,-3.9,-9.9,16
5566,93081.0,-0.8,-0.1,-0.7000000000000001,0.0,0.9,9.0,-9.200000000000001,-2.7,-8.4,16
5567,93098.0,-0.8,-0.1,-0.8,-0.1,1.0,8.8,-10.2,-0.30000000000000004,-6.8,16
5568,93115.0,-1.1,0.1,-0.9,-0.4,1.1,8.8,-11.6,2.4000000000000004,-4.1000000000000005,16
5569,93132.0,-1.3,0.2,-0.9,-0.5,1.1,8.8,-12.3,3.0000000000000004,-0.2,16
5570,93152.0,-1.4000000000000001,0.30000000000000004,-0.6000000000000001,-0.6000000000000001,1.2000000000000002,9.0,-13.5,2.1999999999999997,3.9,16
5571,93165.0,-1.3,0.30000000000000004,-0.6000000000000001,-0.5,1.2000000000000002,9.200000000000001,-13.200000000000001,-1.0,7.500000000000001,16
5572,93183.0,-1.1,0.4,-0.30000000000000004,-0.30000000000000004,1.3,9.4,-11.4,-3.2,11.000000000000002,16
5573,93198.0,-1.0,0.5,-0.2,-0.1,1.4000000000000001,9.5,-6.7,-4.2,14.600000000000001,16
5574,93215.0,-0.8,0.7000000000000001,-0.2,-0.1,1.6,9.5,-0.2,-1.5000000000000002,18.400000000000002,16
5575,93232.0,-0.8,0.9,-0.1,-0.1,1.8,9.600000000000001,5.8,0.4,22.4,16
5576,93249.0,-0.8,1.1,-0.1,0.0,2.0,9.600000000000001,10.1,1.7,25.5,16
5577,93265.0,-0.6000000000000001,1.3,0.0,0.30000000000000004,2.2,9.700000000000001,11.6,1.0999999999999999,26.8,16
5578,93289.0,-0.1,1.3,0.1,0.7000000000000001,2.3000000000000003,9.700000000000001,11.700000000000001,0.2,25.400000000000002,16
5579,93298.0,0.1,1.3,0.1,1.0,2.3000000000000003,9.9,11.1,0.8,21.6,16
5580,93315.0,0.4,1.2000000000000002,0.30000000000000004,1.3,2.2,10.100000000000001,7.1000000000000005,-0.5,16.700000000000003,16
5581,93332.0,0.7000000000000001,1.2000000000000002,0.5,1.5,2.2,10.200000000000001,2.1999999999999997,-2.1,12.700000000000001,16
5582,93348.0,0.8,1.2000000000000002,0.6000000000000001,1.8,2.1,10.3,-0.6000000000000001,-0.4,10.3,16
5583,93365.0,1.1,0.9,0.6000000000000001,1.8,1.9000000000000001,10.3,-2.5,4.2,7.300000000000001,16
5584,93389.0,0.2,1.0,0.6000000000000001,0.4,2.2,10.4,1.2000000000000002,18.0,9.0,16
5585,93398.0,0.2,1.0,0.6000000000000001,0.4,2.2,10.4,1.2000000000000002,18.0,9.0,16
5586,93415.0,-0.8,1.2000000000000002,0.9,-0.30000000000000004,2.3000000000000003,10.9,4.300000000000001,17.7,13.4,16
5587,93432.0,-0.9,1.1,2.1,-0.2,2.1,11.9,0.7,1.3,14.3,16
5588,93448.0,-0.5,0.9,2.3000000000000003,0.6000000000000001,1.7000000000000002,11.600000000000001,-5.0,-13.3,11.1,16
5589,93466.0,0.0,0.5,1.6,0.9,1.4000000000000001,11.3,-0.7,-12.200000000000001,9.1,16
5590,93493.0,0.5,-0.2,1.7000000000000002,1.2000000000000002,0.8,11.200000000000001,9.4,2.6,8.1,16
5591,93498.0,0.5,-0.30000000000000004,1.5,1.2000000000000002,0.8,11.200000000000001,9.4,2.6,8.1,16
5592,93515.0,0.6000000000000001,-0.5,1.3,1.3,0.5,11.0,13.100000000000001,8.4,9.600000000000001,16
5593,93532.0,0.7000000000000001,-0.8,1.2000000000000002,1.5,0.30000000000000004,10.9,13.0,9.0,10.2,16
5594,93549.0,0.8,-0.9,1.0,1.5,0.30000000000000004,10.9,13.0,9.0,10.2,16
5595,93565.0,0.9,-1.0,0.9,1.8,0.1,10.700000000000001,13.200000000000001,4.7,10.700000000000001,16
5596,93582.0,1.3,-1.2000000000000002,0.7000000000000001,2.0,-0.1,10.3,12.4,2.1999999999999997,9.9,16
5597,93598.0,1.4000000000000001,-1.3,-0.1,2.2,-0.1,9.600000000000001,13.5,4.7,9.4,16
5598,93617.0,1.4000000000000001,-1.4000000000000001,-0.4,1.9000000000000001,0.0,9.200000000000001,15.7,11.1,9.1,16
5599,93632.0,0.9,-1.2000000000000002,-0.7000000000000001,1.5,0.1,8.9,16.1,12.9,9.4,16
5600,93648.0,0.7000000000000001,-1.1,-1.1,1.3,0.30000000000000004,8.6,15.6,11.5,9.1,16
5601,93665.0,0.6000000000000001,-1.0,-1.3,1.2000000000000002,0.4,8.4,14.100000000000001,8.700000000000001,7.500000000000001,16
5602,93681.0,0.6000000000000001,-0.9,-1.4000000000000001,1.2000000000000002,0.5,8.3,8.799999999999999,2.1,3.8,16
5603,93698.0,0.6000000000000001,-0.8,-1.4000000000000001,1.2000000000000002,0.5,8.3,8.799999999999999,2.1,3.8,16
5604,93715.0,0.6000000000000001,-0.7000000000000001,-1.5,1.3,0.8,8.1,-8.0,-12.8,-3.2,16
5605,93732.0,0.6000000000000001,-0.5,-1.6,1.3,0.9,8.1,-13.700000000000001,-13.5,-4.0,16
5606,93748.0,0.6000000000000001,-0.30000000000000004,-1.5,1.3,1.0,8.200000000000001,-16.1,-9.8,-4.0,16
5607,93767.0,0.30000000000000004,-0.2,-1.3,1.1,1.0,8.4,-15.9,-6.3,-4.2,16
5608,93786.0,0.0,0.0,-1.2000000000000002,0.9,1.1,8.5,-14.800000000000002,-6.5,-5.300000000000001,16
5609,93800.0,-0.1,0.0,-1.3,0.7000000000000001,1.2000000000000002,8.4,-13.0,-7.9,-6.6000000000000005,16
5610,93818.0,-0.30000000000000004,0.1,-1.4000000000000001,0.6000000000000001,1.3,8.3,-11.700000000000001,-9.600000000000001,-7.9,16
5611,93833.0,-0.4,0.2,-1.4000000000000001,0.4,1.4000000000000001,8.200000000000001,-11.4,-10.4,-8.799999999999999,16
5612,93849.0,-0.6000000000000001,0.4,-1.5,0.30000000000000004,1.5,8.200000000000001,-11.6,-10.0,-9.5,16
5613,93865.0,-0.6000000000000001,0.4,-1.4000000000000001,0.2,1.5,8.3,-11.9,-9.8,-10.2,16
5614,93885.0,-0.8,0.6000000000000001,-1.0,0.1,1.6,8.5,-12.100000000000001,-10.1,-10.9,16
5615,93901.0,-0.8,0.6000000000000001,-0.8,0.1,1.6,8.9,-12.9,-10.9,-12.200000000000001,16
5616,93916.0,-0.8,0.7000000000000001,-0.5,0.2,1.7000000000000002,9.1,-13.3,-11.1,-14.500000000000002,16
5617,93933.0,-0.8,0.7000000000000001,-0.30000000000000004,0.1,1.7000000000000002,9.4,-12.9,-7.500000000000001,-17.1,16
5618,93948.0,-1.0,0.8,0.0,-0.1,1.8,9.700000000000001,-12.3,-3.3000000000000003,-18.6,16
5619,93965.0,-1.2000000000000002,0.9,0.30000000000000004,-0.2,1.8,9.9,-10.8,1.0999999999999999,-18.3,16
5620,93986.0,-1.1,0.8,0.7000000000000001,-0.2,1.7000000000000002,10.200000000000001,-10.3,2.5,-19.200000000000003,16
5621,94000.0,-1.0,0.8,0.8,-0.1,1.7000000000000002,10.5,-10.1,2.1,-21.0,16
5622,94015.0,-0.9,0.7000000000000001,1.1,0.0,1.6,10.8,-8.9,2.4000000000000004,-22.1,16
5623,94031.0,-0.9,0.7000000000000001,1.2000000000000002,0.1,1.5,10.9,-5.4,4.5,-21.8,16
5624,94048.0,-0.8,0.5,1.3,0.1,1.4000000000000001,11.0,-0.7,7.400000000000001,-20.5,16
5625,94065.0,-0.9,0.4,1.4000000000000001,-0.1,1.3,11.100000000000001,4.5,9.600000000000001,-18.0,16
5626,94081.0,-0.9,0.4,1.4000000000000001,-0.1,1.3,11.200000000000001,8.0,9.0,-14.700000000000001,16
5627,94099.0,-0.9,0.4,1.5,-0.2,1.3,11.3,9.4,6.8,-12.100000000000001,16
5628,94116.0,-0.9,0.4,1.8,-0.1,1.4000000000000001,11.5,10.9,3.4,-10.700000000000001,16
5629,94132.0,-0.8,0.30000000000000004,2.1,0.1,1.3,12.100000000000001,6.6000000000000005,-6.4,-11.3,16
5630,94148.0,-0.30000000000000004,0.4,2.4000000000000004,0.7000000000000001,1.3,12.100000000000001,-0.9,-18.2,-10.600000000000001,16
5631,94165.0,0.4,0.2,2.2,1.3,1.1,12.0,-5.8,-22.2,-7.699999999999999,16
5632,94182.0,0.8,0.0,2.3000000000000003,1.9000000000000001,0.8,12.100000000000001,-7.2,-19.400000000000002,-5.9,16
5633,94198.0,1.1,-0.2,2.3000000000000003,1.9000000000000001,0.8,12.100000000000001,-7.2,-19.400000000000002,-5.9,16
5634,94218.0,1.5,-0.6000000000000001,1.9000000000000001,2.5,0.30000000000000004,11.700000000000001,2.3000000000000003,-4.2,-6.2,16
5635,94233.0,1.6,-0.9,1.8,2.6,0.1,11.600000000000001,12.8,5.500000000000001,-6.9,16
5636,94248.0,1.8,-1.0,1.6,2.9000000000000004,-0.1,11.200000000000001,21.400000000000002,9.1,-10.5,16
5637,94266.0,2.2,-1.2000000000000002,0.9,3.1,-0.1,10.600000000000001,28.1,12.000000000000002,-16.400000000000002,16
5638,94284.0,2.2,-1.2000000000000002,0.0,3.1,0.0,9.8,30.5,15.000000000000002,-23.5,16
5639,94298.0,2.2,-1.1,-0.4,3.0,0.2,9.200000000000001,27.2,16.900000000000002,-30.299999999999997,16
5640,94316.0,1.9000000000000001,-1.0,-1.1,2.7,0.30000000000000004,8.6,19.0,18.2,-36.1,16
5641,94332.0,1.4000000000000001,-0.9,-1.7000000000000002,2.1,0.4,8.1,7.9,18.2,-39.6,16
5642,94348.0,1.0,-0.9,-1.8,1.5,0.5,8.0,-3.6,16.3,-40.1,16
5643,94365.0,0.4,-0.7000000000000001,-1.6,0.9,0.6000000000000001,8.200000000000001,-15.5,10.4,-38.400000000000006,16
5644,94383.0,-0.1,-0.6000000000000001,-1.4000000000000001,0.5,0.7000000000000001,8.4,-24.8,3.6,-35.0,16
5645,94398.0,-0.2,-0.5,-1.2000000000000002,0.4,0.7000000000000001,8.6,-28.0,-1.5000000000000002,-31.0,16
5646,94415.0,-0.30000000000000004,-0.4,-1.2000000000000002,0.30000000000000004,0.7000000000000001,8.6,-24.5,-1.7,-28.6,16
5647,94432.0,-0.5,-0.30000000000000004,-1.1,0.0,0.8,8.700000000000001,-17.200000000000003,0.4,-28.0,16
5648,94448.0,-0.5,-0.30000000000000004,-1.1,0.0,0.8,8.700000000000001,-17.200000000000003,0.4,-28.0,16
5649,94465.0,-1.2000000000000002,0.0,-1.2000000000000002,-0.7000000000000001,1.1,8.5,-6.7,-0.7,-25.0,16
5650,94483.0,-1.5,0.1,-1.2000000000000002,-0.9,1.1,8.5,-8.200000000000001,-3.5,-22.7,16
5651,94502.0,-1.4000000000000001,0.2,-1.2000000000000002,-0.9,1.1,8.5,-11.700000000000001,-6.000000000000001,-19.700000000000003,16
5652,94515.0,-1.4000000000000001,0.2,-1.1,-0.9,1.1,8.700000000000001,-13.8,-4.2,-16.2,16
5653,94532.0,-1.3,0.2,-0.9,-0.8,1.1,8.8,-11.5,0.30000000000000004,-11.8,16
5654,94548.0,-1.2000000000000002,0.2,-0.7000000000000001,-0.6000000000000001,1.0,9.1,-5.7,5.2,-7.500000000000001,16
5655,94566.0,-0.9,0.1,-0.5,-0.2,0.9,9.200000000000001,1.0999999999999999,7.300000000000001,-4.9,16
5656,94582.0,-0.6000000000000001,0.0,-0.6000000000000001,0.1,1.0,9.0,8.4,10.1,-4.0,16
5657,94599.0,-0.4,0.1,-0.7000000000000001,0.1,1.0,9.0,8.4,10.1,-4.0,16
5658,94615.0,-0.4,0.4,-1.3,-0.2,1.5,8.3,18.3,20.900000000000002,-2.5,16
5659,94632.0,-0.8,0.7000000000000001,-1.6,-0.6000000000000001,1.8,8.1,16.5,22.8,0.7,16
5660,94648.0,-1.0,0.9,-1.6,-0.9,2.1,8.1,11.8,23.700000000000003,5.1,16
5661,94666.0,-1.3,1.1,-1.4000000000000001,-1.2000000000000002,2.2,8.4,5.7,21.400000000000002,8.799999999999999,16
5662,94682.0,-1.4000000000000001,1.2000000000000002,-0.7000000000000001,-1.3,2.3000000000000003,9.1,-1.0,14.900000000000002,10.600000000000001,16
5663,94701.0,-1.2000000000000002,1.1,0.1,-1.1,2.2,9.700000000000001,-6.7,5.0,11.1,16
5664,94716.0,-0.9,1.1,0.5,-0.6000000000000001,2.1,10.4,-10.5,-5.4,9.8,16
5665,94732.0,-0.2,0.9,1.2000000000000002,0.0,1.9000000000000001,11.0,-13.0,-12.8,7.300000000000001,16
5666,94748.0,0.4,0.6000000000000001,1.6,0.6000000000000001,1.7000000000000002,11.3,-12.6,-16.8,5.0,16
5667,94765.0,0.6000000000000001,0.6000000000000001,1.6,0.8,1.6,11.3,-7.0,-10.3,4.300000000000001,16
5668,94782.0,0.6000000000000001,0.5,1.6,0.8,1.5,11.3,1.8,-0.6000000000000001,5.6,16
5669,94798.0,0.5,0.5,1.6,0.8,1.5,11.3,1.8,-0.6000000000000001,5.6,16
5670,94815.0,0.2,0.7000000000000001,2.0,0.30000000000000004,1.7000000000000002,11.9,9.3,3.7000000000000006,8.5,16
5671,94832.0,0.2,0.5,1.9000000000000001,0.4,1.6,11.600000000000001,3.5,-2.3000000000000003,7.2,16
5672,94848.0,0.2,0.30000000000000004,1.6,0.4,1.4000000000000001,11.3,-0.2,-1.7,6.5,16
5673,94865.0,0.1,0.1,1.5,0.2,1.1,11.200000000000001,-2.8,4.1000000000000005,7.300000000000001,16
5674,94882.0,-0.1,-0.2,1.3,0.0,0.9,11.100000000000001,-3.1,9.0,10.1,16
5675,94900.0,-0.4,-0.4,1.3,-0.30000000000000004,0.7000000000000001,11.100000000000001,-1.2000000000000002,11.5,14.600000000000001,16
5676,94915.0,-0.4,-0.5,1.4000000000000001,-0.30000000000000004,0.5,11.3,0.8,8.600000000000001,18.0,16
5677,94932.0,-0.1,-0.8,1.6,0.1,0.2,11.5,1.9,-0.7,18.0,16
5678,94949.0,0.6000000000000001,-1.0,1.5,0.8,0.0,11.3,3.8,-7.6,16.400000000000002,16
5679,94965.0,0.9,-1.2000000000000002,1.3,1.3,-0.2,11.0,6.3,-9.8,14.700000000000001,16
5680,94986.0,1.2000000000000002,-1.3,0.8,1.4000000000000001,-0.2,10.5,8.3,-7.2,13.6,16
5681,94999.0,1.0,-1.2000000000000002,0.30000000000000004,1.3,-0.1,10.100000000000001,12.4,-0.6000000000000001,14.900000000000002,16
5682,95015.0,0.9,-1.2000000000000002,0.1,1.1,0.0,9.9,16.1,4.2,16.900000000000002,16
5683,95032.0,0.9,-1.1,-0.2,1.1,0.1,9.5,17.1,3.4,16.6,16
5684,95048.0,0.8,-1.0,-0.5,1.1,0.2,9.200000000000001,17.1,0.1,14.100000000000001,16
5685,95070.0,0.9,-0.9,-0.8,1.1,0.4,9.0,14.500000000000002,-4.0,10.8,16
5686,95083.0,0.9,-0.8,-1.0,1.2000000000000002,0.5,8.700000000000001,8.9,-9.700000000000001,7.500000000000001,16
5687,95098.0,0.9,-0.7000000000000001,-1.4000000000000001,1.3,0.6000000000000001,8.3,2.4000000000000004,-10.8,5.0,16
5688,95115.0,0.8,-0.5,-1.9000000000000001,1.2000000000000002,0.7000000000000001,7.9,-0.4,-5.9,3.5,16
5689,95132.0,0.7000000000000001,-0.4,-2.1,0.9,0.9,7.6000000000000005,0.4,3.4,3.6,16
5690,95148.0,0.1,-0.2,-2.1,0.4,1.1,7.6000000000000005,0.4,7.0,4.2,16
5691,95165.0,-0.2,-0.1,-2.2,0.0,1.2000000000000002,7.5,-0.7,4.3999999999999995,5.4,16
5692,95181.0,-0.4,-0.1,-2.1,0.0,1.2000000000000002,7.6000000000000005,-2.3000000000000003,-2.3000000000000003,5.9,16
5693,95199.0,-0.4,0.0,-2.1,0.0,1.2000000000000002,7.6000000000000005,-2.3000000000000003,-2.3000000000000003,5.9,16
5694,95215.0,-0.5,0.1,-1.7000000000000002,-0.2,1.4000000000000001,8.0,-4.7,-12.000000000000002,1.2000000000000002,16
5695,95231.0,-0.5,0.2,-1.6,-0.1,1.5,8.1,-0.9,-13.5,-1.3,16
5696,95248.0,-0.5,0.30000000000000004,-1.4000000000000001,0.0,1.6,8.3,1.2000000000000002,-14.0,-4.800000000000001,16
5697,95265.0,-0.5,0.5,-1.3,0.0,1.6,8.3,-0.1,-14.0,-9.1,16
5698,95281.0,-0.5,0.5,-1.2000000000000002,-0.1,1.8,8.6,-3.9,-12.200000000000001,-12.9,16
5699,95298.0,-0.7000000000000001,0.6000000000000001,-0.9,-0.2,1.8,8.9,-8.1,-8.5,-14.600000000000001,16
5700,95315.0,-0.9,0.7000000000000001,-0.5,-0.4,1.9000000000000001,9.200000000000001,-8.3,-1.5000000000000002,-13.9,16
5701,95332.0,-1.0,0.8,-0.30000000000000004,-0.6000000000000001,2.0,9.600000000000001,-4.0,4.9,-12.000000000000002,16
5702,95350.0,-1.1,0.8,0.30000000000000004,-0.6000000000000001,2.0,10.100000000000001,0.2,6.9,-12.700000000000001,16
5703,95365.0,-1.0,0.7000000000000001,0.8,-0.5,1.9000000000000001,10.5,1.4,2.1999999999999997,-17.1,16
5704,95382.0,-0.9,0.7000000000000001,1.0,-0.4,1.9000000000000001,10.700000000000001,0.30000000000000004,-3.7000000000000006,-22.8,16
5705,95398.0,-0.8,0.6000000000000001,1.1,-0.30000000000000004,1.8,10.8,0.1,-4.300000000000001,-24.8,16
5706,95415.0,-0.7000000000000001,0.4,1.1,-0.30000000000000004,1.7000000000000002,10.700000000000001,1.0999999999999999,-1.4,-24.3,16
5707,95432.0,-0.7000000000000001,0.4,1.0,-0.30000000000000004,1.6,10.700000000000001,5.500000000000001,6.2,-21.6,16
5708,95451.0,-0.8,0.2,1.0,-0.5,1.5,10.700000000000001,10.5,12.200000000000001,-17.3,16
5709,95465.0,-1.0,0.2,1.1,-0.7000000000000001,1.6,10.8,13.200000000000001,14.600000000000001,-13.100000000000001,16
5710,95481.0,-1.3,0.4,1.2000000000000002,-1.1,1.8,10.9,15.100000000000001,14.3,-9.8,16
5711,95498.0,-1.3,0.4,1.4000000000000001,-1.0,1.9000000000000001,11.3,15.399999999999999,9.5,-8.700000000000001,16
5712,95515.0,-1.0,0.4,2.1,-0.7000000000000001,1.9000000000000001,11.8,6.9,-5.4,-10.4,16
5713,95532.0,-0.30000000000000004,0.4,1.8,-0.1,1.8,11.600000000000001,-4.6000000000000005,-17.8,-11.3,16
5714,95548.0,0.2,0.30000000000000004,1.6,0.7000000000000001,1.7000000000000002,11.3,-7.300000000000001,-15.7,-9.4,16
5715,95565.0,0.9,0.0,1.5,1.4000000000000001,1.4000000000000001,11.200000000000001,-4.7,-5.2,-8.5,16
5716,95582.0,1.4000000000000001,-0.30000000000000004,1.4000000000000001,1.7000000000000002,1.1,11.100000000000001,1.4,4.2,-10.600000000000001,16
5717,95598.0,1.6,-0.5,1.2000000000000002,2.0,0.9,11.0,9.5,9.200000000000001,-14.800000000000002,16
5718,95615.0,1.7000000000000002,-0.6000000000000001,1.3,2.0,0.8,10.9,13.3,7.9,-19.8,16
5719,95632.0,2.0,-0.8,0.5,2.3000000000000003,0.7000000000000001,10.3,14.100000000000001,3.0000000000000004,-24.5,16
5720,95648.0,2.0,-0.9,0.2,2.3000000000000003,0.6000000000000001,9.700000000000001,10.5,1.0999999999999999,-29.1,16
5721,95665.0,2.0,-1.0,-0.4,2.2,0.5,9.3,1.5000000000000002,0.0,-32.6,16
5722,95682.0,1.6,-1.0,-0.5,1.8,0.5,9.200000000000001,-9.600000000000001,-0.5,-32.9,16
5723,95698.0,1.6,-1.0,-0.5,1.8,0.5,9.200000000000001,-9.600000000000001,-0.5,-32.9,16
5724,95715.0,1.2000000000000002,-1.0,-0.30000000000000004,1.4000000000000001,0.4,9.4,-22.000000000000004,-1.3,-26.6,16
5725,95732.0,0.9,-0.9,-0.4,1.1,0.4,9.3,-20.4,-0.30000000000000004,-23.400000000000002,16
5726,95748.0,0.7000000000000001,-0.8,-0.5,0.7000000000000001,0.5,9.200000000000001,-14.3,0.7,-20.7,16
5727,95765.0,0.1,-0.7000000000000001,-0.5,0.2,0.7000000000000001,9.200000000000001,-9.5,-3.4,-19.1,16
5728,95782.0,-0.4,-0.4,-0.8,-0.1,0.8,8.9,-7.1000000000000005,-9.8,-17.599999999999998,16
5729,95799.0,-0.5,-0.30000000000000004,-1.0,-0.30000000000000004,1.0,8.6,-6.4,-12.700000000000001,-15.8,16
5730,95815.0,-0.7000000000000001,-0.30000000000000004,-1.3,-0.4,1.0,8.4,-7.500000000000001,-15.399999999999999,-14.700000000000001,16
5731,95832.0,-0.8,-0.1,-1.5,-0.4,1.1,8.200000000000001,-7.9,-15.5,-13.3,16
5732,95848.0,-0.8,0.0,-1.6,-0.5,1.2000000000000002,8.1,-7.300000000000001,-12.100000000000001,-11.4,16
5733,95865.0,-0.9,0.1,-1.7000000000000002,-0.5,1.3,8.0,-7.9,-9.4,-10.2,16
5734,95882.0,-1.0,0.2,-1.8,-0.6000000000000001,1.3,7.9,-9.700000000000001,-7.400000000000001,-10.1,16
5735,95898.0,-1.1,0.30000000000000004,-1.8,-0.7000000000000001,1.3,7.9,-13.100000000000001,-7.2,-9.9,16
5736,95915.0,-1.2000000000000002,0.30000000000000004,-1.8,-0.7000000000000001,1.4000000000000001,7.9,-16.1,-6.6000000000000005,-8.3,16
5737,95932.0,-1.2000000000000002,0.4,-1.8,-0.7000000000000001,1.4000000000000001,7.9,-17.3,-4.800000000000001,-6.2,16
5738,95949.0,-1.1,0.4,-1.6,-0.6000000000000001,1.4000000000000001,8.1,-17.5,-5.7,-4.9,16
5739,95965.0,-0.9,0.4,-1.5,-0.5,1.3,8.4,-19.1,-6.2,-4.300000000000001,16
5740,95991.0,-0.9,0.5,-0.9,-0.30000000000000004,1.4000000000000001,8.9,-21.3,-13.5,-2.4000000000000004,16
5741,95998.0,-0.8,0.6000000000000001,-0.7000000000000001,-0.30000000000000004,1.4000000000000001,8.9,-21.3,-13.5,-2.4000000000000004,16
5742,96015.0,-0.9,0.6000000000000001,-0.6000000000000001,-0.5,1.5,9.200000000000001,-17.7,-12.6,-0.9,16
5743,96031.0,-1.2000000000000002,0.9,-0.2,-0.7000000000000001,1.7000000000000002,9.600000000000001,-11.9,-8.4,3.6,16
5744,96048.0,-1.3,1.2000000000000002,0.2,-0.8,1.9000000000000001,9.9,-4.9,-5.6,10.5,16
5745,96065.0,-1.2000000000000002,1.2000000000000002,0.5,-0.4,1.8,10.3,0.2,-5.500000000000001,14.800000000000002,16
5746,96088.0,-0.4,1.0,1.0,0.0,1.7000000000000002,10.600000000000001,4.0,-8.0,14.0,16
5747,96099.0,-0.2,0.9,1.2000000000000002,0.5,1.6,10.9,5.4,-10.1,9.200000000000001,16
5748,96115.0,0.1,0.7000000000000001,1.4000000000000001,1.0,1.4000000000000001,11.100000000000001,2.3000000000000003,-14.800000000000002,4.0,16
5749,96132.0,0.7000000000000001,0.5,1.3,1.5,1.2000000000000002,11.0,-1.2000000000000002,-14.800000000000002,0.5,16
5750,96148.0,1.0,0.30000000000000004,1.2000000000000002,1.7000000000000002,1.1,10.9,-2.9,-5.9,-0.7,16
5751,96165.0,0.8,0.30000000000000004,1.2000000000000002,1.1,1.1,11.0,-1.4,9.5,2.1999999999999997,16
5752,96181.0,-0.30000000000000004,0.6000000000000001,1.5,0.2,1.4000000000000001,11.4,2.9,22.1,9.600000000000001,16
5753,96198.0,-0.7000000000000001,0.7000000000000001,1.9000000000000001,0.2,1.4000000000000001,11.4,2.9,22.1,9.600000000000001,16
5754,96215.0,-0.8,0.6000000000000001,2.7,0.0,1.2000000000000002,12.5,1.4,7.300000000000001,17.599999999999998,16
5755,96232.0,-0.30000000000000004,0.30000000000000004,2.7,0.30000000000000004,1.0,12.4,0.1,1.8,16.1,16
5756,96251.0,-0.2,0.0,2.4000000000000004,0.4,0.8,12.100000000000001,5.4,2.6,16.0,16
5757,96266.0,-0.2,-0.1,2.1,0.4,0.7000000000000001,11.9,13.9,11.3,18.5,16
5758,96290.0,-0.1,-0.30000000000000004,1.9000000000000001,0.4,0.6000000000000001,11.700000000000001,22.7,18.3,21.8,16
5759,96298.0,-0.1,-0.30000000000000004,1.9000000000000001,0.30000000000000004,0.6000000000000001,11.700000000000001,28.200000000000003,16.2,23.900000000000002,16
5760,96315.0,0.30000000000000004,-0.5,1.5,0.7000000000000001,0.5,11.4,28.3,9.3,23.8,16
5761,96332.0,0.7000000000000001,-0.7000000000000001,1.2000000000000002,1.3,0.2,11.0,24.9,3.6,21.400000000000002,16
5762,96348.0,1.3,-1.0,0.9,1.7000000000000002,0.1,10.700000000000001,19.8,-3.4,18.0,16
5763,96365.0,1.5,-1.1,0.4,2.0,0.0,10.3,18.1,-1.6,16.0,16
5764,96388.0,1.4000000000000001,-1.3,0.1,1.9000000000000001,0.0,10.0,18.8,4.300000000000001,15.8,16
5765,96398.0,1.3,-1.3,-0.1,1.8,0.0,9.700000000000001,20.5,8.600000000000001,16.5,16
5766,96415.0,1.1,-1.4000000000000001,-0.4,1.6,0.0,9.4,21.8,9.8,16.2,16
5767,96432.0,1.0,-1.3,-0.6000000000000001,1.4000000000000001,0.1,9.1,22.900000000000002,10.0,15.5,16
5768,96448.0,0.9,-1.3,-0.8,1.4000000000000001,0.1,9.1,22.900000000000002,10.0,15.5,16
5769,96465.0,1.0,-1.1,-1.2000000000000002,1.4000000000000001,0.30000000000000004,8.6,19.6,-1.2000000000000002,10.600000000000001,16
5770,96489.0,1.1,-1.1,-1.5,1.5,0.4,8.3,12.5,-5.2,6.000000000000001,16
5771,96499.0,1.0,-1.0,-1.7000000000000002,1.5,0.6000000000000001,8.0,6.000000000000001,-7.8,2.4000000000000004,16
5772,96515.0,0.7000000000000001,-0.7000000000000001,-1.9000000000000001,1.2000000000000002,0.8,7.800000000000001,2.0,-3.7000000000000006,2.1,16
5773,96532.0,0.4,-0.5,-2.0,0.8,1.1,7.7,1.3,0.5,4.2,16
5774,96549.0,0.0,-0.30000000000000004,-2.0,0.5,1.2000000000000002,7.7,0.9,2.0,5.6,16
5775,96565.0,0.0,-0.30000000000000004,-1.9000000000000001,0.5,1.2000000000000002,7.7,0.9,2.0,5.6,16
5776,96587.0,-0.2,-0.2,-2.0,0.4,1.3,7.7,0.30000000000000004,1.0999999999999999,5.0,16
5777,96600.0,-0.1,-0.2,-2.0,0.30000000000000004,1.3,7.7,-2.1,-2.1,-3.1,16
5778,96615.0,-0.5,0.0,-1.9000000000000001,0.0,1.5,7.7,-3.8,-4.800000000000001,-7.2,16
5779,96631.0,-0.7000000000000001,0.1,-1.9000000000000001,-0.2,1.7000000000000002,7.800000000000001,-4.7,-4.1000000000000005,-7.8,16
5780,96648.0,-0.8,0.30000000000000004,-1.7000000000000002,-0.30000000000000004,1.8,8.0,-6.2,-4.7,-7.1000000000000005,16
5781,96665.0,-0.7000000000000001,0.30000000000000004,-1.4000000000000001,-0.2,1.8,8.200000000000001,-8.3,-5.4,-7.300000000000001,16
5782,96684.0,-0.8,0.30000000000000004,-1.0,-0.2,1.8,8.6,-9.4,-4.7,-9.200000000000001,16
5783,96704.0,-0.8,0.4,-0.7000000000000001,-0.2,1.8,8.9,-8.3,-2.3000000000000003,-11.000000000000002,16
5784,96715.0,-0.9,0.4,-0.6000000000000001,-0.4,1.8,9.1,-6.9,-0.9,-13.6,16
5785,96731.0,-1.1,0.4,-0.30000000000000004,-0.7000000000000001,1.9000000000000001,9.5,-6.8,-0.30000000000000004,-15.9,16
5786,96748.0,-1.3,0.5,0.1,-0.8,1.9000000000000001,9.9,-7.1000000000000005,-2.4000000000000004,-16.5,16
5787,96765.0,-1.2000000000000002,0.4,0.5,-0.7000000000000001,1.8,10.100000000000001,-7.699999999999999,-4.2,-16.6,16
5788,96786.0,-1.1,0.4,0.9,-0.6000000000000001,1.7000000000000002,10.5,-10.1,-4.5,-16.2,16
5789,96801.0,-1.1,0.4,1.2000000000000002,-0.5,1.7000000000000002,10.8,-11.8,-7.699999999999999,-14.100000000000001,16
5790,96818.0,-0.8,0.30000000000000004,1.5,-0.2,1.6,11.200000000000001,-11.6,-5.1,-12.200000000000001,16
5791,96832.0,-0.6000000000000001,0.30000000000000004,1.8,-0.1,1.6,11.5,-5.2,-1.7,-10.600000000000001,16
5792,96848.0,-0.5,0.30000000000000004,1.8,-0.1,1.6,11.4,3.4,4.2,-9.8,16
5793,96865.0,-0.7000000000000001,0.4,1.8,-0.30000000000000004,1.8,11.5,11.2,7.6,-8.1,16
5794,96885.0,-0.9,0.7000000000000001,1.8,-0.5,2.1,11.5,16.700000000000003,9.200000000000001,-6.8,16
5795,96898.0,-0.8,0.8,1.8,-0.4,2.3000000000000003,11.5,19.500000000000004,10.3,-7.699999999999999,16
5796,96915.0,-0.8,1.0,2.0,-0.4,2.5,11.8,20.2,8.4,-11.4,16
5797,96932.0,-0.4,1.1,2.7,0.0,2.6,12.4,14.800000000000002,-0.7,-16.3,16
5798,96948.0,-0.4,1.1,2.7,0.0,2.6,12.4,14.800000000000002,-0.7,-16.3,16
5799,96965.0,0.7000000000000001,0.6000000000000001,2.1,1.2000000000000002,2.1,11.700000000000001,-6.1000000000000005,-10.1,-22.8,16
5800,96998.0,0.9,0.0,1.3,1.1,1.4000000000000001,11.0,-0.5,17.200000000000003,-20.7,16
5801,97015.0,0.7000000000000001,-0.30000000000000004,0.9,0.9,1.1,10.700000000000001,5.500000000000001,23.2,-18.400000000000002,16
5802,97031.0,0.7000000000000001,-0.7000000000000001,0.6000000000000001,0.9,0.9,10.3,7.400000000000001,20.1,-17.5,16
5803,97048.0,0.8,-0.9,0.30000000000000004,1.2000000000000002,0.6000000000000001,9.8,6.9,12.4,-17.8,16
5804,97065.0,1.3,-1.2000000000000002,-0.4,1.5,0.4,9.3,7.2,8.3,-18.0,16
5805,97081.0,1.6,-1.4000000000000001,-0.7000000000000001,1.7000000000000002,0.2,9.0,8.3,6.5,-18.8,16
5806,97098.0,1.7000000000000002,-1.4000000000000001,-0.9,1.7000000000000002,0.2,8.700000000000001,9.700000000000001,7.0,-18.8,16
5807,97117.0,1.4000000000000001,-1.3,-1.2000000000000002,1.4000000000000001,0.30000000000000004,8.5,8.4,7.2,-16.700000000000003,16
5808,97132.0,1.1,-1.2000000000000002,-1.4000000000000001,1.2000000000000002,0.5,8.3,4.6000000000000005,4.6000000000000005,-13.5,16
5809,97148.0,1.0,-1.1,-1.6,0.8,0.6000000000000001,8.1,1.0999999999999999,3.4,-10.4,16
5810,97165.0,0.6000000000000001,-0.9,-1.6,0.6000000000000001,0.8,8.1,-0.30000000000000004,2.1,-7.8,16
5811,97182.0,0.4,-0.7000000000000001,-1.5,0.5,0.9,8.200000000000001,-1.7,-1.8,-6.7,16
5812,97198.0,0.4,-0.6000000000000001,-1.5,0.30000000000000004,1.1,8.200000000000001,-4.1000000000000005,-6.3,-7.300000000000001,16
5813,97215.0,0.1,-0.4,-1.5,0.1,1.2000000000000002,8.200000000000001,-6.2,-11.3,-8.4,16
5814,97232.0,-0.1,-0.30000000000000004,-1.5,0.0,1.3,8.1,-7.6,-14.500000000000002,-9.5,16
5815,97249.0,-0.5,-0.2,-1.6,-0.30000000000000004,1.4000000000000001,8.1,-9.4,-14.0,-9.8,16
5816,97265.0,-0.6000000000000001,-0.1,-1.6,-0.4,1.4000000000000001,8.1,-12.9,-13.4,-9.700000000000001,16
5817,97283.0,-0.7000000000000001,0.0,-1.4000000000000001,-0.5,1.5,8.200000000000001,-15.8,-11.1,-9.0,16
5818,97302.0,-0.9,0.1,-1.3,-0.7000000000000001,1.5,8.3,-16.700000000000003,-7.9,-7.400000000000001,16
5819,97317.0,-1.0,0.1,-1.2000000000000002,-0.8,1.5,8.4,-18.0,-7.1000000000000005,-5.300000000000001,16
5820,97333.0,-1.2000000000000002,0.1,-1.2000000000000002,-0.9,1.5,8.5,-19.8,-7.699999999999999,-3.2,16
5821,97349.0,-1.3,0.2,-1.0,-1.0,1.5,8.6,-20.3,-8.1,-0.30000000000000004,16
5822,97365.0,-1.3,0.2,-1.0,-1.1,1.5,8.700000000000001,-19.0,-8.3,3.1,16
5823,97384.0,-1.4000000000000001,0.4,-0.8,-1.0,1.6,8.9,-17.400000000000002,-8.9,6.9,16
5824,97400.0,-1.3,0.6000000000000001,-0.5,-1.0,1.7000000000000002,9.1,-16.400000000000002,-9.700000000000001,10.3,16
5825,97415.0,-1.3,0.6000000000000001,-0.30000000000000004,-0.9,1.8,9.5,-15.100000000000001,-12.200000000000001,13.4,16
5826,97432.0,-1.2000000000000002,0.7000000000000001,0.1,-0.8,1.8,9.8,-12.4,-11.8,15.8,16
5827,97448.0,-1.1,0.7000000000000001,0.2,-0.8,1.8,9.8,-12.4,-11.8,15.8,16
5828,97465.0,-1.1,0.8,0.30000000000000004,-0.7000000000000001,1.9000000000000001,10.0,-1.0999999999999999,-1.7,18.8,16
5829,97486.0,-1.2000000000000002,0.9,0.4,-0.8,2.0,10.100000000000001,2.7,3.0000000000000004,20.1,16
5830,97501.0,-1.3,1.0,0.6000000000000001,-0.9,2.0,10.3,4.0,4.5,21.6,16
5831,97515.0,-1.2000000000000002,1.0,0.8,-0.7000000000000001,2.0,10.600000000000001,5.6,4.6000000000000005,23.0,16
5832,97532.0,-0.7000000000000001,0.7000000000000001,1.3,-0.2,1.8,11.200000000000001,8.600000000000001,1.6,22.900000000000002,16
5833,97549.0,-0.1,0.5,1.9000000000000001,0.4,1.6,11.600000000000001,13.200000000000001,-1.9,21.900000000000002,16
5834,97565.0,0.5,0.4,2.0,1.3,1.4000000000000001,11.700000000000001,17.7,-1.6,18.400000000000002,16
5835,97582.0,1.2000000000000002,0.1,2.0,1.7000000000000002,1.4000000000000001,11.700000000000001,17.599999999999998,-0.6000000000000001,13.700000000000001,16
5836,97598.0,1.1,0.4,1.7000000000000002,1.4000000000000001,1.8,11.4,17.5,6.1000000000000005,13.100000000000001,16
5837,97615.0,0.0,0.9,1.7000000000000002,0.4,2.2,11.4,20.900000000000002,23.5,15.5,16
5838,97631.0,-0.4,1.1,1.9000000000000001,0.1,2.5,11.700000000000001,17.8,23.400000000000002,21.400000000000002,16
5839,97648.0,0.4,0.9,2.0,0.6000000000000001,2.3000000000000003,11.700000000000001,6.3,16.900000000000002,20.1,16
5840,97665.0,0.30000000000000004,0.5,1.9000000000000001,0.5,2.0,11.600000000000001,3.4,19.6,14.4,16
5841,97681.0,0.2,0.30000000000000004,1.8,0.4,1.7000000000000002,11.4,4.1000000000000005,22.3,9.5,16
5842,97698.0,0.2,0.2,1.2000000000000002,0.2,1.6,10.9,5.8,26.200000000000003,8.0,16
5843,97715.0,0.0,0.0,0.9,0.0,1.5,10.700000000000001,12.200000000000001,31.900000000000002,9.3,16
5844,97731.0,0.1,-0.1,0.9,0.4,1.3,10.600000000000001,13.5,26.700000000000003,8.799999999999999,16
5845,97748.0,0.9,-0.4,0.9,0.9,1.1,10.700000000000001,9.5,16.6,6.000000000000001,16
5846,97765.0,1.2000000000000002,-0.5,0.8,1.1,1.1,10.600000000000001,8.9,9.0,4.7,16
5847,97781.0,1.5,-0.7000000000000001,0.7000000000000001,1.5,0.9,10.4,8.700000000000001,3.9,3.9,16
5848,97800.0,1.9000000000000001,-0.8,0.30000000000000004,1.8,0.8,10.0,10.2,3.0000000000000004,2.8,16
5849,97816.0,1.8,-0.9,-0.30000000000000004,1.6,0.7000000000000001,9.4,14.100000000000001,7.699999999999999,2.5,16
5850,97832.0,1.6,-0.9,-0.6000000000000001,1.3,0.9,9.0,16.3,11.8,2.7,16
5851,97848.0,1.3,-0.8,-1.0,1.1,0.9,8.6,15.7,10.3,0.4,16
5852,97865.0,1.1,-0.8,-1.4000000000000001,0.9,1.0,8.4,10.600000000000001,6.9,-2.7,16
5853,97882.0,0.9,-0.7000000000000001,-1.2000000000000002,0.7000000000000001,1.1,8.5,2.9,-5.1,-4.2,16
5854,97899.0,1.2000000000000002,-0.7000000000000001,-1.3,1.1,1.1,8.4,-6.5,-13.3,-6.2,16
5855,97915.0,1.3,-0.6000000000000001,-1.4000000000000001,1.2000000000000002,1.1,8.200000000000001,-13.0,-17.1,-7.699999999999999,16
5856,97932.0,1.2000000000000002,-0.6000000000000001,-1.6,1.1,1.2000000000000002,7.9,-14.900000000000002,-17.0,-8.700000000000001,16
5857,97949.0,0.8,-0.30000000000000004,-1.8,0.6000000000000001,1.4000000000000001,7.800000000000001,-12.8,-11.6,-7.500000000000001,16
5858,97965.0,0.1,0.0,-2.0,0.0,1.6,7.7,-8.799999999999999,-7.6,-4.1000000000000005,16
5859,97993.0,-0.4,0.1,-2.0,-0.30000000000000004,1.7000000000000002,7.7,-5.500000000000001,-8.700000000000001,-1.4,16
5860,97999.0,-0.4,0.0,-2.1,-0.30000000000000004,1.6,7.6000000000000005,-3.4,-12.200000000000001,-3.6,16
5861,98015.0,-0.4,0.0,-1.9000000000000001,-0.30000000000000004,1.6,7.7,-2.8,-16.400000000000002,-8.1,16
5862,98032.0,-0.4,0.0,-2.0,-0.30000000000000004,1.6,7.6000000000000005,-2.9,-18.0,-12.5,16
5863,98048.0,-0.5,0.1,-1.9000000000000001,-0.30000000000000004,1.6,7.800000000000001,-3.8,-15.000000000000002,-15.399999999999999,16
5864,98065.0,-0.6000000000000001,0.0,-1.8,-0.4,1.5,7.800000000000001,-5.7,-9.9,-17.7,16
5865,98086.0,-0.9,0.1,-1.5,-0.6000000000000001,1.6,8.1,-8.600000000000001,-5.8,-19.3,16
5866,98098.0,-1.0,0.2,-1.3,-0.7000000000000001,1.7000000000000002,8.5,-11.9,-5.7,-20.1,16
5867,98115.0,-1.0,0.2,-0.7000000000000001,-0.8,1.7000000000000002,9.0,-17.8,-3.4,-23.8,16
5868,98133.0,-1.0,0.2,-0.1,-0.8,1.6,9.5,-22.7,-4.800000000000001,-27.6,16
5869,98148.0,-1.0,0.2,0.30000000000000004,-0.9,1.5,10.0,-23.1,0.0,-30.599999999999998,16
5870,98165.0,-1.1,0.1,0.8,-1.0,1.5,10.4,-20.0,5.1,-31.5,16
5871,98182.0,-1.6,0.30000000000000004,1.1,-1.0,1.5,10.4,-20.0,5.1,-31.5,16
5872,98199.0,-1.7000000000000002,0.30000000000000004,1.2000000000000002,-1.6,1.5,10.9,-7.6,16.5,-25.8,16
5873,98215.0,-1.7000000000000002,0.2,1.5,-1.8,1.4000000000000001,11.200000000000001,-3.0000000000000004,19.200000000000003,-23.2,16
5874,98231.0,-1.8,0.2,1.8,-1.9000000000000001,1.4000000000000001,11.5,3.5,19.9,-21.200000000000003,16
5875,98248.0,-1.8,0.2,2.0,-2.1,1.4000000000000001,11.700000000000001,10.3,18.8,-19.0,16
5876,98265.0,-1.9000000000000001,0.2,2.0,-2.1,1.5,11.700000000000001,14.3,14.4,-15.6,16
5877,98282.0,-1.7000000000000002,0.30000000000000004,2.1,-2.0,1.6,11.8,13.5,11.5,-11.6,16
5878,98300.0,-1.9000000000000001,0.4,2.1,-2.3000000000000003,1.8,11.9,13.8,8.3,-5.7,16
5879,98318.0,-1.9000000000000001,0.6000000000000001,2.4000000000000004,-2.1,2.0,12.3,13.200000000000001,3.4,-0.4,16
5880,98332.0,-1.1,0.7000000000000001,3.0,-1.4000000000000001,2.1,12.8,4.5,-11.9,1.7,16
5881,98350.0,0.0,0.8,3.1,-0.4,2.2,12.9,-4.7,-16.700000000000003,1.5000000000000002,16
5882,98365.0,0.5,0.6000000000000001,3.1,0.4,2.0,12.8,-4.6000000000000005,-14.4,0.7,16
5883,98381.0,1.2000000000000002,0.4,2.6,1.0,1.8,12.4,0.2,-2.6,-1.3,16
5884,98398.0,1.5,0.30000000000000004,2.3000000000000003,1.4000000000000001,1.6,11.8,10.5,11.5,-3.9,16
5885,98415.0,1.8,-0.1,1.5,1.5,1.3,11.200000000000001,20.0,23.0,-8.3,16
5886,98432.0,1.9000000000000001,-0.30000000000000004,0.9,1.5,1.2000000000000002,10.600000000000001,24.7,30.4,-12.8,16
5887,98450.0,1.8,-0.6000000000000001,0.0,1.3,1.1,9.8,26.200000000000003,32.6,-16.1,16
5888,98468.0,1.9000000000000001,-0.7000000000000001,-0.5,1.3,0.9,9.0,23.5,31.7,-18.900000000000002,16
5889,98481.0,1.9000000000000001,-0.9,-1.3,1.2000000000000002,0.8,8.4,19.200000000000003,30.299999999999997,-20.6,16
5890,98498.0,1.6,-1.0,-1.6,0.9,0.7000000000000001,8.1,16.0,27.0,-20.4,16
5891,98515.0,1.5,-1.0,-1.7000000000000002,0.7000000000000001,0.7000000000000001,7.9,14.4,21.3,-18.5,16
5892,98532.0,1.4000000000000001,-1.0,-1.9000000000000001,0.5,0.8,7.800000000000001,13.100000000000001,13.700000000000001,-16.2,16
5893,98548.0,1.2000000000000002,-1.0,-1.9000000000000001,0.4,0.9,7.6000000000000005,11.3,4.7,-13.8,16
5894,98571.0,1.2000000000000002,-0.9,-2.0,0.4,1.0,7.6000000000000005,7.6,-4.0,-12.9,16
5895,98582.0,1.1,-0.8,-2.0,0.30000000000000004,1.1,7.6000000000000005,2.3000000000000003,-12.5,-13.5,16
5896,98598.0,0.8,-0.6000000000000001,-2.0,0.0,1.3,7.6000000000000005,-3.0000000000000004,-20.3,-13.3,16
5897,98615.0,0.6000000000000001,-0.4,-2.0,-0.2,1.4000000000000001,7.7,-8.0,-25.2,-11.1,16
5898,98632.0,0.30000000000000004,-0.30000000000000004,-1.8,-0.4,1.6,7.800000000000001,-12.100000000000001,-28.1,-9.0,16
5899,98648.0,0.1,-0.1,-1.6,-0.4,1.6,8.0,-13.8,-28.700000000000003,-8.3,16
5900,98665.0,0.1,-0.1,-1.6,-0.5,1.6,8.1,-14.200000000000001,-27.2,-11.1,16
5901,98682.0,-0.30000000000000004,0.0,-1.5,-0.8,1.7000000000000002,8.1,-14.100000000000001,-24.5,-15.100000000000001,16
5902,98698.0,-0.6000000000000001,0.1,-1.5,-0.8,1.7000000000000002,8.1,-14.100000000000001,-24.5,-15.100000000000001,16
5903,98715.0,-1.1,0.2,-1.4000000000000001,-1.5,1.8,8.3,-17.3,-22.3,-19.1,16
5904,98732.0,-1.5,0.2,-1.2000000000000002,-1.8,1.8,8.4,-20.3,-21.5,-18.2,16
5905,98749.0,-1.7000000000000002,0.30000000000000004,-1.0,-1.9000000000000001,1.7000000000000002,8.6,-22.1,-20.6,-15.9,16
5906,98765.0,-1.8,0.30000000000000004,-0.8,-1.9000000000000001,1.6,8.9,-21.900000000000002,-20.0,-12.700000000000001,16
5907,98782.0,-1.6,0.2,-0.6000000000000001,-1.8,1.5,9.1,-20.4,-19.500000000000004,-9.700000000000001,16
5908,98798.0,-1.6,0.2,-0.4,-1.7000000000000002,1.5,9.3,-15.9,-16.5,-6.2,16
5909,98815.0,-1.6,0.2,-0.30000000000000004,-1.7000000000000002,1.5,9.4,-9.3,-10.0,-1.8,16
5910,98832.0,-1.8,0.30000000000000004,-0.2,-1.8,1.6,9.5,-1.5000000000000002,-4.3999999999999995,3.1,16
5911,98848.0,-1.7000000000000002,0.4,-0.1,-1.8,1.7000000000000002,9.600000000000001,4.2,0.30000000000000004,7.6,16
5912,98865.0,-1.7000000000000002,0.5,-0.1,-1.8,1.9000000000000001,9.600000000000001,7.1000000000000005,3.7000000000000006,10.9,16
5913,98881.0,-1.7000000000000002,0.7000000000000001,0.1,-1.8,2.1,9.700000000000001,6.9,4.3999999999999995,13.100000000000001,16
5914,98899.0,-1.5,0.9,0.2,-1.6,2.2,9.8,5.0,4.6000000000000005,14.4,16
5915,98915.0,-1.1,0.9,0.5,-1.3,2.2,10.100000000000001,1.8,3.7000000000000006,14.4,16
5916,98933.0,-0.8,0.8,0.7000000000000001,-0.8,2.1,10.4,-3.3000000000000003,1.4,12.9,16
5917,98949.0,-0.30000000000000004,0.7000000000000001,1.1,-0.4,2.0,10.8,-7.9,0.30000000000000004,11.3,16
5918,98965.0,-0.1,0.6000000000000001,1.3,-0.1,1.8,11.100000000000001,-11.000000000000002,-1.7,10.2,16
5919,98985.0,0.4,0.4,1.6,0.30000000000000004,1.7000000000000002,11.3,-14.500000000000002,-1.9,8.600000000000001,16
5920,98998.0,0.6000000000000001,0.4,1.6,0.30000000000000004,1.7000000000000002,11.3,-14.500000000000002,-1.9,8.600000000000001,16
5921,99014.0,-0.8,0.8,2.2,-1.0,2.1,11.9,-6.4,10.4,12.3,16
5922,99032.0,-0.5,0.8,2.5,-0.1,1.9000000000000001,12.3,-11.1,0.1,14.800000000000002,16
5923,99048.0,0.6000000000000001,0.5,2.5,0.4,1.6,12.200000000000001,-16.3,2.4000000000000004,10.3,16
5924,99065.0,0.2,0.0,2.3000000000000003,0.0,1.2000000000000002,12.100000000000001,-10.600000000000001,9.200000000000001,8.3,16
5925,99081.0,0.2,-0.1,1.9000000000000001,-0.1,1.0,11.5,-4.6000000000000005,17.200000000000003,9.0,16
5926,99098.0,-0.2,0.0,1.4000000000000001,-0.6000000000000001,1.1,11.100000000000001,0.9,24.9,13.5,16
5927,99115.0,-0.30000000000000004,-0.2,1.4000000000000001,-0.6000000000000001,1.0,11.200000000000001,4.5,24.000000000000004,18.5,16
5928,99131.0,0.1,-0.30000000000000004,1.6,0.1,0.7000000000000001,11.5,2.5,12.3,18.400000000000002,16
5929,99148.0,1.2000000000000002,-0.6000000000000001,1.8,0.9,0.5,11.600000000000001,1.7,3.7000000000000006,15.100000000000001,16
5930,99165.0,1.7000000000000002,-0.8,1.7000000000000002,1.3,0.4,11.5,5.8,-1.2000000000000002,12.9,16
5931,99182.0,2.0,-0.8,1.4000000000000001,1.8,0.4,10.9,13.6,2.1999999999999997,12.8,16
5932,99198.0,2.2,-0.8,1.0,1.8,0.4,10.9,13.6,2.1999999999999997,12.8,16
5933,99215.0,2.0,-0.8,-0.2,1.5,0.5,9.600000000000001,30.000000000000004,16.5,11.2,16
5934,99232.0,1.7000000000000002,-0.8,-0.4,1.1,0.7000000000000001,9.1,31.8,17.1,9.5,16
5935,99249.0,1.1,-0.6000000000000001,-1.0,0.5,0.9,8.6,29.200000000000003,10.4,8.1,16
5936,99265.0,0.9,-0.5,-1.4000000000000001,0.4,1.0,8.3,21.5,1.2000000000000002,6.1000000000000005,16
5937,99282.0,0.8,-0.6000000000000001,-1.6,0.30000000000000004,0.9,8.0,10.0,-11.3,3.7000000000000006,16
5938,99298.0,0.8,-0.7000000000000001,-1.7000000000000002,0.4,0.9,8.0,1.9,-18.7,3.0000000000000004,16
5939,99315.0,0.7000000000000001,-0.7000000000000001,-1.7000000000000002,0.4,0.9,8.0,-2.1,-24.200000000000003,2.1,16
5940,99332.0,0.5,-0.5,-2.1,0.30000000000000004,1.0,7.6000000000000005,-0.7,-21.5,2.4000000000000004,16
5941,99348.0,0.30000000000000004,-0.5,-2.3000000000000003,-0.1,1.1,7.4,1.3,-15.2,4.1000000000000005,16
5942,99365.0,-0.30000000000000004,-0.30000000000000004,-2.2,-0.5,1.2000000000000002,7.5,0.2,-15.9,6.2,16
5943,99388.0,-0.4,-0.2,-2.3000000000000003,-0.5,1.3,7.4,-1.4,-18.3,7.300000000000001,16
5944,99398.0,-0.4,-0.30000000000000004,-2.2,-0.4,1.2000000000000002,7.5,-3.5,-19.400000000000002,6.4,16
5945,99415.0,-0.30000000000000004,-0.30000000000000004,-2.0,-0.30000000000000004,1.2000000000000002,7.6000000000000005,-6.2,-19.6,3.5,16
5946,99432.0,-0.30000000000000004,-0.30000000000000004,-1.8,-0.2,1.2000000000000002,7.800000000000001,-7.400000000000001,-18.400000000000002,-0.1,16
5947,99448.0,-0.30000000000000004,-0.2,-1.7000000000000002,-0.2,1.2000000000000002,7.800000000000001,-7.9,-15.000000000000002,-3.7000000000000006,16
5948,99467.0,-0.4,-0.2,-1.4000000000000001,-0.30000000000000004,1.3,8.3,-8.1,-10.700000000000001,-6.9,16
5949,99488.0,-0.5,-0.2,-1.1,-0.4,1.3,8.5,-9.3,-5.6,-10.5,16
5950,99498.0,-0.6000000000000001,-0.1,-0.8,-0.6000000000000001,1.3,8.9,-11.6,-2.1999999999999997,-13.9,16
5951,99515.0,-0.9,0.0,-0.4,-0.8,1.4000000000000001,9.200000000000001,-13.100000000000001,1.5000000000000002,-15.6,16
5952,99532.0,-1.1,0.1,-0.1,-0.9,1.4000000000000001,9.5,-13.4,5.0,-15.7,16
5953,99550.0,-1.0,0.0,0.30000000000000004,-0.9,1.3,9.9,-13.100000000000001,6.4,-16.6,16
5954,99566.0,-1.1,0.0,0.6000000000000001,-1.0,1.2000000000000002,10.3,-10.600000000000001,5.9,-17.599999999999998,16
5955,99587.0,-1.0,-0.1,0.9,-1.0,1.1,10.600000000000001,-6.5,3.7000000000000006,-18.5,16
5956,99598.0,-1.0,-0.2,1.0,-1.0,1.1,10.700000000000001,-2.7,0.2,-20.1,16
5957,99615.0,-1.0,-0.1,1.2000000000000002,-1.0,1.1,10.8,0.4,-2.8,-19.9,16
5958,99631.0,-1.0,-0.1,1.2000000000000002,-1.0,1.2000000000000002,10.8,1.7,-4.3999999999999995,-17.400000000000002,16
5959,99648.0,-1.1,-0.1,1.2000000000000002,-1.0,1.2000000000000002,10.9,0.7,-6.000000000000001,-12.4,16
5960,99665.0,-1.0,0.1,1.5,-1.0,1.4000000000000001,11.200000000000001,0.0,-3.6,-7.300000000000001,16
5961,99687.0,-1.1,0.30000000000000004,1.9000000000000001,-1.1,1.5,11.600000000000001,2.9,0.0,-4.2,16
5962,99698.0,-1.1,0.4,2.1,-1.0,1.8,12.100000000000001,3.1,-3.0000000000000004,-4.800000000000001,16
5963,99715.0,-0.7000000000000001,0.6000000000000001,2.8000000000000003,-0.4,1.9000000000000001,12.600000000000001,-7.8,-14.3,-8.3,16
5964,99732.0,0.0,0.6000000000000001,2.9000000000000004,0.1,1.7000000000000002,12.600000000000001,-15.2,-17.599999999999998,-10.5,16
5965,99749.0,0.30000000000000004,0.2,2.4000000000000004,0.4,1.4000000000000001,12.200000000000001,-11.6,-8.0,-10.3,16
5966,99765.0,0.30000000000000004,0.1,2.0,0.4,1.3,11.600000000000001,-4.7,6.9,-8.5,16
5967,99788.0,0.2,0.1,1.6,0.30000000000000004,1.3,11.4,4.5,18.0,-4.300000000000001,16
5968,99798.0,0.7000000000000001,-0.2,1.9000000000000001,0.7000000000000001,1.0,11.700000000000001,10.5,21.400000000000002,-2.0,16
5969,99818.0,1.1,-0.4,1.8,1.4000000000000001,0.7000000000000001,11.5,11.4,17.5,-6.1000000000000005,16
5970,99832.0,2.1,-0.7000000000000001,1.3,2.1,0.5,11.0,10.700000000000001,14.500000000000002,-11.8,16
5971,99848.0,2.1,-0.7000000000000001,1.3,2.1,0.5,11.0,10.700000000000001,14.500000000000002,-11.8,16
5972,99865.0,2.6,-0.8,0.2,2.4000000000000004,0.5,9.9,9.200000000000001,23.6,-18.2,16
5973,99886.0,2.4000000000000004,-0.7000000000000001,-0.2,2.1,0.6000000000000001,9.600000000000001,7.9,29.500000000000004,-18.0,16
5974,99898.0,2.3000000000000003,-0.7000000000000001,-0.30000000000000004,2.1,0.6000000000000001,9.600000000000001,7.9,29.500000000000004,-18.0,16
5975,99915.0,1.9000000000000001,-0.6000000000000001,-0.6000000000000001,1.3,0.8,9.1,-4.1000000000000005,20.900000000000002,-16.400000000000002,16
5976,99932.0,1.4000000000000001,-0.4,-0.7000000000000001,0.9,0.9,9.1,-8.1,13.6,-14.100000000000001,16
5977,99948.0,0.9,-0.2,-0.8,0.5,1.1,8.9,-8.700000000000001,3.6,-9.9,16
5978,99965.0,0.8,-0.1,-0.9,0.1,1.3,8.8,-6.4,-5.300000000000001,-5.2,16
5979,99995.0,0.1,0.5,-1.3,-0.2,1.6,8.6,-1.2000000000000002,-12.9,-0.5,16
5980,99999.0,-0.1,0.7000000000000001,-1.5,-0.5,1.9000000000000001,8.3,4.1000000000000005,-17.7,3.7000000000000006,16
5981,100014.0,-0.1,0.7000000000000001,-1.6,-0.2,1.9000000000000001,8.1,4.6000000000000005,-22.5,4.0,16
5982,100031.0,0.2,0.6000000000000001,-1.7000000000000002,-0.1,1.9000000000000001,8.0,4.3999999999999995,-23.2,-1.2000000000000002,16
5983,100048.0,0.0,0.7000000000000001,-1.9000000000000001,-0.2,2.0,7.800000000000001,6.9,-18.900000000000002,-7.300000000000001,16
5984,100065.0,-0.30000000000000004,0.7000000000000001,-2.0,-0.7000000000000001,2.1,7.6000000000000005,7.8,-13.700000000000001,-11.000000000000002,16
5985,100081.0,-0.9,0.7000000000000001,-2.2,-1.1,2.0,7.5,5.1,-11.000000000000002,-11.6,16
5986,100100.0,-1.3,0.6000000000000001,-2.2,-1.4000000000000001,1.9000000000000001,7.5,1.3,-9.200000000000001,-10.700000000000001,16
5987,100117.0,-1.5,0.30000000000000004,-2.1,-1.5,1.7000000000000002,7.6000000000000005,-4.300000000000001,-7.6,-9.600000000000001,16
5988,100131.0,-1.6,0.2,-2.0,-1.7000000000000002,1.5,7.800000000000001,-9.3,-5.8,-8.3,16
5989,100148.0,-1.8,0.1,-1.5,-1.9000000000000001,1.4000000000000001,8.200000000000001,-11.8,-4.6000000000000005,-5.8,16
5990,100165.0,-1.9000000000000001,0.0,-1.3,-2.0,1.3,8.5,-12.700000000000001,-6.000000000000001,-1.6,16
5991,100183.0,-2.0,0.0,-1.0,-2.0,1.2000000000000002,8.700000000000001,-10.1,-4.300000000000001,4.300000000000001,16
5992,100198.0,-1.9000000000000001,0.0,-0.9,-2.0,1.2000000000000002,8.700000000000001,-10.1,-4.300000000000001,4.300000000000001,16
5993,100215.0,-1.8,0.1,-0.5,-1.9000000000000001,1.3,9.200000000000001,3.5,3.5,18.6,16
5994,100232.0,-1.7000000000000002,0.2,-0.4,-1.7000000000000002,1.5,9.3,10.700000000000001,6.2,23.5,16
5995,100248.0,-1.3,0.30000000000000004,-0.1,-1.4000000000000001,1.6,9.5,14.700000000000001,6.8,25.0,16
5996,100266.0,-1.1,0.6000000000000001,0.1,-1.3,1.9000000000000001,9.700000000000001,14.700000000000001,3.8,24.5,16
5997,100290.0,-0.8,0.8,0.30000000000000004,-1.0,2.1,9.9,10.4,1.9,23.700000000000003,16
5998,100299.0,-0.6000000000000001,0.8,0.4,-0.7000000000000001,2.2,10.100000000000001,5.500000000000001,1.7,22.900000000000002,16
5999,100315.0,-0.2,0.7000000000000001,0.6000000000000001,-0.30000000000000004,2.1,10.3,0.30000000000000004,2.4000000000000004,21.400000000000002,16
6000,100332.0,0.0,0.7000000000000001,0.8,0.0,2.0,10.600000000000001,-5.300000000000001,4.1000000000000005,19.1,16
6001,100350.0,0.30000000000000004,0.6000000000000001,1.1,0.2,1.9000000000000001,10.9,-10.4,5.7,16.8,16
6002,100365.0,0.0,0.6000000000000001,1.6,-0.2,2.0,11.200000000000001,-13.100000000000001,9.3,16.0,16
6003,100382.0,-0.30000000000000004,0.7000000000000001,1.9000000000000001,-0.6000000000000001,2.1,11.9,-11.2,10.9,17.7,16
6004,100398.0,-0.30000000000000004,0.8,2.9000000000000004,-0.4,2.1,12.700000000000001,-16.5,2.1,18.7,16
6005,100415.0,0.4,0.6000000000000001,3.3000000000000003,0.30000000000000004,1.8,13.0,-24.400000000000002,-9.700000000000001,17.8,16
6006,100432.0,0.9,0.5,3.4000000000000004,1.2000000000000002,1.5,13.200000000000001,-25.8,-13.9,14.500000000000002,16
6007,100449.0,1.4000000000000001,0.30000000000000004,3.5,1.2000000000000002,1.5,13.200000000000001,-25.8,-13.9,14.500000000000002,16
6008,100465.0,1.7000000000000002,-0.4,2.5,1.7000000000000002,0.7000000000000001,12.3,-5.6,2.9,10.0,16
6009,100486.0,2.0,-0.5,1.7000000000000002,1.9000000000000001,0.7000000000000001,11.600000000000001,8.0,11.5,10.9,16
6010,100498.0,1.8,-0.4,1.7000000000000002,1.6,0.7000000000000001,11.600000000000001,15.8,14.4,14.3,16
6011,100515.0,1.8,-0.5,1.3,1.7000000000000002,0.7000000000000001,11.100000000000001,22.2,11.4,18.900000000000002,16
6012,100533.0,2.0,-0.5,1.0,1.9000000000000001,0.8,10.5,27.2,8.4,20.4,16
6013,100548.0,2.0,-0.5,0.6000000000000001,1.9000000000000001,0.8,10.5,27.2,8.4,20.4,16
6014,100565.0,2.0,-0.6000000000000001,-0.8,1.8,0.9,9.0,38.1,10.0,13.9,16
6015,100581.0,1.6,-0.6000000000000001,-1.2000000000000002,1.5,1.0,8.6,35.3,5.9,8.0,16
6016,100599.0,1.4000000000000001,-0.6000000000000001,-1.5,1.2000000000000002,1.1,8.200000000000001,26.8,0.30000000000000004,3.0000000000000004,16
6017,100618.0,1.1,-0.6000000000000001,-1.8,1.0,1.1,7.9,16.5,-4.9,-0.6000000000000001,16
6018,100631.0,1.0,-0.6000000000000001,-1.9000000000000001,0.9,1.1,7.800000000000001,5.7,-11.2,-2.9,16
6019,100648.0,1.0,-0.6000000000000001,-2.0,0.9,1.0,7.7,-3.4,-15.299999999999999,-4.1000000000000005,16
6020,100665.0,1.0,-0.7000000000000001,-2.0,1.0,1.0,7.7,-8.600000000000001,-16.1,-5.0,16
6021,100684.0,0.7000000000000001,-0.7000000000000001,-2.0,0.8,1.0,7.7,-10.1,-14.100000000000001,-6.1000000000000005,16
6022,100702.0,0.2,-0.6000000000000001,-1.9000000000000001,0.4,1.0,7.7,-9.1,-11.1,-6.6000000000000005,16
6023,100715.0,-0.1,-0.5,-1.9000000000000001,0.0,1.1,7.7,-6.9,-10.4,-6.2,16
6024,100732.0,-0.5,-0.30000000000000004,-2.0,-0.30000000000000004,1.2000000000000002,7.7,-4.9,-12.3,-5.0,16
6025,100749.0,-0.5,-0.30000000000000004,-2.0,-0.4,1.3,7.7,-4.0,-14.100000000000001,-4.5,16
6026,100765.0,-0.6000000000000001,-0.2,-1.9000000000000001,-0.4,1.3,7.7,-4.3999999999999995,-16.3,-5.4,16
6027,100782.0,-0.6000000000000001,-0.2,-1.8,-0.30000000000000004,1.3,7.800000000000001,-4.7,-17.200000000000003,-7.2,16
6028,100798.0,-0.6000000000000001,-0.2,-1.8,-0.4,1.3,7.9,-5.500000000000001,-17.1,-9.600000000000001,16
6029,100815.0,-0.9,-0.1,-1.4000000000000001,-0.7000000000000001,1.4000000000000001,8.3,-9.600000000000001,-18.8,-12.200000000000001,16
6030,100832.0,-1.0,-0.1,-0.9,-0.6000000000000001,1.4000000000000001,8.700000000000001,-18.1,-24.000000000000004,-15.100000000000001,16
6031,100848.0,-0.9,-0.1,-0.6000000000000001,-0.4,1.2000000000000002,9.200000000000001,-29.000000000000004,-24.5,-18.7,16
6032,100866.0,-0.8,-0.30000000000000004,-0.1,-0.30000000000000004,1.0,9.600000000000001,-35.6,-23.700000000000003,-22.2,16
6033,100884.0,-1.0,-0.2,0.4,-0.5,1.0,10.0,-36.2,-16.2,-23.900000000000002,16
6034,100901.0,-1.4000000000000001,-0.2,0.8,-0.8,0.9,10.4,-30.299999999999997,-5.9,-21.900000000000002,16
6035,100915.0,-1.6,-0.1,1.0,-1.2000000000000002,0.9,10.700000000000001,-21.400000000000002,3.5,-17.9,16
6036,100932.0,-1.9000000000000001,0.0,1.4000000000000001,-1.4000000000000001,1.0,11.100000000000001,-11.6,8.799999999999999,-13.200000000000001,16
6037,100948.0,-1.9000000000000001,0.1,1.6,-1.5,1.1,11.3,-2.8,8.799999999999999,-9.200000000000001,16
6038,100965.0,-1.8,0.2,1.7000000000000002,-1.3,1.2000000000000002,11.4,4.1000000000000005,7.500000000000001,-7.699999999999999,16
6039,100987.0,-1.6,0.30000000000000004,1.7000000000000002,-1.2000000000000002,1.3,11.3,9.200000000000001,7.400000000000001,-7.500000000000001,16
6040,101001.0,-1.5,0.30000000000000004,1.5,-1.2000000000000002,1.4000000000000001,11.200000000000001,11.6,7.6,-6.7,16
6041,101015.0,-1.5,0.30000000000000004,1.5,-1.2000000000000002,1.4000000000000001,11.200000000000001,11.1,8.0,-3.8,16
6042,101031.0,-1.5,0.5,1.5,-1.2000000000000002,1.6,11.200000000000001,9.700000000000001,8.3,0.7,16
6043,101048.0,-1.4000000000000001,0.6000000000000001,1.7000000000000002,-1.2000000000000002,1.7000000000000002,11.4,9.4,9.0,4.800000000000001,16
6044,101065.0,-1.3,0.5,2.0,-1.0,1.6,11.9,5.500000000000001,1.8,3.7000000000000006,16
6045,101084.0,-1.0,0.6000000000000001,2.5,-0.7000000000000001,1.7000000000000002,12.200000000000001,-3.1,-9.200000000000001,1.6,16
6046,101098.0,-0.6000000000000001,0.6000000000000001,2.2,-0.30000000000000004,1.8,12.0,-9.700000000000001,-12.3,3.7000000000000006,16
6047,101117.0,-0.4,0.6000000000000001,2.1,0.0,1.7000000000000002,11.700000000000001,-7.500000000000001,-6.3,9.1,16
6048,101132.0,0.2,0.5,1.8,0.5,1.6,11.5,3.8,5.8,13.200000000000001,16
6049,101148.0,0.8,0.30000000000000004,1.3,1.0,1.5,11.100000000000001,17.9,13.4,14.0,16
6050,101165.0,1.1,0.2,1.4000000000000001,1.4000000000000001,1.3,11.100000000000001,25.2,16.0,8.9,16
6051,101183.0,1.6,-0.1,0.8,1.9000000000000001,1.2000000000000002,10.5,25.900000000000002,11.000000000000002,0.8,16
6052,101204.0,2.2,-0.30000000000000004,0.0,2.3000000000000003,1.0,9.8,21.400000000000002,8.0,-8.799999999999999,16
6053,101218.0,2.3000000000000003,-0.5,-0.6000000000000001,2.5,0.9,9.3,13.0,6.7,-16.1,16
6054,101233.0,2.3000000000000003,-0.6000000000000001,-0.8,2.5,0.8,9.0,2.9,7.300000000000001,-18.1,16
6055,101248.0,2.3000000000000003,-0.7000000000000001,-0.9,2.4000000000000004,0.7000000000000001,8.8,-5.500000000000001,9.3,-15.9,16
6056,101265.0,2.2,-0.8,-1.0,2.3000000000000003,0.6000000000000001,8.8,-8.0,13.100000000000001,-11.8,16
6057,101281.0,2.1,-0.8,-0.8,2.1,0.6000000000000001,9.0,-7.8,14.500000000000002,-9.1,16
6058,101299.0,1.8,-0.6000000000000001,-0.7000000000000001,1.9000000000000001,0.7000000000000001,9.1,-7.8,10.9,-8.0,16
6059,101315.0,1.6,-0.5,-0.7000000000000001,1.4000000000000001,0.9,9.200000000000001,-7.8,3.2,-7.1000000000000005,16
6060,101331.0,1.1,-0.2,-0.5,1.1,1.1,9.3,-6.9,-4.300000000000001,-5.6,16
6061,101348.0,0.8,0.0,-0.5,0.9,1.3,9.3,-5.4,-11.5,-4.300000000000001,16
6062,101366.0,0.5,0.2,-0.6000000000000001,0.7000000000000001,1.4000000000000001,9.200000000000001,-4.0,-17.200000000000003,-4.5,16
6063,101381.0,0.30000000000000004,0.2,-0.8,0.30000000000000004,1.5,8.9,-3.3000000000000003,-19.400000000000002,-5.9,16
6064,101401.0,-0.2,0.30000000000000004,-1.0,0.0,1.6,8.8,-5.0,-20.8,-7.9,16
6065,101415.0,-0.6000000000000001,0.4,-1.0,-0.30000000000000004,1.6,8.700000000000001,-9.700000000000001,-21.400000000000002,-10.700000000000001,16
6066,101431.0,-0.8,0.4,-1.1,-0.5,1.6,8.6,-11.5,-18.1,-11.9,16
6067,101448.0,-0.9,0.4,-1.2000000000000002,-0.5,1.6,8.6,-11.5,-18.1,-11.9,16
6068,101468.0,-1.2000000000000002,0.30000000000000004,-1.4000000000000001,-0.8,1.4000000000000001,8.3,-5.6,-2.0,-9.700000000000001,16
6069,101481.0,-1.2000000000000002,0.1,-1.5,-0.9,1.2000000000000002,8.200000000000001,-4.800000000000001,-0.9,-9.9,16
6070,101500.0,-1.3,0.0,-1.5,-1.0,1.1,8.200000000000001,-5.1,-0.2,-9.3,16
6071,101516.0,-1.5,0.0,-1.6,-1.2000000000000002,1.1,8.1,-4.6000000000000005,-0.1,-6.2,16
6072,101533.0,-1.5,0.0,-1.7000000000000002,-1.2000000000000002,1.1,7.9,-2.1999999999999997,1.5000000000000002,-1.7,16
6073,101548.0,-1.5,0.0,-1.8,-1.2000000000000002,1.1,7.9,0.6000000000000001,3.9,2.3000000000000003,16
6074,101565.0,-1.7000000000000002,0.2,-1.6,-1.4000000000000001,1.3,8.0,1.8,4.300000000000001,5.7,16
6075,101581.0,-1.8,0.30000000000000004,-1.5,-1.5,1.5,8.4,1.6,1.7,8.700000000000001,16
6076,101599.0,-1.7000000000000002,0.6000000000000001,-1.0,-1.4000000000000001,1.7000000000000002,8.8,0.1,-2.1,11.000000000000002,16
6077,101614.0,-1.4000000000000001,0.8,-0.4,-1.2000000000000002,1.9000000000000001,9.3,-3.5,-4.9,11.9,16
6078,101631.0,-1.2000000000000002,0.9,-0.2,-0.9,2.0,9.600000000000001,-4.6000000000000005,-3.3000000000000003,12.3,16
6079,101648.0,-1.0,1.0,0.2,-0.7000000000000001,2.1,10.0,-2.8,2.8,11.9,16
6080,101665.0,-0.8,1.0,0.7000000000000001,-0.6000000000000001,2.1,10.3,1.2000000000000002,8.9,10.8,16
6081,101681.0,-0.7000000000000001,0.9,0.8,-0.4,2.0,10.700000000000001,1.5000000000000002,11.1,8.4,16
6082,101698.0,-0.6000000000000001,0.9,1.2000000000000002,-0.4,2.0,10.700000000000001,1.5000000000000002,11.1,8.4,16
6083,101715.0,0.2,0.6000000000000001,1.6,0.4,1.7000000000000002,11.3,-8.5,-0.1,2.1,16
6084,101731.0,0.5,0.5,1.7000000000000002,0.9,1.4000000000000001,11.5,-12.100000000000001,-1.9,0.7,16
6085,101748.0,0.7000000000000001,0.2,1.9000000000000001,0.8,1.3,11.8,-11.000000000000002,0.7,2.1999999999999997,16
6086,101765.0,0.6000000000000001,0.5,2.4000000000000004,0.8,1.5,12.200000000000001,-6.6000000000000005,3.8,7.2,16
6087,101781.0,0.7000000000000001,0.4,2.7,1.0,1.4000000000000001,12.5,-3.6,9.5,11.3,16
6088,101804.0,0.9,0.1,2.8000000000000003,1.1,1.1,12.5,0.0,8.4,10.0,16
6089,101816.0,0.9,0.0,2.6,1.0,1.0,12.3,3.9,11.700000000000001,4.800000000000001,16
6090,101833.0,0.4,-0.2,1.8,0.5,0.9,11.600000000000001,4.7,12.700000000000001,1.2000000000000002,16
6091,101848.0,0.2,-0.2,1.8,0.2,0.8,11.600000000000001,5.500000000000001,13.3,1.8,16
6092,101865.0,0.1,-0.4,1.8,0.1,0.6000000000000001,11.600000000000001,5.8,7.699999999999999,4.9,16
6093,101881.0,0.30000000000000004,-0.6000000000000001,1.4000000000000001,0.30000000000000004,0.5,11.3,2.7,0.8,9.3,16
6094,101898.0,0.6000000000000001,-0.8,1.3,0.9,0.2,11.0,3.8,-1.8,12.9,16
6095,101915.0,1.3,-1.1,0.8,1.4000000000000001,0.0,10.600000000000001,7.9,1.0999999999999999,13.4,16
6096,101931.0,1.4000000000000001,-1.1,0.4,1.5,0.0,10.200000000000001,14.0,5.1,11.6,16
6097,101948.0,1.2000000000000002,-1.1,0.1,1.2000000000000002,0.1,9.8,20.3,9.8,10.600000000000001,16
6098,101965.0,0.9,-1.0,-0.4,0.9,0.2,9.3,22.900000000000002,11.1,10.8,16
6099,101981.0,0.7000000000000001,-0.9,-0.9,0.7000000000000001,0.30000000000000004,8.9,23.1,10.700000000000001,11.700000000000001,16
6100,102010.0,0.6000000000000001,-0.9,-1.2000000000000002,0.6000000000000001,0.4,8.6,21.6,7.0,12.3,16
6101,102014.0,0.6000000000000001,-0.9,-1.4000000000000001,0.6000000000000001,0.5,8.4,15.2,0.30000000000000004,11.9,16
6102,102031.0,0.7000000000000001,-0.8,-1.7000000000000002,0.7000000000000001,0.6000000000000001,8.1,6.5,-6.5,11.9,16
6103,102048.0,0.6000000000000001,-0.7000000000000001,-1.8,0.7000000000000001,0.7000000000000001,7.800000000000001,-0.30000000000000004,-9.8,12.9,16
6104,102064.0,0.5,-0.6000000000000001,-2.0,0.5,0.8,7.7,-3.1,-9.3,14.3,16
6105,102081.0,0.1,-0.4,-2.1,0.2,0.9,7.6000000000000005,-3.4,-7.1000000000000005,15.9,16
6106,102098.0,-0.2,-0.4,-2.1,-0.1,1.0,7.6000000000000005,-1.3,-5.8,17.7,16
6107,102115.0,-0.4,-0.2,-2.2,-0.30000000000000004,1.1,7.6000000000000005,1.9,-7.400000000000001,19.0,16
6108,102131.0,-0.5,-0.2,-2.1,-0.30000000000000004,1.2000000000000002,7.6000000000000005,3.4,-9.8,18.2,16
6109,102149.0,-0.30000000000000004,-0.30000000000000004,-2.2,0.0,1.1,7.5,1.0,-13.9,13.6,16
6110,102164.0,-0.30000000000000004,-0.30000000000000004,-2.1,0.0,1.0,7.6000000000000005,-3.2,-16.6,6.9,16
6111,102181.0,-0.4,-0.30000000000000004,-1.9000000000000001,-0.1,1.1,7.7,-6.2,-17.0,1.9,16
6112,102198.0,-0.6000000000000001,-0.2,-1.8,-0.30000000000000004,1.2000000000000002,7.9,-8.1,-15.399999999999999,0.9,16
6113,102215.0,-0.8,-0.1,-1.5,-0.4,1.2000000000000002,8.200000000000001,-10.3,-13.8,1.6,16
6114,102232.0,-0.9,0.0,-1.0,-0.5,1.3,8.700000000000001,-13.200000000000001,-13.3,1.3,16
6115,102248.0,-1.1,0.1,-0.7000000000000001,-0.6000000000000001,1.4000000000000001,9.200000000000001,-15.100000000000001,-13.100000000000001,0.4,16
6116,102265.0,-1.2000000000000002,0.30000000000000004,-0.1,-0.7000000000000001,1.5,9.700000000000001,-13.0,-8.9,-0.2,16
6117,102281.0,-1.2000000000000002,0.4,0.30000000000000004,-0.7000000000000001,1.5,10.0,-7.400000000000001,-3.8,-1.0,16
6118,102298.0,-1.2000000000000002,0.30000000000000004,0.5,-0.7000000000000001,1.5,10.3,-1.8,0.0,-2.9,16
6119,102315.0,-1.2000000000000002,0.30000000000000004,0.8,-0.7000000000000001,1.5,10.600000000000001,1.0,1.0,-5.2,16
6120,102332.0,-1.2000000000000002,0.4,1.2000000000000002,-0.6000000000000001,1.5,10.8,1.5000000000000002,-0.6000000000000001,-6.5,16
6121,102349.0,-1.0,0.4,1.4000000000000001,-0.5,1.5,11.0,1.4,-0.7,-6.6000000000000005,16
6122,102365.0,-0.9,0.30000000000000004,1.4000000000000001,-0.4,1.5,11.100000000000001,1.6,0.4,-5.300000000000001,16
6123,102381.0,-0.8,0.2,1.5,-0.30000000000000004,1.3,11.200000000000001,3.5,4.800000000000001,-3.4,16
6124,102398.0,-0.9,0.1,1.7000000000000002,-0.5,1.3,11.4,7.8,9.1,-1.4,16
6125,102415.0,-1.0,0.2,1.8,-0.7000000000000001,1.6,11.600000000000001,12.8,13.0,0.4,16
6126,102431.0,-1.2000000000000002,0.5,2.0,-0.8,1.8,11.700000000000001,17.400000000000002,15.9,2.5,16
6127,102450.0,-0.5,0.5,2.0,-0.2,1.9000000000000001,11.700000000000001,21.400000000000002,15.2,2.4000000000000004,16
6128,102465.0,-0.1,0.30000000000000004,2.0,0.30000000000000004,1.7000000000000002,11.600000000000001,16.2,8.5,-3.1,16
6129,102481.0,0.1,0.30000000000000004,1.4000000000000001,0.30000000000000004,1.8,11.0,8.200000000000001,3.4,-6.7,16
6130,102498.0,-0.1,0.5,1.0,0.1,1.9000000000000001,10.700000000000001,5.300000000000001,2.5,-3.2,16
6131,102515.0,-0.1,0.5,0.9,0.2,1.9000000000000001,10.5,3.8,2.8,3.6,16
6132,102532.0,-0.1,0.5,0.9,0.2,1.9000000000000001,10.5,3.8,2.8,3.6,16
6133,102548.0,0.1,0.4,0.8,0.2,1.9000000000000001,10.5,3.8,2.8,3.6,16
6134,102567.0,2.1,-0.1,0.7000000000000001,2.3000000000000003,1.4000000000000001,10.5,3.4,-7.300000000000001,1.3,16
6135,102581.0,2.6,-0.2,0.7000000000000001,3.1,1.3,10.4,-0.30000000000000004,-15.000000000000002,-9.200000000000001,16
6136,102598.0,3.4000000000000004,-0.4,0.5,3.9000000000000004,1.1,10.3,-6.7,-20.3,-20.6,16
6137,102615.0,3.7,-0.4,0.4,4.3,1.0,10.100000000000001,-14.500000000000002,-19.8,-30.9,16
6138,102632.0,3.8000000000000003,-0.5,0.2,4.2,0.9,9.8,-19.1,-13.8,-37.7,16
6139,102648.0,3.2,-0.5,-0.30000000000000004,3.6,0.9,9.5,-21.200000000000003,-2.5,-40.6,16
6140,102665.0,2.6,-0.4,-0.4,2.5,1.0,9.3,-22.900000000000002,6.2,-38.0,16
6141,102699.0,0.30000000000000004,0.0,-0.6000000000000001,0.7000000000000001,1.1,9.200000000000001,-20.5,6.7,-23.0,16
6142,102719.0,-0.2,0.1,-0.7000000000000001,0.2,1.3,9.1,-13.8,-1.6,-16.0,16
6143,102737.0,-0.5,0.0,-0.9,0.0,1.2000000000000002,9.0,-4.5,-9.9,-12.000000000000002,16
6144,102748.0,-0.5,0.0,-1.1,0.0,1.1,8.6,3.5,-17.599999999999998,-12.000000000000002,16
6145,102764.0,-0.7000000000000001,-0.1,-1.6,-0.2,1.1,8.1,9.200000000000001,-21.700000000000003,-13.9,16
6146,102782.0,-0.9,-0.1,-1.9000000000000001,-0.4,1.2000000000000002,7.7,11.3,-21.3,-14.900000000000002,16
6147,102798.0,-1.2000000000000002,0.0,-2.3000000000000003,-0.6000000000000001,1.2000000000000002,7.4,9.700000000000001,-19.9,-13.100000000000001,16
6148,102814.0,-1.5,0.0,-2.4000000000000004,-0.8,1.3,7.2,4.2,-16.8,-9.5,16
6149,102831.0,-1.6,0.0,-2.4000000000000004,-0.9,1.2000000000000002,7.300000000000001,-4.1000000000000005,-16.400000000000002,-5.4,16
6150,102850.0,-1.6,0.0,-2.2,-0.8,1.1,7.5,-12.200000000000001,-12.100000000000001,-1.6,16
6151,102864.0,-1.6,-0.1,-1.8,-0.8,1.0,7.9,-17.0,-9.1,1.8,16
6152,102883.0,-1.6,-0.1,-1.6,-0.8,1.0,8.200000000000001,-17.3,-7.2,5.1,16
6153,102898.0,-1.6,-0.1,-1.0,-0.8,1.0,8.8,-15.2,-6.4,9.0,16
6154,102914.0,-1.6,0.2,-0.4,-0.8,1.0,8.8,-15.2,-6.4,9.0,16
6155,102931.0,-1.5,0.30000000000000004,-0.1,-0.5,1.4000000000000001,9.700000000000001,-6.1000000000000005,-11.5,18.900000000000002,16
6156,102949.0,-1.1,0.5,0.30000000000000004,-0.1,1.5,9.9,-0.6000000000000001,-10.2,20.5,16
6157,102965.0,-0.9,0.8,0.5,0.0,1.8,10.100000000000001,4.5,-5.2,20.5,16
6158,102994.0,-0.9,1.2000000000000002,0.6000000000000001,0.0,2.2,10.200000000000001,9.3,2.5,21.3,16
6159,102998.0,-0.9,1.3,0.7000000000000001,0.0,2.4000000000000004,10.3,12.000000000000002,9.3,22.5,16
6160,103014.0,-0.9,1.5,0.8,0.0,2.6,10.5,11.6,13.200000000000001,23.5,16
6161,103031.0,-0.7000000000000001,1.4000000000000001,0.9,0.2,2.5,10.5,9.9,15.5,22.6,16
6162,103048.0,-0.30000000000000004,1.3,0.9,0.5,2.4000000000000004,10.600000000000001,7.6,16.0,19.500000000000004,16
6163,103066.0,0.1,1.0,1.0,0.9,2.2,10.700000000000001,5.0,16.1,14.700000000000001,16
6164,103084.0,0.30000000000000004,0.9,1.3,1.0,2.1,10.9,2.8,14.900000000000002,10.2,16
6165,103099.0,0.5,0.8,1.3,1.2000000000000002,2.0,11.0,0.0,11.700000000000001,8.1,16
6166,103114.0,0.8,0.7000000000000001,1.2000000000000002,1.4000000000000001,1.9000000000000001,10.9,-4.3999999999999995,9.3,7.500000000000001,16
6167,103131.0,0.7000000000000001,0.7000000000000001,1.2000000000000002,0.9,2.0,10.8,-7.1000000000000005,10.5,9.0,16
6168,103148.0,-0.1,0.9,1.2000000000000002,0.30000000000000004,2.1,11.100000000000001,-4.800000000000001,14.800000000000002,12.9,16
6169,103164.0,-0.4,0.9,2.0,0.1,2.0,11.8,-2.4000000000000004,12.000000000000002,15.7,16
6170,103185.0,-0.30000000000000004,0.6000000000000001,2.0,0.2,1.8,11.700000000000001,-0.4,6.000000000000001,15.5,16
6171,103199.0,-0.30000000000000004,0.6000000000000001,2.0,0.2,1.8,11.700000000000001,-0.4,6.000000000000001,15.5,16
6172,103215.0,0.0,0.1,1.5,0.5,1.2000000000000002,11.200000000000001,5.500000000000001,6.3,11.1,16
6173,103231.0,0.0,-0.1,1.3,0.5,1.1,11.100000000000001,6.4,8.9,10.5,16
6174,103248.0,0.2,-0.2,1.4000000000000001,0.8,0.8,11.3,5.500000000000001,8.600000000000001,11.8,16
6175,103265.0,0.8,-0.6000000000000001,1.6,1.4000000000000001,0.5,11.5,3.3000000000000003,2.8,13.100000000000001,16
6176,103286.0,1.6,-1.0,1.6,2.1,0.2,11.5,2.1999999999999997,-1.4,12.200000000000001,16
6177,103298.0,2.0,-1.2000000000000002,1.5,2.6,-0.1,11.200000000000001,3.4,-0.7,9.1,16
6178,103315.0,2.2,-1.3,1.1,2.6,-0.1,10.8,8.4,5.500000000000001,6.8,16
6179,103331.0,1.9000000000000001,-1.3,0.4,2.4000000000000004,0.0,10.3,17.7,13.9,6.8,16
6180,103348.0,1.7000000000000002,-1.2000000000000002,0.1,2.0,0.1,9.8,24.200000000000003,19.6,7.1000000000000005,16
6181,103364.0,1.3,-1.1,-0.5,1.6,0.30000000000000004,9.200000000000001,25.1,18.6,6.2,16
6182,103388.0,1.1,-0.9,-1.0,1.4000000000000001,0.5,8.8,21.0,12.9,4.5,16
6183,103398.0,1.0,-0.9,-1.1,1.3,0.6000000000000001,8.4,12.5,5.0,2.7,16
6184,103415.0,0.8,-0.7000000000000001,-1.6,1.1,0.8,8.1,4.6000000000000005,-0.2,2.1999999999999997,16
6185,103431.0,0.5,-0.5,-1.8,0.8,1.0,7.9,-0.9,-3.2,3.3000000000000003,16
6186,103448.0,0.30000000000000004,-0.4,-1.9000000000000001,0.5,1.2000000000000002,7.7,-1.0,-1.3,5.8,16
6187,103464.0,-0.1,-0.2,-2.0,0.2,1.3,7.7,2.5,-0.2,8.5,16
6188,103483.0,-0.30000000000000004,0.0,-2.0,0.1,1.5,7.6000000000000005,8.1,-2.6,10.0,16
6189,103499.0,-0.30000000000000004,0.0,-2.2,0.0,1.5,7.5,11.700000000000001,-6.3,8.799999999999999,16
6190,103516.0,-0.5,-0.1,-2.3000000000000003,0.0,1.5,7.4,10.3,-13.700000000000001,5.1,16
6191,103531.0,-0.30000000000000004,0.0,-2.3000000000000003,0.1,1.6,7.300000000000001,6.3,-15.8,-0.2,16
6192,103548.0,-0.4,0.0,-2.4000000000000004,-0.1,1.6,7.1000000000000005,4.7,-16.0,-3.8,16
6193,103565.0,-0.7000000000000001,0.1,-2.4000000000000004,-0.30000000000000004,1.7000000000000002,7.2,4.2,-11.9,-4.7,16
6194,103587.0,-1.0,0.2,-2.2,-0.5,1.7000000000000002,7.4,2.0,-9.4,-5.2,16
6195,103601.0,-1.1,0.1,-1.6,-0.6000000000000001,1.7000000000000002,8.0,-5.4,-11.700000000000001,-7.699999999999999,16
6196,103615.0,-1.1,0.1,-1.3,-0.5,1.6,8.5,-15.299999999999999,-16.0,-11.5,16
6197,103631.0,-1.2000000000000002,0.1,-0.6000000000000001,-0.5,1.6,9.1,-23.1,-17.0,-14.100000000000001,16
6198,103648.0,-1.1,0.2,0.1,-0.4,1.6,9.600000000000001,-24.6,-12.8,-15.000000000000002,16
6199,103665.0,-1.1,0.2,0.30000000000000004,-0.30000000000000004,1.6,10.100000000000001,-18.5,-4.5,-13.5,16
6200,103687.0,-0.6000000000000001,0.0,1.0,0.0,1.5,10.5,-7.6,3.9,-12.200000000000001,16
6201,103701.0,-0.6000000000000001,0.0,1.0,0.0,1.5,10.5,-7.6,3.9,-12.200000000000001,16
6202,103716.0,-0.4,0.0,1.2000000000000002,0.2,1.4000000000000001,10.8,7.0,6.7,-16.900000000000002,16
6203,103733.0,-0.5,0.1,1.0,0.0,1.6,10.600000000000001,8.600000000000001,4.5,-17.5,16
6204,103748.0,-0.6000000000000001,0.2,0.8,-0.1,1.6,10.4,9.0,5.1,-15.399999999999999,16
6205,103765.0,-0.7000000000000001,0.1,0.7000000000000001,-0.30000000000000004,1.6,10.3,9.4,5.8,-12.100000000000001,16
6206,103782.0,-1.0,0.2,0.9,-0.6000000000000001,1.7000000000000002,10.600000000000001,8.200000000000001,3.5,-8.799999999999999,16
6207,103798.0,-1.2000000000000002,0.30000000000000004,1.3,-0.7000000000000001,1.8,11.0,5.1,-3.4,-6.2,16
6208,103816.0,-1.1,0.30000000000000004,1.7000000000000002,-0.30000000000000004,1.9000000000000001,11.700000000000001,0.8,-17.0,-5.0,16
6209,103832.0,-0.30000000000000004,0.30000000000000004,2.6,0.6000000000000001,1.8,12.3,-7.400000000000001,-34.0,-6.3,16
6210,103848.0,0.7000000000000001,0.30000000000000004,2.5,1.5,1.7000000000000002,12.200000000000001,-16.5,-40.7,-7.699999999999999,16
6211,103865.0,1.0,0.30000000000000004,2.6,2.1,1.7000000000000002,12.3,-19.1,-37.300000000000004,-5.500000000000001,16
6212,103882.0,1.5,0.2,2.4000000000000004,2.4000000000000004,1.5,12.0,-9.200000000000001,-19.400000000000002,-3.0000000000000004,16
6213,103908.0,1.4000000000000001,-0.1,2.0,2.1,1.4000000000000001,11.600000000000001,22.1,14.900000000000002,-4.3999999999999995,16
6214,103915.0,1.4000000000000001,-0.1,2.0,2.1,1.4000000000000001,11.600000000000001,22.1,14.900000000000002,-4.3999999999999995,16
6215,103931.0,1.1,-0.1,1.6,2.0,1.4000000000000001,11.200000000000001,27.0,15.000000000000002,-8.3,16
6216,103949.0,1.4000000000000001,-0.2,1.0,2.3000000000000003,1.4000000000000001,10.700000000000001,22.3,9.700000000000001,-14.0,16
6217,103965.0,1.6,-0.30000000000000004,0.6000000000000001,2.6,1.2000000000000002,10.0,11.8,4.800000000000001,-21.3,16
6218,103996.0,1.5,-0.6000000000000001,-0.6000000000000001,2.2,1.0,9.1,-6.3,10.3,-26.400000000000002,16
6219,103998.0,1.5,-0.6000000000000001,-0.6000000000000001,2.2,1.0,9.1,-6.3,10.3,-26.400000000000002,16
6220,104014.0,1.2000000000000002,-0.7000000000000001,-0.6000000000000001,1.9000000000000001,0.9,9.200000000000001,-9.600000000000001,15.399999999999999,-22.4,16
6221,104031.0,1.1,-0.8,-0.6000000000000001,1.6,0.7000000000000001,9.1,-10.0,16.3,-18.400000000000002,16
6222,104049.0,0.8,-0.8,-0.7000000000000001,1.4000000000000001,0.7000000000000001,9.1,-7.9,12.700000000000001,-15.2,16
6223,104064.0,0.5,-0.8,-0.8,1.1,0.7000000000000001,9.0,-5.7,6.7,-12.8,16
6224,104081.0,0.30000000000000004,-0.7000000000000001,-0.9,0.9,0.8,8.8,-5.300000000000001,-2.3000000000000003,-11.3,16
6225,104098.0,0.1,-0.6000000000000001,-1.1,0.6000000000000001,0.9,8.6,-5.7,-7.400000000000001,-10.2,16
6226,104114.0,-0.1,-0.6000000000000001,-1.2000000000000002,0.4,0.9,8.5,-5.0,-10.600000000000001,-9.1,16
6227,104131.0,-0.4,-0.5,-1.3,0.1,1.0,8.4,-4.300000000000001,-11.6,-7.6,16
6228,104148.0,-0.7000000000000001,-0.4,-1.4000000000000001,0.0,1.1,8.3,-4.5,-11.8,-6.1000000000000005,16
6229,104164.0,-0.9,-0.30000000000000004,-1.5,-0.1,1.1,8.200000000000001,-6.1000000000000005,-11.2,-5.7,16
6230,104181.0,-1.0,-0.30000000000000004,-1.5,-0.30000000000000004,1.1,8.1,-9.0,-9.700000000000001,-5.8,16
6231,104200.0,-1.1,-0.30000000000000004,-1.6,-0.30000000000000004,1.1,8.1,-9.0,-9.700000000000001,-5.8,16
6232,104214.0,-1.4000000000000001,-0.2,-1.6,-0.7000000000000001,1.2000000000000002,8.0,-11.8,-1.0,-1.7,16
6233,104231.0,-1.5,-0.1,-1.6,-0.8,1.2000000000000002,8.1,-10.1,3.8,1.4,16
6234,104249.0,-1.5,-0.1,-1.6,-0.9,1.2000000000000002,8.1,-7.1000000000000005,8.0,4.0,16
6235,104265.0,-1.7000000000000002,0.0,-1.4000000000000001,-1.0,1.3,8.200000000000001,-3.7000000000000006,8.9,6.7,16
6236,104282.0,-1.6,0.0,-1.4000000000000001,-0.9,1.3,8.3,0.1,7.9,10.0,16
6237,104300.0,-1.4000000000000001,0.1,-1.2000000000000002,-0.7000000000000001,1.4000000000000001,8.4,2.8,5.7,12.700000000000001,16
6238,104315.0,-1.1,0.2,-0.9,-0.5,1.5,8.700000000000001,4.5,3.5,14.200000000000001,16
6239,104333.0,-1.0,0.30000000000000004,-0.9,-0.30000000000000004,1.7000000000000002,8.9,6.000000000000001,1.5000000000000002,14.600000000000001,16
6240,104348.0,-0.9,0.5,-0.5,-0.2,1.9000000000000001,9.200000000000001,5.500000000000001,0.0,15.6,16
6241,104365.0,-0.8,0.8,-0.1,-0.2,2.1,9.5,3.6,-1.3,17.3,16
6242,104381.0,-0.7000000000000001,0.9,0.1,0.0,2.3000000000000003,10.0,0.30000000000000004,-2.6,19.200000000000003,16
6243,104398.0,-0.4,1.0,0.7000000000000001,0.4,2.4000000000000004,10.4,-3.4,-3.8,20.1,16
6244,104415.0,0.1,1.0,1.1,0.8,2.3000000000000003,10.8,-5.1,-3.3000000000000003,19.400000000000002,16
6245,104432.0,0.8,1.0,1.5,1.4000000000000001,2.3000000000000003,11.100000000000001,-3.5,-0.2,16.1,16
6246,104448.0,0.8,1.0,1.5,1.4000000000000001,2.3000000000000003,11.100000000000001,-3.5,-0.2,16.1,16
6247,104464.0,1.5,0.8,1.6,2.1,2.2,11.200000000000001,4.6000000000000005,9.600000000000001,0.9,16
6248,104482.0,0.9,1.0,1.1,1.5,2.4000000000000004,10.8,10.0,20.1,-5.300000000000001,16
6249,104498.0,0.30000000000000004,1.2000000000000002,0.9,0.4,2.7,10.4,13.200000000000001,32.300000000000004,-6.2,16
6250,104514.0,-0.30000000000000004,1.3,0.7000000000000001,0.4,2.7,10.4,13.200000000000001,32.300000000000004,-6.2,16
6251,104531.0,-1.3,1.1,1.1,-1.2000000000000002,2.4000000000000004,11.200000000000001,0.4,29.400000000000002,-2.4000000000000004,16
6252,104548.0,-1.5,0.5,1.6,-1.2000000000000002,1.7000000000000002,11.3,-16.400000000000002,17.3,-1.5000000000000002,16
6253,104565.0,-1.6,-0.2,1.7000000000000002,-1.4000000000000001,1.1,11.5,-23.400000000000002,10.2,2.4000000000000004,16
6254,104581.0,-1.5,-0.8,2.0,-1.4000000000000001,0.5,11.8,-20.8,6.5,10.700000000000001,16
6255,104598.0,-1.5,-1.1,2.0,-1.2000000000000002,0.0,11.8,-9.4,7.699999999999999,22.4,16
6256,104615.0,-0.9,-1.6,2.0,-0.6000000000000001,-0.4,11.8,7.699999999999999,8.700000000000001,32.5,16
6257,104631.0,-0.2,-1.9000000000000001,2.0,0.0,-0.6000000000000001,11.700000000000001,22.000000000000004,6.6000000000000005,38.5,16
6258,104648.0,0.2,-2.0,1.8,0.6000000000000001,-0.6000000000000001,11.5,28.3,-2.7,42.400000000000006,16
6259,104664.0,1.0,-1.9000000000000001,1.2000000000000002,1.3,-0.4,10.8,29.900000000000006,-7.9,44.1,16
6260,104684.0,1.4000000000000001,-1.5,0.4,1.6,0.0,10.200000000000001,28.6,-5.0,45.4,16
6261,104698.0,1.4000000000000001,-1.3,0.2,1.6,0.6000000000000001,9.600000000000001,27.5,-0.30000000000000004,48.1,16
6262,104715.0,1.4000000000000001,-0.6000000000000001,-0.4,1.7000000000000002,1.1,9.200000000000001,21.8,4.9,50.2,16
6263,104731.0,1.4000000000000001,-0.30000000000000004,-0.8,1.7000000000000002,1.4000000000000001,9.0,10.4,4.3999999999999995,50.0,16
6264,104748.0,1.5,-0.1,-1.0,1.9000000000000001,1.6,8.700000000000001,-2.8,2.4000000000000004,46.900000000000006,16
6265,104764.0,1.6,0.0,-1.1,2.0,1.6,8.6,-13.700000000000001,-0.4,41.0,16
6266,104781.0,1.6,0.0,-1.1,2.0,1.6,8.700000000000001,-21.400000000000002,-4.1000000000000005,33.300000000000004,16
6267,104798.0,1.5,0.0,-1.0,1.9000000000000001,1.5,8.8,-24.3,-4.6000000000000005,24.8,16
6268,104814.0,1.3,0.0,-1.1,1.6,1.5,8.6,-18.5,-1.9,19.1,16
6269,104831.0,0.7000000000000001,0.2,-1.5,1.1,1.6,8.1,-7.9,4.1000000000000005,17.400000000000002,16
6270,104848.0,0.1,0.2,-2.1,0.6000000000000001,1.6,7.7,1.6,7.8,17.7,16
6271,104871.0,-0.5,0.2,-2.5,0.0,1.6,7.300000000000001,7.6,8.5,18.1,16
6272,104881.0,-0.5,0.2,-2.5,0.0,1.6,7.300000000000001,7.6,8.5,18.1,16
6273,104898.0,-0.5,0.2,-2.5,0.0,1.6,7.300000000000001,7.6,8.5,18.1,16
6274,104915.0,-0.7000000000000001,-0.1,-2.1,-0.2,1.4000000000000001,7.7,8.9,-8.5,16.2,16
6275,104931.0,-0.6000000000000001,-0.1,-1.8,-0.1,1.4000000000000001,7.9,5.300000000000001,-13.6,13.4,16
6276,104949.0,-0.6000000000000001,0.0,-1.6,-0.1,1.5,8.0,3.3000000000000003,-13.700000000000001,11.700000000000001,16
6277,104964.0,-0.6000000000000001,0.1,-1.5,-0.1,1.6,8.3,0.6000000000000001,-8.0,11.1,16
6278,104983.0,-0.6000000000000001,0.2,-1.0,0.0,1.7000000000000002,8.8,-4.3999999999999995,-3.9,9.4,16
6279,104998.0,-0.5,0.4,-0.2,0.1,1.9000000000000001,9.3,-9.5,-0.6000000000000001,5.500000000000001,16
6280,105014.0,-0.5,0.5,0.0,0.0,2.1,9.8,-11.6,1.6,0.6000000000000001,16
6281,105031.0,-0.6000000000000001,0.8,0.5,-0.1,2.3000000000000003,10.100000000000001,-9.4,4.5,-3.7000000000000006,16
6282,105048.0,-0.6000000000000001,1.0,0.7000000000000001,-0.1,2.4000000000000004,10.3,-4.6000000000000005,9.3,-7.400000000000001,16
6283,105067.0,-0.6000000000000001,1.1,0.8,-0.1,2.5,10.4,1.0999999999999999,13.0,-11.000000000000002,16
6284,105084.0,-0.6000000000000001,1.1,0.9,-0.2,2.5,10.600000000000001,3.0000000000000004,13.700000000000001,-15.399999999999999,16
6285,105106.0,-0.6000000000000001,1.1,1.2000000000000002,-0.30000000000000004,2.5,10.8,-4.2,7.0,-19.8,16
6286,105114.0,-0.6000000000000001,1.1,1.2000000000000002,-0.30000000000000004,2.5,10.8,-4.2,7.0,-19.8,16
6287,105131.0,-0.5,0.9,1.2000000000000002,-0.2,2.3000000000000003,10.9,-6.6000000000000005,6.9,-19.6,16
6288,105148.0,-0.5,0.7000000000000001,1.4000000000000001,-0.2,2.1,11.100000000000001,-7.9,9.0,-19.3,16
6289,105164.0,-0.6000000000000001,0.6000000000000001,1.5,-0.6000000000000001,2.1,11.3,-7.2,10.5,-18.0,16
6290,105181.0,-1.1,0.7000000000000001,2.0,-0.9,2.1,12.0,-4.0,7.9,-12.9,16
6291,105198.0,-0.8,0.5,2.9000000000000004,-0.6000000000000001,1.9000000000000001,12.600000000000001,-5.500000000000001,-3.2,-8.799999999999999,16
6292,105214.0,-0.5,0.4,2.8000000000000003,0.0,1.7000000000000002,12.3,-11.1,-11.5,-6.4,16
6293,105231.0,0.4,0.2,2.4000000000000004,0.8,1.5,12.100000000000001,-10.3,-9.700000000000001,-3.6,16
6294,105248.0,1.0,-0.1,2.0,1.3,1.2000000000000002,11.700000000000001,-2.5,-2.4000000000000004,-1.7,16
6295,105269.0,1.3,-0.30000000000000004,1.0,1.5,1.1,10.8,12.700000000000001,10.4,-1.3,16
6296,105282.0,1.2000000000000002,-0.4,0.5,1.5,1.0,10.100000000000001,23.400000000000002,21.0,-1.6,16
6297,105300.0,1.2000000000000002,-0.6000000000000001,0.1,1.4000000000000001,0.8,9.8,23.2,21.8,-3.7000000000000006,16
6298,105319.0,1.4000000000000001,-0.8,-0.4,1.5,0.8,9.4,15.5,12.8,-6.5,16
6299,105331.0,1.6,-0.8,-0.7000000000000001,1.7000000000000002,0.6000000000000001,8.9,7.2,5.8,-9.700000000000001,16
6300,105348.0,1.8,-1.1,-1.1,1.9000000000000001,0.5,8.700000000000001,0.5,2.5,-13.9,16
6301,105364.0,1.5,-1.0,-1.1,1.6,0.5,8.6,-4.5,-0.5,-17.0,16
6302,105382.0,1.2000000000000002,-0.9,-1.0,1.2000000000000002,0.7000000000000001,8.8,-7.6,-3.1,-15.7,16
6303,105398.0,1.0,-0.8,-0.8,1.1,0.7000000000000001,8.9,-10.1,-7.6,-13.0,16
6304,105415.0,0.9,-0.6000000000000001,-0.8,1.0,0.8,8.9,-11.6,-11.2,-11.1,16
6305,105431.0,0.8,-0.5,-1.0,0.9,1.0,8.700000000000001,-10.8,-13.9,-10.0,16
6306,105448.0,0.7000000000000001,-0.4,-1.1,0.9,1.0,8.700000000000001,-10.8,-13.9,-10.0,16
6307,105464.0,0.0,-0.2,-0.9,0.30000000000000004,1.2000000000000002,8.8,-12.200000000000001,-15.6,-10.2,16
6308,105481.0,-0.1,-0.1,-0.9,0.1,1.2000000000000002,8.8,-13.9,-16.900000000000002,-9.9,16
6309,105498.0,-0.30000000000000004,-0.1,-0.8,0.0,1.2000000000000002,8.9,-13.5,-15.8,-9.5,16
6310,105515.0,-0.5,-0.1,-1.0,-0.1,1.2000000000000002,8.700000000000001,-11.2,-13.0,-8.799999999999999,16
6311,105532.0,-0.7000000000000001,0.0,-1.0,-0.30000000000000004,1.2000000000000002,8.700000000000001,-8.600000000000001,-10.1,-7.500000000000001,16
6312,105548.0,-0.8,0.0,-1.0,-0.4,1.2000000000000002,8.6,-7.2,-8.799999999999999,-7.0,16
6313,105565.0,-0.9,0.0,-1.3,-0.5,1.2000000000000002,8.4,-5.7,-2.1,-6.8,16
6314,105582.0,-1.2000000000000002,0.1,-1.3,-0.9,1.3,8.4,-2.8,2.3000000000000003,-5.2,16
6315,105598.0,-1.5,0.30000000000000004,-1.2000000000000002,-1.2000000000000002,1.5,8.5,-0.6000000000000001,3.8,-0.8,16
6316,105615.0,-1.7000000000000002,0.5,-1.2000000000000002,-1.3,1.7000000000000002,8.5,-0.2,2.6,5.4,16
6317,105631.0,-1.7000000000000002,0.6000000000000001,-1.2000000000000002,-1.2000000000000002,1.8,8.700000000000001,-1.8,2.4000000000000004,11.2,16
6318,105648.0,-1.3,0.6000000000000001,-0.9,-0.9,1.8,8.9,-3.3000000000000003,2.4000000000000004,14.700000000000001,16
6319,105665.0,-1.0,0.7000000000000001,-0.4,-0.7000000000000001,1.9000000000000001,9.3,-1.3,4.300000000000001,16.700000000000003,16
6320,105690.0,-0.9,1.0,0.2,-0.6000000000000001,2.1,9.8,4.300000000000001,8.799999999999999,18.900000000000002,16
6321,105699.0,-0.9,1.0,0.2,-0.6000000000000001,2.1,9.8,4.300000000000001,8.799999999999999,18.900000000000002,16
6322,105720.0,-0.7000000000000001,1.2000000000000002,0.6000000000000001,-0.4,2.5,10.3,16.8,14.800000000000002,21.3,16
6323,105732.0,-0.5,1.2000000000000002,0.9,-0.30000000000000004,2.6,10.5,21.200000000000003,17.0,20.900000000000002,16
6324,105748.0,-0.30000000000000004,1.2000000000000002,1.0,0.0,2.6,10.700000000000001,25.0,15.9,17.7,16
6325,105764.0,0.30000000000000004,1.0,1.1,0.4,2.5,10.700000000000001,26.8,18.0,11.8,16
6326,105781.0,0.6000000000000001,0.9,1.0,0.7000000000000001,2.4000000000000004,10.700000000000001,24.200000000000003,16.700000000000003,5.1,16
6327,105798.0,0.8,0.8,1.0,0.9,2.3000000000000003,10.700000000000001,15.2,13.8,0.5,16
6328,105815.0,0.8,0.6000000000000001,0.8,0.8,2.3000000000000003,10.4,5.1,13.9,-0.4,16
6329,105832.0,0.2,0.7000000000000001,0.5,0.1,2.3000000000000003,10.200000000000001,-2.1,19.400000000000002,3.5,16
6330,105848.0,-0.30000000000000004,0.8,0.7000000000000001,-0.6000000000000001,2.5,10.700000000000001,-3.2,20.0,11.000000000000002,16
6331,105866.0,-0.6000000000000001,0.9,1.6,-0.7000000000000001,2.4000000000000004,11.3,-5.2,11.8,16.400000000000002,16
6332,105881.0,-0.30000000000000004,0.4,1.5,-0.4,2.0,11.200000000000001,-6.8,-0.6000000000000001,14.800000000000002,16
6333,105898.0,-0.1,0.2,1.6,-0.1,1.6,11.3,-3.8,-9.8,9.3,16
6334,105915.0,0.1,-0.30000000000000004,1.3,0.1,1.2000000000000002,11.0,0.8,-14.100000000000001,5.8,16
6335,105931.0,0.5,-0.7000000000000001,1.2000000000000002,0.5,0.9,10.9,5.300000000000001,-15.000000000000002,5.500000000000001,16
6336,105948.0,0.5,-0.9,1.4000000000000001,0.7000000000000001,0.7000000000000001,11.3,4.7,-20.900000000000002,7.300000000000001,16
6337,105964.0,1.0,-1.1,2.0,1.3,0.5,11.8,0.4,-31.6,11.6,16
6338,105997.0,2.3000000000000003,-1.3,2.0,2.9000000000000004,0.2,11.600000000000001,1.3,-35.5,15.8,16
6339,106001.0,2.5,-1.4000000000000001,1.8,2.9000000000000004,0.2,11.600000000000001,1.3,-35.5,15.8,16
6340,106023.0,2.5,-1.4000000000000001,1.8,3.2,0.1,11.3,12.9,-22.7,14.900000000000002,16
6341,106031.0,2.5,-1.4000000000000001,0.5,2.9000000000000004,0.30000000000000004,10.100000000000001,27.400000000000002,-6.4,11.700000000000001,16
6342,106048.0,1.9000000000000001,-1.2000000000000002,-0.1,2.2,0.6000000000000001,9.5,32.2,5.6,10.0,16
6343,106064.0,1.2000000000000002,-1.0,-0.4,1.6,0.9,9.0,34.0,10.5,9.3,16
6344,106083.0,0.8,-0.9,-1.1,1.3,1.0,8.5,28.0,7.0,8.799999999999999,16
6345,106098.0,0.7000000000000001,-0.9,-1.5,1.2000000000000002,1.1,8.200000000000001,16.0,0.2,6.8,16
6346,106114.0,0.7000000000000001,-0.9,-1.7000000000000002,1.2000000000000002,1.1,7.800000000000001,4.0,-5.9,4.1000000000000005,16
6347,106131.0,0.5,-0.8,-2.1,1.1,1.1,7.5,-3.3000000000000003,-8.5,2.5,16
6348,106148.0,0.2,-0.7000000000000001,-2.5,0.8,1.2000000000000002,7.2,-4.7,-5.7,2.5,16
6349,106166.0,-0.1,-0.6000000000000001,-2.5,0.30000000000000004,1.3,7.1000000000000005,-2.9,-1.4,4.9,16
6350,106186.0,-0.6000000000000001,-0.5,-2.5,-0.1,1.5,7.1000000000000005,-1.9,-1.6,8.3,16
6351,106199.0,-0.8,-0.4,-2.4000000000000004,-0.2,1.5,7.2,-2.6,-6.5,11.8,16
6352,106218.0,-0.7000000000000001,-0.4,-2.2,0.0,1.5,7.4,-3.5,-12.9,13.4,16
6353,106231.0,-0.7000000000000001,-0.4,-2.0,0.1,1.5,7.6000000000000005,-4.2,-18.3,12.8,16
6354,106248.0,-0.4,-0.30000000000000004,-1.7000000000000002,0.4,1.5,7.800000000000001,-4.3999999999999995,-25.0,10.2,16
6355,106264.0,-0.30000000000000004,-0.2,-1.6,0.6000000000000001,1.6,8.0,-4.1000000000000005,-25.900000000000002,6.2,16
6356,106288.0,-0.30000000000000004,0.0,-1.2000000000000002,0.6000000000000001,1.7000000000000002,8.200000000000001,-3.8,-23.5,2.1,16
6357,106298.0,-0.5,0.2,-0.9,0.5,2.0,8.6,-4.2,-19.200000000000003,-0.9,16
6358,106314.0,-0.7000000000000001,0.30000000000000004,-0.7000000000000001,0.30000000000000004,2.2,9.0,-6.9,-16.5,-1.9,16
6359,106331.0,-0.7000000000000001,0.5,-0.2,0.4,2.3000000000000003,9.4,-11.6,-13.100000000000001,-3.5,16
6360,106348.0,-0.6000000000000001,0.7000000000000001,0.1,0.5,2.4000000000000004,9.600000000000001,-13.6,-5.7,-6.4,16
6361,106364.0,-0.6000000000000001,0.7000000000000001,0.30000000000000004,0.30000000000000004,2.5,10.0,-10.3,3.2,-10.2,16
6362,106389.0,-1.0,1.0,1.0,0.1,2.7,10.4,-6.8,9.9,-13.200000000000001,16
6363,106398.0,-1.1,1.0,1.2000000000000002,-0.2,2.7,10.8,-5.7,12.9,-15.8,16
6364,106415.0,-1.2000000000000002,1.0,1.4000000000000001,-0.30000000000000004,2.7,10.9,-5.4,11.4,-18.2,16
6365,106431.0,-1.1,0.9,1.4000000000000001,-0.2,2.6,11.0,-6.000000000000001,11.000000000000002,-20.1,16
6366,106452.0,-1.0,0.7000000000000001,1.4000000000000001,-0.2,2.4000000000000004,11.0,-7.0,10.8,-20.4,16
6367,106466.0,-1.0,0.6000000000000001,1.4000000000000001,-0.2,2.3000000000000003,11.0,-6.5,13.3,-18.3,16
6368,106486.0,-1.0,0.5,1.5,-0.30000000000000004,2.2,11.100000000000001,-4.0,18.3,-14.800000000000002,16
6369,106498.0,-1.0,0.5,1.5,-0.30000000000000004,2.2,11.100000000000001,-4.0,18.3,-14.800000000000002,16
6370,106515.0,-1.1,0.4,1.5,-0.5,2.1,11.100000000000001,1.3,23.400000000000002,-10.4,16
6371,106531.0,-1.1,0.30000000000000004,1.8,-0.7000000000000001,2.0,11.600000000000001,11.9,20.0,-7.699999999999999,16
6372,106549.0,-1.3,0.30000000000000004,2.2,-0.8,2.1,11.700000000000001,1.8,3.8,-8.799999999999999,16
6373,106565.0,-1.0,0.6000000000000001,1.7000000000000002,-0.6000000000000001,2.3000000000000003,11.4,-8.1,-5.0,-6.000000000000001,16
6374,106585.0,-0.8,0.5,1.7000000000000002,-0.2,2.1,11.4,-13.3,-0.8,-1.6,16
6375,106602.0,-0.1,0.1,1.9000000000000001,0.30000000000000004,1.7000000000000002,11.600000000000001,-15.100000000000001,7.2,1.0,16
6376,106616.0,0.30000000000000004,-0.30000000000000004,1.7000000000000002,0.7000000000000001,1.4000000000000001,11.4,-10.3,12.4,2.4000000000000004,16
6377,106631.0,0.6000000000000001,-0.4,1.7000000000000002,1.1,1.2000000000000002,11.700000000000001,-4.7,16.5,2.7,16
6378,106649.0,1.2000000000000002,-0.6000000000000001,1.9000000000000001,1.6,1.0,11.5,1.7,17.1,2.1,16
6379,106664.0,1.7000000000000002,-0.8,1.1,2.0,0.8,10.8,5.7,16.8,-0.30000000000000004,16
6380,106683.0,1.9000000000000001,-0.9,0.5,2.1,0.7000000000000001,10.0,7.9,20.8,-3.2,16
6381,106699.0,1.9000000000000001,-0.9,0.0,2.1,0.7000000000000001,10.0,7.9,20.8,-3.2,16
6382,106716.0,1.7000000000000002,-0.9,-1.0,1.8,0.7000000000000001,8.700000000000001,4.1000000000000005,24.400000000000002,-2.5,16
6383,106731.0,1.7000000000000002,-1.0,-1.3,1.7000000000000002,0.7000000000000001,8.200000000000001,0.30000000000000004,20.3,-0.2,16
6384,106748.0,1.5,-0.9,-1.8,1.4000000000000001,0.7000000000000001,7.9,-3.9,15.399999999999999,3.0000000000000004,16
6385,106764.0,1.1,-0.8,-2.1,1.1,0.8,7.6000000000000005,-8.200000000000001,8.9,6.7,16
6386,106785.0,0.8,-0.6000000000000001,-2.1,0.9,1.0,7.6000000000000005,-10.9,4.1000000000000005,8.9,16
6387,106803.0,0.7000000000000001,-0.5,-2.0,0.7000000000000001,1.1,7.9,-11.4,-1.9,9.1,16
6388,106815.0,0.5,-0.30000000000000004,-1.6,0.5,1.2000000000000002,8.1,-11.4,-10.2,7.6,16
6389,106831.0,0.4,-0.2,-1.5,0.30000000000000004,1.3,8.200000000000001,-15.100000000000001,-18.400000000000002,3.4,16
6390,106848.0,0.0,-0.1,-1.4000000000000001,0.1,1.4000000000000001,8.3,-20.6,-24.400000000000002,-0.8,16
6391,106865.0,-0.2,0.1,-1.3,0.0,1.4000000000000001,8.4,-26.6,-25.1,-3.4,16
6392,106885.0,-0.1,0.1,-1.1,0.1,1.4000000000000001,8.5,-30.9,-21.400000000000002,-3.8,16
6393,106902.0,-0.1,0.1,-1.2000000000000002,0.2,1.4000000000000001,8.5,-29.200000000000003,-9.8,-2.8,16
6394,106914.0,-0.5,0.30000000000000004,-1.2000000000000002,-0.2,1.5,8.5,-19.9,6.5,0.30000000000000004,16
6395,106931.0,-0.9,0.5,-1.2000000000000002,-0.6000000000000001,1.6,8.5,-9.5,17.9,3.2,16
6396,106948.0,-1.2000000000000002,0.6000000000000001,-1.1,-1.1,1.7000000000000002,8.6,-6.000000000000001,17.400000000000002,3.2,16
6397,106964.0,-1.5,0.8,-1.2000000000000002,-1.3,1.9000000000000001,8.5,-8.1,11.700000000000001,2.4000000000000004,16
6398,106988.0,-1.5,1.0,-1.2000000000000002,-1.4000000000000001,2.0,8.5,-11.2,5.4,2.0,16
6399,107003.0,-1.4000000000000001,1.2000000000000002,-0.9,-1.3,2.1,8.700000000000001,-12.9,1.7,3.5,16
6400,107014.0,-1.2000000000000002,1.2000000000000002,-0.6000000000000001,-1.1,2.2,9.1,-11.2,2.3000000000000003,6.5,16
6401,107031.0,-0.8,1.2000000000000002,-0.1,-0.8,2.2,9.5,-6.7,1.9,9.5,16
6402,107048.0,-0.6000000000000001,1.3,0.1,-0.4,2.2,9.8,-2.1,3.8,11.000000000000002,16
6403,107064.0,-0.2,1.2000000000000002,0.30000000000000004,-0.1,2.2,10.0,1.8,6.5,10.4,16
6404,107081.0,-0.1,1.3,0.6000000000000001,-0.1,2.3000000000000003,10.3,5.8,13.200000000000001,8.600000000000001,16
6405,107098.0,-0.2,1.3,0.7000000000000001,-0.2,2.3000000000000003,10.5,10.3,21.700000000000003,7.500000000000001,16
6406,107114.0,-0.30000000000000004,1.2000000000000002,1.2000000000000002,-0.4,2.3000000000000003,10.9,14.4,27.2,7.2,16
6407,107131.0,-0.30000000000000004,1.2000000000000002,1.3,-0.4,2.3000000000000003,11.0,16.0,27.400000000000002,8.600000000000001,16
6408,107148.0,0.0,1.0,1.3,0.0,2.1,11.100000000000001,14.800000000000002,26.400000000000002,7.9,16
6409,107164.0,0.5,0.7000000000000001,1.3,0.1,1.9000000000000001,10.9,14.700000000000001,28.0,4.5,16
6410,107181.0,0.2,0.4,0.9,-0.2,1.7000000000000002,10.600000000000001,14.4,31.3,1.0999999999999999,16
6411,107198.0,0.2,0.4,0.9,-0.2,1.7000000000000002,10.600000000000001,14.4,31.3,1.0999999999999999,16
6412,107216.0,-0.4,0.5,1.4000000000000001,-0.9,1.8,11.200000000000001,-0.7,15.6,3.9,16
6413,107231.0,-0.30000000000000004,0.2,1.6,-0.8,1.5,11.3,-12.000000000000002,6.5,9.3,16
6414,107248.0,-0.1,0.0,1.6,-0.5,1.2000000000000002,11.4,-17.0,-0.1,13.6,16
6415,107264.0,0.30000000000000004,-0.30000000000000004,1.9000000000000001,-0.2,0.8,11.700000000000001,-19.500000000000004,-3.6,16.3,16
6416,107281.0,0.4,-0.5,2.1,0.0,0.6000000000000001,11.9,-16.1,-6.3,18.8,16
6417,107303.0,0.5,-0.8,2.1,0.0,0.30000000000000004,11.9,-7.300000000000001,-10.1,21.1,16
6418,107315.0,0.5,-0.9,2.0,0.2,0.2,11.8,2.0,-17.0,22.2,16
6419,107332.0,0.8,-0.9,1.7000000000000002,0.4,0.2,11.5,10.1,-21.0,22.2,16
6420,107348.0,0.9,-1.0,1.3,0.7000000000000001,0.2,11.200000000000001,14.800000000000002,-23.3,21.0,16
6421,107364.0,1.0,-1.0,1.0,0.8,0.30000000000000004,10.600000000000001,16.6,-21.200000000000003,19.700000000000003,16
6422,107385.0,0.9,-0.9,0.2,0.7000000000000001,0.30000000000000004,9.9,17.8,-14.4,19.0,16
6423,107401.0,0.6000000000000001,-1.0,-0.4,0.6000000000000001,0.30000000000000004,9.4,17.7,-8.1,18.3,16
6424,107414.0,0.6000000000000001,-1.0,-0.7000000000000001,0.5,0.4,8.9,12.6,-6.6000000000000005,14.800000000000002,16
6425,107431.0,0.4,-0.8,-1.1,0.4,0.5,8.6,3.0000000000000004,-4.1000000000000005,11.000000000000002,16
6426,107448.0,0.30000000000000004,-0.8,-1.2000000000000002,0.30000000000000004,0.4,8.6,-6.6000000000000005,-4.9,7.0,16
6427,107464.0,0.30000000000000004,-0.9,-1.0,0.4,0.30000000000000004,8.8,-13.0,-4.5,2.5,16
6428,107481.0,0.6000000000000001,-1.0,-0.8,0.6000000000000001,0.30000000000000004,9.0,-17.8,-5.6,-2.0,16
6429,107499.0,0.7000000000000001,-1.0,-0.9,0.8,0.2,8.9,-20.5,-5.8,-6.3,16
6430,107514.0,0.6000000000000001,-1.0,-1.1,0.6000000000000001,0.2,8.6,-19.6,-1.6,-8.4,16
6431,107531.0,0.30000000000000004,-0.9,-1.3,0.2,0.2,8.4,-16.900000000000002,2.5,-8.5,16
6432,107548.0,-0.1,-0.8,-1.5,-0.1,0.2,8.3,-14.600000000000001,2.9,-6.4,16
6433,107564.0,-0.2,-0.7000000000000001,-1.5,-0.2,0.30000000000000004,8.3,-12.3,0.30000000000000004,-3.6,16
6434,107581.0,-0.30000000000000004,-0.7000000000000001,-1.5,-0.30000000000000004,0.30000000000000004,8.200000000000001,-5.8,-0.5,0.0,16
6435,107599.0,-0.4,-0.6000000000000001,-1.7000000000000002,-0.4,0.30000000000000004,8.1,2.1999999999999997,-1.6,2.5,16
6436,107614.0,-0.4,-0.6000000000000001,-1.7000000000000002,-0.4,0.4,8.0,6.3,-4.0,2.6,16
6437,107631.0,-0.4,-0.4,-1.7000000000000002,-0.4,0.4,8.0,6.3,-4.0,2.6,16
6438,107648.0,-0.30000000000000004,-0.30000000000000004,-1.6,-0.30000000000000004,0.7000000000000001,8.1,5.500000000000001,-11.000000000000002,-0.30000000000000004,16
6439,107668.0,-0.30000000000000004,-0.2,-1.4000000000000001,-0.2,0.8,8.3,2.9,-10.1,-1.9,16
6440,107692.0,-0.4,-0.1,-0.9,-0.30000000000000004,0.9,8.700000000000001,0.6000000000000001,-8.3,-3.0000000000000004,16
6441,107709.0,-0.30000000000000004,0.0,-0.6000000000000001,-0.30000000000000004,1.0,9.1,-0.1,-0.5,-5.6,16
6442,107715.0,-0.4,0.0,-0.5,-0.30000000000000004,1.0,9.1,-0.1,-0.5,-5.6,16
6443,107732.0,-0.6000000000000001,0.1,-0.5,-0.5,1.1,9.200000000000001,0.8,6.1000000000000005,-7.8,16
6444,107753.0,-0.8,0.2,-0.1,-0.8,1.2000000000000002,9.600000000000001,-0.9,10.600000000000001,-10.3,16
6445,107764.0,-0.9,0.30000000000000004,0.2,-1.0,1.3,10.100000000000001,-4.9,12.100000000000001,-11.3,16
6446,107794.0,-1.1,0.2,1.1,-1.1,1.2000000000000002,10.600000000000001,-8.9,10.5,-11.1,16
6447,107798.0,-1.1,0.2,1.1,-1.1,1.2000000000000002,10.600000000000001,-8.9,10.5,-11.1,16
6448,107814.0,-1.1,0.2,1.4000000000000001,-1.0,1.0,11.100000000000001,-12.700000000000001,4.5,-10.4,16
6449,107831.0,-0.7000000000000001,0.1,1.5,-0.8,0.9,11.200000000000001,-12.5,6.5,-11.2,16
6450,107848.0,-0.8,0.0,1.5,-1.0,0.9,11.200000000000001,-7.0,12.200000000000001,-11.8,16
6451,107864.0,-1.1,0.2,1.6,-1.3,1.0,11.3,0.30000000000000004,15.7,-10.600000000000001,16
6452,107882.0,-1.3,0.30000000000000004,1.6,-1.7000000000000002,1.3,11.3,4.800000000000001,15.8,-8.1,16
6453,107898.0,-1.8,0.6000000000000001,1.7000000000000002,-2.1,1.4000000000000001,11.5,8.200000000000001,11.9,-6.6000000000000005,16
6454,107914.0,-1.8,0.6000000000000001,2.0,-1.8,1.5,12.0,5.300000000000001,-1.6,-5.9,16
6455,107931.0,-1.0,0.7000000000000001,2.3000000000000003,-1.0,1.5,11.8,-2.8,-8.9,-4.9,16
6456,107947.0,-0.30000000000000004,0.5,1.8,-0.5,1.4000000000000001,11.600000000000001,-3.4,-3.4,-2.5,16
6457,107964.0,0.1,0.2,1.8,-0.2,1.1,11.600000000000001,-2.5,4.300000000000001,-1.2000000000000002,16
6458,107981.0,0.30000000000000004,0.2,1.6,0.1,1.1,11.4,-0.1,10.0,-0.1,16
6459,107998.0,0.8,0.0,1.6,0.6000000000000001,0.8,11.4,3.9,13.9,-0.30000000000000004,16
6460,108014.0,1.5,-0.4,1.5,1.1,0.5,11.3,9.200000000000001,13.700000000000001,-4.300000000000001,16
6461,108032.0,1.8,-0.5,1.2000000000000002,1.6,0.4,10.700000000000001,15.399999999999999,14.200000000000001,-11.000000000000002,16
6462,108048.0,2.2,-0.6000000000000001,0.30000000000000004,1.7000000000000002,0.30000000000000004,9.9,18.900000000000002,15.5,-17.400000000000002,16
6463,108064.0,2.1,-0.8,-0.4,1.6,0.2,9.4,18.3,14.700000000000001,-22.900000000000002,16
6464,108081.0,2.0,-0.8,-0.6000000000000001,1.4000000000000001,0.30000000000000004,9.0,16.2,10.600000000000001,-27.0,16
6465,108102.0,1.5,-0.7000000000000001,-1.1,1.1,0.30000000000000004,8.700000000000001,11.9,7.8,-26.9,16
6466,108129.0,1.1,-0.6000000000000001,-1.3,0.30000000000000004,0.5,8.4,-5.1,-3.9,-20.2,16
6467,108131.0,1.1,-0.6000000000000001,-1.3,0.30000000000000004,0.5,8.4,-5.1,-3.9,-20.2,16
6468,108147.0,0.7000000000000001,-0.5,-1.3,0.1,0.6000000000000001,8.4,-10.1,-9.1,-15.8,16
6469,108164.0,0.30000000000000004,-0.5,-1.3,-0.2,0.6000000000000001,8.5,-12.700000000000001,-13.0,-12.5,16
6470,108182.0,-0.1,-0.30000000000000004,-1.0,-0.5,0.6000000000000001,8.700000000000001,-12.9,-19.3,-9.700000000000001,16
6471,108198.0,-0.1,-0.30000000000000004,-1.0,-0.5,0.6000000000000001,8.700000000000001,-12.9,-19.3,-9.700000000000001,16
6472,108214.0,-0.4,-0.1,-0.8,-0.7000000000000001,0.8,8.9,-6.2,-29.400000000000002,-6.4,16
6473,108231.0,-0.7000000000000001,0.0,-0.8,-0.9,0.9,8.9,-2.6,-33.800000000000004,-6.8,16
6474,108251.0,-0.7000000000000001,0.0,-0.9,-0.7000000000000001,0.9,8.9,-2.6,-36.6,-7.2,16
6475,108268.0,-0.4,-0.1,-0.9,-0.4,0.8,8.9,-3.9,-33.0,-8.5,16
6476,108283.0,-0.7000000000000001,-0.1,-1.1,-0.6000000000000001,0.8,8.700000000000001,-0.5,-22.000000000000004,-8.799999999999999,16
6477,108301.0,-0.8,0.0,-1.2000000000000002,-0.9,0.9,8.4,5.2,-7.8,-5.9,16
6478,108314.0,-1.3,0.1,-1.4000000000000001,-1.3,1.0,8.4,4.9,-1.6,-2.6,16
6479,108331.0,-1.6,0.1,-1.0,-1.5,1.0,8.700000000000001,3.7000000000000006,-3.0000000000000004,1.0,16
6480,108348.0,-1.6,0.2,-0.9,-1.5,1.1,8.700000000000001,2.9,-5.4,3.8,16
6481,108365.0,-1.5,0.2,-1.0,-1.4000000000000001,1.1,8.8,0.7,-4.3999999999999995,6.6000000000000005,16
6482,108381.0,-1.4000000000000001,0.1,-0.8,-1.3,1.1,8.8,-1.0,-5.1,9.5,16
6483,108398.0,-1.4000000000000001,0.2,-0.7000000000000001,-1.4000000000000001,1.2000000000000002,9.1,0.5,0.0,13.8,16
6484,108415.0,-1.5,0.30000000000000004,-0.30000000000000004,-1.4000000000000001,1.3,9.4,2.9,3.9,19.200000000000003,16
6485,108432.0,-1.3,0.4,0.1,-1.3,1.3,9.700000000000001,5.1,5.1,23.6,16
6486,108448.0,-1.1,0.4,0.2,-1.0,1.4000000000000001,10.0,7.2,6.7,26.0,16
6487,108464.0,-0.8,0.4,0.6000000000000001,-0.7000000000000001,1.5,10.3,9.200000000000001,7.1000000000000005,27.5,16
6488,108482.0,-0.7000000000000001,0.5,0.7000000000000001,-0.7000000000000001,1.5,10.3,9.200000000000001,7.1000000000000005,27.5,16
6489,108498.0,-0.2,0.6000000000000001,1.0,-0.1,1.6,10.700000000000001,12.9,10.1,30.799999999999997,16
6490,108515.0,0.30000000000000004,0.5,1.2000000000000002,0.4,1.7000000000000002,10.9,15.2,11.9,30.799999999999997,16
6491,108531.0,0.8,0.6000000000000001,1.3,0.7000000000000001,1.7000000000000002,11.0,15.6,13.5,29.600000000000005,16
6492,108548.0,0.9,0.6000000000000001,1.3,0.9,1.8,11.0,14.500000000000002,13.200000000000001,27.5,16
6493,108568.0,1.0,0.7000000000000001,1.2000000000000002,0.8,2.0,10.9,12.000000000000002,14.200000000000001,25.900000000000002,16
6494,108582.0,0.6000000000000001,0.8,1.2000000000000002,0.4,2.1,10.9,9.3,15.5,24.8,16
6495,108598.0,0.4,0.8,1.4000000000000001,0.1,2.2,11.3,5.1,12.5,23.400000000000002,16
6496,108614.0,0.1,0.7000000000000001,1.8,-0.1,2.0,11.5,-2.1999999999999997,4.6000000000000005,21.900000000000002,16
6497,108631.0,0.1,0.4,1.7000000000000002,-0.1,1.6,11.4,-6.5,-1.4,22.8,16
6498,108649.0,0.1,0.2,1.7000000000000002,-0.1,1.3,11.4,-5.300000000000001,0.7,25.700000000000003,16
6499,108664.0,0.1,-0.1,1.6,-0.1,1.1,11.3,0.1,3.5,30.100000000000005,16
6500,108681.0,0.2,-0.30000000000000004,1.5,0.0,0.9,11.3,8.200000000000001,5.300000000000001,33.6,16
6501,108698.0,0.30000000000000004,-0.5,1.5,0.30000000000000004,0.7000000000000001,11.200000000000001,13.8,1.6,33.0,16
6502,108715.0,0.6000000000000001,-0.7000000000000001,1.3,0.6000000000000001,0.6000000000000001,10.9,16.5,-4.9,29.500000000000004,16
6503,108731.0,0.8,-0.8,0.9,0.7000000000000001,0.6000000000000001,10.600000000000001,18.400000000000002,-8.3,27.2,16
6504,108748.0,1.0,-0.8,0.6000000000000001,1.0,0.6000000000000001,10.3,18.8,-9.700000000000001,27.900000000000002,16
6505,108770.0,1.5,-1.0,0.2,1.4000000000000001,0.5,10.0,19.6,-7.1000000000000005,29.400000000000002,16
6506,108781.0,1.6,-1.1,0.0,1.7000000000000002,0.4,9.600000000000001,21.900000000000002,-1.2000000000000002,28.400000000000002,16
6507,108798.0,1.5,-1.2000000000000002,-0.5,1.6,0.4,9.200000000000001,24.5,5.500000000000001,24.5,16
6508,108814.0,1.3,-1.2000000000000002,-0.7000000000000001,1.2000000000000002,0.5,8.9,24.000000000000004,7.8,20.3,16
6509,108831.0,0.9,-1.2000000000000002,-1.1,0.9,0.5,8.5,21.200000000000003,6.4,16.5,16
6510,108848.0,0.6000000000000001,-1.2000000000000002,-1.4000000000000001,0.6000000000000001,0.6000000000000001,8.3,16.3,4.9,13.6,16
6511,108864.0,0.5,-1.2000000000000002,-1.5,0.5,0.7000000000000001,8.200000000000001,10.2,1.0,12.4,16
6512,108889.0,0.4,-1.1,-1.3,0.4,0.7000000000000001,8.3,1.9,-4.2,11.700000000000001,16
6513,108898.0,0.4,-1.1,-1.4000000000000001,0.5,0.7000000000000001,8.3,-6.6000000000000005,-10.4,10.700000000000001,16
6514,108914.0,0.5,-1.0,-1.4000000000000001,0.6000000000000001,0.8,8.3,-12.200000000000001,-11.9,10.3,16
6515,108932.0,0.4,-0.8,-1.4000000000000001,0.5,1.0,8.3,-13.3,-10.4,10.9,16
6516,108949.0,0.30000000000000004,-0.6000000000000001,-1.4000000000000001,0.5,1.1,8.200000000000001,-11.1,-6.4,11.4,16
6517,108964.0,0.2,-0.5,-1.4000000000000001,0.30000000000000004,1.2000000000000002,8.3,-8.200000000000001,-4.5,10.8,16
6518,108997.0,-0.1,-0.30000000000000004,-1.4000000000000001,0.1,1.3,8.200000000000001,-6.7,-6.3,10.5,16
6519,109001.0,-0.2,-0.2,-1.4000000000000001,0.0,1.4000000000000001,8.200000000000001,-6.1000000000000005,-7.8,11.1,16
6520,109014.0,-0.30000000000000004,-0.2,-1.5,0.0,1.4000000000000001,8.200000000000001,-5.9,-9.700000000000001,11.8,16
6521,109031.0,-0.4,-0.1,-1.4000000000000001,-0.1,1.5,8.3,-5.4,-11.3,11.700000000000001,16
6522,109048.0,-0.4,0.0,-1.2000000000000002,0.0,1.6,8.4,-4.800000000000001,-12.5,10.4,16
6523,109066.0,-0.30000000000000004,0.1,-1.0,0.1,1.6,8.6,-4.6000000000000005,-14.100000000000001,6.9,16
6524,109090.0,-0.4,0.30000000000000004,-0.7000000000000001,0.1,1.8,8.8,-5.6,-15.5,2.6,16
6525,109098.0,-0.6000000000000001,0.5,-0.6000000000000001,-0.1,2.0,9.0,-6.6000000000000005,-15.000000000000002,0.0,16
6526,109114.0,-0.8,0.7000000000000001,-0.4,-0.30000000000000004,2.2,9.1,-7.0,-11.4,-0.9,16
6527,109131.0,-0.8,0.7000000000000001,-0.30000000000000004,-0.30000000000000004,2.3000000000000003,9.3,-5.9,-5.6,-1.5000000000000002,16
6528,109148.0,-0.8,0.8,0.0,-0.30000000000000004,2.3000000000000003,9.600000000000001,-3.7000000000000006,1.0,-3.7000000000000006,16
6529,109164.0,-0.8,0.8,0.2,-0.4,2.3000000000000003,9.9,-1.0999999999999999,5.2,-7.8,16
6530,109189.0,-1.1,0.8,0.7000000000000001,-0.6000000000000001,2.3000000000000003,10.3,-0.8,4.800000000000001,-11.2,16
6531,109198.0,-1.1,0.8,0.7000000000000001,-0.6000000000000001,2.3000000000000003,10.3,-0.8,4.800000000000001,-11.2,16
6532,109215.0,-0.9,0.7000000000000001,1.0,-0.5,2.3000000000000003,10.5,-4.300000000000001,-0.4,-13.100000000000001,16
6533,109231.0,-0.6000000000000001,0.4,1.0,-0.1,1.8,10.600000000000001,-14.500000000000002,-6.8,-15.2,16
6534,109249.0,-0.6000000000000001,0.2,1.1,-0.2,1.6,10.8,-13.5,-3.8,-12.5,16
6535,109264.0,-0.9,0.4,1.4000000000000001,-0.5,1.8,11.0,-6.5,1.6,-6.000000000000001,16
6536,109287.0,-0.9,0.5,1.6,-0.5,1.9000000000000001,11.200000000000001,5.7,8.0,0.8,16
6537,109298.0,-0.8,0.4,1.8,-0.4,1.9000000000000001,11.5,17.8,13.5,1.3,16
6538,109314.0,-0.8,0.6000000000000001,2.0,-0.4,2.1,11.700000000000001,22.4,11.4,-3.4,16
6539,109331.0,-0.7000000000000001,0.6000000000000001,2.2,-0.2,2.2,11.8,11.9,-1.2000000000000002,-8.3,16
6540,109348.0,-0.2,0.7000000000000001,1.8,0.30000000000000004,2.2,11.5,-1.5000000000000002,-8.1,-9.0,16
6541,109364.0,0.5,0.5,1.7000000000000002,0.9,2.0,11.4,-7.300000000000001,-5.1,-7.9,16
6542,109387.0,1.0,0.30000000000000004,1.5,1.3,1.8,11.3,-7.1000000000000005,6.3,-7.400000000000001,16
6543,109398.0,1.2000000000000002,0.1,1.5,1.8,1.6,11.3,-11.2,5.9,-9.200000000000001,16
6544,109416.0,2.0,0.0,1.8,2.3000000000000003,1.4000000000000001,11.5,-11.2,6.7,-13.6,16
6545,109433.0,2.2,-0.2,1.3,2.5,1.3,11.100000000000001,-8.4,10.3,-18.6,16
6546,109448.0,2.2,-0.2,1.3,2.5,1.3,11.100000000000001,-8.4,10.3,-18.6,16
6547,109464.0,2.2,-0.30000000000000004,0.1,2.4000000000000004,1.2000000000000002,9.8,9.0,21.400000000000002,-30.4,16
6548,109487.0,1.8,-0.4,-0.5,2.0,1.1,9.3,14.0,22.900000000000002,-36.9,16
6549,109498.0,1.5,-0.30000000000000004,-0.8,1.5,1.2000000000000002,8.8,9.700000000000001,15.8,-40.6,16
6550,109516.0,1.0,-0.2,-1.2000000000000002,1.1,1.3,8.6,1.2000000000000002,6.2,-39.6,16
6551,109531.0,0.8,-0.2,-1.2000000000000002,0.9,1.3,8.5,-9.1,-2.4000000000000004,-35.4,16
6552,109548.0,0.8,-0.30000000000000004,-1.2000000000000002,0.8,1.1,8.6,-15.100000000000001,-8.799999999999999,-30.100000000000005,16
6553,109564.0,0.6000000000000001,-0.4,-0.9,0.7000000000000001,1.0,8.9,-14.800000000000002,-11.700000000000001,-25.1,16
6554,109585.0,0.4,-0.4,-0.5,0.6000000000000001,1.0,9.200000000000001,-10.1,-13.9,-20.4,16
6555,109598.0,0.4,-0.4,-0.5,0.5,1.0,9.200000000000001,-4.0,-16.700000000000003,-17.1,16
6556,109614.0,0.1,-0.4,-0.7000000000000001,0.30000000000000004,1.0,9.0,0.6000000000000001,-19.200000000000003,-16.1,16
6557,109631.0,-0.2,-0.30000000000000004,-1.0,0.1,1.1,8.700000000000001,1.9,-18.6,-16.400000000000002,16
6558,109648.0,-0.4,-0.30000000000000004,-1.1,-0.30000000000000004,1.2000000000000002,8.5,0.5,-16.3,-15.100000000000001,16
6559,109664.0,-0.9,-0.1,-1.4000000000000001,-0.6000000000000001,1.4000000000000001,8.3,-1.0,-11.700000000000001,-11.5,16
6560,109688.0,-1.2000000000000002,0.1,-1.5,-0.8,1.5,8.200000000000001,-3.1,-6.4,-6.9,16
6561,109698.0,-1.2000000000000002,0.1,-1.5,-0.8,1.4000000000000001,8.0,-6.7,-3.0000000000000004,-4.1000000000000005,16
6562,109714.0,-1.2000000000000002,0.1,-1.7000000000000002,-0.9,1.4000000000000001,7.9,-10.1,1.8,-3.2,16
6563,109731.0,-1.5,0.2,-1.6,-1.2000000000000002,1.5,8.1,-11.5,5.9,-1.8,16
6564,109748.0,-1.6,0.30000000000000004,-1.4000000000000001,-1.4000000000000001,1.7000000000000002,8.3,-10.4,9.4,2.3000000000000003,16
6565,109765.0,-1.6,0.5,-1.2000000000000002,-1.3,1.7000000000000002,8.5,-9.700000000000001,9.5,6.5,16
6566,109786.0,-1.4000000000000001,0.6000000000000001,-0.9,-1.1,1.8,8.8,-10.0,6.6000000000000005,9.600000000000001,16
6567,109798.0,-1.2000000000000002,0.7000000000000001,-0.8,-0.7000000000000001,2.0,8.9,-8.1,7.0,10.9,16
6568,109816.0,-0.7000000000000001,0.9,-0.7000000000000001,-0.5,2.1,9.0,-4.2,11.000000000000002,9.8,16
6569,109831.0,-0.6000000000000001,0.9,-0.5,-0.5,2.1,9.200000000000001,-2.7,11.000000000000002,6.8,16
6570,109848.0,-0.8,1.0,-0.4,-0.9,2.3000000000000003,9.3,-3.0000000000000004,11.8,5.300000000000001,16
6571,109864.0,-1.3,1.2000000000000002,-0.2,-1.3,2.5,9.5,-2.5,10.9,8.700000000000001,16
6572,109886.0,-1.4000000000000001,1.4000000000000001,0.30000000000000004,-1.3,2.6,10.0,-2.4000000000000004,8.5,14.800000000000002,16
6573,109898.0,-1.2000000000000002,1.3,0.5,-0.9,2.4000000000000004,10.3,-2.3000000000000003,3.0000000000000004,19.700000000000003,16
6574,109914.0,-0.5,1.1,0.8,-0.30000000000000004,2.2,10.5,-0.6000000000000001,-0.5,20.5,16
6575,109931.0,-0.2,1.0,1.0,-0.30000000000000004,2.2,10.5,-0.6000000000000001,-0.5,20.5,16
6576,109948.0,0.9,0.6000000000000001,1.4000000000000001,0.9,1.8,11.0,6.5,-5.2,16.1,16
6577,109964.0,1.2000000000000002,0.4,1.4000000000000001,1.5,1.6,11.0,6.7,-7.500000000000001,11.6,16
6578,109994.0,1.6,0.1,1.0,1.5,1.5,10.4,7.300000000000001,4.9,6.8,16
6579,109998.0,1.4000000000000001,0.2,0.7000000000000001,1.5,1.5,10.4,7.300000000000001,4.9,6.8,16
6580,110014.0,1.1,0.30000000000000004,0.7000000000000001,0.9,1.7000000000000002,10.3,15.2,22.900000000000002,9.700000000000001,16
6581,110031.0,0.1,0.6000000000000001,0.6000000000000001,0.1,1.9000000000000001,10.4,11.4,24.1,13.3,16
6582,110049.0,0.0,0.5,1.3,0.0,1.9000000000000001,11.0,0.1,12.8,13.0,16
6583,110064.0,0.0,0.4,0.9,-0.1,1.7000000000000002,10.600000000000001,-10.5,6.2,11.9,16
6584,110083.0,-0.30000000000000004,0.30000000000000004,0.8,-0.4,1.6,10.5,-13.6,5.1,12.6,16
6585,110097.0,-0.4,0.1,0.8,-0.4,1.6,10.5,-12.9,6.9,14.4,16
6586,110115.0,-0.6000000000000001,-0.1,0.9,-0.7000000000000001,1.1,10.8,-11.000000000000002,6.2,16.8,16
6587,110131.0,-0.6000000000000001,-0.30000000000000004,1.4000000000000001,-0.7000000000000001,1.0,11.200000000000001,-10.4,-2.4000000000000004,18.400000000000002,16
6588,110148.0,-0.30000000000000004,-0.30000000000000004,1.7000000000000002,-0.30000000000000004,0.8,11.4,-9.9,-11.8,20.2,16
6589,110166.0,0.6000000000000001,-0.6000000000000001,1.7000000000000002,0.5,0.6000000000000001,11.5,-6.000000000000001,-16.400000000000002,19.8,16
6590,110182.0,0.9,-0.7000000000000001,1.8,1.1,0.4,11.600000000000001,-2.1,-17.9,17.7,16
6591,110202.0,1.3,-0.8,1.7000000000000002,1.5,0.30000000000000004,11.5,2.9,-16.8,16.700000000000003,16
6592,110214.0,1.5,-0.8,1.4000000000000001,1.7000000000000002,0.4,10.9,11.000000000000002,-7.8,17.599999999999998,16
6593,110231.0,1.4000000000000001,-0.8,0.7000000000000001,1.6,0.4,10.3,22.1,4.1000000000000005,18.7,16
6594,110248.0,1.3,-0.8,-0.1,1.4000000000000001,0.5,9.600000000000001,30.299999999999997,14.4,17.599999999999998,16
6595,110264.0,1.0,-0.8,-0.4,0.9,0.6000000000000001,9.1,31.5,16.6,15.000000000000002,16
6596,110282.0,0.5,-0.7000000000000001,-1.1,0.5,0.7000000000000001,8.6,28.0,13.6,12.8,16
6597,110298.0,0.30000000000000004,-0.7000000000000001,-1.4000000000000001,0.30000000000000004,0.9,8.3,20.900000000000002,8.200000000000001,11.3,16
6598,110314.0,0.2,-0.7000000000000001,-1.6,0.30000000000000004,0.9,8.0,12.000000000000002,2.1999999999999997,9.600000000000001,16
6599,110331.0,0.2,-0.7000000000000001,-2.0,0.30000000000000004,0.9,7.6000000000000005,5.7,-0.6000000000000001,8.0,16
6600,110418.0,-0.7000000000000001,-0.30000000000000004,-2.0,-0.5,1.2000000000000002,7.9,-14.100000000000001,-10.3,8.9,16
6601,110430.0,-0.7000000000000001,-0.30000000000000004,-1.6,-0.5,1.1,8.1,-12.5,-12.3,10.5,16
6602,110431.0,-0.7000000000000001,-0.30000000000000004,-1.6,-0.5,1.1,8.1,-12.5,-12.3,10.5,16
6603,110448.0,-0.7000000000000001,-0.30000000000000004,-1.5,-0.5,1.1,8.1,-12.5,-12.3,10.5,16
6604,110464.0,-0.7000000000000001,-0.30000000000000004,-1.4000000000000001,-0.5,1.3,8.5,-6.9,-11.6,11.700000000000001,16
6605,110485.0,-0.6000000000000001,0.0,-0.8,-0.30000000000000004,1.4000000000000001,8.700000000000001,-7.9,-13.100000000000001,10.8,16
6606,110498.0,-0.5,0.1,-0.7000000000000001,-0.2,1.4000000000000001,9.0,-10.1,-13.100000000000001,8.700000000000001,16
6607,110514.0,-0.6000000000000001,0.30000000000000004,-0.4,-0.2,1.6,9.200000000000001,-11.000000000000002,-10.1,7.500000000000001,16
6608,110531.0,-0.7000000000000001,0.4,-0.2,-0.4,1.8,9.5,-8.799999999999999,-5.2,8.700000000000001,16
6609,110547.0,-0.8,0.6000000000000001,0.2,-0.4,1.9000000000000001,9.9,-5.1,-0.5,10.2,16
6610,110564.0,-0.7000000000000001,0.8,0.6000000000000001,-0.4,2.1,10.200000000000001,-1.3,2.8,10.0,16
6611,110581.0,-0.7000000000000001,0.9,0.7000000000000001,-0.30000000000000004,2.2,10.4,2.7,3.1,7.300000000000001,16
6612,110598.0,-0.6000000000000001,0.9,0.9,-0.30000000000000004,2.2,10.5,4.9,3.2,3.2,16
6613,110614.0,-0.6000000000000001,0.9,0.9,-0.30000000000000004,2.2,10.5,5.4,2.9,-0.7,16
6614,110631.0,-0.6000000000000001,0.9,0.9,-0.4,2.2,10.5,4.9,4.7,-2.0,16
6615,110648.0,-0.7000000000000001,0.9,0.9,-0.4,2.2,10.5,5.7,7.9,-0.7,16
6616,110666.0,-0.7000000000000001,0.7000000000000001,0.9,-0.4,2.1,10.5,6.9,11.3,0.9,16
6617,110681.0,-0.7000000000000001,0.6000000000000001,1.1,-0.5,2.0,10.700000000000001,8.200000000000001,12.700000000000001,1.0,16
6618,110698.0,-0.7000000000000001,0.6000000000000001,1.1,-0.5,2.0,10.700000000000001,8.200000000000001,12.700000000000001,1.0,16
6619,110714.0,-1.0,0.7000000000000001,1.5,-0.8,2.1,11.200000000000001,8.799999999999999,7.2,-0.1,16
6620,110732.0,-0.9,0.5,1.8,-0.6000000000000001,1.9000000000000001,11.700000000000001,6.9,0.0,-2.0,16
6621,110748.0,-0.5,0.30000000000000004,2.4000000000000004,-0.1,1.8,12.3,-1.5000000000000002,-14.3,-5.6,16
6622,110764.0,0.2,0.30000000000000004,2.7,0.5,1.8,12.4,-11.5,-25.900000000000002,-6.000000000000001,16
6623,110783.0,1.1,0.1,2.6,1.3,1.6,12.3,-16.0,-28.0,-3.9,16
6624,110798.0,1.4000000000000001,-0.1,2.4000000000000004,2.0,1.2000000000000002,12.100000000000001,-12.100000000000001,-18.3,-2.1,16
6625,110821.0,2.2,-0.2,2.1,2.6,1.2000000000000002,11.700000000000001,16.900000000000002,16.2,-3.0000000000000004,16
6626,110831.0,2.0,-0.30000000000000004,0.9,2.4000000000000004,1.2000000000000002,10.700000000000001,16.900000000000002,16.2,-3.0000000000000004,16
6627,110858.0,2.2,-0.30000000000000004,1.1,2.5,1.1,10.8,23.900000000000002,21.0,-4.7,16
6628,110865.0,2.2,-0.30000000000000004,0.4,2.5,1.3,10.100000000000001,26.3,19.6,-6.3,16
6629,110881.0,2.0,-0.2,-0.30000000000000004,2.3000000000000003,1.4000000000000001,9.4,23.6,13.8,-7.9,16
6630,110901.0,2.0,-0.30000000000000004,-1.3,2.2,1.4000000000000001,8.6,18.2,11.000000000000002,-11.000000000000002,16
6631,110914.0,1.8,-0.4,-1.6,1.9000000000000001,1.3,8.1,12.8,10.700000000000001,-15.9,16
6632,110931.0,1.3,-0.4,-1.8,1.5,1.3,7.9,7.2,9.700000000000001,-21.5,16
6633,110948.0,0.9,-0.4,-1.9000000000000001,0.8,1.3,7.800000000000001,2.1999999999999997,5.7,-25.900000000000002,16
6634,110968.0,0.1,-0.30000000000000004,-1.8,0.1,1.4000000000000001,7.9,-3.1,-1.5000000000000002,-26.400000000000002,16
6635,110983.0,-0.4,-0.4,-1.7000000000000002,-0.2,1.3,7.9,-8.1,-10.700000000000001,-24.400000000000002,16
6636,111014.0,-0.5,-0.6000000000000001,-1.5,-0.2,1.0,8.1,-11.6,-16.700000000000003,-20.6,16
6637,111031.0,-0.4,-0.7000000000000001,-1.4000000000000001,-0.2,0.9,8.200000000000001,-9.200000000000001,-13.4,-20.5,16
6638,111047.0,-0.6000000000000001,-0.6000000000000001,-1.4000000000000001,-0.5,1.0,8.3,-6.7,-10.3,-19.500000000000004,16
6639,111064.0,-1.0,-0.5,-1.3,-0.9,1.1,8.3,-8.3,-8.700000000000001,-16.3,16
6640,111082.0,-1.4000000000000001,-0.4,-1.3,-1.2000000000000002,1.1,8.3,-11.8,-8.3,-11.4,16
6641,111098.0,-1.5,-0.4,-1.2000000000000002,-1.3,1.1,8.4,-14.800000000000002,-4.800000000000001,-5.7,16
6642,111114.0,-1.6,-0.4,-1.1,-1.4000000000000001,1.1,8.6,-16.3,-2.4000000000000004,-0.30000000000000004,16
6643,111131.0,-1.7000000000000002,-0.2,-0.8,-1.5,1.2000000000000002,8.9,-14.800000000000002,1.0,4.7,16
6644,111148.0,-1.8,-0.1,-0.6000000000000001,-1.6,1.4000000000000001,9.3,-11.1,1.4,9.3,16
6645,111165.0,-1.7000000000000002,0.2,-0.2,-1.4000000000000001,1.7000000000000002,9.600000000000001,-8.4,-2.1,12.700000000000001,16
6646,111181.0,-1.3,0.5,0.1,-1.0,1.9000000000000001,9.8,-6.5,-5.6,14.700000000000001,16
6647,111200.0,-1.1,0.7000000000000001,0.1,-0.5,2.1,9.8,-4.3999999999999995,-3.7000000000000006,15.6,16
6648,111214.0,-0.5,0.9,0.2,-0.2,2.2,9.8,-1.6,4.9,15.7,16
6649,111231.0,-0.2,1.0,0.2,0.1,2.3000000000000003,9.9,1.3,14.500000000000002,15.000000000000002,16
6650,111248.0,-0.1,1.1,0.2,0.1,2.5,9.9,3.6,22.4,14.3,16
6651,111264.0,-0.1,1.2000000000000002,0.2,0.1,2.6,9.8,4.3999999999999995,28.400000000000002,14.4,16
6652,111281.0,0.0,1.2000000000000002,0.1,0.0,2.6,9.700000000000001,4.3999999999999995,31.8,15.100000000000001,16
6653,111298.0,0.1,1.1,0.0,0.1,2.5,9.600000000000001,4.0,33.1,15.100000000000001,16
6654,111314.0,0.2,1.0,0.2,0.1,2.4000000000000004,10.0,2.3000000000000003,31.099999999999998,13.6,16
6655,111331.0,0.4,0.9,0.7000000000000001,0.30000000000000004,2.2,10.4,-0.7,24.3,11.700000000000001,16
6656,111348.0,0.9,0.6000000000000001,0.9,0.7000000000000001,2.0,10.600000000000001,-4.2,16.8,9.3,16
6657,111364.0,1.1,0.4,0.9,0.8,1.7000000000000002,10.5,-5.2,16.3,7.300000000000001,16
6658,111381.0,0.9,0.1,0.7000000000000001,0.5,1.5,10.5,-4.300000000000001,20.1,6.5,16
6659,111398.0,0.30000000000000004,0.1,1.2000000000000002,-0.1,1.5,10.9,-6.2,17.5,7.9,16
6660,111414.0,0.1,0.1,1.5,-0.4,1.4000000000000001,11.3,-14.900000000000002,3.7000000000000006,10.700000000000001,16
6661,111431.0,0.0,0.0,1.7000000000000002,-0.30000000000000004,1.2000000000000002,11.4,-21.700000000000003,-10.1,15.2,16
6662,111448.0,0.1,-0.1,1.6,-0.30000000000000004,1.2000000000000002,11.4,-21.700000000000003,-10.1,15.2,16
6663,111464.0,0.4,-0.30000000000000004,1.5,0.1,0.8,11.200000000000001,-12.3,-8.1,22.2,16
6664,111481.0,0.30000000000000004,-0.4,1.3,0.0,0.8,11.100000000000001,2.1999999999999997,-1.2000000000000002,25.0,16
6665,111498.0,0.2,-0.6000000000000001,1.5,-0.1,0.6000000000000001,11.3,12.3,-2.8,26.500000000000004,16
6666,111515.0,0.1,-0.6000000000000001,1.4000000000000001,-0.2,0.7000000000000001,11.0,15.000000000000002,-11.1,27.2,16
6667,111531.0,0.0,-0.6000000000000001,0.9,0.0,0.7000000000000001,10.700000000000001,16.5,-16.8,29.300000000000004,16
6668,111548.0,0.5,-0.7000000000000001,0.8,0.5,0.6000000000000001,10.5,17.0,-18.1,30.799999999999997,16
6669,111566.0,1.1,-1.1,0.30000000000000004,1.0,0.30000000000000004,10.200000000000001,17.200000000000003,-15.5,28.700000000000003,16
6670,111581.0,1.2000000000000002,-1.2000000000000002,0.1,1.1,0.2,9.700000000000001,19.9,-6.7,24.5,16
6671,111598.0,0.8,-1.2000000000000002,-0.2,0.8,0.2,9.5,21.0,-0.8,20.5,16
6672,111614.0,0.6000000000000001,-1.2000000000000002,-0.30000000000000004,0.6000000000000001,0.30000000000000004,9.4,17.599999999999998,-0.4,17.0,16
6673,111631.0,0.5,-1.2000000000000002,-0.4,0.5,0.30000000000000004,9.3,14.0,-2.8,13.100000000000001,16
6674,111648.0,0.5,-1.2000000000000002,-0.5,0.6000000000000001,0.4,9.200000000000001,9.5,-4.6000000000000005,8.4,16
6675,111664.0,0.5,-1.2000000000000002,-0.5,0.6000000000000001,0.4,9.1,2.0,-7.9,2.8,16
6676,111681.0,0.5,-1.1,-0.7000000000000001,0.6000000000000001,0.5,8.9,-5.8,-9.8,-0.5,16
6677,111698.0,0.4,-1.0,-0.8,0.6000000000000001,0.5,8.9,-5.8,-9.8,-0.5,16
6678,111715.0,0.30000000000000004,-0.9,-1.0,0.30000000000000004,0.7000000000000001,8.700000000000001,-15.6,-2.9,0.6000000000000001,16
6679,111731.0,0.0,-0.7000000000000001,-1.0,0.1,0.8,8.8,-15.8,0.1,3.4,16
6680,111748.0,-0.2,-0.5,-0.8,0.0,0.9,8.9,-12.700000000000001,0.6000000000000001,6.4,16
6681,111767.0,-0.1,-0.5,-0.9,0.1,0.9,8.8,-5.9,1.4,8.0,16
6682,111781.0,-0.1,-0.4,-1.0,0.0,1.0,8.700000000000001,2.1999999999999997,2.6,8.0,16
6683,111798.0,-0.2,-0.30000000000000004,-1.2000000000000002,-0.1,1.1,8.5,9.3,3.4,7.400000000000001,16
6684,111814.0,-0.30000000000000004,-0.2,-1.2000000000000002,-0.30000000000000004,1.3,8.5,13.3,2.3000000000000003,6.7,16
6685,111831.0,-0.5,0.0,-1.2000000000000002,-0.30000000000000004,1.5,8.5,11.9,-1.4,5.7,16
6686,111848.0,-0.5,0.1,-1.2000000000000002,-0.30000000000000004,1.6,8.4,8.0,-4.300000000000001,4.5,16
6687,111865.0,-0.4,0.2,-1.0,-0.2,1.7000000000000002,8.6,1.2000000000000002,-7.500000000000001,1.9,16
6688,111881.0,-0.30000000000000004,0.2,-0.9,-0.1,1.7000000000000002,8.9,-5.4,-9.3,-1.7,16
6689,111898.0,-0.30000000000000004,0.30000000000000004,-0.5,-0.1,1.7000000000000002,9.3,-8.3,-6.8,-4.5,16
6690,111914.0,-0.30000000000000004,0.30000000000000004,-0.1,-0.1,1.7000000000000002,9.600000000000001,-7.400000000000001,-2.6,-6.2,16
6691,111932.0,-0.2,0.2,0.1,0.0,1.6,9.9,-2.9,2.4000000000000004,-8.200000000000001,16
6692,111948.0,-0.4,0.2,0.4,-0.2,1.7000000000000002,10.100000000000001,3.5,5.500000000000001,-10.2,16
6693,111964.0,-0.5,0.30000000000000004,0.7000000000000001,-0.30000000000000004,1.8,10.4,9.0,5.9,-12.000000000000002,16
6694,112002.0,-0.30000000000000004,0.30000000000000004,0.6000000000000001,-0.1,1.8,10.3,11.000000000000002,2.9,-17.3,16
6695,112014.0,-0.4,0.30000000000000004,0.5,-0.30000000000000004,1.8,10.100000000000001,9.4,4.6000000000000005,-18.1,16
6696,112031.0,-0.6000000000000001,0.2,0.30000000000000004,-0.5,1.8,10.0,8.5,7.1000000000000005,-15.9,16
6697,112047.0,-0.7000000000000001,0.2,0.4,-0.7000000000000001,1.7000000000000002,10.100000000000001,8.600000000000001,9.3,-12.000000000000002,16
6698,112066.0,-0.8,0.1,0.7000000000000001,-0.8,1.7000000000000002,10.4,8.700000000000001,6.1000000000000005,-9.200000000000001,16
6699,112084.0,-0.8,0.2,1.1,-0.8,1.8,10.700000000000001,10.3,0.6000000000000001,-8.3,16
6700,112098.0,-0.7000000000000001,0.2,1.3,-0.6000000000000001,1.8,11.100000000000001,11.4,-6.5,-10.2,16
6701,112114.0,-0.4,0.2,1.8,-0.30000000000000004,1.9000000000000001,11.5,7.1000000000000005,-17.7,-13.9,16
6702,112131.0,-0.30000000000000004,0.30000000000000004,1.5,-0.2,2.0,11.200000000000001,-1.3,-22.900000000000002,-15.000000000000002,16
6703,112148.0,-0.30000000000000004,0.4,1.2000000000000002,-0.1,2.1,11.0,-3.6,-16.900000000000002,-11.3,16
6704,112165.0,-0.30000000000000004,0.30000000000000004,1.4000000000000001,0.0,2.0,11.100000000000001,-2.0,-6.6000000000000005,-6.8,16
6705,112185.0,0.0,0.1,1.3,0.2,1.9000000000000001,11.100000000000001,2.1999999999999997,1.2000000000000002,-3.9,16
6706,112201.0,0.2,0.0,1.2000000000000002,0.4,1.6,10.8,8.200000000000001,7.1000000000000005,-4.1000000000000005,16
6707,112214.0,0.30000000000000004,-0.2,0.8,0.5,1.6,10.4,14.0,10.0,-5.6,16
6708,112231.0,0.4,-0.2,0.5,0.5,1.6,10.4,19.200000000000003,12.8,-6.3,16
6709,112248.0,0.6000000000000001,-0.4,-0.1,0.7000000000000001,1.4000000000000001,9.4,21.700000000000003,15.5,-7.9,16
6710,112264.0,0.7000000000000001,-0.5,-0.6000000000000001,0.8,1.4000000000000001,9.0,21.400000000000002,17.5,-10.3,16
6711,112288.0,0.8,-0.6000000000000001,-0.9,0.8,1.4000000000000001,8.8,18.5,18.2,-13.0,16
6712,112297.0,0.9,-0.6000000000000001,-0.9,0.9,1.3,8.700000000000001,12.4,15.6,-16.0,16
6713,112314.0,1.1,-0.7000000000000001,-0.8,0.9,1.3,8.9,3.1,11.1,-18.8,16
6714,112331.0,1.0,-0.6000000000000001,-0.7000000000000001,0.8,1.4000000000000001,9.0,-5.4,4.800000000000001,-18.900000000000002,16
6715,112348.0,0.9,-0.6000000000000001,-0.6000000000000001,0.7000000000000001,1.4000000000000001,9.1,-11.2,1.7,-16.1,16
6716,112366.0,0.8,-0.6000000000000001,-0.4,0.6000000000000001,1.3,9.3,-15.000000000000002,-1.6,-12.5,16
6717,112385.0,0.6000000000000001,-0.5,0.0,0.4,1.4000000000000001,9.600000000000001,-17.3,-6.5,-8.799999999999999,16
6718,112402.0,0.5,-0.30000000000000004,0.30000000000000004,0.4,1.5,9.9,-19.0,-14.4,-4.800000000000001,16
6719,112414.0,0.6000000000000001,-0.2,0.30000000000000004,0.5,1.5,10.0,-19.9,-21.0,-1.5000000000000002,16
6720,112432.0,0.5,0.0,0.0,0.5,1.7000000000000002,9.700000000000001,-18.400000000000002,-22.4,0.9,16
6721,112455.0,0.5,0.0,-0.2,0.30000000000000004,1.8,9.3,-13.700000000000001,-15.7,2.6,16
6722,112466.0,0.0,0.2,-0.5,-0.1,1.9000000000000001,9.0,-7.8,-8.600000000000001,3.7000000000000006,16
6723,112486.0,-0.6000000000000001,0.4,-1.0,-0.5,2.0,8.6,-4.1000000000000005,-5.8,4.6000000000000005,16
6724,112501.0,-1.1,0.5,-1.6,-0.9,2.1,8.1,-2.9,-5.2,5.7,16
6725,112515.0,-1.2000000000000002,0.6000000000000001,-1.9000000000000001,-1.2000000000000002,2.2,7.7,-4.6000000000000005,-2.3000000000000003,7.699999999999999,16
6726,112531.0,-1.5,0.6000000000000001,-2.1,-1.3,2.2,7.5,-7.400000000000001,-1.4,9.9,16
6727,112547.0,-1.4000000000000001,0.5,-2.0,-1.3,2.1,7.6000000000000005,-9.600000000000001,-1.7,11.000000000000002,16
6728,112564.0,-1.4000000000000001,0.5,-1.9000000000000001,-1.2000000000000002,2.1,7.800000000000001,-9.700000000000001,-2.3000000000000003,11.700000000000001,16
6729,112582.0,-1.2000000000000002,0.5,-1.6,-1.0,2.0,8.1,-9.0,-3.0000000000000004,12.000000000000002,16
6730,112598.0,-1.0,0.5,-1.2000000000000002,-0.9,2.0,8.4,-7.8,-4.6000000000000005,12.100000000000001,16
6731,112614.0,-0.9,0.6000000000000001,-1.1,-0.6000000000000001,2.1,8.6,-7.500000000000001,-6.1000000000000005,12.3,16
6732,112631.0,-0.6000000000000001,0.7000000000000001,-0.8,-0.4,2.2,8.9,-8.799999999999999,-5.9,12.000000000000002,16
6733,112649.0,-0.4,0.8,-0.5,-0.30000000000000004,2.3000000000000003,9.1,-11.1,-4.3999999999999995,12.5,16
6734,112664.0,-0.4,0.9,-0.4,-0.2,2.3000000000000003,9.3,-11.5,0.2,15.100000000000001,16
6735,112685.0,-0.6000000000000001,0.9,-0.2,-0.5,2.3000000000000003,9.5,-8.700000000000001,4.6000000000000005,19.700000000000003,16
6736,112698.0,-0.7000000000000001,1.0,0.2,-0.5,2.3000000000000003,9.5,-8.700000000000001,4.6000000000000005,19.700000000000003,16
6737,112714.0,-0.6000000000000001,0.9,0.4,-0.4,2.3000000000000003,10.100000000000001,-0.4,3.0000000000000004,29.1,16
6738,112732.0,-0.30000000000000004,0.8,0.7000000000000001,0.0,2.2,10.4,0.30000000000000004,-4.0,28.700000000000003,16
6739,112748.0,0.4,0.7000000000000001,0.9,0.6000000000000001,2.1,10.5,-0.2,-9.600000000000001,26.1,16
6740,112769.0,0.6000000000000001,0.7000000000000001,0.9,1.1,2.1,10.700000000000001,-0.7,-10.2,24.6,16
6741,112782.0,1.1,0.6000000000000001,0.9,1.4000000000000001,1.9000000000000001,10.5,-1.3,-6.6000000000000005,23.3,16
6742,112801.0,1.2000000000000002,0.4,0.6000000000000001,1.5,1.8,10.200000000000001,-0.4,-2.1999999999999997,21.400000000000002,16
6743,112819.0,0.9,0.4,0.2,1.2000000000000002,1.8,9.9,0.7,8.799999999999999,20.4,16
6744,112831.0,0.30000000000000004,0.6000000000000001,0.2,0.30000000000000004,2.1,9.700000000000001,3.7000000000000006,21.6,22.1,16
6745,112848.0,-0.9,1.0,0.2,-0.8,2.4000000000000004,10.0,2.7,25.5,27.6,16
6746,112866.0,-0.8,1.0,1.6,-0.6000000000000001,2.5,11.100000000000001,-3.6,13.5,32.7,16
6747,112882.0,-0.30000000000000004,0.8,1.5,0.0,2.2,11.200000000000001,-11.2,1.4,31.7,16
6748,112902.0,0.0,0.8,1.6,0.30000000000000004,2.1,11.3,-7.0,-0.8,29.000000000000004,16
6749,112915.0,0.5,0.6000000000000001,2.0,0.7000000000000001,2.0,11.700000000000001,0.2,-0.1,26.200000000000003,16
6750,112931.0,0.8,0.5,1.9000000000000001,1.2000000000000002,1.8,11.5,4.2,-1.5000000000000002,21.200000000000003,16
6751,112947.0,1.3,0.2,1.6,1.5,1.6,11.3,4.0,-1.8,14.0,16
6752,112964.0,1.5,-0.1,1.7000000000000002,1.7000000000000002,1.4000000000000001,11.4,-1.8,-4.7,6.7,16
6753,112981.0,1.6,-0.2,1.8,2.0,1.1,11.600000000000001,-10.0,-8.1,2.1999999999999997,16
6754,112998.0,1.8,-0.5,1.9000000000000001,2.2,0.8,11.600000000000001,-14.700000000000001,-7.400000000000001,-0.6000000000000001,16
6755,113014.0,2.1,-0.8,1.6,2.5,0.5,11.4,-14.600000000000001,-2.7,-1.3,16
6756,113031.0,2.1,-0.9,1.3,2.4000000000000004,0.30000000000000004,10.9,-6.9,7.2,-0.8,16
6757,113047.0,1.8,-1.0,0.4,2.0,0.2,10.0,4.6000000000000005,18.1,-0.30000000000000004,16
6758,113066.0,1.3,-1.1,-0.2,1.6,0.2,9.600000000000001,12.9,25.5,-0.4,16
6759,113085.0,0.7000000000000001,-1.0,-0.9,1.0,0.30000000000000004,9.0,16.6,24.6,-2.3000000000000003,16
6760,113099.0,0.4,-0.9,-1.0,0.5,0.5,8.700000000000001,15.000000000000002,16.3,-3.3000000000000003,16
6761,113115.0,0.2,-0.7000000000000001,-1.2000000000000002,0.4,0.6000000000000001,8.5,8.0,4.800000000000001,-3.8,16
6762,113131.0,0.30000000000000004,-0.7000000000000001,-1.4000000000000001,0.5,0.7000000000000001,8.3,-1.0999999999999999,-6.1000000000000005,-4.7,16
6763,113148.0,0.5,-0.7000000000000001,-1.7000000000000002,0.7000000000000001,0.7000000000000001,7.9,-6.8,-12.100000000000001,-6.1000000000000005,16
6764,113164.0,0.6000000000000001,-0.7000000000000001,-2.1,0.8,0.7000000000000001,7.7,-8.200000000000001,-10.1,-7.6,16
6765,113181.0,0.5,-0.6000000000000001,-2.1,0.6000000000000001,0.8,7.7,-7.500000000000001,-5.300000000000001,-9.0,16
6766,113198.0,0.30000000000000004,-0.5,-2.0,0.6000000000000001,0.8,7.7,-7.500000000000001,-5.300000000000001,-9.0,16
6767,113214.0,0.0,-0.2,-1.7000000000000002,0.30000000000000004,1.0,8.0,-9.700000000000001,-9.700000000000001,-9.0,16
6768,113231.0,0.0,-0.2,-1.6,0.30000000000000004,1.1,8.1,-12.5,-15.399999999999999,-8.9,16
6769,113248.0,0.1,-0.1,-1.7000000000000002,0.5,1.1,8.0,-11.8,-15.7,-9.700000000000001,16
6770,113268.0,0.0,0.2,-1.5,0.30000000000000004,1.3,8.200000000000001,-10.4,-11.2,-11.3,16
6771,113284.0,-0.4,0.30000000000000004,-1.1,0.0,1.4000000000000001,8.5,-9.4,-9.9,-11.8,16
6772,113298.0,-0.5,0.5,-1.1,-0.2,1.6,8.6,-9.8,-11.3,-11.4,16
6773,113316.0,-0.7000000000000001,0.6000000000000001,-0.8,-0.30000000000000004,1.7000000000000002,8.8,-15.000000000000002,-16.2,-13.0,16
6774,113331.0,-0.6000000000000001,0.6000000000000001,-0.6000000000000001,-0.1,1.7000000000000002,9.0,-20.5,-18.2,-14.800000000000002,16
6775,113348.0,-0.6000000000000001,0.7000000000000001,-0.6000000000000001,-0.1,1.7000000000000002,9.200000000000001,-22.1,-15.9,-16.1,16
6776,113364.0,-0.7000000000000001,0.7000000000000001,-0.1,-0.2,1.7000000000000002,9.600000000000001,-20.0,-10.4,-16.700000000000003,16
6777,113382.0,-0.9,0.8,0.30000000000000004,-0.4,1.7000000000000002,9.9,-14.3,-3.7000000000000006,-15.8,16
6778,113399.0,-0.9,0.7000000000000001,0.5,-0.4,1.6,10.200000000000001,-8.3,-0.2,-16.0,16
6779,113415.0,-1.0,0.6000000000000001,0.6000000000000001,-0.5,1.5,10.3,-3.1,0.30000000000000004,-17.5,16
6780,113431.0,-1.0,0.6000000000000001,0.7000000000000001,-0.5,1.5,10.4,1.5000000000000002,-0.1,-18.5,16
6781,113448.0,-1.0,0.6000000000000001,0.7000000000000001,-0.5,1.5,10.4,1.5000000000000002,-0.1,-18.5,16
6782,113464.0,-1.1,0.6000000000000001,0.5,-0.7000000000000001,1.5,10.200000000000001,9.4,6.2,-14.200000000000001,16
6783,113481.0,-1.1,0.4,0.7000000000000001,-0.7000000000000001,1.4000000000000001,10.4,10.600000000000001,7.2,-10.0,16
6784,113499.0,-1.0,0.4,0.9,-0.5,1.4000000000000001,10.700000000000001,10.8,5.6,-6.000000000000001,16
6785,113514.0,-0.7000000000000001,0.2,1.1,-0.30000000000000004,1.3,10.8,9.9,3.3000000000000003,-3.6,16
6786,113531.0,-0.5,0.1,1.2000000000000002,-0.1,1.2000000000000002,10.9,10.9,2.9,-2.3000000000000003,16
6787,113548.0,-0.5,0.2,1.3,-0.1,1.3,11.100000000000001,14.600000000000001,5.6,-0.9,16
6788,113569.0,-0.6000000000000001,0.4,1.5,-0.2,1.5,11.200000000000001,18.8,6.4,0.5,16
6789,113582.0,-0.6000000000000001,0.5,1.5,-0.30000000000000004,1.7000000000000002,11.200000000000001,21.400000000000002,6.7,2.1,16
6790,113598.0,-0.6000000000000001,0.5,1.5,-0.30000000000000004,1.8,11.4,21.1,4.800000000000001,1.7,16
6791,113614.0,-0.5,0.4,2.0,0.0,1.6,11.700000000000001,10.4,-9.4,-0.9,16
6792,113631.0,0.2,0.1,1.7000000000000002,0.6000000000000001,1.4000000000000001,11.5,-2.3000000000000003,-19.0,-3.2,16
6793,113648.0,0.30000000000000004,0.0,1.8,1.0,1.1,11.600000000000001,-7.8,-23.900000000000002,-3.5,16
6794,113664.0,1.0,-0.4,1.9000000000000001,1.6,0.7000000000000001,11.600000000000001,-12.700000000000001,-23.400000000000002,-2.3000000000000003,16
6795,113681.0,1.4000000000000001,-0.8,1.4000000000000001,2.0,0.5,11.100000000000001,-9.5,-16.2,-0.2,16
6796,113697.0,1.5,-0.8,0.9,1.8,0.30000000000000004,10.600000000000001,1.8,2.4000000000000004,2.4000000000000004,16
6797,113714.0,1.0,-0.9,0.6000000000000001,1.5,0.4,10.3,15.9,10.700000000000001,3.2,16
6798,113731.0,0.7000000000000001,-0.8,0.2,1.2000000000000002,0.5,9.9,25.700000000000003,12.5,1.6,16
6799,113748.0,0.6000000000000001,-0.8,-0.2,1.1,0.6000000000000001,9.600000000000001,27.5,4.9,-3.6,16
6800,113764.0,0.6000000000000001,-0.9,-0.30000000000000004,1.2000000000000002,0.6000000000000001,9.4,22.3,-3.4,-9.5,16
6801,113781.0,0.8,-0.9,-0.8,1.3,0.6000000000000001,8.9,14.500000000000002,-8.700000000000001,-15.7,16
6802,113798.0,0.4,-0.9,-1.3,1.0,0.6000000000000001,8.4,3.8,-9.200000000000001,-19.6,16
6803,113815.0,0.30000000000000004,-0.7000000000000001,-1.4000000000000001,0.7000000000000001,0.8,8.4,-4.6000000000000005,-6.8,-18.8,16
6804,113831.0,0.0,-0.7000000000000001,-1.0,0.5,0.8,8.700000000000001,-12.4,-5.500000000000001,-15.9,16
6805,113848.0,-0.1,-0.7000000000000001,-0.7000000000000001,0.5,0.7000000000000001,9.0,-17.200000000000003,-7.0,-12.8,16
6806,113864.0,-0.2,-0.7000000000000001,-0.6000000000000001,0.4,0.7000000000000001,9.1,-16.5,-6.3,-10.0,16
6807,113881.0,-0.30000000000000004,-0.7000000000000001,-0.7000000000000001,0.30000000000000004,0.7000000000000001,9.0,-10.600000000000001,-3.3000000000000003,-7.8,16
6808,113898.0,-0.5,-0.5,-1.0,0.1,0.8,8.700000000000001,-1.8,1.9,-5.9,16
6809,113914.0,-0.6000000000000001,-0.4,-1.2000000000000002,-0.2,1.0,8.4,4.300000000000001,5.1,-4.9,16
6810,113931.0,-1.0,-0.2,-1.5,-0.5,1.2000000000000002,8.1,5.0,3.8,-4.3999999999999995,16
6811,113948.0,-1.3,0.1,-1.8,-0.7000000000000001,1.5,7.800000000000001,1.3,0.5,-3.0000000000000004,16
6812,113964.0,-1.3,0.2,-1.9000000000000001,-0.8,1.6,7.7,-4.6000000000000005,-1.0,-0.6000000000000001,16
6813,114000.0,-1.2000000000000002,0.4,-1.6,-0.6000000000000001,1.7000000000000002,8.1,-16.6,-4.7,1.8,16
6814,114014.0,-1.2000000000000002,0.4,-1.4000000000000001,-0.6000000000000001,1.7000000000000002,8.4,-18.1,-4.7,2.5,16
6815,114031.0,-1.2000000000000002,0.5,-1.0,-0.6000000000000001,1.7000000000000002,8.8,-17.1,-6.1000000000000005,4.0,16
6816,114047.0,-1.0,0.6000000000000001,-0.6000000000000001,-0.30000000000000004,1.7000000000000002,9.1,-16.0,-8.799999999999999,5.1,16
6817,114066.0,-0.5,0.5,-0.2,0.1,1.6,9.4,-14.600000000000001,-10.3,5.1,16
6818,114081.0,-0.30000000000000004,0.6000000000000001,-0.1,0.30000000000000004,1.7000000000000002,9.600000000000001,-10.2,-7.0,4.9,16
6819,114098.0,-0.30000000000000004,0.8,0.1,0.30000000000000004,1.9000000000000001,9.700000000000001,-3.2,-1.5000000000000002,6.6000000000000005,16
6820,114114.0,-0.4,0.9,0.1,0.2,2.0,9.700000000000001,3.3000000000000003,4.3999999999999995,9.0,16
6821,114131.0,-0.5,1.0,0.0,0.1,2.2,9.600000000000001,6.4,7.699999999999999,10.700000000000001,16
6822,114147.0,-0.6000000000000001,1.2000000000000002,0.0,0.0,2.3000000000000003,9.700000000000001,6.1000000000000005,7.699999999999999,11.8,16
6823,114164.0,-0.7000000000000001,1.2000000000000002,0.0,-0.1,2.4000000000000004,9.8,4.800000000000001,7.2,13.200000000000001,16
6824,114182.0,-0.7000000000000001,1.3,0.30000000000000004,-0.1,2.4000000000000004,10.100000000000001,3.9,6.000000000000001,15.299999999999999,16
6825,114197.0,-0.6000000000000001,1.2000000000000002,0.6000000000000001,-0.1,2.4000000000000004,10.100000000000001,3.9,6.000000000000001,15.299999999999999,16
6826,114214.0,0.2,0.9,1.3,0.8,2.1,10.9,0.1,-3.7000000000000006,15.299999999999999,16
6827,114231.0,0.6000000000000001,0.8,1.5,1.3,2.0,11.200000000000001,-0.1,-5.8,12.000000000000002,16
6828,114247.0,1.1,0.7000000000000001,1.5,1.7000000000000002,1.8,11.100000000000001,-0.2,-5.500000000000001,8.3,16
6829,114264.0,0.9,0.7000000000000001,0.9,1.5,1.8,10.600000000000001,-0.6000000000000001,4.5,4.6000000000000005,16
6830,114281.0,0.4,0.7000000000000001,1.0,0.7000000000000001,2.0,10.9,-1.0999999999999999,10.9,4.0,16
6831,114297.0,-0.1,0.8,1.6,0.4,1.9000000000000001,11.4,-10.8,6.000000000000001,6.2,16
6832,114314.0,-0.30000000000000004,0.5,1.9000000000000001,0.30000000000000004,1.6,11.600000000000001,-21.1,0.5,10.3,16
6833,114331.0,-0.1,0.30000000000000004,2.1,0.8,1.2000000000000002,12.0,-20.1,-2.5,13.100000000000001,16
6834,114348.0,0.5,-0.2,2.3000000000000003,1.1,0.7000000000000001,12.100000000000001,-12.100000000000001,0.30000000000000004,13.200000000000001,16
6835,114364.0,0.7000000000000001,-0.30000000000000004,2.1,1.2000000000000002,0.7000000000000001,11.9,3.1,4.300000000000001,10.4,16
6836,114387.0,0.7000000000000001,-0.5,2.2,1.2000000000000002,0.5,12.0,18.5,6.000000000000001,6.8,16
6837,114397.0,0.7000000000000001,-0.6000000000000001,2.0,1.3,0.5,11.600000000000001,26.200000000000003,2.1,1.9,16
6838,114414.0,0.7000000000000001,-0.6000000000000001,1.6,1.3,0.5,11.600000000000001,26.200000000000003,2.1,1.9,16
6839,114432.0,0.9,-0.8,0.9,1.5,0.4,10.4,22.4,-2.1999999999999997,-6.6000000000000005,16
6840,114447.0,0.9,-0.9,0.5,1.5,0.4,10.4,22.4,-2.1999999999999997,-6.6000000000000005,16
6841,114464.0,0.5,-1.2000000000000002,-0.2,1.1,0.1,9.600000000000001,14.4,9.9,-7.0,16
6842,114481.0,0.30000000000000004,-1.3,-0.2,0.7000000000000001,0.1,9.600000000000001,13.4,13.8,-4.800000000000001,16
6843,114497.0,0.0,-1.2000000000000002,-0.2,0.5,0.1,9.600000000000001,14.700000000000001,12.100000000000001,-2.6,16
6844,114514.0,0.0,-1.2000000000000002,-0.2,0.5,0.2,9.5,17.400000000000002,7.0,-2.1,16
6845,114531.0,0.2,-1.2000000000000002,-0.30000000000000004,0.9,0.30000000000000004,9.3,18.6,1.0,-5.300000000000001,16
6846,114547.0,0.6000000000000001,-1.2000000000000002,-0.7000000000000001,1.0,0.30000000000000004,8.9,16.6,-3.9,-10.9,16
6847,114565.0,0.5,-1.1,-1.2000000000000002,1.0,0.5,8.5,12.6,-6.5,-14.700000000000001,16
6848,114581.0,0.2,-0.9,-1.7000000000000002,0.7000000000000001,0.6000000000000001,8.1,9.600000000000001,-2.1999999999999997,-14.4,16
6849,114598.0,0.0,-0.9,-1.9000000000000001,0.4,0.8,7.7,7.1000000000000005,2.7,-10.9,16
6850,114614.0,-0.30000000000000004,-0.8,-2.3000000000000003,0.1,0.8,7.4,2.7,5.1,-7.1000000000000005,16
6851,114631.0,-0.7000000000000001,-0.7000000000000001,-2.2,-0.2,0.9,7.5,-2.5,0.4,-3.4,16
6852,114648.0,-0.8,-0.7000000000000001,-2.2,-0.4,0.9,7.6000000000000005,-7.500000000000001,-3.4,0.2,16
6853,114665.0,-0.9,-0.7000000000000001,-1.6,-0.4,0.9,8.1,-9.600000000000001,-10.2,3.4,16
6854,114681.0,-0.8,-0.6000000000000001,-1.4000000000000001,-0.30000000000000004,0.9,8.200000000000001,-7.1000000000000005,-14.600000000000001,5.6,16
6855,114697.0,-0.8,-0.6000000000000001,-1.4000000000000001,-0.30000000000000004,0.9,8.200000000000001,-7.1000000000000005,-14.600000000000001,5.6,16
6856,114714.0,-0.6000000000000001,-0.5,-1.0,-0.1,1.0,8.700000000000001,5.4,-17.0,6.000000000000001,16
6857,114731.0,-0.6000000000000001,-0.30000000000000004,-0.7000000000000001,0.0,1.2000000000000002,8.9,6.9,-20.2,4.5,16
6858,114747.0,-0.5,-0.30000000000000004,-0.6000000000000001,0.30000000000000004,1.3,9.0,4.800000000000001,-19.8,2.3000000000000003,16
6859,114764.0,-0.5,0.0,-0.6000000000000001,0.30000000000000004,1.5,9.1,3.8,-11.700000000000001,1.2000000000000002,16
6860,114781.0,-0.6000000000000001,0.1,-0.4,0.2,1.7000000000000002,9.200000000000001,5.6,-0.30000000000000004,1.9,16
6861,114797.0,-0.7000000000000001,0.2,-0.30000000000000004,0.0,1.8,9.3,8.799999999999999,11.000000000000002,2.1,16
6862,114814.0,-0.7000000000000001,0.2,-0.1,-0.1,1.9000000000000001,9.5,11.1,17.9,-0.1,16
6863,114831.0,-0.9,0.30000000000000004,0.1,-0.30000000000000004,1.9000000000000001,9.700000000000001,11.1,18.7,-3.8,16
6864,114848.0,-0.9,0.30000000000000004,0.2,-0.30000000000000004,2.0,9.9,8.799999999999999,14.500000000000002,-7.300000000000001,16
6865,114864.0,-0.9,0.4,0.5,-0.30000000000000004,2.1,10.100000000000001,4.7,8.799999999999999,-8.799999999999999,16
6866,114881.0,-0.6000000000000001,0.4,0.5,-0.1,2.1,10.100000000000001,2.1,5.8,-8.3,16
6867,114898.0,-0.5,0.30000000000000004,0.5,0.0,2.0,10.100000000000001,2.0,7.400000000000001,-7.500000000000001,16
6868,114914.0,-0.6000000000000001,0.30000000000000004,0.6000000000000001,-0.2,2.0,10.3,3.6,8.9,-5.6,16
6869,114932.0,-0.9,0.4,1.1,-0.5,2.1,10.700000000000001,4.300000000000001,6.000000000000001,-2.6,16
6870,114948.0,-1.0,0.4,1.4000000000000001,-0.5,2.2,11.200000000000001,3.5,-2.7,0.30000000000000004,16
6871,114964.0,-0.7000000000000001,0.4,1.9000000000000001,-0.1,2.2,11.700000000000001,3.6,-11.1,0.8,16
6872,114981.0,-0.7000000000000001,0.4,1.9000000000000001,-0.1,2.2,11.700000000000001,3.6,-11.1,0.8,16
6873,115004.0,0.7000000000000001,0.2,2.3000000000000003,1.2000000000000002,2.0,12.0,-1.7,-23.3,-2.3000000000000003,16
6874,115015.0,0.8,0.1,2.1,1.5,1.8,11.600000000000001,-1.0,-18.1,-2.7,16
6875,115031.0,0.9,-0.2,1.8,1.5,1.6,11.5,0.6000000000000001,-8.9,-2.9,16
6876,115048.0,0.6000000000000001,-0.30000000000000004,1.7000000000000002,1.2000000000000002,1.5,11.4,1.2000000000000002,-3.4,-1.0999999999999999,16
6877,115072.0,0.5,-0.6000000000000001,1.2000000000000002,1.2000000000000002,1.2000000000000002,11.0,2.9,-0.7,1.0,16
6878,115081.0,0.6000000000000001,-0.7000000000000001,1.1,1.3,1.1,10.700000000000001,7.6,3.0000000000000004,1.7,16
6879,115097.0,0.9,-0.8,0.9,1.5,1.0,10.600000000000001,14.100000000000001,3.9,0.0,16
6880,115114.0,1.0,-0.9,0.6000000000000001,1.7000000000000002,0.9,10.100000000000001,21.5,9.4,-2.1,16
6881,115131.0,1.3,-0.9,0.30000000000000004,2.0,0.9,9.8,26.1,9.700000000000001,-6.7,16
6882,115147.0,1.6,-1.2000000000000002,-0.8,2.2,0.8,8.9,28.500000000000004,12.3,-13.4,16
6883,115164.0,1.5,-1.2000000000000002,-1.1,1.8,0.9,8.4,22.900000000000002,14.900000000000002,-20.2,16
6884,115181.0,0.8,-1.0,-1.5,1.2000000000000002,1.2000000000000002,8.200000000000001,11.000000000000002,11.3,-22.3,16
6885,115197.0,0.5,-0.8,-1.4000000000000001,1.2000000000000002,1.2000000000000002,8.200000000000001,11.000000000000002,11.3,-22.3,16
6886,115214.0,0.4,-0.5,-1.6,1.0,1.5,8.1,-20.0,-0.8,-10.1,16
6887,115231.0,0.7000000000000001,-0.6000000000000001,-1.3,1.2000000000000002,1.4000000000000001,8.4,-29.1,-3.3000000000000003,-4.7,16
6888,115247.0,0.8,-0.5,-0.9,1.3,1.4000000000000001,8.700000000000001,-32.9,-6.2,-1.6,16
6889,115265.0,0.9,-0.4,-0.7000000000000001,1.4000000000000001,1.4000000000000001,9.0,-31.5,-7.9,0.5,16
6890,115284.0,0.7000000000000001,-0.2,-0.4,1.3,1.6,9.3,-27.400000000000002,-13.4,1.5000000000000002,16
6891,115298.0,0.7000000000000001,0.1,-0.4,1.4000000000000001,1.8,9.3,-24.200000000000003,-16.2,1.6,16
6892,115314.0,0.8,0.2,-0.4,1.4000000000000001,1.8,9.200000000000001,-18.1,-14.700000000000001,0.1,16
6893,115331.0,0.6000000000000001,0.30000000000000004,-0.8,1.2000000000000002,1.8,8.9,-11.1,-14.0,-4.0,16
6894,115348.0,0.30000000000000004,0.4,-0.8,1.0,1.9000000000000001,8.8,-3.7000000000000006,-9.8,-7.9,16
6895,115366.0,-0.1,0.5,-1.2000000000000002,0.7000000000000001,2.0,8.5,-0.9,-10.9,-12.200000000000001,16
6896,115387.0,-0.4,0.6000000000000001,-1.6,0.4,2.2,8.1,-2.5,-10.5,-14.500000000000002,16
6897,115397.0,-0.6000000000000001,0.6000000000000001,-1.8,0.1,2.2,7.800000000000001,-5.9,-8.0,-14.700000000000001,16
6898,115415.0,-0.8,0.6000000000000001,-1.8,-0.1,2.1,7.800000000000001,-9.200000000000001,-4.0,-13.9,16
6899,115431.0,-1.1,0.6000000000000001,-1.8,-0.4,2.1,7.9,-10.700000000000001,-2.1,-12.6,16
6900,115448.0,-1.2000000000000002,0.6000000000000001,-1.6,-0.4,2.1,7.9,-10.700000000000001,-2.1,-12.6,16
6901,115465.0,-1.5,0.6000000000000001,-1.0,-0.7000000000000001,2.1,8.6,-11.8,-9.8,-8.799999999999999,16
6902,115487.0,-1.2000000000000002,0.6000000000000001,-0.7000000000000001,-0.5,2.0,8.8,-10.9,-12.700000000000001,-5.2,16
6903,115497.0,-1.1,0.5,-0.6000000000000001,-0.2,2.0,9.0,-7.500000000000001,-10.8,-2.1999999999999997,16
6904,115514.0,-1.0,0.7000000000000001,-0.5,-0.2,2.1,9.1,-2.6,-5.0,0.5,16
6905,115531.0,-1.2000000000000002,0.8,-0.30000000000000004,-0.4,2.3000000000000003,9.5,0.2,0.0,4.5,16
6906,115547.0,-1.4000000000000001,1.0,0.30000000000000004,-0.5,2.5,9.9,1.2000000000000002,-1.3,9.4,16
6907,115566.0,-1.1,1.1,0.6000000000000001,-0.2,2.5,10.200000000000001,-1.5000000000000002,-7.0,12.8,16
6908,115588.0,-0.5,1.0,0.9,0.30000000000000004,2.5,10.4,-3.9,-10.8,13.4,16
6909,115597.0,-0.2,1.0,1.0,0.8,2.4000000000000004,10.600000000000001,-2.9,-9.3,12.700000000000001,16
6910,115614.0,0.2,1.0,1.2000000000000002,1.1,2.4000000000000004,10.8,1.7,-4.5,12.000000000000002,16
6911,115631.0,0.30000000000000004,1.0,1.2000000000000002,1.4000000000000001,2.4000000000000004,10.8,7.1000000000000005,0.6000000000000001,10.5,16
6912,115647.0,0.7000000000000001,0.9,1.0,1.7000000000000002,2.4000000000000004,10.600000000000001,8.4,3.4,7.400000000000001,16
6913,115666.0,1.0,0.8,0.9,1.9000000000000001,2.3000000000000003,10.5,6.5,6.1000000000000005,3.3000000000000003,16
6914,115684.0,1.0,0.5,0.4,1.9000000000000001,2.1,10.100000000000001,4.5,11.2,-1.7,16
6915,115699.0,1.0,0.5,0.4,1.9000000000000001,2.1,10.100000000000001,4.5,11.2,-1.7,16
6916,115714.0,0.1,0.5,0.6000000000000001,0.9,2.0,10.200000000000001,-10.600000000000001,8.9,-9.5,16
6917,115731.0,-0.2,0.6000000000000001,0.9,0.5,2.1,10.600000000000001,-24.5,-2.6,-8.200000000000001,16
6918,115748.0,-0.2,0.6000000000000001,1.1,0.7000000000000001,1.9000000000000001,10.9,-34.400000000000006,-11.9,-7.300000000000001,16
6919,115765.0,0.2,0.30000000000000004,1.7000000000000002,1.2000000000000002,1.6,11.4,-39.1,-17.7,-9.3,16
6920,115785.0,0.7000000000000001,0.1,2.1,1.6,1.3,11.700000000000001,-37.6,-18.7,-12.6,16
6921,115797.0,0.9,0.0,2.1,2.0,1.0,11.8,-29.200000000000003,-13.3,-15.000000000000002,16
6922,115815.0,1.2000000000000002,-0.2,1.8,2.2,0.8,11.600000000000001,-17.400000000000002,-4.9,-15.7,16
6923,115831.0,1.2000000000000002,-0.2,1.5,2.2,0.8,11.3,-6.2,2.1,-14.900000000000002,16
6924,115848.0,1.2000000000000002,-0.30000000000000004,1.2000000000000002,2.2,0.7000000000000001,10.8,3.1,7.9,-12.200000000000001,16
6925,115864.0,1.1,-0.30000000000000004,0.6000000000000001,2.1,0.8,10.3,9.600000000000001,12.700000000000001,-8.700000000000001,16
6926,115888.0,1.0,-0.30000000000000004,-0.30000000000000004,2.0,0.8,9.5,15.9,18.3,-5.500000000000001,16
6927,115897.0,0.9,-0.30000000000000004,-0.7000000000000001,1.7000000000000002,0.8,9.0,22.6,24.7,-4.300000000000001,16
6928,115915.0,0.6000000000000001,-0.30000000000000004,-1.0,1.3,0.9,8.700000000000001,25.1,27.0,-5.4,16
6929,115931.0,0.1,-0.30000000000000004,-1.2000000000000002,0.9,0.9,8.5,23.0,21.5,-6.6000000000000005,16
6930,115947.0,0.1,-0.4,-1.3,0.7000000000000001,0.9,8.5,16.1,11.6,-8.0,16
6931,115964.0,0.0,-0.5,-1.2000000000000002,0.7000000000000001,0.8,8.5,6.1000000000000005,-0.9,-9.4,16
6932,115984.0,0.1,-0.5,-1.2000000000000002,0.9,0.7000000000000001,8.6,-5.8,-10.0,-9.8,16
6933,115997.0,0.2,-0.6000000000000001,-1.1,1.0,0.6000000000000001,8.700000000000001,-12.5,-16.5,-8.600000000000001,16
6934,116014.0,0.4,-0.7000000000000001,-0.8,1.2000000000000002,0.6000000000000001,8.9,-13.200000000000001,-15.299999999999999,-6.7,16
6935,116031.0,0.2,-0.6000000000000001,-0.9,1.0,0.6000000000000001,8.8,-9.0,-10.700000000000001,-4.300000000000001,16
6936,116047.0,0.0,-0.5,-1.0,0.7000000000000001,0.7000000000000001,8.6,-2.7,-4.9,-1.3,16
6937,116064.0,-0.5,-0.30000000000000004,-1.2000000000000002,0.2,0.9,8.4,0.6000000000000001,-2.6,1.3,16
6938,116083.0,-0.9,-0.2,-1.6,-0.1,1.0,8.1,0.30000000000000004,-4.1000000000000005,2.8,16
6939,116099.0,-1.1,0.0,-1.7000000000000002,-0.30000000000000004,1.2000000000000002,7.9,-1.5000000000000002,-6.000000000000001,3.5,16
6940,116114.0,-1.4000000000000001,0.1,-1.8,-0.5,1.3,7.9,-3.1,-7.0,4.2,16
6941,116132.0,-1.5,0.2,-1.7000000000000002,-0.6000000000000001,1.3,7.9,-5.9,-9.700000000000001,3.8,16
6942,116147.0,-1.5,0.2,-1.6,-0.7000000000000001,1.4000000000000001,8.200000000000001,-11.8,-12.4,1.9,16
6943,116164.0,-1.6,0.30000000000000004,-1.1,-0.6000000000000001,1.4000000000000001,8.700000000000001,-18.0,-15.8,1.5000000000000002,16
6944,116181.0,-1.3,0.30000000000000004,-0.4,-0.30000000000000004,1.3,9.200000000000001,-21.900000000000002,-15.8,2.8,16
6945,116200.0,-1.1,0.30000000000000004,-0.1,0.0,1.2000000000000002,9.700000000000001,-22.000000000000004,-13.0,3.4,16
6946,116217.0,-0.9,0.30000000000000004,0.30000000000000004,0.1,1.2000000000000002,10.0,-16.0,-4.9,4.2,16
6947,116231.0,-1.0,0.4,0.4,0.0,1.3,10.100000000000001,-5.500000000000001,7.6,5.4,16
6948,116248.0,-1.1,0.4,0.5,-0.2,1.3,10.200000000000001,5.1,16.400000000000002,6.6000000000000005,16
6949,116264.0,-1.3,0.4,0.6000000000000001,-0.4,1.4000000000000001,10.3,9.0,19.0,7.0,16
6950,116282.0,-1.4000000000000001,0.5,0.8,-0.5,1.5,10.5,8.4,14.900000000000002,8.4,16
6951,116298.0,-1.2000000000000002,0.6000000000000001,1.0,-0.4,1.5,10.600000000000001,6.8,9.700000000000001,10.700000000000001,16
6952,116314.0,-1.0,0.5,1.2000000000000002,0.0,1.5,10.9,6.5,5.0,12.9,16
6953,116331.0,-0.4,0.4,1.5,0.4,1.4000000000000001,11.200000000000001,7.0,0.30000000000000004,13.4,16
6954,116349.0,-0.2,0.4,1.8,0.6000000000000001,1.4000000000000001,11.5,7.9,-4.0,13.9,16
6955,116364.0,0.0,0.4,2.0,0.9,1.5,11.8,10.5,-6.8,15.6,16
6956,116383.0,0.2,0.4,2.3000000000000003,1.2000000000000002,1.5,12.0,14.3,-8.0,16.3,16
6957,116399.0,0.6000000000000001,0.4,2.5,1.5,1.5,12.200000000000001,19.1,-7.9,13.9,16
6958,116418.0,0.6000000000000001,0.4,2.5,2.0,1.6,12.600000000000001,20.3,-13.700000000000001,8.600000000000001,16
6959,116431.0,0.9,0.4,2.8000000000000003,2.0,1.6,12.600000000000001,20.3,-13.700000000000001,8.600000000000001,16
6960,116447.0,1.6,0.2,2.1,2.5,1.6,12.200000000000001,14.600000000000001,-16.900000000000002,3.5,16
6961,116464.0,1.6,0.0,1.3,2.5,1.2000000000000002,10.8,8.799999999999999,-5.6,0.30000000000000004,16
6962,116483.0,1.2000000000000002,-0.1,0.8,2.1,1.2000000000000002,10.5,4.800000000000001,1.2000000000000002,1.0,16
6963,116498.0,0.6000000000000001,-0.2,0.5,1.7000000000000002,1.2000000000000002,10.200000000000001,1.6,3.4,3.3000000000000003,16
6964,116514.0,0.6000000000000001,-0.2,0.30000000000000004,1.7000000000000002,1.0,9.9,0.7,3.2,5.0,16
6965,116531.0,0.6000000000000001,-0.4,-0.1,1.7000000000000002,0.8,9.600000000000001,4.3999999999999995,4.3999999999999995,4.9,16
6966,116548.0,0.8,-0.7000000000000001,-0.30000000000000004,1.8,0.7000000000000001,9.4,11.2,6.5,2.7,16
6967,116564.0,0.8,-0.8,-0.4,2.0,0.6000000000000001,9.1,18.2,7.8,-0.5,16
6968,116584.0,1.0,-0.9,-0.9,2.0,0.6000000000000001,8.700000000000001,23.700000000000003,9.200000000000001,-3.6,16
6969,116598.0,1.0,-0.8,-1.3,2.0,0.7000000000000001,8.3,24.000000000000004,10.2,-6.3,16
6970,116614.0,0.9,-0.8,-1.5,1.9000000000000001,0.8,8.0,17.3,8.4,-8.0,16
6971,116631.0,0.9,-0.7000000000000001,-1.8,1.8,0.9,7.9,5.0,6.7,-9.3,16
6972,116648.0,0.6000000000000001,-0.7000000000000001,-1.6,1.5,0.9,8.1,-8.4,4.300000000000001,-9.8,16
6973,116664.0,0.4,-0.6000000000000001,-1.4000000000000001,1.2000000000000002,1.0,8.4,-17.599999999999998,1.3,-7.2,16
6974,116681.0,0.2,-0.4,-1.0,1.2000000000000002,1.0,8.8,-18.5,1.0999999999999999,-2.9,16
6975,116698.0,0.30000000000000004,-0.4,-0.8,1.2000000000000002,1.0,8.8,-18.5,1.0999999999999999,-2.9,16
6976,116714.0,0.5,-0.30000000000000004,-0.8,1.4000000000000001,1.1,8.9,-5.6,2.4000000000000004,-3.1,16
6977,116731.0,0.4,-0.2,-1.0,1.2000000000000002,1.3,8.6,0.5,2.1,-5.9,16
6978,116748.0,-0.1,0.1,-1.4000000000000001,0.8,1.5,8.200000000000001,1.6,2.6,-7.8,16
6979,116764.0,-0.5,0.30000000000000004,-1.8,0.4,1.7000000000000002,7.9,-2.5,1.0999999999999999,-8.3,16
6980,116782.0,-0.7000000000000001,0.30000000000000004,-1.9000000000000001,0.1,1.8,7.7,-9.1,-0.6000000000000001,-7.500000000000001,16
6981,116797.0,-0.9,0.5,-1.8,-0.1,1.9000000000000001,7.800000000000001,-16.400000000000002,-1.0,-5.6,16
6982,116814.0,-1.1,0.6000000000000001,-1.4000000000000001,-0.2,1.9000000000000001,8.200000000000001,-21.400000000000002,-1.9,-3.3000000000000003,16
6983,116831.0,-1.1,0.6000000000000001,-1.2000000000000002,-0.2,1.8,8.6,-21.200000000000003,-3.1,-2.1,16
6984,116848.0,-1.0,0.6000000000000001,-0.7000000000000001,-0.1,1.8,9.0,-17.200000000000003,-4.300000000000001,-2.1,16
6985,116865.0,-1.0,0.7000000000000001,-0.30000000000000004,-0.1,1.9000000000000001,9.3,-12.4,-4.7,-3.1,16
6986,116883.0,-1.1,0.7000000000000001,-0.2,-0.2,1.9000000000000001,9.4,-8.0,-5.2,-3.6,16
6987,116898.0,-1.2000000000000002,0.9,-0.1,-0.30000000000000004,2.1,9.600000000000001,-5.8,-4.3999999999999995,-2.3000000000000003,16
6988,116914.0,-1.2000000000000002,1.0,0.0,-0.30000000000000004,2.1,9.600000000000001,-5.8,-4.3999999999999995,-2.3000000000000003,16
6989,116931.0,-1.0,1.0,0.2,0.0,2.1,10.0,-5.8,0.8,5.8,16
6990,116948.0,-0.8,1.0,0.5,0.2,2.1,10.200000000000001,-3.6,6.1000000000000005,9.3,16
6991,116964.0,-0.5,1.0,0.9,0.30000000000000004,2.1,10.600000000000001,1.4,10.600000000000001,11.6,16
6992,116981.0,-0.4,1.0,1.1,0.5,2.2,10.9,6.8,11.8,12.5,16
6993,117006.0,0.2,0.9,1.4000000000000001,0.9,2.2,11.0,9.9,9.600000000000001,12.3,16
6994,117014.0,0.5,0.8,1.3,1.3,2.0,11.0,10.8,8.0,10.3,16
6995,117031.0,0.7000000000000001,0.6000000000000001,1.2000000000000002,1.5,1.8,10.8,9.5,8.1,6.3,16
6996,117048.0,0.6000000000000001,0.4,1.2000000000000002,1.3,1.6,11.0,3.2,5.4,3.5,16
6997,117065.0,0.6000000000000001,0.2,1.7000000000000002,1.4000000000000001,1.4000000000000001,11.4,-9.4,-3.1,3.6,16
6998,117082.0,0.9,-0.30000000000000004,1.9000000000000001,1.7000000000000002,1.0,11.600000000000001,-22.1,-9.5,4.800000000000001,16
6999,117098.0,1.0,-0.4,2.0,1.7000000000000002,0.8,11.9,-27.8,-10.9,6.5,16
7000,117114.0,0.9,-0.4,2.4000000000000004,1.8,0.6000000000000001,12.200000000000001,-23.3,-8.1,10.4,16
7001,117131.0,1.0,-0.6000000000000001,2.5,2.3000000000000003,0.7000000000000001,12.200000000000001,-7.1000000000000005,1.9,12.700000000000001,16
7002,117147.0,1.2000000000000002,-0.5,1.8,2.1,0.5,11.600000000000001,5.2,6.2,8.700000000000001,16
7003,117164.0,1.1,-0.5,1.6,1.9000000000000001,0.6000000000000001,11.3,15.299999999999999,9.9,3.7000000000000006,16
7004,117181.0,0.7000000000000001,-0.4,0.6000000000000001,1.6,0.7000000000000001,10.4,19.500000000000004,12.000000000000002,0.4,16
7005,117197.0,0.7000000000000001,-0.4,0.6000000000000001,1.3,0.7000000000000001,9.700000000000001,19.500000000000004,12.000000000000002,0.4,16
7006,117217.0,0.30000000000000004,-0.5,-0.5,1.1,0.7000000000000001,9.3,17.7,15.5,-2.1,16
7007,117231.0,0.2,-0.7000000000000001,-0.8,0.9,0.5,9.0,16.3,16.8,-2.9,16
7008,117248.0,0.2,-0.8,-0.9,0.8,0.4,8.8,17.0,17.7,-4.5,16
7009,117264.0,0.0,-0.9,-0.9,0.6000000000000001,0.30000000000000004,8.8,16.8,14.600000000000001,-7.0,16
7010,117281.0,0.0,-1.0,-1.0,0.5,0.30000000000000004,8.8,15.6,10.2,-10.3,16
7011,117299.0,-0.2,-1.0,-0.9,0.4,0.4,9.0,14.3,2.8,-12.8,16
7012,117314.0,0.0,-1.0,-0.6000000000000001,0.6000000000000001,0.4,9.1,9.700000000000001,-7.1000000000000005,-14.3,16
7013,117331.0,0.1,-1.0,-0.6000000000000001,0.6000000000000001,0.4,9.1,4.0,-14.4,-15.2,16
7014,117347.0,0.5,-1.0,-1.0,1.1,0.4,8.6,-2.5,-13.6,-15.8,16
7015,117365.0,0.30000000000000004,-1.0,-1.4000000000000001,0.8,0.4,8.3,-5.8,-7.699999999999999,-14.900000000000002,16
7016,117381.0,-0.4,-0.9,-1.5,0.30000000000000004,0.5,8.200000000000001,-5.9,0.6000000000000001,-11.2,16
7017,117399.0,-1.0,-0.8,-1.4000000000000001,-0.30000000000000004,0.6000000000000001,8.200000000000001,-4.6000000000000005,4.0,-5.8,16
7018,117414.0,-1.2000000000000002,-0.8,-1.4000000000000001,-0.7000000000000001,0.6000000000000001,8.3,-3.4,0.1,-1.6,16
7019,117432.0,-1.4000000000000001,-0.8,-1.3,-0.8,0.6000000000000001,8.3,-1.4,-4.3999999999999995,1.4,16
7020,117448.0,-1.5,-0.7000000000000001,-1.3,-0.9,0.7000000000000001,8.3,2.6,-7.8,4.6000000000000005,16
7021,117464.0,-1.6,-0.6000000000000001,-1.3,-1.0,0.8,8.4,6.6000000000000005,-8.600000000000001,8.600000000000001,16
7022,117482.0,-1.5,-0.5,-1.1,-0.8,0.9,8.6,8.700000000000001,-9.3,11.6,16
7023,117498.0,-1.3,-0.5,-0.8,-0.6000000000000001,0.9,8.8,7.9,-9.200000000000001,12.200000000000001,16
7024,117514.0,-1.1,-0.4,-0.6000000000000001,-0.4,1.0,9.1,5.7,-7.699999999999999,11.6,16
7025,117531.0,-1.0,-0.30000000000000004,-0.30000000000000004,-0.30000000000000004,1.1,9.3,3.1,-3.1,10.4,16
7026,117547.0,-1.0,-0.30000000000000004,0.1,-0.30000000000000004,1.1,9.700000000000001,1.5000000000000002,3.0000000000000004,9.8,16
7027,117567.0,-1.1,-0.2,0.30000000000000004,-0.4,1.2000000000000002,10.100000000000001,0.8,7.400000000000001,9.700000000000001,16
7028,117581.0,-1.0,-0.1,0.7000000000000001,-0.30000000000000004,1.3,10.4,1.6,9.200000000000001,9.600000000000001,16
7029,117597.0,-0.8,-0.1,0.9,0.0,1.3,10.5,4.300000000000001,9.700000000000001,8.3,16
7030,117615.0,-0.4,-0.1,0.9,0.30000000000000004,1.3,10.5,8.600000000000001,10.600000000000001,5.7,16
7031,117631.0,-0.2,-0.1,0.9,0.30000000000000004,1.3,10.5,13.5,12.5,2.1999999999999997,16
7032,117647.0,-0.30000000000000004,0.0,0.9,0.30000000000000004,1.5,10.5,18.2,13.5,0.5,16
7033,117665.0,-0.2,0.0,0.8,0.30000000000000004,1.6,10.4,19.1,12.3,0.6000000000000001,16
7034,117682.0,-0.30000000000000004,0.2,0.7000000000000001,0.1,1.8,10.3,18.900000000000002,10.3,1.7,16
7035,117697.0,-0.4,0.2,0.6000000000000001,0.0,2.0,10.4,16.700000000000003,9.200000000000001,2.5,16
7036,117714.0,-0.4,0.4,1.0,0.1,2.1,10.9,9.4,-0.7,0.7,16
7037,117731.0,-0.1,0.5,1.6,0.4,2.2,11.3,-3.3000000000000003,-16.700000000000003,-2.9,16
7038,117749.0,0.30000000000000004,0.5,1.8,0.9,2.2,11.4,-15.100000000000001,-28.8,-4.2,16
7039,117764.0,0.6000000000000001,0.5,1.8,1.4000000000000001,2.0,11.5,-20.0,-31.2,-2.8,16
7040,117781.0,1.1,0.30000000000000004,1.6,1.9000000000000001,1.8,11.200000000000001,-15.5,-22.6,-1.8,16
7041,117798.0,1.6,0.1,1.3,2.3000000000000003,1.6,11.0,-1.9,-7.1000000000000005,-2.6,16
7042,117814.0,1.6,0.0,1.3,2.3000000000000003,1.5,11.100000000000001,9.1,4.300000000000001,-7.699999999999999,16
7043,117831.0,1.4000000000000001,0.0,1.1,2.2,1.6,10.700000000000001,13.5,4.2,-12.3,16
7044,117851.0,1.6,-0.2,0.2,2.3000000000000003,1.4000000000000001,9.8,14.3,5.0,-15.000000000000002,16
7045,117867.0,1.6,-0.4,-0.5,2.3000000000000003,1.3,9.3,11.700000000000001,7.1000000000000005,-17.9,16
7046,117880.0,1.5,-0.5,-0.6000000000000001,2.1,1.2000000000000002,9.0,5.9,5.2,-20.7,16
7047,117897.0,1.1,-0.5,-0.6000000000000001,1.8,1.2000000000000002,9.1,-0.8,1.3,-21.3,16
7048,117914.0,1.0,-0.5,-0.5,1.6,1.3,9.3,-5.8,-4.9,-18.400000000000002,16
7049,117930.0,1.1,-0.30000000000000004,-0.4,1.9000000000000001,1.4000000000000001,9.3,-7.500000000000001,-12.200000000000001,-14.200000000000001,16
7050,117947.0,1.7000000000000002,-0.30000000000000004,-0.4,2.5,1.4000000000000001,9.3,-5.500000000000001,-13.9,-12.700000000000001,16
7051,117964.0,1.9000000000000001,-0.2,-0.5,2.8000000000000003,1.5,9.200000000000001,-1.4,-16.0,-15.2,16
7052,117981.0,1.8,0.0,-0.5,2.6,1.8,9.1,2.9,-13.700000000000001,-18.0,16
7053,117997.0,1.3,0.4,-0.8,2.2,2.1,8.8,4.9,-13.200000000000001,-18.400000000000002,16
7054,118014.0,1.1,0.6000000000000001,-1.0,2.0,2.4000000000000004,8.5,3.3000000000000003,-13.8,-17.400000000000002,16
7055,118030.0,0.9,0.7000000000000001,-1.4000000000000001,1.8,2.4000000000000004,8.1,-0.8,-14.200000000000001,-17.599999999999998,16
7056,118047.0,0.5,0.7000000000000001,-1.7000000000000002,1.4000000000000001,2.4000000000000004,7.9,-2.7,-10.4,-18.900000000000002,16
7057,118067.0,-0.1,0.8,-1.8,0.9,2.5,7.800000000000001,1.0,-4.9,-19.6,16
7058,118080.0,-0.4,0.8,-1.7000000000000002,0.5,2.5,7.9,5.2,-0.5,-20.6,16
7059,118097.0,-0.7000000000000001,0.8,-1.8,0.30000000000000004,2.5,7.7,6.2,-1.0999999999999999,-22.000000000000004,16
7060,118114.0,-0.8,0.7000000000000001,-1.9000000000000001,0.1,2.5,7.5,3.8,-2.8,-23.900000000000002,16
7061,118131.0,-0.9,0.6000000000000001,-2.0,0.0,2.4000000000000004,7.5,-1.5000000000000002,-3.3000000000000003,-25.8,16
7062,118150.0,-1.2000000000000002,0.6000000000000001,-1.8,-0.30000000000000004,2.4000000000000004,7.7,-5.9,-3.5,-25.2,16
7063,118166.0,-1.4000000000000001,0.5,-1.6,-0.5,2.3000000000000003,8.0,-7.699999999999999,-1.5000000000000002,-21.400000000000002,16
7064,118181.0,-1.6,0.5,-1.4000000000000001,-0.7000000000000001,2.3000000000000003,8.200000000000001,-7.300000000000001,-1.8,-16.3,16
7065,118197.0,-1.6,0.5,-1.3,-0.7000000000000001,2.3000000000000003,8.200000000000001,-7.300000000000001,-1.8,-16.3,16
7066,118214.0,-1.4000000000000001,0.5,-1.1,-0.5,2.3000000000000003,8.3,-7.2,-2.4000000000000004,-12.5,16
7067,118231.0,-1.4000000000000001,0.5,-0.8,-0.5,2.4000000000000004,8.8,-6.7,-5.1,-11.5,16
7068,118248.0,-1.7000000000000002,0.8,-0.6000000000000001,-0.8,2.6,9.0,-5.4,-4.1000000000000005,-8.4,16
7069,118264.0,-1.9000000000000001,1.0,-0.30000000000000004,-1.0,2.7,9.200000000000001,-3.3000000000000003,-1.3,-2.9,16
7070,118281.0,-1.9000000000000001,1.1,-0.1,-0.9,2.9000000000000004,9.700000000000001,-2.0,-2.7,2.4000000000000004,16
7071,118297.0,-1.6,1.2000000000000002,0.6000000000000001,-0.6000000000000001,3.0,10.3,-4.6000000000000005,-8.5,5.500000000000001,16
7072,118314.0,-1.0,1.4000000000000001,1.3,0.0,3.1,10.8,-8.0,-17.200000000000003,6.9,16
7073,118331.0,-0.6000000000000001,1.4000000000000001,1.6,0.8,3.1,11.3,-9.4,-24.400000000000002,7.300000000000001,16
7074,118347.0,0.4,1.4000000000000001,2.0,1.6,3.1,11.600000000000001,-6.2,-22.3,6.000000000000001,16
7075,118365.0,1.0,1.3,2.2,2.2,3.1,11.700000000000001,2.1999999999999997,-17.9,2.4000000000000004,16
7076,118387.0,1.2000000000000002,1.5,1.9000000000000001,2.3000000000000003,3.2,11.5,16.2,-6.1000000000000005,-1.0999999999999999,16
7077,118397.0,1.2000000000000002,1.5,1.9000000000000001,1.8,3.4000000000000004,11.3,28.3,6.8,-5.4,16
7078,118414.0,0.4,1.6,1.8,1.8,3.4000000000000004,11.3,28.3,6.8,-5.4,16
7079,118431.0,0.5,1.2000000000000002,2.0,1.7000000000000002,3.2,11.600000000000001,5.7,-12.4,-8.0,16
7080,118447.0,0.7000000000000001,0.7000000000000001,1.6,2.0,2.5,11.200000000000001,-6.6000000000000005,-14.3,-7.9,16
7081,118465.0,0.9,0.2,1.8,2.1,2.1,11.4,-7.500000000000001,-5.7,-5.9,16
7082,118486.0,0.9,-0.2,2.1,2.2,1.8,11.700000000000001,-1.4,6.3,-0.7,16
7083,118497.0,1.0,-0.30000000000000004,2.0,2.4000000000000004,1.5,11.4,13.700000000000001,12.6,4.2,16
7084,118514.0,1.5,-0.8,1.4000000000000001,2.7,1.2000000000000002,10.9,29.1,18.6,2.4000000000000004,16
7085,118531.0,1.3,-1.0,0.6000000000000001,2.4000000000000004,1.1,10.200000000000001,39.00000000000001,17.9,-5.4,16
7086,118547.0,1.1,-1.1,0.2,2.0,1.2000000000000002,9.4,39.699999999999996,11.8,-13.6,16
7087,118567.0,0.5,-1.0,-0.7000000000000001,1.4000000000000001,1.4000000000000001,8.700000000000001,33.800000000000004,7.300000000000001,-18.5,16
7088,118586.0,0.0,-0.9,-1.3,1.0,1.5,8.3,22.900000000000002,2.1,-19.1,16
7089,118597.0,-0.1,-0.9,-1.4000000000000001,0.9,1.4000000000000001,8.1,8.0,-3.4,-18.1,16
7090,118615.0,-0.2,-1.1,-1.4000000000000001,0.9,1.3,8.1,-5.7,-9.1,-16.6,16
7091,118631.0,-0.1,-1.3,-1.1,1.0,1.1,8.4,-17.9,-14.0,-14.800000000000002,16
7092,118647.0,0.0,-1.3,-1.0,1.1,1.0,8.5,-24.6,-15.9,-11.8,16
7093,118664.0,0.0,-1.4000000000000001,-1.0,1.1,0.9,8.5,-24.000000000000004,-11.700000000000001,-9.1,16
7094,118688.0,-0.2,-1.2000000000000002,-1.3,0.9,1.0,8.200000000000001,-16.8,-0.5,-5.6,16
7095,118697.0,-0.5,-1.1,-1.4000000000000001,0.4,1.2000000000000002,7.9,-8.3,9.200000000000001,-1.7,16
7096,118714.0,-1.0,-0.8,-1.7000000000000002,0.0,1.3,7.800000000000001,-4.800000000000001,11.700000000000001,0.7,16
7097,118731.0,-1.3,-0.6000000000000001,-1.9000000000000001,-0.30000000000000004,1.5,7.6000000000000005,-6.6000000000000005,7.699999999999999,2.3000000000000003,16
7098,118748.0,-1.4000000000000001,-0.5,-1.8,-0.4,1.6,7.7,-11.700000000000001,-0.4,3.8,16
7099,118764.0,-1.3,-0.4,-1.6,-0.2,1.7000000000000002,8.0,-17.400000000000002,-7.699999999999999,5.0,16
7100,118786.0,-1.1,-0.4,-1.1,0.0,1.6,8.4,-19.200000000000003,-12.100000000000001,5.7,16
7101,118797.0,-1.0,-0.4,-1.0,0.2,1.5,8.5,-14.500000000000002,-12.5,5.500000000000001,16
7102,118814.0,-0.9,-0.30000000000000004,-0.8,0.2,1.6,8.8,-7.0,-8.3,4.300000000000001,16
7103,118831.0,-0.8,-0.2,-0.4,0.4,1.7000000000000002,9.1,-2.1999999999999997,-7.8,0.7,16
7104,118847.0,-0.7000000000000001,-0.2,-0.4,0.5,1.7000000000000002,9.1,-2.5,-9.600000000000001,-5.2,16
7105,118864.0,-0.7000000000000001,-0.1,-0.6000000000000001,0.4,1.8,8.700000000000001,-2.5,-5.500000000000001,-10.0,16
7106,118887.0,-1.1,0.1,-1.0,0.0,1.9000000000000001,8.4,-0.6000000000000001,3.2,-12.8,16
7107,118898.0,-1.5,0.2,-0.8,-0.4,2.0,8.6,-0.9,10.3,-14.200000000000001,16
7108,118914.0,-1.7000000000000002,0.2,-0.6000000000000001,-0.6000000000000001,2.1,9.0,-4.1000000000000005,10.3,-16.1,16
7109,118931.0,-1.7000000000000002,0.2,-0.1,-0.7000000000000001,2.1,9.4,-7.1000000000000005,7.6,-18.7,16
7110,118947.0,-1.5,0.1,0.30000000000000004,-0.6000000000000001,2.0,9.8,-10.0,4.6000000000000005,-20.900000000000002,16
7111,118964.0,-1.4000000000000001,0.1,0.6000000000000001,-0.4,1.9000000000000001,10.3,-14.0,0.5,-21.6,16
7112,118992.0,-1.0,0.0,1.8,-0.1,1.7000000000000002,11.0,-17.3,-3.8,-20.6,16
7113,118999.0,-0.8,-0.1,2.1,0.2,1.6,11.700000000000001,-19.400000000000002,-9.3,-17.200000000000003,16
7114,119014.0,-0.6000000000000001,-0.2,2.4000000000000004,0.5,1.4000000000000001,12.200000000000001,-19.9,-15.5,-12.8,16
7115,119030.0,0.1,-0.30000000000000004,3.1,1.2000000000000002,1.3,12.700000000000001,-21.0,-22.2,-9.5,16
7116,119047.0,0.30000000000000004,-0.30000000000000004,3.4000000000000004,1.4000000000000001,1.2000000000000002,12.9,-25.3,-26.6,-6.9,16
7117,119064.0,0.4,-0.30000000000000004,3.2,1.5,1.2000000000000002,12.8,-22.7,-21.3,-1.4,16
7118,119084.0,0.30000000000000004,0.1,3.3000000000000003,1.6,1.6,13.0,-13.700000000000001,-10.9,7.6,16
7119,119098.0,0.6000000000000001,0.1,3.1,1.9000000000000001,1.5,12.8,-2.8,-3.1,13.200000000000001,16
7120,119114.0,1.0,0.0,2.8000000000000003,2.3000000000000003,1.4000000000000001,12.200000000000001,3.7000000000000006,2.1,12.700000000000001,16
7121,119132.0,1.1,-0.1,2.2,2.2,1.4000000000000001,11.8,5.1,2.5,7.8,16
7122,119147.0,0.7000000000000001,0.1,1.8,1.9000000000000001,1.6,11.5,4.7,1.4,4.2,16
7123,119164.0,0.5,0.1,1.7000000000000002,1.8,1.5,11.4,4.0,0.9,4.5,16
7124,119180.0,0.7000000000000001,0.0,1.6,2.2,1.3,11.200000000000001,4.0,-0.9,5.8,16
7125,119198.0,1.1,-0.2,1.4000000000000001,2.2,1.3,11.200000000000001,4.0,-0.9,5.8,16
7126,119219.0,1.9000000000000001,-0.7000000000000001,0.4,3.1,0.8,10.200000000000001,11.2,12.700000000000001,2.5,16
7127,119233.0,1.8,-0.7000000000000001,0.30000000000000004,2.9000000000000004,0.8,9.9,16.3,21.1,0.7,16
7128,119247.0,1.4000000000000001,-0.7000000000000001,-0.1,2.5,0.8,9.600000000000001,19.700000000000003,24.8,0.6000000000000001,16
7129,119264.0,1.2000000000000002,-0.7000000000000001,-0.5,2.3000000000000003,0.9,9.3,20.4,23.2,1.4,16
7130,119280.0,1.1,-0.6000000000000001,-0.6000000000000001,2.2,1.1,9.0,17.5,19.6,2.3000000000000003,16
7131,119297.0,1.1,-0.6000000000000001,-1.1,2.1,1.1,8.6,13.4,15.6,2.5,16
7132,119315.0,1.0,-0.5,-1.5,2.0,1.3,8.200000000000001,11.5,13.0,1.8,16
7133,119331.0,0.9,-0.4,-1.8,1.7000000000000002,1.4000000000000001,7.800000000000001,12.8,13.700000000000001,0.6000000000000001,16
7134,119347.0,0.4,-0.30000000000000004,-2.2,1.2000000000000002,1.5,7.4,13.6,12.5,-1.6,16
7135,119366.0,-0.2,-0.5,-2.1,0.7000000000000001,1.4000000000000001,7.5,13.100000000000001,2.7,-5.300000000000001,16
7136,119386.0,-0.6000000000000001,-0.30000000000000004,-2.7,0.4,1.6,7.1000000000000005,15.5,-7.9,-8.200000000000001,16
7137,119397.0,-0.7000000000000001,-0.30000000000000004,-3.0,0.1,1.7000000000000002,6.5,14.200000000000001,-9.1,-9.1,16
7138,119414.0,-0.8,-0.2,-3.2,0.0,1.8,6.2,14.200000000000001,-9.1,-9.1,16
7139,119431.0,-1.0,-0.1,-3.5,-0.1,1.9000000000000001,6.1000000000000005,-0.1,-2.8,-4.6000000000000005,16
7140,119447.0,-1.1,-0.1,-3.4000000000000004,-0.1,1.9000000000000001,6.1000000000000005,-0.1,-2.8,-4.6000000000000005,16
7141,119464.0,-1.2000000000000002,-0.1,-2.7,-0.30000000000000004,1.8,6.800000000000001,-13.200000000000001,1.2000000000000002,6.9,16
7142,119485.0,-1.0,-0.1,-2.1,-0.2,1.8,7.300000000000001,-16.700000000000003,1.5000000000000002,10.4,16
7143,119499.0,-1.0,0.0,-1.8,-0.1,1.8,7.800000000000001,-15.5,1.5000000000000002,12.000000000000002,16
7144,119517.0,-0.9,0.2,-1.1,0.0,2.0,8.4,-11.000000000000002,3.3000000000000003,13.200000000000001,16
7145,119531.0,-0.8,0.30000000000000004,-0.7000000000000001,0.2,2.1,9.0,-5.1,6.2,13.8,16
7146,119547.0,-0.5,0.5,-0.2,0.4,2.3000000000000003,9.3,1.4,12.8,14.0,16
7147,119566.0,-0.5,0.8,0.1,0.30000000000000004,2.6,9.600000000000001,6.1000000000000005,20.900000000000002,13.8,16
7148,119585.0,-0.4,1.0,0.7000000000000001,0.30000000000000004,2.8000000000000003,10.100000000000001,6.5,25.2,12.9,16
7149,119599.0,-0.30000000000000004,1.1,0.9,0.4,2.9000000000000004,10.5,3.7000000000000006,25.5,11.2,16
7150,119614.0,-0.1,1.1,1.3,0.5,3.0,10.8,-0.6000000000000001,22.7,8.9,16
7151,119631.0,0.1,1.1,1.5,0.9,2.9000000000000004,11.100000000000001,-5.0,19.8,6.9,16
7152,119647.0,0.6000000000000001,1.0,1.6,1.3,2.8000000000000003,11.100000000000001,-7.6,19.3,5.2,16
7153,119665.0,1.1,1.0,1.3,1.5,2.8000000000000003,10.9,-4.7,26.9,3.8,16
7154,119684.0,0.9,0.9,1.1,1.3,2.7,10.700000000000001,5.1,38.7,1.7,16
7155,119701.0,0.9,0.9,1.1,1.3,2.7,10.700000000000001,5.1,38.7,1.7,16
7156,119714.0,-0.30000000000000004,0.8,1.2000000000000002,-0.30000000000000004,2.7,10.9,15.399999999999999,41.300000000000004,-3.8,16
7157,119731.0,-0.7000000000000001,0.6000000000000001,1.6,-0.7000000000000001,2.6,11.200000000000001,5.4,18.2,-5.0,16
7158,119747.0,-0.6000000000000001,0.5,1.5,-0.6000000000000001,2.3000000000000003,11.0,-7.9,3.7000000000000006,-3.5,16
7159,119764.0,-0.4,0.2,1.3,-0.30000000000000004,2.0,10.9,-15.6,-5.6,-0.7,16
7160,119782.0,0.1,-0.1,1.2000000000000002,0.2,1.7000000000000002,10.8,-20.3,-6.5,2.1,16
7161,119801.0,0.30000000000000004,-0.2,1.1,0.4,1.5,10.9,-17.599999999999998,1.0999999999999999,6.3,16
7162,119814.0,0.5,-0.4,1.4000000000000001,0.6000000000000001,1.2000000000000002,11.200000000000001,-10.5,2.9,9.600000000000001,16
7163,119831.0,1.1,-0.7000000000000001,1.5,1.2000000000000002,1.0,11.200000000000001,-4.5,1.6,10.700000000000001,16
7164,119847.0,1.4000000000000001,-0.8,1.4000000000000001,1.6,0.8,11.0,2.5,0.8,9.3,16
7165,119864.0,1.8,-1.0,0.9,1.9000000000000001,0.7000000000000001,10.5,10.700000000000001,2.1999999999999997,5.500000000000001,16
7166,119881.0,1.7000000000000002,-0.9,0.4,1.7000000000000002,0.9,10.100000000000001,17.1,6.2,2.8,16
7167,119903.0,1.4000000000000001,-0.8,-0.1,1.6,1.0,9.700000000000001,15.9,5.500000000000001,2.8,16
7168,119914.0,1.3,-0.8,-0.5,1.4000000000000001,1.1,9.1,11.8,2.4000000000000004,3.5,16
7169,119931.0,1.3,-0.7000000000000001,-0.8,1.4000000000000001,1.2000000000000002,8.8,7.9,2.3000000000000003,4.6000000000000005,16
7170,119947.0,1.2000000000000002,-0.6000000000000001,-0.9,1.2000000000000002,1.3,8.8,3.9,-0.30000000000000004,5.2,16
7171,119965.0,0.9,-0.30000000000000004,-1.1,1.0,1.6,8.5,-1.3,-3.4,7.0,16
7172,119997.0,0.5,0.0,-1.6,0.5,1.9000000000000001,8.0,-9.200000000000001,-8.799999999999999,10.600000000000001,16
7173,120016.0,0.1,0.2,-1.5,0.30000000000000004,2.1,8.1,-8.700000000000001,-14.100000000000001,12.000000000000002,16
7174,120030.0,0.0,0.4,-1.6,0.30000000000000004,2.1,8.1,-8.700000000000001,-14.100000000000001,12.000000000000002,16
7175,120047.0,0.1,0.30000000000000004,-1.6,0.4,2.1,8.0,-6.9,-22.3,8.200000000000001,16
7176,120135.0,-0.6000000000000001,0.0,-1.9000000000000001,0.0,1.6,7.6000000000000005,-16.3,-16.700000000000003,-18.5,16
7177,120150.0,-0.8,-0.30000000000000004,-1.8,-0.1,1.3,7.7,-11.9,-6.1000000000000005,-18.0,16
7178,120168.0,-1.0,-0.2,-1.1,-0.30000000000000004,1.3,8.4,-4.2,-1.5000000000000002,-18.900000000000002,16
7179,120193.0,-1.2000000000000002,-0.2,-0.7000000000000001,-0.7000000000000001,1.4000000000000001,8.9,10.600000000000001,-4.2,-26.200000000000003,16
7180,120197.0,-1.2000000000000002,-0.2,-0.7000000000000001,-0.7000000000000001,1.4000000000000001,8.9,10.600000000000001,-4.2,-26.200000000000003,16
7181,120214.0,-1.3,-0.1,-0.5,-0.8,1.6,9.200000000000001,17.0,-2.1999999999999997,-30.299999999999997,16
7182,120230.0,-1.6,0.1,0.1,-1.1,1.9000000000000001,9.700000000000001,21.700000000000003,-1.6,-31.5,16
7183,120247.0,-1.8,0.4,0.4,-1.2000000000000002,2.2,9.9,21.0,-2.3000000000000003,-28.8,16
7184,120264.0,-1.7000000000000002,0.5,0.6000000000000001,-1.1,2.5,10.100000000000001,12.9,-3.6,-23.700000000000003,16
7185,120283.0,-1.4000000000000001,0.8,0.7000000000000001,-0.8,2.6,10.3,-0.6000000000000001,-4.6000000000000005,-17.400000000000002,16
7186,120297.0,-0.9,0.7000000000000001,1.4000000000000001,-0.4,2.5,10.9,-14.200000000000001,-6.3,-11.6,16
7187,120314.0,-0.7000000000000001,0.6000000000000001,1.6,-0.2,2.4000000000000004,11.4,-19.400000000000002,-2.1,-7.500000000000001,16
7188,120330.0,-0.8,0.6000000000000001,2.4000000000000004,-0.30000000000000004,2.4000000000000004,12.100000000000001,-16.400000000000002,0.5,-4.3999999999999995,16
7189,120347.0,-0.7000000000000001,0.7000000000000001,3.2,-0.2,2.4000000000000004,12.8,-9.8,-0.7,-3.5,16
7190,120364.0,-0.6000000000000001,0.7000000000000001,3.7,0.1,2.5,13.600000000000001,-1.0999999999999999,-7.6,-5.500000000000001,16
7191,120388.0,0.1,1.0,4.1000000000000005,0.7000000000000001,2.7,13.5,1.8,-18.0,-6.4,16
7192,120398.0,0.5,0.9,2.8000000000000003,1.1,2.6,12.4,2.3000000000000003,-17.3,-5.500000000000001,16
7193,120414.0,0.6000000000000001,0.8,2.4000000000000004,1.3,2.6,11.8,7.8,-8.1,-5.6,16
7194,120430.0,0.5,0.5,1.5,1.1,2.3000000000000003,10.9,13.100000000000001,0.8,-7.300000000000001,16
7195,120447.0,0.2,0.4,0.7000000000000001,0.7000000000000001,2.2,10.4,15.299999999999999,11.3,-6.6000000000000005,16
7196,120464.0,-0.1,0.4,0.7000000000000001,0.6000000000000001,2.2,10.200000000000001,15.5,13.4,-3.9,16
7197,120482.0,0.2,0.0,0.1,0.9,1.8,9.8,8.4,10.4,-4.800000000000001,16
7198,120497.0,1.0,-0.4,0.1,1.6,1.4000000000000001,9.8,3.6,8.4,-9.8,16
7199,120514.0,1.4000000000000001,-0.6000000000000001,0.1,1.9000000000000001,1.2000000000000002,9.9,-1.3,6.3,-16.400000000000002,16
7200,120531.0,1.4000000000000001,-0.8,0.4,1.9000000000000001,1.1,10.100000000000001,-7.2,2.4000000000000004,-20.3,16
7201,120547.0,1.4000000000000001,-0.8,0.6000000000000001,1.9000000000000001,1.0,10.3,-10.600000000000001,-1.0,-21.8,16
7202,120564.0,1.4000000000000001,-0.8,0.5,1.8,1.0,10.3,-10.0,-0.8,-22.7,16
7203,120581.0,1.2000000000000002,-0.7000000000000001,0.4,1.6,1.2000000000000002,10.0,-10.5,-3.1,-22.4,16
7204,120598.0,0.7000000000000001,-0.5,-0.30000000000000004,1.1,1.3,9.3,-13.8,-7.2,-19.1,16
7205,120614.0,0.4,-0.4,-0.8,0.7000000000000001,1.4000000000000001,8.5,-18.6,-8.799999999999999,-13.3,16
7206,120631.0,0.0,-0.4,-1.5,0.4,1.3,8.200000000000001,-21.200000000000003,-7.2,-8.5,16
7207,120648.0,-0.5,-0.30000000000000004,-1.4000000000000001,0.0,1.4000000000000001,8.3,-19.400000000000002,-5.9,-5.1,16
7208,120664.0,-1.0,-0.1,-1.1,-0.5,1.5,8.6,-15.2,-8.0,-1.8,16
7209,120681.0,-1.1,0.0,-1.0,-0.5,1.5,8.6,-10.8,-14.600000000000001,1.0,16
7210,120698.0,-1.1,0.0,-1.2000000000000002,-0.5,1.5,8.6,-10.8,-14.600000000000001,1.0,16
7211,120714.0,-0.6000000000000001,-0.1,-2.0,0.1,1.4000000000000001,7.7,-4.6000000000000005,-16.400000000000002,0.30000000000000004,16
7212,120731.0,-0.30000000000000004,-0.2,-2.1,0.4,1.3,7.5,-1.9,-5.2,-4.3999999999999995,16
7213,120747.0,-0.4,0.0,-2.3000000000000003,0.2,1.5,7.300000000000001,3.8,6.4,-6.9,16
7214,120764.0,-0.8,0.30000000000000004,-2.2,-0.2,1.8,7.5,9.3,16.900000000000002,-4.5,16
7215,120781.0,-1.0,0.30000000000000004,-1.9000000000000001,-0.5,1.8,7.7,10.3,14.600000000000001,0.1,16
7216,120797.0,-1.0,0.2,-1.9000000000000001,-0.30000000000000004,1.8,7.6000000000000005,8.700000000000001,8.200000000000001,3.4,16
7217,120822.0,-0.6000000000000001,0.1,-1.8,-0.2,1.8,7.9,8.5,9.8,1.7,16
7218,120830.0,-0.6000000000000001,0.1,-1.8,-0.2,1.8,7.9,8.5,9.8,1.7,16
7219,120848.0,-0.9,0.30000000000000004,-1.4000000000000001,-0.6000000000000001,2.1,8.3,10.5,10.4,2.8,16
7220,120864.0,-1.1,0.6000000000000001,-0.7000000000000001,-0.7000000000000001,2.2,8.9,13.0,10.8,7.0,16
7221,120881.0,-1.0,0.6000000000000001,-0.4,-0.5,2.3000000000000003,9.3,14.800000000000002,9.8,11.000000000000002,16
7222,120897.0,-0.8,0.6000000000000001,0.1,-0.30000000000000004,2.4000000000000004,9.700000000000001,10.9,6.4,12.5,16
7223,120914.0,-0.4,0.6000000000000001,0.2,0.0,2.3000000000000003,9.9,-0.6000000000000001,0.30000000000000004,11.9,16
7224,120931.0,0.5,0.5,1.1,0.8,2.3000000000000003,10.600000000000001,-15.5,-5.4,9.1,16
7225,120948.0,0.8,0.5,1.3,1.4000000000000001,2.1,11.100000000000001,-22.3,0.9,7.1000000000000005,16
7226,120964.0,1.3,0.4,1.9000000000000001,1.7000000000000002,2.0,11.5,-22.000000000000004,8.4,7.2,16
7227,120994.0,1.2000000000000002,0.4,1.9000000000000001,1.3,2.0,11.4,-3.0000000000000004,24.3,8.600000000000001,16
7228,120997.0,1.2000000000000002,0.4,1.9000000000000001,1.3,2.0,11.4,-3.0000000000000004,24.3,8.600000000000001,16
7229,121014.0,0.5,0.6000000000000001,1.8,0.6000000000000001,2.1,11.600000000000001,3.3000000000000003,28.900000000000002,8.1,16
7230,121030.0,-0.1,0.6000000000000001,2.2,0.1,2.2,11.9,0.2,16.6,6.9,16
7231,121047.0,-0.30000000000000004,0.6000000000000001,2.1,-0.2,2.2,11.700000000000001,-7.500000000000001,4.0,6.8,16
7232,121064.0,-0.5,0.6000000000000001,2.0,-0.4,2.2,11.600000000000001,-11.9,-2.9,9.8,16
7233,121080.0,-0.4,0.5,1.8,-0.2,2.0,11.5,-11.700000000000001,-5.1,14.800000000000002,16
7234,121097.0,-0.30000000000000004,0.4,1.7000000000000002,0.1,1.8,11.3,-6.4,-1.6,19.9,16
7235,121116.0,0.30000000000000004,0.1,1.5,0.6000000000000001,1.5,11.3,-0.5,1.0,20.900000000000002,16
7236,121130.0,0.7000000000000001,-0.1,1.6,0.9,1.4000000000000001,11.3,3.8,-0.8,18.2,16
7237,121147.0,1.0,-0.2,1.5,1.4000000000000001,1.2000000000000002,11.100000000000001,8.5,-2.6,14.100000000000001,16
7238,121165.0,1.5,-0.4,1.0,1.8,1.1,10.700000000000001,13.200000000000001,-2.4000000000000004,10.1,16
7239,121180.0,1.3,-0.4,0.6000000000000001,1.6,1.2000000000000002,10.4,17.200000000000003,1.5000000000000002,7.500000000000001,16
7240,121198.0,1.3,-0.5,0.4,1.6,1.1,10.0,19.1,3.0000000000000004,5.500000000000001,16
7241,121216.0,1.2000000000000002,-0.5,0.0,1.4000000000000001,1.1,9.700000000000001,17.5,3.9,4.0,16
7242,121231.0,0.9,-0.6000000000000001,-0.30000000000000004,1.1,1.2000000000000002,9.4,15.100000000000001,3.4,2.1,16
7243,121247.0,0.7000000000000001,-0.6000000000000001,-0.4,1.0,1.2000000000000002,9.3,10.8,0.0,-0.2,16
7244,121264.0,0.5,-0.5,-0.4,0.8,1.2000000000000002,9.200000000000001,5.2,-5.7,-1.5000000000000002,16
7245,121281.0,0.4,-0.5,-0.7000000000000001,0.7000000000000001,1.2000000000000002,9.0,0.8,-11.1,-1.0999999999999999,16
7246,121298.0,0.4,-0.6000000000000001,-0.8,0.6000000000000001,1.2000000000000002,8.700000000000001,0.0,-11.2,0.5,16
7247,121314.0,0.1,-0.5,-1.2000000000000002,0.4,1.3,8.5,3.9,-7.699999999999999,3.0000000000000004,16
7248,121331.0,-0.4,-0.5,-1.4000000000000001,0.0,1.3,8.200000000000001,10.4,-5.2,5.9,16
7249,121348.0,-0.6000000000000001,-0.4,-1.7000000000000002,-0.30000000000000004,1.4000000000000001,7.9,17.0,-4.2,8.600000000000001,16
7250,121370.0,-0.9,-0.5,-2.0,-0.4,1.4000000000000001,7.7,18.900000000000002,-8.9,9.9,16
7251,121380.0,-0.8,-0.5,-2.3000000000000003,-0.30000000000000004,1.5,7.300000000000001,15.399999999999999,-14.0,8.9,16
7252,121397.0,-0.8,-0.4,-2.3000000000000003,-0.30000000000000004,1.5,7.300000000000001,9.4,-15.2,7.400000000000001,16
7253,121414.0,-0.8,-0.4,-2.2,-0.30000000000000004,1.6,7.4,5.2,-15.000000000000002,7.8,16
7254,121431.0,-0.7000000000000001,-0.30000000000000004,-1.9000000000000001,-0.1,1.7000000000000002,7.7,4.7,-10.9,8.4,16
7255,121447.0,-0.7000000000000001,-0.30000000000000004,-1.7000000000000002,-0.1,1.6,7.800000000000001,6.1000000000000005,-3.1,8.3,16
7256,121464.0,-0.7000000000000001,-0.30000000000000004,-1.3,-0.1,1.7000000000000002,8.3,7.300000000000001,-0.5,6.1000000000000005,16
7257,121489.0,-0.7000000000000001,-0.1,-0.7000000000000001,-0.1,2.0,8.8,4.3999999999999995,-0.1,1.9,16
7258,121497.0,-0.7000000000000001,-0.1,-0.7000000000000001,-0.1,2.0,8.8,4.3999999999999995,-0.1,1.9,16
7259,121514.0,-0.7000000000000001,0.0,-0.7000000000000001,-0.1,2.1,8.8,4.5,4.6000000000000005,0.2,16
7260,121531.0,-0.6000000000000001,0.2,-0.6000000000000001,-0.1,2.2,8.9,5.2,10.8,-1.4,16
7261,121548.0,-0.5,0.30000000000000004,-0.30000000000000004,0.0,2.3000000000000003,9.200000000000001,4.5,13.6,-3.4,16
7262,121564.0,-0.4,0.30000000000000004,-0.2,0.1,2.4000000000000004,9.4,3.3000000000000003,15.8,-6.1000000000000005,16
7263,121587.0,-0.2,0.2,0.1,0.1,2.3000000000000003,9.600000000000001,0.4,13.200000000000001,-9.0,16
7264,121597.0,-0.2,0.2,0.4,0.2,2.2,9.9,-2.8,11.1,-11.1,16
7265,121614.0,-0.1,0.1,0.5,0.2,2.1,10.100000000000001,-2.8,11.5,-11.9,16
7266,121631.0,-0.2,0.0,0.9,0.1,2.1,10.5,-1.7,10.8,-11.4,16
7267,121648.0,-0.5,0.2,1.4000000000000001,-0.2,2.3000000000000003,10.9,0.0,8.0,-9.200000000000001,16
7268,121664.0,-0.5,0.30000000000000004,1.6,-0.2,2.5,11.3,3.9,8.0,-6.6000000000000005,16
7269,121688.0,-0.2,0.5,2.7,-0.1,2.6,12.0,5.9,2.0,-5.8,16
7270,121697.0,-0.2,0.5,2.7,-0.1,2.6,12.0,5.9,2.0,-5.8,16
7271,121714.0,0.4,0.6000000000000001,2.9000000000000004,0.8,2.7,12.4,-11.5,-16.2,-5.1,16
7272,121731.0,0.7000000000000001,0.6000000000000001,2.7,1.2000000000000002,2.5,12.4,-15.2,-15.8,-0.8,16
7273,121749.0,1.2000000000000002,0.2,2.5,1.6,2.3000000000000003,12.100000000000001,-8.200000000000001,-6.000000000000001,2.1999999999999997,16
7274,121764.0,1.2000000000000002,0.1,2.1,1.6,2.2,11.8,10.3,11.8,4.2,16
7275,121787.0,1.3,-0.30000000000000004,1.8,1.6,1.9000000000000001,11.5,28.0,20.8,1.8,16
7276,121797.0,1.4000000000000001,-0.4,1.6,1.7000000000000002,1.7000000000000002,11.100000000000001,36.7,19.3,-5.0,16
7277,121814.0,1.4000000000000001,-0.5,1.2000000000000002,1.7000000000000002,1.7000000000000002,10.3,35.9,11.700000000000001,-13.5,16
7278,121831.0,1.6,-0.8,0.1,1.7000000000000002,1.6,9.5,26.500000000000004,7.6,-23.3,16
7279,121847.0,1.2000000000000002,-0.7000000000000001,-0.6000000000000001,1.4000000000000001,1.7000000000000002,8.8,13.3,4.7,-28.3,16
7280,121864.0,0.9,-0.7000000000000001,-1.2000000000000002,1.1,1.8,8.4,1.0999999999999999,4.0,-27.8,16
7281,121887.0,0.7000000000000001,-0.6000000000000001,-1.3,0.9,1.8,8.200000000000001,-7.9,6.8,-24.400000000000002,16
7282,121897.0,0.6000000000000001,-0.6000000000000001,-1.3,0.6000000000000001,1.8,8.3,-14.200000000000001,5.4,-20.8,16
7283,121918.0,0.30000000000000004,-0.5,-1.1,0.30000000000000004,1.8,8.5,-19.0,-0.8,-18.3,16
7284,121931.0,0.1,-0.5,-1.0,0.2,1.7000000000000002,8.6,-22.900000000000002,-12.000000000000002,-16.700000000000003,16
7285,121947.0,0.1,-0.5,-1.0,0.2,1.6,8.5,-26.200000000000003,-21.200000000000003,-17.0,16
7286,121964.0,0.0,-0.6000000000000001,-1.1,0.2,1.6,8.5,-26.200000000000003,-21.200000000000003,-17.0,16
7287,121988.0,-0.5,-0.30000000000000004,-1.3,-0.2,1.7000000000000002,8.3,-21.5,-19.0,-15.399999999999999,16
7288,121999.0,-0.7000000000000001,-0.2,-1.4000000000000001,-0.4,1.8,8.200000000000001,-12.6,-11.8,-10.5,16
7289,122014.0,-0.9,-0.1,-1.4000000000000001,-0.6000000000000001,1.8,8.200000000000001,-6.1000000000000005,-7.500000000000001,-6.2,16
7290,122030.0,-0.9,-0.1,-1.4000000000000001,-0.6000000000000001,1.8,8.1,-5.4,-7.8,-5.8,16
7291,122047.0,-1.0,-0.2,-1.5,-0.7000000000000001,1.8,8.1,-6.4,-11.4,-7.8,16
7292,122064.0,-1.1,-0.1,-1.7000000000000002,-0.8,1.8,7.9,-9.200000000000001,-8.200000000000001,-10.2,16
7293,122083.0,-1.4000000000000001,0.0,-1.5,-1.0,1.8,8.1,-11.2,-7.1000000000000005,-9.9,16
7294,122098.0,-1.4000000000000001,0.0,-1.6,-1.1,1.8,8.0,-11.5,-3.6,-7.2,16
7295,122114.0,-1.4000000000000001,-0.1,-1.4000000000000001,-1.1,1.7000000000000002,8.200000000000001,-12.3,-0.9,-4.3999999999999995,16
7296,122130.0,-1.4000000000000001,-0.2,-1.2000000000000002,-1.1,1.7000000000000002,8.5,-13.5,-0.9,-1.5000000000000002,16
7297,122147.0,-1.4000000000000001,0.0,-0.8,-1.1,1.7000000000000002,8.9,-11.8,-1.3,2.7,16
7298,122164.0,-1.3,0.0,-0.4,-0.9,1.7000000000000002,9.200000000000001,-6.9,-1.8,6.7,16
7299,122184.0,-1.0,0.0,-0.4,-0.7000000000000001,1.7000000000000002,9.1,1.9,1.4,8.0,16
7300,122198.0,-1.0,0.0,-0.4,-0.7000000000000001,1.7000000000000002,9.1,1.9,1.4,8.0,16
7301,122214.0,-1.4000000000000001,0.30000000000000004,-0.2,-1.2000000000000002,2.1,9.4,15.000000000000002,7.400000000000001,10.700000000000001,16
7302,122230.0,-1.3,0.5,0.2,-1.1,2.3000000000000003,9.700000000000001,17.3,3.4,15.5,16
7303,122247.0,-1.0,0.5,0.1,-0.6000000000000001,2.3000000000000003,9.8,10.3,2.3000000000000003,15.9,16
7304,122265.0,-0.30000000000000004,0.4,0.4,0.1,2.3000000000000003,10.0,3.7000000000000006,0.2,14.100000000000001,16
7305,122287.0,0.4,0.30000000000000004,0.9,0.6000000000000001,2.2,10.4,-3.4,0.7,11.8,16
7306,122297.0,0.6000000000000001,0.30000000000000004,1.1,1.1,2.2,10.5,-7.8,1.5000000000000002,12.000000000000002,16
7307,122314.0,1.0,0.4,1.0,1.2000000000000002,2.2,10.600000000000001,-11.3,11.000000000000002,11.2,16
7308,122332.0,0.4,0.5,1.3,0.6000000000000001,2.3000000000000003,10.9,-9.200000000000001,17.9,13.5,16
7309,122347.0,0.1,0.7000000000000001,1.4000000000000001,0.1,2.5,11.3,-6.3,23.700000000000003,14.500000000000002,16
7310,122366.0,-0.2,0.8,2.4000000000000004,-0.1,2.5,12.100000000000001,-6.5,17.1,14.100000000000001,16
7311,122385.0,-0.2,0.7000000000000001,2.5,-0.1,2.5,12.100000000000001,-6.5,17.1,14.100000000000001,16
7312,122397.0,-0.1,0.6000000000000001,2.5,0.1,2.3000000000000003,12.100000000000001,-13.200000000000001,-1.5000000000000002,4.3999999999999995,16
7313,122414.0,0.2,0.4,2.3000000000000003,0.30000000000000004,2.0,11.9,-14.600000000000001,-2.1,2.3000000000000003,16
7314,122431.0,0.30000000000000004,0.1,1.9000000000000001,0.4,1.7000000000000002,11.5,-12.3,3.4,2.1999999999999997,16
7315,122447.0,0.2,0.0,1.8,0.2,1.5,11.5,-9.3,9.700000000000001,3.6,16
7316,122464.0,0.1,-0.2,1.8,0.2,1.4000000000000001,11.5,-8.3,10.9,6.9,16
7317,122482.0,0.6000000000000001,-0.5,1.4000000000000001,0.6000000000000001,1.1,11.200000000000001,-8.700000000000001,9.200000000000001,11.1,16
7318,122497.0,0.7000000000000001,-0.7000000000000001,1.4000000000000001,1.0,0.8,11.3,-8.9,1.9,15.299999999999999,16
7319,122514.0,1.4000000000000001,-0.9,1.3,1.5,0.5,11.0,-2.7,0.7,17.0,16
7320,122530.0,1.7000000000000002,-1.2000000000000002,0.7000000000000001,1.7000000000000002,0.30000000000000004,10.5,8.200000000000001,3.4,16.2,16
7321,122547.0,1.8,-1.3,0.4,1.7000000000000002,0.30000000000000004,9.9,19.3,6.9,13.700000000000001,16
7322,122564.0,1.5,-1.2000000000000002,-0.2,1.4000000000000001,0.5,9.4,25.8,6.5,11.5,16
7323,122581.0,1.1,-1.0,-0.8,1.1,0.7000000000000001,8.8,26.8,2.7,10.1,16
7324,122597.0,1.0,-0.9,-1.2000000000000002,0.9,0.8,8.3,22.8,-2.6,8.3,16
7325,122614.0,0.7000000000000001,-0.9,-1.6,0.8,1.0,8.1,13.8,-10.5,6.3,16
7326,122630.0,0.6000000000000001,-0.8,-1.8,0.7000000000000001,1.1,7.800000000000001,3.9,-16.400000000000002,5.1,16
7327,122648.0,0.5,-0.7000000000000001,-2.0,0.7000000000000001,1.2000000000000002,7.6000000000000005,-2.7,-17.5,6.1000000000000005,16
7328,122664.0,0.30000000000000004,-0.5,-2.1,0.5,1.4000000000000001,7.6000000000000005,-3.7000000000000006,-12.000000000000002,9.4,16
7329,122681.0,0.0,-0.30000000000000004,-1.9000000000000001,0.2,1.5,7.800000000000001,-1.8,-8.700000000000001,12.3,16
7330,122698.0,-0.2,-0.30000000000000004,-1.8,0.1,1.6,7.9,0.30000000000000004,-10.1,12.8,16
7331,122714.0,-0.30000000000000004,-0.2,-1.6,0.0,1.6,7.9,1.4,-13.5,10.700000000000001,16
7332,122731.0,-0.30000000000000004,-0.2,-1.7000000000000002,0.2,1.6,7.9,1.8,-15.7,7.1000000000000005,16
7333,122747.0,-0.30000000000000004,-0.1,-1.8,0.2,1.7000000000000002,7.800000000000001,3.1,-13.200000000000001,3.2,16
7334,122764.0,-0.4,0.0,-1.7000000000000002,0.0,1.8,7.9,4.7,-6.7,1.3,16
7335,122783.0,-0.7000000000000001,0.1,-1.6,-0.2,1.9000000000000001,8.0,4.800000000000001,-3.8,0.0,16
7336,122798.0,-0.7000000000000001,0.1,-1.3,-0.2,1.9000000000000001,8.200000000000001,1.3,-3.8,-2.7,16
7337,122814.0,-0.8,0.1,-1.2000000000000002,-0.2,1.9000000000000001,8.4,-4.5,-5.6,-6.2,16
7338,122831.0,-0.6000000000000001,0.0,-0.8,-0.1,1.8,8.9,-11.9,-8.9,-11.2,16
7339,122848.0,-0.7000000000000001,0.0,-0.2,-0.1,1.8,9.3,-19.1,-12.700000000000001,-15.2,16
7340,122865.0,-0.6000000000000001,0.0,0.0,0.0,1.7000000000000002,9.700000000000001,-22.3,-14.0,-15.7,16
7341,122884.0,-0.4,0.0,0.4,0.1,1.6,10.0,-20.4,-10.3,-14.700000000000001,16
7342,122907.0,-0.6000000000000001,0.0,0.6000000000000001,-0.2,1.6,10.3,-3.3000000000000003,1.3,-10.2,16
7343,122914.0,-0.6000000000000001,0.0,0.6000000000000001,-0.2,1.6,10.3,-3.3000000000000003,1.3,-10.2,16
7344,122930.0,-0.8,0.1,0.8,-0.30000000000000004,1.7000000000000002,10.5,4.9,1.9,-9.200000000000001,16
7345,122947.0,-0.7000000000000001,0.1,1.0,-0.2,1.7000000000000002,10.600000000000001,9.3,-1.6,-9.700000000000001,16
7346,122965.0,-0.6000000000000001,0.2,0.9,-0.1,1.8,10.5,11.700000000000001,-2.9,-11.3,16
7347,122980.0,-0.6000000000000001,0.2,0.8,-0.2,1.9000000000000001,10.3,13.3,-1.3,-11.8,16
7348,122997.0,-0.8,0.4,0.9,-0.30000000000000004,2.1,10.5,12.6,2.1,-11.4,16
7349,123014.0,-0.9,0.4,1.2000000000000002,-0.4,2.2,11.100000000000001,7.6,0.0,-12.000000000000002,16
7350,123030.0,-0.8,0.5,2.0,-0.2,2.3000000000000003,11.8,-1.2000000000000002,-10.8,-13.9,16
7351,123047.0,-0.4,0.5,2.4000000000000004,0.2,2.3000000000000003,12.0,-15.299999999999999,-22.8,-14.3,16
7352,123063.0,0.2,0.4,1.9000000000000001,0.8,2.1,11.5,-28.400000000000002,-23.1,-13.4,16
7353,123080.0,0.30000000000000004,0.2,1.9000000000000001,1.0,1.8,11.600000000000001,-35.7,-17.8,-11.9,16
7354,123097.0,0.0,0.2,1.8,0.9,1.7000000000000002,11.600000000000001,-28.8,-8.799999999999999,-5.8,16
7355,123114.0,0.5,0.2,1.9000000000000001,0.9,1.6,11.5,-12.100000000000001,8.200000000000001,-2.6,16
7356,123130.0,0.4,0.0,1.8,1.1,1.5,11.4,5.0,12.4,-1.0999999999999999,16
7357,123147.0,0.7000000000000001,0.0,1.3,1.5,1.4000000000000001,10.9,15.7,7.2,-4.0,16
7358,123164.0,1.3,-0.2,0.4,1.9000000000000001,1.4000000000000001,10.100000000000001,19.3,1.5000000000000002,-10.3,16
7359,123182.0,1.6,-0.2,-0.1,2.3000000000000003,1.3,9.4,16.1,-3.0000000000000004,-16.6,16
7360,123204.0,2.0,-0.30000000000000004,-0.9,2.7,1.3,8.6,5.4,2.1999999999999997,-21.1,16
7361,123215.0,2.0,-0.30000000000000004,-1.1,2.7,1.3,8.6,5.4,2.1999999999999997,-21.1,16
7362,123230.0,2.0,-0.30000000000000004,-1.1,2.5,1.3,8.6,0.5,7.6,-19.500000000000004,16
7363,123248.0,1.6,-0.30000000000000004,-1.1,2.2,1.3,8.6,-5.8,7.9,-16.8,16
7364,123265.0,1.3,-0.2,-1.0,1.9000000000000001,1.4000000000000001,8.700000000000001,-11.000000000000002,4.3999999999999995,-13.100000000000001,16
7365,123285.0,1.0,-0.2,-0.9,1.6,1.4000000000000001,8.8,-11.4,0.6000000000000001,-9.1,16
7366,123300.0,0.8,-0.1,-0.7000000000000001,1.3,1.4000000000000001,9.1,-8.5,-4.9,-5.4,16
7367,123314.0,0.5,0.0,-0.4,1.1,1.5,9.3,-5.0,-14.600000000000001,-2.7,16
7368,123330.0,0.4,0.0,-0.2,1.1,1.6,9.5,-2.0,-21.6,-1.8,16
7369,123347.0,0.30000000000000004,0.1,-0.30000000000000004,1.0,1.7000000000000002,9.3,0.9,-26.9,-2.6,16
7370,123366.0,0.1,0.2,-0.7000000000000001,1.0,1.8,8.9,3.4,-25.5,-4.800000000000001,16
7371,123381.0,-0.1,0.30000000000000004,-0.9,0.6000000000000001,1.9000000000000001,8.6,4.5,-18.8,-6.9,16
7372,123398.0,-0.6000000000000001,0.4,-1.2000000000000002,0.30000000000000004,2.0,8.4,4.0,-12.9,-8.1,16
7373,123414.0,-1.0,0.4,-1.4000000000000001,-0.1,2.0,8.200000000000001,1.6,-8.1,-8.9,16
7374,123431.0,-1.2000000000000002,0.4,-1.5,-0.4,2.0,8.1,-1.9,-5.6,-9.5,16
7375,123447.0,-1.5,0.30000000000000004,-1.5,-0.6000000000000001,1.9000000000000001,8.1,-5.1,-3.9,-9.0,16
7376,123464.0,-1.6,0.30000000000000004,-1.4000000000000001,-0.6000000000000001,1.8,8.200000000000001,-7.9,-4.3999999999999995,-7.699999999999999,16
7377,123494.0,-1.4000000000000001,0.2,-1.0,-0.5,1.7000000000000002,8.700000000000001,-7.699999999999999,-6.6000000000000005,-4.800000000000001,16
7378,123498.0,-1.4000000000000001,0.2,-1.0,-0.5,1.7000000000000002,8.700000000000001,-7.699999999999999,-6.6000000000000005,-4.800000000000001,16
7379,123514.0,-1.3,0.30000000000000004,-0.7000000000000001,-0.30000000000000004,1.8,8.9,-2.8,-5.2,-1.7,16
7380,123530.0,-1.2000000000000002,0.4,-0.5,-0.2,1.9000000000000001,9.1,2.1,-3.6,2.3000000000000003,16
7381,123547.0,-1.1,0.4,-0.5,-0.1,2.0,9.0,5.300000000000001,-2.9,6.3,16
7382,123564.0,-1.1,0.5,-0.6000000000000001,-0.1,2.1,9.0,6.9,-1.0,9.4,16
7383,123580.0,-1.1,0.7000000000000001,-0.4,-0.1,2.3000000000000003,9.200000000000001,8.4,2.4000000000000004,12.100000000000001,16
7384,123597.0,-1.0,0.8,-0.2,0.0,2.5,9.4,10.700000000000001,6.1000000000000005,14.500000000000002,16
7385,123614.0,-0.9,1.0,0.0,0.0,2.6,9.5,12.700000000000001,9.1,15.6,16
7386,123630.0,-0.7000000000000001,1.0,0.1,0.2,2.6,9.600000000000001,12.100000000000001,9.5,14.200000000000001,16
7387,123647.0,-0.5,0.9,0.2,0.4,2.5,9.8,9.3,8.700000000000001,9.9,16
7388,123664.0,-0.30000000000000004,0.7000000000000001,0.5,0.6000000000000001,2.4000000000000004,10.0,5.2,6.8,4.2,16
7389,123680.0,-0.2,0.6000000000000001,0.7000000000000001,0.7000000000000001,2.4000000000000004,10.3,-0.5,3.6,0.30000000000000004,16
7390,123697.0,0.0,0.6000000000000001,0.8,1.0,2.2,10.4,-6.6000000000000005,3.1,-0.7,16
7391,123714.0,0.2,0.30000000000000004,0.9,1.0,2.0,10.5,-9.9,7.699999999999999,-0.9,16
7392,123731.0,-0.30000000000000004,0.30000000000000004,1.2000000000000002,0.5,2.0,10.8,-8.4,11.000000000000002,-0.2,16
7393,123748.0,-0.30000000000000004,0.30000000000000004,1.8,0.5,2.0,11.8,-9.700000000000001,6.5,1.0999999999999999,16
7394,123765.0,-0.1,0.30000000000000004,2.6,0.7000000000000001,1.8,12.3,-17.200000000000003,-7.9,2.1,16
7395,123781.0,0.2,0.1,2.5,1.1,1.7000000000000002,12.100000000000001,-22.000000000000004,-18.5,3.3000000000000003,16
7396,123798.0,0.4,0.0,2.2,1.4000000000000001,1.4000000000000001,11.9,-21.200000000000003,-17.3,4.2,16
7397,123816.0,0.6000000000000001,-0.1,2.0,1.4000000000000001,1.4000000000000001,11.600000000000001,-10.9,-2.8,6.4,16
7398,123831.0,0.1,0.0,1.4000000000000001,1.0,1.4000000000000001,11.100000000000001,-0.1,8.200000000000001,10.600000000000001,16
7399,123847.0,0.1,0.0,1.5,1.0,1.4000000000000001,11.200000000000001,4.5,10.5,13.3,16
7400,123864.0,0.4,-0.1,1.4000000000000001,1.3,1.3,11.200000000000001,2.6,5.1,13.5,16
7401,123882.0,0.8,-0.1,1.3,1.8,1.3,11.0,2.7,1.7,14.4,16
7402,123905.0,1.6,-0.30000000000000004,1.1,2.4000000000000004,1.2000000000000002,10.8,7.2,4.3999999999999995,15.7,16
7403,123914.0,1.9000000000000001,-0.5,0.9,2.8000000000000003,0.9,10.5,13.6,10.4,14.200000000000001,16
7404,123930.0,2.0,-0.7000000000000001,0.30000000000000004,2.8000000000000003,0.8,10.0,20.6,16.400000000000002,10.9,16
7405,123947.0,1.7000000000000002,-0.7000000000000001,-0.1,2.5,0.9,9.600000000000001,24.6,18.5,7.500000000000001,16
7406,123964.0,1.5,-0.7000000000000001,-0.4,2.3000000000000003,0.9,9.0,23.5,16.3,5.0,16
7407,123988.0,1.3,-0.8,-1.5,1.8,1.0,8.1,15.299999999999999,12.9,-1.6,16
7408,123997.0,1.1,-0.8,-1.6,1.8,1.0,8.1,15.299999999999999,12.9,-1.6,16
7409,124014.0,0.9,-0.8,-1.6,1.4000000000000001,1.1,8.200000000000001,7.8,9.4,-3.7000000000000006,16
7410,124030.0,0.5,-0.7000000000000001,-1.4000000000000001,1.1,1.1,8.3,0.2,0.6000000000000001,-3.7000000000000006,16
7411,124047.0,0.4,-0.7000000000000001,-1.5,1.1,1.1,8.200000000000001,-5.9,-7.500000000000001,-3.6,16
7412,124064.0,0.4,-0.7000000000000001,-1.5,1.0,1.1,8.0,-8.600000000000001,-12.700000000000001,-4.2,16
7413,124080.0,0.1,-0.6000000000000001,-1.7000000000000002,0.8,1.2000000000000002,7.9,-8.700000000000001,-12.4,-3.5,16
7414,124097.0,-0.30000000000000004,-0.4,-1.6,0.5,1.2000000000000002,8.0,-8.700000000000001,-10.700000000000001,-1.0999999999999999,16
7415,124114.0,-0.4,-0.4,-1.5,0.4,1.3,8.1,-8.0,-10.5,1.4,16
7416,124130.0,-0.5,-0.30000000000000004,-1.4000000000000001,0.4,1.4000000000000001,8.200000000000001,-6.000000000000001,-10.1,3.2,16
7417,124147.0,-0.5,-0.2,-1.3,0.4,1.5,8.3,-3.7000000000000006,-10.2,3.2,16
7418,124164.0,-0.5,-0.1,-1.2000000000000002,0.4,1.6,8.4,-1.4,-10.4,1.2000000000000002,16
7419,124180.0,-0.5,-0.1,-1.2000000000000002,0.4,1.5,8.4,-0.9,-9.600000000000001,-2.4000000000000004,16
7420,124197.0,-0.5,-0.1,-1.1,0.4,1.5,8.4,-0.9,-9.600000000000001,-2.4000000000000004,16
7421,124215.0,-0.7000000000000001,-0.2,-0.9,0.30000000000000004,1.4000000000000001,8.6,-4.6000000000000005,-4.6000000000000005,-9.8,16
7422,124230.0,-0.8,-0.1,-0.8,0.0,1.4000000000000001,8.700000000000001,-8.1,-1.0999999999999999,-10.700000000000001,16
7423,124248.0,-1.2000000000000002,-0.1,-0.7000000000000001,-0.30000000000000004,1.4000000000000001,8.9,-10.3,2.8,-9.1,16
7424,124264.0,-1.3,-0.2,-0.6000000000000001,-0.5,1.3,9.1,-11.1,5.2,-7.500000000000001,16
7425,124280.0,-1.5,-0.30000000000000004,-0.2,-0.7000000000000001,1.2000000000000002,9.5,-11.000000000000002,4.3999999999999995,-7.1000000000000005,16
7426,124297.0,-1.6,-0.30000000000000004,0.2,-0.7000000000000001,1.2000000000000002,9.8,-8.4,2.1,-7.1000000000000005,16
7427,124318.0,-1.5,-0.2,0.5,-0.7000000000000001,1.2000000000000002,10.100000000000001,-4.5,0.1,-6.6000000000000005,16
7428,124332.0,-1.4000000000000001,-0.2,0.6000000000000001,-0.4,1.2000000000000002,10.3,-1.5000000000000002,-3.0000000000000004,-7.1000000000000005,16
7429,124347.0,-1.2000000000000002,-0.30000000000000004,0.7000000000000001,-0.1,1.2000000000000002,10.4,-1.5000000000000002,-3.0000000000000004,-7.1000000000000005,16
7430,124366.0,-0.8,-0.2,1.0,0.0,1.2000000000000002,10.600000000000001,-2.0,-4.300000000000001,-7.9,16
7431,124380.0,-0.8,-0.1,1.0,0.1,1.3,10.600000000000001,-2.4000000000000004,-2.1,-5.1,16
7432,124398.0,-0.8,-0.1,1.1,0.0,1.4000000000000001,10.8,-0.7,3.3000000000000003,-0.6000000000000001,16
7433,124414.0,-0.9,0.0,1.3,-0.1,1.5,10.9,3.1,7.699999999999999,4.2,16
7434,124430.0,-0.9,0.1,1.3,-0.1,1.6,11.100000000000001,7.300000000000001,11.6,5.500000000000001,16
7435,124447.0,-0.9,0.1,2.1,-0.2,1.6,11.9,6.8,4.6000000000000005,2.1,16
7436,124467.0,-0.8,0.5,2.8000000000000003,0.0,1.9000000000000001,12.5,-3.9,-14.200000000000001,-1.0999999999999999,16
7437,124480.0,-0.5,0.5,2.7,0.7000000000000001,1.8,12.3,-18.900000000000002,-29.1,0.5,16
7438,124497.0,0.4,0.1,2.7,1.5,1.5,12.4,-27.6,-35.0,3.7000000000000006,16
7439,124514.0,0.9,0.0,2.7,1.5,1.5,12.4,-27.6,-35.0,3.7000000000000006,16
7440,124530.0,1.0,0.0,2.2,2.0,1.3,11.700000000000001,-4.3999999999999995,4.6000000000000005,14.700000000000001,16
7441,124547.0,1.0,0.0,1.4000000000000001,2.0,1.2000000000000002,11.0,15.100000000000001,18.400000000000002,19.0,16
7442,124564.0,1.4000000000000001,-0.2,1.2000000000000002,2.3000000000000003,1.2000000000000002,11.0,28.900000000000002,27.400000000000002,17.8,16
7443,124580.0,1.3,-0.1,0.7000000000000001,2.4000000000000004,1.3,10.200000000000001,32.9,24.400000000000002,12.4,16
7444,124597.0,1.9000000000000001,-0.2,-0.2,2.7,1.4000000000000001,9.3,29.1,21.0,5.300000000000001,16
7445,124614.0,1.9000000000000001,-0.2,-1.2000000000000002,2.7,1.4000000000000001,8.5,22.7,20.4,-0.6000000000000001,16
7446,124631.0,1.9000000000000001,-0.2,-1.6,2.7,1.4000000000000001,8.0,16.0,19.8,-4.800000000000001,16
7447,124647.0,1.9000000000000001,-0.30000000000000004,-2.0,2.6,1.3,7.7,7.699999999999999,19.6,-7.9,16
7448,124664.0,1.6,-0.30000000000000004,-1.9000000000000001,2.3000000000000003,1.4000000000000001,7.800000000000001,-1.9,15.2,-8.5,16
7449,124689.0,1.3,-0.2,-1.7000000000000002,1.9000000000000001,1.5,8.0,-11.8,8.4,-4.800000000000001,16
7450,124697.0,1.3,-0.2,-1.7000000000000002,1.9000000000000001,1.5,8.0,-11.8,8.4,-4.800000000000001,16
7451,124714.0,1.2000000000000002,-0.2,-0.9,1.9000000000000001,1.3,8.9,-20.6,-10.4,6.1000000000000005,16
7452,124730.0,1.2000000000000002,-0.2,-0.6000000000000001,1.9000000000000001,1.2000000000000002,9.3,-16.400000000000002,-19.700000000000003,9.4,16
7453,124748.0,1.2000000000000002,-0.2,-0.30000000000000004,2.1,1.3,9.4,-9.200000000000001,-25.6,10.2,16
7454,124764.0,1.3,-0.2,-0.5,2.2,1.2000000000000002,9.1,-1.7,-25.400000000000002,8.600000000000001,16
7455,124787.0,0.8,0.0,-0.9,1.8,1.4000000000000001,8.8,4.0,-21.900000000000002,6.7,16
7456,124797.0,0.4,0.1,-1.2000000000000002,1.2000000000000002,1.6,8.3,5.7,-16.6,7.400000000000001,16
7457,124814.0,-0.30000000000000004,0.2,-1.5,0.8,1.7000000000000002,8.1,3.3000000000000003,-13.6,9.600000000000001,16
7458,124831.0,-0.6000000000000001,0.30000000000000004,-1.7000000000000002,0.5,1.8,7.9,-0.9,-15.299999999999999,10.700000000000001,16
7459,124847.0,-0.8,0.30000000000000004,-1.8,0.4,1.8,7.9,-6.7,-15.299999999999999,10.1,16
7460,124864.0,-0.9,0.4,-1.6,0.30000000000000004,1.8,7.9,-10.700000000000001,-16.6,8.3,16
7461,124888.0,-1.1,0.5,-1.5,0.2,1.8,8.1,-13.5,-18.0,6.1000000000000005,16
7462,124897.0,-1.2000000000000002,0.5,-1.4000000000000001,0.0,1.9000000000000001,8.3,-15.8,-20.3,5.2,16
7463,124914.0,-1.4000000000000001,0.6000000000000001,-1.1,0.0,1.9000000000000001,8.5,-17.7,-21.400000000000002,5.6,16
7464,124930.0,-1.3,0.6000000000000001,-0.8,0.1,1.8,8.700000000000001,-19.0,-21.8,6.7,16
7465,124947.0,-1.3,0.6000000000000001,-0.6000000000000001,0.2,1.8,9.0,-17.599999999999998,-20.6,8.600000000000001,16
7466,124964.0,-1.3,0.7000000000000001,-0.2,0.30000000000000004,1.8,9.4,-14.100000000000001,-17.7,10.9,16
7467,124997.0,-1.2000000000000002,0.8,0.2,0.4,1.9000000000000001,9.8,-5.1,-11.700000000000001,15.299999999999999,16
7468,125014.0,-1.1,0.9,0.2,0.5,2.0,9.700000000000001,0.9,-7.500000000000001,16.700000000000003,16
7469,125030.0,-1.1,1.0,0.2,0.5,2.1,9.700000000000001,4.2,-3.7000000000000006,16.700000000000003,16
7470,125047.0,-1.1,1.1,0.2,0.6000000000000001,2.2,9.8,1.9,-3.1,16.2,16
7471,125063.0,-0.9,1.1,0.2,0.8,2.2,9.8,-1.5000000000000002,-1.7,15.7,16
7472,125082.0,-0.9,1.1,0.2,0.8,2.2,9.8,-1.5000000000000002,-1.7,15.7,16
7473,125097.0,-0.30000000000000004,1.0,0.7000000000000001,1.5,2.0,10.4,-8.3,1.8,10.9,16
7474,125114.0,0.2,0.9,1.2000000000000002,1.9000000000000001,1.9000000000000001,10.8,-12.000000000000002,-0.6000000000000001,6.7,16
7475,125130.0,0.7000000000000001,0.8,1.6,2.4000000000000004,1.8,11.100000000000001,-14.800000000000002,-3.0000000000000004,2.8,16
7476,125147.0,1.0,0.7000000000000001,1.5,2.8000000000000003,1.7000000000000002,10.9,-15.399999999999999,1.6,-2.0,16
7477,125164.0,1.1,0.8,1.1,2.5,1.8,10.600000000000001,-9.4,15.299999999999999,-6.1000000000000005,16
7478,125180.0,0.2,1.1,1.0,1.7000000000000002,2.1,10.700000000000001,-0.30000000000000004,26.6,-7.9,16
7479,125197.0,-0.2,1.3,1.5,1.1,2.3000000000000003,11.600000000000001,-1.4,20.5,-8.9,16
7480,125218.0,0.1,1.2000000000000002,1.9000000000000001,1.4000000000000001,2.2,11.600000000000001,-9.600000000000001,4.3999999999999995,-11.1,16
7481,125230.0,0.30000000000000004,1.1,1.8,1.7000000000000002,2.0,11.4,-13.9,-0.7,-15.6,16
7482,125247.0,0.4,1.0,1.8,1.8,1.9000000000000001,11.5,-11.5,-0.1,-19.200000000000003,16
7483,125264.0,0.30000000000000004,0.9,2.0,1.7000000000000002,1.8,11.8,-7.699999999999999,2.6,-19.200000000000003,16
7484,125288.0,0.6000000000000001,0.7000000000000001,2.3000000000000003,2.3000000000000003,1.4000000000000001,12.100000000000001,-3.9,1.4,-17.1,16
7485,125297.0,0.9,0.5,2.3000000000000003,2.3000000000000003,1.4000000000000001,12.100000000000001,-3.9,1.4,-17.1,16
7486,125314.0,1.2000000000000002,0.30000000000000004,2.2,2.8000000000000003,1.1,11.8,-0.8,2.6,-17.400000000000002,16
7487,125330.0,1.5,0.0,1.7000000000000002,2.9000000000000004,0.9,11.4,5.9,8.600000000000001,-16.700000000000003,16
7488,125348.0,1.6,-0.2,1.3,2.9000000000000004,0.8,11.100000000000001,15.9,16.8,-15.7,16
7489,125364.0,1.7000000000000002,-0.4,1.1,3.0,0.6000000000000001,10.8,25.2,21.900000000000002,-16.2,16
7490,125384.0,1.5,-0.6000000000000001,0.4,2.8000000000000003,0.5,10.0,30.100000000000005,23.5,-18.3,16
7491,125397.0,1.4000000000000001,-0.7000000000000001,-0.7000000000000001,2.6,0.5,9.0,33.7,25.900000000000002,-20.8,16
7492,125414.0,1.2000000000000002,-0.8,-1.2000000000000002,2.1,0.5,8.3,35.4,29.800000000000004,-23.0,16
7493,125430.0,0.8,-0.9,-1.8,1.7000000000000002,0.5,7.9,33.300000000000004,28.500000000000004,-24.5,16
7494,125447.0,0.6000000000000001,-0.9,-1.9000000000000001,1.7000000000000002,0.5,7.9,33.300000000000004,28.500000000000004,-24.5,16
7495,125464.0,0.4,-1.0,-2.1,1.3,0.5,7.6000000000000005,17.1,14.200000000000001,-26.8,16
7496,125482.0,0.4,-1.2000000000000002,-2.1,1.2000000000000002,0.4,7.6000000000000005,6.6000000000000005,3.1,-28.3,16
7497,125503.0,0.30000000000000004,-1.3,-1.9000000000000001,1.1,0.30000000000000004,7.800000000000001,-3.7000000000000006,-7.699999999999999,-28.6,16
7498,125515.0,0.30000000000000004,-1.4000000000000001,-1.9000000000000001,1.2000000000000002,0.2,7.800000000000001,-10.3,-16.2,-25.8,16
7499,125530.0,0.30000000000000004,-1.4000000000000001,-1.9000000000000001,1.2000000000000002,0.1,7.7,-12.8,-17.7,-21.6,16
7500,125547.0,0.0,-1.4000000000000001,-1.8,1.0,0.1,7.9,-11.9,-17.3,-17.0,16
7501,125564.0,-0.4,-1.2000000000000002,-1.6,0.7000000000000001,0.2,8.0,-8.200000000000001,-16.400000000000002,-11.5,16
7502,125587.0,-0.7000000000000001,-1.0,-1.5,0.4,0.4,8.1,-4.0,-15.000000000000002,-4.5,16
7503,125598.0,-0.7000000000000001,-1.0,-1.6,0.30000000000000004,0.5,8.0,-0.30000000000000004,-16.8,1.0,16
7504,125614.0,-0.8,-0.9,-1.5,0.4,0.6000000000000001,8.0,1.0,-18.6,2.9,16
7505,125630.0,-0.7000000000000001,-0.7000000000000001,-1.6,0.4,0.7000000000000001,8.0,0.30000000000000004,-20.2,2.4000000000000004,16
7506,125649.0,-0.9,-0.5,-1.5,0.30000000000000004,0.9,8.1,-2.1,-19.0,1.3,16
7507,125666.0,-1.2000000000000002,-0.30000000000000004,-1.4000000000000001,0.1,1.0,8.200000000000001,-4.800000000000001,-18.900000000000002,0.4,16
7508,125690.0,-1.4000000000000001,-0.2,-1.1,0.0,1.2000000000000002,8.4,-10.2,-18.1,-1.2000000000000002,16
7509,125697.0,-1.4000000000000001,-0.2,-1.1,0.0,1.2000000000000002,8.4,-10.2,-18.1,-1.2000000000000002,16
7510,125714.0,-1.5,-0.1,-0.7000000000000001,-0.30000000000000004,1.2000000000000002,9.200000000000001,-25.0,-16.8,-4.7,16
7511,125730.0,-1.8,0.1,-0.1,-0.4,1.3,9.700000000000001,-28.500000000000004,-15.299999999999999,-3.9,16
7512,125749.0,-1.8,0.1,0.7000000000000001,-0.30000000000000004,1.2000000000000002,10.3,-28.900000000000002,-15.8,-2.8,16
7513,125764.0,-1.6,0.1,1.3,-0.1,1.1,10.9,-26.9,-17.0,-3.0000000000000004,16
7514,125780.0,-1.4000000000000001,0.1,1.5,0.2,1.1,11.100000000000001,-21.0,-15.9,-3.6,16
7515,125797.0,-1.3,0.1,1.7000000000000002,0.2,1.1,11.200000000000001,-11.9,-13.8,-3.4,16
7516,125814.0,-1.3,0.2,1.5,0.30000000000000004,1.1,11.100000000000001,-2.7,-10.4,-1.7,16
7517,125830.0,-1.3,0.30000000000000004,1.4000000000000001,0.30000000000000004,1.2000000000000002,11.0,6.3,-2.9,2.0,16
7518,125847.0,-1.2000000000000002,0.2,1.4000000000000001,0.4,1.2000000000000002,11.0,11.4,-0.2,5.7,16
7519,125864.0,-1.1,0.30000000000000004,1.3,0.5,1.2000000000000002,10.9,13.700000000000001,2.3000000000000003,9.0,16
7520,125884.0,-0.9,0.2,1.2000000000000002,0.6000000000000001,1.2000000000000002,10.8,14.200000000000001,4.3999999999999995,11.1,16
7521,125898.0,-0.9,0.2,1.1,0.6000000000000001,1.3,10.700000000000001,13.5,6.000000000000001,11.4,16
7522,125915.0,-1.0,0.30000000000000004,1.3,0.5,1.4000000000000001,10.9,13.6,6.8,10.5,16
7523,125931.0,-1.0,0.4,1.6,0.6000000000000001,1.5,11.600000000000001,9.3,0.2,7.0,16
7524,125947.0,-0.6000000000000001,0.4,2.4000000000000004,1.0,1.6,12.0,-0.6000000000000001,-12.9,3.3000000000000003,16
7525,125964.0,0.0,0.5,2.3000000000000003,1.6,1.6,11.9,-9.700000000000001,-18.3,1.6,16
7526,125984.0,0.5,0.2,2.1,2.0,1.3,11.8,-15.399999999999999,-13.6,0.30000000000000004,16
7527,125997.0,0.4,0.2,2.1,2.0,1.2000000000000002,11.700000000000001,-16.1,-1.8,1.5000000000000002,16
7528,126014.0,0.4,0.1,2.0,2.1,1.1,11.700000000000001,-9.5,11.6,6.2,16
7529,126030.0,0.6000000000000001,0.0,2.0,2.3000000000000003,0.9,11.8,-1.4,21.5,10.8,16
7530,126047.0,1.1,-0.30000000000000004,2.1,2.9000000000000004,0.6000000000000001,11.600000000000001,5.0,19.700000000000003,11.000000000000002,16
7531,126064.0,2.0,-0.6000000000000001,1.4000000000000001,3.5,0.30000000000000004,11.0,10.9,20.7,6.8,16
7532,126082.0,2.5,-0.8,0.30000000000000004,3.9000000000000004,0.30000000000000004,10.100000000000001,20.3,25.900000000000002,1.5000000000000002,16
7533,126097.0,2.6,-0.8,-0.2,3.9000000000000004,0.4,9.4,25.700000000000003,33.6,-3.2,16
7534,126114.0,2.4000000000000004,-0.6000000000000001,-0.9,3.6,0.6000000000000001,8.8,24.200000000000003,35.6,-4.7,16
7535,126130.0,2.2,-0.4,-1.5,3.4000000000000004,0.8,8.200000000000001,19.700000000000003,34.7,-3.1,16
7536,126148.0,2.2,-0.4,-1.7000000000000002,3.3000000000000003,0.8,8.0,13.8,31.2,-1.7,16
7537,126164.0,2.1,-0.4,-1.8,3.1,1.0,8.0,6.9,25.1,-1.8,16
7538,126181.0,1.8,-0.2,-1.8,2.8000000000000003,1.1,8.0,1.0999999999999999,18.2,-1.0,16
7539,126198.0,1.8,-0.2,-1.8,2.4000000000000004,1.4000000000000001,8.200000000000001,-2.3000000000000003,10.1,1.5000000000000002,16
7540,126214.0,1.2000000000000002,0.2,-1.3,2.2,1.6,8.5,-2.4000000000000004,0.1,5.1,16
7541,126230.0,1.1,0.5,-1.0,2.1,1.8,8.700000000000001,0.1,-9.1,7.300000000000001,16
7542,126247.0,1.2000000000000002,0.4,-1.0,2.3000000000000003,1.7000000000000002,8.6,3.9,-15.9,4.2,16
7543,126264.0,1.1,0.5,-1.4000000000000001,2.1,1.8,8.200000000000001,8.5,-18.0,-1.3,16
7544,126280.0,0.5,0.6000000000000001,-1.8,1.6,2.0,7.9,11.4,-17.1,-5.9,16
7545,126302.0,0.1,0.7000000000000001,-1.9000000000000001,1.1,2.1,7.6000000000000005,11.4,-16.700000000000003,-8.200000000000001,16
7546,126314.0,-0.4,0.8,-2.2,0.7000000000000001,2.2,7.4,9.200000000000001,-15.399999999999999,-9.3,16
7547,126330.0,-0.6000000000000001,0.7000000000000001,-2.3000000000000003,0.6000000000000001,2.0,7.300000000000001,9.200000000000001,-15.399999999999999,-9.3,16
7548,126347.0,-0.7000000000000001,0.6000000000000001,-2.3000000000000003,0.6000000000000001,2.0,7.300000000000001,3.9,-16.700000000000003,-12.000000000000002,16
7549,126366.0,-1.2000000000000002,0.4,-2.0,0.1,1.8,7.6000000000000005,-9.1,-18.7,-18.400000000000002,16
7550,126382.0,-1.6,0.30000000000000004,-1.7000000000000002,-0.30000000000000004,1.7000000000000002,7.800000000000001,-14.4,-22.3,-18.6,16
7551,126397.0,-1.8,0.2,-1.6,-0.4,1.5,8.200000000000001,-19.3,-26.500000000000004,-17.0,16
7552,126413.0,-1.8,0.0,-1.0,-0.30000000000000004,1.3,8.700000000000001,-22.1,-30.000000000000004,-14.800000000000002,16
7553,126430.0,-1.8,0.0,-0.5,-0.2,1.2000000000000002,9.1,-21.5,-32.1,-11.700000000000001,16
7554,126447.0,-1.8,0.0,-0.2,-0.1,1.2000000000000002,9.5,-18.900000000000002,-29.300000000000004,-7.1000000000000005,16
7555,126464.0,-1.8,0.1,0.2,-0.1,1.3,9.8,-13.0,-24.7,-1.5000000000000002,16
7556,126482.0,-1.7000000000000002,0.2,0.5,0.0,1.3,10.100000000000001,-5.9,-18.900000000000002,4.1000000000000005,16
7557,126499.0,-1.7000000000000002,0.30000000000000004,0.8,0.1,1.5,10.3,-0.1,-12.700000000000001,8.9,16
7558,126514.0,-1.7000000000000002,0.4,0.8,0.2,1.6,10.3,3.9,-7.0,12.4,16
7559,126530.0,-1.6,0.5,1.0,0.2,1.8,10.5,6.1000000000000005,-2.1,14.800000000000002,16
7560,126547.0,-1.5,0.7000000000000001,1.1,0.30000000000000004,1.9000000000000001,10.600000000000001,5.6,1.7,16.400000000000002,16
7561,126564.0,-1.4000000000000001,0.8,1.2000000000000002,0.5,2.0,10.8,4.300000000000001,4.7,17.5,16
7562,126581.0,-1.0,0.8,1.4000000000000001,0.9,2.1,10.9,3.4,6.8,17.5,16
7563,126598.0,-0.7000000000000001,0.8,1.4000000000000001,1.4000000000000001,2.0,10.9,2.1999999999999997,8.200000000000001,15.9,16
7564,126614.0,-0.1,0.7000000000000001,1.5,1.7000000000000002,1.9000000000000001,11.0,-0.2,10.1,12.000000000000002,16
7565,126630.0,0.2,0.7000000000000001,1.5,1.9000000000000001,1.9000000000000001,11.100000000000001,-1.0999999999999999,13.100000000000001,7.500000000000001,16
7566,126647.0,0.30000000000000004,0.8,2.3000000000000003,2.0,2.0,11.9,-3.9,10.600000000000001,2.9,16
7567,126664.0,0.5,0.8,2.4000000000000004,2.3000000000000003,1.9000000000000001,12.100000000000001,-11.000000000000002,3.3000000000000003,0.7,16
7568,126681.0,0.8,0.6000000000000001,2.4000000000000004,2.6,1.7000000000000002,12.0,-16.1,-0.9,-0.4,16
7569,126699.0,1.1,0.5,2.4000000000000004,2.6,1.7000000000000002,12.0,-16.1,-0.9,-0.4,16
7570,126714.0,1.5,0.2,2.4000000000000004,3.2,1.2000000000000002,12.0,-13.9,8.600000000000001,-2.8,16
7571,126730.0,1.5,0.0,2.1,3.0,1.1,11.8,-8.0,18.8,-0.9,16
7572,126747.0,1.2000000000000002,0.0,2.0,2.7,1.0,11.700000000000001,-0.1,26.0,4.800000000000001,16
7573,126766.0,1.1,-0.1,1.7000000000000002,2.6,1.0,11.5,8.799999999999999,28.8,11.8,16
7574,126781.0,1.2000000000000002,-0.1,1.5,2.6,1.0,11.200000000000001,20.5,30.000000000000004,16.700000000000003,16
7575,126798.0,1.5,-0.2,1.2000000000000002,2.9000000000000004,1.0,10.9,32.6,29.400000000000002,18.1,16
7576,126814.0,1.7000000000000002,-0.30000000000000004,0.8,3.1,0.9,10.200000000000001,41.6,26.700000000000003,15.100000000000001,16
7577,126830.0,1.9000000000000001,-0.5,-0.2,3.1,0.9,9.3,47.0,25.400000000000002,8.200000000000001,16
7578,126847.0,1.7000000000000002,-0.6000000000000001,-1.0,2.8000000000000003,0.9,8.700000000000001,47.800000000000004,24.3,0.30000000000000004,16
7579,126864.0,1.5,-0.6000000000000001,-1.3,2.5,1.0,8.1,42.2,21.8,-6.4,16
7580,126881.0,1.2000000000000002,-0.7000000000000001,-1.9000000000000001,2.2,1.0,7.7,31.4,17.1,-11.5,16
7581,126898.0,0.9,-0.8,-2.3000000000000003,1.9000000000000001,1.0,7.4,17.3,11.700000000000001,-15.399999999999999,16
7582,126915.0,0.7000000000000001,-1.0,-2.2,1.7000000000000002,0.9,7.5,2.1999999999999997,6.1000000000000005,-18.2,16
7583,126931.0,0.6000000000000001,-1.0,-2.0,1.6,0.7000000000000001,7.800000000000001,-10.700000000000001,-0.1,-19.3,16
7584,126947.0,0.6000000000000001,-1.3,-1.6,1.6,0.4,8.0,-19.400000000000002,-6.4,-19.400000000000002,16
7585,126964.0,0.6000000000000001,-1.4000000000000001,-1.5,1.5,0.30000000000000004,8.1,-22.4,-9.5,-18.5,16
7586,126980.0,0.2,-1.3,-1.5,1.1,0.30000000000000004,8.1,-19.8,-8.3,-14.3,16
7587,127013.0,-0.5,-1.0,-1.6,0.4,0.6000000000000001,8.1,-5.0,-2.6,1.6,16
7588,127030.0,-0.7000000000000001,-0.9,-1.6,0.4,0.6000000000000001,8.0,2.1999999999999997,-4.1000000000000005,7.0,16
7589,127047.0,-0.7000000000000001,-0.9,-1.6,0.4,0.7000000000000001,7.9,6.5,-6.000000000000001,8.799999999999999,16
7590,127064.0,-0.8,-0.8,-1.7000000000000002,0.4,0.7000000000000001,7.9,9.1,-9.4,9.9,16
7591,127080.0,-0.9,-0.5,-1.8,0.2,1.1,7.7,9.1,-10.8,10.4,16
7592,127097.0,-1.0,-0.30000000000000004,-1.8,0.2,1.3,7.800000000000001,7.300000000000001,-12.000000000000002,10.8,16
7593,127113.0,-1.0,-0.1,-1.7000000000000002,0.2,1.5,7.9,5.1,-12.8,10.700000000000001,16
7594,127130.0,-1.0,-0.1,-1.5,0.30000000000000004,1.5,8.1,1.6,-13.0,8.799999999999999,16
7595,127147.0,-0.9,-0.1,-1.2000000000000002,0.4,1.5,8.3,-2.4000000000000004,-13.8,4.9,16
7596,127163.0,-0.9,0.0,-0.8,0.4,1.5,8.700000000000001,-6.5,-15.000000000000002,0.6000000000000001,16
7597,127180.0,-1.0,0.0,-0.4,0.4,1.6,9.3,-12.200000000000001,-19.700000000000003,-2.1999999999999997,16
7598,127199.0,-1.0,0.0,-0.1,0.4,1.6,9.3,-12.200000000000001,-19.700000000000003,-2.1999999999999997,16
7599,127216.0,-0.5,0.0,0.4,1.0,1.4000000000000001,9.9,-19.400000000000002,-27.900000000000002,-4.5,16
7600,127231.0,-0.30000000000000004,0.0,0.5,1.3,1.3,10.0,-18.0,-24.1,-7.2,16
7601,127247.0,-0.30000000000000004,-0.1,0.6000000000000001,1.2000000000000002,1.3,10.100000000000001,-12.9,-17.599999999999998,-10.8,16
7602,127264.0,-0.8,0.1,0.7000000000000001,0.7000000000000001,1.5,10.200000000000001,-9.0,-11.9,-12.700000000000001,16
7603,127280.0,-1.1,0.2,0.8,0.30000000000000004,1.6,10.4,-9.4,-11.4,-10.8,16
7604,127298.0,-1.5,0.4,1.1,0.1,1.7000000000000002,10.700000000000001,-12.100000000000001,-15.399999999999999,-6.6000000000000005,16
7605,127314.0,-1.4000000000000001,0.4,1.4000000000000001,0.30000000000000004,1.7000000000000002,10.9,-12.3,-17.0,-2.1,16
7606,127330.0,-1.1,0.4,1.8,0.6000000000000001,1.7000000000000002,11.200000000000001,-7.8,-14.0,1.3,16
7607,127347.0,-1.0,0.4,2.0,0.8,1.7000000000000002,11.600000000000001,-1.4,-10.600000000000001,2.8,16
7608,127364.0,-0.8,0.6000000000000001,2.3000000000000003,0.9,1.9000000000000001,11.9,5.2,-8.1,2.8,16
7609,127380.0,-0.9,0.8,2.9000000000000004,0.9,2.1,12.4,9.5,-9.8,-0.7,16
7610,127397.0,-0.7000000000000001,0.9,3.5,1.4000000000000001,2.3000000000000003,13.3,0.30000000000000004,-28.0,-6.5,16
7611,127414.0,0.2,0.9,3.7,2.2,2.1,13.100000000000001,-16.3,-41.1,-10.600000000000001,16
7612,127430.0,0.8,0.5,3.4000000000000004,2.9000000000000004,1.8,12.9,-26.0,-35.4,-14.200000000000001,16
7613,127447.0,0.7000000000000001,0.5,3.3000000000000003,2.6,1.6,12.700000000000001,-20.900000000000002,-14.800000000000002,-15.2,16
7614,127464.0,0.30000000000000004,0.4,3.3000000000000003,2.4000000000000004,1.6,12.9,-6.9,4.300000000000001,-11.5,16
7615,127480.0,0.2,0.30000000000000004,2.6,2.2,1.5,12.200000000000001,13.100000000000001,20.8,-4.300000000000001,16
7616,127497.0,0.30000000000000004,-0.1,2.4000000000000004,2.3000000000000003,1.1,11.8,24.400000000000002,30.4,-1.5000000000000002,16
7617,127514.0,0.4,-0.2,1.6,2.4000000000000004,1.1,11.100000000000001,33.7,33.7,-0.8,16
7618,127530.0,0.9,-0.4,0.9,2.7,1.1,10.600000000000001,39.9,34.900000000000006,-0.8,16
7619,127549.0,1.5,-0.5,0.1,3.1,1.1,9.9,41.1,34.0,-2.1,16
7620,127564.0,1.8,-0.5,-0.30000000000000004,3.5,1.1,9.200000000000001,41.0,33.900000000000006,-3.7000000000000006,16
7621,127580.0,2.2,-0.6000000000000001,-1.0,3.8000000000000003,1.2000000000000002,8.700000000000001,38.300000000000004,34.7,-5.8,16
7622,127597.0,2.4000000000000004,-0.7000000000000001,-1.2000000000000002,4.0,1.2000000000000002,8.3,34.300000000000004,33.900000000000006,-8.3,16
7623,127614.0,2.6,-0.8,-1.7000000000000002,3.8000000000000003,1.2000000000000002,7.800000000000001,29.1,33.400000000000006,-11.1,16
7624,127630.0,2.2,-0.7000000000000001,-2.1,3.4000000000000004,1.4000000000000001,7.5,22.000000000000004,29.500000000000004,-12.5,16
7625,127647.0,1.9000000000000001,-0.6000000000000001,-2.3000000000000003,2.9000000000000004,1.5,7.300000000000001,12.200000000000001,23.3,-10.600000000000001,16
7626,127664.0,1.4000000000000001,-0.5,-2.4000000000000004,2.6,1.6,7.1000000000000005,1.7,14.900000000000002,-6.9,16
7627,127680.0,1.3,-0.5,-2.5,2.5,1.5,7.1000000000000005,-5.6,7.6,-3.5,16
7628,127698.0,1.3,-0.6000000000000001,-2.6,2.4000000000000004,1.5,7.0,-7.500000000000001,3.9,-1.9,16
7629,127714.0,1.0,-0.5,-2.6,2.1,1.5,7.0,-5.8,1.0,-1.3,16
7630,127730.0,0.7000000000000001,-0.4,-2.5,1.9000000000000001,1.6,7.0,-2.9,-3.1,-2.1999999999999997,16
7631,127747.0,0.4,-0.30000000000000004,-2.6,1.6,1.7000000000000002,6.9,-1.7,-8.0,-3.8,16
7632,127764.0,0.2,-0.2,-2.7,1.3,1.8,6.800000000000001,-2.6,-13.4,-5.0,16
7633,127780.0,-0.1,-0.1,-2.7,1.1,1.9000000000000001,6.800000000000001,-5.500000000000001,-18.400000000000002,-5.500000000000001,16
7634,127797.0,-0.4,0.0,-2.6,0.8,2.0,6.9,-9.200000000000001,-23.3,-4.300000000000001,16
7635,127814.0,-0.7000000000000001,0.1,-2.4000000000000004,0.6000000000000001,2.0,7.1000000000000005,-13.5,-28.0,-1.8,16
7636,127831.0,-0.9,0.1,-2.0,0.5,2.0,7.5,-17.9,-32.1,0.9,16
7637,127847.0,-1.0,0.2,-1.4000000000000001,0.6000000000000001,2.0,8.0,-21.900000000000002,-36.2,3.1,16
7638,127864.0,-1.0,0.30000000000000004,-1.1,0.6000000000000001,2.0,8.4,-24.1,-39.50000000000001,4.6000000000000005,16
7639,127887.0,-1.0,0.30000000000000004,-0.2,0.7000000000000001,2.0,9.0,-24.6,-41.1,5.6,16
7640,127897.0,-1.0,0.4,0.2,0.8,2.0,9.600000000000001,-23.2,-40.2,6.6000000000000005,16
7641,127914.0,-1.1,0.4,0.5,0.8,2.0,10.0,-18.2,-38.0,8.4,16
7642,127932.0,-1.2000000000000002,0.6000000000000001,0.9,0.9,2.1,10.3,-12.6,-35.6,11.1,16
7643,127949.0,-1.1,0.7000000000000001,1.1,1.0,2.2,10.5,-9.200000000000001,-30.799999999999997,13.3,16
7644,127966.0,-1.1,0.7000000000000001,1.3,1.1,2.2,10.600000000000001,-6.4,-27.0,14.4,16
7645,127989.0,-1.0,0.8,1.4000000000000001,1.3,2.3000000000000003,10.8,-5.300000000000001,-22.7,14.700000000000001,16
7646,127997.0,-0.8,0.8,1.6,1.6,2.2,10.9,-7.0,-17.200000000000003,13.700000000000001,16
7647,128014.0,-0.7000000000000001,0.8,1.7000000000000002,1.7000000000000002,2.2,11.200000000000001,-9.700000000000001,-10.8,11.700000000000001,16
7648,128030.0,-0.6000000000000001,0.8,1.9000000000000001,1.7000000000000002,2.2,11.3,-10.9,-4.2,11.5,16
7649,128047.0,-0.7000000000000001,0.8,2.1,1.7000000000000002,2.2,11.5,-11.000000000000002,1.2000000000000002,13.5,16
7650,128063.0,-0.6000000000000001,0.8,2.1,1.8,2.1,11.5,-10.700000000000001,7.9,15.2,16
7651,128080.0,-0.6000000000000001,0.8,2.2,1.7000000000000002,2.1,11.700000000000001,-9.9,12.000000000000002,17.0,16
7652,128097.0,-0.5,0.7000000000000001,2.5,1.8,1.9000000000000001,12.0,-10.3,11.1,18.7,16
7653,128113.0,-0.30000000000000004,0.6000000000000001,2.6,2.4000000000000004,1.7000000000000002,12.0,-11.4,6.1000000000000005,20.2,16
7654,128130.0,0.7000000000000001,0.2,2.4000000000000004,3.3000000000000003,1.3,11.9,-10.700000000000001,4.2,20.1,16
7655,128147.0,1.6,0.0,2.3000000000000003,3.9000000000000004,1.1,11.8,-7.6,7.8,18.5,16
7656,128163.0,2.0,0.0,2.0,4.3,1.1,11.600000000000001,-2.9,14.600000000000001,17.9,16
7657,128181.0,2.1,0.0,1.8,4.4,1.1,11.200000000000001,1.9,22.2,17.8,16
7658,128197.0,2.2,-0.1,1.2000000000000002,4.4,1.0,10.8,6.4,29.1,15.9,16
7659,128214.0,2.2,-0.1,1.1,4.3,1.0,10.600000000000001,8.600000000000001,31.8,11.6,16
7660,128230.0,2.1,-0.2,0.8,4.2,0.9,10.3,6.3,28.200000000000003,6.8,16
7661,128247.0,2.2,-0.30000000000000004,0.5,4.2,0.8,10.200000000000001,1.3,22.7,2.6,16
7662,128264.0,2.2,-0.5,0.2,4.2,0.7000000000000001,9.9,-3.6,17.3,0.6000000000000001,16
7663,128285.0,2.2,-0.6000000000000001,0.0,4.2,0.5,9.8,-5.300000000000001,16.0,0.9,16
7664,128297.0,2.2,-0.7000000000000001,-0.1,4.1000000000000005,0.4,9.600000000000001,-3.8,17.3,2.3000000000000003,16
7665,128318.0,2.1,-0.8,-0.2,3.9000000000000004,0.2,9.3,1.0999999999999999,19.3,3.1,16
7666,128330.0,2.1,-0.8,-0.2,3.9000000000000004,0.2,9.3,1.0999999999999999,19.3,3.1,16
7667,128347.0,1.6,-1.0,-1.0,3.3000000000000003,0.2,8.700000000000001,15.2,24.5,0.9,16
7668,128364.0,1.3,-0.9,-1.1,3.3000000000000003,0.2,8.700000000000001,21.0,23.6,0.1,16
7669,128386.0,0.7000000000000001,-0.8,-1.4000000000000001,2.4000000000000004,0.4,8.3,21.200000000000003,20.0,-0.7,16
7670,128397.0,0.6000000000000001,-0.8,-1.5,2.2,0.5,8.200000000000001,17.0,11.9,-1.7,16
7671,128414.0,0.4,-0.8,-1.7000000000000002,2.0,0.5,8.0,8.799999999999999,4.0,-3.0000000000000004,16
7672,128430.0,0.30000000000000004,-0.8,-1.8,1.8,0.4,7.800000000000001,1.0999999999999999,-0.1,-3.4,16
7673,128447.0,0.1,-0.9,-1.9000000000000001,1.8,0.4,7.800000000000001,1.0999999999999999,-0.1,-3.4,16
7674,128464.0,-0.2,-1.0,-1.6,1.4000000000000001,0.30000000000000004,8.1,-6.2,0.0,0.1,16
7675,128486.0,-0.30000000000000004,-1.0,-1.3,1.3,0.2,8.3,-8.4,-0.5,2.0,16
7676,128497.0,-0.30000000000000004,-1.0,-1.1,1.3,0.2,8.5,-9.200000000000001,-1.7,4.0,16
7677,128513.0,-0.30000000000000004,-0.9,-1.1,1.3,0.2,8.6,-6.9,0.5,6.6000000000000005,16
7678,128530.0,-0.4,-0.9,-1.1,1.2000000000000002,0.30000000000000004,8.5,-1.5000000000000002,6.000000000000001,9.8,16
7679,128547.0,-0.5,-0.8,-1.2000000000000002,1.1,0.4,8.4,4.2,10.4,12.100000000000001,16
7680,128567.0,-0.6000000000000001,-0.7000000000000001,-1.3,1.0,0.5,8.3,7.2,11.000000000000002,12.700000000000001,16
7681,128586.0,-0.5,-0.5,-1.4000000000000001,1.0,0.6000000000000001,8.200000000000001,6.3,8.600000000000001,11.4,16
7682,128597.0,-0.5,-0.4,-1.4000000000000001,1.0,0.8,8.200000000000001,1.7,3.9,9.9,16
7683,128614.0,-0.30000000000000004,-0.4,-1.3,1.2000000000000002,0.8,8.3,-4.5,-0.4,9.4,16
7684,128631.0,-0.1,-0.30000000000000004,-1.1,1.4000000000000001,0.8,8.5,-9.4,-3.1,9.3,16
7685,128647.0,0.0,-0.30000000000000004,-1.0,1.5,0.8,8.6,-11.5,-2.3000000000000003,9.0,16
7686,128663.0,-0.1,-0.2,-0.7000000000000001,1.4000000000000001,0.9,8.9,-12.700000000000001,-2.7,8.5,16
7687,128680.0,-0.2,0.0,-0.6000000000000001,1.3,1.0,8.9,-12.6,-3.2,8.3,16
7688,128698.0,-0.2,0.0,-0.6000000000000001,1.2000000000000002,1.0,8.9,-11.3,-2.5,7.400000000000001,16
7689,128714.0,-0.5,0.1,-0.7000000000000001,1.0,1.0,8.8,-9.5,-2.1,6.3,16
7690,128730.0,-0.7000000000000001,0.2,-0.7000000000000001,0.8,1.1,8.700000000000001,-7.699999999999999,-1.6,5.9,16
7691,128747.0,-0.8,0.2,-0.7000000000000001,0.5,1.2000000000000002,8.700000000000001,-6.7,-3.1,6.1000000000000005,16
7692,128764.0,-1.0,0.30000000000000004,-0.6000000000000001,0.4,1.2000000000000002,8.8,-6.9,-6.000000000000001,6.5,16
7693,128786.0,-1.0,0.4,-0.30000000000000004,0.4,1.3,9.0,-8.600000000000001,-10.8,6.6000000000000005,16
7694,128797.0,-0.9,0.4,-0.1,0.6000000000000001,1.2000000000000002,9.4,-11.700000000000001,-18.1,6.000000000000001,16
7695,128814.0,-0.5,0.30000000000000004,0.4,1.1,1.1,9.8,-15.8,-25.6,4.6000000000000005,16
7696,128830.0,0.1,0.1,0.7000000000000001,1.7000000000000002,0.9,10.100000000000001,-19.500000000000004,-29.700000000000003,3.1,16
7697,128848.0,0.2,0.0,0.9,1.9000000000000001,0.7000000000000001,10.3,-19.9,-30.4,1.8,16
7698,128864.0,0.30000000000000004,0.0,1.0,1.9000000000000001,0.8,10.5,-16.900000000000002,-25.8,2.3000000000000003,16
7699,128884.0,-0.1,0.2,1.4000000000000001,1.7000000000000002,0.8,10.700000000000001,-10.5,-19.1,5.6,16
7700,128897.0,-0.2,0.2,1.4000000000000001,1.6,0.9,10.8,-1.8,-13.5,9.3,16
7701,128914.0,-0.2,0.30000000000000004,1.5,1.6,1.0,10.8,5.500000000000001,-8.3,11.1,16
7702,128930.0,-0.2,0.4,1.4000000000000001,1.7000000000000002,1.1,10.700000000000001,10.0,-6.9,9.8,16
7703,128947.0,-0.1,0.5,1.2000000000000002,1.6,1.3,10.5,12.8,-3.6,6.8,16
7704,128964.0,-0.4,0.7000000000000001,1.0,1.4000000000000001,1.6,10.4,13.3,-1.4,5.1,16
7705,128987.0,-0.5,1.0,1.0,1.4000000000000001,1.7000000000000002,10.4,11.1,-1.0999999999999999,4.9,16
7706,128999.0,-0.2,1.0,1.0,1.6,1.8,10.4,8.200000000000001,-1.7,4.1000000000000005,16
7707,129013.0,-0.1,1.0,1.1,1.8,1.8,10.5,8.200000000000001,-0.2,2.7,16
7708,129030.0,0.1,1.0,1.4000000000000001,1.9000000000000001,1.8,10.8,9.3,0.5,-0.4,16
7709,129049.0,0.4,0.9,2.0,2.2,1.8,11.4,7.2,-5.9,-5.7,16
7710,129078.0,1.0,0.6000000000000001,1.3,3.0,1.5,10.600000000000001,3.5,-8.5,-11.9,16
7711,129090.0,1.0,0.5,1.0,2.6,1.5,10.4,12.100000000000001,6.6000000000000005,-11.9,16
7712,129097.0,1.0,0.5,1.0,2.6,1.5,10.4,12.100000000000001,6.6000000000000005,-11.9,16
7713,129113.0,0.4,0.5,1.2000000000000002,2.2,1.5,10.9,18.900000000000002,11.6,-9.8,16
7714,129130.0,0.2,0.30000000000000004,1.7000000000000002,2.2,1.4000000000000001,11.100000000000001,17.8,3.4,-8.200000000000001,16
7715,129147.0,0.7000000000000001,0.1,1.2000000000000002,2.6,1.2000000000000002,10.600000000000001,14.600000000000001,-5.8,-8.600000000000001,16
7716,129163.0,0.8,-0.1,0.8,2.7,1.0,10.0,15.8,-5.7,-11.3,16
7717,129182.0,0.5,-0.30000000000000004,0.2,2.3000000000000003,1.0,9.600000000000001,19.500000000000004,1.6,-13.0,16
7718,129199.0,0.2,-0.30000000000000004,0.2,2.3000000000000003,1.0,9.600000000000001,19.500000000000004,1.6,-13.0,16
7719,129221.0,0.0,-0.5,0.1,1.8,0.9,9.5,22.5,5.0,-11.2,16
7720,129232.0,0.1,-0.5,-0.1,2.0,0.8,9.3,20.1,2.4000000000000004,-12.8,16
7721,129247.0,0.5,-0.8,-0.4,2.3000000000000003,0.7000000000000001,9.0,15.8,-0.30000000000000004,-16.5,16
7722,129263.0,0.6000000000000001,-0.8,-0.6000000000000001,2.4000000000000004,0.7000000000000001,8.700000000000001,11.9,0.7,-20.0,16
7723,129280.0,0.6000000000000001,-0.9,-0.9,2.5,0.7000000000000001,8.5,9.200000000000001,5.7,-21.200000000000003,16
7724,129299.0,0.7000000000000001,-0.9,-1.0,2.5,0.7000000000000001,8.4,5.8,9.700000000000001,-20.7,16
7725,129314.0,0.7000000000000001,-0.9,-1.0,2.6,0.6000000000000001,8.3,2.6,11.1,-19.400000000000002,16
7726,129330.0,0.9,-1.0,-1.2000000000000002,2.6,0.6000000000000001,8.200000000000001,1.0,12.6,-18.1,16
7727,129347.0,0.9,-0.9,-1.3,2.7,0.7000000000000001,8.0,-0.2,12.3,-17.1,16
7728,129364.0,1.0,-0.9,-1.3,2.7,0.8,8.1,-2.8,10.9,-15.9,16
7729,129383.0,1.1,-0.8,-1.1,2.8000000000000003,0.9,8.3,-7.500000000000001,3.3000000000000003,-14.3,16
7730,129399.0,1.3,-0.6000000000000001,-0.8,2.9000000000000004,1.0,8.5,-13.100000000000001,-4.1000000000000005,-12.200000000000001,16
7731,129414.0,1.4000000000000001,-0.5,-0.7000000000000001,3.2,1.0,8.700000000000001,-16.2,-11.2,-10.3,16
7732,129431.0,1.6,-0.4,-0.6000000000000001,3.3000000000000003,1.1,8.8,-15.8,-12.6,-9.200000000000001,16
7733,129451.0,1.2000000000000002,0.0,-0.5,2.9000000000000004,1.5,8.9,-11.8,-10.8,-8.4,16
7734,129466.0,0.8,0.4,-0.2,2.7,1.8,9.1,-7.0,-9.200000000000001,-8.5,16
7735,129482.0,0.7000000000000001,0.5,-0.2,2.5,2.0,9.200000000000001,-3.9,-10.9,-10.5,16
7736,129497.0,0.4,0.8,-0.1,2.3000000000000003,2.2,9.200000000000001,-3.9,-14.900000000000002,-14.500000000000002,16
7737,129514.0,0.30000000000000004,0.9,-0.2,2.1,2.4000000000000004,9.1,-5.6,-17.9,-19.400000000000002,16
7738,129530.0,0.0,1.0,-0.30000000000000004,1.9000000000000001,2.4000000000000004,9.0,-8.200000000000001,-18.400000000000002,-23.6,16
7739,129547.0,-0.30000000000000004,1.0,-0.30000000000000004,1.7000000000000002,2.4000000000000004,9.0,-11.2,-16.700000000000003,-27.0,16
7740,129565.0,-0.5,0.9,-0.2,1.5,2.3000000000000003,9.1,-12.700000000000001,-13.5,-29.800000000000004,16
7741,129581.0,-0.6000000000000001,0.9,-0.1,1.3,2.3000000000000003,9.3,-12.9,-10.700000000000001,-31.7,16
7742,129599.0,-0.9,0.8,0.1,1.1,2.1,9.4,-12.200000000000001,-10.0,-32.7,16
7743,129615.0,-1.0,0.6000000000000001,0.2,1.1,2.0,9.5,-10.9,-9.8,-33.300000000000004,16
7744,129631.0,-1.0,0.5,0.2,1.0,1.8,9.5,-8.799999999999999,-8.5,-33.400000000000006,16
7745,129648.0,-1.1,0.4,0.2,0.9,1.7000000000000002,9.5,-7.1000000000000005,-6.6000000000000005,-32.6,16
7746,129664.0,-1.2000000000000002,0.30000000000000004,0.30000000000000004,0.8,1.7000000000000002,9.600000000000001,-5.7,-5.6,-30.4,16
7747,129681.0,-1.2000000000000002,0.2,0.30000000000000004,0.8,1.6,9.600000000000001,-4.800000000000001,-4.9,-26.700000000000003,16
7748,129700.0,-1.2000000000000002,0.2,0.30000000000000004,0.8,1.6,9.600000000000001,-4.800000000000001,-4.9,-26.700000000000003,16
7749,129716.0,-1.0,0.1,0.0,1.0,1.5,9.3,0.0,2.6,-18.1,16
7750,129731.0,-1.0,0.1,-0.1,0.9,1.6,9.1,2.8,6.8,-15.6,16
7751,129747.0,-1.2000000000000002,0.30000000000000004,-0.30000000000000004,0.7000000000000001,1.7000000000000002,9.0,4.7,9.200000000000001,-13.100000000000001,16
7752,129764.0,-1.2000000000000002,0.4,-0.5,0.7000000000000001,1.8,8.8,4.6000000000000005,9.4,-11.3,16
7753,129782.0,-1.1,0.5,-0.7000000000000001,0.7000000000000001,2.0,8.6,2.7,9.8,-10.3,16
7754,129797.0,-1.1,0.6000000000000001,-0.7000000000000001,0.8,2.1,8.6,-0.30000000000000004,9.5,-9.8,16
7755,129814.0,-0.7000000000000001,0.6000000000000001,-0.7000000000000001,1.0,2.1,8.6,-3.5,9.600000000000001,-10.8,16
7756,129830.0,-0.6000000000000001,0.6000000000000001,-0.7000000000000001,1.2000000000000002,2.1,8.700000000000001,-5.7,10.4,-12.4,16
7757,129847.0,-0.5,0.6000000000000001,-0.5,1.2000000000000002,2.1,8.700000000000001,-9.1,9.200000000000001,-14.4,16
7758,129864.0,-0.4,0.6000000000000001,-0.4,1.3,2.1,8.8,-14.200000000000001,5.7,-16.0,16
7759,129881.0,-0.2,0.5,-0.2,1.3,2.0,9.0,-20.3,2.1,-17.0,16
7760,129897.0,-0.2,0.5,-0.1,1.3,2.0,9.200000000000001,-23.700000000000003,2.6,-17.200000000000003,16
7761,129914.0,-0.30000000000000004,0.4,0.2,1.2000000000000002,1.9000000000000001,9.5,-23.5,6.4,-16.8,16
7762,129931.0,-0.7000000000000001,0.4,0.4,0.8,1.8,9.700000000000001,-20.900000000000002,11.2,-15.6,16
7763,129947.0,-1.0,0.4,0.7000000000000001,0.2,1.8,10.3,-17.5,10.2,-13.200000000000001,16
7764,129964.0,-1.2000000000000002,0.4,1.5,0.2,1.8,11.0,-17.7,0.4,-11.9,16
7765,129985.0,-0.7000000000000001,0.30000000000000004,2.1,0.7000000000000001,1.6,11.5,-20.3,-13.3,-12.8,16
7766,129997.0,-0.4,0.2,2.2,1.3,1.4000000000000001,11.700000000000001,-23.1,-19.1,-14.900000000000002,16
7767,130013.0,0.2,0.1,2.5,1.6,1.3,11.9,-27.6,-16.400000000000002,-16.700000000000003,16
7768,130030.0,0.1,0.1,2.8000000000000003,1.6,1.2000000000000002,12.3,-33.1,-8.799999999999999,-14.0,16
7769,130047.0,-0.1,0.2,3.2,1.4000000000000001,1.2000000000000002,12.9,-35.0,-0.8,-5.9,16
7770,130064.0,0.0,0.1,3.9000000000000004,1.5,1.0,13.5,-31.7,4.5,3.0000000000000004,16
7771,130080.0,0.30000000000000004,-0.1,4.5,1.8,0.7000000000000001,14.100000000000001,-24.000000000000004,9.4,8.5,16
7772,130099.0,0.8,-0.4,4.5,2.2,0.4,14.200000000000001,-9.0,10.3,9.3,16
7773,130114.0,1.2000000000000002,-0.6000000000000001,4.1000000000000005,2.7,0.2,13.5,10.700000000000001,15.9,7.400000000000001,16
7774,130130.0,1.2000000000000002,-0.6000000000000001,4.1000000000000005,2.7,0.2,13.5,10.700000000000001,15.9,7.400000000000001,16
7775,130147.0,1.2000000000000002,-0.8,1.8,2.2,0.30000000000000004,10.9,47.0,35.5,7.500000000000001,16
7776,130163.0,0.6000000000000001,-0.7000000000000001,0.4,1.7000000000000002,0.4,9.8,55.5,42.7,10.8,16
7777,130180.0,0.5,-0.9,-0.8,1.5,0.4,8.8,57.2,45.2,13.3,16
7778,130197.0,0.5,-0.9,-1.2000000000000002,1.4000000000000001,0.5,8.0,54.9,44.9,14.500000000000002,16
7779,130213.0,0.4,-1.1,-2.1,1.2000000000000002,0.5,7.4,51.2,45.5,14.500000000000002,16
7780,130230.0,0.30000000000000004,-1.3,-2.6,1.0,0.4,7.0,45.5,42.800000000000004,13.5,16
7781,130247.0,0.30000000000000004,-1.3,-2.6,0.8,0.4,6.9,37.4,37.900000000000006,11.6,16
7782,130265.0,0.2,-1.4000000000000001,-2.7,0.7000000000000001,0.4,6.800000000000001,28.400000000000002,29.900000000000006,9.9,16
7783,130281.0,0.30000000000000004,-1.5,-2.6,0.7000000000000001,0.4,6.9,17.7,17.7,8.200000000000001,16
7784,130298.0,0.4,-1.7000000000000002,-2.2,0.9,0.30000000000000004,7.2,4.6000000000000005,3.1,6.4,16
7785,130316.0,0.6000000000000001,-1.7000000000000002,-2.1,1.1,0.1,7.4,-7.9,-9.9,5.300000000000001,16
7786,130330.0,1.0,-2.0,-1.9000000000000001,1.5,-0.2,7.6000000000000005,-17.1,-19.9,4.6000000000000005,16
7787,130347.0,1.0,-2.2,-1.7000000000000002,1.6,-0.4,7.800000000000001,-22.4,-21.1,4.3999999999999995,16
7788,130364.0,0.7000000000000001,-2.1,-1.6,1.2000000000000002,-0.30000000000000004,7.800000000000001,-21.6,-18.0,8.799999999999999,16
7789,130380.0,0.0,-1.8,-1.5,0.6000000000000001,-0.1,8.0,-17.599999999999998,-12.6,17.9,16
7790,130397.0,-0.5,-1.5,-1.2000000000000002,0.2,0.1,8.200000000000001,-13.5,-10.8,29.600000000000005,16
7791,130413.0,-0.7000000000000001,-1.3,-1.2000000000000002,0.1,0.30000000000000004,8.3,-10.5,-14.600000000000001,39.2,16
7792,130430.0,-0.6000000000000001,-1.1,-1.0,0.2,0.4,8.5,-7.6,-19.9,43.7,16
7793,130447.0,-0.6000000000000001,-1.0,-0.8,0.2,0.4,8.5,-7.6,-19.9,43.7,16
7794,130464.0,-0.7000000000000001,-0.7000000000000001,-0.5,0.30000000000000004,0.9,9.0,-4.6000000000000005,-33.800000000000004,43.300000000000004,16
7795,130480.0,-0.7000000000000001,-0.2,0.0,0.5,1.3,9.4,-7.0,-42.0,43.1,16
7796,130497.0,-0.4,0.1,0.4,0.9,1.4000000000000001,9.8,-11.1,-50.1,43.900000000000006,16
7797,130514.0,0.0,0.1,0.7000000000000001,1.8,1.4000000000000001,10.200000000000001,-14.600000000000001,-51.300000000000004,41.5,16
7798,130530.0,0.8,0.1,1.0,2.5,1.3,10.4,-13.8,-44.1,35.1,16
7799,130547.0,1.1,0.2,1.0,2.8000000000000003,1.4000000000000001,10.4,-9.3,-31.8,27.3,16
7800,130564.0,1.0,0.30000000000000004,0.9,2.6,1.6,10.200000000000001,-3.1,-15.100000000000001,20.900000000000002,16
7801,130580.0,0.4,0.6000000000000001,0.8,2.0,1.8,10.200000000000001,2.1999999999999997,0.2,17.9,16
7802,130597.0,-0.2,0.7000000000000001,0.8,1.5,1.9000000000000001,10.200000000000001,2.7,8.600000000000001,15.8,16
7803,130614.0,-0.5,0.7000000000000001,0.8,1.2000000000000002,1.9000000000000001,10.100000000000001,1.0999999999999999,9.200000000000001,13.100000000000001,16
7804,130631.0,-0.7000000000000001,0.7000000000000001,0.7000000000000001,1.0,1.8,10.200000000000001,-0.1,7.300000000000001,9.700000000000001,16
7805,130648.0,-0.6000000000000001,0.5,0.9,1.1,1.6,10.3,-1.3,2.1999999999999997,4.800000000000001,16
7806,130664.0,-0.5,0.30000000000000004,0.9,1.2000000000000002,1.5,10.3,-3.1,-2.1999999999999997,0.30000000000000004,16
7807,130680.0,-0.5,0.2,0.9,1.3,1.4000000000000001,10.3,-3.4,-5.1,-0.9,16
7808,130697.0,-0.5,0.2,0.9,1.3,1.4000000000000001,10.3,-3.4,-5.1,-0.9,16
7809,130714.0,-0.30000000000000004,0.0,0.8,1.4000000000000001,1.1,10.200000000000001,0.1,2.3000000000000003,1.5000000000000002,16
7810,130730.0,-0.4,-0.1,0.9,1.3,1.1,10.3,2.1,7.2,2.0,16
7811,130747.0,-0.5,-0.2,0.8,1.2000000000000002,1.0,10.3,3.4,10.0,1.6,16
7812,130764.0,-0.7000000000000001,-0.1,0.8,0.9,1.1,10.200000000000001,4.5,12.200000000000001,0.8,16
7813,130782.0,-0.9,0.0,0.7000000000000001,0.6000000000000001,1.3,10.3,6.7,14.800000000000002,0.7,16
7814,130797.0,-1.1,0.2,1.2000000000000002,0.5,1.4000000000000001,10.8,7.2,12.4,-0.8,16
7815,130813.0,-0.9,0.2,1.6,0.8,1.4000000000000001,11.4,1.6,1.2000000000000002,-4.9,16
7816,130830.0,-0.4,0.30000000000000004,1.9000000000000001,1.2000000000000002,1.5,11.200000000000001,-7.1000000000000005,-7.1000000000000005,-8.1,16
7817,130847.0,-0.1,0.30000000000000004,1.5,1.4000000000000001,1.4000000000000001,10.9,-13.3,-5.9,-9.1,16
7818,130863.0,-0.30000000000000004,0.2,1.4000000000000001,1.3,1.4000000000000001,10.9,-16.5,2.7,-8.3,16
7819,130880.0,-0.5,0.30000000000000004,1.5,0.9,1.4000000000000001,11.100000000000001,-15.2,13.200000000000001,-3.3000000000000003,16
7820,130897.0,-0.7000000000000001,0.2,1.5,0.8,1.2000000000000002,11.200000000000001,-10.2,20.2,3.6,16
7821,130915.0,-0.4,-0.1,1.6,1.0,0.9,11.3,-3.6,22.2,7.2,16
7822,130930.0,-0.1,-0.2,1.4000000000000001,1.4000000000000001,0.7000000000000001,11.0,4.2,21.1,6.5,16
7823,130947.0,0.5,-0.5,0.9,1.9000000000000001,0.6000000000000001,10.700000000000001,12.5,21.8,4.300000000000001,16
7824,130964.0,1.0,-0.6000000000000001,0.4,2.1,0.5,10.200000000000001,19.0,23.1,2.1,16
7825,130980.0,1.0,-0.5,0.1,2.2,0.7000000000000001,9.8,21.700000000000003,25.3,2.1999999999999997,16
7826,131000.0,1.4000000000000001,-0.5,-0.2,2.5,0.7000000000000001,9.5,19.9,24.7,2.8,16
7827,131024.0,2.1,-0.6000000000000001,-0.7000000000000001,3.2,0.7000000000000001,9.1,6.2,22.3,2.6,16
7828,131030.0,2.1,-0.6000000000000001,-0.7000000000000001,3.2,0.7000000000000001,9.1,6.2,22.3,2.6,16
7829,131047.0,2.4000000000000004,-0.6000000000000001,-0.9,3.4000000000000004,0.8,9.0,2.8,24.1,3.8,16
7830,131065.0,2.6,-0.5,-0.9,3.4000000000000004,0.8,9.0,1.0,26.3,5.4,16
7831,131084.0,2.7,-0.30000000000000004,-1.0,3.5,1.0,8.9,1.5000000000000002,26.8,6.6000000000000005,16
7832,131097.0,2.6,-0.2,-1.1,3.3000000000000003,1.1,8.700000000000001,4.1000000000000005,25.900000000000002,6.4,16
7833,131114.0,2.4000000000000004,0.0,-1.3,3.0,1.3,8.6,6.000000000000001,22.5,4.800000000000001,16
7834,131130.0,1.9000000000000001,0.2,-1.3,2.6,1.5,8.5,4.7,14.3,2.8,16
7835,131147.0,1.6,0.30000000000000004,-1.5,2.1,1.7000000000000002,8.200000000000001,2.8,4.300000000000001,-0.4,16
7836,131164.0,0.9,0.4,-2.0,1.5,1.7000000000000002,7.800000000000001,0.9,-2.3000000000000003,-4.9,16
7837,131180.0,0.6000000000000001,0.4,-2.1,1.0,1.8,7.7,-2.3000000000000003,-7.6,-8.9,16
7838,131197.0,-0.1,0.6000000000000001,-2.1,0.5,2.0,7.7,-5.1,-10.4,-8.9,16
7839,131214.0,-0.5,0.7000000000000001,-2.1,0.30000000000000004,2.0,7.7,-7.2,-11.4,-7.400000000000001,16
7840,131230.0,-0.7000000000000001,0.6000000000000001,-1.8,0.0,1.9000000000000001,7.9,-9.0,-14.500000000000002,-6.2,16
7841,131247.0,-0.9,0.6000000000000001,-2.3000000000000003,0.0,1.9000000000000001,7.7,-17.1,-17.9,-5.6,16
7842,131264.0,-0.9,0.7000000000000001,-1.6,0.0,1.8,8.200000000000001,-21.6,-17.0,-4.800000000000001,16
7843,131289.0,-0.7000000000000001,0.5,-1.1,0.2,1.6,8.6,-19.1,-15.399999999999999,-3.7000000000000006,16
7844,131297.0,-0.7000000000000001,0.4,-0.8,0.2,1.5,9.0,-12.000000000000002,-9.9,-3.0000000000000004,16
7845,131314.0,-0.6000000000000001,0.5,-0.6000000000000001,0.30000000000000004,1.6,9.1,-4.3999999999999995,-7.6,-3.3000000000000003,16
7846,131330.0,-0.7000000000000001,0.5,-0.7000000000000001,0.30000000000000004,1.7000000000000002,9.0,-1.3,-3.9,-1.2000000000000002,16
7847,131347.0,-0.6000000000000001,0.6000000000000001,-0.8,0.4,1.7000000000000002,8.8,-3.8,-0.9,1.0,16
7848,131366.0,-0.7000000000000001,0.7000000000000001,-0.9,0.2,1.8,8.8,-8.600000000000001,5.1,3.3000000000000003,16
7849,131388.0,-0.8,0.8,-0.6000000000000001,0.1,1.9000000000000001,9.200000000000001,-12.5,11.8,7.400000000000001,16
7850,131397.0,-0.8,0.8,-0.4,0.1,1.8,9.600000000000001,-12.9,17.8,11.5,16
7851,131414.0,-0.7000000000000001,0.7000000000000001,0.2,0.1,1.7000000000000002,10.0,-9.8,20.3,13.8,16
7852,131430.0,-0.6000000000000001,0.7000000000000001,0.6000000000000001,0.2,1.7000000000000002,10.3,-5.2,21.5,14.100000000000001,16
7853,131447.0,-0.5,0.7000000000000001,0.7000000000000001,0.30000000000000004,1.6,10.5,-0.6000000000000001,21.3,12.000000000000002,16
7854,131463.0,-0.4,0.6000000000000001,0.8,0.30000000000000004,1.6,10.600000000000001,4.0,19.700000000000003,8.5,16
7855,131486.0,-0.2,0.6000000000000001,1.0,0.4,1.6,10.8,5.300000000000001,15.399999999999999,5.7,16
7856,131497.0,0.0,0.5,1.0,0.6000000000000001,1.5,10.700000000000001,0.4,10.2,4.7,16
7857,131514.0,0.2,0.5,1.0,0.8,1.5,10.700000000000001,-4.9,7.699999999999999,6.000000000000001,16
7858,131530.0,0.4,0.5,1.0,0.9,1.5,10.8,-8.3,9.5,9.4,16
7859,131547.0,0.4,0.6000000000000001,1.1,0.7000000000000001,1.7000000000000002,11.0,-5.7,15.5,12.200000000000001,16
7860,131563.0,-0.1,0.8,1.4000000000000001,0.2,1.8,11.5,0.2,16.700000000000003,12.6,16
7861,131586.0,-0.2,1.0,2.5,0.2,1.9000000000000001,12.3,1.4,9.3,11.4,16
7862,131597.0,0.2,0.8,2.4000000000000004,0.6000000000000001,1.8,12.200000000000001,-0.8,-2.6,7.6,16
7863,131614.0,0.30000000000000004,0.7000000000000001,2.2,0.9,1.6,12.0,-1.8,-5.8,3.4,16
7864,131630.0,0.8,0.30000000000000004,2.1,1.2000000000000002,1.2000000000000002,12.0,-3.1,-4.2,-0.2,16
7865,131647.0,1.1,-0.1,1.9000000000000001,1.5,0.9,11.8,-4.3999999999999995,-1.8,-2.4000000000000004,16
7866,131664.0,1.3,-0.4,1.9000000000000001,1.9000000000000001,0.4,11.8,-4.9,-2.0,-2.3000000000000003,16
7867,131685.0,1.5,-0.8,1.9000000000000001,2.0,0.1,11.700000000000001,0.1,0.0,-0.4,16
7868,131697.0,1.7000000000000002,-1.0,1.7000000000000002,2.3000000000000003,-0.2,11.3,12.3,5.300000000000001,1.0999999999999999,16
7869,131713.0,2.0,-1.3,1.2000000000000002,2.5,-0.30000000000000004,11.0,25.3,9.0,0.4,16
7870,131731.0,2.1,-1.5,0.6000000000000001,2.5,-0.4,10.4,33.6,9.1,-3.0000000000000004,16
7871,131747.0,1.9000000000000001,-1.5,-0.4,2.3000000000000003,-0.30000000000000004,9.5,38.800000000000004,10.5,-6.7,16
7872,131763.0,1.6,-1.4000000000000001,-0.8,1.8,-0.1,8.9,39.2,12.6,-8.0,16
7873,131780.0,1.1,-1.4000000000000001,-1.3,1.4000000000000001,0.0,8.5,34.6,10.700000000000001,-8.1,16
7874,131797.0,0.7000000000000001,-1.5,-1.7000000000000002,1.1,0.0,8.200000000000001,27.0,6.1000000000000005,-7.9,16
7875,131813.0,0.6000000000000001,-1.5,-1.8,1.0,0.1,8.0,18.3,0.30000000000000004,-7.6,16
7876,131830.0,0.6000000000000001,-1.5,-1.8,1.0,0.1,8.0,10.0,-4.800000000000001,-7.2,16
7877,131847.0,0.6000000000000001,-1.4000000000000001,-1.8,1.0,0.2,8.0,3.5,-10.4,-6.3,16
7878,131863.0,0.6000000000000001,-1.3,-1.9000000000000001,0.9,0.30000000000000004,7.9,0.4,-13.4,-4.2,16
7879,131881.0,0.2,-1.1,-2.0,0.5,0.5,7.7,2.5,-11.1,-1.9,16
7880,131899.0,-0.5,-1.0,-2.2,0.0,0.6000000000000001,7.6000000000000005,4.9,-7.8,0.6000000000000001,16
7881,131915.0,-1.0,-0.8,-2.1,-0.5,0.8,7.6000000000000005,4.6000000000000005,-9.1,3.4,16
7882,131930.0,-1.2000000000000002,-0.7000000000000001,-2.0,-0.7000000000000001,0.8,7.7,0.0,-14.800000000000002,6.5,16
7883,131947.0,-1.4000000000000001,-0.7000000000000001,-1.9000000000000001,-0.8,0.9,7.800000000000001,-6.000000000000001,-23.1,11.000000000000002,16
7884,131964.0,-1.0,-0.7000000000000001,-1.7000000000000002,-0.4,0.8,8.0,-11.9,-28.3,14.3,16
7885,131991.0,-0.5,-0.7000000000000001,-1.3,0.1,0.8,8.200000000000001,-15.2,-28.8,15.2,16
7886,132004.0,-0.5,-0.6000000000000001,-0.8,0.5,0.8,8.9,-9.3,-17.7,11.9,16
7887,132013.0,-0.5,-0.6000000000000001,-0.8,0.5,0.8,8.9,-9.3,-17.7,11.9,16
7888,132030.0,-0.4,-0.5,-0.7000000000000001,0.5,0.9,9.1,-11.2,-14.700000000000001,9.3,16
7889,132047.0,-0.5,-0.4,-0.30000000000000004,0.5,0.9,9.5,-16.2,-14.500000000000002,6.4,16
7890,132064.0,-0.4,-0.30000000000000004,0.1,0.6000000000000001,1.0,9.8,-18.400000000000002,-9.700000000000001,3.5,16
7891,132084.0,-0.4,-0.1,0.5,0.6000000000000001,1.0,10.100000000000001,-15.9,-1.8,2.6,16
7892,132097.0,-0.5,0.0,0.5,0.5,1.2000000000000002,10.100000000000001,-8.600000000000001,6.3,3.3000000000000003,16
7893,132113.0,-0.6000000000000001,0.1,0.4,0.30000000000000004,1.3,10.100000000000001,-2.6,11.6,3.7000000000000006,16
7894,132130.0,-0.7000000000000001,0.2,0.6000000000000001,0.0,1.4000000000000001,10.4,2.8,13.200000000000001,2.1999999999999997,16
7895,132147.0,-1.2000000000000002,0.4,0.6000000000000001,-0.4,1.6,10.4,5.9,11.000000000000002,1.9,16
7896,132166.0,-1.7000000000000002,0.5,0.7000000000000001,-0.8,1.7000000000000002,10.4,7.300000000000001,7.0,4.2,16
7897,132180.0,-1.8,0.6000000000000001,0.7000000000000001,-1.0,1.8,10.5,7.500000000000001,3.8,9.700000000000001,16
7898,132197.0,-1.9000000000000001,0.6000000000000001,0.8,-1.0,1.8,10.5,7.500000000000001,3.8,9.700000000000001,16
7899,132215.0,-1.8,0.5,1.0,-1.0,1.8,10.700000000000001,12.200000000000001,7.9,19.6,16
7900,132230.0,-1.9000000000000001,0.4,1.2000000000000002,-1.2000000000000002,1.7000000000000002,11.0,16.6,11.5,20.5,16
7901,132247.0,-2.2,0.5,1.4000000000000001,-1.5,1.9000000000000001,11.200000000000001,17.3,10.5,21.700000000000003,16
7902,132264.0,-2.1,0.5,1.9000000000000001,-1.4000000000000001,1.9000000000000001,11.600000000000001,13.8,8.700000000000001,24.5,16
7903,132283.0,-1.9000000000000001,0.5,2.1,-1.3,1.9000000000000001,11.8,11.8,8.5,26.9,16
7904,132298.0,-1.8,0.5,2.5,-1.0,1.9000000000000001,12.3,10.5,8.4,27.6,16
7905,132315.0,-0.7000000000000001,0.30000000000000004,3.1,-1.0,1.9000000000000001,12.3,5.1,-0.2,27.400000000000002,16
7906,132331.0,0.7000000000000001,0.0,2.9000000000000004,1.2000000000000002,1.5,12.700000000000001,-4.7,-2.6,26.3,16
7907,132347.0,1.2000000000000002,-0.2,2.5,2.0,1.1,12.3,-1.2000000000000002,9.600000000000001,25.6,16
7908,132364.0,1.5,-0.5,1.9000000000000001,2.1,0.9,11.600000000000001,10.4,23.5,24.000000000000004,16
7909,132381.0,1.5,-0.5,1.3,2.2,1.0,10.700000000000001,16.6,34.1,24.9,16
7910,132397.0,1.8,-0.6000000000000001,0.8,2.2,0.8,10.4,22.2,45.6,26.9,16
7911,132413.0,1.9000000000000001,-0.9,0.0,2.3000000000000003,0.7000000000000001,9.8,25.8,44.5,26.9,16
7912,132430.0,2.1,-1.1,-0.2,2.6,0.5,9.4,28.8,40.3,24.6,16
7913,132447.0,2.4000000000000004,-1.1,-0.4,2.6,0.5,9.4,28.8,40.3,24.6,16
7914,132463.0,2.8000000000000003,-1.5,-1.1,2.8000000000000003,0.4,8.6,32.800000000000004,28.400000000000002,14.200000000000001,16
7915,132482.0,2.7,-1.4000000000000001,-1.5,2.7,0.5,8.200000000000001,32.7,21.3,8.9,16
7916,132499.0,2.6,-1.4000000000000001,-1.7000000000000002,2.6,0.7000000000000001,7.800000000000001,27.6,16.400000000000002,3.4,16
7917,132515.0,2.3000000000000003,-1.1,-2.1,2.2,1.0,7.6000000000000005,14.900000000000002,11.5,-1.2000000000000002,16
7918,132530.0,1.6,-0.7000000000000001,-2.1,1.6,1.4000000000000001,7.5,-4.3999999999999995,4.9,-1.4,16
7919,132548.0,1.2000000000000002,-0.5,-2.0,1.1,1.6,7.800000000000001,-22.1,-1.8,4.3999999999999995,16
7920,132563.0,0.8,-0.30000000000000004,-1.7000000000000002,0.8,1.5,8.200000000000001,-34.1,-5.7,11.000000000000002,16
7921,132580.0,0.7000000000000001,-0.4,-1.0,0.7000000000000001,1.4000000000000001,8.700000000000001,-39.50000000000001,-11.000000000000002,14.700000000000001,16
7922,132597.0,0.6000000000000001,-0.4,-0.8,0.6000000000000001,1.3,9.0,-37.1,-13.8,15.5,16
7923,132613.0,0.4,-0.30000000000000004,-0.6000000000000001,0.5,1.3,9.1,-29.400000000000002,-13.700000000000001,15.100000000000001,16
7924,132630.0,0.1,-0.2,-0.7000000000000001,0.4,1.3,9.0,-19.500000000000004,-12.4,13.4,16
7925,132647.0,0.0,-0.1,-0.8,0.1,1.5,8.8,-9.600000000000001,-10.0,11.700000000000001,16
7926,132663.0,-0.30000000000000004,0.2,-1.1,-0.1,1.7000000000000002,8.6,-2.8,-8.600000000000001,10.700000000000001,16
7927,132682.0,-0.5,0.30000000000000004,-1.4000000000000001,-0.2,1.8,8.3,-0.6000000000000001,-9.4,9.9,16
7928,132699.0,-0.5,0.4,-1.6,-0.2,1.9000000000000001,7.9,-3.3000000000000003,-8.200000000000001,8.3,16
7929,132714.0,-0.5,0.4,-1.9000000000000001,-0.2,1.9000000000000001,7.800000000000001,-7.8,-6.7,6.2,16
7930,132730.0,-0.6000000000000001,0.5,-1.8,-0.2,1.9000000000000001,7.9,-13.700000000000001,-3.8,4.300000000000001,16
7931,132747.0,-0.6000000000000001,0.6000000000000001,-1.7000000000000002,-0.30000000000000004,2.0,8.1,-18.1,-2.8,4.7,16
7932,132764.0,-0.5,0.7000000000000001,-1.3,0.0,2.0,8.5,-22.1,-2.1999999999999997,5.500000000000001,16
7933,132780.0,-0.2,0.7000000000000001,-0.8,0.2,1.9000000000000001,8.9,-24.3,-3.0000000000000004,4.800000000000001,16
7934,132797.0,-0.1,0.7000000000000001,-0.6000000000000001,0.30000000000000004,2.0,9.3,-23.400000000000002,-2.0,4.2,16
7935,132813.0,-0.1,0.9,-0.1,0.30000000000000004,2.1,9.600000000000001,-20.1,0.4,5.9,16
7936,132830.0,-0.1,1.1,0.1,0.30000000000000004,2.2,9.8,-15.9,2.4000000000000004,9.5,16
7937,132847.0,0.1,1.1,0.2,0.4,2.2,9.9,-10.1,6.8,13.0,16
7938,132864.0,0.1,1.1,0.30000000000000004,0.5,2.2,10.0,-2.1999999999999997,11.4,14.3,16
7939,132882.0,0.0,1.2000000000000002,0.2,0.30000000000000004,2.3000000000000003,9.9,5.2,15.7,13.9,16
7940,132901.0,-0.4,1.3,0.30000000000000004,-0.1,2.5,10.0,9.4,15.2,13.8,16
7941,132917.0,-0.30000000000000004,1.3,0.5,-0.1,2.5,10.200000000000001,7.8,7.6,13.6,16
7942,132931.0,0.1,1.2000000000000002,0.7000000000000001,0.4,2.3000000000000003,10.4,2.6,-1.7,11.8,16
7943,132950.0,0.8,0.8,0.8,1.1,2.0,10.5,-1.0,-5.9,8.799999999999999,16
7944,132964.0,1.0,0.7000000000000001,0.8,1.2000000000000002,1.8,10.5,-0.5,-1.4,6.5,16
7945,132986.0,0.8,0.5,0.9,1.0,1.7000000000000002,10.600000000000001,2.7,6.3,5.300000000000001,16
7946,132998.0,0.0,0.7000000000000001,1.0,0.2,1.9000000000000001,10.8,9.3,14.200000000000001,6.000000000000001,16
7947,133013.0,-0.4,0.8,1.4000000000000001,-0.30000000000000004,2.0,11.600000000000001,8.9,11.8,6.9,16
7948,133030.0,-0.5,0.7000000000000001,2.4000000000000004,-0.2,1.9000000000000001,12.100000000000001,1.9,-5.500000000000001,7.2,16
7949,133046.0,0.0,0.30000000000000004,2.4000000000000004,0.2,1.6,12.100000000000001,-7.8,-17.3,6.6000000000000005,16
7950,133063.0,0.30000000000000004,0.1,2.4000000000000004,0.9,1.0,12.100000000000001,-12.100000000000001,-22.3,5.300000000000001,16
7951,133080.0,0.8,-0.5,2.2,1.2000000000000002,0.7000000000000001,12.0,-7.9,-15.5,4.300000000000001,16
7952,133097.0,1.0,-0.7000000000000001,2.4000000000000004,1.4000000000000001,0.5,12.200000000000001,4.7,-6.1000000000000005,5.0,16
7953,133113.0,1.1,-0.8,2.5,1.6,0.30000000000000004,12.3,13.6,-6.2,5.7,16
7954,133130.0,1.1,-0.8,2.3000000000000003,1.6,0.5,12.0,19.6,-13.9,7.500000000000001,16
7955,133147.0,1.3,-0.8,1.3,1.9000000000000001,0.5,11.100000000000001,25.900000000000002,-17.7,10.1,16
7956,133164.0,1.6,-1.0,0.7000000000000001,2.4000000000000004,0.30000000000000004,10.0,27.900000000000002,-15.7,8.1,16
7957,133182.0,1.9000000000000001,-1.3,-0.6000000000000001,2.5,0.2,9.0,28.900000000000002,-9.1,1.0999999999999999,16
7958,133197.0,1.5,-1.3,-1.2000000000000002,2.1,0.30000000000000004,8.5,27.5,-0.6000000000000001,-6.3,16
7959,133215.0,0.6000000000000001,-1.1,-1.6,1.3,0.5,8.200000000000001,21.700000000000003,-0.8,-8.9,16
7960,133230.0,0.2,-1.0,-1.7000000000000002,0.8,0.6000000000000001,8.1,13.0,-4.5,-6.6000000000000005,16
7961,133247.0,0.0,-1.0,-1.6,0.7000000000000001,0.6000000000000001,8.200000000000001,4.3999999999999995,-12.100000000000001,-3.4,16
7962,133264.0,0.1,-1.1,-1.4000000000000001,1.1,0.5,8.5,-3.1,-21.0,-3.5,16
7963,133282.0,0.7000000000000001,-1.2000000000000002,-1.2000000000000002,1.5,0.4,8.4,-6.2,-25.0,-7.2,16
7964,133297.0,0.8,-1.2000000000000002,-1.5,1.7000000000000002,0.4,8.1,-5.0,-22.000000000000004,-11.8,16
7965,133316.0,0.30000000000000004,-1.1,-1.8,1.2000000000000002,0.5,7.9,-3.7000000000000006,-13.200000000000001,-15.7,16
7966,133330.0,-0.2,-0.9,-1.8,0.4,0.8,7.9,-4.0,-7.699999999999999,-14.200000000000001,16
7967,133347.0,-1.0,-0.6000000000000001,-1.7000000000000002,-0.1,0.9,8.0,-7.300000000000001,-7.8,-9.3,16
7968,133364.0,-1.1,-0.5,-1.6,-0.1,1.0,8.1,-12.200000000000001,-12.200000000000001,-4.800000000000001,16
7969,133381.0,-0.8,-0.5,-1.4000000000000001,0.30000000000000004,0.9,8.4,-15.8,-14.200000000000001,-3.8,16
7970,133397.0,-0.4,-0.5,-1.1,0.7000000000000001,0.9,8.6,-16.1,-14.100000000000001,-6.4,16
7971,133414.0,-0.2,-0.5,-0.9,0.7000000000000001,0.9,8.6,-16.1,-14.100000000000001,-6.4,16
7972,133430.0,-0.4,-0.30000000000000004,-0.30000000000000004,0.5,1.2000000000000002,9.5,-13.4,-8.799999999999999,-12.000000000000002,16
7973,133447.0,-0.6000000000000001,-0.1,-0.1,0.5,1.2000000000000002,9.5,-13.4,-8.799999999999999,-12.000000000000002,16
7974,133465.0,-0.6000000000000001,0.1,0.4,0.5,1.4000000000000001,10.0,-16.700000000000003,-12.4,-8.600000000000001,16
7975,133480.0,-0.4,0.1,0.4,0.8,1.3,10.100000000000001,-17.1,-9.4,-8.0,16
7976,133497.0,-0.2,0.1,0.4,1.0,1.3,10.0,-12.3,-1.3,-9.1,16
7977,133513.0,-0.2,0.1,0.4,0.9,1.3,10.0,-4.300000000000001,10.3,-11.1,16
7978,133530.0,-0.4,0.1,0.4,0.4,1.3,10.100000000000001,3.5,17.1,-12.700000000000001,16
7979,133547.0,-1.0,0.30000000000000004,0.4,-0.2,1.5,10.0,7.1000000000000005,17.7,-12.4,16
7980,133566.0,-1.6,0.4,0.30000000000000004,-0.6000000000000001,1.6,9.9,7.9,12.8,-10.3,16
7981,133582.0,-1.7000000000000002,0.4,0.5,-0.8,1.7000000000000002,10.100000000000001,5.4,5.500000000000001,-7.699999999999999,16
7982,133597.0,-1.6,0.4,0.6000000000000001,-0.6000000000000001,1.6,10.3,2.7,-2.6,-6.1000000000000005,16
7983,133613.0,-1.3,0.30000000000000004,0.8,-0.4,1.5,10.5,1.5000000000000002,-8.4,-5.500000000000001,16
7984,133630.0,-1.2000000000000002,0.2,0.9,-0.2,1.4000000000000001,10.600000000000001,1.6,-9.3,-4.9,16
7985,133647.0,-1.1,0.1,1.1,-0.2,1.4000000000000001,10.9,2.1,-7.500000000000001,-3.6,16
7986,133663.0,-1.2000000000000002,0.2,1.6,-0.2,1.5,11.3,0.9,-7.500000000000001,-1.9,16
7987,133680.0,-1.1,0.30000000000000004,1.8,0.1,1.6,11.700000000000001,-1.5000000000000002,-7.400000000000001,0.8,16
7988,133697.0,-0.9,0.30000000000000004,2.0,0.1,1.6,11.700000000000001,-1.5000000000000002,-7.400000000000001,0.8,16
7989,133713.0,0.4,0.30000000000000004,2.4000000000000004,1.5,1.6,12.200000000000001,3.5,5.500000000000001,2.6,16
7990,133730.0,1.7000000000000002,0.1,2.6,2.6,1.4000000000000001,12.3,5.1,7.300000000000001,-1.0,16
7991,133747.0,2.0,0.0,2.1,3.0,1.3,11.600000000000001,5.1,15.5,-6.3,16
7992,133764.0,2.1,-0.1,1.4000000000000001,2.9000000000000004,1.2000000000000002,11.200000000000001,6.5,20.7,-10.8,16
7993,133780.0,1.8,-0.2,1.3,2.7,1.1,11.100000000000001,-1.7,20.6,-12.200000000000001,16
7994,133797.0,1.8,-0.30000000000000004,0.8,2.8000000000000003,0.9,10.3,-8.5,15.6,-7.699999999999999,16
7995,133813.0,2.1,-0.8,0.0,2.9000000000000004,0.5,9.8,-9.0,17.599999999999998,-2.1999999999999997,16
7996,133830.0,2.3000000000000003,-1.0,-0.5,3.0,0.30000000000000004,9.3,-3.1,20.900000000000002,1.9,16
7997,133847.0,2.3000000000000003,-1.0,-0.7000000000000001,2.9000000000000004,0.30000000000000004,9.0,7.2,24.000000000000004,3.0000000000000004,16
7998,133865.0,2.1,-0.9,-1.0,2.8000000000000003,0.4,8.8,18.2,21.700000000000003,0.8,16
7999,133880.0,2.0,-0.8,-1.5,2.6,0.5,8.3,25.2,15.2,-6.000000000000001,16
8000,133897.0,1.9000000000000001,-0.8,-1.8,2.3000000000000003,0.7000000000000001,7.7,25.5,8.4,-15.9,16
8001,133914.0,1.3,-0.7000000000000001,-2.5,1.8,0.8,7.2,18.7,1.6,-26.400000000000002,16
8002,133930.0,0.6000000000000001,-0.6000000000000001,-2.9000000000000004,1.1,0.9,6.9,6.000000000000001,-4.9,-35.3,16
8003,133947.0,0.1,-0.5,-2.8000000000000003,0.5,1.0,7.0,-10.8,-12.5,-39.00000000000001,16
8004,133964.0,-0.4,-0.4,-2.4000000000000004,0.1,1.0,7.4,-26.8,-20.4,-38.800000000000004,16
8005,134006.0,-0.4,-0.5,-0.8,0.30000000000000004,0.7000000000000001,8.8,-43.2,-28.6,-34.2,16
8006,134015.0,-0.30000000000000004,-0.6000000000000001,-0.4,0.6000000000000001,0.5,9.5,-43.7,-32.2,-33.6,16
8007,134030.0,-0.1,-0.6000000000000001,0.2,0.7000000000000001,0.4,9.9,-38.0,-31.6,-33.6,16
8008,134046.0,-0.30000000000000004,-0.5,0.30000000000000004,0.6000000000000001,0.5,10.0,-26.700000000000003,-28.400000000000002,-31.6,16
8009,134064.0,-0.5,-0.30000000000000004,0.30000000000000004,0.5,0.7000000000000001,10.0,-11.5,-21.5,-27.6,16
8010,134081.0,-0.6000000000000001,0.0,0.2,0.4,0.9,9.9,2.4000000000000004,-15.000000000000002,-23.400000000000002,16
8011,134097.0,-0.6000000000000001,0.2,-0.2,0.5,1.1,9.5,10.1,-13.200000000000001,-21.6,16
8012,134113.0,-0.6000000000000001,0.4,-0.6000000000000001,0.5,1.5,8.9,10.3,-8.5,-21.1,16
8013,134131.0,-0.7000000000000001,0.7000000000000001,-1.0,0.4,1.7000000000000002,8.700000000000001,6.4,-1.7,-18.1,16
8014,134149.0,-0.6000000000000001,0.8,-1.2000000000000002,0.5,1.8,8.5,-0.1,3.0000000000000004,-12.000000000000002,16
8015,134165.0,-0.4,0.8,-1.2000000000000002,0.8,1.8,8.5,-11.6,6.3,-10.4,16
8016,134187.0,-0.1,0.7000000000000001,-0.7000000000000001,0.8,1.6,9.200000000000001,-28.500000000000004,13.100000000000001,-12.000000000000002,16
8017,134197.0,-0.1,0.7000000000000001,-0.7000000000000001,0.8,1.6,9.200000000000001,-28.500000000000004,13.100000000000001,-12.000000000000002,16
8018,134213.0,-0.30000000000000004,0.8,-0.2,0.5,1.6,9.700000000000001,-27.8,16.2,-11.8,16
8019,134230.0,-0.6000000000000001,0.8,0.5,0.30000000000000004,1.6,10.3,-19.6,18.2,-10.2,16
8020,134248.0,-0.7000000000000001,0.8,1.0,0.2,1.5,10.700000000000001,-7.2,16.1,-9.5,16
8021,134264.0,-0.6000000000000001,0.7000000000000001,1.2000000000000002,0.2,1.5,11.0,5.6,10.1,-11.3,16
8022,134287.0,-0.2,0.6000000000000001,1.2000000000000002,0.4,1.4000000000000001,11.0,15.299999999999999,3.1,-14.200000000000001,16
8023,134297.0,0.1,0.6000000000000001,1.1,0.9,1.4000000000000001,10.8,20.7,-1.2000000000000002,-17.0,16
8024,134314.0,0.4,0.5,1.1,1.2000000000000002,1.3,10.700000000000001,21.8,-1.6,-19.1,16
8025,134330.0,0.6000000000000001,0.4,0.8,1.4000000000000001,1.3,10.5,19.9,1.6,-19.6,16
8026,134347.0,0.5,0.2,0.7000000000000001,1.2000000000000002,1.3,10.4,14.200000000000001,5.2,-19.9,16
8027,134364.0,0.30000000000000004,0.2,0.7000000000000001,0.9,1.3,10.600000000000001,2.7,4.1000000000000005,-20.4,16
8028,134387.0,0.1,0.2,1.1,0.8,1.2000000000000002,10.9,-14.700000000000001,-2.9,-20.4,16
8029,134397.0,0.2,0.0,1.2000000000000002,1.0,1.0,10.9,-29.200000000000003,-9.1,-20.6,16
8030,134414.0,0.5,-0.2,1.1,1.4000000000000001,0.6000000000000001,10.9,-34.300000000000004,-6.3,-22.900000000000002,16
8031,134430.0,0.6000000000000001,-0.4,1.2000000000000002,1.3,0.5,11.0,-33.0,-0.30000000000000004,-25.900000000000002,16
8032,134447.0,0.4,-0.30000000000000004,1.2000000000000002,1.3,0.5,11.0,-33.0,-0.30000000000000004,-25.900000000000002,16
8033,134466.0,-0.1,0.1,1.7000000000000002,0.7000000000000001,0.7000000000000001,11.5,-16.900000000000002,-2.7,-23.5,16
8034,134486.0,0.30000000000000004,0.1,2.0,1.0,0.7000000000000001,11.8,-7.500000000000001,-13.700000000000001,-22.4,16
8035,134497.0,0.8,0.0,1.9000000000000001,1.8,0.6000000000000001,11.8,-0.7,-24.9,-23.900000000000002,16
8036,134514.0,1.4000000000000001,-0.2,1.8,2.8000000000000003,0.30000000000000004,11.4,5.2,-30.100000000000005,-28.1,16
8037,134530.0,2.3000000000000003,-0.6000000000000001,1.1,3.3000000000000003,0.0,10.700000000000001,11.700000000000001,-26.400000000000002,-32.1,16
8038,134547.0,2.0,-0.7000000000000001,0.1,3.0,0.0,9.9,18.6,-13.6,-32.800000000000004,16
8039,134565.0,1.3,-0.7000000000000001,-0.8,2.4000000000000004,0.1,9.1,27.900000000000002,2.1,-28.900000000000002,16
8040,134587.0,0.4,-0.8,-1.0,1.7000000000000002,0.2,8.9,30.9,11.4,-24.400000000000002,16
8041,134597.0,0.1,-0.9,-1.0,1.1,0.1,8.8,27.5,5.2,-22.1,16
8042,134613.0,-0.1,-1.0,-1.1,1.0,0.1,8.700000000000001,20.5,-3.7000000000000006,-22.2,16
8043,134630.0,-0.1,-1.1,-0.9,1.0,0.0,8.9,10.700000000000001,-15.5,-24.400000000000002,16
8044,134647.0,-0.1,-1.1,-0.7000000000000001,1.1,0.0,9.1,-0.7,-28.1,-25.700000000000003,16
8045,134664.0,0.1,-1.1,-0.7000000000000001,1.3,-0.1,9.0,-8.9,-31.900000000000002,-24.200000000000003,16
8046,134686.0,0.0,-1.1,-0.7000000000000001,1.3,-0.1,9.0,-12.3,-25.900000000000002,-20.3,16
8047,134697.0,0.0,-1.1,-0.7000000000000001,1.3,-0.1,9.0,-12.3,-25.900000000000002,-20.3,16
8048,134715.0,-0.7000000000000001,-1.0,-0.8,0.7000000000000001,0.0,8.9,-4.1000000000000005,-4.3999999999999995,-7.6,16
8049,134730.0,-0.9,-0.9,-0.8,0.2,0.1,9.0,2.1,0.7,-0.30000000000000004,16
8050,134747.0,-1.3,-0.9,-0.9,0.0,0.2,8.8,6.7,-0.30000000000000004,5.0,16
8051,134763.0,-1.5,-0.7000000000000001,-1.2000000000000002,-0.1,0.30000000000000004,8.5,12.3,-1.8,8.600000000000001,16
8052,134786.0,-1.5,-0.6000000000000001,-1.4000000000000001,-0.2,0.4,8.4,18.400000000000002,-3.3000000000000003,11.000000000000002,16
8053,134797.0,-1.6,-0.6000000000000001,-1.5,-0.2,0.6000000000000001,8.1,23.2,-5.1,12.100000000000001,16
8054,134814.0,-1.6,-0.5,-1.7000000000000002,-0.2,0.7000000000000001,8.0,24.9,-6.4,11.3,16
8055,134830.0,-1.6,-0.4,-1.6,-0.2,0.8,8.0,21.6,-10.5,8.799999999999999,16
8056,134846.0,-1.5,-0.4,-1.6,-0.2,0.9,8.0,14.3,-12.8,5.1,16
8057,134863.0,-1.6,-0.2,-1.5,-0.2,1.1,8.1,6.4,-14.700000000000001,1.7,16
8058,134884.0,-1.7000000000000002,-0.1,-1.1,-0.30000000000000004,1.2000000000000002,8.4,-0.7,-14.700000000000001,1.0999999999999999,16
8059,134897.0,-1.6,-0.1,-0.8,0.0,1.2000000000000002,9.0,-6.9,-14.700000000000001,1.3,16
8060,134916.0,-1.2000000000000002,-0.2,-0.1,0.4,1.1,9.5,-10.4,-13.100000000000001,0.30000000000000004,16
8061,134930.0,-0.8,-0.2,0.5,0.7000000000000001,1.0,10.0,-8.200000000000001,-9.600000000000001,-0.7,16
8062,134946.0,-0.7000000000000001,-0.30000000000000004,0.7000000000000001,0.9,0.9,10.4,-3.2,-5.0,-1.8,16
8063,134963.0,-0.4,-0.30000000000000004,1.0,1.2000000000000002,0.9,10.600000000000001,1.0999999999999999,-1.4,-3.4,16
8064,134982.0,-0.30000000000000004,-0.4,1.1,1.2000000000000002,0.9,10.700000000000001,2.9,0.4,-4.1000000000000005,16
8065,135002.0,-0.6000000000000001,-0.30000000000000004,0.9,1.0,0.9,10.600000000000001,4.3999999999999995,3.5,-2.6,16
8066,135014.0,-0.7000000000000001,-0.2,0.8,0.7000000000000001,1.1,10.4,5.1,8.1,1.5000000000000002,16
8067,135030.0,-1.1,0.0,0.9,0.4,1.3,10.5,4.300000000000001,11.5,7.8,16
8068,135047.0,-1.2000000000000002,0.1,0.8,0.30000000000000004,1.4000000000000001,10.4,6.000000000000001,14.0,14.100000000000001,16
8069,135063.0,-0.9,0.2,1.2000000000000002,0.5,1.4000000000000001,11.0,7.8,13.5,15.9,16
8070,135080.0,-0.5,0.2,2.3000000000000003,0.8,1.5,11.9,2.3000000000000003,-3.1,13.700000000000001,16
8071,135096.0,0.0,0.30000000000000004,2.3000000000000003,1.6,1.6,11.8,-6.000000000000001,-17.599999999999998,11.6,16
8072,135114.0,0.6000000000000001,0.2,1.7000000000000002,2.2,1.4000000000000001,11.3,-9.9,-19.700000000000003,9.8,16
8073,135130.0,0.7000000000000001,0.2,1.3,2.2,1.4000000000000001,10.9,-7.6,-7.2,9.1,16
8074,135147.0,0.4,0.4,1.2000000000000002,1.8,1.7000000000000002,10.8,1.5000000000000002,8.4,12.4,16
8075,135163.0,0.30000000000000004,0.5,1.2000000000000002,1.8,1.7000000000000002,10.8,1.5000000000000002,8.4,12.4,16
8076,135184.0,0.5,0.4,1.2000000000000002,2.0,1.7000000000000002,10.9,8.700000000000001,16.6,12.200000000000001,16
8077,135197.0,0.8,0.4,1.2000000000000002,2.4000000000000004,1.6,10.8,4.300000000000001,8.1,6.2,16
8078,135213.0,1.2000000000000002,0.30000000000000004,1.0,2.6,1.6,10.600000000000001,-0.2,3.6,0.2,16
8079,135230.0,1.4000000000000001,0.2,0.6000000000000001,2.8000000000000003,1.4000000000000001,10.200000000000001,-0.4,4.3999999999999995,-3.0000000000000004,16
8080,135247.0,1.6,0.0,0.30000000000000004,3.1,1.1,9.9,1.6,12.6,-4.300000000000001,16
8081,135264.0,1.8,-0.30000000000000004,0.0,3.1,1.0,9.700000000000001,1.8,18.1,-5.4,16
8082,135287.0,1.7000000000000002,-0.30000000000000004,-0.4,3.0,1.0,9.3,0.9,20.8,-5.0,16
8083,135297.0,1.7000000000000002,-0.30000000000000004,-0.5,2.9000000000000004,1.0,9.200000000000001,-1.2000000000000002,20.1,-3.1,16
8084,135314.0,1.6,-0.30000000000000004,-0.6000000000000001,2.8000000000000003,0.9,9.1,-2.8,15.299999999999999,-0.2,16
8085,135330.0,1.7000000000000002,-0.4,-0.7000000000000001,2.9000000000000004,0.9,9.0,-2.1,10.600000000000001,2.8,16
8086,135347.0,1.7000000000000002,-0.4,-0.7000000000000001,2.8000000000000003,0.9,8.9,2.7,7.6,4.800000000000001,16
8087,135364.0,1.6,-0.30000000000000004,-0.9,2.7,1.0,8.700000000000001,8.799999999999999,5.300000000000001,5.2,16
8088,135383.0,1.3,-0.2,-1.1,2.4000000000000004,1.1,8.5,12.000000000000002,-0.1,4.3999999999999995,16
8089,135397.0,0.8,0.0,-1.5,2.1,1.3,8.3,9.8,-11.4,3.0000000000000004,16
8090,135414.0,0.6000000000000001,0.1,-1.6,1.9000000000000001,1.4000000000000001,7.9,5.7,-23.1,1.5000000000000002,16
8091,135430.0,0.5,0.0,-1.9000000000000001,1.8,1.4000000000000001,7.800000000000001,1.4,-29.300000000000004,-1.0,16
8092,135447.0,0.30000000000000004,0.1,-1.9000000000000001,1.6,1.6,7.7,-0.2,-27.8,-1.5000000000000002,16
8093,135463.0,-0.1,0.2,-1.7000000000000002,1.4000000000000001,1.6,7.9,0.4,-24.7,-1.5000000000000002,16
8094,135484.0,-0.4,0.2,-1.6,1.1,1.6,7.9,-0.2,-22.000000000000004,-1.7,16
8095,135498.0,-0.9,0.30000000000000004,-1.6,0.7000000000000001,1.7000000000000002,7.9,-0.8,-21.700000000000003,-1.3,16
8096,135513.0,-1.0,0.4,-1.8,0.6000000000000001,1.8,7.7,-3.3000000000000003,-19.500000000000004,1.0,16
8097,135530.0,-1.4000000000000001,0.6000000000000001,-1.8,0.30000000000000004,1.9000000000000001,7.9,-5.9,-9.3,5.4,16
8098,135547.0,-1.7000000000000002,0.5,-0.7000000000000001,0.1,1.8,8.8,-9.600000000000001,-11.2,9.1,16
8099,135563.0,-1.6,0.5,-0.8,0.30000000000000004,1.8,8.8,-10.4,-17.400000000000002,10.4,16
8100,135584.0,-1.5,0.6000000000000001,-0.5,0.30000000000000004,1.9000000000000001,9.0,-6.2,-14.3,12.000000000000002,16
8101,135598.0,-1.4000000000000001,0.6000000000000001,-0.30000000000000004,0.5,1.9000000000000001,9.200000000000001,-0.7,-12.000000000000002,13.700000000000001,16
8102,135613.0,-1.2000000000000002,0.7000000000000001,-0.30000000000000004,0.7000000000000001,2.0,9.200000000000001,3.8,-6.2,15.100000000000001,16
8103,135630.0,-1.1,0.8,-0.30000000000000004,0.8,2.1,9.200000000000001,7.2,1.0,16.700000000000003,16
8104,135647.0,-1.0,1.0,-0.5,0.8,2.3000000000000003,9.0,8.200000000000001,9.3,19.0,16
8105,135664.0,-1.0,1.1,-0.4,0.9,2.4000000000000004,9.200000000000001,5.4,17.5,21.900000000000002,16
8106,135682.0,-0.8,1.1,0.0,1.2000000000000002,2.4000000000000004,9.700000000000001,0.7,18.900000000000002,23.900000000000002,16
8107,135696.0,-0.30000000000000004,1.0,0.4,1.2000000000000002,2.4000000000000004,9.700000000000001,0.7,18.900000000000002,23.900000000000002,16
8108,135714.0,0.0,0.8,0.7000000000000001,1.7000000000000002,2.0,10.600000000000001,-5.4,23.6,19.700000000000003,16
8109,135730.0,0.1,0.7000000000000001,1.2000000000000002,1.7000000000000002,2.0,10.8,-2.1999999999999997,20.0,16.400000000000002,16
8110,135747.0,0.4,0.6000000000000001,1.5,1.9000000000000001,1.9000000000000001,11.100000000000001,2.8,19.3,14.0,16
8111,135763.0,0.5,0.5,1.6,2.2,1.8,11.200000000000001,6.000000000000001,16.3,11.5,16
8112,135787.0,0.9,0.5,1.2000000000000002,2.4000000000000004,1.8,10.9,7.699999999999999,15.5,9.9,16
8113,135797.0,0.7000000000000001,0.6000000000000001,1.1,2.1,2.0,10.700000000000001,7.8,20.1,9.8,16
8114,135814.0,0.4,0.8,1.1,1.5,2.2,10.9,8.799999999999999,23.3,10.8,16
8115,135830.0,0.0,1.0,1.7000000000000002,1.4000000000000001,2.4000000000000004,11.5,7.699999999999999,19.6,11.1,16
8116,135847.0,0.30000000000000004,0.8,2.4000000000000004,1.6,2.2,12.100000000000001,1.9,9.600000000000001,8.700000000000001,16
8117,135863.0,0.4,0.7000000000000001,2.6,1.7000000000000002,2.1,12.200000000000001,-5.500000000000001,0.30000000000000004,5.2,16
8118,135881.0,0.6000000000000001,0.5,2.7,2.1,1.8,12.3,-11.700000000000001,-6.4,3.1,16
8119,135898.0,1.2000000000000002,0.0,2.3000000000000003,2.6,1.3,12.0,-13.5,-4.1000000000000005,1.3,16
8120,135915.0,1.6,-0.5,1.7000000000000002,2.9000000000000004,0.8,11.5,-7.9,9.5,0.4,16
8121,135931.0,1.3,-0.6000000000000001,1.5,2.4000000000000004,0.7000000000000001,11.200000000000001,3.8,23.400000000000002,4.0,16
8122,135947.0,0.8,-0.6000000000000001,1.3,2.0,0.8,11.0,16.8,31.900000000000002,10.700000000000001,16
8123,135964.0,0.8,-0.6000000000000001,1.1,1.9000000000000001,0.8,10.9,25.400000000000002,30.4,16.0,16
8124,135991.0,0.8,-0.6000000000000001,1.1,1.9000000000000001,0.8,10.9,25.400000000000002,30.4,16.0,16
8125,135996.0,1.5,-0.8,-0.2,2.5,0.7000000000000001,9.4,36.4,23.700000000000003,12.700000000000001,16
8126,136013.0,1.5,-0.9,-0.7000000000000001,2.3000000000000003,0.7000000000000001,8.6,36.4,23.700000000000003,12.700000000000001,16
8127,136030.0,1.1,-0.9,-1.5,1.8,0.9,8.1,36.7,22.8,1.4,16
8128,136046.0,0.5,-0.9,-1.8,1.3,1.0,7.800000000000001,29.900000000000006,17.200000000000003,0.8,16
8129,136065.0,0.4,-1.0,-2.1,1.2000000000000002,0.9,7.5,19.400000000000002,8.1,1.2000000000000002,16
8130,136081.0,0.5,-1.0,-2.2,1.4000000000000001,0.9,7.4,8.799999999999999,-0.1,-0.5,16
8131,136096.0,0.8,-1.1,-2.6,1.7000000000000002,0.8,7.1000000000000005,0.30000000000000004,-1.6,-3.3000000000000003,16
8132,136113.0,0.7000000000000001,-1.1,-2.3000000000000003,1.5,0.7000000000000001,7.4,-5.0,2.5,-6.1000000000000005,16
8133,136131.0,0.5,-1.2000000000000002,-2.3000000000000003,1.4000000000000001,0.6000000000000001,7.300000000000001,-8.0,-0.8,-7.8,16
8134,136150.0,0.5,-1.2000000000000002,-2.2,1.1,0.6000000000000001,7.4,-11.4,-3.2,-10.1,16
8135,136163.0,-0.30000000000000004,-1.1,-2.2,0.5,0.7000000000000001,7.4,-16.6,-8.4,-10.8,16
8136,136181.0,-0.5,-0.9,-1.9000000000000001,0.30000000000000004,0.9,7.7,-20.900000000000002,-17.9,-8.3,16
8137,136197.0,-0.6000000000000001,-0.8,-1.9000000000000001,0.4,0.8,7.800000000000001,-24.7,-22.8,-4.9,16
8138,136213.0,-0.4,-0.8,-1.5,0.7000000000000001,0.8,8.1,-26.3,-25.6,-2.5,16
8139,136230.0,-0.2,-0.8,-1.3,0.9,0.7000000000000001,8.5,-25.700000000000003,-24.7,-1.5000000000000002,16
8140,136247.0,-0.2,-0.8,-0.8,1.0,0.7000000000000001,8.9,-24.5,-24.9,-1.0999999999999999,16
8141,136265.0,-0.1,-0.7000000000000001,-0.4,1.1,0.7000000000000001,9.200000000000001,-23.6,-25.5,-0.9,16
8142,136281.0,-0.2,-0.6000000000000001,-0.2,1.1,0.7000000000000001,9.4,-22.4,-26.200000000000003,-0.8,16
8143,136297.0,-0.30000000000000004,-0.5,-0.2,1.0,0.7000000000000001,9.4,-21.400000000000002,-24.400000000000002,-1.5000000000000002,16
8144,136313.0,-0.6000000000000001,-0.4,-0.2,0.8,0.8,9.4,-22.3,-22.900000000000002,-2.7,16
8145,136330.0,-0.6000000000000001,-0.4,-0.2,0.9,0.7000000000000001,9.4,-26.9,-22.3,-4.1000000000000005,16
8146,136346.0,-0.5,-0.4,0.1,0.9,0.6000000000000001,9.8,-32.0,-16.1,-6.3,16
8147,136364.0,-0.8,-0.30000000000000004,0.4,0.7000000000000001,0.6000000000000001,10.100000000000001,-29.600000000000005,-9.600000000000001,-6.5,16
8148,136380.0,-1.1,-0.2,0.8,0.4,0.7000000000000001,10.4,-22.5,1.0,-4.6000000000000005,16
8149,136396.0,-1.4000000000000001,-0.1,0.9,0.0,0.8,10.600000000000001,-15.2,6.4,-1.7,16
8150,136413.0,-1.5,0.1,1.2000000000000002,-0.1,0.9,10.8,-8.3,6.7,0.8,16
8151,136430.0,-1.3,0.2,1.3,0.1,1.0,11.0,-4.2,5.2,0.4,16
8152,136448.0,-1.2000000000000002,0.30000000000000004,1.3,0.2,1.2000000000000002,10.9,-1.7,4.0,-1.6,16
8153,136463.0,-1.3,0.6000000000000001,1.2000000000000002,0.0,1.4000000000000001,10.8,1.3,3.8,-1.6,16
8154,136481.0,-1.5,0.9,1.2000000000000002,-0.2,1.7000000000000002,10.8,4.7,5.6,1.3,16
8155,136499.0,-1.5,1.0,1.3,-0.2,1.8,10.9,7.400000000000001,7.300000000000001,4.300000000000001,16
8156,136514.0,-1.5,1.1,1.3,-0.1,1.9000000000000001,11.0,9.4,9.1,5.500000000000001,16
8157,136530.0,-1.2000000000000002,1.0,1.4000000000000001,0.1,1.9000000000000001,11.100000000000001,11.3,12.8,4.800000000000001,16
8158,136547.0,-1.2000000000000002,1.0,1.6,-0.1,2.0,11.4,12.8,16.8,2.5,16
8159,136564.0,-1.3,1.1,1.9000000000000001,-0.2,2.0,11.9,12.8,17.9,-0.2,16
8160,136580.0,-1.1,1.0,2.8000000000000003,0.1,2.0,12.600000000000001,8.200000000000001,7.2,-2.8,16
8161,136597.0,-0.7000000000000001,1.0,3.1,0.8,1.9000000000000001,12.600000000000001,-2.1,-1.7,-3.7000000000000006,16
8162,136613.0,0.2,0.6000000000000001,2.4000000000000004,1.5,1.5,12.100000000000001,-8.200000000000001,2.0,-4.5,16
8163,136630.0,0.7000000000000001,0.1,2.0,1.8,1.1,11.8,-5.500000000000001,15.2,-5.1,16
8164,136648.0,0.5,-0.1,1.6,1.5,0.9,11.5,4.0,30.5,-2.7,16
8165,136665.0,0.5,-0.30000000000000004,1.4000000000000001,1.5,0.6000000000000001,11.100000000000001,15.7,39.00000000000001,0.4,16
8166,136680.0,0.9,-0.7000000000000001,1.0,1.7000000000000002,0.30000000000000004,10.8,23.8,39.00000000000001,-0.7,16
8167,136697.0,1.1,-0.9,0.8,2.0,0.2,10.3,24.3,29.900000000000006,-4.800000000000001,16
8168,136713.0,1.6,-1.0,0.0,2.3000000000000003,0.2,9.5,19.8,22.7,-8.600000000000001,16
8169,136730.0,1.8,-1.1,-0.8,2.4000000000000004,0.2,8.9,13.700000000000001,19.0,-10.8,16
8170,136747.0,1.8,-1.0,-1.4000000000000001,2.4000000000000004,0.2,8.5,7.1000000000000005,16.900000000000002,-10.0,16
8171,136763.0,1.7000000000000002,-1.0,-1.5,2.2,0.30000000000000004,8.200000000000001,2.4000000000000004,15.399999999999999,-6.1000000000000005,16
8172,136780.0,1.6,-0.9,-1.7000000000000002,2.0,0.4,8.0,-0.2,12.000000000000002,-1.6,16
8173,136797.0,1.4000000000000001,-0.7000000000000001,-1.7000000000000002,1.9000000000000001,0.6000000000000001,8.0,-2.4000000000000004,8.3,2.5,16
8174,136815.0,1.4000000000000001,-0.6000000000000001,-1.7000000000000002,1.9000000000000001,0.7000000000000001,8.0,-4.2,2.1999999999999997,4.3999999999999995,16
8175,136830.0,1.3,-0.4,-1.8,1.7000000000000002,0.9,8.0,-3.1,-1.3,4.0,16
8176,136847.0,0.8,0.1,-1.7000000000000002,1.3,1.3,8.1,-0.6000000000000001,-5.500000000000001,3.4,16
8177,136866.0,0.4,0.4,-1.4000000000000001,1.0,1.5,8.3,-1.0,-12.200000000000001,3.9,16
8178,136880.0,0.4,0.5,-1.5,0.9,1.7000000000000002,8.3,-3.2,-19.200000000000003,4.0,16
8179,136897.0,0.2,0.6000000000000001,-1.5,0.9,1.8,8.3,-4.9,-23.6,3.0000000000000004,16
8180,136913.0,0.1,0.5,-1.5,0.9,1.7000000000000002,8.200000000000001,-7.500000000000001,-25.2,0.1,16
8181,136930.0,0.1,0.4,-1.4000000000000001,0.9,1.6,8.3,-9.700000000000001,-22.5,-5.1,16
8182,136947.0,-0.1,0.5,-1.2000000000000002,0.7000000000000001,1.6,8.5,-9.600000000000001,-17.9,-10.4,16
8183,136965.0,-0.5,0.5,-1.0,0.4,1.6,8.700000000000001,-8.200000000000001,-14.500000000000002,-13.3,16
8184,137002.0,-1.0,0.5,-0.9,0.0,1.6,8.8,-8.600000000000001,-12.3,-13.0,16
8185,137013.0,-1.1,0.4,-0.9,-0.1,1.4000000000000001,8.8,-10.4,-12.700000000000001,-11.700000000000001,16
8186,137030.0,-1.0,0.30000000000000004,-0.7000000000000001,0.0,1.2000000000000002,9.1,-12.4,-13.6,-11.000000000000002,16
8187,137046.0,-0.9,0.0,-0.30000000000000004,0.1,1.0,9.4,-13.5,-15.2,-10.5,16
8188,137064.0,-1.0,-0.1,-0.1,-0.1,0.8,9.600000000000001,-12.5,-16.700000000000003,-8.5,16
8189,137080.0,-1.2000000000000002,-0.2,0.0,-0.2,0.7000000000000001,9.700000000000001,-10.2,-15.399999999999999,-3.8,16
8190,137096.0,-1.5,-0.4,0.1,-0.30000000000000004,0.5,9.700000000000001,-7.9,-13.3,2.4000000000000004,16
8191,137113.0,-1.5,-0.5,0.1,-0.30000000000000004,0.4,9.700000000000001,-6.6000000000000005,-10.3,9.200000000000001,16
8192,137130.0,-1.5,-0.6000000000000001,0.0,-0.4,0.30000000000000004,9.600000000000001,-3.4,-3.7000000000000006,16.6,16
8193,137146.0,-1.6,-0.4,0.1,-0.4,0.5,9.8,2.1999999999999997,2.9,24.6,16
8194,137163.0,-1.5,-0.30000000000000004,0.2,-0.1,0.6000000000000001,9.9,8.799999999999999,8.9,31.3,16
8195,137180.0,-0.9,-0.1,0.30000000000000004,0.4,0.8,9.9,13.100000000000001,11.6,33.0,16
8196,137197.0,-0.6000000000000001,0.0,0.30000000000000004,0.4,0.8,9.9,13.100000000000001,11.6,33.0,16
8197,137213.0,0.0,0.6000000000000001,0.4,1.0,1.6,10.100000000000001,11.9,11.700000000000001,29.400000000000002,16
8198,137230.0,0.2,0.9,0.6000000000000001,1.5,1.9000000000000001,10.3,5.9,8.0,25.700000000000003,16
8199,137248.0,1.1,1.1,0.8,2.2,2.1,10.5,-1.5000000000000002,7.1000000000000005,20.1,16
8200,137263.0,1.5,1.5,1.0,2.5,2.4000000000000004,10.700000000000001,-7.400000000000001,7.8,12.700000000000001,16
8201,137280.0,1.3,1.7000000000000002,1.1,2.1,2.8000000000000003,10.8,-8.700000000000001,13.700000000000001,6.8,16
8202,137297.0,0.6000000000000001,2.2,1.3,1.4000000000000001,3.2,11.100000000000001,-7.2,19.0,3.4,16
8203,137323.0,0.4,2.3000000000000003,2.9000000000000004,1.6,3.0,12.600000000000001,-12.100000000000001,1.0999999999999999,-3.2,16
8204,137338.0,0.8,2.1,2.8000000000000003,1.6,3.0,12.600000000000001,-12.100000000000001,1.0999999999999999,-3.2,16
8205,137346.0,0.9,1.8,2.5,1.8,2.6,12.100000000000001,-10.0,-2.4000000000000004,-9.9,16
8206,137363.0,0.8,1.3,1.9000000000000001,1.7000000000000002,2.2,11.700000000000001,-1.0,6.4,-16.700000000000003,16
8207,137386.0,0.4,0.8,1.7000000000000002,1.3,1.8,11.600000000000001,6.7,13.0,-21.400000000000002,16
8208,137396.0,0.2,0.6000000000000001,1.5,0.9,1.5,11.4,10.9,15.7,-22.900000000000002,16
8209,137413.0,0.2,0.2,1.9000000000000001,1.0,1.1,11.700000000000001,8.9,9.5,-22.6,16
8210,137430.0,0.6000000000000001,-0.2,1.7000000000000002,1.8,0.6000000000000001,11.3,3.1,-0.9,-21.8,16
8211,137446.0,1.1,-0.5,1.5,1.8,0.6000000000000001,11.3,3.1,-0.9,-21.8,16
8212,137464.0,2.0,-1.1,1.0,2.8000000000000003,-0.1,10.8,6.4,-0.1,-21.1,16
8213,137483.0,2.2,-1.3,0.6000000000000001,3.0,-0.30000000000000004,10.5,9.5,1.3,-21.0,16
8214,137496.0,2.2,-1.4000000000000001,0.2,2.9000000000000004,-0.4,9.700000000000001,13.8,7.400000000000001,-19.8,16
8215,137513.0,1.8,-1.5,-0.9,2.5,-0.30000000000000004,8.9,20.8,17.599999999999998,-17.1,16
8216,137530.0,1.6,-1.5,-1.3,2.0,-0.30000000000000004,8.200000000000001,27.0,26.200000000000003,-14.500000000000002,16
8217,137546.0,1.0,-1.4000000000000001,-1.9000000000000001,1.4000000000000001,-0.1,7.800000000000001,30.299999999999997,28.8,-12.100000000000001,16
8218,137566.0,0.5,-1.3,-2.2,1.1,0.1,7.6000000000000005,29.500000000000004,23.900000000000002,-10.1,16
8219,137582.0,0.4,-1.2000000000000002,-2.3000000000000003,0.9,0.2,7.5,24.7,14.100000000000001,-10.0,16
8220,137596.0,0.5,-1.2000000000000002,-2.3000000000000003,1.1,0.2,7.5,14.500000000000002,0.7,-11.700000000000001,16
8221,137613.0,0.6000000000000001,-1.2000000000000002,-2.2,1.1,0.4,7.6000000000000005,14.500000000000002,0.7,-11.700000000000001,16
8222,137631.0,0.6000000000000001,-0.9,-2.3000000000000003,1.1,0.6000000000000001,7.4,-9.600000000000001,-24.1,-14.500000000000002,16
8223,137647.0,0.5,-0.8,-2.3000000000000003,1.1,0.7000000000000001,7.4,-13.6,-24.8,-11.5,16
8224,137663.0,0.4,-0.7000000000000001,-2.2,1.0,0.7000000000000001,7.5,-13.5,-21.3,-8.600000000000001,16
8225,137686.0,-0.1,-0.5,-1.8,0.7000000000000001,0.8,7.800000000000001,-12.4,-19.9,-7.2,16
8226,137696.0,-0.30000000000000004,-0.4,-1.6,0.4,1.0,8.1,-12.100000000000001,-23.400000000000002,-6.4,16
8227,137713.0,-0.6000000000000001,-0.2,-1.5,0.2,1.1,8.1,-11.2,-27.1,-6.000000000000001,16
8228,137730.0,-0.8,-0.1,-1.4000000000000001,0.1,1.2000000000000002,8.200000000000001,-9.5,-27.400000000000002,-6.3,16
8229,137746.0,-0.9,0.0,-1.4000000000000001,0.0,1.3,8.3,-7.8,-27.2,-7.300000000000001,16
8230,137765.0,-1.1,0.1,-1.1,0.0,1.3,8.6,-9.3,-29.1,-8.3,16
8231,137787.0,-1.0,0.1,-0.7000000000000001,0.2,1.3,8.9,-15.399999999999999,-34.400000000000006,-10.4,16
8232,137796.0,-0.8,0.1,-0.5,0.6000000000000001,1.2000000000000002,9.3,-24.400000000000002,-40.8,-12.4,16
8233,137813.0,-0.5,0.0,0.0,0.9,1.1,9.700000000000001,-32.1,-41.800000000000004,-14.500000000000002,16
8234,137830.0,-0.5,0.1,0.4,1.0,1.1,10.0,-33.900000000000006,-36.0,-14.900000000000002,16
8235,137846.0,-0.6000000000000001,0.2,0.6000000000000001,0.8,1.1,10.200000000000001,-27.2,-23.0,-12.9,16
8236,137863.0,-0.9,0.30000000000000004,0.8,0.6000000000000001,1.2000000000000002,10.4,-14.0,-9.200000000000001,-10.4,16
8237,137884.0,-1.2000000000000002,0.4,1.1,0.4,1.2000000000000002,10.700000000000001,-1.2000000000000002,1.5000000000000002,-10.2,16
8238,137896.0,-1.4000000000000001,0.5,1.2000000000000002,0.0,1.4000000000000001,10.700000000000001,6.5,3.7000000000000006,-11.9,16
8239,137917.0,-1.8,0.6000000000000001,0.9,-0.30000000000000004,1.5,10.600000000000001,9.8,1.7,-13.100000000000001,16
8240,137931.0,-1.8,0.6000000000000001,0.9,-0.4,1.5,10.5,9.700000000000001,-1.0999999999999999,-13.100000000000001,16
8241,137946.0,-1.9000000000000001,0.6000000000000001,0.9,-0.30000000000000004,1.5,10.600000000000001,6.7,-4.0,-12.000000000000002,16
8242,137963.0,-1.7000000000000002,0.5,1.1,-0.1,1.4000000000000001,10.700000000000001,2.8,-5.0,-10.2,16
8243,137980.0,-1.4000000000000001,0.4,1.4000000000000001,0.2,1.4000000000000001,11.0,0.2,-4.9,-8.1,16
8244,137998.0,-1.1,0.30000000000000004,1.7000000000000002,0.30000000000000004,1.3,11.3,0.0,-3.3000000000000003,-5.9,16
8245,138014.0,-1.0,0.30000000000000004,1.8,0.5,1.2000000000000002,11.5,3.3000000000000003,-1.3,-3.5,16
8246,138030.0,-0.8,0.2,1.9000000000000001,0.7000000000000001,1.2000000000000002,11.600000000000001,9.200000000000001,4.2,-1.9,16
8247,138046.0,-0.9,0.30000000000000004,2.0,0.6000000000000001,1.3,11.700000000000001,16.6,8.1,-1.5000000000000002,16
8248,138066.0,-0.6000000000000001,0.30000000000000004,2.7,0.8,1.4000000000000001,12.200000000000001,18.400000000000002,5.2,-2.9,16
8249,138086.0,-0.1,0.5,2.2,1.2000000000000002,1.6,12.200000000000001,10.5,-6.1000000000000005,-3.3000000000000003,16
8250,138097.0,0.2,0.5,1.6,1.7000000000000002,1.6,11.3,4.300000000000001,-5.300000000000001,-1.3,16
8251,138113.0,0.30000000000000004,0.5,1.5,1.6,1.7000000000000002,11.100000000000001,5.7,8.1,2.1,16
8252,138131.0,0.1,0.5,1.4000000000000001,1.5,1.7000000000000002,11.100000000000001,10.9,19.400000000000002,5.500000000000001,16
8253,138147.0,0.2,0.4,1.3,1.5,1.7000000000000002,11.0,17.1,27.400000000000002,8.700000000000001,16
8254,138163.0,0.30000000000000004,0.30000000000000004,1.2000000000000002,1.7000000000000002,1.5,10.700000000000001,22.1,26.400000000000002,9.200000000000001,16
8255,138185.0,0.8,0.0,0.8,2.1,1.3,10.4,25.0,23.2,5.8,16
8256,138197.0,1.1,-0.2,0.5,2.1,1.3,10.4,25.0,23.2,5.8,16
8257,138213.0,1.6,-0.6000000000000001,-0.1,2.8000000000000003,0.8,9.4,21.1,13.100000000000001,-5.300000000000001,16
8258,138230.0,1.8,-0.8,-0.5,3.0,0.7000000000000001,9.1,13.6,8.200000000000001,-8.1,16
8259,138250.0,1.9000000000000001,-0.9,-0.8,3.2,0.7000000000000001,8.700000000000001,6.000000000000001,6.3,-7.300000000000001,16
8260,138265.0,2.4000000000000004,-0.9,-1.2000000000000002,3.4000000000000004,0.6000000000000001,8.5,1.8,8.9,-4.9,16
8261,138283.0,2.5,-1.0,-1.2000000000000002,3.5,0.6000000000000001,8.5,-0.30000000000000004,11.9,-4.3999999999999995,16
8262,138297.0,2.4000000000000004,-0.8,-1.0,3.5,0.7000000000000001,8.6,-1.9,10.4,-5.6,16
8263,138313.0,2.4000000000000004,-0.8,-1.2000000000000002,3.2,0.8,8.4,-2.9,9.0,-7.300000000000001,16
8264,138330.0,1.8,-0.6000000000000001,-1.3,2.7,1.0,8.3,-3.1,6.000000000000001,-7.699999999999999,16
8265,138347.0,1.2000000000000002,-0.4,-1.4000000000000001,2.2,1.2000000000000002,8.3,-4.0,3.1,-6.8,16
8266,138363.0,0.6000000000000001,-0.2,-1.3,1.7000000000000002,1.3,8.3,-6.1000000000000005,-2.8,-5.9,16
8267,138385.0,0.30000000000000004,-0.2,-1.4000000000000001,1.4000000000000001,1.3,8.3,-8.1,-7.9,-5.7,16
8268,138397.0,0.1,-0.1,-1.5,1.1,1.3,8.200000000000001,-9.0,-10.700000000000001,-6.7,16
8269,138414.0,-0.4,0.0,-1.5,0.8,1.4000000000000001,8.1,-9.3,-12.700000000000001,-8.3,16
8270,138430.0,-0.5,0.0,-1.5,0.4,1.4000000000000001,8.1,-10.1,-11.6,-9.4,16
8271,138446.0,-0.8,0.0,-1.5,0.4,1.4000000000000001,8.1,-10.1,-11.6,-9.4,16
8272,138464.0,-1.2000000000000002,0.1,-1.4000000000000001,0.0,1.5,8.200000000000001,-13.5,-11.6,-9.5,16
8273,138487.0,-1.3,0.2,-1.3,-0.1,1.5,8.3,-14.900000000000002,-11.2,-8.4,16
8274,138497.0,-1.3,0.2,-1.2000000000000002,-0.1,1.4000000000000001,8.4,-15.2,-9.700000000000001,-7.1000000000000005,16
8275,138513.0,-1.3,0.2,-1.1,-0.1,1.4000000000000001,8.4,-15.2,-9.700000000000001,-7.1000000000000005,16
8276,138530.0,-1.4000000000000001,0.2,-0.9,-0.1,1.4000000000000001,8.8,-14.3,-7.8,-3.3000000000000003,16
8277,138547.0,-1.3,0.30000000000000004,-0.6000000000000001,0.0,1.5,9.0,-12.700000000000001,-7.500000000000001,-0.5,16
8278,138564.0,-1.0,0.4,-0.4,0.30000000000000004,1.5,9.200000000000001,-8.9,-5.500000000000001,2.3000000000000003,16
8279,138582.0,-0.6000000000000001,0.5,-0.1,0.6000000000000001,1.6,9.5,-2.6,-1.0999999999999999,3.8,16
8280,138596.0,-0.5,0.6000000000000001,-0.1,0.7000000000000001,1.8,9.5,3.3000000000000003,2.4000000000000004,3.9,16
8281,138613.0,-0.5,0.8,-0.1,0.7000000000000001,2.0,9.5,7.6,5.6,3.6,16
8282,138630.0,-0.6000000000000001,1.0,-0.2,0.6000000000000001,2.2,9.4,9.5,8.600000000000001,3.6,16
8283,138646.0,-0.6000000000000001,1.2000000000000002,-0.1,0.6000000000000001,2.4000000000000004,9.5,9.4,11.2,3.4,16
8284,138666.0,-0.4,1.2000000000000002,0.2,0.8,2.5,9.8,7.2,10.9,2.0,16
8285,138681.0,0.0,1.1,0.5,1.1,2.4000000000000004,10.100000000000001,2.5,8.799999999999999,-1.4,16
8286,138696.0,0.0,1.1,0.5,1.1,2.4000000000000004,10.100000000000001,2.5,8.799999999999999,-1.4,16
8287,138713.0,0.6000000000000001,0.8,1.0,1.7000000000000002,2.1,10.700000000000001,-8.700000000000001,5.6,-10.2,16
8288,138730.0,0.7000000000000001,0.7000000000000001,1.2000000000000002,1.9000000000000001,1.9000000000000001,10.9,-12.3,5.2,-13.0,16
8289,138747.0,0.8,0.5,1.3,1.8,1.7000000000000002,10.9,-16.6,7.0,-14.900000000000002,16
8290,138763.0,0.30000000000000004,0.4,1.3,1.2000000000000002,1.6,11.0,-19.6,10.3,-15.5,16
8291,138780.0,-0.1,0.4,1.5,0.7000000000000001,1.5,11.5,-21.3,10.600000000000001,-14.600000000000001,16
8292,138797.0,-0.4,0.30000000000000004,2.3000000000000003,0.6000000000000001,1.3,12.100000000000001,-26.9,3.4,-12.700000000000001,16
8293,138814.0,-0.4,-0.1,2.2,0.6000000000000001,0.9,11.9,-28.3,0.5,-10.3,16
8294,138830.0,-0.5,-0.30000000000000004,2.1,0.4,0.6000000000000001,11.8,-22.3,6.8,-7.300000000000001,16
8295,138847.0,-0.6000000000000001,-0.4,2.1,0.30000000000000004,0.5,11.9,-13.5,12.4,-2.9,16
8296,138863.0,-0.6000000000000001,-0.30000000000000004,2.1,0.30000000000000004,0.5,11.8,-1.7,18.0,1.6,16
8297,138884.0,-0.1,-0.4,1.9000000000000001,0.7000000000000001,0.4,11.700000000000001,10.5,20.2,2.5,16
8298,138897.0,0.30000000000000004,-0.6000000000000001,1.8,1.2000000000000002,0.30000000000000004,11.5,16.1,16.0,-2.1,16
8299,138913.0,0.8,-0.7000000000000001,1.2000000000000002,1.5,0.2,11.0,16.700000000000003,10.1,-7.2,16
8300,138930.0,1.0,-0.8,0.7000000000000001,1.7000000000000002,0.2,10.5,14.600000000000001,9.4,-9.600000000000001,16
8301,138946.0,1.2000000000000002,-0.8,0.4,1.9000000000000001,0.1,10.100000000000001,12.5,14.500000000000002,-7.300000000000001,16
8302,138963.0,1.3,-1.0,0.0,1.9000000000000001,-0.1,9.8,11.4,21.6,-3.9,16
8303,138992.0,1.2000000000000002,-1.3,-0.4,1.5,-0.30000000000000004,9.4,15.6,29.000000000000004,0.2,16
8304,138998.0,1.2000000000000002,-1.3,-0.4,1.5,-0.30000000000000004,9.4,15.6,29.000000000000004,0.2,16
8305,139013.0,1.0,-1.4000000000000001,-0.6000000000000001,1.3,-0.30000000000000004,9.1,19.0,26.9,1.5000000000000002,16
8306,139030.0,0.9,-1.4000000000000001,-1.0,1.2000000000000002,-0.2,8.8,22.4,23.5,3.1,16
8307,139047.0,0.8,-1.4000000000000001,-1.2000000000000002,1.1,-0.1,8.5,22.000000000000004,17.7,3.6,16
8308,139069.0,0.7000000000000001,-1.2000000000000002,-1.8,1.0,0.1,8.1,17.599999999999998,10.2,4.5,16
8309,139082.0,0.6000000000000001,-1.1,-2.0,0.8,0.2,7.7,10.9,4.3999999999999995,6.5,16
8310,139096.0,0.4,-1.0,-2.2,0.6000000000000001,0.4,7.4,3.6,-0.2,9.8,16
8311,139113.0,0.1,-0.8,-2.5,0.2,0.6000000000000001,7.2,-1.6,-1.0,13.6,16
8312,139130.0,-0.4,-0.5,-2.5,-0.2,0.8,7.300000000000001,-3.5,-2.3000000000000003,18.2,16
8313,139147.0,-0.6000000000000001,-0.4,-2.3000000000000003,-0.4,0.9,7.6000000000000005,-3.5,-4.5,22.3,16
8314,139164.0,-0.6000000000000001,-0.30000000000000004,-2.0,-0.30000000000000004,1.0,7.800000000000001,-2.5,-10.700000000000001,23.5,16
8315,139181.0,-0.5,-0.30000000000000004,-1.7000000000000002,-0.1,0.9,8.0,-1.9,-16.0,21.400000000000002,16
8316,139198.0,-0.4,-0.30000000000000004,-1.6,0.0,1.0,8.0,-1.6,-22.2,16.8,16
8317,139213.0,-0.5,-0.1,-1.6,-0.1,1.2000000000000002,8.1,-2.3000000000000003,-23.900000000000002,12.6,16
8318,139230.0,-0.8,0.1,-1.4000000000000001,-0.2,1.4000000000000001,8.3,-4.7,-23.1,10.700000000000001,16
8319,139246.0,-0.7000000000000001,0.2,-0.8,-0.1,1.4000000000000001,8.8,-10.1,-24.1,10.2,16
8320,139263.0,-0.5,0.1,-0.5,0.30000000000000004,1.3,9.4,-18.7,-28.700000000000003,8.700000000000001,16
8321,139280.0,-0.1,0.0,0.2,0.8,1.1,9.9,-27.8,-34.0,6.2,16
8322,139299.0,0.2,0.0,0.5,1.1,1.0,10.200000000000001,-32.5,-32.2,3.2,16
8323,139313.0,0.2,-0.1,0.5,0.8,1.0,10.100000000000001,-26.8,-20.1,1.6,16
8324,139330.0,-0.6000000000000001,0.2,0.6000000000000001,0.2,1.1,10.3,-13.200000000000001,-4.300000000000001,2.4000000000000004,16
8325,139346.0,-1.3,0.4,0.9,-0.4,1.2000000000000002,10.600000000000001,-0.6000000000000001,8.600000000000001,3.6,16
8326,139363.0,-1.6,0.4,1.1,-0.8,1.3,10.700000000000001,4.9,6.5,2.6,16
8327,139383.0,-1.8,0.4,1.0,-0.9,1.4000000000000001,10.700000000000001,6.3,2.7,0.7,16
8328,139401.0,-1.8,0.5,0.9,-0.9,1.4000000000000001,10.700000000000001,6.3,2.7,0.7,16
8329,139413.0,-1.7000000000000002,0.5,0.8,-0.8,1.4000000000000001,10.5,8.200000000000001,0.8,-0.4,16
8330,139430.0,-1.5,0.4,0.8,-0.6000000000000001,1.3,10.4,7.300000000000001,3.4,-1.2000000000000002,16
8331,139447.0,-1.4000000000000001,0.30000000000000004,0.7000000000000001,-0.6000000000000001,1.3,10.4,7.300000000000001,3.4,-1.2000000000000002,16
8332,139463.0,-1.4000000000000001,0.2,0.8,-0.6000000000000001,1.2000000000000002,10.5,-2.3000000000000003,4.6000000000000005,-0.8,16
8333,139482.0,-1.4000000000000001,0.2,1.0,-0.6000000000000001,1.1,10.8,-4.800000000000001,7.0,1.5000000000000002,16
8334,139498.0,-1.1,0.2,1.4000000000000001,-0.4,1.1,11.100000000000001,-3.8,9.3,3.3000000000000003,16
8335,139513.0,-0.9,0.2,1.5,-0.2,1.2000000000000002,11.3,-0.7,12.700000000000001,2.3000000000000003,16
8336,139530.0,-0.9,0.30000000000000004,1.8,-0.2,1.4000000000000001,11.700000000000001,2.8,12.5,-1.6,16
8337,139547.0,-0.7000000000000001,0.5,2.7,0.0,1.6,12.5,-1.5000000000000002,2.4000000000000004,-6.4,16
8338,139564.0,-0.1,0.8,2.3000000000000003,0.5,1.7000000000000002,12.100000000000001,-11.3,-6.5,-7.1000000000000005,16
8339,139580.0,0.2,0.7000000000000001,1.9000000000000001,1.0,1.6,11.600000000000001,-12.6,-1.0,-4.7,16
8340,139596.0,0.5,0.5,1.7000000000000002,1.2000000000000002,1.4000000000000001,11.5,-7.1000000000000005,8.799999999999999,-2.3000000000000003,16
8341,139613.0,0.6000000000000001,0.5,1.7000000000000002,1.3,1.4000000000000001,11.4,-1.8,18.0,1.0999999999999999,16
8342,139630.0,0.9,0.4,1.7000000000000002,1.6,1.2000000000000002,11.600000000000001,3.8,18.900000000000002,4.5,16
8343,139646.0,1.7000000000000002,0.1,1.6,2.3000000000000003,1.0,11.4,8.700000000000001,14.700000000000001,4.0,16
8344,139664.0,2.5,0.0,1.7000000000000002,2.9000000000000004,0.9,11.600000000000001,14.500000000000002,8.9,1.5000000000000002,16
8345,139682.0,3.3000000000000003,-0.8,0.8,3.8000000000000003,0.30000000000000004,10.4,22.4,10.1,-5.300000000000001,16
8346,139696.0,3.3000000000000003,-0.7000000000000001,0.4,3.8000000000000003,0.30000000000000004,10.4,22.4,10.1,-5.300000000000001,16
8347,139714.0,3.2,-0.7000000000000001,-0.7000000000000001,3.6,0.5,9.200000000000001,34.1,22.5,-17.8,16
8348,139731.0,2.8000000000000003,-0.6000000000000001,-1.2000000000000002,3.0,0.8,8.4,31.900000000000002,25.700000000000003,-17.599999999999998,16
8349,139746.0,2.2,-0.4,-1.9000000000000001,2.4000000000000004,1.0,7.800000000000001,27.6,27.6,-14.800000000000002,16
8350,139764.0,1.6,-0.30000000000000004,-2.2,1.9000000000000001,1.1,7.6000000000000005,20.8,25.6,-12.4,16
8351,139781.0,1.4000000000000001,-0.30000000000000004,-2.2,1.3,1.2000000000000002,7.5,13.3,22.000000000000004,-11.5,16
8352,139796.0,0.8,-0.2,-2.3000000000000003,0.8,1.3,7.5,6.1000000000000005,14.700000000000001,-12.3,16
8353,139813.0,0.5,-0.1,-2.1,0.1,1.5,7.800000000000001,6.1000000000000005,14.700000000000001,-12.3,16
8354,139832.0,-0.30000000000000004,0.1,-1.7000000000000002,-0.30000000000000004,1.7000000000000002,8.1,-7.400000000000001,-9.3,-12.6,16
8355,139848.0,-0.5,0.2,-1.5,-0.30000000000000004,1.6,8.3,-11.700000000000001,-20.2,-11.8,16
8356,139865.0,-0.30000000000000004,0.0,-1.4000000000000001,-0.1,1.5,8.3,-12.700000000000001,-26.200000000000003,-14.100000000000001,16
8357,139880.0,-0.30000000000000004,0.0,-1.4000000000000001,-0.1,1.4000000000000001,8.3,-11.3,-26.400000000000002,-18.0,16
8358,139896.0,-0.5,0.0,-1.3,-0.1,1.3,8.4,-11.3,-27.0,-21.5,16
8359,139914.0,-0.6000000000000001,0.0,-1.3,-0.2,1.3,8.4,-13.3,-25.6,-24.7,16
8360,139930.0,-0.6000000000000001,-0.1,-1.3,-0.2,1.2000000000000002,8.4,-16.2,-22.6,-26.200000000000003,16
8361,139947.0,-0.8,-0.1,-1.3,-0.4,1.2000000000000002,8.4,-19.3,-18.3,-25.700000000000003,16
8362,139965.0,-1.3,0.1,-1.1,-0.8,1.3,8.6,-21.700000000000003,-14.700000000000001,-21.8,16
8363,139986.0,-1.5,0.2,-1.0,-1.0,1.3,8.8,-22.2,-12.5,-14.500000000000002,16
8364,139996.0,-1.5,0.1,-0.7000000000000001,-1.0,1.2000000000000002,9.1,-20.8,-11.8,-7.1000000000000005,16
8365,140013.0,-1.5,0.1,-0.4,-0.9,1.1,9.3,-17.5,-12.4,-0.9,16
8366,140030.0,-1.6,0.2,-0.2,-1.0,1.1,9.5,-12.200000000000001,-12.9,5.0,16
8367,140046.0,-1.6,0.2,-0.1,-0.9,1.2000000000000002,9.600000000000001,-3.4,-11.4,10.600000000000001,16
8368,140063.0,-1.4000000000000001,0.30000000000000004,0.0,-0.7000000000000001,1.3,9.700000000000001,7.2,-8.9,15.2,16
8369,140080.0,-1.4000000000000001,0.30000000000000004,0.0,-0.6000000000000001,1.4000000000000001,9.700000000000001,15.6,-5.300000000000001,17.5,16
8370,140097.0,-1.2000000000000002,0.4,-0.1,-0.5,1.6,9.5,19.9,-1.4,18.0,16
8371,140113.0,-1.1,0.6000000000000001,-0.2,-0.4,1.8,9.5,19.3,3.4,17.599999999999998,16
8372,140130.0,-0.9,0.8,-0.1,-0.2,1.9000000000000001,9.5,14.200000000000001,6.9,16.0,16
8373,140146.0,-0.8,0.8,0.0,-0.1,2.0,9.8,5.8,8.3,14.0,16
8374,140163.0,-0.5,0.8,0.4,0.2,2.0,10.100000000000001,-3.0000000000000004,9.4,12.200000000000001,16
8375,140180.0,-0.1,0.7000000000000001,0.9,0.5,1.8,10.600000000000001,-11.1,8.3,9.3,16
8376,140201.0,0.1,0.7000000000000001,1.3,0.9,1.8,11.100000000000001,-15.8,4.5,7.0,16
8377,140213.0,0.1,0.7000000000000001,1.3,0.9,1.8,11.100000000000001,-15.8,4.5,7.0,16
8378,140230.0,0.4,0.6000000000000001,1.6,1.4000000000000001,1.6,11.5,-18.400000000000002,0.7,4.9,16
8379,140247.0,1.0,0.5,1.9000000000000001,1.4000000000000001,1.6,11.5,-18.400000000000002,0.7,4.9,16
8380,140263.0,0.2,0.9,1.8,0.7000000000000001,1.9000000000000001,11.700000000000001,0.5,18.3,2.6,16
8381,140280.0,0.0,0.9,2.5,0.5,1.9000000000000001,12.3,3.9,17.3,0.7,16
8382,140296.0,0.0,0.8,2.3000000000000003,0.4,1.7000000000000002,11.9,2.9,12.200000000000001,-3.2,16
8383,140313.0,-0.1,0.5,2.1,0.4,1.4000000000000001,11.9,2.3000000000000003,10.1,-6.4,16
8384,140330.0,0.1,0.0,2.1,0.5,1.1,11.9,1.9,9.5,-8.1,16
8385,140347.0,0.2,-0.1,2.0,0.7000000000000001,0.9,11.8,5.2,9.600000000000001,-6.6000000000000005,16
8386,140363.0,0.9,-0.4,2.2,1.4000000000000001,0.6000000000000001,12.0,8.4,8.0,-4.0,16
8387,140380.0,1.7000000000000002,-0.8,1.9000000000000001,2.0,0.30000000000000004,11.8,11.9,5.500000000000001,-2.1,16
8388,140397.0,1.8,-0.8,1.8,2.2,0.30000000000000004,11.5,18.6,6.7,0.0,16
8389,140420.0,2.0,-0.9,1.1,2.3000000000000003,0.30000000000000004,11.100000000000001,25.3,8.799999999999999,3.6,16
8390,140433.0,1.9000000000000001,-1.0,0.6000000000000001,2.1,0.30000000000000004,10.3,32.0,10.2,7.9,16
8391,140447.0,1.8,-1.0,0.0,1.9000000000000001,0.30000000000000004,9.5,40.4,17.400000000000002,11.4,16
8392,140463.0,1.3,-1.0,-0.8,1.4000000000000001,0.5,8.9,47.5,22.3,13.8,16
8393,140480.0,0.8,-1.0,-1.4000000000000001,0.9,0.7000000000000001,8.3,47.400000000000006,22.000000000000004,15.000000000000002,16
8394,140496.0,0.2,-0.7000000000000001,-1.9000000000000001,0.4,1.1,7.9,43.1,16.400000000000002,17.0,16
8395,140516.0,0.1,-0.6000000000000001,-2.1,0.1,1.3,7.5,35.3,8.3,19.0,16
8396,140530.0,-0.1,-0.4,-2.3000000000000003,0.0,1.6,7.4,21.900000000000002,-2.9,19.700000000000003,16
8397,140547.0,-0.1,-0.30000000000000004,-2.3000000000000003,0.0,1.7000000000000002,7.4,7.2,-18.3,20.2,16
8398,140563.0,-0.1,-0.30000000000000004,-2.4000000000000004,0.2,1.7000000000000002,7.2,-3.0000000000000004,-26.1,19.6,16
8399,140580.0,0.1,-0.30000000000000004,-2.6,0.30000000000000004,1.6,7.1000000000000005,-7.0,-24.9,17.1,16
8400,140596.0,-0.30000000000000004,-0.30000000000000004,-2.4000000000000004,0.1,1.6,7.2,-7.6,-20.7,13.700000000000001,16
8401,140613.0,-0.7000000000000001,-0.2,-2.2,-0.4,1.7000000000000002,7.5,-6.4,-18.7,13.100000000000001,16
8402,140630.0,-1.1,-0.1,-1.8,-0.5,1.8,7.800000000000001,-5.1,-20.8,15.000000000000002,16
8403,140646.0,-0.7000000000000001,-0.2,-1.6,-0.2,1.6,8.0,-4.800000000000001,-23.0,14.500000000000002,16
8404,140663.0,-0.6000000000000001,-0.30000000000000004,-1.6,0.1,1.6,7.9,-2.6,-23.3,9.0,16
8405,140680.0,-0.7000000000000001,-0.2,-1.5,-0.1,1.7000000000000002,8.1,0.2,-19.400000000000002,2.7,16
8406,140696.0,-0.9,-0.1,-1.3,-0.1,1.7000000000000002,8.1,0.2,-19.400000000000002,2.7,16
8407,140714.0,-1.2000000000000002,0.0,-0.4,-0.5,1.8,9.1,-2.8,-26.1,-3.3000000000000003,16
8408,140730.0,-1.1,-0.1,-0.2,-0.2,1.6,9.200000000000001,-11.5,-35.4,-3.9,16
8409,140746.0,-1.0,-0.30000000000000004,-0.30000000000000004,0.0,1.5,9.200000000000001,-18.7,-36.9,-4.0,16
8410,140764.0,-1.0,-0.2,-0.30000000000000004,0.0,1.6,9.3,-19.8,-26.500000000000004,-1.0,16
8411,140780.0,-1.2000000000000002,-0.1,-0.2,-0.1,1.6,9.4,-15.399999999999999,-9.5,5.0,16
8412,140797.0,-1.2000000000000002,0.0,-0.1,-0.1,1.7000000000000002,9.4,-7.400000000000001,10.2,10.9,16
8413,140814.0,-1.2000000000000002,0.1,0.0,-0.2,1.7000000000000002,9.700000000000001,1.3,29.600000000000005,14.4,16
8414,140830.0,-1.2000000000000002,0.1,0.0,-0.30000000000000004,1.7000000000000002,9.600000000000001,4.3999999999999995,39.1,14.0,16
8415,140846.0,-1.1,0.1,0.30000000000000004,-0.30000000000000004,1.7000000000000002,9.9,-1.7,35.3,9.1,16
8416,140864.0,-1.0,0.30000000000000004,0.8,-0.30000000000000004,1.9000000000000001,10.3,-8.4,29.200000000000003,2.5,16
8417,140887.0,-1.2000000000000002,0.5,1.1,-0.5,2.1,10.600000000000001,-15.100000000000001,20.900000000000002,0.7,16
8418,140896.0,-1.1,0.5,1.2000000000000002,-0.5,2.0,10.9,-19.6,13.700000000000001,3.3000000000000003,16
8419,140917.0,-0.6000000000000001,0.30000000000000004,1.7000000000000002,-0.1,1.8,11.3,-22.3,7.8,7.0,16
8420,140930.0,-0.4,0.30000000000000004,2.0,0.2,1.7000000000000002,11.8,-19.6,6.5,9.8,16
8421,140948.0,-0.2,0.30000000000000004,2.9000000000000004,0.30000000000000004,1.7000000000000002,12.600000000000001,-8.0,6.000000000000001,10.600000000000001,16
8422,140965.0,0.1,0.5,3.4000000000000004,0.6000000000000001,1.9000000000000001,13.100000000000001,-4.800000000000001,-2.9,6.4,16
8423,140998.0,1.3,0.7000000000000001,3.8000000000000003,2.0,2.0,13.600000000000001,-8.600000000000001,-17.7,3.6,16
8424,141014.0,1.7000000000000002,0.5,3.1,2.4000000000000004,1.8,12.9,-2.8,-7.6,3.3000000000000003,16
8425,141030.0,1.7000000000000002,0.5,2.4000000000000004,2.3000000000000003,1.8,11.700000000000001,6.3,7.0,4.0,16
8426,141047.0,1.5,0.5,1.1,2.1,1.8,10.8,12.3,17.599999999999998,7.2,16
8427,141067.0,1.6,0.4,0.8,2.2,1.8,10.600000000000001,13.700000000000001,20.7,8.700000000000001,16
8428,141092.0,1.7000000000000002,0.4,0.4,2.2,1.9000000000000001,10.3,16.3,23.400000000000002,9.600000000000001,16
8429,141096.0,1.8,0.2,-0.1,2.5,1.6,9.600000000000001,18.5,23.900000000000002,7.699999999999999,16
8430,141113.0,2.4000000000000004,-0.30000000000000004,-0.9,2.9000000000000004,1.3,8.8,19.500000000000004,23.6,0.30000000000000004,16
8431,141130.0,2.5,-0.4,-1.3,2.8000000000000003,1.2000000000000002,8.3,20.3,20.6,-9.5,16
8432,141146.0,2.2,-0.30000000000000004,-1.8,2.5,1.4000000000000001,7.9,21.8,17.7,-15.6,16
8433,141164.0,2.0,-0.30000000000000004,-2.2,2.3000000000000003,1.4000000000000001,7.5,21.1,13.4,-19.1,16
8434,141189.0,1.8,-0.4,-2.6,2.1,1.4000000000000001,7.1000000000000005,15.9,9.0,-22.6,16
8435,141197.0,1.8,-0.4,-2.6,2.1,1.4000000000000001,7.1000000000000005,15.9,9.0,-22.6,16
8436,141213.0,0.9,-0.2,-2.7,1.1,1.6,7.0,-1.9,-1.0,-27.3,16
8437,141230.0,0.5,0.0,-2.6,0.4,1.9000000000000001,7.2,-9.200000000000001,-3.6,-24.000000000000004,16
8438,141246.0,-0.1,0.1,-2.1,0.1,1.8,7.800000000000001,-15.8,-10.9,-20.3,16
8439,141265.0,-0.30000000000000004,0.0,-1.4000000000000001,0.0,1.7000000000000002,8.200000000000001,-21.1,-21.5,-19.0,16
8440,141284.0,-0.4,-0.1,-1.1,0.0,1.5,8.6,-21.700000000000003,-28.900000000000002,-19.400000000000002,16
8441,141296.0,-0.4,-0.1,-0.9,-0.1,1.5,8.8,-16.5,-27.8,-19.700000000000003,16
8442,141314.0,-0.7000000000000001,0.1,-0.6000000000000001,-0.2,1.6,9.0,-8.4,-22.8,-19.0,16
8443,141330.0,-0.7000000000000001,0.1,-0.8,-0.1,1.7000000000000002,8.9,-1.8,-14.200000000000001,-18.2,16
8444,141346.0,-0.7000000000000001,0.1,-0.8,-0.30000000000000004,1.7000000000000002,8.8,2.9,-4.1000000000000005,-17.5,16
8445,141364.0,-1.0,0.2,-0.9,-0.6000000000000001,1.8,8.700000000000001,4.7,4.5,-16.6,16
8446,141387.0,-1.6,0.1,-0.7000000000000001,-1.1,1.7000000000000002,8.9,2.1,5.4,-14.4,16
8447,141396.0,-1.5,0.1,-0.6000000000000001,-1.0,1.7000000000000002,9.1,-1.7,0.8,-10.9,16
8448,141413.0,-1.4000000000000001,0.0,-0.30000000000000004,-1.0,1.6,9.3,-7.0,-3.5,-8.9,16
8449,141430.0,-1.2000000000000002,0.0,-0.1,-0.8,1.5,9.5,-11.2,-8.0,-6.9,16
8450,141446.0,-1.1,0.0,-0.1,-0.6000000000000001,1.6,9.600000000000001,-11.700000000000001,-9.3,-3.6,16
8451,141463.0,-0.9,0.1,0.2,-0.4,1.6,9.8,-10.5,-8.0,0.5,16
8452,141482.0,-0.6000000000000001,0.1,0.4,-0.1,1.6,10.0,-7.699999999999999,-5.1,3.9,16
8453,141496.0,-0.5,0.2,0.4,0.1,1.7000000000000002,10.0,-1.6,1.6,6.6000000000000005,16
8454,141516.0,-0.5,0.30000000000000004,0.30000000000000004,0.0,1.8,9.8,4.9,9.0,9.3,16
8455,141530.0,-0.6000000000000001,0.5,0.0,-0.2,2.0,9.600000000000001,9.200000000000001,14.4,11.6,16
8456,141546.0,-0.7000000000000001,0.6000000000000001,0.0,-0.30000000000000004,2.2,9.700000000000001,9.8,17.5,13.9,16
8457,141563.0,-0.6000000000000001,0.7000000000000001,0.1,-0.2,2.2,9.8,8.200000000000001,16.700000000000003,15.5,16
8458,141585.0,-0.5,0.6000000000000001,0.2,-0.1,2.2,9.8,6.8,16.700000000000003,15.2,16
8459,141597.0,-0.5,0.6000000000000001,0.5,-0.1,2.2,10.4,2.8,12.5,14.3,16
8460,141613.0,-0.1,0.5,1.1,0.30000000000000004,2.1,10.8,-4.0,6.9,14.100000000000001,16
8461,141631.0,0.4,0.6000000000000001,1.5,0.7000000000000001,2.1,11.100000000000001,-7.500000000000001,9.5,17.3,16
8462,141646.0,0.6000000000000001,0.6000000000000001,1.7000000000000002,0.6000000000000001,2.2,11.600000000000001,-4.1000000000000005,23.700000000000003,22.900000000000002,16
8463,141663.0,0.2,0.7000000000000001,2.4000000000000004,0.30000000000000004,2.3000000000000003,12.200000000000001,5.0,29.200000000000003,29.500000000000004,16
8464,141684.0,0.5,0.5,2.6,0.5,2.1,12.3,10.5,29.200000000000003,32.300000000000004,16
8465,141696.0,0.6000000000000001,0.30000000000000004,2.5,0.6000000000000001,1.8,12.100000000000001,16.0,28.900000000000002,28.1,16
8466,141713.0,0.4,0.0,2.1,0.2,1.7000000000000002,11.700000000000001,22.000000000000004,30.299999999999997,21.400000000000002,16
8467,141730.0,-0.2,-0.1,1.6,-0.4,1.7000000000000002,11.3,24.9,29.800000000000004,17.200000000000003,16
8468,141748.0,-0.8,0.1,1.5,-1.0,2.0,11.200000000000001,23.3,21.200000000000003,17.400000000000002,16
8469,141763.0,-0.6000000000000001,0.1,1.5,-0.4,1.9000000000000001,11.100000000000001,15.5,7.6,20.6,16
8470,141782.0,0.8,0.0,1.5,0.6000000000000001,1.8,11.100000000000001,6.6000000000000005,-2.5,19.1,16
8471,141797.0,1.4000000000000001,-0.7000000000000001,1.1,1.2000000000000002,1.2000000000000002,10.8,5.500000000000001,-2.8,14.600000000000001,16
8472,141814.0,1.6,-0.8,1.0,1.5,1.1,10.5,7.500000000000001,-2.9,7.500000000000001,16
8473,141831.0,1.6,-0.8,0.30000000000000004,1.4000000000000001,1.2000000000000002,9.9,9.4,0.7,3.3000000000000003,16
8474,141846.0,1.2000000000000002,-0.7000000000000001,-0.5,1.0,1.3,9.200000000000001,13.200000000000001,9.4,4.1000000000000005,16
8475,141863.0,0.9,-0.6000000000000001,-0.9,0.6000000000000001,1.4000000000000001,8.700000000000001,17.200000000000003,16.1,7.6,16
8476,141882.0,0.5,-0.7000000000000001,-1.2000000000000002,0.30000000000000004,1.3,8.4,17.8,14.800000000000002,10.0,16
8477,141900.0,0.5,-0.9,-1.3,0.30000000000000004,1.3,8.4,16.900000000000002,9.0,9.4,16
8478,141916.0,0.7000000000000001,-1.0,-1.1,0.4,1.2000000000000002,8.5,15.9,2.1999999999999997,6.2,16
8479,141931.0,0.7000000000000001,-1.0,-1.0,0.5,1.2000000000000002,8.6,12.5,-6.9,1.9,16
8480,141946.0,0.7000000000000001,-1.0,-1.1,0.5,1.2000000000000002,8.5,7.6,-14.500000000000002,-1.0999999999999999,16
8481,141963.0,0.6000000000000001,-1.0,-1.3,0.30000000000000004,1.3,8.1,2.8,-17.3,-1.3,16
8482,141994.0,0.1,-0.9,-2.0,0.1,1.3,7.7,-1.8,-16.400000000000002,1.2000000000000002,16
8483,141998.0,-0.1,-0.9,-1.9000000000000001,-0.1,1.3,7.7,-5.9,-14.200000000000001,4.800000000000001,16
8484,142014.0,-0.30000000000000004,-1.0,-1.8,-0.30000000000000004,1.1,7.800000000000001,-10.9,-14.4,7.6,16
8485,142029.0,-0.5,-1.1,-1.7000000000000002,-0.5,1.0,7.9,-12.000000000000002,-14.900000000000002,9.5,16
8486,142046.0,-0.9,-1.0,-1.4000000000000001,-0.8,1.0,8.1,-9.5,-15.8,11.700000000000001,16
8487,142064.0,-1.2000000000000002,-0.9,-1.3,-1.1,1.1,8.3,-5.8,-17.8,14.3,16
8488,142079.0,-1.2000000000000002,-0.9,-1.2000000000000002,-1.0,1.2000000000000002,8.4,-3.3000000000000003,-19.6,16.2,16
8489,142096.0,-1.3,-0.8,-1.0,-1.0,1.2000000000000002,8.5,-2.1999999999999997,-21.400000000000002,17.3,16
8490,142113.0,-1.2000000000000002,-0.8,-1.0,-0.8,1.3,8.6,-2.3000000000000003,-21.700000000000003,17.200000000000003,16
8491,142130.0,-1.0,-0.7000000000000001,-0.8,-0.6000000000000001,1.4000000000000001,8.700000000000001,-3.7000000000000006,-17.400000000000002,15.9,16
8492,142146.0,-0.9,-0.5,-0.6000000000000001,-0.5,1.5,9.0,-5.6,-12.9,14.600000000000001,16
8493,142163.0,-0.9,-0.30000000000000004,-0.4,-0.30000000000000004,1.7000000000000002,9.3,-10.8,-10.0,13.4,16
8494,142182.0,-0.6000000000000001,-0.1,0.1,-0.1,1.9000000000000001,9.8,-15.8,-9.200000000000001,12.8,16
8495,142198.0,-0.5,0.0,0.4,-0.1,1.9000000000000001,9.8,-15.8,-9.200000000000001,12.8,16
8496,142223.0,-0.30000000000000004,0.30000000000000004,0.8,0.2,2.1,10.4,-14.0,3.4,13.6,16
8497,142230.0,-0.2,0.4,0.9,0.4,2.2,10.5,-11.000000000000002,7.6,13.5,16
8498,142246.0,0.1,0.5,1.0,0.6000000000000001,2.3000000000000003,10.600000000000001,-9.1,10.0,10.8,16
8499,142263.0,0.1,0.5,1.1,0.6000000000000001,2.3000000000000003,10.8,-6.3,12.4,7.400000000000001,16
8500,142280.0,0.1,0.7000000000000001,1.3,0.5,2.4000000000000004,10.8,-3.1,12.700000000000001,6.000000000000001,16
8501,142300.0,-0.1,0.8,1.1,0.2,2.5,10.700000000000001,-2.4000000000000004,11.700000000000001,6.8,16
8502,142316.0,-0.30000000000000004,0.8,0.8,0.1,2.5,10.4,-1.4,11.6,9.0,16
8503,142330.0,-0.4,0.8,0.8,-0.2,2.6,10.4,-0.2,10.4,10.9,16
8504,142346.0,-0.6000000000000001,0.9,0.8,-0.30000000000000004,2.7,10.5,-0.1,7.9,11.6,16
8505,142363.0,-0.4,0.9,0.9,-0.2,2.6,10.5,-0.6000000000000001,5.6,10.700000000000001,16
8506,142380.0,-0.4,0.8,1.0,-0.1,2.6,10.8,-0.9,2.3000000000000003,8.3,16
8507,142399.0,-0.4,0.9,1.5,-0.1,2.7,11.200000000000001,-3.4,-4.0,6.6000000000000005,16
8508,142413.0,-0.1,0.9,1.4000000000000001,0.2,2.6,11.0,-7.2,-10.1,6.3,16
8509,142429.0,0.1,0.8,1.2000000000000002,0.5,2.4000000000000004,10.8,-8.700000000000001,-10.0,5.6,16
8510,142446.0,0.2,0.7000000000000001,1.1,0.5,2.4000000000000004,10.8,-8.700000000000001,-10.0,5.6,16
8511,142463.0,0.4,0.4,1.2000000000000002,0.8,2.1,10.9,-9.8,-8.600000000000001,5.1,16
8512,142480.0,0.5,0.30000000000000004,1.0,1.1,1.9000000000000001,10.600000000000001,-8.0,-8.3,7.400000000000001,16
8513,142499.0,0.8,0.1,0.6000000000000001,1.4000000000000001,1.6,10.4,-4.5,-7.400000000000001,8.1,16
8514,142513.0,1.2000000000000002,-0.2,0.30000000000000004,1.7000000000000002,1.4000000000000001,10.100000000000001,-0.1,-6.3,5.9,16
8515,142530.0,1.4000000000000001,-0.30000000000000004,0.1,2.1,1.2000000000000002,9.8,4.5,-5.1,-0.30000000000000004,16
8516,142548.0,1.7000000000000002,-0.6000000000000001,-0.2,2.3000000000000003,1.0,9.600000000000001,7.699999999999999,-4.800000000000001,-8.9,16
8517,142563.0,1.8,-0.7000000000000001,-0.4,2.4000000000000004,0.9,9.4,6.9,-6.000000000000001,-15.7,16
8518,142580.0,1.8,-0.8,-0.6000000000000001,2.5,0.9,9.0,3.3000000000000003,-8.0,-19.200000000000003,16
8519,142596.0,1.8,-0.7000000000000001,-1.1,2.5,0.9,8.5,-0.1,-5.6,-20.0,16
8520,142613.0,1.8,-0.8,-1.7000000000000002,2.4000000000000004,0.9,8.0,-1.3,1.8,-20.0,16
8521,142630.0,1.4000000000000001,-0.8,-2.2,2.0,0.9,7.6000000000000005,-0.30000000000000004,11.5,-20.0,16
8522,142646.0,0.9,-0.8,-2.3000000000000003,1.2000000000000002,1.0,7.4,-0.30000000000000004,15.299999999999999,-19.6,16
8523,142663.0,0.1,-0.6000000000000001,-2.5,0.5,1.1,7.300000000000001,-2.8,14.100000000000001,-18.0,16
8524,142681.0,-0.9,-0.4,-2.1,-0.4,1.2000000000000002,7.6000000000000005,-7.1000000000000005,4.800000000000001,-14.100000000000001,16
8525,142697.0,-1.1,-0.30000000000000004,-1.8,-0.6000000000000001,1.3,8.3,-15.8,-12.100000000000001,-9.0,16
8526,142714.0,-1.0,-0.30000000000000004,-0.9,-0.30000000000000004,1.3,8.9,-25.900000000000002,-27.1,-5.2,16
8527,142730.0,-0.5,-0.4,-0.30000000000000004,0.1,1.1,9.4,-31.2,-39.300000000000004,-4.2,16
8528,142746.0,-0.4,-0.30000000000000004,-0.2,0.5,1.1,9.700000000000001,-29.1,-44.7,-4.6000000000000005,16
8529,142763.0,-0.2,-0.2,0.2,0.7000000000000001,1.2000000000000002,9.9,-23.1,-41.800000000000004,-4.1000000000000005,16
8530,142780.0,-0.30000000000000004,0.0,0.1,0.7000000000000001,1.3,9.8,-14.4,-32.800000000000004,-2.1,16
8531,142799.0,-0.4,0.2,-0.1,0.7000000000000001,1.4000000000000001,9.600000000000001,-5.300000000000001,-20.3,0.5,16
8532,142814.0,-0.5,0.30000000000000004,-0.30000000000000004,0.6000000000000001,1.5,9.3,1.6,-7.6,2.0,16
8533,142830.0,-0.8,0.5,-0.5,0.30000000000000004,1.8,9.200000000000001,4.6000000000000005,1.8,2.0,16
8534,142846.0,-1.0,0.6000000000000001,-0.6000000000000001,-0.1,1.9000000000000001,9.1,2.7,3.3000000000000003,1.8,16
8535,142866.0,-1.3,0.8,-0.7000000000000001,-0.2,2.1,9.0,-1.7,2.3000000000000003,2.3000000000000003,16
8536,142883.0,-1.3,0.8,-0.6000000000000001,-0.30000000000000004,2.1,9.1,-7.400000000000001,-0.5,2.8,16
8537,142898.0,-1.0,0.9,-0.4,0.0,2.1,9.200000000000001,-11.1,-4.6000000000000005,3.8,16
8538,142913.0,-0.8,0.9,-0.30000000000000004,0.30000000000000004,2.1,9.5,-12.4,-6.6000000000000005,4.1000000000000005,16
8539,142930.0,-0.4,1.0,0.0,0.7000000000000001,2.1,9.700000000000001,-10.9,-7.300000000000001,3.8,16
8540,142949.0,-0.1,1.0,0.2,0.9,2.2,9.8,-7.9,-3.5,3.4,16
8541,142964.0,-0.1,1.0,0.2,0.9,2.2,10.0,-3.8,1.9,3.5,16
8542,142980.0,-0.30000000000000004,1.2000000000000002,0.30000000000000004,0.8,2.4000000000000004,10.0,2.0,7.6,5.4,16
8543,142998.0,-0.30000000000000004,1.3,0.4,0.7000000000000001,2.5,10.100000000000001,7.400000000000001,13.6,8.4,16
8544,143013.0,-0.30000000000000004,1.3,0.4,0.8,2.5,10.100000000000001,11.8,17.400000000000002,9.9,16
8545,143029.0,0.1,1.2000000000000002,0.4,1.0,2.5,10.200000000000001,14.700000000000001,19.3,8.1,16
8546,143046.0,0.4,1.2000000000000002,0.7000000000000001,1.2000000000000002,2.5,10.4,15.2,18.1,4.2,16
8547,143063.0,0.6000000000000001,1.2000000000000002,0.9,1.6,2.5,10.700000000000001,12.8,13.100000000000001,-1.2000000000000002,16
8548,143080.0,1.2000000000000002,1.0,1.2000000000000002,2.2,2.4000000000000004,10.9,8.700000000000001,7.2,-7.400000000000001,16
8549,143096.0,1.5,0.8,1.2000000000000002,2.5,2.0,10.600000000000001,1.9,5.8,-13.9,16
8550,143113.0,1.5,0.5,0.5,2.1,1.8,10.3,-2.1,11.700000000000001,-17.5,16
8551,143130.0,0.8,0.30000000000000004,0.8,1.5,1.7000000000000002,10.700000000000001,-4.2,12.9,-17.0,16
8552,143146.0,0.30000000000000004,0.2,1.2000000000000002,1.0,1.6,11.0,-7.400000000000001,11.6,-12.3,16
8553,143164.0,0.0,0.1,1.2000000000000002,0.6000000000000001,1.4000000000000001,11.0,-7.1000000000000005,6.000000000000001,-4.9,16
8554,143181.0,-0.2,-0.1,1.3,0.5,1.3,11.100000000000001,-2.1999999999999997,3.8,2.1999999999999997,16
8555,143196.0,-0.2,-0.2,1.3,0.5,1.3,11.100000000000001,-2.1999999999999997,3.8,2.1999999999999997,16
8556,143213.0,-0.2,-0.4,0.9,0.6000000000000001,1.0,10.700000000000001,15.000000000000002,1.5000000000000002,7.0,16
8557,143230.0,0.0,-0.5,0.7000000000000001,0.6000000000000001,1.0,10.4,21.0,-1.6,4.5,16
8558,143246.0,-0.2,-0.5,0.2,0.5,1.1,10.0,21.900000000000002,-6.8,1.0999999999999999,16
8559,143263.0,-0.4,-0.4,0.1,0.4,1.2000000000000002,9.8,18.3,-12.3,1.4,16
8560,143280.0,-0.30000000000000004,-0.4,0.0,0.6000000000000001,1.2000000000000002,9.8,11.5,-17.400000000000002,4.5,16
8561,143299.0,0.30000000000000004,-0.5,0.1,1.2000000000000002,1.1,9.9,4.1000000000000005,-20.5,7.300000000000001,16
8562,143313.0,0.7000000000000001,-0.7000000000000001,0.2,1.8,0.8,9.9,0.2,-19.6,7.0,16
8563,143330.0,1.1,-1.0,0.0,2.1,0.6000000000000001,9.700000000000001,2.8,-13.0,4.7,16
8564,143348.0,1.0,-1.2000000000000002,-0.2,1.9000000000000001,0.4,9.5,9.1,-3.8,2.1,16
8565,143363.0,0.7000000000000001,-1.2000000000000002,-0.2,1.5,0.5,9.5,13.700000000000001,0.6000000000000001,0.9,16
8566,143380.0,0.4,-1.2000000000000002,-0.4,1.3,0.5,9.3,14.900000000000002,-1.0,0.6000000000000001,16
8567,143396.0,0.30000000000000004,-1.2000000000000002,-0.5,1.3,0.5,9.3,14.900000000000002,-1.0,0.6000000000000001,16
8568,143413.0,0.4,-1.0,-0.7000000000000001,1.5,0.8,8.9,13.100000000000001,-5.2,-0.1,16
8569,143430.0,0.5,-0.9,-1.1,1.6,0.9,8.5,11.3,-4.6000000000000005,-2.1999999999999997,16
8570,143446.0,0.4,-0.9,-1.4000000000000001,1.5,0.9,8.200000000000001,7.500000000000001,-1.9,-5.6,16
8571,143463.0,0.30000000000000004,-0.9,-1.5,1.1,1.0,8.0,0.5,0.5,-9.600000000000001,16
8572,143480.0,-0.30000000000000004,-0.8,-1.7000000000000002,0.5,1.1,8.0,-7.2,0.4,-10.600000000000001,16
8573,143496.0,-0.9,-0.5,-1.6,0.1,1.3,8.1,-13.200000000000001,-0.8,-7.400000000000001,16
8574,143513.0,-1.1,-0.4,-1.5,0.0,1.3,8.200000000000001,-15.8,-3.3000000000000003,-2.8,16
8575,143530.0,-0.9,-0.4,-1.3,0.2,1.2000000000000002,8.4,-15.6,-6.7,-1.8,16
8576,143546.0,-0.6000000000000001,-0.6000000000000001,-1.1,0.4,1.0,8.5,-15.299999999999999,-10.2,-4.300000000000001,16
8577,143565.0,-0.6000000000000001,-0.5,-0.9,0.4,1.1,8.700000000000001,-14.700000000000001,-14.600000000000001,-7.1000000000000005,16
8578,143580.0,-0.7000000000000001,-0.4,-0.9,0.4,1.2000000000000002,8.8,-12.6,-17.5,-6.4,16
8579,143596.0,-0.8,-0.30000000000000004,-0.8,0.4,1.2000000000000002,8.9,-10.1,-17.8,-3.9,16
8580,143613.0,-0.8,-0.30000000000000004,-0.7000000000000001,0.5,1.3,9.0,-9.4,-17.9,-2.3000000000000003,16
8581,143630.0,-0.6000000000000001,-0.2,-0.5,0.7000000000000001,1.4000000000000001,9.200000000000001,-10.600000000000001,-16.6,-3.1,16
8582,143646.0,-0.4,0.1,-0.30000000000000004,0.9,1.6,9.4,-10.600000000000001,-12.9,-4.6000000000000005,16
8583,143664.0,-0.30000000000000004,0.30000000000000004,-0.1,1.0,1.7000000000000002,9.600000000000001,-9.5,-8.0,-6.9,16
8584,143680.0,-0.30000000000000004,0.4,0.1,1.1,1.8,9.8,-10.600000000000001,-5.8,-11.000000000000002,16
8585,143696.0,-0.30000000000000004,0.4,0.30000000000000004,1.1,1.8,9.8,-10.600000000000001,-5.8,-11.000000000000002,16
8586,143714.0,-0.30000000000000004,0.7000000000000001,0.4,1.0,2.0,10.0,-16.900000000000002,-5.2,-16.5,16
8587,143730.0,-0.30000000000000004,0.7000000000000001,0.4,1.0,2.0,10.100000000000001,-17.599999999999998,-3.1,-16.2,16
8588,143746.0,-0.4,0.7000000000000001,0.5,0.9,1.9000000000000001,10.200000000000001,-15.399999999999999,-0.7,-15.399999999999999,16
8589,143771.0,-0.7000000000000001,0.7000000000000001,0.8,0.30000000000000004,1.9000000000000001,10.9,-10.5,1.4,-14.0,16
8590,143780.0,-0.9,0.7000000000000001,1.1,0.30000000000000004,1.9000000000000001,10.9,-4.3999999999999995,-0.2,-11.9,16
8591,143797.0,-1.2000000000000002,0.7000000000000001,1.4000000000000001,0.1,1.9000000000000001,11.0,1.7,-3.3000000000000003,-9.700000000000001,16
8592,143813.0,-1.3,0.7000000000000001,1.1,0.0,1.9000000000000001,10.8,7.2,-3.6,-7.9,16
8593,143830.0,-1.4000000000000001,0.7000000000000001,1.0,-0.2,1.9000000000000001,10.600000000000001,9.200000000000001,-0.8,-6.4,16
8594,143847.0,-1.7000000000000002,0.6000000000000001,1.0,-0.5,2.0,10.700000000000001,7.500000000000001,1.9,-4.3999999999999995,16
8595,143864.0,-1.8,0.6000000000000001,1.2000000000000002,-0.6000000000000001,1.9000000000000001,10.9,4.0,5.4,-1.3,16
8596,143882.0,-1.6,0.4,1.4000000000000001,-0.4,1.8,11.100000000000001,1.6,6.9,0.9,16
8597,143896.0,-1.4000000000000001,0.30000000000000004,1.6,-0.1,1.6,11.4,4.800000000000001,9.200000000000001,-0.7,16
8598,143913.0,-0.8,0.1,2.0,0.4,1.4000000000000001,11.700000000000001,6.000000000000001,8.9,-4.6000000000000005,16
8599,143930.0,-0.30000000000000004,-0.1,1.9000000000000001,0.8,1.3,11.700000000000001,2.5,1.8,-7.2,16
8600,143946.0,0.2,-0.1,1.8,1.5,1.2000000000000002,11.5,4.300000000000001,1.2000000000000002,-6.1000000000000005,16
8601,143963.0,0.7000000000000001,-0.30000000000000004,1.8,2.0,1.1,11.5,6.6000000000000005,-0.2,-4.0,16
8602,143980.0,1.5,-0.5,1.3,2.6,0.9,11.100000000000001,11.3,-0.30000000000000004,-2.1,16
8603,143997.0,1.7000000000000002,-0.7000000000000001,0.9,2.9000000000000004,0.8,10.3,20.6,5.7,-3.3000000000000003,16
8604,144013.0,1.8,-0.8,-0.2,2.8000000000000003,0.8,9.5,32.9,15.2,-5.9,16
8605,144033.0,1.2000000000000002,-0.8,-0.6000000000000001,2.3000000000000003,0.8,9.200000000000001,39.2,17.8,-9.3,16
8606,144046.0,0.9,-0.8,-0.6000000000000001,1.9000000000000001,1.0,9.0,31.3,2.1999999999999997,-11.8,16
8607,144066.0,0.8,-0.7000000000000001,-1.1,1.8,1.1,8.6,18.900000000000002,-9.3,-10.600000000000001,16
8608,144089.0,0.9,-0.8,-1.3,2.1,1.1,8.4,10.1,-14.200000000000001,-7.9,16
8609,144096.0,1.0,-0.8,-1.4000000000000001,2.1,1.1,8.4,2.3000000000000003,-10.8,-6.5,16
8610,144113.0,0.9,-0.7000000000000001,-1.1,2.0,1.1,8.6,-2.5,-5.500000000000001,-4.5,16
8611,144135.0,0.6000000000000001,-0.7000000000000001,-0.8,1.8,1.1,8.9,-4.0,-1.0999999999999999,-2.5,16
8612,144148.0,0.6000000000000001,-0.7000000000000001,-0.6000000000000001,1.7000000000000002,1.1,9.200000000000001,-4.3999999999999995,-1.5000000000000002,-2.4000000000000004,16
8613,144163.0,0.30000000000000004,-0.7000000000000001,-0.4,1.4000000000000001,1.1,9.200000000000001,-4.7,-3.6,-4.0,16
8614,144187.0,-0.1,-0.7000000000000001,-0.8,1.0,1.1,8.9,-2.9,-3.0000000000000004,-5.7,16
8615,144196.0,-0.1,-0.7000000000000001,-0.8,0.6000000000000001,1.1,8.8,-1.6,-0.4,-6.6000000000000005,16
8616,144217.0,-1.0,-0.6000000000000001,-1.2000000000000002,0.30000000000000004,1.1,8.5,-3.5,1.6,-7.2,16
8617,144230.0,-1.3,-0.5,-1.2000000000000002,-0.1,1.2000000000000002,8.4,-7.9,3.3000000000000003,-5.7,16
8618,144246.0,-1.4000000000000001,-0.5,-1.3,-0.30000000000000004,1.2000000000000002,8.3,-13.6,4.2,-2.1,16
8619,144263.0,-1.6,-0.5,-1.2000000000000002,-0.5,1.2000000000000002,8.5,-19.1,4.800000000000001,2.8,16
8620,144287.0,-1.7000000000000002,-0.4,-0.8,-0.6000000000000001,1.2000000000000002,9.1,-21.8,3.8,14.900000000000002,16
8621,144296.0,-1.7000000000000002,-0.4,-0.6000000000000001,-0.6000000000000001,1.2000000000000002,9.1,-21.8,3.8,14.900000000000002,16
8622,144313.0,-1.6,-0.30000000000000004,-0.4,-0.5,1.2000000000000002,9.3,-18.900000000000002,2.4000000000000004,21.1,16
8623,144330.0,-1.4000000000000001,-0.2,-0.1,-0.30000000000000004,1.3,9.600000000000001,-14.200000000000001,0.8,26.6,16
8624,144346.0,-1.1,0.1,0.2,-0.1,1.4000000000000001,9.8,-7.500000000000001,-0.2,31.4,16
8625,144363.0,-0.9,0.2,0.2,0.30000000000000004,1.6,9.9,1.3,0.9,35.0,16
8626,144384.0,-0.5,0.30000000000000004,0.2,0.6000000000000001,1.7000000000000002,9.8,9.9,2.8,36.9,16
8627,144397.0,-0.30000000000000004,0.4,0.0,0.8,1.8,9.600000000000001,15.6,4.1000000000000005,37.300000000000004,16
8628,144413.0,-0.2,0.5,-0.2,0.9,2.1,9.3,16.6,4.300000000000001,37.2,16
8629,144430.0,0.0,0.7000000000000001,-0.6000000000000001,1.1,2.2,9.0,14.500000000000002,6.3,37.0,16
8630,144447.0,0.0,0.7000000000000001,-0.7000000000000001,1.1,2.3000000000000003,8.9,11.000000000000002,10.0,36.9,16
8631,144464.0,0.0,0.8,-0.7000000000000001,1.1,2.4000000000000004,9.0,7.8,14.0,36.7,16
8632,144484.0,0.0,0.9,-0.4,1.1,2.5,9.3,5.8,16.0,36.3,16
8633,144496.0,0.1,0.9,-0.2,1.1,2.4000000000000004,9.4,5.300000000000001,16.2,35.3,16
8634,144513.0,0.1,0.8,-0.2,1.1,2.3000000000000003,9.5,4.9,14.600000000000001,32.9,16
8635,144530.0,0.1,0.7000000000000001,0.0,1.1,2.3000000000000003,9.700000000000001,3.5,10.0,29.900000000000006,16
8636,144547.0,0.30000000000000004,0.6000000000000001,0.4,1.3,2.2,10.100000000000001,-0.5,1.4,26.700000000000003,16
8637,144563.0,0.6000000000000001,0.6000000000000001,0.6000000000000001,1.8,2.2,10.4,-4.7,-7.699999999999999,24.5,16
8638,144584.0,1.2000000000000002,0.6000000000000001,1.0,2.4000000000000004,2.1,10.600000000000001,-7.300000000000001,-11.8,23.400000000000002,16
8639,144596.0,1.8,0.5,0.8,2.9000000000000004,2.0,10.4,-7.2,-7.400000000000001,21.900000000000002,16
8640,144614.0,1.7000000000000002,0.5,0.6000000000000001,2.5,2.1,10.200000000000001,-2.1999999999999997,5.8,20.1,16
8641,144630.0,1.0,0.8,0.7000000000000001,2.0,2.4000000000000004,10.600000000000001,2.8,11.4,19.6,16
8642,144646.0,0.7000000000000001,1.0,1.3,1.7000000000000002,2.4000000000000004,10.9,-1.0999999999999999,8.5,18.5,16
8643,144663.0,0.5,0.9,0.9,1.5,2.3000000000000003,10.4,-2.7,7.8,16.5,16
8644,144683.0,0.4,0.8,0.6000000000000001,1.4000000000000001,2.2,10.4,2.5,13.6,14.0,16
8645,144696.0,0.4,0.7000000000000001,0.9,1.4000000000000001,2.2,10.4,2.5,13.6,14.0,16
8646,144715.0,0.5,0.30000000000000004,1.1,1.4000000000000001,1.9000000000000001,10.8,5.0,8.799999999999999,7.9,16
8647,144730.0,0.7000000000000001,0.2,1.3,1.9000000000000001,1.6,11.0,2.6,0.7,5.300000000000001,16
8648,144746.0,1.6,-0.30000000000000004,1.2000000000000002,2.6,1.2000000000000002,10.9,1.8,-4.0,2.4000000000000004,16
8649,144763.0,1.9000000000000001,-0.5,1.0,2.9000000000000004,1.0,10.700000000000001,3.7000000000000006,-1.5000000000000002,-0.6000000000000001,16
8650,144784.0,1.7000000000000002,-0.5,0.6000000000000001,2.8000000000000003,1.0,10.5,6.3,1.3,-1.4,16
8651,144796.0,1.5,-0.5,0.4,2.5,1.1,10.100000000000001,11.5,5.9,1.2000000000000002,16
8652,144813.0,1.3,-0.5,0.2,2.2,1.1,9.8,18.5,9.4,4.3999999999999995,16
8653,144830.0,1.2000000000000002,-0.7000000000000001,-0.2,2.0,1.0,9.4,22.5,7.1000000000000005,2.1,16
8654,144846.0,0.6000000000000001,-0.9,-1.0,1.5,0.8,8.700000000000001,23.6,7.2,-0.30000000000000004,16
8655,144864.0,0.0,-0.8,-1.4000000000000001,1.0,1.0,8.3,22.7,4.2,-1.7,16
8656,144886.0,-0.5,-0.9,-1.7000000000000002,0.6000000000000001,1.0,8.0,20.3,2.9,-1.2000000000000002,16
8657,144899.0,-0.6000000000000001,-0.8,-1.6,0.30000000000000004,1.1,8.0,14.500000000000002,-1.4,-0.5,16
8658,144913.0,-0.6000000000000001,-0.8,-1.4000000000000001,0.30000000000000004,1.1,8.0,14.500000000000002,-1.4,-0.5,16
8659,144930.0,-0.4,-0.8,-1.0,0.8,1.1,8.8,-3.2,-16.6,-2.5,16
8660,144946.0,0.2,-0.8,-0.5,1.4000000000000001,1.0,9.1,-9.8,-23.3,-5.4,16
8661,144963.0,0.8,-0.9,-0.30000000000000004,1.9000000000000001,1.0,9.3,-13.8,-24.1,-8.0,16
8662,144985.0,1.0,-1.0,-0.30000000000000004,2.2,0.8,9.3,-15.100000000000001,-19.0,-9.700000000000001,16
8663,144997.0,0.9,-0.9,-0.4,2.0,0.9,9.200000000000001,-11.5,-8.0,-8.4,16
8664,145014.0,0.5,-0.7000000000000001,-0.5,1.7000000000000002,1.0,9.1,-4.3999999999999995,2.9,-3.6,16
8665,145030.0,0.30000000000000004,-0.7000000000000001,-0.6000000000000001,1.3,1.1,9.0,1.3,10.0,1.5000000000000002,16
8666,145046.0,0.0,-0.5,-0.8,1.2000000000000002,1.3,8.8,4.2,8.700000000000001,4.2,16
8667,145066.0,0.0,-0.30000000000000004,-0.9,1.1,1.5,8.700000000000001,4.0,4.7,4.9,16
8668,145085.0,0.0,-0.1,-1.0,1.1,1.6,8.6,0.6000000000000001,-1.5000000000000002,3.9,16
8669,145098.0,0.0,0.0,-0.9,1.2000000000000002,1.8,8.700000000000001,-3.2,-6.6000000000000005,2.0,16
8670,145113.0,0.0,0.2,-0.6000000000000001,1.2000000000000002,1.9000000000000001,9.0,-6.000000000000001,-10.0,0.8,16
8671,145130.0,0.2,0.4,-0.30000000000000004,1.4000000000000001,2.1,9.200000000000001,-6.8,-10.5,0.5,16
8672,145146.0,0.30000000000000004,0.4,-0.2,1.6,2.1,9.5,-5.9,-9.600000000000001,-0.2,16
8673,145163.0,0.5,0.5,0.0,1.7000000000000002,2.2,9.600000000000001,-5.0,-7.1000000000000005,-2.4000000000000004,16
8674,145184.0,0.4,0.6000000000000001,-0.2,1.7000000000000002,2.3000000000000003,9.4,-2.7,-1.3,-4.9,16
8675,145209.0,0.1,0.7000000000000001,-0.30000000000000004,1.5,2.4000000000000004,9.3,0.7,7.699999999999999,-6.9,16
8676,145213.0,-0.2,0.8,-0.30000000000000004,1.0,2.6,9.3,4.3999999999999995,14.500000000000002,-7.0,16
8677,145229.0,-0.5,1.0,-0.30000000000000004,0.7000000000000001,2.7,9.3,6.5,16.3,-5.9,16
8678,145247.0,-0.6000000000000001,1.0,-0.30000000000000004,0.6000000000000001,2.7,9.200000000000001,6.3,12.8,-5.7,16
8679,145266.0,-0.6000000000000001,1.0,-0.30000000000000004,0.6000000000000001,2.7,9.200000000000001,6.3,12.8,-5.7,16
8680,145284.0,-0.4,0.8,-0.5,0.7000000000000001,2.6,9.1,4.0,5.300000000000001,-10.600000000000001,16
8681,145300.0,-0.4,0.8,-0.4,0.7000000000000001,2.6,9.1,4.0,4.9,-13.3,16
8682,145313.0,-0.5,0.7000000000000001,-0.30000000000000004,0.6000000000000001,2.6,9.200000000000001,3.5,1.7,-14.700000000000001,16
8683,145330.0,-0.4,0.6000000000000001,-0.2,0.6000000000000001,2.5,9.4,0.1,-3.3000000000000003,-15.9,16
8684,145351.0,-0.4,0.4,0.0,0.7000000000000001,2.3000000000000003,9.5,-5.4,-10.2,-17.1,16
8685,145363.0,-0.30000000000000004,0.30000000000000004,0.2,0.8,2.2,9.8,-10.5,-14.900000000000002,-17.599999999999998,16
8686,145383.0,-0.1,0.30000000000000004,0.6000000000000001,1.0,2.1,10.200000000000001,-13.200000000000001,-17.1,-16.8,16
8687,145398.0,0.0,0.30000000000000004,0.8,1.1,2.1,10.4,-11.8,-14.100000000000001,-15.000000000000002,16
8688,145414.0,-0.1,0.30000000000000004,1.0,1.0,2.1,10.600000000000001,-6.000000000000001,-9.9,-12.3,16
8689,145431.0,-0.1,0.5,1.5,1.1,2.2,11.100000000000001,0.9,-9.8,-9.4,16
8690,145446.0,0.1,0.5,2.1,1.5,2.3000000000000003,11.9,-1.6,-24.5,-7.699999999999999,16
8691,145463.0,0.6000000000000001,0.5,2.1,2.1,2.2,11.600000000000001,-5.8,-35.3,-6.5,16
8692,145480.0,1.2000000000000002,0.4,2.2,2.7,2.1,11.8,-3.6,-36.0,-6.4,16
8693,145499.0,1.7000000000000002,0.30000000000000004,2.5,3.2,2.0,12.100000000000001,-0.8,-35.8,-8.600000000000001,16
8694,145514.0,1.9000000000000001,0.30000000000000004,2.4000000000000004,3.7,2.1,11.8,5.6,-33.0,-10.3,16
8695,145530.0,2.4000000000000004,0.2,1.8,4.2,2.0,11.3,10.9,-28.0,-14.3,16
8696,145546.0,2.6,0.1,1.3,4.4,1.8,10.4,11.4,-21.900000000000002,-21.8,16
8697,145563.0,2.2,-0.1,0.30000000000000004,3.9000000000000004,1.7000000000000002,9.600000000000001,9.4,-14.100000000000001,-28.700000000000003,16
8698,145582.0,1.6,-0.4,-0.5,3.4000000000000004,1.5,9.0,6.1000000000000005,-6.6000000000000005,-33.5,16
8699,145596.0,1.4000000000000001,-0.6000000000000001,-0.9,3.1,1.2000000000000002,8.6,2.1,1.6,-37.2,16
8700,145615.0,1.0,-0.9,-1.1,2.7,1.0,8.4,1.8,8.0,-39.300000000000004,16
8701,145630.0,0.5,-1.1,-1.2000000000000002,2.2,0.9,8.3,4.9,12.000000000000002,-39.699999999999996,16
8702,145646.0,0.1,-1.1,-1.3,1.9000000000000001,1.0,8.3,8.5,9.9,-39.699999999999996,16
8703,145663.0,0.1,-1.1,-1.5,1.7000000000000002,0.9,7.800000000000001,8.700000000000001,3.0000000000000004,-42.5,16
8704,145682.0,0.0,-1.1,-2.0,1.7000000000000002,1.0,7.4,3.5,-5.500000000000001,-46.4,16
8705,145699.0,0.0,-1.1,-2.3000000000000003,1.5,1.1,7.0,-6.2,-9.9,-49.4,16
8706,145713.0,-0.4,-0.9,-2.6,1.1,1.3,6.9,-16.8,-10.2,-47.5,16
8707,145730.0,-0.9,-0.7000000000000001,-2.5,0.7000000000000001,1.4000000000000001,7.0,-26.9,-9.3,-41.800000000000004,16
8708,145748.0,-1.1,-0.5,-2.1,0.5,1.4000000000000001,7.4,-35.1,-10.2,-35.1,16
8709,145763.0,-1.1,-0.5,-1.8,0.6000000000000001,1.4000000000000001,7.9,-40.3,-13.0,-31.5,16
8710,145782.0,-1.0,-0.4,-1.1,0.7000000000000001,1.4000000000000001,8.5,-41.7,-16.900000000000002,-30.9,16
8711,145796.0,-1.0,-0.2,-0.5,0.7000000000000001,1.5,9.0,-38.2,-19.8,-31.3,16
8712,145813.0,-1.0,0.0,-0.30000000000000004,0.8,1.6,9.200000000000001,-31.5,-20.3,-30.4,16
8713,145829.0,-1.0,0.1,-0.2,0.8,1.7000000000000002,9.3,-26.400000000000002,-19.3,-29.1,16
8714,145847.0,-1.0,0.4,-0.1,0.8,1.9000000000000001,9.4,-22.900000000000002,-17.3,-26.700000000000003,16
8715,145863.0,-1.1,0.6000000000000001,0.0,0.8,2.1,9.5,-21.1,-14.4,-23.700000000000003,16
8716,145882.0,-1.1,0.8,0.1,0.8,2.2,9.600000000000001,-18.2,-10.1,-20.8,16
8717,145899.0,-1.1,0.9,0.1,0.8,2.3000000000000003,9.600000000000001,-14.200000000000001,-4.3999999999999995,-19.400000000000002,16
8718,145914.0,-1.1,0.9,0.1,0.6000000000000001,2.3000000000000003,9.600000000000001,-10.8,-0.4,-19.6,16
8719,145930.0,-1.5,1.1,0.1,0.30000000000000004,2.5,9.700000000000001,-8.4,1.0,-19.3,16
8720,145946.0,-1.7000000000000002,1.2000000000000002,0.2,0.1,2.6,9.700000000000001,-6.6000000000000005,1.4,-17.5,16
8721,145963.0,-1.8,1.3,0.2,0.0,2.6,9.700000000000001,-4.3999999999999995,3.3000000000000003,-14.900000000000002,16
8722,145992.0,-1.6,1.2000000000000002,0.30000000000000004,0.1,2.6,9.8,-3.0000000000000004,4.800000000000001,-13.5,16
8723,145998.0,-1.5,1.2000000000000002,0.4,0.2,2.5,9.9,-2.1999999999999997,6.1000000000000005,-13.4,16
8724,146013.0,-1.4000000000000001,1.1,0.4,0.5,2.4000000000000004,10.0,-0.4,8.4,-13.700000000000001,16
8725,146030.0,-1.0,0.9,0.5,0.7000000000000001,2.2,10.100000000000001,0.8,10.700000000000001,-14.500000000000002,16
8726,146046.0,-0.6000000000000001,0.6000000000000001,0.6000000000000001,1.0,2.0,10.100000000000001,-1.0999999999999999,10.5,-15.8,16
8727,146064.0,-0.30000000000000004,0.30000000000000004,0.6000000000000001,1.3,1.8,10.200000000000001,-6.6000000000000005,8.600000000000001,-17.0,16
8728,146079.0,-0.1,0.2,0.7000000000000001,1.5,1.5,10.3,-11.4,7.8,-17.0,16
8729,146097.0,0.1,-0.1,0.8,1.6,1.2000000000000002,10.3,-12.100000000000001,12.6,-16.5,16
8730,146113.0,0.0,-0.2,0.6000000000000001,1.2000000000000002,1.1,10.100000000000001,-6.3,23.8,-14.800000000000002,16
8731,146129.0,-0.6000000000000001,-0.30000000000000004,0.6000000000000001,0.7000000000000001,1.1,10.4,0.30000000000000004,29.200000000000003,-10.9,16
8732,146146.0,-0.8,-0.2,1.3,0.5,1.1,10.9,-3.2,21.6,-7.400000000000001,16
8733,146163.0,-0.7000000000000001,-0.30000000000000004,1.1,0.5,1.0,10.8,-11.2,9.3,-4.6000000000000005,16
8734,146179.0,-0.6000000000000001,-0.4,1.1,0.7000000000000001,0.7000000000000001,10.8,-13.9,3.6,-2.1,16
8735,146196.0,-0.5,-0.6000000000000001,1.1,0.7000000000000001,0.7000000000000001,10.8,-13.9,3.6,-2.1,16
8736,146213.0,-0.7000000000000001,-0.6000000000000001,1.3,0.6000000000000001,0.6000000000000001,10.9,-14.0,-1.5000000000000002,5.300000000000001,16
8737,146230.0,-0.9,-0.4,1.6,0.5,0.8,11.600000000000001,-11.8,-7.300000000000001,11.700000000000001,16
8738,146246.0,-0.30000000000000004,-0.4,2.3000000000000003,1.1,0.7000000000000001,12.0,-10.4,-20.6,17.0,16
8739,146265.0,0.30000000000000004,-0.5,1.6,1.7000000000000002,0.5,11.4,-13.4,-38.7,20.5,16
8740,146280.0,1.0,-0.7000000000000001,2.0,2.9000000000000004,0.2,11.700000000000001,-9.0,-35.5,19.0,16
8741,146297.0,1.7000000000000002,-0.8,1.8,3.2,0.1,11.4,8.0,-17.7,14.3,16
8742,146318.0,1.5,-0.9,0.8,3.1,0.1,10.5,24.400000000000002,-8.4,11.3,16
8743,146330.0,1.3,-0.8,0.1,2.6,0.30000000000000004,9.8,29.600000000000005,5.2,9.700000000000001,16
8744,146346.0,0.6000000000000001,-0.7000000000000001,-0.4,2.0,0.6000000000000001,9.1,33.2,13.4,11.000000000000002,16
8745,146363.0,0.1,-0.6000000000000001,-1.3,1.7000000000000002,0.6000000000000001,8.4,35.7,20.6,12.5,16
8746,146380.0,0.2,-0.9,-1.6,1.4000000000000001,0.4,7.800000000000001,34.6,23.6,9.9,16
8747,146400.0,-0.4,-0.6000000000000001,-1.7000000000000002,1.1,0.7000000000000001,7.9,31.0,21.900000000000002,6.8,16
8748,146413.0,-0.4,-1.1,-2.1,0.9,0.4,7.6000000000000005,24.5,17.200000000000003,2.1999999999999997,16
8749,146430.0,-0.5,-1.1,-2.0,0.7000000000000001,0.4,7.800000000000001,12.8,8.5,-2.6,16
8750,146446.0,-0.6000000000000001,-1.2000000000000002,-1.8,0.6000000000000001,0.4,7.800000000000001,-0.30000000000000004,-3.9,-3.7000000000000006,16
8751,146465.0,-0.7000000000000001,-1.3,-1.7000000000000002,0.7000000000000001,0.2,8.0,-12.200000000000001,-12.700000000000001,-1.5000000000000002,16
8752,146480.0,-0.5,-1.4000000000000001,-1.6,0.9,0.1,8.0,-19.700000000000003,-16.0,2.3000000000000003,16
8753,146496.0,-0.30000000000000004,-1.5,-1.6,1.2000000000000002,-0.1,8.0,-21.1,-10.1,5.0,16
8754,146513.0,-0.1,-1.5,-1.8,1.4000000000000001,-0.1,7.800000000000001,-20.2,2.6,4.800000000000001,16
8755,146530.0,-0.2,-1.3,-1.7000000000000002,1.2000000000000002,0.0,7.9,-22.8,13.4,3.2,16
8756,146546.0,-0.6000000000000001,-1.1,-1.3,0.5,0.2,8.6,-30.299999999999997,9.8,5.500000000000001,16
8757,146563.0,-1.1,-0.8,-0.6000000000000001,0.2,0.30000000000000004,9.0,-36.2,-0.4,12.6,16
8758,146580.0,-1.0,-0.8,-0.2,0.30000000000000004,0.1,9.4,-38.2,-8.600000000000001,20.1,16
8759,146602.0,-0.8,-0.8,0.0,0.6000000000000001,0.0,9.600000000000001,-33.2,-14.700000000000001,23.3,16
8760,146613.0,-0.7000000000000001,-0.8,0.1,0.8,0.0,9.8,-23.900000000000002,-16.6,22.7,16
8761,146630.0,-0.8,-0.5,0.5,0.7000000000000001,0.2,10.100000000000001,-12.8,-17.400000000000002,20.7,16
8762,146646.0,-0.9,-0.30000000000000004,0.6000000000000001,0.6000000000000001,0.5,10.200000000000001,-1.8,-18.1,19.1,16
8763,146663.0,-1.0,0.1,0.5,0.5,0.9,10.100000000000001,6.8,-15.5,18.2,16
8764,146680.0,-1.3,0.5,0.4,0.30000000000000004,1.2000000000000002,9.9,10.700000000000001,-12.000000000000002,17.1,16
8765,146696.0,-1.4000000000000001,0.7000000000000001,0.30000000000000004,0.2,1.5,9.9,10.600000000000001,-7.1000000000000005,15.9,16
8766,146713.0,-1.4000000000000001,0.9,0.30000000000000004,0.30000000000000004,1.6,9.9,9.4,-0.6000000000000001,14.3,16
8767,146730.0,-1.2000000000000002,0.9,0.4,0.4,1.7000000000000002,10.0,6.9,4.3999999999999995,11.000000000000002,16
8768,146746.0,-1.2000000000000002,0.9,0.5,0.4,1.7000000000000002,10.3,2.7,5.7,7.300000000000001,16
8769,146763.0,-1.3,0.9,0.9,0.30000000000000004,1.7000000000000002,10.600000000000001,0.2,4.5,5.7,16
8770,146780.0,-1.1,0.7000000000000001,1.3,0.5,1.5,11.0,1.0999999999999999,2.7,5.500000000000001,16
8771,146797.0,-0.8,0.6000000000000001,1.5,1.0,1.3,11.3,4.3999999999999995,1.7,3.9,16
8772,146813.0,-0.4,0.30000000000000004,1.8,1.2000000000000002,1.1,11.4,8.3,1.2000000000000002,1.7,16
8773,146830.0,-0.2,0.2,1.7000000000000002,1.4000000000000001,1.0,11.3,11.9,1.0999999999999999,0.6000000000000001,16
8774,146846.0,-0.2,0.2,1.6,1.2000000000000002,1.1,11.200000000000001,14.4,2.9,1.7,16
8775,146863.0,-0.30000000000000004,0.2,1.5,1.2000000000000002,1.1,11.100000000000001,16.8,5.6,4.3999999999999995,16
8776,146880.0,-0.2,0.1,1.4000000000000001,1.3,1.1,11.100000000000001,19.200000000000003,8.200000000000001,5.9,16
8777,146896.0,0.0,0.1,1.8,1.5,1.1,11.4,17.200000000000003,3.8,4.800000000000001,16
8778,146913.0,0.1,0.0,1.6,1.6,1.1,11.3,10.600000000000001,-4.9,2.0,16
8779,146930.0,0.2,-0.1,1.6,1.8,0.9,11.3,4.2,-14.3,-1.3,16
8780,146946.0,0.5,-0.30000000000000004,1.9000000000000001,2.1,0.8,11.600000000000001,-5.4,-23.900000000000002,-4.7,16
8781,146963.0,0.7000000000000001,-0.30000000000000004,1.8,2.5,0.6000000000000001,11.3,-14.600000000000001,-30.200000000000003,-4.800000000000001,16
8782,146992.0,1.1,-0.6000000000000001,1.2000000000000002,2.7,0.1,10.200000000000001,-3.8,1.8,0.30000000000000004,16
8783,147002.0,0.9,-0.9,0.5,2.7,0.1,10.200000000000001,-3.8,1.8,0.30000000000000004,16
8784,147013.0,1.0,-0.6000000000000001,0.30000000000000004,2.5,0.30000000000000004,9.700000000000001,14.0,21.5,2.1,16
8785,147030.0,0.6000000000000001,-0.7000000000000001,0.0,2.3000000000000003,0.30000000000000004,9.600000000000001,26.400000000000002,33.0,1.0,16
8786,147046.0,0.6000000000000001,-0.7000000000000001,-0.4,2.2,0.5,9.3,30.200000000000003,30.799999999999997,-1.8,16
8787,147068.0,0.8,-0.7000000000000001,-1.0,2.3000000000000003,0.5,8.8,26.500000000000004,23.8,-5.7,16
8788,147079.0,0.8,-0.6000000000000001,-1.3,2.2,0.6000000000000001,8.3,20.2,17.200000000000003,-9.0,16
8789,147096.0,0.5,-0.7000000000000001,-1.7000000000000002,1.9000000000000001,0.7000000000000001,8.0,11.5,12.100000000000001,-11.1,16
8790,147113.0,0.30000000000000004,-0.6000000000000001,-1.7000000000000002,1.5,0.8,8.0,1.0999999999999999,6.7,-10.2,16
8791,147130.0,-0.2,-0.5,-1.5,1.1,0.9,8.3,-8.4,-1.4,-5.8,16
8792,147148.0,-0.5,-0.4,-1.3,0.9,0.9,8.4,-13.700000000000001,-6.6000000000000005,0.1,16
8793,147163.0,-0.5,-0.4,-1.1,1.0,0.8,8.700000000000001,-12.6,-8.1,4.6000000000000005,16
8794,147180.0,-0.30000000000000004,-0.5,-0.8,1.2000000000000002,0.7000000000000001,8.8,-7.300000000000001,-6.3,5.1,16
8795,147196.0,-0.2,-0.5,-0.8,1.2000000000000002,0.7000000000000001,8.8,-7.300000000000001,-6.3,5.1,16
8796,147213.0,-0.4,-0.4,-0.8,0.9,0.8,8.9,8.3,-0.30000000000000004,2.1999999999999997,16
8797,147230.0,-0.6000000000000001,-0.30000000000000004,-0.9,0.8,0.9,8.700000000000001,11.4,1.0,2.1999999999999997,16
8798,147247.0,-0.6000000000000001,-0.30000000000000004,-1.0,0.8,1.0,8.6,11.000000000000002,3.0000000000000004,3.0000000000000004,16
8799,147264.0,-0.8,-0.1,-1.2000000000000002,0.7000000000000001,1.1,8.4,9.600000000000001,6.1000000000000005,4.5,16
8800,147280.0,-0.8,-0.1,-1.2000000000000002,0.6000000000000001,1.2000000000000002,8.4,5.7,8.9,6.1000000000000005,16
8801,147296.0,-0.7000000000000001,0.0,-1.2000000000000002,0.6000000000000001,1.3,8.5,1.0999999999999999,11.3,7.1000000000000005,16
8802,147313.0,-0.8,0.1,-1.0,0.4,1.5,8.700000000000001,-1.0,13.5,8.799999999999999,16
8803,147329.0,-0.9,0.30000000000000004,-0.7000000000000001,0.4,1.6,9.0,-0.5,14.700000000000001,11.000000000000002,16
8804,147347.0,-0.8,0.4,-0.4,0.5,1.7000000000000002,9.200000000000001,1.0999999999999999,14.4,12.000000000000002,16
8805,147367.0,-0.6000000000000001,0.5,-0.4,0.5,1.8,9.200000000000001,3.9,15.399999999999999,11.000000000000002,16
8806,147386.0,-0.6000000000000001,0.7000000000000001,-0.30000000000000004,0.5,2.0,9.3,7.8,17.9,9.600000000000001,16
8807,147396.0,-0.6000000000000001,0.8,-0.2,0.5,2.1,9.4,9.600000000000001,19.6,8.200000000000001,16
8808,147413.0,-0.7000000000000001,0.9,0.0,0.30000000000000004,2.3000000000000003,9.600000000000001,9.4,19.200000000000003,7.6,16
8809,147430.0,-0.7000000000000001,1.0,0.1,0.30000000000000004,2.4000000000000004,9.700000000000001,9.3,18.5,8.799999999999999,16
8810,147446.0,-0.6000000000000001,1.0,0.1,0.30000000000000004,2.4000000000000004,9.700000000000001,9.3,18.5,8.799999999999999,16
8811,147463.0,-0.1,1.1,0.30000000000000004,0.7000000000000001,2.5,9.9,10.700000000000001,17.200000000000003,9.3,16
8812,147487.0,0.5,0.8,0.5,1.2000000000000002,2.4000000000000004,10.100000000000001,9.9,15.399999999999999,5.500000000000001,16
8813,147496.0,0.7000000000000001,0.8,0.7000000000000001,1.6,2.3000000000000003,10.4,7.0,12.100000000000001,-1.2000000000000002,16
8814,147513.0,0.8,0.8,0.9,1.6,2.3000000000000003,10.4,7.0,12.100000000000001,-1.2000000000000002,16
8815,147530.0,0.8,0.9,1.1,1.4000000000000001,2.5,10.700000000000001,3.1,9.8,-8.799999999999999,16
8816,147546.0,0.5,0.9,0.9,1.1,2.4000000000000004,10.600000000000001,2.9,13.6,-8.5,16
8817,147563.0,0.1,0.8,1.5,0.7000000000000001,2.4000000000000004,11.200000000000001,-0.1,10.3,-7.6,16
8818,147586.0,0.1,0.5,2.0,0.7000000000000001,2.1,11.700000000000001,-8.5,2.1,-6.4,16
8819,147596.0,0.30000000000000004,0.30000000000000004,2.3000000000000003,1.1,1.7000000000000002,12.200000000000001,-15.399999999999999,-9.5,-6.1000000000000005,16
8820,147613.0,0.8,-0.2,2.9000000000000004,1.6,1.2000000000000002,12.600000000000001,-20.1,-16.2,-6.5,16
8821,147629.0,0.9,-0.6000000000000001,2.8000000000000003,2.2,0.9,12.600000000000001,-18.7,-17.1,-5.2,16
8822,147646.0,1.6,-0.7000000000000001,2.5,2.4000000000000004,0.7000000000000001,11.9,-1.0,-2.0,-5.7,16
8823,147664.0,1.5,-0.7000000000000001,1.4000000000000001,2.3000000000000003,0.7000000000000001,11.100000000000001,20.7,17.200000000000003,-4.3999999999999995,16
8824,147687.0,1.3,-0.9,0.8,2.0,0.7000000000000001,10.600000000000001,37.2,26.400000000000002,-7.9,16
8825,147696.0,1.3,-0.9,0.8,1.4000000000000001,1.0,10.0,45.800000000000004,27.8,-10.8,16
8826,147715.0,0.6000000000000001,-0.6000000000000001,0.1,1.4000000000000001,1.0,10.0,45.800000000000004,27.8,-10.8,16
8827,147729.0,-0.2,-0.5,-1.5,0.30000000000000004,1.4000000000000001,8.200000000000001,45.3,29.1,-8.0,16
8828,147746.0,-0.30000000000000004,-0.5,-1.7000000000000002,0.1,1.5,7.9,36.1,23.700000000000003,-2.8,16
8829,147763.0,-0.2,-0.6000000000000001,-1.7000000000000002,0.2,1.5,7.9,23.900000000000002,18.0,1.7,16
8830,147785.0,0.1,-0.7000000000000001,-1.6,0.4,1.5,8.0,10.5,8.9,4.3999999999999995,16
8831,147796.0,0.2,-0.7000000000000001,-1.3,0.6000000000000001,1.4000000000000001,8.5,-4.5,-6.7,5.2,16
8832,147813.0,0.7000000000000001,-0.7000000000000001,-0.7000000000000001,1.1,1.4000000000000001,9.0,-16.6,-19.500000000000004,6.1000000000000005,16
8833,147829.0,1.2000000000000002,-0.7000000000000001,-0.30000000000000004,1.7000000000000002,1.3,9.4,-19.700000000000003,-24.5,6.4,16
8834,147846.0,1.4000000000000001,-0.8,-0.30000000000000004,2.0,1.2000000000000002,9.3,-13.3,-20.5,5.300000000000001,16
8835,147863.0,1.4000000000000001,-0.7000000000000001,-0.5,2.0,1.3,9.0,-1.9,-12.8,3.6,16
8836,147885.0,1.1,-0.5,-1.0,1.7000000000000002,1.5,8.700000000000001,7.6,-4.3999999999999995,1.0999999999999999,16
8837,147896.0,0.8,-0.4,-1.1,1.2000000000000002,1.7000000000000002,8.4,11.1,-0.6000000000000001,-0.5,16
8838,147915.0,0.2,-0.2,-1.5,0.7000000000000001,1.8,8.0,12.000000000000002,-2.3000000000000003,-0.4,16
8839,147931.0,-0.30000000000000004,-0.2,-1.2000000000000002,0.4,1.9000000000000001,8.3,14.4,-8.700000000000001,0.4,16
8840,147946.0,-0.4,0.0,-1.6,0.2,2.1,7.7,19.9,-8.200000000000001,0.9,16
8841,147963.0,-0.6000000000000001,0.1,-1.9000000000000001,0.0,2.3000000000000003,7.6000000000000005,20.1,-10.2,0.0,16
8842,147989.0,-1.0,0.30000000000000004,-2.1,-0.2,2.7,7.4,4.0,-17.0,-4.0,16
8843,147998.0,-0.9,0.4,-2.0,-0.2,2.7,7.4,4.0,-17.0,-4.0,16
8844,148013.0,-1.3,0.2,-1.8,-0.4,2.5,7.7,-4.2,-17.8,-5.4,16
8845,148029.0,-1.2000000000000002,0.30000000000000004,-1.3,-0.4,2.6,8.200000000000001,-10.1,-13.4,-6.5,16
8846,148046.0,-1.4000000000000001,0.4,-1.0,-0.6000000000000001,2.6,8.5,-13.3,-9.600000000000001,-7.1000000000000005,16
8847,148065.0,-1.6,0.4,-0.6000000000000001,-0.8,2.6,8.9,-15.100000000000001,-7.400000000000001,-7.400000000000001,16
8848,148081.0,-1.7000000000000002,0.30000000000000004,-0.1,-0.8,2.4000000000000004,9.4,-15.6,-5.7,-8.3,16
8849,148102.0,-1.6,0.2,0.5,-0.8,2.3000000000000003,9.9,-13.700000000000001,-5.2,-10.2,16
8850,148114.0,-1.5,0.2,0.8,-0.7000000000000001,2.3000000000000003,10.4,-11.000000000000002,-4.300000000000001,-10.8,16
8851,148129.0,-1.3,0.1,1.4000000000000001,-0.5,2.1,10.9,-8.5,-5.0,-10.0,16
8852,148146.0,-1.2000000000000002,0.1,1.5,-0.30000000000000004,2.0,10.9,-4.5,-3.6,-8.4,16
8853,148164.0,-1.1,-0.1,1.5,-0.2,1.9000000000000001,11.0,-1.4,-4.6000000000000005,-6.2,16
8854,148179.0,-0.9,-0.2,1.4000000000000001,-0.1,1.8,11.0,0.6000000000000001,-3.6,-4.9,16
8855,148197.0,-0.9,-0.2,1.6,0.0,1.9000000000000001,11.100000000000001,2.4000000000000004,-0.8,-3.3000000000000003,16
8856,148213.0,-1.0,0.0,1.7000000000000002,-0.2,2.1,11.3,2.0,1.7,-0.7,16
8857,148229.0,-0.9,0.1,2.2,-0.1,2.1,11.9,-4.7,-2.1999999999999997,1.5000000000000002,16
8858,148246.0,-0.30000000000000004,0.2,3.0,0.5,2.2,12.600000000000001,-16.3,-14.100000000000001,2.8,16
8859,148265.0,0.4,0.1,3.2,1.2000000000000002,2.0,12.8,-29.200000000000003,-22.000000000000004,4.1000000000000005,16
8860,148286.0,1.1,0.1,3.3000000000000003,1.9000000000000001,2.0,13.0,-29.700000000000003,-17.400000000000002,6.000000000000001,16
8861,148300.0,1.1,0.1,3.0,2.1,1.9000000000000001,12.700000000000001,-16.900000000000002,-5.1,6.6000000000000005,16
8862,148314.0,1.3,0.1,2.5,2.3000000000000003,1.9000000000000001,11.8,1.7,9.600000000000001,7.400000000000001,16
8863,148329.0,1.4000000000000001,0.30000000000000004,1.3,2.3000000000000003,2.1,10.9,16.8,22.6,6.6000000000000005,16
8864,148346.0,1.7000000000000002,0.30000000000000004,0.8,2.6,2.1,10.4,24.5,24.5,2.7,16
8865,148363.0,1.8,0.30000000000000004,0.4,2.7,2.0,9.8,23.2,22.6,-4.2,16
8866,148382.0,2.3000000000000003,-0.2,-0.30000000000000004,3.2,1.7000000000000002,9.200000000000001,15.100000000000001,18.7,-10.9,16
8867,148398.0,2.7,-0.4,-0.8,3.4000000000000004,1.6,8.8,7.1000000000000005,17.400000000000002,-19.400000000000002,16
8868,148413.0,2.5,-0.4,-1.3,3.1,1.6,8.3,-1.4,16.700000000000003,-24.200000000000003,16
8869,148429.0,2.1,-0.4,-1.4000000000000001,2.7,1.6,8.200000000000001,-6.3,17.200000000000003,-23.8,16
8870,148446.0,1.9000000000000001,-0.4,-1.5,2.7,1.6,8.200000000000001,-6.3,17.200000000000003,-23.8,16
8871,148463.0,1.3,-0.4,-1.4000000000000001,2.0,1.5,8.3,-15.100000000000001,9.4,-18.3,16
8872,148483.0,1.2000000000000002,-0.4,-1.4000000000000001,1.7000000000000002,1.6,8.4,-18.400000000000002,1.3,-14.800000000000002,16
8873,148498.0,0.7000000000000001,-0.2,-1.1,1.3,1.6,8.6,-21.0,-8.200000000000001,-11.3,16
8874,148515.0,0.5,-0.1,-0.8,1.2000000000000002,1.7000000000000002,8.8,-21.3,-15.6,-7.400000000000001,16
8875,148530.0,0.4,0.0,-0.8,1.0,1.7000000000000002,8.9,-15.6,-19.400000000000002,-3.7000000000000006,16
8876,148546.0,0.30000000000000004,0.1,-0.9,1.0,1.8,8.700000000000001,-6.000000000000001,-18.0,-2.1,16
8877,148564.0,0.1,0.2,-1.3,0.9,1.9000000000000001,8.4,3.0000000000000004,-13.5,-3.5,16
8878,148584.0,-0.2,0.30000000000000004,-1.7000000000000002,0.7000000000000001,2.0,8.0,7.300000000000001,-10.4,-7.9,16
8879,148598.0,-0.4,0.30000000000000004,-1.8,0.4,2.1,7.800000000000001,7.1000000000000005,-8.200000000000001,-13.100000000000001,16
8880,148615.0,-0.9,0.5,-1.8,0.0,2.3000000000000003,7.800000000000001,3.9,-6.8,-16.6,16
8881,148630.0,-1.1,0.6000000000000001,-1.8,-0.30000000000000004,2.3000000000000003,7.800000000000001,-0.4,-7.2,-17.200000000000003,16
8882,148646.0,-1.2000000000000002,0.5,-1.8,-0.4,2.2,7.800000000000001,-5.9,-6.5,-17.200000000000003,16
8883,148664.0,-1.4000000000000001,0.4,-1.6,-0.6000000000000001,2.2,8.0,-11.8,-6.9,-16.900000000000002,16
8884,148680.0,-1.4000000000000001,0.30000000000000004,-1.4000000000000001,-0.5,2.0,8.4,-16.3,-8.1,-15.299999999999999,16
8885,148697.0,-1.3,0.30000000000000004,-1.1,-0.5,2.0,8.4,-16.3,-8.1,-15.299999999999999,16
8886,148718.0,-1.2000000000000002,0.1,-0.30000000000000004,-0.30000000000000004,1.7000000000000002,9.200000000000001,-17.1,-10.700000000000001,-10.3,16
8887,148729.0,-1.1,0.2,-0.1,-0.2,1.8,9.600000000000001,-13.200000000000001,-10.2,-5.9,16
8888,148746.0,-1.0,0.2,0.2,-0.2,1.8,9.8,-6.3,-6.7,-0.9,16
8889,148763.0,-1.1,0.30000000000000004,0.4,-0.30000000000000004,1.9000000000000001,9.9,2.6,-1.7,4.300000000000001,16
8890,148779.0,-1.2000000000000002,0.4,0.4,-0.4,2.1,9.9,10.9,2.8,9.0,16
8891,148797.0,-1.4000000000000001,0.5,0.4,-0.5,2.2,9.9,16.3,4.800000000000001,13.100000000000001,16
8892,148813.0,-1.3,0.7000000000000001,0.4,-0.4,2.4000000000000004,9.9,17.599999999999998,4.5,15.100000000000001,16
8893,148829.0,-1.2000000000000002,0.7000000000000001,0.4,-0.2,2.4000000000000004,10.0,15.2,3.4,14.800000000000002,16
8894,148846.0,-0.7000000000000001,0.7000000000000001,0.6000000000000001,0.30000000000000004,2.5,10.3,12.4,2.9,14.200000000000001,16
8895,148864.0,-0.1,0.7000000000000001,1.1,0.8,2.5,10.600000000000001,9.1,2.0,13.100000000000001,16
8896,148879.0,0.30000000000000004,0.6000000000000001,1.2000000000000002,1.4000000000000001,2.4000000000000004,10.700000000000001,6.3,2.1999999999999997,10.8,16
8897,148896.0,1.0,0.4,0.9,1.9000000000000001,2.2,10.4,5.7,8.0,6.9,16
8898,148915.0,1.1,0.30000000000000004,0.4,1.8,2.2,9.9,6.1000000000000005,20.5,2.7,16
8899,148930.0,0.30000000000000004,0.6000000000000001,-0.1,1.1,2.5,9.600000000000001,12.100000000000001,38.0,1.0999999999999999,16
8900,148946.0,-0.5,0.8,-0.30000000000000004,-0.2,2.8000000000000003,9.600000000000001,10.4,44.5,3.5,16
8901,148964.0,-1.3,1.1,1.4000000000000001,-0.8,3.0,11.0,1.6,29.500000000000004,7.8,16
8902,148988.0,-0.9,1.0,1.6,-0.5,3.0,11.200000000000001,-12.5,11.5,12.5,16
8903,148996.0,-0.9,1.0,1.6,-0.5,3.0,11.200000000000001,-13.200000000000001,4.3999999999999995,14.200000000000001,16
8904,149013.0,-0.30000000000000004,0.5,1.4000000000000001,0.1,2.3000000000000003,11.100000000000001,-6.5,5.9,12.8,16
8905,149030.0,-0.30000000000000004,0.4,2.0,0.1,2.3000000000000003,11.600000000000001,-0.7,3.6,12.100000000000001,16
8906,149046.0,0.0,0.4,2.3000000000000003,0.9,2.1,11.9,-1.8,-7.300000000000001,13.3,16
8907,149063.0,1.3,-0.2,1.9000000000000001,1.9000000000000001,1.6,11.5,-6.1000000000000005,-17.200000000000003,12.200000000000001,16
8908,149079.0,1.8,-0.5,1.2000000000000002,2.4000000000000004,1.4000000000000001,10.9,-5.500000000000001,-12.8,9.4,16
8909,149096.0,1.9000000000000001,-0.6000000000000001,1.2000000000000002,2.5,1.2000000000000002,10.9,-0.9,-5.1,8.700000000000001,16
8910,149113.0,2.0,-0.7000000000000001,1.1,2.6,1.1,10.700000000000001,6.2,2.7,10.9,16
8911,149129.0,2.0,-0.9,0.4,2.6,0.9,10.100000000000001,16.900000000000002,12.700000000000001,13.200000000000001,16
8912,149146.0,2.0,-1.0,0.1,2.5,0.9,9.600000000000001,26.6,21.1,11.700000000000001,16
8913,149163.0,1.8,-1.1,-0.5,2.2,0.9,9.1,30.200000000000003,21.8,7.400000000000001,16
8914,149179.0,1.5,-1.0,-1.1,2.0,1.0,8.6,27.5,18.3,3.1,16
8915,149196.0,1.4000000000000001,-1.0,-1.3,1.7000000000000002,1.1,8.200000000000001,20.4,13.0,-0.4,16
8916,149214.0,1.2000000000000002,-1.0,-1.6,1.6,1.1,8.0,11.3,6.5,-3.2,16
8917,149229.0,1.1,-1.0,-1.7000000000000002,1.5,1.2000000000000002,7.9,1.3,-0.2,-5.2,16
8918,149246.0,1.0,-1.0,-1.8,1.4000000000000001,1.2000000000000002,7.7,-6.000000000000001,-4.800000000000001,-5.8,16
8919,149263.0,0.8,-1.0,-2.0,1.3,1.1,7.5,-9.0,-6.4,-5.9,16
8920,149280.0,0.6000000000000001,-0.9,-2.2,1.0,1.1,7.300000000000001,-9.5,-5.2,-6.3,16
8921,149299.0,0.0,-0.7000000000000001,-2.3000000000000003,0.5,1.3,7.300000000000001,-9.5,-5.9,-6.7,16
8922,149313.0,-0.4,-0.6000000000000001,-2.2,0.0,1.5,7.300000000000001,-9.3,-10.700000000000001,-5.6,16
8923,149329.0,-0.8,-0.30000000000000004,-2.1,-0.30000000000000004,1.7000000000000002,7.5,-9.9,-15.9,-3.3000000000000003,16
8924,149347.0,-0.9,-0.30000000000000004,-1.9000000000000001,-0.30000000000000004,1.7000000000000002,7.800000000000001,-11.1,-23.400000000000002,-1.3,16
8925,149363.0,-0.8,-0.2,-1.5,0.0,1.7000000000000002,8.1,-12.6,-31.7,-1.6,16
8926,149380.0,-0.5,-0.2,-1.2000000000000002,0.30000000000000004,1.7000000000000002,8.4,-13.700000000000001,-37.6,-3.8,16
8927,149397.0,-0.4,-0.2,-0.9,0.6000000000000001,1.7000000000000002,8.8,-14.800000000000002,-40.3,-7.1000000000000005,16
8928,149413.0,-0.2,-0.2,-0.5,0.8,1.7000000000000002,9.1,-15.7,-39.50000000000001,-11.5,16
8929,149429.0,-0.2,0.0,-0.2,0.8,1.8,9.3,-16.2,-35.6,-15.2,16
8930,149446.0,-0.4,0.1,-0.1,0.6000000000000001,1.9000000000000001,9.600000000000001,-17.400000000000002,-29.200000000000003,-17.200000000000003,16
8931,149464.0,-0.7000000000000001,0.30000000000000004,0.2,0.4,1.9000000000000001,9.700000000000001,-18.400000000000002,-22.7,-17.3,16
8932,149481.0,-1.0,0.30000000000000004,0.4,0.2,1.9000000000000001,10.0,-18.8,-14.600000000000001,-16.900000000000002,16
8933,149497.0,-1.3,0.2,0.7000000000000001,0.0,1.8,10.200000000000001,-16.400000000000002,-7.500000000000001,-16.5,16
8934,149513.0,-1.3,0.2,0.8,-0.2,1.7000000000000002,10.5,-10.9,-1.2000000000000002,-16.700000000000003,16
8935,149529.0,-1.5,0.1,1.2000000000000002,-0.4,1.7000000000000002,10.8,-4.300000000000001,0.4,-16.6,16
8936,149546.0,-1.6,0.2,1.5,-0.4,1.7000000000000002,11.0,2.0,-1.4,-15.000000000000002,16
8937,149563.0,-1.5,0.2,1.5,-0.2,1.7000000000000002,11.0,6.9,-4.6000000000000005,-13.5,16
8938,149580.0,-1.1,0.1,1.5,0.1,1.7000000000000002,11.0,9.0,-6.3,-13.200000000000001,16
8939,149596.0,-1.0,0.0,1.4000000000000001,0.2,1.7000000000000002,10.9,9.0,-6.3,-13.200000000000001,16
8940,149613.0,-1.0,0.1,1.3,0.1,1.8,10.9,8.799999999999999,-2.9,-10.1,16
8941,149630.0,-1.1,0.2,1.4000000000000001,0.0,1.9000000000000001,11.0,10.1,1.4,-6.000000000000001,16
8942,149646.0,-1.1,0.2,1.6,0.0,1.9000000000000001,11.200000000000001,13.3,4.2,-2.5,16
8943,149663.0,-1.0,0.1,2.0,0.30000000000000004,1.9000000000000001,11.9,10.1,-2.7,-3.9,16
8944,149680.0,-0.30000000000000004,0.2,2.7,1.0,2.0,12.100000000000001,-0.1,-17.0,-6.3,16
8945,149696.0,0.0,0.2,2.3000000000000003,1.0,2.0,12.100000000000001,-0.1,-17.0,-6.3,16
8946,149713.0,0.4,0.2,1.5,1.7000000000000002,2.0,10.8,-4.0,-4.0,-1.5000000000000002,16
8947,149729.0,0.4,0.30000000000000004,1.1,1.6,2.1,10.700000000000001,3.3000000000000003,17.1,4.9,16
8948,149746.0,0.30000000000000004,0.5,1.1,1.5,2.3000000000000003,10.700000000000001,10.700000000000001,31.0,11.5,16
8949,149763.0,0.4,0.6000000000000001,1.1,1.7000000000000002,2.4000000000000004,10.8,17.400000000000002,35.4,14.4,16
8950,149779.0,0.9,0.4,1.1,2.1,2.3000000000000003,10.8,21.3,31.4,9.1,16
8951,149796.0,1.6,0.1,1.1,2.6,2.1,10.700000000000001,17.400000000000002,17.5,-3.8,16
8952,149813.0,1.9000000000000001,0.0,0.8,2.8000000000000003,2.0,10.0,6.9,8.9,-18.6,16
8953,149829.0,1.5,0.0,-0.1,2.2,2.0,9.4,1.0,7.0,-25.1,16
8954,149847.0,1.1,-0.1,-0.6000000000000001,2.0,1.9000000000000001,9.1,-2.0,7.1000000000000005,-24.3,16
8955,149864.0,1.2000000000000002,-0.2,-0.5,2.1,1.8,9.1,-6.000000000000001,7.6,-19.9,16
8956,149879.0,1.4000000000000001,-0.30000000000000004,-0.6000000000000001,2.4000000000000004,1.7000000000000002,9.1,-8.200000000000001,4.800000000000001,-15.000000000000002,16
8957,149896.0,1.9000000000000001,-0.4,-0.6000000000000001,2.8000000000000003,1.5,9.1,-7.9,3.2,-12.8,16
8958,149913.0,2.0,-0.4,-0.6000000000000001,2.8000000000000003,1.5,9.0,-5.9,0.7,-13.3,16
8959,149930.0,1.9000000000000001,-0.4,-0.7000000000000001,2.6,1.6,8.8,-1.3,-0.2,-13.700000000000001,16
8960,149946.0,1.5,-0.30000000000000004,-1.0,2.2,1.7000000000000002,8.6,4.0,-0.7,-12.8,16
8961,149964.0,1.1,-0.2,-1.2000000000000002,1.9000000000000001,1.8,8.5,6.9,-2.5,-11.6,16
8962,149991.0,0.7000000000000001,0.0,-1.3,1.6,1.9000000000000001,8.4,5.6,-8.3,-10.600000000000001,16
8963,149998.0,0.6000000000000001,0.0,-1.4000000000000001,1.4000000000000001,2.0,8.200000000000001,2.4000000000000004,-14.3,-9.8,16
8964,150013.0,0.30000000000000004,0.0,-1.4000000000000001,1.2000000000000002,2.0,8.200000000000001,-2.4000000000000004,-18.400000000000002,-10.0,16
8965,150029.0,0.2,0.1,-1.4000000000000001,1.1,2.1,8.200000000000001,-6.1000000000000005,-19.3,-10.600000000000001,16
8966,150046.0,-0.1,0.1,-1.4000000000000001,0.8,2.1,8.200000000000001,-6.000000000000001,-16.1,-10.700000000000001,16
8967,150063.0,-0.6000000000000001,0.2,-1.3,0.4,2.2,8.200000000000001,-3.8,-11.8,-9.5,16
8968,150079.0,-0.8,0.30000000000000004,-1.3,0.1,2.2,8.200000000000001,-2.3000000000000003,-9.9,-7.8,16
8969,150096.0,-1.2000000000000002,0.30000000000000004,-1.4000000000000001,-0.2,2.3000000000000003,8.1,-1.5000000000000002,-9.1,-6.000000000000001,16
8970,150114.0,-1.4000000000000001,0.30000000000000004,-1.5,-0.30000000000000004,2.3000000000000003,8.0,-2.4000000000000004,-8.600000000000001,-4.7,16
8971,150130.0,-1.6,0.4,-1.4000000000000001,-0.6000000000000001,2.3000000000000003,8.1,-4.800000000000001,-9.1,-2.8,16
8972,150146.0,-1.7000000000000002,0.4,-1.4000000000000001,-0.5,2.3000000000000003,8.200000000000001,-5.9,-7.1000000000000005,-0.30000000000000004,16
8973,150162.0,-1.7000000000000002,0.4,-1.0,-0.5,2.3000000000000003,8.5,-6.1000000000000005,-6.1000000000000005,1.3,16
8974,150179.0,-1.6,0.4,-0.9,-0.5,2.3000000000000003,8.700000000000001,-5.2,-6.2,3.1,16
8975,150196.0,-1.6,0.5,-0.8,-0.4,2.4000000000000004,8.9,-5.1,-7.0,4.800000000000001,16
8976,150213.0,-1.5,0.5,-0.5,-0.30000000000000004,2.4000000000000004,9.0,-5.4,-8.4,6.4,16
8977,150229.0,-1.3,0.6000000000000001,-0.30000000000000004,-0.2,2.4000000000000004,9.1,-5.1,-6.7,7.9,16
8978,150246.0,-1.3,0.6000000000000001,-0.2,-0.2,2.5,9.4,-4.6000000000000005,-2.4000000000000004,9.200000000000001,16
8979,150264.0,-1.3,0.8,0.2,-0.1,2.6,9.8,-3.2,0.1,11.5,16
8980,150280.0,-1.2000000000000002,0.8,0.4,0.1,2.6,10.0,-2.1999999999999997,1.7,13.8,16
8981,150306.0,-0.8,0.8,0.7000000000000001,0.5,2.5,10.3,-2.9,1.7,13.4,16
8982,150313.0,-0.8,0.8,0.7000000000000001,0.5,2.5,10.3,-2.9,1.7,13.4,16
8983,150329.0,-0.2,0.7000000000000001,1.0,1.0,2.4000000000000004,10.700000000000001,-7.6,2.8,8.700000000000001,16
8984,150346.0,0.0,0.6000000000000001,1.3,1.3,2.3000000000000003,10.8,-9.700000000000001,4.3999999999999995,8.1,16
8985,150363.0,0.30000000000000004,0.5,1.3,1.5,2.2,10.8,-8.4,12.9,8.9,16
8986,150379.0,0.2,0.4,1.1,1.3,2.1,10.700000000000001,-1.2000000000000002,23.6,10.0,16
8987,150396.0,0.2,0.4,1.1,1.3,2.1,10.9,6.4,28.0,10.3,16
8988,150416.0,0.4,0.30000000000000004,1.8,1.4000000000000001,2.0,11.4,4.0,22.5,8.200000000000001,16
8989,150430.0,0.9,0.2,1.5,1.8,2.0,11.100000000000001,-2.7,10.600000000000001,5.2,16
8990,150446.0,1.0,0.1,1.4000000000000001,2.0,1.8,11.0,-9.700000000000001,5.300000000000001,2.6,16
8991,150463.0,1.1,0.0,1.2000000000000002,1.9000000000000001,1.7000000000000002,10.8,-13.8,5.500000000000001,3.2,16
8992,150480.0,0.6000000000000001,0.1,1.1,1.5,1.8,10.8,-11.5,9.600000000000001,7.8,16
8993,150496.0,0.4,0.30000000000000004,1.3,1.3,2.0,11.100000000000001,-3.7000000000000006,12.3,16.2,16
8994,150513.0,0.5,0.4,1.6,1.5,2.0,11.3,4.800000000000001,9.600000000000001,21.900000000000002,16
8995,150529.0,1.1,0.30000000000000004,1.4000000000000001,2.0,1.9000000000000001,11.100000000000001,13.100000000000001,3.7000000000000006,21.6,16
8996,150557.0,1.7000000000000002,0.0,0.7000000000000001,2.5,1.7000000000000002,10.5,19.200000000000003,-0.30000000000000004,16.400000000000002,16
8997,150563.0,1.8,-0.2,0.2,2.6,1.5,9.600000000000001,23.8,1.6,8.4,16
8998,150585.0,1.4000000000000001,-0.4,-0.7000000000000001,2.2,1.4000000000000001,8.9,26.8,8.4,0.5,16
8999,150600.0,0.6000000000000001,-0.6000000000000001,-0.9,1.5,1.4000000000000001,8.8,23.0,10.4,-3.5,16
9000,150613.0,0.30000000000000004,-0.6000000000000001,-0.9,1.1,1.3,8.8,14.600000000000001,4.7,-3.4,16
9001,150629.0,0.30000000000000004,-0.9,-0.8,1.1,1.1,8.9,4.800000000000001,-1.2000000000000002,-1.6,16
9002,150646.0,0.6000000000000001,-1.2000000000000002,-0.6000000000000001,1.5,0.8,9.0,-1.5000000000000002,-6.6000000000000005,-1.2000000000000002,16
9003,150663.0,0.9,-1.3,-0.5,1.8,0.6000000000000001,9.200000000000001,-2.8,-8.200000000000001,-3.6,16
9004,150684.0,1.1,-1.4000000000000001,-0.30000000000000004,2.0,0.5,9.3,-2.0,-8.200000000000001,-7.1000000000000005,16
9005,150696.0,1.1,-1.4000000000000001,-0.4,1.9000000000000001,0.5,9.0,-2.1,-8.200000000000001,-10.1,16
9006,150713.0,0.8,-1.3,-0.9,1.6,0.6000000000000001,8.5,-4.3999999999999995,-6.1000000000000005,-10.700000000000001,16
9007,150729.0,0.2,-1.2000000000000002,-1.5,1.1,0.7000000000000001,8.0,-6.7,-1.2000000000000002,-8.3,16
9008,150746.0,-0.4,-1.0,-1.9000000000000001,0.5,0.8,7.6000000000000005,-8.1,6.2,-4.300000000000001,16
9009,150763.0,-0.7000000000000001,-1.0,-2.0,0.1,0.9,7.6000000000000005,-8.799999999999999,8.3,-0.8,16
9010,150783.0,-1.0,-0.9,-1.9000000000000001,-0.1,0.9,7.7,-8.4,7.1000000000000005,2.1999999999999997,16
9011,150796.0,-1.1,-0.8,-1.7000000000000002,-0.2,1.0,7.800000000000001,-6.5,1.7,5.0,16
9012,150813.0,-1.0,-0.8,-1.6,-0.1,0.9,8.1,-5.4,-4.3999999999999995,5.8,16
9013,150830.0,-0.9,-0.8,-1.3,0.1,0.9,8.200000000000001,-6.7,-14.200000000000001,3.8,16
9014,150846.0,-0.6000000000000001,-0.8,-1.3,0.30000000000000004,0.9,8.200000000000001,-10.4,-21.8,-0.5,16
9015,150865.0,-0.5,-0.6000000000000001,-1.1,0.5,1.1,8.4,-14.800000000000002,-24.1,-3.9,16
9016,150885.0,-0.5,-0.4,-0.8,0.6000000000000001,1.2000000000000002,8.6,-19.400000000000002,-22.7,-5.7,16
9017,150896.0,-0.5,-0.4,-0.8,0.6000000000000001,1.2000000000000002,8.6,-19.400000000000002,-22.7,-5.7,16
9018,150913.0,-0.5,-0.2,-0.4,0.6000000000000001,1.3,9.3,-22.2,-12.200000000000001,-6.7,16
9019,150930.0,-0.6000000000000001,-0.2,0.1,0.6000000000000001,1.3,9.700000000000001,-20.3,-6.8,-7.8,16
9020,150948.0,-0.7000000000000001,-0.1,0.4,0.4,1.3,10.0,-17.400000000000002,-2.9,-10.0,16
9021,150963.0,-0.8,-0.1,0.7000000000000001,0.30000000000000004,1.3,10.4,-15.000000000000002,-1.3,-12.9,16
9022,150987.0,-1.2000000000000002,0.0,1.1,0.0,1.3,10.600000000000001,-13.700000000000001,-1.7,-15.2,16
9023,150996.0,-1.4000000000000001,0.1,1.1,-0.30000000000000004,1.3,10.700000000000001,-12.200000000000001,-1.9,-15.000000000000002,16
9024,151014.0,-1.5,0.1,1.1,-0.5,1.3,10.700000000000001,-9.700000000000001,0.4,-12.3,16
9025,151029.0,-1.8,0.1,1.2000000000000002,-0.7000000000000001,1.3,10.8,-5.8,3.0000000000000004,-8.799999999999999,16
9026,151046.0,-1.7000000000000002,0.1,1.2000000000000002,-0.7000000000000001,1.3,10.8,-2.0,5.0,-5.7,16
9027,151068.0,-1.8,0.0,1.1,-0.7000000000000001,1.2000000000000002,10.700000000000001,2.0,6.6000000000000005,-3.1,16
9028,151088.0,-1.9000000000000001,0.0,1.1,-0.8,1.2000000000000002,10.700000000000001,5.9,7.6,0.0,16
9029,151096.0,-1.9000000000000001,0.0,1.2000000000000002,-1.0,1.3,10.8,8.4,6.6000000000000005,3.3000000000000003,16
9030,151114.0,-1.9000000000000001,0.1,1.2000000000000002,-0.8,1.4000000000000001,10.9,10.4,4.5,6.7,16
9031,151129.0,-1.5,0.1,1.2000000000000002,-0.5,1.4000000000000001,10.9,12.4,5.6,7.6,16
9032,151146.0,-1.1,0.0,1.3,-0.2,1.4000000000000001,11.100000000000001,13.0,6.3,5.1,16
9033,151163.0,-0.9,0.0,1.8,0.0,1.4000000000000001,11.5,6.4,-1.0999999999999999,1.7,16
9034,151184.0,-0.7000000000000001,0.2,1.4000000000000001,0.2,1.5,11.200000000000001,-3.0000000000000004,-4.6000000000000005,2.9,16
9035,151197.0,-0.7000000000000001,0.2,1.4000000000000001,0.2,1.5,11.200000000000001,-3.0000000000000004,-4.6000000000000005,2.9,16
9036,151213.0,-0.6000000000000001,0.0,1.2000000000000002,0.30000000000000004,1.3,11.0,-7.500000000000001,8.0,11.4,16
9037,151230.0,-0.5,-0.1,1.3,0.4,1.3,11.100000000000001,-2.6,15.399999999999999,15.9,16
9038,151246.0,-0.4,0.0,1.4000000000000001,0.4,1.3,11.200000000000001,5.6,20.7,19.1,16
9039,151263.0,-0.1,-0.2,1.5,0.7000000000000001,1.2000000000000002,11.3,11.2,17.400000000000002,18.900000000000002,16
9040,151281.0,0.1,-0.2,1.4000000000000001,1.0,1.1,11.3,12.200000000000001,7.1000000000000005,16.1,16
9041,151296.0,0.5,-0.2,1.1,1.3,1.2000000000000002,10.9,11.4,-0.5,14.4,16
9042,151313.0,1.1,-0.2,0.6000000000000001,1.9000000000000001,1.2000000000000002,10.5,10.2,-3.1,14.700000000000001,16
9043,151330.0,1.5,-0.30000000000000004,0.4,2.4000000000000004,1.1,10.200000000000001,7.9,0.5,15.399999999999999,16
9044,151346.0,1.9000000000000001,-0.5,0.1,2.8000000000000003,1.0,10.0,5.500000000000001,4.5,16.2,16
9045,151363.0,2.1,-0.4,-0.1,2.8000000000000003,1.0,9.700000000000001,5.6,11.000000000000002,18.400000000000002,16
9046,151384.0,1.9000000000000001,-0.4,-0.4,2.7,1.0,9.5,8.1,15.299999999999999,21.1,16
9047,151396.0,1.8,-0.4,-0.7000000000000001,2.5,1.1,9.1,11.3,17.3,22.8,16
9048,151416.0,1.6,-0.30000000000000004,-1.2000000000000002,2.2,1.2000000000000002,8.6,13.9,17.8,23.3,16
9049,151429.0,1.4000000000000001,-0.30000000000000004,-1.4000000000000001,1.9000000000000001,1.3,8.3,14.3,14.900000000000002,22.5,16
9050,151446.0,1.2000000000000002,-0.30000000000000004,-1.6,1.9000000000000001,1.3,8.3,14.3,14.900000000000002,22.5,16
9051,151463.0,0.6000000000000001,-0.1,-1.7000000000000002,1.3,1.5,8.200000000000001,6.000000000000001,0.30000000000000004,18.8,16
9052,151484.0,0.4,-0.1,-1.6,1.2000000000000002,1.5,8.200000000000001,-0.8,-9.0,16.6,16
9053,151497.0,0.4,-0.1,-1.7000000000000002,1.1,1.5,8.1,-6.4,-13.8,14.100000000000001,16
9054,151516.0,0.30000000000000004,-0.1,-1.7000000000000002,1.0,1.4000000000000001,8.1,-9.3,-13.8,11.1,16
9055,151529.0,0.1,-0.1,-1.7000000000000002,0.7000000000000001,1.5,8.1,-8.4,-8.1,9.3,16
9056,151546.0,-0.5,0.0,-1.5,0.2,1.5,8.3,-6.000000000000001,-3.0000000000000004,10.0,16
9057,151565.0,-0.9,0.0,-1.3,-0.1,1.5,8.4,-4.300000000000001,-2.5,11.4,16
9058,151585.0,-1.0,0.0,-1.4000000000000001,-0.2,1.5,8.3,-2.5,-3.4,12.200000000000001,16
9059,151596.0,-1.0,0.0,-1.3,-0.2,1.4000000000000001,8.5,-1.0,-2.6,12.200000000000001,16
9060,151613.0,-1.1,0.0,-1.1,-0.30000000000000004,1.5,8.6,1.4,-4.2,13.0,16
9061,151629.0,-1.1,0.0,-1.0,-0.2,1.5,8.700000000000001,2.1999999999999997,-6.7,14.800000000000002,16
9062,151646.0,-1.0,0.0,-0.8,0.0,1.5,9.0,0.0,-12.9,18.1,16
9063,151664.0,-0.6000000000000001,0.0,-0.6000000000000001,0.4,1.5,9.200000000000001,-2.5,-18.7,21.3,16
9064,151684.0,-0.2,0.1,-0.4,0.9,1.5,9.3,-2.1999999999999997,-17.200000000000003,23.400000000000002,16
9065,151697.0,-0.1,0.1,-0.30000000000000004,0.9,1.6,9.4,2.9,-11.3,25.400000000000002,16
9066,151714.0,-0.30000000000000004,0.30000000000000004,-0.2,0.8,1.8,9.5,10.600000000000001,-2.9,28.0,16
9067,151729.0,-0.4,0.5,-0.2,0.6000000000000001,2.0,9.4,10.600000000000001,-2.9,28.0,16
9068,151746.0,-0.5,0.7000000000000001,-0.30000000000000004,0.5,2.3000000000000003,9.4,19.9,6.3,28.6,16
9069,151764.0,-0.6000000000000001,0.9,-0.4,0.5,2.5,9.3,17.8,5.0,26.3,16
9070,151783.0,-0.5,0.8,-0.5,0.5,2.5,9.200000000000001,11.9,3.6,22.6,16
9071,151798.0,-0.6000000000000001,0.8,-0.5,0.5,2.4000000000000004,9.200000000000001,5.6,2.8,17.8,16
9072,151813.0,-0.6000000000000001,0.7000000000000001,-0.1,0.5,2.4000000000000004,9.700000000000001,-1.3,2.1999999999999997,14.500000000000002,16
9073,151830.0,-0.30000000000000004,0.7000000000000001,0.6000000000000001,0.9,2.3000000000000003,10.3,-10.1,-2.1999999999999997,13.4,16
9074,151847.0,0.2,0.6000000000000001,0.8,1.8,2.1,10.600000000000001,-17.3,-4.7,11.700000000000001,16
9075,151863.0,1.1,0.30000000000000004,1.0,2.3000000000000003,1.8,10.700000000000001,-20.2,0.5,7.400000000000001,16
9076,151880.0,0.9,0.4,1.0,1.9000000000000001,1.9000000000000001,10.700000000000001,-16.1,11.8,3.9,16
9077,151898.0,0.0,0.8,1.3,1.1,2.2,11.0,-6.8,24.000000000000004,4.6000000000000005,16
9078,151913.0,-0.2,0.9,1.9000000000000001,0.9,2.3000000000000003,12.0,-6.1000000000000005,19.6,6.5,16
9079,151931.0,0.5,0.8,2.4000000000000004,1.5,2.2,12.0,-12.200000000000001,5.6,5.8,16
9080,151946.0,1.1,0.6000000000000001,1.6,2.0,2.0,11.5,-16.3,1.8,1.2000000000000002,16
9081,151963.0,1.3,0.4,1.4000000000000001,2.3000000000000003,1.7000000000000002,11.3,-19.3,6.2,-4.6000000000000005,16
9082,151981.0,1.4000000000000001,0.30000000000000004,1.6,2.3000000000000003,1.5,11.4,-18.400000000000002,10.5,-7.8,16
9083,152003.0,1.4000000000000001,0.0,1.3,2.3000000000000003,1.3,11.100000000000001,-13.5,18.6,-8.3,16
9084,152013.0,1.4000000000000001,-0.1,1.2000000000000002,2.2,1.1,11.100000000000001,-9.0,21.200000000000003,-7.1000000000000005,16
9085,152029.0,1.3,-0.2,1.2000000000000002,2.1,1.0,11.100000000000001,-5.300000000000001,19.700000000000003,-4.5,16
9086,152046.0,1.4000000000000001,-0.30000000000000004,1.1,2.2,0.9,11.0,0.0,16.0,-0.7,16
9087,152064.0,1.6,-0.30000000000000004,1.0,2.5,0.8,10.8,5.1,11.2,1.5000000000000002,16
9088,152079.0,2.1,-0.5,0.4,2.8000000000000003,0.7000000000000001,10.100000000000001,9.200000000000001,9.200000000000001,0.9,16
9089,152096.0,2.1,-0.6000000000000001,-0.2,2.8000000000000003,0.7000000000000001,10.100000000000001,9.200000000000001,9.200000000000001,0.9,16
9090,152112.0,1.7000000000000002,-0.6000000000000001,-1.2000000000000002,2.0,0.8,8.5,19.6,25.8,-4.1000000000000005,16
9091,152129.0,0.9,-0.5,-1.7000000000000002,1.3,0.8,8.1,20.0,30.200000000000003,-5.0,16
9092,152146.0,0.4,-0.6000000000000001,-2.0,0.9,0.9,7.800000000000001,15.2,26.400000000000002,-5.500000000000001,16
9093,152163.0,0.30000000000000004,-0.6000000000000001,-2.1,0.8,0.8,7.800000000000001,6.7,18.900000000000002,-6.9,16
9094,152183.0,0.4,-0.7000000000000001,-2.0,0.8,0.7000000000000001,7.9,-3.7000000000000006,7.2,-10.0,16
9095,152196.0,0.4,-0.8,-1.9000000000000001,0.8,0.7000000000000001,7.9,-3.7000000000000006,7.2,-10.0,16
9096,152213.0,0.4,-0.8,-1.6,0.9,0.5,8.200000000000001,-19.500000000000004,-14.3,-14.4,16
9097,152229.0,0.5,-0.9,-1.6,0.9,0.4,8.3,-20.5,-16.2,-13.3,16
9098,152246.0,0.2,-0.7000000000000001,-1.3,0.6000000000000001,0.5,8.5,-17.8,-14.4,-10.4,16
9099,152264.0,-0.1,-0.5,-1.2000000000000002,0.4,0.6000000000000001,8.6,-11.1,-12.5,-5.300000000000001,16
9100,152281.0,-0.1,-0.5,-1.1,0.4,0.7000000000000001,8.6,-3.2,-11.000000000000002,-1.4,16
9101,152302.0,0.0,-0.4,-1.2000000000000002,0.5,0.8,8.6,2.1999999999999997,-11.1,-1.3,16
9102,152314.0,-0.2,-0.2,-1.3,0.5,1.0,8.5,4.800000000000001,-12.100000000000001,-3.7000000000000006,16
9103,152329.0,-0.2,-0.1,-1.3,0.4,1.2000000000000002,8.4,4.3999999999999995,-12.700000000000001,-5.9,16
9104,152346.0,-0.2,0.1,-1.2000000000000002,0.5,1.2000000000000002,8.6,-1.0,-17.0,-8.0,16
9105,152363.0,0.1,0.0,-1.0,0.8,1.2000000000000002,8.700000000000001,-10.8,-23.400000000000002,-11.1,16
9106,152384.0,0.30000000000000004,-0.1,-0.7000000000000001,1.1,1.0,8.9,-21.8,-28.3,-15.8,16
9107,152396.0,0.4,-0.2,-0.6000000000000001,1.3,0.9,9.200000000000001,-30.299999999999997,-29.800000000000004,-20.0,16
9108,152413.0,0.30000000000000004,-0.2,-0.30000000000000004,1.2000000000000002,0.8,9.600000000000001,-34.0,-25.3,-21.8,16
9109,152431.0,-0.1,-0.2,0.0,0.7000000000000001,0.7000000000000001,9.8,-28.700000000000003,-17.0,-21.3,16
9110,152446.0,-0.5,-0.1,0.2,0.7000000000000001,0.7000000000000001,9.8,-28.700000000000003,-17.0,-21.3,16
9111,152463.0,-1.4000000000000001,0.2,0.7000000000000001,-0.4,1.0,10.5,-3.4,1.0,-17.5,16
9112,152479.0,-1.5,0.2,0.9,-0.6000000000000001,1.0,10.600000000000001,2.5,-2.1,-19.9,16
9113,152496.0,-1.7000000000000002,0.30000000000000004,0.7000000000000001,-0.7000000000000001,1.1,10.3,4.7,-4.800000000000001,-22.3,16
9114,152513.0,-1.7000000000000002,0.30000000000000004,0.2,-0.7000000000000001,1.1,9.9,6.4,-3.2,-22.5,16
9115,152529.0,-1.6,0.2,0.1,-0.6000000000000001,1.0,10.0,6.1000000000000005,-0.2,-20.7,16
9116,152546.0,-1.7000000000000002,0.2,0.4,-0.7000000000000001,1.1,10.200000000000001,4.1000000000000005,0.7,-18.2,16
9117,152564.0,-1.6,0.0,0.6000000000000001,-0.6000000000000001,0.9,10.3,0.5,-0.1,-16.400000000000002,16
9118,152581.0,-1.4000000000000001,-0.1,0.8,-0.5,0.8,10.5,-2.3000000000000003,-0.30000000000000004,-15.299999999999999,16
9119,152596.0,-1.4000000000000001,-0.1,0.9,-0.5,0.8,10.8,-3.2,1.9,-14.4,16
9120,152614.0,-1.4000000000000001,-0.1,1.3,-0.5,0.8,11.100000000000001,-1.8,4.300000000000001,-13.4,16
9121,152629.0,-1.4000000000000001,-0.1,1.6,-0.5,0.7000000000000001,11.600000000000001,-2.1999999999999997,2.6,-12.5,16
9122,152646.0,-1.3,-0.1,2.1,-0.30000000000000004,0.8,12.0,-6.1000000000000005,-6.3,-10.700000000000001,16
9123,152663.0,-0.9,-0.1,2.2,0.0,0.8,12.0,-10.2,-12.8,-7.699999999999999,16
9124,152679.0,-0.8,-0.1,2.1,0.2,0.8,11.8,-9.9,-10.600000000000001,-3.2,16
9125,152696.0,-0.7000000000000001,0.0,2.0,0.2,0.8,11.8,-9.9,-10.600000000000001,-3.2,16
9126,152713.0,-0.7000000000000001,0.0,1.7000000000000002,0.2,0.8,11.5,2.9,9.200000000000001,8.200000000000001,16
9127,152729.0,-0.6000000000000001,-0.1,1.5,0.5,0.6000000000000001,11.3,11.9,15.6,11.700000000000001,16
9128,152746.0,-0.1,-0.30000000000000004,1.5,0.8,0.5,11.4,15.5,14.500000000000002,10.2,16
9129,152764.0,0.30000000000000004,-0.4,1.6,1.2000000000000002,0.5,11.5,13.200000000000001,6.3,7.1000000000000005,16
9130,152780.0,1.1,-0.5,1.3,1.8,0.5,11.200000000000001,10.2,1.3,5.2,16
9131,152796.0,1.5,-0.6000000000000001,1.0,2.5,0.30000000000000004,10.700000000000001,10.3,4.5,4.3999999999999995,16
9132,152813.0,2.0,-0.8,0.30000000000000004,2.8000000000000003,0.1,10.100000000000001,12.200000000000001,12.5,4.3999999999999995,16
9133,152829.0,2.0,-0.9,-0.2,2.8000000000000003,0.1,9.700000000000001,14.100000000000001,21.400000000000002,5.1,16
9134,152846.0,1.9000000000000001,-0.8,-0.30000000000000004,2.5,0.30000000000000004,9.5,15.299999999999999,24.9,8.3,16
9135,152864.0,1.7000000000000002,-0.7000000000000001,-0.7000000000000001,2.3000000000000003,0.4,9.1,15.7,25.2,13.200000000000001,16
9136,152880.0,1.6,-0.6000000000000001,-1.2000000000000002,2.2,0.5,8.700000000000001,16.6,25.3,18.400000000000002,16
9137,152898.0,1.5,-0.5,-1.4000000000000001,2.0,0.7000000000000001,8.4,17.599999999999998,24.8,23.1,16
9138,152913.0,1.3,-0.30000000000000004,-1.5,1.7000000000000002,0.9,8.4,18.400000000000002,22.2,27.1,16
9139,152930.0,1.0,-0.1,-1.5,1.5,1.1,8.4,19.8,16.5,30.100000000000005,16
9140,152946.0,1.0,-0.1,-1.5,1.4000000000000001,1.3,8.4,19.9,8.4,30.799999999999997,16
9141,152963.0,0.9,0.1,-1.4000000000000001,1.4000000000000001,1.5,8.4,15.7,-1.2000000000000002,28.700000000000003,16
9142,152982.0,0.7000000000000001,0.2,-1.5,1.2000000000000002,1.6,8.3,7.400000000000001,-11.6,24.6,16
9143,152996.0,0.6000000000000001,0.30000000000000004,-1.5,1.0,1.7000000000000002,8.3,-1.0,-17.200000000000003,21.700000000000003,16
9144,153013.0,0.1,0.5,-1.4000000000000001,0.6000000000000001,1.9000000000000001,8.4,-4.5,-15.000000000000002,22.8,16
9145,153029.0,-0.4,0.5,-1.1,0.30000000000000004,1.9000000000000001,8.700000000000001,-3.8,-10.4,27.1,16
9146,153046.0,-0.4,0.5,-1.0,0.30000000000000004,1.8,8.700000000000001,-0.7,-7.0,29.700000000000003,16
9147,153064.0,-0.4,0.30000000000000004,-1.1,0.2,1.7000000000000002,8.700000000000001,2.1999999999999997,-4.3999999999999995,28.900000000000002,16
9148,153079.0,-0.7000000000000001,0.30000000000000004,-1.1,0.0,1.7000000000000002,8.6,3.3000000000000003,-4.5,26.500000000000004,16
9149,153096.0,-0.9,0.30000000000000004,-1.2000000000000002,-0.2,1.7000000000000002,8.5,2.8,-4.5,24.7,16
9150,153112.0,-1.2000000000000002,0.30000000000000004,-1.4000000000000001,-0.4,1.7000000000000002,8.3,3.0000000000000004,-3.3000000000000003,24.3,16
9151,153129.0,-1.3,0.30000000000000004,-1.4000000000000001,-0.5,1.7000000000000002,8.3,3.1,-2.8,25.1,16
9152,153146.0,-1.3,0.30000000000000004,-1.3,-0.5,1.6,8.5,1.3,-4.300000000000001,26.3,16
9153,153162.0,-1.2000000000000002,0.2,-1.1,-0.4,1.6,8.6,-1.4,-8.4,28.0,16
9154,153179.0,-1.0,0.2,-1.0,-0.1,1.5,8.700000000000001,-3.8,-10.700000000000001,30.4,16
9155,153196.0,-0.9,0.1,-0.9,-0.1,1.5,8.8,-3.4,-9.9,32.7,16
9156,153212.0,-0.9,0.2,-0.7000000000000001,0.0,1.6,9.0,0.30000000000000004,-6.5,35.5,16
9157,153229.0,-0.9,0.4,-0.5,0.0,1.8,9.1,5.2,-0.30000000000000004,38.0,16
9158,153246.0,-1.0,0.5,-0.5,-0.2,2.0,9.200000000000001,9.5,5.0,39.9,16
9159,153264.0,-1.1,0.8,-0.4,-0.30000000000000004,2.2,9.3,10.1,6.7,40.8,16
9160,153281.0,-1.1,0.9,-0.2,-0.2,2.3000000000000003,9.5,6.4,4.2,40.5,16
9161,153296.0,-0.8,1.0,0.1,0.1,2.4000000000000004,9.700000000000001,0.0,-1.0999999999999999,39.400000000000006,16
9162,153314.0,-0.4,0.9,0.30000000000000004,0.6000000000000001,2.4000000000000004,10.0,-7.1000000000000005,-4.800000000000001,37.7,16
9163,153329.0,0.2,0.8,0.8,1.2000000000000002,2.2,10.5,-13.100000000000001,-5.6,35.4,16
9164,153346.0,0.8,0.7000000000000001,1.4000000000000001,1.7000000000000002,2.1,11.0,-16.1,-5.8,33.0,16
9165,153362.0,1.1,0.6000000000000001,1.5,2.2,1.8,11.3,-15.2,-2.8,30.4,16
9166,153379.0,1.4000000000000001,0.4,1.6,2.3000000000000003,1.7000000000000002,11.200000000000001,-10.2,4.0,27.7,16
9167,153396.0,1.0,0.5,1.3,1.9000000000000001,1.8,11.0,-0.1,17.3,25.400000000000002,16
9168,153413.0,0.4,0.6000000000000001,1.3,1.2000000000000002,2.0,11.200000000000001,8.9,24.5,26.1,16
9169,153429.0,0.1,0.7000000000000001,2.2,1.0,2.1,11.9,7.1000000000000005,17.0,26.0,16
9170,153446.0,0.2,0.8,2.0,1.0,2.1,11.9,7.1000000000000005,17.0,26.0,16
9171,153463.0,0.4,0.7000000000000001,1.5,1.3,2.0,11.3,7.6,9.4,25.700000000000003,16
9172,153479.0,0.6000000000000001,0.5,1.5,1.4000000000000001,1.8,11.3,9.700000000000001,12.000000000000002,23.700000000000003,16
9173,153496.0,0.5,0.5,1.3,1.3,1.9000000000000001,11.100000000000001,13.4,15.6,22.8,16
9174,153513.0,0.5,0.4,1.3,1.4000000000000001,1.7000000000000002,11.200000000000001,16.900000000000002,17.400000000000002,21.900000000000002,16
9175,153529.0,1.0,0.1,1.7000000000000002,1.9000000000000001,1.5,11.3,13.200000000000001,8.9,18.3,16
9176,153546.0,1.3,-0.1,1.4000000000000001,1.9000000000000001,1.5,11.3,13.200000000000001,8.9,18.3,16
9177,153563.0,1.8,-0.4,0.8,2.7,1.0,10.4,13.6,9.9,12.3,16
9178,153579.0,2.0,-0.7000000000000001,0.6000000000000001,2.7,0.9,10.4,16.700000000000003,15.5,9.8,16
9179,153596.0,1.9000000000000001,-0.8,0.5,2.6,0.8,10.200000000000001,19.9,17.200000000000003,9.1,16
9180,153613.0,2.0,-0.9,0.4,2.6,0.7000000000000001,10.0,21.5,15.100000000000001,8.799999999999999,16
9181,153629.0,2.0,-1.1,-0.30000000000000004,2.6,0.5,9.3,23.3,13.700000000000001,7.699999999999999,16
9182,153646.0,1.8,-1.3,-1.1,2.4000000000000004,0.5,8.6,26.400000000000002,17.200000000000003,5.8,16
9183,153664.0,1.3,-1.4000000000000001,-1.6,1.9000000000000001,0.5,8.200000000000001,28.6,20.5,4.0,16
9184,153687.0,0.9,-1.3,-1.7000000000000002,1.5,0.6000000000000001,8.0,27.7,18.7,3.5,16
9185,153696.0,0.9,-1.3,-1.7000000000000002,1.5,0.6000000000000001,8.0,27.7,18.7,3.5,16
9186,153713.0,0.8,-1.3,-1.8,1.2000000000000002,0.8,7.800000000000001,14.900000000000002,3.0000000000000004,3.5,16
9187,153729.0,0.7000000000000001,-1.3,-1.9000000000000001,1.3,0.7000000000000001,7.800000000000001,5.9,-6.3,1.7,16
9188,153747.0,0.8,-1.4000000000000001,-1.9000000000000001,1.3,0.7000000000000001,7.800000000000001,-3.5,-13.700000000000001,-1.2000000000000002,16
9189,153763.0,0.4,-1.2000000000000002,-1.8,1.0,0.8,7.800000000000001,-11.1,-18.400000000000002,-2.1999999999999997,16
9190,153785.0,0.0,-1.0,-1.7000000000000002,0.7000000000000001,0.9,7.9,-14.600000000000001,-18.7,1.0,16
9191,153796.0,-0.2,-0.9,-1.6,0.5,1.0,8.1,-15.2,-17.599999999999998,6.2,16
9192,153816.0,-0.30000000000000004,-0.8,-1.3,0.4,1.1,8.3,-14.200000000000001,-18.400000000000002,10.2,16
9193,153830.0,-0.30000000000000004,-0.7000000000000001,-1.1,0.5,1.2000000000000002,8.6,-11.9,-20.6,11.8,16
9194,153847.0,-0.30000000000000004,-0.5,-0.9,0.5,1.3,8.700000000000001,-8.0,-22.4,11.4,16
9195,153863.0,-0.4,-0.30000000000000004,-0.8,0.6000000000000001,1.5,8.8,-4.2,-23.400000000000002,10.4,16
9196,153887.0,-0.30000000000000004,-0.1,-0.7000000000000001,0.7000000000000001,1.6,8.9,-3.0000000000000004,-24.200000000000003,9.3,16
9197,153896.0,-0.30000000000000004,0.0,-0.6000000000000001,0.8,1.7000000000000002,9.0,-4.5,-25.3,8.200000000000001,16
9198,153913.0,-0.2,0.1,-0.4,1.0,1.8,9.200000000000001,-7.699999999999999,-25.3,7.699999999999999,16
9199,153930.0,-0.1,0.1,-0.30000000000000004,1.2000000000000002,1.8,9.3,-10.8,-22.900000000000002,6.6000000000000005,16
9200,153946.0,0.1,0.1,-0.2,1.3,1.8,9.5,-11.700000000000001,-17.5,4.1000000000000005,16
9201,153964.0,0.0,0.1,0.1,1.3,1.8,9.600000000000001,-9.600000000000001,-10.8,0.30000000000000004,16
9202,153996.0,-0.30000000000000004,0.30000000000000004,0.30000000000000004,0.9,1.8,9.9,-7.2,-3.4,-7.8,16
9203,154013.0,-0.6000000000000001,0.30000000000000004,0.2,0.7000000000000001,1.9000000000000001,9.8,-8.600000000000001,-3.6,-10.2,16
9204,154029.0,-0.8,0.30000000000000004,0.2,0.5,1.9000000000000001,9.8,-10.5,-4.2,-10.9,16
9205,154046.0,-0.9,0.30000000000000004,0.2,0.5,1.8,9.9,-11.8,-5.0,-10.1,16
9206,154066.0,-0.9,0.30000000000000004,0.4,0.5,1.8,10.0,-11.6,-5.7,-8.600000000000001,16
9207,154088.0,-0.8,0.2,0.6000000000000001,0.6000000000000001,1.7000000000000002,10.200000000000001,-8.9,-5.500000000000001,-7.0,16
9208,154096.0,-0.8,0.2,0.8,0.6000000000000001,1.7000000000000002,10.4,-4.0,-4.2,-5.9,16
9209,154113.0,-0.8,0.30000000000000004,0.9,0.6000000000000001,1.8,10.5,1.7,-3.2,-4.3999999999999995,16
9210,154130.0,-0.8,0.4,1.0,0.6000000000000001,1.9000000000000001,10.600000000000001,6.9,-2.6,-3.0000000000000004,16
9211,154147.0,-0.7000000000000001,0.4,0.9,0.6000000000000001,2.0,10.5,10.3,-2.3000000000000003,-2.5,16
9212,154166.0,-0.7000000000000001,0.6000000000000001,0.8,0.6000000000000001,2.1,10.4,12.4,-0.9,-2.7,16
9213,154179.0,-0.8,0.7000000000000001,0.7000000000000001,0.6000000000000001,2.3000000000000003,10.3,13.200000000000001,1.2000000000000002,-3.3000000000000003,16
9214,154196.0,-0.7000000000000001,0.7000000000000001,0.7000000000000001,0.6000000000000001,2.4000000000000004,10.4,11.700000000000001,3.8,-4.300000000000001,16
9215,154213.0,-0.6000000000000001,0.7000000000000001,0.7000000000000001,0.7000000000000001,2.4000000000000004,10.4,10.5,6.4,-6.3,16
9216,154229.0,-0.5,0.7000000000000001,0.8,0.7000000000000001,2.4000000000000004,10.4,10.2,9.8,-9.3,16
9217,154246.0,-0.6000000000000001,0.5,1.0,0.6000000000000001,2.3000000000000003,11.0,6.000000000000001,5.1,-13.5,16
9218,154263.0,-0.5,0.5,1.5,0.6000000000000001,2.3000000000000003,11.3,-2.5,-4.5,-15.2,16
9219,154284.0,-0.30000000000000004,0.2,1.2000000000000002,0.9,2.0,11.100000000000001,-8.4,-8.200000000000001,-13.700000000000001,16
9220,154296.0,-0.2,0.0,1.3,0.9,1.7000000000000002,11.3,-12.4,-6.6000000000000005,-11.9,16
9221,154313.0,-0.2,-0.30000000000000004,1.3,0.9,1.5,11.4,-15.2,-4.800000000000001,-9.3,16
9222,154329.0,-0.2,-0.5,1.3,0.9,1.2000000000000002,11.3,-13.700000000000001,-3.6,-4.2,16
9223,154346.0,-0.1,-0.6000000000000001,1.2000000000000002,1.1,0.9,11.200000000000001,-10.4,0.0,1.4,16
9224,154363.0,0.2,-1.0,0.8,1.3,0.6000000000000001,10.9,-5.1,4.1000000000000005,6.6000000000000005,16
9225,154384.0,0.5,-1.2000000000000002,0.30000000000000004,1.6,0.5,10.4,4.5,11.9,11.1,16
9226,154396.0,0.6000000000000001,-1.2000000000000002,0.1,1.7000000000000002,0.4,10.0,17.400000000000002,19.8,14.3,16
9227,154413.0,0.9,-1.3,-0.30000000000000004,1.9000000000000001,0.5,9.700000000000001,27.900000000000002,23.3,14.0,16
9228,154429.0,1.2000000000000002,-1.3,-0.8,2.2,0.5,9.3,32.0,20.5,10.2,16
9229,154446.0,1.4000000000000001,-1.3,-1.1,2.4000000000000004,0.6000000000000001,8.8,29.400000000000002,17.5,3.9,16
9230,154463.0,1.5,-1.2000000000000002,-1.7000000000000002,2.4000000000000004,0.8,8.200000000000001,22.2,15.000000000000002,-1.8,16
9231,154483.0,1.4000000000000001,-1.1,-2.1,2.2,1.0,7.9,11.700000000000001,14.4,-4.1000000000000005,16
9232,154496.0,1.4000000000000001,-1.0,-2.2,2.1,1.0,7.800000000000001,1.0,15.2,-2.7,16
9233,154513.0,1.3,-1.0,-2.1,2.1,1.0,8.0,-7.6,15.399999999999999,0.0,16
9234,154529.0,1.4000000000000001,-0.9,-1.7000000000000002,2.1,1.0,8.3,-12.000000000000002,13.4,2.7,16
9235,154546.0,1.6,-0.9,-1.3,2.3000000000000003,1.0,8.700000000000001,-12.3,11.4,4.3999999999999995,16
9236,154563.0,1.6,-0.8,-1.2000000000000002,2.3000000000000003,1.1,8.9,-9.4,6.7,5.7,16
9237,154583.0,1.5,-0.5,-0.9,2.2,1.4000000000000001,9.1,-5.1,2.1999999999999997,8.0,16
9238,154596.0,1.4000000000000001,-0.4,-0.8,2.1,1.6,9.3,-1.8,-4.1000000000000005,10.8,16
9239,154613.0,1.4000000000000001,-0.1,-0.7000000000000001,2.2,1.8,9.3,-0.9,-11.2,13.3,16
9240,154630.0,1.4000000000000001,0.2,-0.7000000000000001,2.2,2.1,9.3,-1.0999999999999999,-15.8,14.3,16
9241,154646.0,1.2000000000000002,0.5,-0.8,2.2,2.3000000000000003,9.200000000000001,-1.5000000000000002,-16.0,13.8,16
9242,154663.0,1.1,0.5,-0.8,2.0,2.4000000000000004,9.1,-0.8,-13.0,11.4,16
9243,154684.0,0.8,0.7000000000000001,-0.9,1.7000000000000002,2.5,9.0,1.2000000000000002,-8.799999999999999,7.8,16
9244,154704.0,0.30000000000000004,0.7000000000000001,-1.0,1.4000000000000001,2.5,8.9,2.8,-5.8,3.7000000000000006,16
9245,154716.0,-0.1,0.6000000000000001,-1.2000000000000002,1.0,2.5,8.700000000000001,2.6,-4.800000000000001,-0.4,16
9246,154729.0,-0.2,0.6000000000000001,-1.4000000000000001,0.8,2.4000000000000004,8.6,1.4,-3.8,-3.9,16
9247,154746.0,-0.5,0.4,-1.4000000000000001,0.5,2.3000000000000003,8.5,-1.2000000000000002,-4.9,-6.6000000000000005,16
9248,154764.0,-0.5,0.30000000000000004,-1.5,0.5,2.1,8.4,-6.2,-5.6,-8.799999999999999,16
9249,154784.0,-0.6000000000000001,0.1,-1.4000000000000001,0.4,1.9000000000000001,8.6,-10.700000000000001,-7.300000000000001,-9.600000000000001,16
9250,154801.0,-0.7000000000000001,0.0,-1.2000000000000002,0.4,1.7000000000000002,8.700000000000001,-14.0,-9.1,-8.700000000000001,16
9251,154813.0,-0.7000000000000001,-0.1,-1.0,0.4,1.7000000000000002,9.0,-15.5,-10.600000000000001,-5.7,16
9252,154829.0,-0.8,-0.1,-0.8,0.4,1.6,9.200000000000001,-14.200000000000001,-10.9,-0.6000000000000001,16
9253,154846.0,-0.7000000000000001,0.0,-0.6000000000000001,0.5,1.7000000000000002,9.3,-10.3,-9.1,4.9,16
9254,154863.0,-0.6000000000000001,0.1,-0.4,0.6000000000000001,1.7000000000000002,9.4,-5.0,-6.4,8.700000000000001,16
9255,154879.0,-0.5,0.2,-0.4,0.7000000000000001,1.9000000000000001,9.5,0.30000000000000004,-3.5,10.700000000000001,16
9256,154896.0,-0.6000000000000001,0.5,-0.4,0.6000000000000001,2.2,9.5,4.5,-1.0999999999999999,11.9,16
9257,154913.0,-0.6000000000000001,0.7000000000000001,-0.4,0.7000000000000001,2.5,9.5,6.000000000000001,-0.30000000000000004,12.6,16
9258,154929.0,-0.4,1.0,-0.4,0.9,2.7,9.4,4.9,0.1,12.5,16
9259,154946.0,-0.1,1.1,-0.5,1.1,2.8000000000000003,9.4,2.3000000000000003,0.6000000000000001,11.3,16
9260,154963.0,0.1,1.2000000000000002,-0.5,1.4000000000000001,2.9000000000000004,9.5,-1.0,1.4,8.600000000000001,16
9261,154989.0,0.6000000000000001,1.3,-0.2,1.7000000000000002,2.9000000000000004,9.600000000000001,-4.3999999999999995,1.6,4.9,16
9262,154996.0,0.7000000000000001,1.3,-0.1,2.0,3.0,9.8,-7.300000000000001,2.4000000000000004,0.8,16
9263,155015.0,1.0,1.3,0.0,2.2,3.0,9.8,-9.1,4.1000000000000005,-3.4,16
9264,155029.0,1.0,1.3,0.0,2.2,2.9000000000000004,9.8,-9.8,7.2,-7.6,16
9265,155046.0,0.8,1.3,-0.1,1.8,3.0,9.700000000000001,-8.4,12.9,-10.600000000000001,16
9266,155065.0,0.1,1.5,-0.2,1.2000000000000002,3.1,9.700000000000001,-4.2,19.200000000000003,-11.5,16
9267,155082.0,-0.7000000000000001,1.5,-0.30000000000000004,0.5,3.2,9.600000000000001,1.3,23.400000000000002,-11.5,16
9268,155096.0,-1.1,1.5,-0.2,-0.2,3.2,9.8,5.500000000000001,21.400000000000002,-12.5,16
9269,155113.0,-1.1,1.3,0.7000000000000001,-0.2,3.0,10.600000000000001,3.9,7.6,-15.000000000000002,16
9270,155129.0,-0.8,1.2000000000000002,1.1,0.5,2.7,10.9,-7.1000000000000005,-12.100000000000001,-19.8,16
9271,155146.0,-0.1,0.7000000000000001,0.6000000000000001,0.9,2.3000000000000003,10.4,-12.4,-15.399999999999999,-24.3,16
9272,155163.0,-0.1,0.4,0.6000000000000001,0.8,2.0,10.600000000000001,-10.1,-6.4,-26.400000000000002,16
9273,155182.0,-0.30000000000000004,0.30000000000000004,1.4000000000000001,0.6000000000000001,2.0,11.200000000000001,-8.600000000000001,1.3,-23.8,16
9274,155198.0,-0.30000000000000004,0.30000000000000004,1.4000000000000001,0.6000000000000001,2.0,11.200000000000001,-8.600000000000001,1.3,-23.8,16
9275,155213.0,0.4,-0.2,1.9000000000000001,1.3,1.3,11.9,-12.000000000000002,2.7,-13.0,16
9276,155229.0,0.8,-0.5,2.0,1.8,1.0,11.8,-13.4,-0.2,-11.9,16
9277,155246.0,1.1,-0.7000000000000001,1.8,2.1,0.8,11.8,-9.3,1.5000000000000002,-10.4,16
9278,155263.0,1.2000000000000002,-0.7000000000000001,1.7000000000000002,2.0,0.9,11.700000000000001,2.9,10.5,-6.3,16
9279,155282.0,1.3,-0.7000000000000001,1.4000000000000001,2.1,0.9,11.4,12.4,12.000000000000002,-0.9,16
9280,155297.0,1.4000000000000001,-0.6000000000000001,1.0,2.4000000000000004,1.0,10.9,20.900000000000002,11.8,1.7,16
9281,155313.0,1.7000000000000002,-0.6000000000000001,0.2,2.6,1.1,10.100000000000001,27.400000000000002,12.5,0.8,16
9282,155329.0,1.8,-0.6000000000000001,-0.4,2.5,1.2000000000000002,9.0,32.5,16.0,-2.0,16
9283,155346.0,1.6,-0.6000000000000001,-1.6,2.2,1.2000000000000002,8.1,35.5,22.5,-6.6000000000000005,16
9284,155365.0,1.6,-0.6000000000000001,-1.6,2.2,1.2000000000000002,8.1,35.5,22.5,-6.6000000000000005,16
9285,155379.0,0.5,-0.9,-2.7,1.1,1.2000000000000002,7.2,29.200000000000003,25.3,-16.400000000000002,16
9286,155399.0,0.30000000000000004,-0.9,-2.6,0.7000000000000001,1.2000000000000002,7.300000000000001,18.5,15.9,-18.1,16
9287,155413.0,0.1,-1.0,-2.6,0.6000000000000001,1.1,7.300000000000001,5.7,1.9,-18.7,16
9288,155430.0,0.30000000000000004,-1.2000000000000002,-2.2,0.8,0.9,7.6000000000000005,-6.5,-9.9,-19.6,16
9289,155446.0,0.5,-1.3,-2.0,1.1,0.6000000000000001,8.0,-16.2,-19.1,-21.900000000000002,16
9290,155463.0,0.8,-1.5,-1.5,1.4000000000000001,0.5,8.4,-22.3,-24.8,-23.700000000000003,16
9291,155480.0,0.6000000000000001,-1.4000000000000001,-1.1,1.3,0.5,8.700000000000001,-24.7,-25.900000000000002,-23.0,16
9292,155496.0,0.5,-1.3,-1.1,1.0,0.6000000000000001,8.8,-22.4,-21.8,-17.8,16
9293,155513.0,0.1,-1.1,-1.0,0.8,0.7000000000000001,8.8,-16.5,-16.400000000000002,-10.9,16
9294,155529.0,-0.1,-0.9,-1.0,0.6000000000000001,0.9,8.9,-9.8,-10.5,-4.800000000000001,16
9295,155546.0,-0.30000000000000004,-0.8,-0.9,0.5,1.1,8.9,-4.1000000000000005,-9.700000000000001,-1.7,16
9296,155563.0,-0.5,-0.5,-1.0,0.30000000000000004,1.3,8.8,-0.4,-10.8,-0.7,16
9297,155581.0,-0.6000000000000001,-0.2,-1.0,0.30000000000000004,1.6,8.8,1.0999999999999999,-12.3,-0.9,16
9298,155596.0,-0.7000000000000001,0.0,-1.1,0.2,1.8,8.700000000000001,0.2,-13.3,-1.7,16
9299,155613.0,-0.8,0.30000000000000004,-1.0,0.1,2.0,8.9,-2.4000000000000004,-13.9,-2.8,16
9300,155629.0,-0.8,0.4,-0.8,0.2,2.1,9.0,-6.1000000000000005,-15.100000000000001,-4.300000000000001,16
9301,155646.0,-0.8,0.5,-0.6000000000000001,0.30000000000000004,2.2,9.200000000000001,-9.700000000000001,-14.800000000000002,-6.9,16
9302,155663.0,-0.6000000000000001,0.5,-0.4,0.5,2.1,9.4,-12.8,-13.100000000000001,-10.9,16
9303,155682.0,-0.6000000000000001,0.5,-0.2,0.5,2.1,9.600000000000001,-14.500000000000002,-9.4,-15.299999999999999,16
9304,155696.0,-0.7000000000000001,0.5,-0.1,0.30000000000000004,2.1,9.8,-12.9,-3.3000000000000003,-18.0,16
9305,155713.0,-0.9,0.4,0.2,0.1,2.0,10.100000000000001,-9.700000000000001,1.4,-18.7,16
9306,155729.0,-1.1,0.30000000000000004,0.5,-0.1,1.8,10.3,-7.6,1.9,-18.8,16
9307,155746.0,-1.2000000000000002,0.2,0.6000000000000001,-0.30000000000000004,1.8,10.4,-6.6000000000000005,-0.5,-18.3,16
9308,155763.0,-1.3,0.2,0.6000000000000001,-0.30000000000000004,1.7000000000000002,10.4,-5.300000000000001,-1.5000000000000002,-17.0,16
9309,155780.0,-1.4000000000000001,0.1,0.7000000000000001,-0.4,1.6,10.5,-3.4,-0.5,-14.900000000000002,16
9310,155796.0,-1.5,0.1,0.9,-0.6000000000000001,1.7000000000000002,10.700000000000001,-0.9,1.2000000000000002,-11.4,16
9311,155812.0,-1.6,0.2,1.0,-0.6000000000000001,1.7000000000000002,10.9,2.7,2.6,-6.5,16
9312,155829.0,-1.6,0.2,1.0,-0.7000000000000001,1.8,10.9,7.400000000000001,4.0,-1.6,16
9313,155846.0,-1.5,0.2,1.1,-0.6000000000000001,1.8,10.9,11.8,4.7,2.4000000000000004,16
9314,155863.0,-1.5,0.2,1.1,-0.5,1.9000000000000001,10.9,14.200000000000001,3.5,4.5,16
9315,155880.0,-1.3,0.30000000000000004,1.1,-0.4,2.0,10.9,16.6,3.8,5.4,16
9316,155897.0,-1.1,0.4,1.3,-0.30000000000000004,2.1,11.100000000000001,17.7,2.8,5.1,16
9317,155913.0,-1.0,0.4,1.7000000000000002,0.1,2.2,11.700000000000001,10.5,-6.5,3.7000000000000006,16
9318,155929.0,-0.30000000000000004,0.4,1.8,0.7000000000000001,2.2,11.600000000000001,0.7,-14.4,3.1,16
9319,155946.0,0.30000000000000004,0.2,1.5,1.3,2.0,11.4,-5.2,-12.200000000000001,3.3000000000000003,16
9320,155963.0,0.6000000000000001,0.0,1.5,1.7000000000000002,1.6,11.4,-6.6000000000000005,-4.800000000000001,2.6,16
9321,155980.0,0.8,-0.30000000000000004,1.4000000000000001,1.7000000000000002,1.4000000000000001,11.3,-5.1,3.5,2.1,16
9322,156003.0,0.8,-0.4,1.2000000000000002,1.7000000000000002,1.3,11.100000000000001,-0.30000000000000004,8.5,4.2,16
9323,156013.0,0.9,-0.5,1.0,1.9000000000000001,1.1,10.700000000000001,2.9,12.000000000000002,6.6000000000000005,16
9324,156029.0,1.1,-0.7000000000000001,0.2,2.0,1.1,9.9,6.000000000000001,14.4,7.9,16
9325,156046.0,1.3,-0.7000000000000001,-0.9,2.1,1.0,9.0,11.3,20.7,7.699999999999999,16
9326,156067.0,1.1,-0.8,-1.7000000000000002,1.9000000000000001,1.0,8.3,17.1,30.100000000000005,7.1000000000000005,16
9327,156080.0,1.0,-0.8,-2.0,1.7000000000000002,1.1,7.9,20.900000000000002,33.400000000000006,6.3,16
9328,156096.0,1.1,-0.8,-2.0,1.8,1.1,7.9,19.700000000000003,29.000000000000004,5.0,16
9329,156114.0,1.3,-0.8,-2.0,2.0,1.1,7.800000000000001,13.200000000000001,18.7,3.2,16
9330,156129.0,1.7000000000000002,-0.8,-2.2,2.3000000000000003,1.1,7.5,6.1000000000000005,8.3,0.8,16
9331,156146.0,1.9000000000000001,-0.8,-2.4000000000000004,2.4000000000000004,1.2000000000000002,7.4,-0.1,1.6,-1.4,16
9332,156165.0,1.8,-0.6000000000000001,-2.4000000000000004,2.3000000000000003,1.3,7.4,-5.300000000000001,-2.1999999999999997,-1.6,16
9333,156179.0,1.7000000000000002,-0.5,-2.2,2.2,1.4000000000000001,7.7,-11.700000000000001,-6.000000000000001,0.1,16
9334,156196.0,1.6,-0.4,-2.0,2.2,1.4000000000000001,7.7,-11.700000000000001,-6.000000000000001,0.1,16
9335,156213.0,1.5,-0.30000000000000004,-1.6,2.1,1.6,8.5,-23.1,-19.3,4.0,16
9336,156229.0,1.4000000000000001,-0.1,-1.1,2.1,1.7000000000000002,8.8,-25.0,-24.5,4.300000000000001,16
9337,156246.0,1.2000000000000002,0.0,-0.9,2.0,1.7000000000000002,9.0,-23.8,-26.500000000000004,3.2,16
9338,156263.0,0.9,0.2,-0.7000000000000001,1.8,1.8,9.1,-19.8,-22.900000000000002,0.2,16
9339,156279.0,0.6000000000000001,0.30000000000000004,-0.6000000000000001,1.4000000000000001,1.9000000000000001,9.200000000000001,-14.3,-18.8,-2.7,16
9340,156297.0,0.0,0.6000000000000001,-0.6000000000000001,1.0,2.1,9.200000000000001,-10.9,-16.8,-4.300000000000001,16
9341,156313.0,-0.30000000000000004,0.6000000000000001,-0.7000000000000001,0.8,2.1,9.1,-11.4,-17.400000000000002,-6.2,16
9342,156329.0,-0.30000000000000004,0.6000000000000001,-0.8,0.7000000000000001,2.1,9.0,-14.500000000000002,-18.7,-9.0,16
9343,156346.0,-0.4,0.6000000000000001,-0.8,0.7000000000000001,2.0,8.9,-18.2,-17.8,-11.3,16
9344,156366.0,-0.5,0.6000000000000001,-0.7000000000000001,0.7000000000000001,1.9000000000000001,9.0,-21.0,-14.100000000000001,-13.0,16
9345,156389.0,-0.7000000000000001,0.5,-0.5,0.6000000000000001,1.8,9.200000000000001,-22.7,-10.600000000000001,-13.9,16
9346,156396.0,-0.8,0.5,-0.30000000000000004,0.4,1.8,9.5,-22.900000000000002,-8.799999999999999,-13.100000000000001,16
9347,156412.0,-0.9,0.5,0.1,0.4,1.7000000000000002,9.8,-21.3,-8.700000000000001,-11.1,16
9348,156429.0,-0.8,0.5,0.1,0.5,1.7000000000000002,9.9,-17.3,-8.4,-8.799999999999999,16
9349,156446.0,-0.8,0.5,0.2,0.5,1.7000000000000002,9.9,-17.3,-8.4,-8.799999999999999,16
9350,156463.0,-0.8,0.7000000000000001,0.1,0.5,1.8,9.9,-4.6000000000000005,-3.2,-3.1,16
9351,156479.0,-0.8,0.8,0.1,0.6000000000000001,2.0,9.8,0.7,0.0,-0.5,16
9352,156497.0,-0.7000000000000001,1.0,0.0,0.6000000000000001,2.2,9.700000000000001,4.7,2.7,0.7,16
9353,156521.0,-0.7000000000000001,1.2000000000000002,-0.2,0.5,2.5,9.600000000000001,6.3,6.9,0.9,16
9354,156530.0,-0.7000000000000001,1.2000000000000002,-0.2,0.5,2.5,9.600000000000001,6.3,6.9,0.9,16
9355,156546.0,-0.7000000000000001,1.3,-0.2,0.5,2.5,9.600000000000001,4.9,8.200000000000001,0.0,16
9356,156563.0,-0.5,1.2000000000000002,0.1,0.7000000000000001,2.5,9.8,2.4000000000000004,7.8,-1.9,16
9357,156592.0,-0.1,0.9,0.4,1.1,2.2,10.3,-3.2,5.1,-8.200000000000001,16
9358,156599.0,0.1,0.8,0.5,1.1,2.2,10.3,-3.2,5.1,-8.200000000000001,16
9359,156612.0,0.2,0.7000000000000001,0.6000000000000001,1.3,2.0,10.5,-5.0,5.9,-9.9,16
9360,156629.0,0.2,0.5,0.6000000000000001,1.2000000000000002,1.9000000000000001,10.5,-3.3000000000000003,11.4,-10.2,16
9361,156647.0,0.0,0.4,0.7000000000000001,0.9,1.9000000000000001,10.700000000000001,-0.30000000000000004,16.2,-9.9,16
9362,156663.0,-0.4,0.4,1.4000000000000001,0.6000000000000001,1.9000000000000001,11.4,-2.0,10.5,-8.600000000000001,16
9363,156679.0,-0.2,0.30000000000000004,1.7000000000000002,0.8,1.8,11.600000000000001,-7.300000000000001,-1.4,-6.3,16
9364,156696.0,0.0,0.2,1.6,1.0,1.5,11.700000000000001,-9.1,-7.2,-5.0,16
9365,156712.0,0.2,0.0,2.1,1.3,1.4000000000000001,12.100000000000001,-10.1,-10.8,-4.800000000000001,16
9366,156729.0,0.4,-0.1,2.2,1.4000000000000001,1.2000000000000002,12.200000000000001,-10.9,-12.000000000000002,-3.6,16
9367,156746.0,0.5,-0.2,2.2,1.6,1.0,12.100000000000001,-6.5,-9.700000000000001,-1.0,16
9368,156762.0,0.8,-0.5,2.0,2.0,0.8,12.0,0.1,-4.800000000000001,0.9,16
9369,156779.0,1.1,-0.9,1.5,2.2,0.5,11.5,7.400000000000001,2.8,2.3000000000000003,16
9370,156796.0,1.2000000000000002,-1.0,0.9,2.2,0.30000000000000004,10.600000000000001,17.599999999999998,13.9,3.1,16
9371,156812.0,0.9,-1.1,0.1,1.9000000000000001,0.30000000000000004,10.100000000000001,27.1,24.5,4.6000000000000005,16
9372,156832.0,0.8,-1.2000000000000002,-0.4,1.7000000000000002,0.30000000000000004,9.600000000000001,31.3,27.5,6.2,16
9373,156847.0,0.7000000000000001,-1.3,-0.6000000000000001,1.6,0.30000000000000004,9.1,31.0,25.6,7.8,16
9374,156862.0,0.8,-1.4000000000000001,-1.4000000000000001,1.6,0.30000000000000004,8.5,31.5,26.6,9.200000000000001,16
9375,156884.0,0.8,-1.5,-1.8,1.5,0.2,8.200000000000001,32.4,28.500000000000004,9.700000000000001,16
9376,156896.0,0.8,-1.5,-1.9000000000000001,1.4000000000000001,0.30000000000000004,8.1,31.2,24.7,9.200000000000001,16
9377,156913.0,0.8,-1.5,-1.8,1.4000000000000001,0.4,8.1,26.1,17.599999999999998,8.1,16
9378,156929.0,0.9,-1.5,-1.6,1.6,0.5,8.3,17.599999999999998,7.699999999999999,6.3,16
9379,156946.0,1.1,-1.5,-1.5,1.9000000000000001,0.4,8.4,7.300000000000001,-3.9,2.9,16
9380,156963.0,1.5,-1.5,-1.4000000000000001,2.2,0.4,8.5,-3.2,-10.700000000000001,-0.8,16
9381,156982.0,1.5,-1.4000000000000001,-1.2000000000000002,2.2,0.5,8.700000000000001,-10.3,-12.4,-2.3000000000000003,16
9382,157001.0,1.4000000000000001,-1.4000000000000001,-1.2000000000000002,2.1,0.5,8.700000000000001,-13.5,-9.4,-1.6,16
9383,157012.0,1.2000000000000002,-1.3,-1.2000000000000002,1.8,0.5,8.700000000000001,-12.8,-4.2,-0.1,16
9384,157029.0,0.7000000000000001,-1.2000000000000002,-1.1,1.4000000000000001,0.6000000000000001,8.700000000000001,-9.9,-1.6,1.5000000000000002,16
9385,157046.0,0.1,-0.9,-1.1,1.0,0.8,8.8,-6.8,-2.9,2.7,16
9386,157064.0,0.0,-0.7000000000000001,-1.2000000000000002,0.8,1.1,8.6,-4.3999999999999995,-6.2,3.1,16
9387,157082.0,-0.2,-0.4,-1.3,0.6000000000000001,1.3,8.6,-3.6,-9.3,2.8,16
9388,157098.0,-0.30000000000000004,-0.2,-1.4000000000000001,0.6000000000000001,1.5,8.4,-3.5,-11.700000000000001,1.7,16
9389,157113.0,-0.4,-0.1,-1.4000000000000001,0.4,1.6,8.4,-3.9,-12.5,0.2,16
9390,157129.0,-0.6000000000000001,0.1,-1.3,0.30000000000000004,1.8,8.6,-5.500000000000001,-13.8,-1.8,16
9391,157146.0,-0.7000000000000001,0.2,-1.1,0.30000000000000004,1.9000000000000001,8.700000000000001,-9.4,-16.900000000000002,-4.3999999999999995,16
9392,157162.0,-0.6000000000000001,0.2,-1.1,0.5,1.8,8.8,-13.9,-17.8,-8.0,16
9393,157183.0,-0.5,0.2,-0.9,0.6000000000000001,1.8,8.9,-17.5,-14.3,-11.700000000000001,16
9394,157196.0,-0.5,0.2,-0.8,0.6000000000000001,1.8,8.9,-17.5,-14.3,-11.700000000000001,16
9395,157212.0,-0.9,0.30000000000000004,-0.4,0.1,1.8,9.600000000000001,-16.900000000000002,1.0999999999999999,-13.0,16
9396,157229.0,-1.0,0.2,0.2,0.0,1.6,10.100000000000001,-14.200000000000001,5.6,-13.700000000000001,16
9397,157246.0,-1.2000000000000002,0.0,0.5,-0.2,1.5,10.4,-12.4,5.9,-16.400000000000002,16
9398,157263.0,-1.3,0.0,0.7000000000000001,-0.4,1.3,10.600000000000001,-12.100000000000001,2.1999999999999997,-18.900000000000002,16
9399,157288.0,-1.5,-0.1,0.9,-0.6000000000000001,1.3,10.700000000000001,-12.3,-2.0,-18.900000000000002,16
9400,157296.0,-1.5,-0.1,0.9,-0.5,1.2000000000000002,10.8,-11.8,-3.9,-16.1,16
9401,157312.0,-1.4000000000000001,-0.1,1.0,-0.5,1.2000000000000002,11.0,-8.600000000000001,-2.8,-11.5,16
9402,157329.0,-1.3,-0.1,1.3,-0.4,1.2000000000000002,11.200000000000001,-2.4000000000000004,0.4,-6.1000000000000005,16
9403,157346.0,-1.4000000000000001,0.0,1.4000000000000001,-0.4,1.3,11.3,6.4,2.4000000000000004,-1.3,16
9404,157363.0,-1.3,0.0,1.5,-0.4,1.4000000000000001,11.4,13.8,4.6000000000000005,1.8,16
9405,157389.0,-1.2000000000000002,0.2,1.2000000000000002,-0.4,1.5,11.100000000000001,19.500000000000004,7.0,3.1,16
9406,157396.0,-1.2000000000000002,0.2,1.0,-0.4,1.7000000000000002,10.8,24.9,11.700000000000001,4.300000000000001,16
9407,157413.0,-1.3,0.30000000000000004,0.8,-0.6000000000000001,1.8,10.600000000000001,28.900000000000002,16.8,5.7,16
9408,157429.0,-1.4000000000000001,0.30000000000000004,0.6000000000000001,-0.6000000000000001,2.0,10.4,30.4,18.3,6.7,16
9409,157446.0,-1.3,0.4,0.5,-0.6000000000000001,2.0,10.4,30.4,18.3,6.7,16
9410,157463.0,-1.1,0.30000000000000004,0.30000000000000004,-0.5,2.1,10.100000000000001,27.3,15.8,4.800000000000001,16
9411,157480.0,-1.0,0.30000000000000004,0.5,-0.4,2.1,10.5,18.3,7.300000000000001,2.1,16
9412,157504.0,-0.5,0.0,0.30000000000000004,0.2,1.8,10.0,4.7,-3.4,0.8,16
9413,157513.0,-0.4,-0.1,0.1,0.2,1.8,10.0,-4.2,-3.5,2.9,16
9414,157529.0,-0.30000000000000004,-0.30000000000000004,0.2,0.4,1.4000000000000001,10.200000000000001,-7.2,1.0999999999999999,5.9,16
9415,157546.0,-0.1,-0.7000000000000001,0.6000000000000001,0.5,1.1,10.5,-10.600000000000001,1.8,8.9,16
9416,157569.0,0.1,-0.9,0.8,0.7000000000000001,0.9,10.700000000000001,-10.700000000000001,-1.9,13.100000000000001,16
9417,157583.0,0.4,-0.9,0.8,1.2000000000000002,0.7000000000000001,10.700000000000001,-6.7,-3.0000000000000004,16.6,16
9418,157596.0,1.0,-1.1,0.7000000000000001,1.8,0.6000000000000001,10.600000000000001,-1.0999999999999999,-3.5,17.599999999999998,16
9419,157612.0,1.6,-1.1,0.4,2.3000000000000003,0.6000000000000001,10.3,6.000000000000001,-0.9,16.700000000000003,16
9420,157629.0,1.8,-1.1,0.2,2.6,0.7000000000000001,9.8,13.3,5.500000000000001,14.900000000000002,16
9421,157648.0,2.0,-1.0,-0.5,2.7,0.8,9.3,18.0,11.8,12.700000000000001,16
9422,157666.0,1.9000000000000001,-0.9,-1.0,2.6,1.0,8.9,18.2,17.1,10.600000000000001,16
9423,157684.0,1.8,-0.7000000000000001,-1.4000000000000001,2.4000000000000004,1.1,8.5,14.500000000000002,18.400000000000002,10.5,16
9424,157696.0,1.8,-0.7000000000000001,-1.4000000000000001,2.4000000000000004,1.1,8.5,14.500000000000002,18.400000000000002,10.5,16
9425,157712.0,1.8,-0.7000000000000001,-1.6,2.3000000000000003,1.2000000000000002,8.200000000000001,5.300000000000001,17.3,10.1,16
9426,157729.0,1.7000000000000002,-0.6000000000000001,-1.6,2.2,1.3,8.3,1.3,13.8,9.200000000000001,16
9427,157746.0,1.5,-0.4,-1.5,2.0,1.5,8.4,0.0,9.1,9.600000000000001,16
9428,157764.0,1.4000000000000001,-0.30000000000000004,-1.4000000000000001,1.9000000000000001,1.6,8.4,-1.2000000000000002,2.5,9.1,16
9429,157784.0,1.3,-0.2,-1.3,1.8,1.6,8.5,-4.3999999999999995,-4.9,6.2,16
9430,157796.0,1.1,-0.1,-1.2000000000000002,1.6,1.8,8.6,-7.9,-10.700000000000001,3.8,16
9431,157812.0,0.7000000000000001,0.0,-1.2000000000000002,1.3,1.8,8.6,-10.2,-12.9,3.0000000000000004,16
9432,157829.0,0.6000000000000001,0.0,-1.2000000000000002,1.1,1.8,8.6,-10.3,-11.3,3.2,16
9433,157846.0,0.30000000000000004,0.0,-1.1,0.9,1.8,8.700000000000001,-10.2,-10.1,2.9,16
9434,157863.0,0.1,0.1,-1.0,0.8,1.8,8.8,-11.000000000000002,-11.1,1.3,16
9435,157883.0,0.0,0.1,-1.0,0.7000000000000001,1.8,8.8,-12.3,-12.200000000000001,-1.3,16
9436,157898.0,-0.1,0.1,-1.0,0.6000000000000001,1.8,8.700000000000001,-12.9,-11.3,-3.4,16
9437,157914.0,-0.4,0.2,-1.0,0.4,1.8,8.700000000000001,-13.0,-9.1,-3.8,16
9438,157929.0,-0.6000000000000001,0.2,-0.9,0.2,1.8,8.8,-13.8,-8.1,-3.2,16
9439,157946.0,-0.7000000000000001,0.2,-0.9,0.1,1.8,8.9,-15.2,-8.200000000000001,-2.1,16
9440,157963.0,-0.8,0.2,-0.7000000000000001,0.0,1.8,9.1,-15.000000000000002,-8.0,-0.1,16
9441,157985.0,-0.8,0.30000000000000004,-0.5,0.1,1.8,9.200000000000001,-13.4,-7.9,1.9,16
9442,158010.0,-0.6000000000000001,0.4,-0.2,0.30000000000000004,1.8,9.600000000000001,-10.1,-9.1,3.4,16
9443,158012.0,-0.6000000000000001,0.4,-0.2,0.30000000000000004,1.8,9.600000000000001,-10.1,-9.1,3.4,16
9444,158029.0,-0.7000000000000001,0.5,-0.1,0.30000000000000004,1.9000000000000001,9.700000000000001,-7.2,-7.2,5.0,16
9445,158046.0,-0.7000000000000001,0.6000000000000001,-0.1,0.2,2.1,9.700000000000001,-2.3000000000000003,-2.0,7.8,16
9446,158064.0,-0.7000000000000001,0.8,-0.1,0.30000000000000004,2.2,9.700000000000001,3.4,3.8,10.1,16
9447,158082.0,-0.6000000000000001,1.0,-0.1,0.30000000000000004,2.4000000000000004,9.700000000000001,7.500000000000001,7.400000000000001,10.0,16
9448,158102.0,-0.5,1.1,0.0,0.4,2.5,9.700000000000001,7.699999999999999,7.300000000000001,7.699999999999999,16
9449,158113.0,-0.4,1.2000000000000002,0.0,0.5,2.7,9.8,4.9,6.5,4.5,16
9450,158130.0,-0.30000000000000004,1.2000000000000002,0.0,0.6000000000000001,2.7,9.9,1.3,7.1000000000000005,1.3,16
9451,158146.0,-0.2,1.2000000000000002,0.30000000000000004,0.7000000000000001,2.7,10.200000000000001,-2.9,7.8,-1.3,16
9452,158162.0,0.1,1.1,0.7000000000000001,0.9,2.5,10.5,-6.8,8.0,-3.3000000000000003,16
9453,158179.0,0.5,0.9,0.9,1.3,2.3000000000000003,10.700000000000001,-8.700000000000001,9.1,-5.6,16
9454,158202.0,0.9,0.7000000000000001,0.9,1.6,2.1,10.700000000000001,-6.7,13.100000000000001,-8.600000000000001,16
9455,158214.0,0.9,0.6000000000000001,0.8,1.5,2.0,10.5,-1.4,20.900000000000002,-11.700000000000001,16
9456,158241.0,0.0,0.5,0.6000000000000001,0.1,2.0,10.8,4.3999999999999995,26.400000000000002,-15.399999999999999,16
9457,158246.0,0.0,0.5,0.6000000000000001,0.1,2.0,10.8,4.3999999999999995,26.400000000000002,-15.399999999999999,16
9458,158263.0,-0.7000000000000001,0.6000000000000001,1.4000000000000001,-0.2,2.0,11.3,-5.7,8.9,-14.700000000000001,16
9459,158279.0,-0.6000000000000001,0.4,1.2000000000000002,-0.1,1.8,11.0,-15.2,-2.4000000000000004,-11.4,16
9460,158297.0,-0.30000000000000004,0.1,1.4000000000000001,0.2,1.5,11.200000000000001,-16.3,-4.800000000000001,-7.699999999999999,16
9461,158312.0,-0.1,-0.1,1.6,0.4,1.2000000000000002,11.5,-14.900000000000002,-2.6,-6.1000000000000005,16
9462,158329.0,0.1,-0.2,1.6,0.6000000000000001,1.1,11.5,-9.3,0.30000000000000004,-3.9,16
9463,158346.0,0.4,-0.4,1.5,0.8,0.9,11.4,0.7,5.300000000000001,-2.1999999999999997,16
9464,158362.0,0.6000000000000001,-0.6000000000000001,1.4000000000000001,1.2000000000000002,0.7000000000000001,11.100000000000001,7.9,6.6000000000000005,-3.8,16
9465,158379.0,0.9,-0.8,0.6000000000000001,1.3,0.5,10.4,12.4,7.300000000000001,-6.9,16
9466,158400.0,0.7000000000000001,-0.8,-0.1,1.1,0.6000000000000001,9.8,16.5,10.5,-7.699999999999999,16
9467,158416.0,0.6000000000000001,-0.8,-0.4,0.9,0.6000000000000001,9.5,17.599999999999998,11.4,-5.500000000000001,16
9468,158431.0,0.6000000000000001,-0.9,-0.6000000000000001,1.0,0.6000000000000001,9.200000000000001,15.9,9.5,-3.3000000000000003,16
9469,158446.0,0.7000000000000001,-1.0,-1.1,1.0,0.5,8.8,15.8,9.0,-1.6,16
9470,158463.0,0.6000000000000001,-1.0,-1.3,0.8,0.5,8.5,18.0,11.2,-0.9,16
9471,158483.0,0.4,-1.1,-1.3,0.6000000000000001,0.5,8.6,18.1,9.4,-1.2000000000000002,16
9472,158497.0,0.2,-1.2000000000000002,-1.2000000000000002,0.4,0.5,8.6,14.600000000000001,3.7000000000000006,-1.8,16
9473,158513.0,0.1,-1.1,-1.2000000000000002,0.4,0.5,8.700000000000001,9.9,-3.6,-1.8,16
9474,158536.0,0.30000000000000004,-1.2000000000000002,-0.8,0.6000000000000001,0.5,8.9,3.7000000000000006,-10.700000000000001,-2.0,16
9475,158546.0,0.4,-1.2000000000000002,-0.7000000000000001,0.8,0.5,9.1,-2.3000000000000003,-17.5,-1.9,16
9476,158563.0,0.5,-1.1,-0.6000000000000001,1.0,0.6000000000000001,9.3,-5.7,-19.1,-0.5,16
9477,158579.0,0.6000000000000001,-1.1,-0.5,1.0,0.6000000000000001,9.200000000000001,-6.4,-17.400000000000002,0.9,16
9478,158597.0,0.4,-1.0,-0.8,0.9,0.7000000000000001,9.0,-3.6,-10.9,1.7,16
9479,158612.0,0.1,-0.9,-0.9,0.4,0.8,8.8,1.5000000000000002,-2.8,2.6,16
9480,158629.0,-0.6000000000000001,-0.7000000000000001,-1.1,-0.2,1.0,8.700000000000001,5.4,-0.6000000000000001,3.8,16
9481,158646.0,-1.1,-0.5,-1.3,-0.6000000000000001,1.2000000000000002,8.4,7.300000000000001,-2.4000000000000004,5.300000000000001,16
9482,158665.0,-1.3,-0.4,-1.5,-0.8,1.2000000000000002,8.200000000000001,7.300000000000001,-6.1000000000000005,6.6000000000000005,16
9483,158679.0,-1.4000000000000001,-0.4,-1.5,-0.9,1.3,8.200000000000001,4.5,-12.8,6.9,16
9484,158696.0,-1.4000000000000001,-0.30000000000000004,-1.5,-0.9,1.3,8.200000000000001,4.5,-12.8,6.9,16
9485,158714.0,-1.3,-0.2,-1.3,-0.6000000000000001,1.4000000000000001,8.5,-8.200000000000001,-23.5,6.3,16
9486,158730.0,-1.1,-0.30000000000000004,-1.1,-0.30000000000000004,1.3,8.8,-13.200000000000001,-24.400000000000002,5.500000000000001,16
9487,158746.0,-1.0,-0.30000000000000004,-0.5,-0.2,1.3,9.200000000000001,-15.000000000000002,-20.7,5.500000000000001,16
9488,158762.0,-1.0,-0.30000000000000004,-0.30000000000000004,-0.2,1.2000000000000002,9.600000000000001,-13.8,-16.1,6.000000000000001,16
9489,158779.0,-1.0,-0.2,0.1,-0.2,1.2000000000000002,9.9,-9.4,-9.200000000000001,7.0,16
9490,158796.0,-1.1,-0.2,0.30000000000000004,-0.30000000000000004,1.2000000000000002,10.0,-3.9,-2.4000000000000004,7.1000000000000005,16
9491,158812.0,-1.1,-0.2,0.30000000000000004,-0.4,1.3,10.100000000000001,1.4,3.6,5.9,16
9492,158829.0,-1.3,-0.2,0.4,-0.5,1.3,10.200000000000001,4.6000000000000005,6.3,4.0,16
9493,158846.0,-1.3,-0.1,0.6000000000000001,-0.5,1.4000000000000001,10.3,4.300000000000001,5.8,2.5,16
9494,158863.0,-1.3,0.0,0.6000000000000001,-0.5,1.5,10.4,2.7,5.2,2.8,16
9495,158886.0,-1.1,0.0,0.8,-0.4,1.5,10.5,2.8,7.9,4.800000000000001,16
9496,158896.0,-1.1,-0.1,0.9,-0.4,1.4000000000000001,10.700000000000001,4.800000000000001,10.600000000000001,6.8,16
9497,158912.0,-1.0,-0.1,1.0,-0.4,1.4000000000000001,10.700000000000001,7.9,12.5,8.5,16
9498,158929.0,-1.1,-0.1,1.1,-0.5,1.4000000000000001,10.8,11.1,11.5,9.9,16
9499,158946.0,-1.2000000000000002,0.0,1.1,-0.7000000000000001,1.6,10.8,12.700000000000001,9.600000000000001,10.2,16
9500,158964.0,-1.4000000000000001,0.30000000000000004,1.2000000000000002,-0.8,1.9000000000000001,11.0,12.3,5.9,10.3,16
9501,158979.0,-1.3,0.4,1.6,-0.4,2.1,11.700000000000001,4.2,-8.5,10.3,16
9502,158997.0,-0.30000000000000004,0.5,1.9000000000000001,0.7000000000000001,2.1,11.600000000000001,-9.1,-25.6,10.4,16
9503,159012.0,0.9,0.30000000000000004,1.6,1.7000000000000002,1.9000000000000001,11.4,-19.8,-33.0,9.700000000000001,16
9504,159029.0,1.3,0.30000000000000004,1.5,2.3000000000000003,1.7000000000000002,11.4,-24.7,-29.300000000000004,9.1,16
9505,159046.0,1.6,0.1,1.5,2.6,1.5,11.3,-22.2,-22.5,9.9,16
9506,159064.0,1.8,0.1,1.4000000000000001,2.8000000000000003,1.4000000000000001,11.3,-15.399999999999999,-12.6,11.700000000000001,16
9507,159079.0,1.9000000000000001,-0.1,1.3,2.9000000000000004,1.2000000000000002,11.0,-8.0,-4.6000000000000005,12.5,16
9508,159097.0,2.0,-0.1,0.7000000000000001,3.1,1.2000000000000002,10.4,1.6,1.7,12.3,16
9509,159112.0,2.2,-0.30000000000000004,0.0,3.2,1.1,9.8,11.9,9.4,10.3,16
9510,159129.0,2.5,-0.4,-0.6000000000000001,3.5,1.1,9.3,19.500000000000004,13.4,6.5,16
9511,159146.0,2.7,-0.5,-0.9,3.8000000000000003,1.0,8.700000000000001,22.3,14.0,0.2,16
9512,159163.0,2.9000000000000004,-0.6000000000000001,-1.7000000000000002,3.8000000000000003,1.0,8.1,22.000000000000004,12.9,-8.200000000000001,16
9513,159180.0,2.4000000000000004,-0.6000000000000001,-2.3000000000000003,3.4000000000000004,1.0,7.5,19.1,12.4,-16.2,16
9514,159196.0,1.9000000000000001,-0.5,-2.5,2.6,1.2000000000000002,7.2,11.3,9.9,-20.6,16
9515,159212.0,1.1,-0.2,-2.5,1.9000000000000001,1.4000000000000001,7.300000000000001,-0.7,2.9,-20.7,16
9516,159229.0,0.6000000000000001,0.0,-2.0,1.5,1.6,7.7,-15.399999999999999,-8.799999999999999,-17.8,16
9517,159246.0,0.6000000000000001,0.0,-1.6,1.7000000000000002,1.5,8.4,-29.800000000000004,-21.6,-14.3,16
9518,159264.0,0.9,-0.1,-0.9,2.1,1.3,8.9,-38.1,-31.3,-12.8,16
9519,159279.0,1.3,-0.30000000000000004,-0.4,2.5,1.0,9.3,-39.2,-31.4,-14.600000000000001,16
9520,159296.0,1.2000000000000002,-0.30000000000000004,-0.2,2.3000000000000003,1.0,9.600000000000001,-32.300000000000004,-23.700000000000003,-16.700000000000003,16
9521,159312.0,0.7000000000000001,-0.2,-0.1,1.9000000000000001,1.0,9.700000000000001,-20.2,-13.4,-16.2,16
9522,159329.0,0.2,0.0,0.0,1.5,1.2000000000000002,9.700000000000001,-8.700000000000001,-2.8,-13.4,16
9523,159347.0,0.0,0.1,-0.2,1.1,1.2000000000000002,9.4,-2.0,2.9,-10.700000000000001,16
9524,159363.0,-0.5,0.1,-0.6000000000000001,0.7000000000000001,1.3,9.0,0.5,5.2,-9.4,16
9525,159379.0,-0.9,0.30000000000000004,-0.9,0.30000000000000004,1.4000000000000001,8.9,0.0,5.500000000000001,-8.0,16
9526,159399.0,-1.1,0.4,-0.9,0.1,1.6,8.8,-1.0,3.5,-4.800000000000001,16
9527,159414.0,-1.2000000000000002,0.4,-0.9,0.1,1.6,8.9,-2.8,0.4,-1.6,16
9528,159429.0,-0.9,0.4,-0.8,0.30000000000000004,1.5,8.9,-4.0,-3.3000000000000003,0.6000000000000001,16
9529,159445.0,-0.8,0.4,-0.7000000000000001,0.5,1.5,9.0,-4.6000000000000005,-6.5,0.6000000000000001,16
9530,159462.0,-0.6000000000000001,0.30000000000000004,-0.6000000000000001,0.6000000000000001,1.5,9.1,-4.5,-8.799999999999999,0.4,16
9531,159479.0,-0.6000000000000001,0.4,-0.5,0.6000000000000001,1.5,9.200000000000001,-4.0,-7.699999999999999,2.0,16
9532,159496.0,-0.7000000000000001,0.4,-0.5,0.5,1.6,9.3,-2.6,-3.9,5.1,16
9533,159512.0,-0.8,0.6000000000000001,-0.2,0.5,1.7000000000000002,9.5,-1.4,0.30000000000000004,9.0,16
9534,159529.0,-0.7000000000000001,0.7000000000000001,-0.2,0.5,1.8,9.5,-0.5,4.3999999999999995,11.5,16
9535,159545.0,-0.6000000000000001,0.8,-0.1,0.6000000000000001,1.9000000000000001,9.700000000000001,0.4,10.4,11.8,16
9536,159562.0,-0.6000000000000001,1.0,0.1,0.6000000000000001,2.1,9.9,1.5000000000000002,14.200000000000001,11.2,16
9537,159579.0,-0.4,1.1,0.30000000000000004,0.7000000000000001,2.2,10.0,1.8,17.9,10.3,16
9538,159596.0,-0.1,1.1,0.4,0.9,2.3000000000000003,10.100000000000001,1.7,20.5,9.1,16
9539,159612.0,0.0,1.1,0.4,1.2000000000000002,2.2,10.200000000000001,1.8,21.900000000000002,7.699999999999999,16
9540,159629.0,0.4,1.0,0.6000000000000001,1.5,2.2,10.4,0.30000000000000004,20.900000000000002,5.4,16
9541,159647.0,1.0,0.9,0.8,1.9000000000000001,2.1,10.600000000000001,-2.8,17.9,2.4000000000000004,16
9542,159663.0,1.2000000000000002,0.8,0.8,2.0,1.9000000000000001,10.5,-4.2,19.200000000000003,-1.0,16
9543,159679.0,1.0,0.8,0.5,1.6,1.9000000000000001,10.200000000000001,-1.6,25.700000000000003,-2.5,16
9544,159696.0,0.5,0.8,0.4,0.6000000000000001,2.1,10.200000000000001,3.5,32.5,-0.8,16
9545,159712.0,-0.6000000000000001,1.1,0.8,-0.2,2.3000000000000003,11.0,4.2,27.2,2.8,16
9546,159729.0,-0.9,1.0,2.0,-0.2,2.2,11.8,-3.5,7.0,5.500000000000001,16
9547,159746.0,-0.4,0.7000000000000001,1.6,0.2,1.8,11.4,-8.5,-5.7,7.400000000000001,16
9548,159763.0,-0.30000000000000004,0.5,1.4000000000000001,0.5,1.5,11.3,-2.1,-2.3000000000000003,8.700000000000001,16
9549,159779.0,-0.1,0.1,1.8,0.4,1.3,11.600000000000001,6.8,5.6,9.4,16
9550,159796.0,-0.30000000000000004,0.1,2.0,0.30000000000000004,1.3,11.9,9.700000000000001,3.6,11.8,16
9551,159812.0,0.1,0.0,2.6,1.3,1.0,12.3,9.4,-4.7,12.200000000000001,16
9552,159829.0,1.6,-0.6000000000000001,2.2,2.5,0.5,11.9,5.9,-11.3,7.2,16
9553,159846.0,2.2,-1.0,1.2000000000000002,2.8000000000000003,0.30000000000000004,11.100000000000001,7.2,-5.300000000000001,0.7,16
9554,159864.0,2.0,-1.0,0.9,2.4000000000000004,0.30000000000000004,10.600000000000001,15.9,9.4,-1.4,16
9555,159879.0,1.5,-0.9,0.5,2.1,0.4,10.4,20.900000000000002,17.1,1.8,16
9556,159897.0,1.3,-1.0,0.1,2.0,0.30000000000000004,10.0,22.5,18.8,5.7,16
9557,159912.0,1.4000000000000001,-1.2000000000000002,-0.30000000000000004,2.0,0.2,9.1,24.8,20.6,7.2,16
9558,159930.0,1.3,-1.3,-1.4000000000000001,1.7000000000000002,0.2,8.200000000000001,30.5,26.6,6.6000000000000005,16
9559,159945.0,0.9,-1.3,-2.3000000000000003,1.3,0.30000000000000004,7.5,36.0,31.7,5.4,16
9560,159962.0,0.7000000000000001,-1.3,-2.5,0.8,0.4,7.300000000000001,36.5,30.799999999999997,4.2,16
9561,159979.0,0.30000000000000004,-1.2000000000000002,-2.6,0.5,0.6000000000000001,7.1000000000000005,31.3,21.3,3.1,16
9562,159996.0,0.30000000000000004,-1.2000000000000002,-2.7,0.6000000000000001,0.7000000000000001,7.0,21.400000000000002,8.600000000000001,1.2000000000000002,16
9563,160012.0,0.4,-1.2000000000000002,-2.6,0.8,0.6000000000000001,7.1000000000000005,8.5,-4.6000000000000005,-3.3000000000000003,16
9564,160029.0,0.7000000000000001,-1.3,-2.6,1.0,0.6000000000000001,7.2,-4.7,-16.400000000000002,-8.200000000000001,16
9565,160045.0,0.7000000000000001,-1.2000000000000002,-2.4000000000000004,1.1,0.6000000000000001,7.300000000000001,-16.2,-22.6,-11.000000000000002,16
9566,160065.0,0.8,-1.2000000000000002,-2.0,1.2000000000000002,0.5,7.7,-25.700000000000003,-25.0,-11.4,16
9567,160079.0,0.8,-1.2000000000000002,-1.8,1.3,0.4,8.1,-31.900000000000002,-22.8,-10.4,16
9568,160096.0,0.7000000000000001,-1.1,-1.2000000000000002,1.2000000000000002,0.4,8.6,-32.1,-18.900000000000002,-8.1,16
9569,160118.0,0.4,-1.0,-0.8,1.0,0.5,8.9,-26.8,-14.900000000000002,-5.0,16
9570,160132.0,0.0,-0.8,-0.5,0.7000000000000001,0.6000000000000001,9.200000000000001,-19.3,-11.9,-2.8,16
9571,160146.0,-0.2,-0.7000000000000001,-0.30000000000000004,0.5,0.7000000000000001,9.4,-13.9,-14.0,-2.4000000000000004,16
9572,160163.0,-0.4,-0.4,-0.30000000000000004,0.30000000000000004,0.9,9.4,-11.4,-20.8,-2.9,16
9573,160179.0,-0.4,-0.2,-0.30000000000000004,0.4,1.1,9.5,-13.0,-26.8,-3.4,16
9574,160196.0,-0.30000000000000004,-0.2,-0.2,0.4,1.1,9.5,-13.0,-26.8,-3.4,16
9575,160213.0,-0.30000000000000004,-0.2,-0.2,0.7000000000000001,1.2000000000000002,9.5,-16.700000000000003,-31.0,-4.3999999999999995,16
9576,160229.0,-0.1,0.2,0.1,1.0,1.4000000000000001,9.9,-21.5,-26.700000000000003,-5.8,16
9577,160246.0,0.0,0.30000000000000004,0.4,1.1,1.4000000000000001,10.100000000000001,-21.8,-21.8,-7.400000000000001,16
9578,160263.0,-0.1,0.5,0.5,1.1,1.5,10.200000000000001,-18.5,-14.800000000000002,-9.1,16
9579,160285.0,-0.2,0.7000000000000001,0.6000000000000001,1.0,1.6,10.3,-13.3,-6.3,-11.4,16
9580,160296.0,-0.30000000000000004,0.7000000000000001,0.6000000000000001,0.8,1.7000000000000002,10.3,-6.3,1.0999999999999999,-15.2,16
9581,160314.0,-0.7000000000000001,0.8,0.6000000000000001,0.4,1.8,10.3,-0.8,6.4,-20.2,16
9582,160330.0,-1.2000000000000002,0.9,0.6000000000000001,0.0,1.9000000000000001,10.3,-0.2,5.0,-23.8,16
9583,160346.0,-1.3,0.9,0.5,-0.30000000000000004,1.9000000000000001,10.100000000000001,-2.3000000000000003,1.9,-24.8,16
9584,160363.0,-1.4000000000000001,0.8,0.30000000000000004,-0.4,1.8,10.100000000000001,-3.9,0.9,-24.000000000000004,16
9585,160389.0,-1.3,0.6000000000000001,0.5,-0.30000000000000004,1.7000000000000002,10.200000000000001,-3.9,1.0999999999999999,-23.0,16
9586,160396.0,-1.4000000000000001,0.6000000000000001,0.7000000000000001,-0.30000000000000004,1.5,10.5,-1.4,1.9,-22.2,16
9587,160412.0,-1.4000000000000001,0.6000000000000001,0.7000000000000001,-0.30000000000000004,1.5,10.5,-1.4,1.9,-22.2,16
9588,160429.0,-1.2000000000000002,0.4,1.2000000000000002,-0.2,1.4000000000000001,11.0,4.5,1.8,-21.5,16
9589,160446.0,-1.1,0.4,1.3,-0.2,1.5,11.0,6.7,3.6,-20.4,16
9590,160463.0,-1.0,0.4,1.3,0.0,1.5,11.0,7.699999999999999,6.1000000000000005,-18.5,16
9591,160488.0,-0.7000000000000001,0.4,1.2000000000000002,0.2,1.5,11.0,8.700000000000001,9.3,-16.3,16
9592,160496.0,-0.5,0.30000000000000004,1.2000000000000002,0.4,1.5,10.8,11.000000000000002,14.0,-14.4,16
9593,160512.0,-0.4,0.2,0.8,0.30000000000000004,1.4000000000000001,10.600000000000001,16.2,19.9,-13.100000000000001,16
9594,160529.0,-0.8,0.30000000000000004,0.5,0.0,1.5,10.3,23.5,25.0,-12.100000000000001,16
9595,160546.0,-1.1,0.30000000000000004,0.4,-0.6000000000000001,1.7000000000000002,10.100000000000001,30.7,26.8,-10.0,16
9596,160563.0,-1.5,0.4,0.1,-1.0,1.8,9.8,35.8,25.2,-9.0,16
9597,160584.0,-1.5,0.30000000000000004,0.4,-1.1,1.8,10.100000000000001,35.6,18.0,-12.000000000000002,16
9598,160596.0,-1.3,0.2,1.0,-0.6000000000000001,1.9000000000000001,10.700000000000001,20.2,-7.6,-17.7,16
9599,160612.0,-0.5,0.2,0.6000000000000001,0.1,1.8,10.3,0.2,-20.1,-20.2,16
9600,160629.0,0.2,-0.2,0.2,0.7000000000000001,1.4000000000000001,10.0,-8.4,-21.3,-19.3,16
9601,160646.0,0.6000000000000001,-0.4,0.30000000000000004,1.2000000000000002,1.1,10.100000000000001,-11.000000000000002,-11.6,-19.500000000000004,16
9602,160663.0,0.6000000000000001,-0.5,0.4,1.1,1.1,10.200000000000001,-9.8,-0.6000000000000001,-16.700000000000003,16
9603,160687.0,0.7000000000000001,-0.7000000000000001,0.6000000000000001,1.7000000000000002,0.7000000000000001,10.5,-5.8,5.7,-12.4,16
9604,160696.0,1.0,-0.8,0.7000000000000001,1.7000000000000002,0.7000000000000001,10.5,-0.5,5.2,-10.600000000000001,16
9605,160712.0,1.5,-1.0,0.6000000000000001,2.1,0.5,10.3,4.0,1.0,-11.3,16
9606,160729.0,1.7000000000000002,-1.1,0.0,2.2,0.5,9.8,8.5,-0.30000000000000004,-12.100000000000001,16
9607,160746.0,1.6,-1.0,-0.4,1.9000000000000001,0.8,9.1,14.600000000000001,5.6,-9.9,16
9608,160763.0,1.1,-0.7000000000000001,-0.9,1.6,1.0,8.9,18.0,10.700000000000001,-5.8,16
9609,160785.0,0.9,-0.6000000000000001,-1.0,1.4000000000000001,1.1,8.8,16.0,8.700000000000001,-1.9,16
9610,160796.0,0.8,-0.5,-1.0,1.2000000000000002,1.3,8.700000000000001,10.2,1.9,0.7,16
9611,160814.0,0.7000000000000001,-0.30000000000000004,-1.1,1.1,1.5,8.6,3.8,-3.5,1.7,16
9612,160831.0,0.6000000000000001,-0.2,-1.1,1.1,1.5,8.6,-2.5,-9.0,0.9,16
9613,160846.0,0.6000000000000001,-0.2,-1.1,1.0,1.5,8.700000000000001,-7.300000000000001,-11.5,-1.4,16
9614,160863.0,0.30000000000000004,-0.1,-1.1,0.8,1.6,8.700000000000001,-7.8,-10.8,-2.9,16
9615,160886.0,-0.1,-0.1,-1.0,0.2,1.6,8.6,-5.4,-7.699999999999999,-3.0000000000000004,16
9616,160896.0,-0.30000000000000004,0.0,-1.1,0.2,1.6,8.6,-2.5,-6.2,-2.1999999999999997,16
9617,160913.0,-0.6000000000000001,0.0,-1.3,0.0,1.6,8.4,-2.3000000000000003,-6.1000000000000005,-2.1999999999999997,16
9618,160931.0,-0.7000000000000001,-0.1,-1.4000000000000001,-0.1,1.6,8.3,-3.9,-6.9,-3.4,16
9619,160946.0,-1.0,-0.1,-1.6,-0.30000000000000004,1.6,8.1,-5.7,-4.5,-4.0,16
9620,160964.0,-1.1,-0.1,-1.6,-0.5,1.5,8.1,-6.5,-2.8,-2.9,16
9621,161002.0,-1.4000000000000001,-0.1,-1.4000000000000001,-0.8,1.4000000000000001,8.3,-11.4,-4.5,0.2,16
9622,161012.0,-1.5,-0.1,-1.1,-0.9,1.5,8.700000000000001,-15.000000000000002,-7.0,2.8,16
9623,161029.0,-1.6,0.0,-0.7000000000000001,-0.9,1.5,9.1,-17.5,-11.3,6.6000000000000005,16
9624,161048.0,-1.3,0.0,-0.2,-0.5,1.4000000000000001,9.4,-17.400000000000002,-13.200000000000001,10.2,16
9625,161064.0,-1.1,0.0,-0.1,-0.30000000000000004,1.4000000000000001,9.700000000000001,-13.700000000000001,-10.600000000000001,12.8,16
9626,161079.0,-1.0,0.1,0.2,-0.30000000000000004,1.5,9.9,-8.700000000000001,-6.000000000000001,15.299999999999999,16
9627,161095.0,-1.1,0.4,0.4,-0.30000000000000004,1.7000000000000002,10.100000000000001,-2.5,-0.9,19.8,16
9628,161112.0,-1.1,0.5,0.4,-0.2,1.9000000000000001,10.100000000000001,3.2,4.6000000000000005,24.7,16
9629,161130.0,-0.9,0.6000000000000001,0.4,-0.1,2.0,10.100000000000001,6.6000000000000005,8.9,27.3,16
9630,161145.0,-0.7000000000000001,0.8,0.4,0.0,2.2,10.100000000000001,9.1,12.700000000000001,28.500000000000004,16
9631,161163.0,-0.6000000000000001,0.9,0.5,0.2,2.3000000000000003,10.200000000000001,9.700000000000001,14.600000000000001,28.8,16
9632,161179.0,-0.30000000000000004,0.8,0.6000000000000001,0.5,2.2,10.3,7.2,12.4,27.400000000000002,16
9633,161195.0,0.1,0.8,0.6000000000000001,0.5,2.2,10.3,7.2,12.4,27.400000000000002,16
9634,161217.0,0.9,0.7000000000000001,0.7000000000000001,1.4000000000000001,2.1,10.4,0.30000000000000004,9.600000000000001,19.9,16
9635,161229.0,1.1,0.7000000000000001,0.7000000000000001,1.7000000000000002,2.1,10.4,-3.0000000000000004,12.4,15.299999999999999,16
9636,161246.0,1.1,0.7000000000000001,0.5,1.6,2.1,10.200000000000001,-5.0,17.9,11.2,16
9637,161264.0,0.30000000000000004,0.8,0.5,0.8,2.2,10.200000000000001,-5.4,25.400000000000002,8.799999999999999,16
9638,161281.0,-0.1,0.9,1.0,0.2,2.3000000000000003,11.200000000000001,-11.6,18.3,8.799999999999999,16
9639,161299.0,-0.1,0.8,2.2,0.4,2.1,11.8,-24.9,-0.9,11.2,16
9640,161314.0,0.30000000000000004,0.2,1.4000000000000001,0.7000000000000001,1.5,11.200000000000001,-27.900000000000002,-5.6,14.700000000000001,16
9641,161329.0,0.30000000000000004,0.1,1.2000000000000002,0.6000000000000001,1.3,11.200000000000001,-15.6,6.2,17.200000000000003,16
9642,161346.0,-0.1,0.0,1.7000000000000002,0.30000000000000004,1.1,11.5,-0.6000000000000001,15.5,20.5,16
9643,161363.0,-0.2,-0.1,1.5,0.2,1.1,11.4,11.700000000000001,15.6,23.2,16
9644,161384.0,0.1,-0.4,1.4000000000000001,0.4,0.9,11.3,17.0,8.0,21.6,16
9645,161398.0,0.30000000000000004,-0.5,1.2000000000000002,0.7000000000000001,0.8,11.0,14.700000000000001,-3.3000000000000003,16.900000000000002,16
9646,161414.0,0.5,-0.6000000000000001,0.9,0.9,0.7000000000000001,10.700000000000001,10.2,-10.600000000000001,13.4,16
9647,161429.0,0.7000000000000001,-0.7000000000000001,0.9,1.4000000000000001,0.6000000000000001,10.9,5.500000000000001,-12.000000000000002,13.5,16
9648,161446.0,1.0,-0.7000000000000001,1.1,1.4000000000000001,0.6000000000000001,10.9,5.500000000000001,-12.000000000000002,13.5,16
9649,161464.0,1.9000000000000001,-1.1,1.1,2.5,0.2,10.9,3.2,-7.6,13.9,16
9650,161484.0,1.9000000000000001,-1.3,0.30000000000000004,2.5,0.0,10.3,9.4,2.7,12.000000000000002,16
9651,161500.0,1.6,-1.4000000000000001,-0.1,2.1,0.0,9.700000000000001,19.700000000000003,14.3,9.9,16
9652,161512.0,1.3,-1.3,-0.4,1.4000000000000001,0.1,9.200000000000001,27.8,22.8,8.0,16
9653,161529.0,0.6000000000000001,-1.3,-0.9,0.9,0.30000000000000004,8.700000000000001,30.599999999999998,20.2,6.4,16
9654,161546.0,0.2,-1.2000000000000002,-1.5,0.6000000000000001,0.4,8.3,28.700000000000003,14.600000000000001,5.300000000000001,16
9655,161563.0,0.1,-1.1,-1.6,0.5,0.6000000000000001,8.1,22.900000000000002,5.6,4.5,16
9656,161582.0,0.2,-1.1,-1.9000000000000001,0.6000000000000001,0.6000000000000001,7.9,13.700000000000001,-2.5,3.0000000000000004,16
9657,161596.0,0.30000000000000004,-1.0,-1.9000000000000001,0.8,0.7000000000000001,7.800000000000001,4.7,-10.8,1.6,16
9658,161612.0,0.4,-1.0,-2.1,0.9,0.7000000000000001,7.7,-1.8,-12.700000000000001,1.0,16
9659,161629.0,0.4,-1.0,-2.0,0.7000000000000001,0.7000000000000001,7.7,-4.7,-9.8,1.4,16
9660,161646.0,0.0,-0.9,-1.9000000000000001,0.4,0.8,7.800000000000001,-5.4,-6.4,2.7,16
9661,161663.0,-0.4,-0.7000000000000001,-1.7000000000000002,0.1,0.9,8.0,-5.9,-5.4,4.5,16
9662,161682.0,-0.7000000000000001,-0.7000000000000001,-1.4000000000000001,-0.1,1.0,8.3,-6.4,-7.400000000000001,6.1000000000000005,16
9663,161698.0,-0.7000000000000001,-0.6000000000000001,-1.3,-0.1,1.0,8.4,-4.300000000000001,-8.3,7.2,16
9664,161713.0,-0.6000000000000001,-0.5,-1.1,0.0,1.1,8.6,-1.8,-8.4,6.8,16
9665,161730.0,-0.6000000000000001,-0.4,-0.9,0.0,1.2000000000000002,8.8,-1.3,-10.2,5.2,16
9666,161746.0,-0.7000000000000001,-0.2,-0.8,-0.1,1.4000000000000001,8.9,-1.9,-13.100000000000001,3.8,16
9667,161763.0,-0.8,0.0,-0.6000000000000001,-0.1,1.6,9.1,-4.3999999999999995,-14.3,2.3000000000000003,16
9668,161779.0,-0.7000000000000001,0.1,-0.4,0.0,1.6,9.200000000000001,-8.700000000000001,-14.4,-0.30000000000000004,16
9669,161796.0,-0.6000000000000001,0.1,-0.30000000000000004,0.1,1.7000000000000002,9.5,-11.700000000000001,-12.3,-3.2,16
9670,161813.0,-0.6000000000000001,0.30000000000000004,0.2,0.1,1.8,9.8,-9.4,-4.5,-5.6,16
9671,161830.0,-0.9,0.4,0.1,-0.1,1.8,9.8,-6.1000000000000005,1.7,-7.0,16
9672,161846.0,-1.0,0.4,0.2,-0.30000000000000004,1.9000000000000001,9.9,-3.4,4.5,-8.5,16
9673,161863.0,-1.0,0.4,0.4,-0.30000000000000004,1.8,10.100000000000001,0.4,7.0,-10.4,16
9674,161880.0,-1.0,0.30000000000000004,0.7000000000000001,-0.30000000000000004,1.8,10.4,5.1,9.3,-13.100000000000001,16
9675,161896.0,-1.0,0.30000000000000004,0.7000000000000001,-0.4,1.8,10.3,9.600000000000001,10.8,-15.7,16
9676,161912.0,-1.0,0.30000000000000004,0.7000000000000001,-0.4,1.8,10.3,12.3,11.6,-17.5,16
9677,161930.0,-0.8,0.0,0.5,-0.30000000000000004,1.6,10.100000000000001,13.5,13.200000000000001,-18.8,16
9678,161945.0,-0.7000000000000001,-0.1,0.5,-0.30000000000000004,1.4000000000000001,10.100000000000001,12.000000000000002,13.8,-20.8,16
9679,161963.0,-0.8,-0.2,0.4,-0.5,1.5,10.0,9.700000000000001,13.3,-21.0,16
9680,161991.0,-0.9,-0.1,0.6000000000000001,-0.6000000000000001,1.7000000000000002,10.3,2.1999999999999997,5.300000000000001,-13.200000000000001,16
9681,161996.0,-0.9,-0.1,0.6000000000000001,-0.6000000000000001,1.7000000000000002,10.3,2.1999999999999997,5.300000000000001,-13.200000000000001,16
9682,162012.0,-0.9,0.1,1.0,-0.5,1.8,10.9,1.6,2.1999999999999997,-9.1,16
9683,162029.0,-0.5,0.1,1.9000000000000001,-0.1,1.8,11.600000000000001,-3.6,-10.0,-8.5,16
9684,162045.0,-0.2,0.2,2.2,0.5,1.9000000000000001,11.9,-14.100000000000001,-23.6,-9.8,16
9685,162063.0,0.2,0.30000000000000004,2.1,0.6000000000000001,2.0,11.700000000000001,-15.9,-19.6,-7.6,16
9686,162079.0,0.1,0.5,1.8,0.5,2.1,11.5,-10.5,-8.600000000000001,-3.3000000000000003,16
9687,162095.0,0.0,0.5,1.9000000000000001,0.5,2.2,11.700000000000001,-1.0999999999999999,0.6000000000000001,-0.6000000000000001,16
9688,162112.0,0.0,0.7000000000000001,2.0,0.6000000000000001,2.2,11.700000000000001,6.7,2.7,-0.7,16
9689,162129.0,0.4,0.5,1.7000000000000002,0.9,2.1,11.4,8.799999999999999,-3.7000000000000006,-3.6,16
9690,162145.0,1.0,0.4,0.9,1.4000000000000001,2.0,10.700000000000001,7.9,-7.699999999999999,-7.6,16
9691,162162.0,1.2000000000000002,0.30000000000000004,0.5,1.9000000000000001,1.8,10.200000000000001,7.9,-5.7,-11.3,16
9692,162179.0,1.8,-0.1,0.2,2.4000000000000004,1.6,10.0,5.4,-0.1,-15.5,16
9693,162198.0,2.0,-0.2,0.1,2.7,1.5,9.700000000000001,3.3000000000000003,4.7,-17.599999999999998,16
9694,162213.0,2.0,-0.2,0.1,2.7,1.5,9.700000000000001,3.3000000000000003,4.7,-17.599999999999998,16
9695,162229.0,2.5,-0.6000000000000001,-0.6000000000000001,3.0,1.2000000000000002,9.1,3.3000000000000003,17.599999999999998,-19.0,16
9696,162245.0,2.4000000000000004,-0.6000000000000001,-0.9,2.8000000000000003,1.1,8.8,3.0000000000000004,19.8,-21.1,16
9697,162262.0,2.2,-0.6000000000000001,-1.1,2.4000000000000004,1.2000000000000002,8.5,3.1,18.3,-21.700000000000003,16
9698,162279.0,1.8,-0.5,-1.4000000000000001,2.0,1.2000000000000002,8.3,2.3000000000000003,15.000000000000002,-21.0,16
9699,162296.0,1.3,-0.4,-1.5,1.6,1.3,8.3,-1.0999999999999999,7.500000000000001,-19.9,16
9700,162312.0,1.1,-0.30000000000000004,-1.5,1.2000000000000002,1.5,8.200000000000001,-5.9,-2.0,-17.400000000000002,16
9701,162329.0,0.6000000000000001,-0.1,-1.6,0.9,1.6,8.200000000000001,-9.600000000000001,-8.4,-13.6,16
9702,162346.0,0.30000000000000004,0.0,-1.6,0.6000000000000001,1.7000000000000002,8.1,-11.1,-12.200000000000001,-10.3,16
9703,162363.0,0.1,0.2,-1.6,0.4,1.9000000000000001,8.0,-8.5,-12.3,-8.5,16
9704,162379.0,-0.2,0.30000000000000004,-1.7000000000000002,0.1,2.0,8.0,-5.2,-10.0,-8.3,16
9705,162396.0,-0.5,0.4,-1.8,-0.1,2.0,7.9,-2.9,-9.8,-9.5,16
9706,162413.0,-0.6000000000000001,0.4,-1.8,-0.30000000000000004,2.1,7.9,-2.5,-6.000000000000001,-11.8,16
9707,162429.0,-1.1,0.5,-1.9000000000000001,-0.7000000000000001,2.1,7.800000000000001,-3.6,-5.4,-13.200000000000001,16
9708,162446.0,-1.3,0.5,-1.9000000000000001,-0.7000000000000001,2.1,7.800000000000001,-3.6,-5.4,-13.200000000000001,16
9709,162464.0,-1.6,0.5,-1.6,-1.2000000000000002,2.1,8.0,-12.4,-8.700000000000001,-10.3,16
9710,162479.0,-1.5,0.4,-1.5,-1.1,1.9000000000000001,8.3,-17.200000000000003,-9.0,-7.8,16
9711,162496.0,-1.7000000000000002,0.30000000000000004,-1.1,-1.2000000000000002,1.8,8.6,-17.9,-8.700000000000001,-4.5,16
9712,162512.0,-1.7000000000000002,0.2,-0.9,-1.3,1.7000000000000002,9.0,-16.400000000000002,-7.1000000000000005,-0.6000000000000001,16
9713,162529.0,-1.9000000000000001,0.2,-0.30000000000000004,-1.4000000000000001,1.7000000000000002,9.4,-14.500000000000002,-8.5,3.6,16
9714,162546.0,-1.8,0.30000000000000004,0.1,-1.3,1.7000000000000002,9.8,-12.6,-10.4,7.9,16
9715,162563.0,-1.6,0.4,0.30000000000000004,-1.1,1.7000000000000002,10.0,-9.3,-9.3,12.100000000000001,16
9716,162579.0,-1.5,0.5,0.4,-0.9,1.8,10.0,-4.9,-4.6000000000000005,16.1,16
9717,162596.0,-1.1,0.6000000000000001,0.5,-0.5,1.9000000000000001,10.200000000000001,0.30000000000000004,3.8,19.8,16
9718,162612.0,-1.0,0.6000000000000001,0.7000000000000001,-0.4,2.0,10.3,5.4,10.600000000000001,22.2,16
9719,162629.0,-0.7000000000000001,0.7000000000000001,0.6000000000000001,-0.2,2.1,10.3,6.6000000000000005,13.700000000000001,23.6,16
9720,162646.0,-0.30000000000000004,0.7000000000000001,0.9,0.2,2.1,10.600000000000001,6.8,14.100000000000001,23.2,16
9721,162686.0,0.7000000000000001,0.6000000000000001,1.1,1.0,2.0,10.8,0.7,9.3,18.400000000000002,16
9722,162695.0,0.7000000000000001,0.6000000000000001,1.1,1.0,2.0,10.8,0.7,9.3,18.400000000000002,16
9723,162712.0,0.7000000000000001,0.6000000000000001,0.7000000000000001,1.0,2.1,10.4,1.0,25.3,11.9,16
9724,162729.0,0.1,0.8,0.6000000000000001,-0.1,2.4000000000000004,10.5,3.3000000000000003,30.299999999999997,13.700000000000001,16
9725,162746.0,-0.5,1.1,1.5,-0.4,2.6,11.4,-4.5,18.0,15.9,16
9726,162762.0,-0.2,1.0,2.2,-0.1,2.4000000000000004,11.9,-14.600000000000001,0.9,17.8,16
9727,162779.0,0.1,0.8,2.2,0.5,2.1,12.100000000000001,-13.6,-4.5,16.8,16
9728,162796.0,0.5,0.4,2.4000000000000004,0.8,1.7000000000000002,12.100000000000001,-10.2,-4.0,14.600000000000001,16
9729,162812.0,0.9,0.1,2.1,1.2000000000000002,1.4000000000000001,11.9,-7.2,-3.2,12.8,16
9730,162829.0,1.0,0.1,2.0,1.2000000000000002,1.3,11.700000000000001,1.8,5.2,14.800000000000002,16
9731,162845.0,1.2000000000000002,-0.30000000000000004,1.7000000000000002,1.6,1.0,11.4,9.9,10.0,18.1,16
9732,162863.0,1.7000000000000002,-0.5,1.1,1.9000000000000001,0.8,10.9,16.700000000000003,12.8,19.9,16
9733,162879.0,1.6,-0.5,0.9,1.8,0.9,10.600000000000001,24.400000000000002,16.1,20.7,16
9734,162895.0,1.7000000000000002,-0.6000000000000001,0.5,1.9000000000000001,0.9,10.200000000000001,26.500000000000004,12.3,19.0,16
9735,162912.0,1.8,-0.7000000000000001,-0.2,2.0,0.9,9.5,26.500000000000004,9.700000000000001,15.9,16
9736,162929.0,1.8,-0.8,-0.6000000000000001,1.9000000000000001,0.8,9.0,26.200000000000003,10.3,12.200000000000001,16
9737,162946.0,1.6,-0.9,-1.1,1.6,0.8,8.6,23.3,10.9,8.200000000000001,16
9738,162963.0,1.2000000000000002,-0.9,-1.3,1.3,0.9,8.4,17.200000000000003,8.600000000000001,4.7,16
9739,162982.0,1.1,-0.8,-1.4000000000000001,1.2000000000000002,1.0,8.4,9.700000000000001,4.7,2.5,16
9740,163000.0,1.1,-0.8,-1.2000000000000002,1.2000000000000002,1.0,8.4,2.4000000000000004,-0.2,-0.6000000000000001,16
9741,163012.0,1.3,-0.9,-1.1,1.4000000000000001,0.9,8.6,-5.6,-7.1000000000000005,-5.4,16
9742,163029.0,1.4000000000000001,-0.9,-1.1,1.5,0.8,8.6,-12.8,-12.200000000000001,-10.3,16
9743,163045.0,1.3,-0.8,-1.2000000000000002,1.4000000000000001,0.9,8.5,-15.9,-12.100000000000001,-11.9,16
9744,163062.0,0.8,-0.6000000000000001,-1.2000000000000002,1.0,1.1,8.5,-14.4,-7.500000000000001,-10.0,16
9745,163079.0,0.30000000000000004,-0.4,-1.3,0.5,1.2000000000000002,8.4,-9.8,-2.5,-6.8,16
9746,163111.0,-0.1,-0.1,-1.4000000000000001,0.2,1.4000000000000001,8.3,-3.6,-7.6,-5.8,16
9747,163112.0,-0.1,-0.1,-1.4000000000000001,0.2,1.4000000000000001,8.3,-3.6,-7.6,-5.8,16
9748,163129.0,-0.1,-0.1,-1.6,0.2,1.5,8.1,-2.0,-11.000000000000002,-8.200000000000001,16
9749,163145.0,-0.1,0.0,-1.7000000000000002,0.2,1.5,7.9,-2.1999999999999997,-11.700000000000001,-11.2,16
9750,163162.0,-0.1,0.0,-1.7000000000000002,0.2,1.5,7.9,-3.6,-12.8,-14.4,16
9751,163179.0,-0.1,-0.1,-1.6,0.30000000000000004,1.5,8.0,-7.500000000000001,-14.500000000000002,-17.9,16
9752,163195.0,-0.1,-0.1,-1.5,0.30000000000000004,1.4000000000000001,8.200000000000001,-14.200000000000001,-17.5,-21.6,16
9753,163214.0,-0.1,-0.2,-1.3,0.4,1.2000000000000002,8.4,-21.3,-19.1,-25.2,16
9754,163231.0,-0.2,-0.30000000000000004,-1.0,0.30000000000000004,1.1,8.6,-26.400000000000002,-17.1,-28.1,16
9755,163247.0,-0.4,-0.30000000000000004,-0.7000000000000001,0.1,0.9,8.9,-27.8,-10.4,-30.9,16
9756,163263.0,-0.6000000000000001,-0.30000000000000004,-0.5,-0.2,0.9,9.3,-25.8,-3.7000000000000006,-32.4,16
9757,163279.0,-1.1,-0.2,0.1,-0.6000000000000001,0.9,9.8,-23.1,-0.30000000000000004,-31.8,16
9758,163297.0,-1.5,-0.1,0.6000000000000001,-1.0,1.0,10.3,-21.400000000000002,-2.6,-29.800000000000004,16
9759,163321.0,-1.7000000000000002,0.1,1.1,-1.2000000000000002,1.0,10.600000000000001,-19.3,-6.9,-27.0,16
9760,163333.0,-1.8,0.2,1.3,-1.4000000000000001,1.2000000000000002,11.0,-14.900000000000002,-8.799999999999999,-23.6,16
9761,163346.0,-2.0,0.2,1.4000000000000001,-1.6,1.3,11.200000000000001,-8.9,-6.9,-19.700000000000003,16
9762,163363.0,-2.2,0.4,1.6,-1.8,1.4000000000000001,11.4,-2.9,-4.0,-14.800000000000002,16
9763,163384.0,-2.2,0.4,1.9000000000000001,-1.7000000000000002,1.3,11.600000000000001,1.3,-2.4000000000000004,-11.000000000000002,16
9764,163396.0,-2.0,0.2,1.9000000000000001,-1.5,1.2000000000000002,11.700000000000001,2.1999999999999997,-1.4,-8.9,16
9765,163412.0,-1.9000000000000001,0.1,2.0,-1.5,1.1,11.700000000000001,3.5,2.5,-7.6,16
9766,163429.0,-1.9000000000000001,0.0,2.0,-1.5,1.0,11.700000000000001,5.300000000000001,8.0,-5.0,16
9767,163445.0,-1.8,0.0,1.9000000000000001,-1.5,1.1,11.700000000000001,7.6,13.3,-1.0,16
9768,163463.0,-1.8,0.0,2.0,-1.5,1.2000000000000002,11.8,10.3,17.400000000000002,3.0000000000000004,16
9769,163482.0,-1.6,0.2,2.1,-1.3,1.3,11.9,13.8,20.1,6.000000000000001,16
9770,163495.0,-1.4000000000000001,0.30000000000000004,1.9000000000000001,-1.2000000000000002,1.4000000000000001,11.700000000000001,19.1,23.400000000000002,6.7,16
9771,163512.0,-1.1,0.2,1.9000000000000001,-0.7000000000000001,1.3,11.700000000000001,16.900000000000002,18.1,3.6,16
9772,163529.0,-0.8,0.1,1.7000000000000002,-0.7000000000000001,1.4000000000000001,11.5,9.5,11.8,0.1,16
9773,163545.0,-0.5,0.2,1.5,-0.4,1.5,11.3,3.2,5.9,0.8,16
9774,163562.0,-0.1,0.1,1.7000000000000002,0.2,1.2000000000000002,11.5,-4.9,0.6000000000000001,4.6000000000000005,16
9775,163585.0,1.3,-0.5,0.8,1.1,0.8,10.9,-8.3,-0.8,9.700000000000001,16
9776,163596.0,1.6,-0.7000000000000001,0.2,1.6,0.5,10.100000000000001,-1.6,9.200000000000001,13.8,16
9777,163614.0,1.8,-1.0,-0.2,1.8,0.1,9.600000000000001,10.600000000000001,22.3,15.8,16
9778,163629.0,1.7000000000000002,-1.1,-0.30000000000000004,1.6,0.1,9.4,21.6,27.3,16.6,16
9779,163650.0,1.7000000000000002,-1.2000000000000002,-0.8,1.6,0.2,9.0,29.1,25.8,16.3,16
9780,163665.0,1.8,-1.2000000000000002,-1.3,1.6,0.30000000000000004,8.5,33.1,21.400000000000002,13.9,16
9781,163685.0,1.8,-1.1,-2.0,1.6,0.4,8.0,32.800000000000004,17.8,9.0,16
9782,163696.0,1.8,-1.1,-2.0,1.6,0.4,8.0,32.800000000000004,17.8,9.0,16
9783,163714.0,1.1,-1.1,-2.7,0.9,0.5,7.1000000000000005,17.8,12.4,-2.5,16
9784,163729.0,0.6000000000000001,-1.0,-2.7,0.1,0.7000000000000001,7.0,2.1,7.1000000000000005,-3.7000000000000006,16
9785,163746.0,-0.2,-0.9,-2.4000000000000004,-0.5,0.8,7.4,-14.700000000000001,-1.8,-0.1,16
9786,163763.0,-0.4,-0.8,-1.6,-0.7000000000000001,0.7000000000000001,8.1,-28.700000000000003,-12.700000000000001,7.0,16
9787,163782.0,-0.30000000000000004,-0.9,-1.0,-0.4,0.5,8.9,-36.6,-23.700000000000003,13.200000000000001,16
9788,163796.0,0.2,-1.0,-0.30000000000000004,0.1,0.30000000000000004,9.5,-34.6,-31.8,16.400000000000002,16
9789,163812.0,0.30000000000000004,-1.0,-0.1,0.4,0.2,9.700000000000001,-25.400000000000002,-31.4,16.6,16
9790,163829.0,0.30000000000000004,-0.9,-0.1,0.30000000000000004,0.30000000000000004,9.600000000000001,-11.8,-25.5,16.2,16
9791,163855.0,-0.5,-0.4,-0.4,-0.7000000000000001,1.0,9.3,5.9,-13.6,19.8,16
9792,163866.0,-0.9,-0.2,-0.4,-0.7000000000000001,1.0,9.3,5.9,-13.6,19.8,16
9793,163881.0,-1.2000000000000002,0.0,-0.5,-1.1,1.3,9.200000000000001,1.8,-16.6,23.700000000000003,16
9794,163896.0,-1.4000000000000001,0.30000000000000004,-0.5,-1.1,1.5,9.200000000000001,-5.2,-20.900000000000002,28.3,16
9795,163912.0,-1.2000000000000002,0.5,-0.4,-0.9,1.6,9.3,-11.000000000000002,-22.8,32.2,16
9796,163929.0,-0.9,0.5,-0.30000000000000004,-0.4,1.6,9.5,-12.4,-20.7,33.800000000000004,16
9797,163947.0,-0.4,0.5,0.0,0.1,1.6,9.8,-9.5,-15.5,32.800000000000004,16
9798,163963.0,0.0,0.5,0.30000000000000004,0.5,1.6,10.100000000000001,-4.300000000000001,-11.6,30.100000000000005,16
9799,163991.0,0.2,0.6000000000000001,0.4,0.7000000000000001,1.6,10.200000000000001,1.6,-9.1,27.5,16
9800,164004.0,0.4,0.6000000000000001,0.30000000000000004,0.9,1.7000000000000002,10.100000000000001,6.8,-7.1000000000000005,25.5,16
9801,164015.0,0.5,0.6000000000000001,0.2,1.1,1.7000000000000002,9.9,10.3,-4.0,22.900000000000002,16
9802,164029.0,0.5,0.7000000000000001,0.1,1.1,1.9000000000000001,9.700000000000001,13.100000000000001,1.3,21.3,16
9803,164045.0,0.6000000000000001,0.9,-0.1,1.2000000000000002,2.1,9.600000000000001,16.900000000000002,8.200000000000001,20.2,16
9804,164063.0,0.6000000000000001,1.0,-0.1,1.1,2.3000000000000003,9.600000000000001,19.8,14.200000000000001,18.7,16
9805,164083.0,0.6000000000000001,1.1,-0.2,1.1,2.4000000000000004,9.5,20.8,17.400000000000002,15.7,16
9806,164096.0,0.5,1.2000000000000002,-0.2,1.0,2.6,9.5,19.700000000000003,19.0,11.2,16
9807,164112.0,0.4,1.3,-0.1,0.8,2.7,9.600000000000001,16.2,18.5,5.500000000000001,16
9808,164129.0,0.30000000000000004,1.3,0.1,0.8,2.8000000000000003,9.8,11.000000000000002,14.900000000000002,-0.4,16
9809,164146.0,0.6000000000000001,1.3,0.2,1.0,2.8000000000000003,9.9,6.4,12.6,-6.2,16
9810,164163.0,0.7000000000000001,1.2000000000000002,0.30000000000000004,1.0,2.7,9.9,2.3000000000000003,10.9,-11.3,16
9811,164186.0,0.6000000000000001,1.2000000000000002,0.2,1.0,2.7,9.9,-2.1999999999999997,9.600000000000001,-13.9,16
9812,164195.0,0.5,1.2000000000000002,0.2,0.6000000000000001,2.7,9.8,-4.800000000000001,12.3,-14.0,16
9813,164212.0,-0.1,1.1,0.0,0.1,2.6,9.700000000000001,-4.7,19.6,-13.5,16
9814,164230.0,-0.7000000000000001,1.1,0.9,-0.5,2.7,10.5,-6.8,18.2,-13.5,16
9815,164248.0,-0.8,1.1,1.4000000000000001,-0.6000000000000001,2.5,11.200000000000001,-15.2,4.300000000000001,-13.9,16
9816,164263.0,-0.4,0.6000000000000001,1.4000000000000001,-0.2,2.0,11.200000000000001,-20.5,-5.500000000000001,-15.6,16
9817,164282.0,0.1,0.2,1.8,0.30000000000000004,1.6,11.5,-18.3,-5.4,-18.2,16
9818,164296.0,0.4,0.0,1.9000000000000001,0.7000000000000001,1.3,11.700000000000001,-15.5,-3.8,-21.700000000000003,16
9819,164312.0,1.0,-0.30000000000000004,2.0,1.2000000000000002,1.0,11.700000000000001,-10.2,0.0,-24.5,16
9820,164330.0,1.6,-0.6000000000000001,1.6,1.7000000000000002,0.7000000000000001,11.5,-1.5000000000000002,4.300000000000001,-26.0,16
9821,164345.0,1.9000000000000001,-0.7000000000000001,1.4000000000000001,2.1,0.5,11.0,5.8,8.3,-27.0,16
9822,164363.0,2.2,-0.9,0.9,2.3000000000000003,0.4,10.700000000000001,11.000000000000002,11.6,-27.5,16
9823,164383.0,2.2,-1.1,0.30000000000000004,2.3000000000000003,0.30000000000000004,10.100000000000001,12.8,14.0,-26.700000000000003,16
9824,164396.0,2.0,-1.1,-0.2,1.9000000000000001,0.30000000000000004,9.200000000000001,17.1,18.6,-23.3,16
9825,164412.0,1.6,-1.1,-1.1,1.4000000000000001,0.30000000000000004,8.6,23.400000000000002,25.5,-19.200000000000003,16
9826,164429.0,1.0,-1.0,-1.2000000000000002,0.8,0.5,8.5,26.1,24.8,-15.7,16
9827,164446.0,0.8,-1.0,-1.1,0.6000000000000001,0.7000000000000001,8.700000000000001,21.400000000000002,10.9,-13.5,16
9828,164463.0,0.8,-0.9,-0.9,0.7000000000000001,0.8,8.9,11.5,-6.000000000000001,-13.100000000000001,16
9829,164484.0,1.2000000000000002,-0.8,-0.8,1.1,0.8,8.9,1.2000000000000002,-21.8,-15.000000000000002,16
9830,164496.0,1.3,-0.8,-0.9,1.3,0.9,8.8,-5.300000000000001,-28.900000000000002,-16.700000000000003,16
9831,164513.0,1.2000000000000002,-0.7000000000000001,-0.8,1.2000000000000002,1.0,8.9,-8.600000000000001,-27.5,-16.0,16
9832,164529.0,1.0,-0.4,-0.7000000000000001,1.1,1.1,9.0,-8.799999999999999,-21.3,-12.8,16
9833,164545.0,0.9,-0.30000000000000004,-0.7000000000000001,1.0,1.2000000000000002,9.1,-6.3,-13.6,-8.1,16
9834,164565.0,0.8,-0.30000000000000004,-0.5,1.0,1.2000000000000002,9.200000000000001,-4.0,-9.5,-4.7,16
9835,164587.0,0.8,-0.30000000000000004,-0.7000000000000001,0.8,1.2000000000000002,8.5,1.5000000000000002,-9.3,-5.300000000000001,16
9836,164596.0,0.7000000000000001,-0.30000000000000004,-1.0,0.8,1.2000000000000002,8.5,1.5000000000000002,-9.3,-5.300000000000001,16
9837,164612.0,0.30000000000000004,-0.30000000000000004,-1.5,0.4,1.2000000000000002,8.1,5.2,-8.3,-8.200000000000001,16
9838,164629.0,-0.30000000000000004,-0.30000000000000004,-1.9000000000000001,0.0,1.2000000000000002,7.800000000000001,6.5,-10.1,-11.000000000000002,16
9839,164646.0,-0.8,-0.2,-1.9000000000000001,-0.4,1.3,7.7,2.8,-15.6,-13.0,16
9840,164663.0,-1.0,-0.2,-1.9000000000000001,-0.6000000000000001,1.4000000000000001,7.800000000000001,-4.6000000000000005,-24.400000000000002,-13.200000000000001,16
9841,164680.0,-1.0,-0.1,-1.7000000000000002,-0.5,1.4000000000000001,7.9,-11.700000000000001,-29.300000000000004,-12.700000000000001,16
9842,164697.0,-0.9,-0.1,-1.5,-0.30000000000000004,1.4000000000000001,8.200000000000001,-15.7,-30.4,-13.6,16
9843,164713.0,-0.7000000000000001,-0.1,-1.2000000000000002,-0.1,1.3,8.5,-18.2,-26.400000000000002,-16.1,16
9844,164729.0,-0.8,-0.1,-0.8,-0.2,1.2000000000000002,8.9,-20.1,-21.5,-19.400000000000002,16
9845,164745.0,-1.1,-0.1,-0.4,-0.5,1.2000000000000002,9.200000000000001,-21.3,-16.700000000000003,-21.8,16
9846,164763.0,-1.3,0.0,-0.2,-0.7000000000000001,1.2000000000000002,9.600000000000001,-22.900000000000002,-12.6,-22.2,16
9847,164782.0,-1.6,0.0,0.1,-1.0,1.2000000000000002,9.8,-23.3,-9.0,-20.900000000000002,16
9848,164798.0,-1.8,0.1,0.7000000000000001,-1.1,1.2000000000000002,10.3,-22.2,-6.5,-18.1,16
9849,164813.0,-1.8,0.1,0.9,-1.1,1.2000000000000002,10.700000000000001,-21.900000000000002,-7.2,-14.800000000000002,16
9850,164830.0,-1.6,0.1,1.2000000000000002,-0.9,1.1,10.9,-18.8,-6.8,-11.3,16
9851,164846.0,-1.6,0.0,1.4000000000000001,-0.9,1.0,11.100000000000001,-11.8,-4.6000000000000005,-7.699999999999999,16
9852,164862.0,-1.7000000000000002,0.0,1.4000000000000001,-1.1,1.0,11.100000000000001,-3.1,-2.1999999999999997,-3.0000000000000004,16
9853,164882.0,-2.0,0.2,1.4000000000000001,-1.4000000000000001,1.2000000000000002,11.100000000000001,4.9,-0.6000000000000001,2.3000000000000003,16
9854,164896.0,-2.2,0.30000000000000004,1.4000000000000001,-1.6,1.3,11.100000000000001,9.600000000000001,-1.6,7.400000000000001,16
9855,164914.0,-2.2,0.30000000000000004,1.5,-1.3,1.4000000000000001,11.200000000000001,11.1,-5.8,11.6,16
9856,164929.0,-1.6,0.30000000000000004,1.5,-0.8,1.4000000000000001,11.200000000000001,12.000000000000002,-7.500000000000001,14.100000000000001,16
9857,164946.0,-0.9,0.30000000000000004,1.5,-0.2,1.4000000000000001,11.200000000000001,13.100000000000001,-6.000000000000001,14.900000000000002,16
9858,164962.0,-0.7000000000000001,0.30000000000000004,1.6,0.2,1.5,11.3,14.200000000000001,-3.6,15.000000000000002,16
9859,164990.0,0.0,0.5,1.7000000000000002,0.6000000000000001,1.7000000000000002,11.4,15.299999999999999,-0.9,15.000000000000002,16
9860,165000.0,0.2,0.6000000000000001,1.7000000000000002,0.9,1.9000000000000001,11.4,17.1,3.4,14.4,16
9861,165012.0,0.2,0.6000000000000001,1.6,1.1,1.9000000000000001,11.4,20.5,6.8,12.000000000000002,16
9862,165029.0,0.7000000000000001,0.6000000000000001,2.0,1.6,2.0,11.9,20.2,3.8,6.8,16
9863,165046.0,1.0,0.8,2.1,1.8,2.2,11.700000000000001,15.2,-1.6,2.5,16
9864,165062.0,1.2000000000000002,0.7000000000000001,1.6,2.2,2.1,11.100000000000001,14.800000000000002,0.6000000000000001,0.8,16
9865,165084.0,1.6,0.4,0.9,2.3000000000000003,2.0,10.8,16.2,8.700000000000001,-2.1,16
9866,165096.0,1.5,0.30000000000000004,0.5,2.2,1.9000000000000001,10.100000000000001,16.700000000000003,14.800000000000002,-5.300000000000001,16
9867,165112.0,1.4000000000000001,0.30000000000000004,0.0,1.9000000000000001,1.8,9.600000000000001,17.400000000000002,20.3,-6.5,16
9868,165129.0,1.1,0.1,-0.4,1.7000000000000002,1.6,9.3,16.5,21.0,-8.700000000000001,16
9869,165146.0,1.2000000000000002,-0.30000000000000004,-0.5,1.8,1.4000000000000001,9.200000000000001,14.4,16.900000000000002,-11.4,16
9870,165162.0,1.6,-0.7000000000000001,-0.8,2.1,1.1,8.9,12.8,12.3,-14.800000000000002,16
9871,165179.0,1.7000000000000002,-0.8,-1.0,2.2,0.9,8.5,14.500000000000002,10.3,-18.2,16
9872,165196.0,1.7000000000000002,-1.0,-1.3,2.2,0.9,8.5,14.500000000000002,10.3,-18.2,16
9873,165212.0,1.4000000000000001,-1.2000000000000002,-2.0,1.8,0.7000000000000001,7.7,19.0,12.9,-22.1,16
9874,165230.0,1.2000000000000002,-1.2000000000000002,-2.3000000000000003,1.4000000000000001,0.6000000000000001,7.300000000000001,16.5,14.600000000000001,-22.900000000000002,16
9875,165247.0,0.6000000000000001,-1.3,-2.4000000000000004,0.9,0.7000000000000001,7.2,9.700000000000001,10.8,-23.0,16
9876,165262.0,0.1,-1.0,-2.3000000000000003,0.30000000000000004,0.9,7.300000000000001,-0.4,5.300000000000001,-20.7,16
9877,165279.0,-0.2,-0.9,-2.1,0.0,1.0,7.7,-10.9,-3.8,-14.900000000000002,16
9878,165295.0,-0.30000000000000004,-0.7000000000000001,-1.5,0.1,1.1,8.3,-18.8,-15.299999999999999,-9.4,16
9879,165312.0,0.0,-0.7000000000000001,-0.8,0.4,1.1,8.8,-23.3,-26.400000000000002,-7.300000000000001,16
9880,165329.0,0.1,-0.6000000000000001,-0.6000000000000001,0.5,1.2000000000000002,9.200000000000001,-24.3,-34.6,-8.1,16
9881,165345.0,-0.1,-0.2,-0.2,0.4,1.5,9.4,-25.2,-39.00000000000001,-9.200000000000001,16
9882,165362.0,-0.30000000000000004,0.1,0.1,0.30000000000000004,1.7000000000000002,9.700000000000001,-28.0,-42.400000000000006,-9.3,16
9883,165379.0,-0.4,0.2,0.30000000000000004,0.30000000000000004,1.8,10.0,-31.900000000000002,-41.6,-8.1,16
9884,165398.0,-0.6000000000000001,0.30000000000000004,0.5,0.2,1.7000000000000002,10.200000000000001,-31.4,-35.199999999999996,-5.1,16
9885,165413.0,-0.8,0.4,0.6000000000000001,0.1,1.7000000000000002,10.3,-25.0,-23.900000000000002,-1.3,16
9886,165429.0,-1.0,0.30000000000000004,0.6000000000000001,0.0,1.6,10.3,-14.800000000000002,-11.9,2.3000000000000003,16
9887,165445.0,-1.0,0.30000000000000004,0.7000000000000001,0.0,1.6,10.3,-14.800000000000002,-11.9,2.3000000000000003,16
9888,165462.0,-1.0,0.30000000000000004,0.7000000000000001,-0.2,1.6,10.3,-14.800000000000002,-11.9,2.3000000000000003,16
9889,165479.0,-1.5,0.4,0.30000000000000004,-0.5,1.8,9.700000000000001,7.1000000000000005,3.1,2.3000000000000003,16
9890,165496.0,-1.6,0.6000000000000001,-0.2,-0.7000000000000001,1.9000000000000001,9.4,8.700000000000001,6.6000000000000005,3.2,16
9891,165512.0,-1.8,0.6000000000000001,-0.4,-0.9,1.9000000000000001,9.200000000000001,8.200000000000001,9.5,5.6,16
9892,165529.0,-1.6,0.5,-0.4,-0.8,1.8,9.3,6.6000000000000005,10.9,9.5,16
9893,165545.0,-1.4000000000000001,0.4,-0.4,-0.5,1.7000000000000002,9.3,6.6000000000000005,10.3,13.6,16
9894,165562.0,-1.1,0.30000000000000004,-0.30000000000000004,-0.2,1.7000000000000002,9.3,8.700000000000001,10.600000000000001,16.8,16
9895,165580.0,-0.9,0.30000000000000004,-0.4,-0.1,1.7000000000000002,9.3,13.100000000000001,11.1,18.8,16
9896,165596.0,-0.8,0.30000000000000004,-0.30000000000000004,0.0,1.8,9.3,17.0,12.6,19.6,16
9897,165613.0,-0.6000000000000001,0.4,-0.30000000000000004,0.1,1.9000000000000001,9.3,18.5,11.9,19.200000000000003,16
9898,165630.0,-0.5,0.5,-0.4,0.2,2.1,9.3,17.599999999999998,11.4,17.9,16
9899,165647.0,-0.4,0.5,-0.4,0.30000000000000004,2.2,9.3,14.800000000000002,10.9,16.400000000000002,16
9900,165662.0,-0.30000000000000004,0.6000000000000001,-0.2,0.4,2.3000000000000003,9.4,8.9,8.5,14.4,16
9901,165681.0,0.0,0.7000000000000001,0.1,0.6000000000000001,2.4000000000000004,9.700000000000001,0.2,3.5,12.700000000000001,16
9902,165695.0,0.1,0.7000000000000001,0.2,0.8,2.4000000000000004,9.9,-6.4,1.0999999999999999,12.100000000000001,16
9903,165712.0,0.1,0.9,0.5,0.6000000000000001,2.6,10.100000000000001,-6.6000000000000005,4.9,13.0,16
9904,165729.0,-0.5,1.1,0.7000000000000001,0.1,2.8000000000000003,10.4,-1.6,11.9,14.600000000000001,16
9905,165746.0,-0.7000000000000001,1.1,0.8,-0.4,2.8000000000000003,10.5,2.1999999999999997,16.0,14.500000000000002,16
9906,165764.0,-1.5,1.3,1.2000000000000002,-1.0,3.0,11.100000000000001,3.7000000000000006,10.5,14.100000000000001,16
9907,165780.0,-1.6,1.2000000000000002,1.9000000000000001,-1.0,2.9000000000000004,11.5,-2.9,-7.1000000000000005,13.3,16
9908,165795.0,-1.2000000000000002,1.0,1.8,-0.2,2.4000000000000004,11.4,-12.3,-19.3,10.600000000000001,16
9909,165812.0,-0.30000000000000004,0.7000000000000001,1.9000000000000001,0.2,2.2,11.700000000000001,-11.3,-14.700000000000001,7.2,16
9910,165829.0,-0.2,0.30000000000000004,2.1,0.5,1.8,11.8,-11.000000000000002,-10.2,6.6000000000000005,16
9911,165847.0,0.0,0.0,1.9000000000000001,0.7000000000000001,1.6,11.700000000000001,-10.3,-2.6,7.300000000000001,16
9912,165862.0,0.1,-0.1,1.9000000000000001,0.9,1.3,11.600000000000001,-6.000000000000001,4.3999999999999995,10.3,16
9913,165879.0,0.9,-0.5,1.8,1.6,1.0,11.600000000000001,-1.3,10.0,13.100000000000001,16
9914,165896.0,1.2000000000000002,-0.6000000000000001,1.8,2.1,0.8,11.5,5.1,13.3,15.000000000000002,16
9915,165913.0,1.8,-0.7000000000000001,1.6,2.5,0.8,11.200000000000001,13.8,17.1,15.299999999999999,16
9916,165929.0,2.2,-0.8,1.1,2.8000000000000003,0.8,10.8,19.3,18.3,14.700000000000001,16
9917,165946.0,2.4000000000000004,-0.7000000000000001,0.30000000000000004,3.0,0.9,10.100000000000001,23.8,20.5,14.4,16
9918,165962.0,2.6,-0.7000000000000001,-0.2,3.1,1.0,9.3,29.600000000000005,29.000000000000004,13.8,16
9919,166001.0,2.5,-0.8,-1.6,2.8000000000000003,1.1,8.1,35.7,40.9,5.2,16
9920,166012.0,2.3000000000000003,-0.8,-1.8,2.4000000000000004,1.2000000000000002,7.800000000000001,32.6,38.5,-1.0,16
9921,166028.0,2.0,-0.7000000000000001,-2.1,2.0,1.3,7.6000000000000005,25.2,33.7,-7.0,16
9922,166045.0,1.6,-0.8,-2.1,1.7000000000000002,1.4000000000000001,7.6000000000000005,15.000000000000002,22.3,-12.3,16
9923,166062.0,1.6,-0.8,-2.0,1.6,1.3,7.6000000000000005,3.0000000000000004,9.3,-17.1,16
9924,166079.0,1.4000000000000001,-0.8,-2.0,1.4000000000000001,1.3,7.7,-9.0,-2.3000000000000003,-20.3,16
9925,166097.0,1.2000000000000002,-0.9,-1.9000000000000001,1.2000000000000002,1.2000000000000002,7.7,-17.9,-11.5,-21.0,16
9926,166112.0,1.1,-0.8,-1.9000000000000001,1.0,1.1,7.800000000000001,-21.400000000000002,-14.3,-19.200000000000003,16
9927,166129.0,0.7000000000000001,-0.8,-1.6,0.7000000000000001,1.1,8.0,-21.6,-15.5,-16.6,16
9928,166146.0,0.2,-0.6000000000000001,-1.4000000000000001,0.30000000000000004,1.2000000000000002,8.200000000000001,-18.5,-17.1,-13.6,16
9929,166163.0,-0.1,-0.5,-1.3,0.0,1.4000000000000001,8.4,-12.4,-19.500000000000004,-10.5,16
9930,166179.0,-0.2,-0.4,-1.1,0.0,1.4000000000000001,8.4,-12.4,-19.500000000000004,-10.5,16
9931,166196.0,-0.5,-0.2,-1.0,-0.2,1.5,8.5,-7.2,-24.000000000000004,-9.1,16
9932,166212.0,-0.8,0.1,-1.1,-0.4,1.9000000000000001,8.5,-4.800000000000001,-32.5,-9.8,16
9933,166229.0,-1.0,0.30000000000000004,-1.1,-0.5,2.1,8.5,-7.6,-33.400000000000006,-10.1,16
9934,166245.0,-1.1,0.4,-0.8,-0.5,2.1,8.8,-11.700000000000001,-32.300000000000004,-10.8,16
9935,166264.0,-1.2000000000000002,0.5,-0.5,-0.5,2.1,9.200000000000001,-15.7,-30.599999999999998,-11.9,16
9936,166290.0,-1.0,0.30000000000000004,0.2,-0.4,2.0,9.700000000000001,-18.8,-28.500000000000004,-14.800000000000002,16
9937,166298.0,-0.9,0.30000000000000004,0.4,-0.1,1.8,9.9,-18.7,-22.8,-18.8,16
9938,166312.0,-0.8,0.2,0.4,0.0,1.7000000000000002,10.0,-15.299999999999999,-13.0,-22.4,16
9939,166329.0,-0.8,0.2,0.5,-0.1,1.7000000000000002,10.200000000000001,-11.1,-2.3000000000000003,-24.5,16
9940,166346.0,-1.0,0.1,0.7000000000000001,-0.2,1.6,10.3,-7.400000000000001,4.5,-25.6,16
9941,166363.0,-1.1,0.1,0.9,-0.30000000000000004,1.6,10.5,-5.1,8.4,-25.6,16
9942,166379.0,-1.1,0.0,1.0,-0.4,1.5,10.600000000000001,-3.8,8.1,-24.6,16
9943,166396.0,-1.1,0.0,0.9,-0.5,1.5,10.5,-1.3,8.1,-22.1,16
9944,166412.0,-1.2000000000000002,0.1,0.7000000000000001,-0.6000000000000001,1.6,10.3,3.5,12.5,-17.3,16
9945,166429.0,-1.2000000000000002,0.1,0.7000000000000001,-0.7000000000000001,1.6,10.3,9.5,13.6,-12.6,16
9946,166445.0,-1.2000000000000002,0.1,0.6000000000000001,-0.7000000000000001,1.6,10.3,9.5,13.6,-12.6,16
9947,166463.0,-1.4000000000000001,0.1,0.4,-0.9,1.7000000000000002,10.100000000000001,16.2,9.5,-7.8,16
9948,166480.0,-1.4000000000000001,0.1,0.4,-1.0,1.8,10.200000000000001,16.0,5.9,-7.300000000000001,16
9949,166495.0,-1.5,0.2,0.8,-1.1,2.0,10.4,15.399999999999999,1.5000000000000002,-7.9,16
9950,166514.0,-1.4000000000000001,0.30000000000000004,1.2000000000000002,-1.0,2.1,10.8,14.800000000000002,-7.6,-10.4,16
9951,166529.0,-0.6000000000000001,0.5,1.8,-0.2,2.2,12.0,4.6000000000000005,-22.3,-18.2,16
9952,166545.0,-0.30000000000000004,0.1,1.8,0.4,2.1,11.600000000000001,-17.1,-26.9,-16.8,16
9953,166562.0,0.4,0.7000000000000001,1.8,0.9,2.4000000000000004,11.5,-30.7,-11.5,-10.2,16
9954,166578.0,0.6000000000000001,0.4,1.3,0.9,1.8,11.4,-30.4,18.400000000000002,-2.1999999999999997,16
9955,166595.0,0.0,0.1,2.0,0.2,1.6,11.8,-22.5,36.4,2.1,16
9956,166614.0,-0.6000000000000001,0.0,2.4000000000000004,-0.30000000000000004,1.5,12.200000000000001,-11.6,36.800000000000004,4.9,16
9957,166629.0,-0.6000000000000001,0.0,2.4000000000000004,-0.2,1.3,12.100000000000001,-2.0,23.6,4.0,16
9958,166645.0,0.0,-0.4,2.0,0.4,1.1,11.700000000000001,5.8,10.3,-1.2000000000000002,16
9959,166662.0,0.9,-0.4,1.1,1.1,1.1,10.8,13.4,4.3999999999999995,-7.0,16
9960,166679.0,1.2000000000000002,-0.5,0.5,1.5,1.1,9.8,19.400000000000002,9.5,-10.4,16
9961,166695.0,1.5,-0.6000000000000001,-0.4,1.5,1.0,9.3,19.200000000000003,16.1,-10.9,16
9962,166712.0,1.4000000000000001,-0.7000000000000001,-0.6000000000000001,1.5,1.0,9.1,13.700000000000001,16.3,-8.9,16
9963,166729.0,1.5,-0.7000000000000001,-0.7000000000000001,1.6,0.9,9.0,5.9,14.0,-5.8,16
9964,166745.0,1.7000000000000002,-0.8,-0.9,1.8,0.8,8.8,1.4,13.200000000000001,-3.5,16
9965,166762.0,1.8,-0.9,-1.1,1.8,0.8,8.6,1.2000000000000002,13.4,-3.1,16
9966,166784.0,1.6,-0.8,-1.2000000000000002,1.6,0.8,8.5,3.2,12.100000000000001,-3.9,16
9967,166795.0,1.4000000000000001,-0.7000000000000001,-1.3,1.3,1.0,8.4,5.2,9.9,-3.7000000000000006,16
9968,166812.0,1.1,-0.5,-1.6,1.0,1.3,8.1,6.5,6.7,-2.1,16
9969,166829.0,0.8,-0.2,-1.6,0.7000000000000001,1.5,8.1,6.2,-0.2,-0.1,16
9970,166845.0,0.7000000000000001,-0.1,-1.7000000000000002,0.6000000000000001,1.7000000000000002,8.0,3.1,-8.3,0.7,16
9971,166862.0,0.5,0.1,-1.6,0.5,1.8,8.1,-2.1,-16.400000000000002,0.6000000000000001,16
9972,166879.0,0.5,0.2,-1.7000000000000002,0.5,1.9000000000000001,8.0,-7.300000000000001,-20.0,-0.9,16
9973,166895.0,0.30000000000000004,0.30000000000000004,-1.4000000000000001,0.30000000000000004,2.0,8.3,-7.1000000000000005,-22.900000000000002,-2.3000000000000003,16
9974,166915.0,-0.1,0.4,-1.6,0.0,2.1,8.1,-9.1,-20.3,-4.300000000000001,16
9975,166929.0,-0.5,0.4,-1.2000000000000002,-0.2,2.0,8.4,-13.100000000000001,-18.6,-6.8,16
9976,166946.0,-0.6000000000000001,0.4,-1.5,-0.4,2.0,8.200000000000001,-12.100000000000001,-15.9,-6.8,16
9977,166962.0,-0.8,0.4,-1.4000000000000001,-0.6000000000000001,2.0,8.200000000000001,-9.5,-11.2,-5.9,16
9978,166997.0,-1.2000000000000002,0.4,-1.0,-0.9,1.9000000000000001,8.6,-10.4,-9.9,-4.3999999999999995,16
9979,167012.0,-1.3,0.30000000000000004,-0.8,-0.9,1.8,8.8,-10.0,-11.4,-3.2,16
9980,167029.0,-1.3,0.30000000000000004,-0.6000000000000001,-0.9,1.7000000000000002,9.0,-9.8,-13.8,-1.8,16
9981,167045.0,-1.2000000000000002,0.30000000000000004,-0.5,-0.8,1.7000000000000002,9.3,-9.3,-14.200000000000001,1.3,16
9982,167062.0,-1.2000000000000002,0.30000000000000004,-0.30000000000000004,-0.7000000000000001,1.7000000000000002,9.4,-6.6000000000000005,-9.200000000000001,6.3,16
9983,167082.0,-1.2000000000000002,0.30000000000000004,0.1,-0.7000000000000001,1.8,9.700000000000001,-3.2,-1.0999999999999999,12.000000000000002,16
9984,167095.0,-1.2000000000000002,0.30000000000000004,0.2,-0.7000000000000001,1.7000000000000002,9.9,3.2,4.800000000000001,17.599999999999998,16
9985,167112.0,-1.1,0.30000000000000004,0.4,-0.7000000000000001,1.7000000000000002,10.0,8.600000000000001,8.4,20.5,16
9986,167129.0,-1.1,0.30000000000000004,0.30000000000000004,-0.7000000000000001,1.8,9.9,14.0,11.4,21.8,16
9987,167148.0,-1.3,0.4,0.2,-0.9,1.9000000000000001,9.9,17.400000000000002,15.9,22.6,16
9988,167164.0,-1.4000000000000001,0.5,0.4,-1.1,2.2,10.100000000000001,18.2,16.900000000000002,25.2,16
9989,167181.0,-1.1,0.6000000000000001,0.7000000000000001,-0.9,2.2,10.3,14.0,15.9,27.3,16
9990,167195.0,-0.9,0.6000000000000001,0.9,-0.5,2.2,10.4,6.9,7.500000000000001,27.5,16
9991,167214.0,-0.1,0.4,1.0,0.4,2.0,10.8,-0.5,4.2,25.400000000000002,16
9992,167229.0,0.8,0.30000000000000004,1.5,1.1,1.9000000000000001,11.200000000000001,-3.5,8.799999999999999,21.8,16
9993,167246.0,1.1,0.30000000000000004,1.5,1.3,1.9000000000000001,11.200000000000001,-3.6,16.700000000000003,17.8,16
9994,167262.0,1.0,0.30000000000000004,1.6,1.0,2.0,11.3,0.4,26.0,15.299999999999999,16
9995,167284.0,0.4,0.6000000000000001,1.5,0.2,2.3000000000000003,11.200000000000001,9.1,40.4,15.000000000000002,16
9996,167295.0,-1.0,0.9,1.8,-1.0,2.6,11.5,13.8,42.400000000000006,16.6,16
9997,167312.0,-1.1,1.0,2.2,-1.1,2.6,12.0,6.1000000000000005,24.1,18.2,16
9998,167329.0,-0.5,0.6000000000000001,2.1,-0.7000000000000001,2.3000000000000003,11.8,-2.1,13.9,17.9,16
9999,167345.0,-0.4,0.5,2.0,-0.6000000000000001,2.2,11.700000000000001,2.7,14.700000000000001,19.500000000000004,16
10000,167362.0,-0.2,0.30000000000000004,1.9000000000000001,-0.30000000000000004,1.9000000000000001,11.5,7.9,17.9,21.8,16
10001,167386.0,0.5,0.0,1.3,0.0,1.9000000000000001,11.100000000000001,12.8,20.0,22.6,16
10002,167396.0,0.8,-0.1,1.0,0.4,1.7000000000000002,10.700000000000001,20.0,22.7,21.200000000000003,16
10003,167412.0,1.0,-0.30000000000000004,0.8,0.7000000000000001,1.6,10.4,23.1,21.3,17.0,16
10004,167429.0,1.4000000000000001,-0.4,0.4,1.0,1.6,10.0,22.7,15.299999999999999,11.9,16
10005,167446.0,1.5,-0.4,0.2,1.0,1.6,10.0,22.7,15.299999999999999,11.9,16
10006,167462.0,1.6,-0.6000000000000001,-0.30000000000000004,1.2000000000000002,1.4000000000000001,9.1,19.200000000000003,9.9,5.0,16
10007,167486.0,1.5,-0.8,-1.2000000000000002,1.2000000000000002,1.3,8.6,17.200000000000003,9.8,4.3999999999999995,16
10008,167496.0,1.3,-0.8,-1.4000000000000001,0.8,1.4000000000000001,8.200000000000001,18.1,12.200000000000001,5.2,16
10009,167512.0,1.2000000000000002,-0.8,-1.5,0.6000000000000001,1.4000000000000001,8.1,18.1,11.4,6.5,16
10010,167529.0,1.0,-0.8,-1.5,0.4,1.5,8.0,15.5,5.2,6.1000000000000005,16
10011,167546.0,1.0,-0.7000000000000001,-1.5,0.5,1.6,8.1,13.9,-2.1999999999999997,3.7000000000000006,16
10012,167563.0,1.1,-0.6000000000000001,-1.3,0.6000000000000001,1.7000000000000002,8.200000000000001,10.700000000000001,-11.2,-0.9,16
10013,167585.0,1.3,-0.5,-1.2000000000000002,0.8,1.8,8.3,3.9,-20.900000000000002,-4.1000000000000005,16
10014,167598.0,1.4000000000000001,-0.4,-1.2000000000000002,1.1,1.9000000000000001,8.3,-2.9,-27.400000000000002,-6.4,16
10015,167616.0,1.4000000000000001,-0.4,-1.2000000000000002,1.2000000000000002,1.9000000000000001,8.3,-6.7,-26.9,-8.1,16
10016,167629.0,1.3,-0.30000000000000004,-1.2000000000000002,1.1,2.0,8.3,-7.300000000000001,-22.1,-9.1,16
10017,167645.0,0.9,-0.2,-1.4000000000000001,0.7000000000000001,2.1,8.200000000000001,-6.2,-17.200000000000003,-10.5,16
10018,167662.0,0.5,-0.2,-1.4000000000000001,0.2,2.1,8.0,-5.7,-16.1,-11.700000000000001,16
10019,167682.0,0.0,-0.1,-1.5,-0.2,2.2,8.0,-7.500000000000001,-18.5,-13.200000000000001,16
10020,167703.0,-0.6000000000000001,-0.1,-1.3,-0.7000000000000001,2.1,8.3,-10.2,-26.3,-15.8,16
10021,167713.0,-0.8,-0.1,-1.2000000000000002,-0.7000000000000001,2.1,8.3,-10.2,-26.3,-15.8,16
10022,167729.0,-0.9,-0.1,-1.2000000000000002,-0.9,2.1,8.4,-10.2,-27.900000000000002,-16.3,16
10023,167745.0,-1.1,-0.1,-1.0,-0.9,2.0,8.6,-11.9,-29.600000000000005,-16.0,16
10024,167762.0,-1.1,-0.2,-0.7000000000000001,-0.9,1.9000000000000001,8.8,-16.1,-30.4,-15.6,16
10025,167784.0,-1.1,-0.30000000000000004,-0.30000000000000004,-0.8,1.8,9.1,-19.6,-28.500000000000004,-14.700000000000001,16
10026,167805.0,-1.1,-0.30000000000000004,0.2,-0.8,1.6,9.600000000000001,-20.0,-24.000000000000004,-14.100000000000001,16
10027,167812.0,-1.1,-0.4,0.5,-0.7000000000000001,1.6,10.0,-17.1,-15.8,-13.8,16
10028,167828.0,-1.2000000000000002,-0.4,0.7000000000000001,-0.9,1.5,10.3,-10.600000000000001,-8.200000000000001,-13.0,16
10029,167846.0,-1.4000000000000001,-0.4,0.8,-1.1,1.4000000000000001,10.3,-3.1,-3.2,-14.3,16
10030,167862.0,-1.8,-0.4,0.8,-1.4000000000000001,1.5,10.3,1.6,-3.8,-16.1,16
10031,167879.0,-1.8,-0.30000000000000004,0.8,-1.4000000000000001,1.6,10.3,3.2,-7.0,-16.0,16
10032,167895.0,-1.6,-0.2,0.7000000000000001,-1.2000000000000002,1.7000000000000002,10.3,2.7,-8.3,-14.4,16
10033,167912.0,-1.4000000000000001,0.0,0.8,-1.0,1.9000000000000001,10.3,3.2,-5.300000000000001,-11.5,16
10034,167930.0,-1.2000000000000002,0.0,0.9,-0.8,1.9000000000000001,10.5,5.7,-0.30000000000000004,-7.8,16
10035,167949.0,-1.1,0.1,1.0,-0.7000000000000001,2.0,10.600000000000001,7.0,3.3000000000000003,-5.2,16
10036,167964.0,-0.9,0.1,1.1,-0.6000000000000001,2.1,10.700000000000001,7.0,5.2,-4.6000000000000005,16
10037,167980.0,-1.0,0.2,1.1,-0.7000000000000001,2.2,10.700000000000001,6.6000000000000005,5.8,-3.9,16
10038,167996.0,-0.9,0.30000000000000004,1.1,-0.7000000000000001,2.3000000000000003,10.700000000000001,6.9,9.1,-3.3000000000000003,16
10039,168012.0,-1.2000000000000002,0.30000000000000004,1.2000000000000002,-0.9,2.3000000000000003,10.8,7.6,9.9,-3.0000000000000004,16
10040,168029.0,-1.2000000000000002,0.30000000000000004,1.5,-0.7000000000000001,2.2,11.5,0.9,-0.8,-0.1,16
10041,168045.0,0.0,0.1,2.1,0.8,2.0,11.8,-14.100000000000001,-5.8,2.3000000000000003,16
10042,168062.0,1.5,-0.1,2.3000000000000003,1.7000000000000002,1.8,11.9,-21.0,4.7,2.6,16
10043,168080.0,1.4000000000000001,-0.4,1.9000000000000001,1.6,1.5,11.600000000000001,-13.9,22.900000000000002,2.7,16
10044,168095.0,1.0,-0.30000000000000004,1.6,0.9,1.6,11.0,-0.2,38.5,3.9,16
10045,168112.0,0.4,-0.2,0.9,0.4,1.7000000000000002,10.5,13.5,39.2,5.2,16
10046,168129.0,0.4,-0.2,0.4,0.30000000000000004,1.7000000000000002,10.100000000000001,21.400000000000002,28.8,3.5,16
10047,168145.0,0.7000000000000001,-0.4,0.1,0.5,1.6,9.600000000000001,23.3,16.900000000000002,-4.9,16
10048,168162.0,0.7000000000000001,-0.4,0.1,0.5,1.6,9.600000000000001,23.3,16.900000000000002,-4.9,16
10049,168179.0,1.0,-0.5,-0.7000000000000001,0.8,1.6,8.9,2.3000000000000003,-16.400000000000002,-16.6,16
10050,168196.0,1.4000000000000001,-0.4,-0.7000000000000001,1.6,1.6,8.9,-15.5,-26.6,-15.100000000000001,16
10051,168212.0,1.9000000000000001,-0.6000000000000001,-0.7000000000000001,1.9000000000000001,1.4000000000000001,9.0,-25.3,-22.4,-12.3,16
10052,168230.0,1.6,-0.6000000000000001,0.0,1.7000000000000002,1.3,9.700000000000001,-23.2,-20.5,-7.0,16
10053,168245.0,1.5,-0.7000000000000001,0.1,1.7000000000000002,1.3,10.0,-14.700000000000001,-18.5,-1.2000000000000002,16
10054,168262.0,1.6,-0.4,0.30000000000000004,1.8,1.4000000000000001,10.0,-8.9,-16.900000000000002,2.8,16
10055,168279.0,1.3,-0.2,0.30000000000000004,1.5,1.6,10.0,-3.9,-17.8,2.9,16
10056,168298.0,1.0,-0.1,0.2,1.2000000000000002,1.8,9.9,0.4,-19.500000000000004,4.6000000000000005,16
10057,168312.0,0.7000000000000001,0.1,0.1,1.1,2.0,9.8,1.7,-21.900000000000002,4.9,16
10058,168329.0,0.5,0.2,-0.2,1.0,2.0,9.4,1.9,-21.200000000000003,3.9,16
10059,168345.0,0.4,0.2,-0.5,0.7000000000000001,2.0,9.0,3.2,-14.600000000000001,2.5,16
10060,168362.0,0.0,0.1,-1.0,0.4,1.9000000000000001,8.6,1.5000000000000002,-9.4,0.30000000000000004,16
10061,168379.0,-0.5,0.1,-1.3,0.0,1.9000000000000001,8.4,-1.4,-3.9,-1.7,16
10062,168397.0,-0.8,0.1,-1.3,-0.4,1.9000000000000001,8.3,-3.2,1.2000000000000002,-1.4,16
10063,168413.0,-1.1,0.0,-1.4000000000000001,-0.6000000000000001,1.8,8.200000000000001,-5.2,4.5,-0.5,16
10064,168429.0,-1.4000000000000001,-0.1,-1.5,-0.9,1.6,8.1,-6.7,7.0,0.8,16
10065,168445.0,-1.5,-0.2,-1.5,-1.1,1.6,8.200000000000001,-7.300000000000001,6.5,2.9,16
10066,168462.0,-1.6,-0.2,-1.4000000000000001,-1.1,1.6,8.200000000000001,-9.0,6.5,6.6000000000000005,16
10067,168482.0,-1.5,-0.1,-1.3,-1.1,1.6,8.3,-9.600000000000001,6.2,11.4,16
10068,168496.0,-1.4000000000000001,-0.1,-1.1,-1.0,1.6,8.5,-8.0,4.5,17.5,16
10069,168512.0,-1.2000000000000002,-0.1,-1.0,-0.6000000000000001,1.6,8.700000000000001,-6.5,1.2000000000000002,22.5,16
10070,168529.0,-0.8,0.0,-0.8,-0.4,1.6,8.8,-4.6000000000000005,0.0,25.0,16
10071,168545.0,-0.8,0.1,-0.6000000000000001,-0.30000000000000004,1.8,9.0,0.4,1.9,26.200000000000003,16
10072,168562.0,-0.8,0.30000000000000004,-0.6000000000000001,-0.5,2.0,9.0,6.4,4.1000000000000005,27.6,16
10073,168580.0,-1.0,0.6000000000000001,-0.6000000000000001,-0.6000000000000001,2.3000000000000003,9.0,9.5,5.300000000000001,29.400000000000002,16
10074,168600.0,-1.0,0.8,-0.5,-0.6000000000000001,2.6,9.1,8.1,4.2,30.7,16
10075,168613.0,-1.0,1.0,-0.4,-0.5,2.7,9.200000000000001,5.1,3.0000000000000004,31.4,16
10076,168629.0,-0.7000000000000001,1.1,-0.30000000000000004,-0.2,2.8000000000000003,9.3,2.0,4.0,30.200000000000003,16
10077,168645.0,-0.5,1.0,-0.1,-0.1,2.8000000000000003,9.5,-1.7,5.0,27.2,16
10078,168662.0,-0.4,1.0,0.0,0.2,2.8000000000000003,9.700000000000001,-6.000000000000001,3.8,23.5,16
10079,168679.0,0.0,1.0,0.30000000000000004,0.4,2.8000000000000003,10.0,-10.8,2.6,19.6,16
10080,168695.0,0.1,1.1,0.5,0.4,2.8000000000000003,10.0,-10.8,2.6,19.6,16
10081,168712.0,0.7000000000000001,1.0,0.8,1.3,2.6,10.600000000000001,-18.8,1.5000000000000002,13.100000000000001,16
10082,168729.0,1.1,0.9,1.0,1.4000000000000001,2.5,10.700000000000001,-14.500000000000002,10.600000000000001,8.9,16
10083,168745.0,0.4,1.2000000000000002,1.1,0.8,2.8000000000000003,10.700000000000001,-3.1,24.1,5.4,16
10084,168762.0,-0.1,1.3,1.1,-0.2,3.1,10.8,7.6,29.1,4.300000000000001,16
10085,168779.0,-0.9,1.6,1.2000000000000002,-0.9,3.4000000000000004,10.9,13.4,26.700000000000003,4.7,16
10086,168796.0,-1.3,1.8,1.3,-1.5,3.6,11.200000000000001,13.4,26.700000000000003,4.7,16
10087,168812.0,-1.7000000000000002,1.8,2.0,-1.2000000000000002,3.4000000000000004,12.100000000000001,7.400000000000001,-8.4,4.0,16
10088,168829.0,0.0,1.3,2.7,0.6000000000000001,2.8000000000000003,12.3,-10.4,-32.6,-2.5,16
10089,168846.0,1.4000000000000001,0.5,2.5,1.7000000000000002,2.2,12.200000000000001,-16.900000000000002,-30.799999999999997,-10.5,16
10090,168862.0,1.6,0.1,2.4000000000000004,1.9000000000000001,1.6,12.0,-13.100000000000001,-15.9,-13.5,16
10091,168879.0,1.5,-0.30000000000000004,2.0,2.1,1.5,11.600000000000001,-7.300000000000001,3.2,-7.2,16
10092,168897.0,1.9000000000000001,-0.2,1.4000000000000001,2.2,1.4000000000000001,11.100000000000001,4.5,18.1,-4.6000000000000005,16
10093,168912.0,1.6,-0.4,1.1,1.6,1.2000000000000002,10.700000000000001,17.400000000000002,31.0,-0.2,16
10094,168929.0,1.2000000000000002,-0.6000000000000001,0.9,1.4000000000000001,1.1,10.600000000000001,26.500000000000004,37.900000000000006,3.9,16
10095,168945.0,1.3,-0.8,0.9,1.5,1.0,10.600000000000001,29.700000000000003,29.800000000000004,1.3,16
10096,168962.0,1.7000000000000002,-0.9,0.30000000000000004,1.7000000000000002,1.0,10.100000000000001,29.400000000000002,20.4,-3.4,16
10097,168983.0,1.9000000000000001,-1.1,-0.5,1.9000000000000001,0.9,9.4,28.500000000000004,16.700000000000003,-10.0,16
10098,169003.0,1.4000000000000001,-1.2000000000000002,-1.2000000000000002,1.2000000000000002,0.9,8.200000000000001,16.700000000000003,12.3,-17.0,16
10099,169014.0,1.3,-1.2000000000000002,-1.5,1.2000000000000002,0.9,8.200000000000001,16.700000000000003,12.3,-17.0,16
10100,169029.0,1.1,-1.2000000000000002,-1.7000000000000002,0.9,0.9,8.0,5.500000000000001,9.0,-16.2,16
10101,169045.0,0.8,-1.2000000000000002,-1.6,0.7000000000000001,0.8,8.1,-3.4,4.7,-13.700000000000001,16
10102,169062.0,0.9,-1.4000000000000001,-1.3,0.8,0.6000000000000001,8.4,-10.2,-2.3000000000000003,-11.6,16
10103,169082.0,1.0,-1.5,-1.1,0.9,0.5,8.5,-14.700000000000001,-10.5,-11.8,16
10104,169097.0,0.9,-1.4000000000000001,-1.1,0.8,0.6000000000000001,8.5,-13.100000000000001,-11.4,-9.5,16
10105,169113.0,0.6000000000000001,-1.0,-1.2000000000000002,0.5,0.9,8.4,-6.1000000000000005,-7.300000000000001,-3.8,16
10106,169130.0,0.4,-0.8,-1.3,0.30000000000000004,1.2000000000000002,8.200000000000001,2.0,-2.6,2.7,16
10107,169145.0,0.2,-0.6000000000000001,-1.6,0.1,1.3,8.0,5.6,-1.2000000000000002,5.9,16
10108,169162.0,0.0,-0.4,-1.7000000000000002,0.0,1.5,7.9,4.6000000000000005,-5.8,5.4,16
10109,169181.0,0.0,-0.30000000000000004,-1.8,0.0,1.6,7.800000000000001,1.0999999999999999,-10.2,3.9,16
10110,169195.0,0.0,-0.30000000000000004,-1.8,0.0,1.6,7.800000000000001,1.0999999999999999,-10.2,3.9,16
10111,169212.0,0.1,-0.2,-2.1,0.2,1.7000000000000002,7.5,-4.2,-4.5,-3.2,16
10112,169229.0,-0.1,-0.2,-2.0,-0.2,1.8,7.6000000000000005,-6.6000000000000005,0.30000000000000004,-7.8,16
10113,169245.0,-0.5,-0.1,-1.7000000000000002,-0.5,1.8,7.9,-12.3,-1.7,-11.8,16
10114,169263.0,-0.5,0.0,-1.4000000000000001,-0.5,1.8,8.200000000000001,-21.6,-10.0,-15.7,16
10115,169279.0,-0.5,0.0,-1.3,-0.30000000000000004,1.8,8.5,-31.2,-14.700000000000001,-18.6,16
10116,169296.0,-0.30000000000000004,0.1,-0.8,-0.2,1.7000000000000002,8.8,-34.50000000000001,-13.6,-20.4,16
10117,169312.0,-0.4,0.1,-0.4,-0.30000000000000004,1.6,9.200000000000001,-32.5,-8.9,-21.400000000000002,16
10118,169329.0,-0.5,0.1,-0.2,-0.6000000000000001,1.7000000000000002,9.600000000000001,-28.0,-5.9,-22.1,16
10119,169346.0,-1.0,0.4,0.30000000000000004,-1.0,1.9000000000000001,10.100000000000001,-22.7,-8.600000000000001,-21.700000000000003,16
10120,169364.0,-1.4000000000000001,0.7000000000000001,0.8,-1.3,2.1,10.5,-17.0,-14.700000000000001,-20.2,16
10121,169379.0,-1.6,1.0,1.2000000000000002,-1.4000000000000001,2.3000000000000003,10.8,-10.8,-21.1,-18.5,16
10122,169395.0,-1.6,1.1,1.4000000000000001,-1.3,2.5,11.100000000000001,-6.3,-28.900000000000002,-17.599999999999998,16
10123,169412.0,-1.3,1.2000000000000002,1.6,-1.0,2.5,11.200000000000001,-3.5,-32.9,-17.9,16
10124,169429.0,-1.2000000000000002,1.1,1.6,-0.8,2.4000000000000004,11.200000000000001,-1.2000000000000002,-31.7,-18.3,16
10125,169445.0,-1.3,1.0,1.6,-0.8,2.3000000000000003,11.200000000000001,-0.4,-25.900000000000002,-17.7,16
10126,169462.0,-1.4000000000000001,0.9,1.6,-1.0,2.2,11.200000000000001,1.6,-18.5,-15.299999999999999,16
10127,169479.0,-1.5,0.5,1.6,-0.9,1.9000000000000001,11.3,3.7000000000000006,-10.4,-12.4,16
10128,169495.0,-1.4000000000000001,0.4,1.6,-0.9,1.8,11.4,5.0,-2.6,-10.5,16
10129,169512.0,-1.4000000000000001,0.30000000000000004,1.8,-0.9,1.7000000000000002,11.5,8.1,5.8,-8.9,16
10130,169529.0,-1.5,0.4,2.0,-1.0,1.8,11.700000000000001,13.3,14.900000000000002,-8.4,16
10131,169548.0,-1.4000000000000001,0.30000000000000004,2.6,-1.0,1.8,12.200000000000001,14.100000000000001,11.1,-10.1,16
10132,169562.0,-1.0,0.30000000000000004,2.7,-0.4,1.8,12.4,6.9,0.1,-12.5,16
10133,169579.0,-0.1,0.30000000000000004,2.4000000000000004,0.30000000000000004,1.8,12.100000000000001,1.0,-1.5000000000000002,-12.3,16
10134,169595.0,0.1,0.2,2.0,0.4,1.7000000000000002,11.5,1.8,10.2,-9.3,16
10135,169612.0,-0.1,0.1,1.1,0.1,1.6,10.8,8.1,24.1,-3.4,16
10136,169629.0,-0.1,0.0,0.7000000000000001,0.2,1.5,10.4,13.6,31.4,3.4,16
10137,169646.0,0.2,-0.2,0.7000000000000001,0.6000000000000001,1.2000000000000002,10.4,12.8,25.2,6.5,16
10138,169663.0,0.9,-0.6000000000000001,0.7000000000000001,1.3,0.9,10.4,13.3,17.599999999999998,5.8,16
10139,169680.0,1.8,-1.0,0.5,1.9000000000000001,0.7000000000000001,10.3,19.700000000000003,13.9,1.3,16
10140,169695.0,2.1,-1.2000000000000002,0.2,2.5,0.5,9.700000000000001,26.500000000000004,11.5,-6.1000000000000005,16
10141,169712.0,2.8000000000000003,-1.4000000000000001,-0.6000000000000001,2.9000000000000004,0.4,8.9,25.6,10.4,-14.4,16
10142,169729.0,2.9000000000000004,-1.4000000000000001,-1.4000000000000001,2.9000000000000004,0.5,8.3,17.599999999999998,10.700000000000001,-20.8,16
10143,169745.0,2.8000000000000003,-1.4000000000000001,-1.7000000000000002,2.6,0.5,7.800000000000001,6.8,13.700000000000001,-22.900000000000002,16
10144,169762.0,2.3000000000000003,-1.4000000000000001,-2.0,2.0,0.6000000000000001,7.6000000000000005,-2.9,16.700000000000003,-20.7,16
10145,169779.0,1.6,-1.2000000000000002,-2.1,1.4000000000000001,0.7000000000000001,7.6000000000000005,-9.700000000000001,16.900000000000002,-15.5,16
10146,169795.0,1.0,-0.9,-2.0,0.9,0.8,7.7,-13.5,12.100000000000001,-9.5,16
10147,169812.0,0.7000000000000001,-0.7000000000000001,-1.7000000000000002,0.4,1.1,8.200000000000001,-12.6,6.6000000000000005,-2.3000000000000003,16
10148,169830.0,0.4,-0.5,-1.2000000000000002,0.2,1.3,8.5,-8.5,-3.9,1.6,16
10149,169845.0,0.5,-0.2,-0.9,0.30000000000000004,1.5,8.700000000000001,-4.6000000000000005,-15.299999999999999,1.4,16
10150,169862.0,0.5,-0.1,-0.8,0.5,1.7000000000000002,8.700000000000001,-3.8,-23.400000000000002,-2.5,16
10151,169879.0,0.30000000000000004,0.1,-1.1,0.30000000000000004,1.8,8.5,-4.0,-24.5,-6.2,16
10152,169895.0,-0.1,0.4,-1.4000000000000001,-0.1,2.1,8.200000000000001,-3.9,-18.7,-8.0,16
10153,169912.0,-0.5,0.5,-1.5,-0.6000000000000001,2.1,8.1,-8.9,-12.700000000000001,-7.6,16
10154,169929.0,-1.0,0.4,-1.5,-1.0,2.0,8.200000000000001,-18.400000000000002,-11.8,-5.8,16
10155,169945.0,-1.3,0.2,-1.1,-1.2000000000000002,1.8,8.6,-27.0,-12.8,-4.300000000000001,16
10156,169962.0,-1.5,0.2,-0.9,-1.4000000000000001,1.6,8.9,-29.800000000000004,-15.100000000000001,-2.0,16
10157,169979.0,-1.4000000000000001,0.0,-0.5,-1.2000000000000002,1.3,9.200000000000001,-29.900000000000006,-16.5,-0.5,16
10158,169995.0,-1.4000000000000001,-0.1,-0.30000000000000004,-1.1,1.2000000000000002,9.5,-25.900000000000002,-15.399999999999999,0.7,16
10159,170012.0,-1.4000000000000001,-0.1,0.0,-1.2000000000000002,1.2000000000000002,9.700000000000001,-18.5,-14.100000000000001,3.0000000000000004,16
10160,170029.0,-1.5,0.0,0.1,-1.2000000000000002,1.3,9.8,-12.000000000000002,-12.5,6.9,16
10161,170045.0,-1.6,0.2,0.1,-1.3,1.4000000000000001,9.8,-5.8,-8.9,12.8,16
10162,170064.0,-1.5,0.30000000000000004,0.30000000000000004,-1.1,1.5,10.0,0.30000000000000004,-4.2,18.3,16
10163,170088.0,-1.2000000000000002,0.30000000000000004,0.30000000000000004,-1.0,1.5,10.0,6.2,0.30000000000000004,21.6,16
10164,170095.0,-1.2000000000000002,0.4,0.30000000000000004,-0.9,1.7000000000000002,10.0,11.3,6.4,23.5,16
10165,170114.0,-1.1,0.6000000000000001,0.4,-0.9,1.9000000000000001,10.0,15.5,11.5,25.2,16
10166,170136.0,-1.0,0.7000000000000001,0.30000000000000004,-0.7000000000000001,2.1,10.0,19.9,18.900000000000002,26.700000000000003,16
10167,170145.0,-0.8,0.9,0.30000000000000004,-0.6000000000000001,2.3000000000000003,9.9,23.5,29.1,27.900000000000002,16
10168,170162.0,-0.6000000000000001,0.8,0.4,-0.6000000000000001,2.3000000000000003,10.0,24.200000000000003,36.6,28.0,16
10169,170179.0,-0.6000000000000001,0.8,0.5,-0.5,2.3000000000000003,10.200000000000001,21.3,35.5,26.0,16
10170,170195.0,-0.4,0.8,0.7000000000000001,-0.5,2.3000000000000003,10.200000000000001,21.3,35.5,26.0,16
10171,170212.0,0.1,0.7000000000000001,1.0,0.1,2.4000000000000004,10.8,11.2,26.0,18.7,16
10172,170229.0,0.5,0.7000000000000001,1.3,0.4,2.4000000000000004,10.9,8.600000000000001,23.3,15.6,16
10173,170245.0,0.6000000000000001,0.7000000000000001,1.1,0.30000000000000004,2.4000000000000004,10.700000000000001,8.9,23.700000000000003,14.200000000000001,16
10174,170262.0,0.0,1.0,0.7000000000000001,-0.30000000000000004,2.7,10.4,10.3,25.900000000000002,14.800000000000002,16
10175,170285.0,-0.9,1.3,1.0,-1.1,3.0,10.5,12.100000000000001,25.700000000000003,17.3,16
10176,170295.0,-1.0,1.4000000000000001,1.7000000000000002,-1.3,3.2,11.4,5.6,11.000000000000002,19.3,16
10177,170312.0,-0.2,1.2000000000000002,2.0,-0.6000000000000001,3.0,11.700000000000001,-5.7,-6.6000000000000005,17.9,16
10178,170329.0,0.1,1.0,2.1,-0.2,2.7,11.8,-6.1000000000000005,-9.4,13.3,16
10179,170345.0,0.4,0.6000000000000001,1.9000000000000001,0.1,2.3000000000000003,11.5,1.3,-2.7,9.1,16
10180,170363.0,0.5,0.30000000000000004,1.3,0.1,2.2,11.0,10.5,10.1,6.9,16
10181,170386.0,0.30000000000000004,0.2,0.8,-0.1,2.1,10.600000000000001,18.0,21.3,8.4,16
10182,170395.0,0.4,0.0,0.6000000000000001,0.0,1.9000000000000001,10.200000000000001,18.2,24.1,11.3,16
10183,170412.0,0.9,-0.30000000000000004,0.5,0.4,1.7000000000000002,10.200000000000001,14.200000000000001,21.0,13.6,16
10184,170429.0,1.0,-0.5,0.6000000000000001,0.6000000000000001,1.4000000000000001,10.3,12.9,15.8,13.9,16
10185,170445.0,1.2000000000000002,-0.7000000000000001,0.7000000000000001,0.6000000000000001,1.4000000000000001,10.3,12.9,15.8,13.9,16
10186,170462.0,2.0,-1.2000000000000002,0.6000000000000001,1.5,0.9,10.3,14.900000000000002,3.2,8.9,16
10187,170485.0,2.3000000000000003,-1.5,0.0,1.7000000000000002,0.7000000000000001,9.700000000000001,15.399999999999999,1.3,7.6,16
10188,170495.0,2.3000000000000003,-1.5,0.0,1.7000000000000002,0.7000000000000001,9.700000000000001,15.399999999999999,1.3,7.6,16
10189,170514.0,2.3000000000000003,-1.5,0.0,1.7000000000000002,0.7000000000000001,9.700000000000001,15.399999999999999,1.3,7.6,16
10190,170530.0,1.3,-1.6,-1.1,0.8,0.7000000000000001,8.5,15.299999999999999,9.3,7.500000000000001,16
10191,170547.0,1.2000000000000002,-1.5,-1.1,0.7000000000000001,0.8,8.5,11.8,4.3999999999999995,7.300000000000001,16
10192,170562.0,1.2000000000000002,-1.4000000000000001,-1.0,0.7000000000000001,0.9,8.5,8.1,-1.9,5.6,16
10193,170585.0,1.3,-1.3,-1.1,0.8,1.0,8.5,4.6000000000000005,-9.200000000000001,3.1,16
10194,170595.0,1.2000000000000002,-1.2000000000000002,-1.2000000000000002,0.6000000000000001,1.2000000000000002,8.3,1.0,-14.100000000000001,2.3000000000000003,16
10195,170612.0,0.9,-0.8,-1.5,0.4,1.5,8.1,-1.4,-13.4,3.6,16
10196,170629.0,0.6000000000000001,-0.5,-1.7000000000000002,0.2,1.8,7.9,-2.8,-8.799999999999999,6.1000000000000005,16
10197,170645.0,0.5,-0.30000000000000004,-1.6,0.0,2.0,7.9,-2.9,-2.7,7.8,16
10198,170662.0,0.0,-0.2,-1.5,-0.4,2.1,8.0,-1.2000000000000002,1.6,9.700000000000001,16
10199,170686.0,0.0,-0.1,-1.5,-0.4,2.1,8.0,2.0,2.3000000000000003,9.8,16
10200,170695.0,-0.1,-0.1,-1.6,-0.4,2.1,7.9,4.2,4.0,7.2,16
10201,170712.0,-0.1,-0.1,-1.6,-0.5,2.1,7.9,4.3999999999999995,4.2,2.4000000000000004,16
10202,170729.0,-0.2,-0.2,-1.6,-0.6000000000000001,2.1,7.9,2.5,1.8,-3.8,16
10203,170745.0,-0.2,-0.2,-1.6,-0.6000000000000001,2.1,7.800000000000001,-2.1999999999999997,-0.7,-8.9,16
10204,170762.0,-0.30000000000000004,-0.2,-1.6,-0.8,2.1,7.9,-9.3,-2.6,-13.200000000000001,16
10205,170783.0,-0.5,-0.2,-1.4000000000000001,-0.9,2.0,8.0,-16.8,-3.5,-16.3,16
10206,170795.0,-0.6000000000000001,-0.2,-1.2000000000000002,-1.1,2.0,8.5,-22.7,-2.9,-17.7,16
10207,170812.0,-0.7000000000000001,-0.1,-0.6000000000000001,-1.1,1.9000000000000001,9.0,-26.0,-4.800000000000001,-17.7,16
10208,170829.0,-0.4,-0.1,0.2,-0.8,1.9000000000000001,9.8,-27.3,-6.6000000000000005,-17.9,16
10209,170847.0,-0.30000000000000004,0.0,0.9,-0.7000000000000001,1.9000000000000001,10.3,-22.900000000000002,-7.400000000000001,-19.500000000000004,16
10210,170862.0,-0.4,0.0,1.0,-0.8,1.9000000000000001,10.5,-14.900000000000002,-7.2,-21.8,16
10211,170883.0,-0.6000000000000001,0.2,0.9,-1.0,2.1,10.5,-8.3,-6.6000000000000005,-23.900000000000002,16
10212,170895.0,-0.7000000000000001,0.4,0.9,-1.3,2.3000000000000003,10.4,-4.800000000000001,-5.9,-23.8,16
10213,170912.0,-1.3,0.7000000000000001,0.8,-1.8,2.6,10.4,-1.9,-4.3999999999999995,-20.8,16
10214,170929.0,-1.5,0.9,1.0,-1.9000000000000001,2.7,10.600000000000001,1.0,-4.2,-14.900000000000002,16
10215,170946.0,-1.4000000000000001,0.9,1.1,-1.8,2.8000000000000003,10.700000000000001,4.2,-4.7,-10.4,16
10216,170962.0,-1.3,0.9,1.1,-1.7000000000000002,2.7,10.600000000000001,8.0,-5.2,-9.600000000000001,16
10217,170994.0,-1.2000000000000002,0.8,0.9,-1.7000000000000002,2.8000000000000003,10.5,12.5,-3.2,-14.600000000000001,16
10218,171012.0,-1.3,0.9,1.0,-1.7000000000000002,2.9000000000000004,10.600000000000001,10.2,-4.1000000000000005,-16.2,16
10219,171028.0,-1.1,0.9,1.3,-1.5,2.9000000000000004,10.9,7.300000000000001,-5.300000000000001,-17.9,16
10220,171045.0,-0.6000000000000001,0.8,1.4000000000000001,-1.1,2.8000000000000003,11.0,8.3,0.7,-22.2,16
10221,171062.0,-0.7000000000000001,0.7000000000000001,1.6,-1.4000000000000001,2.7,11.3,11.700000000000001,6.4,-29.300000000000004,16
10222,171079.0,-0.9,0.6000000000000001,2.2,-1.3,2.7,11.8,2.0,-3.7000000000000006,-35.5,16
10223,171095.0,-0.6000000000000001,0.6000000000000001,2.1,-0.9,2.5,11.600000000000001,-13.700000000000001,-9.3,-37.0,16
10224,171112.0,-0.5,0.4,1.8,-1.1,2.2,11.3,-13.700000000000001,-1.3,-32.300000000000004,16
10225,171129.0,-0.7000000000000001,0.0,1.6,-1.3,1.9000000000000001,11.200000000000001,-7.9,9.200000000000001,-23.700000000000003,16
10226,171145.0,-0.5,-0.2,1.6,-1.1,1.7000000000000002,11.3,-2.1,9.700000000000001,-14.800000000000002,16
10227,171162.0,-0.1,-0.4,1.9000000000000001,-0.30000000000000004,1.4000000000000001,11.600000000000001,-1.8,-2.1999999999999997,-7.500000000000001,16
10228,171179.0,1.3,-0.8,1.8,0.8,1.0,11.4,1.7,-9.8,-3.1,16
10229,171198.0,1.7000000000000002,-1.1,1.4000000000000001,1.3,0.7000000000000001,10.4,16.400000000000002,-4.2,-2.4000000000000004,16
10230,171213.0,2.0,-1.4000000000000001,0.0,1.4000000000000001,0.7000000000000001,9.4,33.900000000000006,10.4,-3.9,16
10231,171229.0,2.0,-1.2000000000000002,-1.0,1.2000000000000002,1.0,8.6,38.800000000000004,18.1,-6.3,16
10232,171245.0,1.6,-1.1,-1.4000000000000001,1.0,1.2000000000000002,8.200000000000001,35.4,20.0,-5.500000000000001,16
10233,171262.0,1.7000000000000002,-1.1,-1.5,1.0,1.2000000000000002,7.800000000000001,30.200000000000003,17.1,-6.7,16
10234,171284.0,1.6,-1.2000000000000002,-2.2,1.0,1.2000000000000002,7.4,17.5,13.0,-11.1,16
10235,171295.0,1.6,-1.2000000000000002,-2.2,1.0,1.2000000000000002,7.4,17.5,13.0,-11.1,16
10236,171312.0,1.0,-1.1,-2.4000000000000004,-0.1,1.4000000000000001,7.1000000000000005,-12.200000000000001,1.5000000000000002,-17.9,16
10237,171328.0,0.2,-0.8,-2.2,-0.7000000000000001,1.5,7.4,-22.6,-4.800000000000001,-13.200000000000001,16
10238,171345.0,-0.2,-0.7000000000000001,-1.5,-1.0,1.5,8.0,-28.8,-13.0,-6.2,16
10239,171363.0,-0.30000000000000004,-0.5,-0.8,-1.0,1.6,8.6,-29.400000000000002,-22.2,0.30000000000000004,16
10240,171384.0,-0.2,-0.5,-0.5,-0.8,1.5,9.0,-24.7,-29.800000000000004,3.6,16
10241,171397.0,-0.1,-0.5,-0.4,-0.7000000000000001,1.5,9.1,-17.1,-31.8,3.8,16
10242,171412.0,-0.30000000000000004,-0.4,-0.4,-0.9,1.6,9.1,-9.3,-29.600000000000005,4.2,16
10243,171428.0,-0.8,-0.1,-0.5,-1.2000000000000002,1.9000000000000001,9.0,-4.300000000000001,-26.400000000000002,7.1000000000000005,16
10244,171445.0,-0.9,0.0,-0.6000000000000001,-1.2000000000000002,1.9000000000000001,9.0,-4.300000000000001,-26.400000000000002,7.1000000000000005,16
10245,171462.0,-1.1,0.2,-0.6000000000000001,-1.4000000000000001,2.0,9.0,-9.600000000000001,-20.0,15.399999999999999,16
10246,171481.0,-1.2000000000000002,0.1,-0.5,-1.3,1.9000000000000001,9.1,-12.8,-17.5,17.7,16
10247,171497.0,-1.1,0.0,-0.4,-1.3,1.9000000000000001,9.200000000000001,-14.200000000000001,-12.3,18.6,16
10248,171512.0,-1.2000000000000002,0.1,-0.30000000000000004,-1.5,1.9000000000000001,9.3,-11.6,-7.6,20.5,16
10249,171528.0,-1.4000000000000001,0.2,-0.2,-1.6,2.0,9.4,-8.200000000000001,-4.9,23.700000000000003,16
10250,171545.0,-1.4000000000000001,0.30000000000000004,-0.1,-1.5,2.0,9.5,-4.1000000000000005,-5.2,26.0,16
10251,171562.0,-1.3,0.4,-0.2,-1.3,2.1,9.4,-1.8,-6.6000000000000005,27.1,16
10252,171582.0,-1.1,0.6000000000000001,-0.30000000000000004,-1.2000000000000002,2.3000000000000003,9.4,-0.6000000000000001,-6.5,28.3,16
10253,171598.0,-1.1,0.7000000000000001,-0.30000000000000004,-1.1,2.4000000000000004,9.3,0.6000000000000001,-3.3000000000000003,30.9,16
10254,171613.0,-1.0,0.8,-0.30000000000000004,-1.0,2.6,9.3,2.5,1.2000000000000002,34.6,16
10255,171628.0,-0.9,0.8,-0.30000000000000004,-0.9,2.6,9.3,3.1,5.0,37.1,16
10256,171646.0,-0.9,0.9,-0.1,-0.9,2.7,9.5,3.8,6.000000000000001,37.900000000000006,16
10257,171662.0,-0.7000000000000001,0.8,0.2,-0.8,2.7,9.8,4.300000000000001,3.6,37.0,16
10258,171681.0,-0.2,0.7000000000000001,0.30000000000000004,-0.4,2.7,9.9,5.7,0.5,34.0,16
10259,171696.0,-0.2,0.7000000000000001,0.30000000000000004,-0.4,2.7,9.9,5.7,0.5,34.0,16
10260,171712.0,0.4,0.6000000000000001,0.30000000000000004,0.4,2.6,9.9,6.5,-0.6000000000000001,21.1,16
10261,171729.0,0.6000000000000001,0.6000000000000001,0.4,0.6000000000000001,2.6,10.0,2.1999999999999997,-0.7,15.299999999999999,16
10262,171745.0,0.7000000000000001,0.7000000000000001,0.5,0.8,2.7,10.100000000000001,-2.0,0.4,12.200000000000001,16
10263,171763.0,0.9,0.6000000000000001,0.6000000000000001,0.9,2.6,10.200000000000001,-6.7,3.1,11.2,16
10264,171781.0,0.8,0.6000000000000001,0.6000000000000001,0.9,2.6,10.200000000000001,-7.500000000000001,11.1,11.1,16
10265,171799.0,-0.1,0.8,0.7000000000000001,0.1,2.7,10.3,-1.9,20.3,11.700000000000001,16
10266,171814.0,-0.5,0.9,1.3,-0.6000000000000001,2.9000000000000004,11.0,0.1,15.6,12.9,16
10267,171829.0,-0.30000000000000004,1.0,1.8,-0.1,2.9000000000000004,11.600000000000001,-8.0,-3.9,12.100000000000001,16
10268,171845.0,0.4,0.8,1.9000000000000001,0.5,2.7,11.5,-9.3,-8.3,10.8,16
10269,171862.0,0.7000000000000001,0.6000000000000001,1.7000000000000002,0.6000000000000001,2.5,11.3,-0.30000000000000004,-1.8,6.8,16
10270,171880.0,0.7000000000000001,0.4,1.2000000000000002,0.6000000000000001,2.4000000000000004,10.9,6.9,5.300000000000001,4.2,16
10271,171896.0,0.6000000000000001,0.4,0.9,0.4,2.4000000000000004,10.5,8.4,10.4,1.7,16
10272,171912.0,0.30000000000000004,0.30000000000000004,0.8,0.2,2.3000000000000003,10.5,6.6000000000000005,10.8,0.7,16
10273,171929.0,0.2,0.0,1.1,0.1,2.0,10.8,2.7,3.6,0.8,16
10274,171945.0,0.4,-0.30000000000000004,1.1,0.5,1.7000000000000002,10.9,-1.3,-6.9,1.0,16
10275,171962.0,0.8,-0.5,1.3,0.8,1.4000000000000001,10.9,-1.0999999999999999,-13.4,1.5000000000000002,16
10276,171984.0,1.3,-1.0,1.0,1.2000000000000002,1.1,10.700000000000001,1.7,-15.000000000000002,2.9,16
10277,172001.0,1.5,-1.2000000000000002,0.8,1.5,0.9,10.600000000000001,5.500000000000001,-12.8,3.2,16
10278,172012.0,1.5,-1.3,0.6000000000000001,1.6,0.7000000000000001,10.200000000000001,12.100000000000001,-6.8,4.6000000000000005,16
10279,172028.0,1.4000000000000001,-1.4000000000000001,-0.2,1.5,0.7000000000000001,9.5,20.8,3.6,6.3,16
10280,172045.0,1.1,-1.5,-0.5,1.1,0.7000000000000001,9.1,26.1,10.600000000000001,6.9,16
10281,172062.0,0.8,-1.5,-0.8,0.8,0.8,8.8,27.3,10.9,6.000000000000001,16
10282,172079.0,0.5,-1.4000000000000001,-1.1,0.5,0.9,8.5,23.700000000000003,7.500000000000001,4.300000000000001,16
10283,172095.0,0.4,-1.4000000000000001,-1.1,0.5,0.9,8.5,17.1,-0.30000000000000004,2.5,16
10284,172112.0,0.6000000000000001,-1.4000000000000001,-1.1,0.7000000000000001,0.9,8.5,7.2,-9.3,-0.5,16
10285,172128.0,0.8,-1.4000000000000001,-1.1,0.9,0.9,8.5,-4.5,-18.0,-3.4,16
10286,172145.0,0.9,-1.4000000000000001,-1.1,1.1,0.9,8.5,-13.0,-21.5,-3.3000000000000003,16
10287,172162.0,0.9,-1.4000000000000001,-1.2000000000000002,1.1,0.9,8.4,-17.200000000000003,-17.8,-0.9,16
10288,172179.0,0.5,-1.1,-1.2000000000000002,0.8,1.0,8.4,-15.5,-9.9,4.2,16
10289,172195.0,0.30000000000000004,-1.0,-1.2000000000000002,0.4,1.2000000000000002,8.4,-7.500000000000001,-1.6,10.4,16
10290,172212.0,-0.1,-0.7000000000000001,-1.1,0.2,1.5,8.4,1.7,0.9,14.700000000000001,16
10291,172229.0,-0.4,-0.5,-1.3,-0.1,1.7000000000000002,8.3,8.5,-0.8,15.9,16
10292,172245.0,-0.5,-0.30000000000000004,-1.4000000000000001,-0.2,1.9000000000000001,8.1,12.6,-5.7,15.8,16
10293,172262.0,-0.6000000000000001,-0.2,-1.7000000000000002,-0.30000000000000004,2.0,7.9,13.100000000000001,-7.300000000000001,13.6,16
10294,172278.0,-0.7000000000000001,-0.1,-1.7000000000000002,-0.30000000000000004,2.2,7.800000000000001,11.000000000000002,-9.600000000000001,9.3,16
10295,172295.0,-0.8,0.1,-1.5,-0.4,2.3000000000000003,8.0,5.300000000000001,-12.6,4.2,16
10296,172312.0,-0.7000000000000001,0.2,-1.4000000000000001,-0.30000000000000004,2.4000000000000004,8.3,-3.1,-16.5,-0.2,16
10297,172328.0,-0.5,0.1,-0.9,0.0,2.3000000000000003,8.700000000000001,-11.9,-20.900000000000002,-2.3000000000000003,16
10298,172345.0,-0.4,0.0,-0.5,0.2,2.2,8.9,-19.9,-22.900000000000002,-5.300000000000001,16
10299,172362.0,-0.30000000000000004,0.0,-0.4,0.4,2.1,9.3,-24.000000000000004,-19.200000000000003,-7.1000000000000005,16
10300,172380.0,-0.2,-0.1,0.1,0.4,1.9000000000000001,9.700000000000001,-22.900000000000002,-10.9,-9.0,16
10301,172396.0,-0.5,0.0,0.6000000000000001,0.2,1.9000000000000001,10.100000000000001,-15.8,-1.8,-9.700000000000001,16
10302,172412.0,-0.6000000000000001,0.1,0.8,-0.1,2.0,10.4,-7.0,3.4,-9.5,16
10303,172429.0,-0.9,0.1,1.1,-0.4,2.1,10.600000000000001,-1.7,4.3999999999999995,-10.0,16
10304,172445.0,-1.1,0.1,1.0,-0.7000000000000001,2.2,10.600000000000001,0.5,1.7,-10.8,16
10305,172462.0,-1.3,0.30000000000000004,1.0,-0.9,2.3000000000000003,10.5,1.0999999999999999,1.5000000000000002,-10.4,16
10306,172479.0,-1.6,0.5,1.1,-1.1,2.5,10.700000000000001,1.3,2.1,-7.8,16
10307,172497.0,-1.5,0.6000000000000001,1.3,-1.0,2.6,10.9,0.1,2.3000000000000003,-4.2,16
10308,172512.0,-1.4000000000000001,0.6000000000000001,1.4000000000000001,-0.8,2.5,11.200000000000001,-2.4000000000000004,2.0,-1.8,16
10309,172529.0,-1.1,0.5,1.8,-0.5,2.4000000000000004,11.5,-3.3000000000000003,1.0,-1.0999999999999999,16
10310,172545.0,-0.8,0.4,2.1,-0.30000000000000004,2.4000000000000004,11.700000000000001,-2.1,0.1,-1.3,16
10311,172562.0,-0.7000000000000001,0.4,2.2,-0.2,2.4000000000000004,11.9,0.9,0.1,-1.4,16
10312,172578.0,-0.6000000000000001,0.6000000000000001,2.2,-0.1,2.7,11.9,8.4,6.6000000000000005,-0.8,16
10313,172597.0,-0.6000000000000001,0.6000000000000001,2.1,-0.2,2.7,11.700000000000001,18.8,12.100000000000001,-2.1,16
10314,172612.0,-0.6000000000000001,0.6000000000000001,2.1,-0.1,2.7,11.700000000000001,18.2,7.400000000000001,-6.7,16
10315,172629.0,-0.2,0.7000000000000001,1.7000000000000002,0.1,2.9000000000000004,11.200000000000001,12.100000000000001,4.5,-9.4,16
10316,172645.0,-0.30000000000000004,0.6000000000000001,1.1,0.1,2.8000000000000003,10.700000000000001,11.2,7.300000000000001,-7.8,16
10317,172662.0,-0.2,0.4,0.9,0.2,2.6,10.4,8.9,12.4,-6.1000000000000005,16
10318,172678.0,0.2,0.30000000000000004,0.5,0.6000000000000001,2.5,10.100000000000001,8.200000000000001,16.700000000000003,-3.7000000000000006,16
10319,172698.0,0.5,0.1,0.30000000000000004,0.6000000000000001,2.5,10.100000000000001,8.200000000000001,16.700000000000003,-3.7000000000000006,16
10320,172712.0,1.2000000000000002,-0.30000000000000004,0.1,1.7000000000000002,1.9000000000000001,9.600000000000001,13.200000000000001,25.0,-9.700000000000001,16
10321,172728.0,2.0,-0.6000000000000001,-0.4,2.2,1.6,9.1,12.8,26.200000000000003,-17.8,16
10322,172745.0,2.3000000000000003,-0.9,-0.9,2.3000000000000003,1.4000000000000001,8.700000000000001,9.1,26.9,-25.5,16
10323,172763.0,2.3000000000000003,-1.0,-1.3,2.2,1.4000000000000001,8.3,1.7,25.400000000000002,-29.300000000000004,16
10324,172778.0,2.3000000000000003,-1.0,-1.4000000000000001,2.1,1.3,8.200000000000001,-7.6,22.7,-27.5,16
10325,172796.0,2.2,-1.1,-1.5,2.0,1.2000000000000002,8.1,-15.399999999999999,19.8,-22.2,16
10326,172812.0,2.1,-1.1,-1.4000000000000001,1.9000000000000001,1.1,8.3,-20.1,16.900000000000002,-15.399999999999999,16
10327,172828.0,2.1,-1.0,-1.3,1.8,1.2000000000000002,8.4,-19.700000000000003,12.5,-8.5,16
10328,172845.0,2.0,-0.9,-1.2000000000000002,1.6,1.3,8.5,-14.900000000000002,7.699999999999999,-2.4000000000000004,16
10329,172862.0,1.7000000000000002,-0.7000000000000001,-1.3,1.4000000000000001,1.4000000000000001,8.3,-6.7,2.0,2.0,16
10330,172879.0,1.4000000000000001,-0.6000000000000001,-1.4000000000000001,1.0,1.5,8.1,2.1,-4.300000000000001,3.9,16
10331,172895.0,0.8,-0.5,-1.8,0.5,1.6,7.800000000000001,7.2,-12.9,4.3999999999999995,16
10332,172913.0,0.1,-0.2,-1.9000000000000001,-0.1,1.9000000000000001,7.6000000000000005,6.9,-22.4,5.0,16
10333,172929.0,-0.2,-0.1,-1.9000000000000001,-0.30000000000000004,2.1,7.7,1.6,-33.800000000000004,6.000000000000001,16
10334,172946.0,-0.30000000000000004,0.0,-1.9000000000000001,-0.30000000000000004,2.1,7.7,1.6,-33.800000000000004,6.000000000000001,16
10335,172963.0,-0.2,0.2,-1.7000000000000002,0.0,2.3000000000000003,7.800000000000001,-6.000000000000001,-41.7,5.8,16
10336,172978.0,-0.1,0.30000000000000004,-1.5,0.2,2.3000000000000003,8.200000000000001,-18.900000000000002,-42.1,-0.8,16
10337,173003.0,0.0,0.30000000000000004,-1.1,0.30000000000000004,2.3000000000000003,8.5,-24.200000000000003,-37.5,-5.7,16
10338,173012.0,-0.2,0.4,-0.8,0.2,2.3000000000000003,8.8,-26.700000000000003,-31.099999999999998,-9.8,16
10339,173029.0,-0.30000000000000004,0.4,-0.6000000000000001,0.0,2.2,9.1,-28.0,-23.2,-12.6,16
10340,173046.0,-0.7000000000000001,0.4,-0.30000000000000004,-0.30000000000000004,2.2,9.3,-28.6,-17.0,-13.100000000000001,16
10341,173062.0,-1.2000000000000002,0.5,0.1,-0.6000000000000001,2.2,9.700000000000001,-27.6,-12.700000000000001,-11.5,16
10342,173078.0,-1.3,0.5,0.2,-0.9,2.2,9.9,-25.1,-11.700000000000001,-8.3,16
10343,173095.0,-1.6,0.6000000000000001,0.4,-1.0,2.2,10.100000000000001,-20.5,-11.2,-3.5,16
10344,173112.0,-1.7000000000000002,0.7000000000000001,0.6000000000000001,-1.1,2.2,10.200000000000001,-12.9,-8.3,1.7,16
10345,173128.0,-1.8,0.7000000000000001,0.6000000000000001,-1.1,2.3000000000000003,10.3,-2.8,-5.4,6.4,16
10346,173145.0,-1.8,0.8,0.7000000000000001,-1.2000000000000002,2.4000000000000004,10.3,6.8,-2.7,10.4,16
10347,173162.0,-1.8,0.9,0.4,-1.2000000000000002,2.5,10.0,14.3,0.0,13.9,16
10348,173182.0,-1.7000000000000002,1.0,0.1,-1.1,2.6,9.700000000000001,18.2,4.300000000000001,16.400000000000002,16
10349,173195.0,-1.7000000000000002,1.0,0.0,-1.1,2.8000000000000003,9.600000000000001,17.599999999999998,9.0,17.5,16
10350,173212.0,-1.6,1.2000000000000002,0.0,-1.0,2.9000000000000004,9.700000000000001,13.700000000000001,12.3,18.1,16
10351,173233.0,-1.4000000000000001,1.2000000000000002,0.30000000000000004,-0.9,3.0,9.9,9.4,14.0,18.6,16
10352,173251.0,-0.5,0.9,0.6000000000000001,-0.2,2.8000000000000003,10.200000000000001,3.6,13.3,17.0,16
10353,173262.0,-0.1,0.8,0.9,0.5,2.5,10.5,-2.7,10.600000000000001,12.9,16
10354,173278.0,0.7000000000000001,0.5,0.9,1.1,2.3000000000000003,10.600000000000001,-6.2,12.3,7.500000000000001,16
10355,173295.0,0.8,0.4,0.9,1.2000000000000002,2.2,10.5,-6.5,22.6,5.0,16
10356,173312.0,0.6000000000000001,0.5,0.8,0.7000000000000001,2.3000000000000003,10.4,-1.9,33.1,5.300000000000001,16
10357,173328.0,-0.6000000000000001,0.8,1.1,-0.4,2.5,10.8,4.6000000000000005,40.8,8.3,16
10358,173345.0,-1.2000000000000002,0.9,1.8,-0.9,2.8000000000000003,11.9,-0.9,22.4,12.3,16
10359,173362.0,-1.0,1.0,2.7,-0.7000000000000001,2.7,12.5,-12.6,-1.4,16.5,16
10360,173378.0,0.1,0.7000000000000001,3.1,0.30000000000000004,2.4000000000000004,12.8,-15.2,-13.5,18.400000000000002,16
10361,173395.0,0.6000000000000001,0.4,3.0,1.0,2.0,12.5,-6.4,-7.300000000000001,15.9,16
10362,173412.0,1.1,0.2,2.4000000000000004,1.2000000000000002,1.9000000000000001,12.100000000000001,7.300000000000001,7.9,12.9,16
10363,173428.0,0.7000000000000001,0.2,2.0,0.8,1.9000000000000001,11.8,18.1,18.0,11.700000000000001,16
10364,173445.0,0.7000000000000001,0.1,1.9000000000000001,1.1,1.7000000000000002,11.5,16.0,12.3,12.200000000000001,16
10365,173462.0,1.5,-0.2,1.6,1.7000000000000002,1.5,11.3,10.8,10.600000000000001,12.700000000000001,16
10366,173479.0,1.6,-0.6000000000000001,1.4000000000000001,1.7000000000000002,1.3,11.200000000000001,13.200000000000001,13.0,13.6,16
10367,173497.0,1.8,-1.0,1.0,1.9000000000000001,1.0,10.9,17.7,13.4,14.4,16
10368,173513.0,2.0,-1.0,0.7000000000000001,2.1,0.9,10.200000000000001,19.400000000000002,13.3,13.200000000000001,16
10369,173529.0,1.9000000000000001,-1.2000000000000002,-0.2,1.9000000000000001,0.8,9.5,21.0,15.100000000000001,11.700000000000001,16
10370,173545.0,1.8,-1.2000000000000002,-0.4,1.7000000000000002,0.8,9.1,24.5,18.0,11.000000000000002,16
10371,173562.0,1.8,-1.4000000000000001,-1.1,1.7000000000000002,0.7000000000000001,8.5,26.0,19.6,8.799999999999999,16
10372,173578.0,1.5,-1.4000000000000001,-1.5,1.4000000000000001,0.8,8.200000000000001,26.500000000000004,20.2,5.300000000000001,16
10373,173595.0,1.3,-1.4000000000000001,-1.7000000000000002,1.0,0.9,7.9,25.900000000000002,16.400000000000002,2.1,16
10374,173612.0,1.0,-1.3,-1.8,0.8,1.1,7.800000000000001,24.8,11.1,-0.1,16
10375,173629.0,0.9,-1.2000000000000002,-2.0,0.8,1.2000000000000002,7.6000000000000005,20.8,3.0000000000000004,-1.6,16
10376,173645.0,1.0,-1.1,-2.3000000000000003,0.8,1.3,7.300000000000001,14.100000000000001,-4.9,-3.2,16
10377,173662.0,1.0,-1.1,-2.5,0.9,1.3,7.1000000000000005,6.3,-10.700000000000001,-4.7,16
10378,173686.0,0.7000000000000001,-0.9,-2.7,0.5,1.6,6.800000000000001,-1.3,-5.2,-3.6,16
10379,173695.0,0.7000000000000001,-0.9,-2.7,0.5,1.6,6.800000000000001,-1.3,-5.2,-3.6,16
10380,173712.0,0.30000000000000004,-0.7000000000000001,-2.6,0.1,1.7000000000000002,7.0,-4.3999999999999995,-3.0000000000000004,-1.8,16
10381,173728.0,-0.2,-0.5,-2.2,-0.2,1.8,7.300000000000001,-7.300000000000001,-4.9,-1.4,16
10382,173746.0,-0.5,-0.6000000000000001,-1.9000000000000001,-0.5,1.7000000000000002,7.6000000000000005,-8.9,-7.699999999999999,-1.8,16
10383,173762.0,-0.4,-0.5,-1.6,-0.4,1.8,7.9,-8.700000000000001,-13.5,-3.6,16
10384,173788.0,-0.6000000000000001,-0.5,-1.3,-0.6000000000000001,1.8,8.1,-9.5,-20.3,-6.1000000000000005,16
10385,173795.0,-0.6000000000000001,-0.5,-1.3,-0.6000000000000001,1.8,8.1,-9.5,-20.3,-6.1000000000000005,16
10386,173812.0,-0.5,-0.4,-0.7000000000000001,-0.1,1.8,8.8,-18.3,-33.400000000000006,-10.0,16
10387,173829.0,-0.2,-0.4,-0.4,0.1,1.8,9.1,-21.6,-35.5,-11.700000000000001,16
10388,173846.0,-0.1,-0.30000000000000004,-0.2,0.30000000000000004,1.8,9.3,-22.4,-34.1,-12.9,16
10389,173862.0,0.0,-0.2,-0.1,0.4,1.9000000000000001,9.5,-21.3,-28.500000000000004,-13.700000000000001,16
10390,173887.0,-0.30000000000000004,0.1,0.4,0.30000000000000004,1.9000000000000001,9.8,-19.400000000000002,-22.000000000000004,-15.399999999999999,16
10391,173895.0,-0.5,0.2,0.6000000000000001,0.0,2.2,10.200000000000001,-16.700000000000003,-14.900000000000002,-16.3,16
10392,173912.0,-0.7000000000000001,0.4,0.9,-0.4,2.4000000000000004,10.5,-11.000000000000002,-7.2,-15.399999999999999,16
10393,173928.0,-1.1,0.7000000000000001,1.1,-0.6000000000000001,2.6,10.700000000000001,-5.9,-4.0,-14.500000000000002,16
10394,173945.0,-1.3,0.9,1.2000000000000002,-0.8,2.7,10.8,-4.9,-3.9,-15.000000000000002,16
10395,173962.0,-1.4000000000000001,0.9,1.3,-0.9,2.8000000000000003,10.9,-3.8,-3.4,-16.0,16
10396,173989.0,-1.5,1.0,1.4000000000000001,-1.0,2.8000000000000003,11.0,-0.9,-1.0,-15.399999999999999,16
10397,173995.0,-1.5,0.9,1.4000000000000001,-1.0,2.8000000000000003,11.0,1.3,2.6,-14.500000000000002,16
10398,174013.0,-1.5,0.7000000000000001,1.3,-1.0,2.6,10.9,1.5000000000000002,5.8,-14.500000000000002,16
10399,174030.0,-1.6,0.6000000000000001,1.2000000000000002,-1.2000000000000002,2.4000000000000004,10.8,1.5000000000000002,7.2,-14.600000000000001,16
10400,174045.0,-1.6,0.4,1.3,-1.2000000000000002,2.3000000000000003,11.0,0.9,8.9,-13.9,16
10401,174062.0,-1.6,0.4,1.5,-1.3,2.3000000000000003,11.200000000000001,1.0,9.700000000000001,-12.5,16
10402,174089.0,-1.5,0.4,1.7000000000000002,-1.2000000000000002,2.3000000000000003,11.3,3.7000000000000006,12.4,-10.600000000000001,16
10403,174095.0,-1.5,0.4,1.7000000000000002,-1.2000000000000002,2.4000000000000004,11.5,7.2,14.600000000000001,-10.4,16
10404,174113.0,-1.4000000000000001,0.5,1.8,-0.9,2.4000000000000004,11.8,3.3000000000000003,7.699999999999999,-13.100000000000001,16
10405,174128.0,-0.9,0.6000000000000001,2.2,-0.5,2.6,11.9,-6.4,-0.9,-14.600000000000001,16
10406,174145.0,-0.30000000000000004,0.5,2.2,-0.1,2.4000000000000004,11.9,-13.8,-4.3999999999999995,-13.200000000000001,16
10407,174165.0,0.1,0.30000000000000004,1.9000000000000001,0.30000000000000004,2.1,11.700000000000001,-15.5,0.30000000000000004,-11.3,16
10408,174185.0,0.2,0.2,1.3,0.4,2.1,11.100000000000001,-9.8,12.000000000000002,-7.400000000000001,16
10409,174196.0,0.30000000000000004,0.1,0.9,0.5,1.8,10.600000000000001,-1.0,18.8,-2.9,16
10410,174212.0,1.1,-0.30000000000000004,0.30000000000000004,1.2000000000000002,1.5,10.100000000000001,2.7,22.3,-0.6000000000000001,16
10411,174228.0,1.6,-0.5,0.1,1.5,1.4000000000000001,9.700000000000001,4.9,22.8,-1.9,16
10412,174245.0,1.9000000000000001,-0.7000000000000001,-0.30000000000000004,1.9000000000000001,1.1,9.4,9.4,23.2,-4.5,16
10413,174262.0,2.6,-1.0,-0.4,2.5,0.9,9.3,9.200000000000001,23.2,-10.1,16
10414,174284.0,2.7,-1.1,-0.6000000000000001,2.5,0.8,9.1,8.3,17.1,-17.400000000000002,16
10415,174296.0,2.7,-1.1,-0.8,2.5,0.9,8.8,9.5,14.500000000000002,-20.4,16
10416,174312.0,2.5,-1.1,-1.3,2.3000000000000003,0.9,8.4,7.9,13.8,-19.9,16
10417,174329.0,2.4000000000000004,-1.1,-1.5,2.0,1.0,7.9,2.8,12.200000000000001,-17.9,16
10418,174345.0,1.8,-0.8,-1.9000000000000001,1.4000000000000001,1.2000000000000002,7.7,-1.2000000000000002,12.3,-12.700000000000001,16
10419,174362.0,1.3,-0.5,-1.9000000000000001,0.9,1.5,7.800000000000001,-2.0,10.700000000000001,-5.7,16
10420,174386.0,1.0,-0.30000000000000004,-1.6,0.7000000000000001,1.6,8.0,-2.4000000000000004,3.5,-1.0999999999999999,16
10421,174395.0,1.0,-0.2,-1.6,0.6000000000000001,1.8,8.1,-2.0,-3.9,-0.7,16
10422,174412.0,0.9,-0.1,-1.6,0.5,1.8,8.0,-1.3,-9.0,-3.9,16
10423,174430.0,0.5,0.0,-1.7000000000000002,0.30000000000000004,1.9000000000000001,7.9,-0.2,-12.9,-9.600000000000001,16
10424,174445.0,0.2,0.2,-1.7000000000000002,-0.2,2.2,7.9,-0.5,-14.3,-13.8,16
10425,174462.0,-0.4,0.5,-1.6,-0.6000000000000001,2.4000000000000004,8.0,-3.6,-17.400000000000002,-14.900000000000002,16
10426,174483.0,-0.6000000000000001,0.7000000000000001,-1.4000000000000001,-0.7000000000000001,2.5,8.200000000000001,-8.0,-19.500000000000004,-14.200000000000001,16
10427,174500.0,-0.7000000000000001,0.7000000000000001,-1.0,-0.7000000000000001,2.6,8.5,-10.4,-19.700000000000003,-13.9,16
10428,174513.0,-0.5,0.7000000000000001,-0.7000000000000001,-0.6000000000000001,2.6,8.9,-9.5,-18.2,-13.100000000000001,16
10429,174529.0,-0.4,0.7000000000000001,-0.6000000000000001,-0.4,2.5,9.0,-6.8,-16.400000000000002,-14.0,16
10430,174545.0,-0.30000000000000004,0.6000000000000001,-0.6000000000000001,-0.5,2.4000000000000004,9.0,-3.5,-14.0,-16.400000000000002,16
10431,174562.0,-0.7000000000000001,0.6000000000000001,-0.6000000000000001,-0.7000000000000001,2.5,9.1,-2.1,-13.4,-16.5,16
10432,174581.0,-1.0,0.8,-0.2,-0.9,2.6,9.3,-2.9,-14.800000000000002,-14.700000000000001,16
10433,174600.0,-1.0,0.9,-0.2,-0.9,2.7,9.5,-2.4000000000000004,-16.400000000000002,-11.1,16
10434,174612.0,-1.0,0.9,0.0,-0.8,2.7,9.600000000000001,-0.2,-15.5,-7.8,16
10435,174628.0,-0.9,0.8,0.0,-0.7000000000000001,2.7,9.600000000000001,2.8,-13.100000000000001,-6.5,16
10436,174645.0,-0.9,0.8,0.1,-0.7000000000000001,2.7,9.600000000000001,6.3,-9.9,-6.000000000000001,16
10437,174662.0,-0.9,0.8,0.0,-0.7000000000000001,2.7,9.600000000000001,9.5,-7.2,-5.9,16
10438,174682.0,-0.8,0.8,0.0,-0.7000000000000001,2.7,9.600000000000001,11.8,-4.3999999999999995,-6.1000000000000005,16
10439,174698.0,-0.8,0.7000000000000001,0.0,-0.6000000000000001,2.6,9.5,13.5,-0.4,-6.5,16
10440,174712.0,-0.8,0.6000000000000001,-0.1,-0.7000000000000001,2.5,9.5,14.3,4.5,-6.6000000000000005,16
10441,174728.0,-0.9,0.4,-0.1,-0.8,2.4000000000000004,9.5,14.4,10.0,-7.0,16
10442,174746.0,-1.0,0.30000000000000004,0.0,-1.0,2.4000000000000004,9.700000000000001,14.900000000000002,12.9,-7.500000000000001,16
10443,174762.0,-1.0,0.30000000000000004,0.5,-0.9,2.4000000000000004,10.100000000000001,11.700000000000001,8.5,-7.6,16
10444,174784.0,-0.5,0.1,0.9,-0.5,2.3000000000000003,10.5,4.300000000000001,-1.0999999999999999,-8.600000000000001,16
10445,174797.0,0.2,0.0,1.2000000000000002,0.1,2.2,10.8,-1.0,-6.1000000000000005,-10.0,16
10446,174813.0,0.4,0.0,1.3,0.4,2.2,11.0,-2.4000000000000004,-2.1,-10.2,16
10447,174828.0,0.2,0.2,1.3,0.1,2.4000000000000004,10.9,-0.6000000000000001,6.4,-8.200000000000001,16
10448,174846.0,-0.7000000000000001,0.6000000000000001,1.4000000000000001,-0.7000000000000001,2.7,11.0,3.4,12.6,-4.800000000000001,16
10449,174862.0,-0.9,0.8,2.0,-0.8,3.0,12.0,-4.6000000000000005,-1.7,-1.3,16
10450,174883.0,0.1,0.7000000000000001,2.6,0.1,2.9000000000000004,12.4,-18.400000000000002,-16.8,-0.1,16
10451,174895.0,0.6000000000000001,0.5,2.9000000000000004,0.5,2.6,12.700000000000001,-14.200000000000001,-15.6,-1.2000000000000002,16
10452,174913.0,0.7000000000000001,0.2,2.8000000000000003,0.8,2.3000000000000003,12.4,-3.7000000000000006,-10.9,-3.9,16
10453,174929.0,0.9,0.2,2.1,0.9,2.3000000000000003,11.8,2.7,-4.7,-6.7,16
10454,174945.0,0.7000000000000001,0.1,1.4000000000000001,0.7000000000000001,2.2,11.200000000000001,5.0,1.7,-6.8,16
10455,174962.0,0.7000000000000001,0.1,1.1,0.7000000000000001,2.1,10.700000000000001,5.8,8.0,-4.3999999999999995,16
10456,174986.0,0.6000000000000001,-0.2,0.6000000000000001,0.6000000000000001,1.9000000000000001,10.3,10.2,14.900000000000002,-1.0,16
10457,174996.0,0.6000000000000001,-0.5,0.1,0.6000000000000001,1.7000000000000002,9.9,17.8,20.4,2.4000000000000004,16
10458,175013.0,0.7000000000000001,-0.7000000000000001,-0.1,0.7000000000000001,1.4000000000000001,9.600000000000001,22.8,20.5,4.5,16
10459,175028.0,0.9,-1.1,-0.5,0.7000000000000001,1.2000000000000002,9.1,28.1,19.200000000000003,3.6,16
10460,175045.0,0.6000000000000001,-1.3,-1.5,0.4,1.1,8.200000000000001,31.8,18.6,4.3999999999999995,16
10461,175062.0,0.6000000000000001,-1.4000000000000001,-1.7000000000000002,0.30000000000000004,1.0,7.7,34.300000000000004,17.8,4.7,16
10462,175084.0,0.5,-1.4000000000000001,-2.1,0.2,1.1,7.5,31.5,14.200000000000001,4.800000000000001,16
10463,175106.0,0.6000000000000001,-1.5,-1.9000000000000001,0.4,1.1,7.7,13.0,-4.9,4.0,16
10464,175112.0,0.6000000000000001,-1.5,-1.9000000000000001,0.4,1.1,7.7,13.0,-4.9,4.0,16
10465,175128.0,0.9,-1.6,-1.9000000000000001,0.7000000000000001,1.0,7.7,4.3999999999999995,-14.3,3.0000000000000004,16
10466,175146.0,1.2000000000000002,-1.7000000000000002,-1.8,1.0,1.0,7.7,-3.1,-20.5,2.1999999999999997,16
10467,175163.0,1.2000000000000002,-1.5,-1.7000000000000002,1.1,1.1,7.9,-9.200000000000001,-22.2,2.5,16
10468,175185.0,1.2000000000000002,-1.4000000000000001,-1.6,1.2000000000000002,1.1,7.9,-13.5,-22.000000000000004,4.1000000000000005,16
10469,175195.0,1.2000000000000002,-1.4000000000000001,-1.6,1.2000000000000002,1.1,7.9,-13.5,-22.000000000000004,4.1000000000000005,16
10470,175212.0,0.7000000000000001,-1.1,-1.4000000000000001,0.7000000000000001,1.4000000000000001,8.200000000000001,-17.0,-19.500000000000004,9.0,16
10471,175229.0,0.4,-0.9,-1.3,0.5,1.5,8.3,-15.299999999999999,-17.3,10.1,16
10472,175245.0,0.1,-0.8,-1.3,0.30000000000000004,1.6,8.3,-13.100000000000001,-18.1,9.200000000000001,16
10473,175264.0,-0.2,-0.6000000000000001,-1.1,0.1,1.7000000000000002,8.4,-11.2,-20.3,7.2,16
10474,175282.0,-0.30000000000000004,-0.5,-1.0,0.0,1.8,8.6,-10.5,-24.000000000000004,5.300000000000001,16
10475,175295.0,-0.5,-0.30000000000000004,-0.7000000000000001,-0.1,1.9000000000000001,8.9,-12.4,-29.600000000000005,3.2,16
10476,175312.0,-0.5,-0.2,-0.6000000000000001,0.1,2.0,8.9,-16.3,-33.7,1.0999999999999999,16
10477,175328.0,-0.4,-0.1,-0.6000000000000001,0.2,2.1,9.0,-18.900000000000002,-30.299999999999997,0.30000000000000004,16
10478,175345.0,-0.8,-0.1,-0.7000000000000001,0.0,2.0,8.9,-20.7,-26.0,2.3000000000000003,16
10479,175364.0,-0.2,0.0,-0.5,0.6000000000000001,2.0,9.1,-24.1,-18.7,0.7,16
10480,175378.0,-0.30000000000000004,-0.1,-0.30000000000000004,0.4,1.9000000000000001,9.4,-24.200000000000003,-9.1,-1.7,16
10481,175396.0,-0.7000000000000001,0.0,0.1,0.1,1.9000000000000001,9.700000000000001,-20.5,-4.800000000000001,-4.3999999999999995,16
10482,175413.0,-0.2,0.2,0.30000000000000004,0.6000000000000001,2.0,9.9,-15.299999999999999,-3.2,-9.3,16
10483,175428.0,-1.8,0.1,-0.30000000000000004,-0.7000000000000001,1.9000000000000001,9.8,-19.6,-0.7,-11.2,16
10484,175445.0,-1.6,0.30000000000000004,1.1,-0.8,2.0,10.700000000000001,-16.400000000000002,-2.8,-9.3,16
10485,175463.0,-1.3,0.1,1.2000000000000002,-0.6000000000000001,1.9000000000000001,10.9,-6.7,-0.2,-7.9,16
10486,175479.0,-1.3,0.1,1.4000000000000001,-0.7000000000000001,1.8,10.9,1.7,0.0,-8.200000000000001,16
10487,175495.0,-1.3,0.1,1.1,-0.6000000000000001,1.9000000000000001,10.700000000000001,3.4,-0.1,-8.200000000000001,16
10488,175513.0,-1.4000000000000001,0.30000000000000004,1.2000000000000002,-0.7000000000000001,2.1,10.9,5.4,2.6,-6.4,16
10489,175528.0,-1.4000000000000001,0.4,1.3,-0.8,2.2,10.9,7.9,3.7000000000000006,-2.5,16
10490,175545.0,-1.4000000000000001,0.5,1.2000000000000002,-0.8,2.2,10.9,7.9,3.7000000000000006,-2.5,16
10491,175562.0,-1.4000000000000001,0.5,1.2000000000000002,-0.8,2.2,10.9,7.9,3.7000000000000006,-2.5,16
10492,175581.0,-1.3,0.4,1.4000000000000001,-0.7000000000000001,2.3000000000000003,11.0,7.9,4.5,2.4000000000000004,16
10493,175596.0,-1.4000000000000001,0.5,1.5,-0.8,2.4000000000000004,11.3,11.8,8.5,3.3000000000000003,16
10494,175613.0,-1.3,0.6000000000000001,2.1,-0.7000000000000001,2.5,11.8,13.4,6.9,2.6,16
10495,175628.0,-1.1,0.6000000000000001,2.4000000000000004,-0.5,2.5,11.9,6.1000000000000005,-3.5,0.9,16
10496,175645.0,-0.8,0.6000000000000001,1.9000000000000001,-0.2,2.5,11.5,-1.0999999999999999,-9.1,1.0999999999999999,16
10497,175662.0,-0.5,0.4,1.4000000000000001,0.0,2.4000000000000004,11.100000000000001,-4.3999999999999995,-5.8,2.8,16
10498,175679.0,-0.5,0.4,1.3,0.0,2.3000000000000003,10.9,-3.2,3.8,6.8,16
10499,175695.0,-0.5,0.30000000000000004,1.1,0.1,2.2,10.8,2.1999999999999997,13.100000000000001,11.6,16
10500,175712.0,-0.1,0.0,1.0,0.4,2.0,10.700000000000001,6.5,18.1,13.4,16
10501,175729.0,0.4,-0.2,1.0,0.8,1.8,10.8,7.6,12.9,13.0,16
10502,175745.0,0.9,-0.30000000000000004,0.9,1.5,1.6,10.5,10.3,9.3,10.5,16
10503,175763.0,1.7000000000000002,-0.6000000000000001,0.5,2.2,1.4000000000000001,10.200000000000001,16.0,11.2,5.500000000000001,16
10504,175778.0,2.3000000000000003,-0.8,-0.1,2.7,1.3,9.700000000000001,22.000000000000004,16.8,-0.2,16
10505,175796.0,2.5,-0.7000000000000001,-0.30000000000000004,2.9000000000000004,1.4000000000000001,9.200000000000001,26.1,23.900000000000002,-3.7000000000000006,16
10506,175812.0,2.6,-0.7000000000000001,-1.0,2.8000000000000003,1.5,8.6,26.8,30.299999999999997,-5.8,16
10507,175829.0,2.3000000000000003,-0.7000000000000001,-1.5,2.5,1.6,8.1,22.8,34.2,-7.300000000000001,16
10508,175845.0,2.2,-0.7000000000000001,-1.7000000000000002,2.3000000000000003,1.7000000000000002,8.0,15.9,30.9,-7.699999999999999,16
10509,175862.0,2.0,-0.7000000000000001,-1.7000000000000002,2.0,1.7000000000000002,8.0,9.8,25.2,-7.0,16
10510,175879.0,1.7000000000000002,-0.5,-1.5,1.7000000000000002,1.9000000000000001,8.1,7.500000000000001,21.6,-4.0,16
10511,175896.0,1.5,-0.4,-1.5,1.5,2.0,8.200000000000001,5.9,14.700000000000001,-0.5,16
10512,175912.0,1.3,-0.30000000000000004,-1.3,1.3,2.1,8.3,2.1,4.0,2.1,16
10513,175928.0,1.2000000000000002,-0.2,-1.3,1.1,2.2,8.3,-2.4000000000000004,-7.400000000000001,3.9,16
10514,175945.0,1.1,-0.1,-1.4000000000000001,1.0,2.3000000000000003,8.200000000000001,-6.4,-14.3,3.9,16
10515,175964.0,0.7000000000000001,-0.1,-1.4000000000000001,0.8,2.3000000000000003,8.1,-7.400000000000001,-16.8,4.1000000000000005,16
10516,176002.0,-0.30000000000000004,0.2,-1.2000000000000002,0.0,2.5,8.3,-5.8,-11.3,1.0999999999999999,16
10517,176012.0,-0.4,0.2,-1.0,-0.30000000000000004,2.5,8.6,-6.6000000000000005,-12.700000000000001,0.8,16
10518,176028.0,-0.7000000000000001,0.2,-0.9,-0.4,2.5,8.6,-7.400000000000001,-14.500000000000002,-0.1,16
10519,176045.0,-0.7000000000000001,0.2,-0.9,-0.4,2.5,8.700000000000001,-8.600000000000001,-14.4,-1.5000000000000002,16
10520,176061.0,-0.7000000000000001,0.30000000000000004,-0.7000000000000001,-0.5,2.5,8.8,-7.699999999999999,-10.9,-2.4000000000000004,16
10521,176080.0,-0.9,0.30000000000000004,-0.8,-0.5,2.5,8.8,-5.6,-6.5,-2.7,16
10522,176095.0,-0.9,0.30000000000000004,-0.8,-0.5,2.5,8.8,-5.6,-6.5,-2.7,16
10523,176111.0,-1.0,0.30000000000000004,-0.5,-0.7000000000000001,2.5,9.1,-5.2,-2.1999999999999997,-1.8,16
10524,176128.0,-1.1,0.2,-0.6000000000000001,-0.8,2.5,9.0,-5.300000000000001,-3.4,-0.30000000000000004,16
10525,176145.0,-1.1,0.30000000000000004,-0.5,-0.8,2.5,9.0,-6.2,-3.5,2.0,16
10526,176166.0,-1.1,0.2,-0.5,-0.8,2.4000000000000004,9.0,-4.0,-2.0,5.7,16
10527,176178.0,-1.0,0.2,-0.5,-0.7000000000000001,2.4000000000000004,9.0,-0.4,0.5,9.3,16
10528,176195.0,-1.0,0.30000000000000004,-0.6000000000000001,-0.7000000000000001,2.5,9.0,3.3000000000000003,2.8,12.100000000000001,16
10529,176212.0,-1.0,0.4,-0.5,-0.7000000000000001,2.6,9.0,5.9,3.4,13.100000000000001,16
10530,176228.0,-0.9,0.5,-0.5,-0.6000000000000001,2.7,9.1,5.9,2.5,12.4,16
10531,176245.0,-0.8,0.5,-0.5,-0.5,2.8000000000000003,9.1,3.3000000000000003,1.0999999999999999,10.700000000000001,16
10532,176263.0,-0.7000000000000001,0.6000000000000001,-0.5,-0.4,2.8000000000000003,9.1,-0.8,2.3000000000000003,8.799999999999999,16
10533,176280.0,-0.7000000000000001,0.6000000000000001,-0.30000000000000004,-0.4,2.9000000000000004,9.3,-6.3,2.8,7.6,16
10534,176297.0,-0.5,0.6000000000000001,0.2,-0.30000000000000004,2.9000000000000004,9.700000000000001,-12.6,2.9,6.9,16
10535,176312.0,-0.30000000000000004,0.6000000000000001,0.5,-0.1,2.8000000000000003,10.3,-16.6,2.5,5.1,16
10536,176328.0,-0.1,0.5,1.1,0.1,2.7,10.8,-20.2,-0.1,2.1,16
10537,176345.0,0.0,0.5,1.4000000000000001,0.2,2.7,11.100000000000001,-21.1,-0.30000000000000004,-0.2,16
10538,176362.0,-0.2,0.6000000000000001,1.5,-0.2,2.8000000000000003,11.200000000000001,-18.900000000000002,2.1999999999999997,-0.2,16
10539,176379.0,-0.7000000000000001,0.9,1.9000000000000001,-0.5,3.0,11.700000000000001,-19.700000000000003,-0.2,2.1,16
10540,176396.0,-0.1,1.0,2.9000000000000004,0.1,3.0,12.600000000000001,-25.900000000000002,-7.300000000000001,5.0,16
10541,176412.0,0.1,0.9,3.0,0.5,2.7,12.8,-26.9,-11.000000000000002,5.2,16
10542,176428.0,0.5,0.7000000000000001,3.2,0.9,2.5,12.9,-20.5,-7.6,2.3000000000000003,16
10543,176445.0,0.8,0.5,3.0,0.9,2.5,12.9,-20.5,-7.6,2.3000000000000003,16
10544,176462.0,1.0,0.1,1.7000000000000002,1.2000000000000002,2.0,11.600000000000001,-0.5,15.299999999999999,-2.8,16
10545,176480.0,0.8,0.1,1.2000000000000002,0.9,1.8,11.0,7.6,28.8,-3.5,16
10546,176495.0,0.7000000000000001,-0.30000000000000004,1.2000000000000002,0.8,1.6,11.0,13.100000000000001,35.0,-3.1,16
10547,176514.0,0.7000000000000001,-0.4,1.1,0.8,1.4000000000000001,10.8,14.0,26.6,-2.7,16
10548,176528.0,1.2000000000000002,-0.6000000000000001,0.8,1.3,1.3,10.5,12.700000000000001,23.400000000000002,-1.7,16
10549,176545.0,1.8,-1.1,0.4,1.7000000000000002,0.9,10.100000000000001,14.800000000000002,20.900000000000002,-3.3000000000000003,16
10550,176562.0,2.1,-1.3,-0.2,2.0,0.8,9.700000000000001,18.6,21.3,-6.2,16
10551,176578.0,2.1,-1.3,-0.4,1.8,0.7000000000000001,9.3,22.1,23.2,-7.699999999999999,16
10552,176595.0,1.8,-1.3,-0.7000000000000001,1.5,0.8,9.0,22.5,21.400000000000002,-6.8,16
10553,176613.0,1.7000000000000002,-1.4000000000000001,-1.1,1.4000000000000001,0.8,8.700000000000001,20.3,16.5,-4.7,16
10554,176628.0,1.7000000000000002,-1.4000000000000001,-1.3,1.3,0.8,8.4,16.700000000000003,10.1,-2.7,16
10555,176645.0,1.7000000000000002,-1.5,-1.4000000000000001,1.3,0.8,8.3,11.8,3.0000000000000004,-1.4,16
10556,176662.0,1.7000000000000002,-1.4000000000000001,-1.5,1.4000000000000001,0.9,8.200000000000001,4.7,-7.6,0.2,16
10557,176678.0,1.7000000000000002,-1.4000000000000001,-1.7000000000000002,1.4000000000000001,0.9,7.800000000000001,-1.8,-15.5,3.4,16
10558,176696.0,1.7000000000000002,-1.3,-1.9000000000000001,1.4000000000000001,0.9,7.800000000000001,-1.8,-15.5,3.4,16
10559,176714.0,1.4000000000000001,-1.1,-2.6,1.3,1.1,7.1000000000000005,-9.200000000000001,-23.0,10.9,16
10560,176728.0,1.2000000000000002,-1.1,-2.7,1.0,1.1,7.0,-7.2,-21.700000000000003,13.200000000000001,16
10561,176745.0,0.8,-0.9,-2.6,0.8,1.2000000000000002,7.1000000000000005,-5.300000000000001,-23.700000000000003,13.5,16
10562,176762.0,0.4,-0.7000000000000001,-2.6,0.5,1.4000000000000001,7.1000000000000005,-3.5,-29.900000000000006,12.8,16
10563,176778.0,0.2,-0.7000000000000001,-2.6,0.4,1.5,7.0,-3.5,-36.0,11.3,16
10564,176795.0,0.0,-0.6000000000000001,-2.5,0.30000000000000004,1.5,7.1000000000000005,-6.3,-42.6,8.5,16
10565,176812.0,-0.2,-0.4,-2.4000000000000004,0.30000000000000004,1.6,7.2,-10.9,-48.00000000000001,5.300000000000001,16
10566,176828.0,-0.30000000000000004,-0.30000000000000004,-2.3000000000000003,0.30000000000000004,1.7000000000000002,7.300000000000001,-14.800000000000002,-51.1,3.1,16
10567,176845.0,-0.4,-0.2,-2.0,0.4,1.7000000000000002,7.7,-19.1,-52.900000000000006,0.8,16
10568,176865.0,-0.4,-0.2,-1.5,0.5,1.7000000000000002,8.1,-24.200000000000003,-52.50000000000001,-2.4000000000000004,16
10569,176883.0,-0.5,-0.2,-1.0,0.5,1.6,8.5,-29.000000000000004,-52.800000000000004,-6.4,16
10570,176895.0,-0.6000000000000001,-0.2,-0.8,0.5,1.5,8.8,-32.0,-50.1,-9.700000000000001,16
10571,176912.0,-0.9,-0.2,-0.4,0.30000000000000004,1.5,9.1,-32.2,-45.4,-11.1,16
10572,176929.0,-1.4000000000000001,0.0,0.1,0.1,1.5,9.600000000000001,-29.700000000000003,-38.6,-10.5,16
10573,176945.0,-1.5,0.0,0.4,0.0,1.5,10.100000000000001,-25.1,-35.9,-9.4,16
10574,176962.0,-1.5,0.0,1.1,0.1,1.5,10.600000000000001,-21.700000000000003,-38.400000000000006,-10.600000000000001,16
10575,177008.0,-1.7000000000000002,0.4,1.6,0.2,1.7000000000000002,11.0,-16.1,-38.300000000000004,-13.8,16
10576,177012.0,-1.7000000000000002,0.4,1.8,0.2,1.8,11.3,-14.500000000000002,-36.4,-12.8,16
10577,177028.0,-1.5,0.5,2.1,0.4,1.8,11.600000000000001,-14.600000000000001,-31.5,-10.4,16
10578,177046.0,-1.5,0.5,2.3000000000000003,0.5,1.8,11.9,-14.700000000000001,-23.900000000000002,-7.699999999999999,16
10579,177062.0,-1.3,0.5,2.7,0.6000000000000001,1.7000000000000002,12.200000000000001,-14.0,-13.4,-6.000000000000001,16
10580,177084.0,-1.5,0.5,2.9000000000000004,0.5,1.7000000000000002,12.4,-12.3,2.0,-5.1,16
10581,177096.0,-1.9000000000000001,0.7000000000000001,3.4000000000000004,0.0,1.9000000000000001,13.3,-11.3,4.5,-4.800000000000001,16
10582,177112.0,-1.8,0.8,4.5,0.30000000000000004,1.9000000000000001,14.200000000000001,-15.8,-4.3999999999999995,-4.9,16
10583,177130.0,-1.0,0.8,4.7,1.0,1.9000000000000001,14.4,-19.400000000000002,-7.300000000000001,-4.7,16
10584,177145.0,-0.7000000000000001,0.6000000000000001,4.2,1.4000000000000001,1.5,13.600000000000001,-12.000000000000002,1.5000000000000002,-6.1000000000000005,16
10585,177162.0,-0.6000000000000001,0.4,3.4000000000000004,1.3,1.5,13.0,-1.4,17.8,-8.5,16
10586,177183.0,-1.1,0.4,2.6,0.7000000000000001,1.5,12.4,9.5,35.4,-6.7,16
10587,177195.0,-1.2000000000000002,0.4,2.3000000000000003,0.4,1.5,11.9,16.0,46.6,-2.6,16
10588,177212.0,-1.3,0.2,1.9000000000000001,0.30000000000000004,1.4000000000000001,11.700000000000001,16.700000000000003,47.800000000000004,1.3,16
10589,177228.0,-0.9,0.1,2.0,0.5,1.3,11.8,15.6,44.1,4.5,16
10590,177245.0,-0.4,-0.1,2.0,1.3,1.0,11.700000000000001,17.1,42.0,6.1000000000000005,16
10591,177263.0,0.7000000000000001,-0.5,1.6,2.1,0.8,11.3,22.900000000000002,42.900000000000006,4.2,16
10592,177286.0,1.5,-0.8,1.1,2.6,0.6000000000000001,11.0,28.6,47.5,0.1,16
10593,177296.0,1.7000000000000002,-0.8,0.9,2.8000000000000003,0.7000000000000001,10.600000000000001,31.3,52.2,-2.1999999999999997,16
10594,177313.0,2.0,-0.7000000000000001,0.4,2.9000000000000004,0.9,10.3,32.4,56.0,-1.3,16
10595,177328.0,2.5,-0.8,0.1,3.1,0.9,9.9,32.300000000000004,56.6,-0.6000000000000001,16
10596,177345.0,2.7,-0.8,-0.2,3.2,0.9,9.5,30.799999999999997,56.900000000000006,-1.0999999999999999,16
10597,177362.0,2.8000000000000003,-0.8,-0.8,3.2,1.0,8.9,30.799999999999997,57.1,-1.3,16
10598,177387.0,2.7,-0.7000000000000001,-1.6,2.6,1.4000000000000001,8.1,34.1,54.4,1.8,16
10599,177395.0,2.5,-0.6000000000000001,-1.8,2.6,1.4000000000000001,8.1,34.1,54.4,1.8,16
10600,177412.0,2.4000000000000004,-0.5,-2.0,2.3000000000000003,1.6,7.7,35.5,47.6,4.5,16
10601,177428.0,2.3000000000000003,-0.5,-2.5,2.1,1.7000000000000002,7.2,36.1,38.800000000000004,6.000000000000001,16
10602,177446.0,2.1,-0.5,-2.8000000000000003,1.7000000000000002,1.8,6.6000000000000005,35.7,28.900000000000002,6.7,16
10603,177462.0,1.8,-0.5,-3.4000000000000004,1.4000000000000001,1.9000000000000001,6.1000000000000005,34.300000000000004,19.9,7.8,16
10604,177486.0,1.2000000000000002,-0.4,-4.0,0.6000000000000001,2.2,5.6000000000000005,22.6,6.1000000000000005,10.700000000000001,16
10605,177495.0,0.9,-0.30000000000000004,-4.0,0.6000000000000001,2.2,5.6000000000000005,22.6,6.1000000000000005,10.700000000000001,16
10606,177512.0,0.7000000000000001,-0.30000000000000004,-4.0,0.30000000000000004,2.3000000000000003,5.5,11.9,-2.6,11.9,16
10607,177530.0,0.30000000000000004,-0.2,-3.8000000000000003,0.0,2.4000000000000004,5.800000000000001,1.8,-11.5,13.5,16
10608,177545.0,0.1,-0.1,-3.3000000000000003,-0.1,2.4000000000000004,6.2,-6.7,-20.3,14.800000000000002,16
10609,177562.0,0.1,-0.2,-3.1,0.0,2.4000000000000004,6.5,-13.100000000000001,-27.7,14.500000000000002,16
10610,177582.0,0.0,-0.1,-2.6,0.0,2.4000000000000004,7.0,-17.1,-32.5,13.5,16
10611,177597.0,-0.1,-0.1,-2.0,0.0,2.4000000000000004,7.4,-18.400000000000002,-35.7,12.700000000000001,16
10612,177612.0,-0.1,0.0,-1.7000000000000002,0.0,2.4000000000000004,7.9,-17.3,-37.2,12.200000000000001,16
10613,177628.0,-0.30000000000000004,0.1,-1.3,0.0,2.5,8.200000000000001,-16.8,-39.50000000000001,11.8,16
10614,177646.0,-0.30000000000000004,0.2,-0.9,0.1,2.5,8.5,-19.1,-40.9,10.700000000000001,16
10615,177662.0,-0.30000000000000004,0.30000000000000004,-0.6000000000000001,0.2,2.6,9.0,-21.900000000000002,-38.400000000000006,9.5,16
10616,177682.0,-0.30000000000000004,0.4,-0.1,0.30000000000000004,2.6,9.4,-20.900000000000002,-32.7,9.4,16
10617,177695.0,-0.4,0.4,0.1,0.30000000000000004,2.6,9.4,-20.900000000000002,-32.7,9.4,16
10618,177712.0,-0.7000000000000001,0.6000000000000001,0.5,0.0,2.9000000000000004,10.100000000000001,-7.300000000000001,-17.9,12.5,16
10619,177728.0,-0.9,0.8,0.7000000000000001,-0.1,2.9000000000000004,10.3,-5.4,-14.4,13.0,16
10620,177745.0,-1.0,0.9,1.1,-0.1,3.0,10.700000000000001,-9.700000000000001,-16.3,11.6,16
10621,177762.0,-0.9,0.9,1.3,0.0,3.0,11.100000000000001,-15.6,-18.2,9.600000000000001,16
10622,177782.0,-0.7000000000000001,1.0,1.9000000000000001,0.30000000000000004,3.0,11.600000000000001,-22.4,-20.5,7.2,16
10623,177798.0,-0.4,1.1,2.6,0.7000000000000001,3.0,12.200000000000001,-29.300000000000004,-24.3,5.2,16
10624,177814.0,0.1,0.9,2.9000000000000004,1.1,2.7,12.4,-34.50000000000001,-20.900000000000002,3.1,16
10625,177829.0,0.1,0.9,2.7,1.2000000000000002,2.6,12.4,-35.5,-5.8,0.7,16
10626,177845.0,-0.30000000000000004,0.9,3.3000000000000003,0.8,2.5,13.0,-25.900000000000002,3.5,1.5000000000000002,16
10627,177862.0,-0.4,0.9,3.4000000000000004,0.7000000000000001,2.4000000000000004,12.8,-18.400000000000002,2.6,3.7000000000000006,16
10628,177879.0,-0.4,0.8,2.8000000000000003,0.4,2.4000000000000004,12.600000000000001,-15.7,10.9,6.4,16
10629,177896.0,-0.8,0.8,3.0,0.2,2.3000000000000003,12.700000000000001,-9.1,13.6,9.600000000000001,16
10630,177914.0,-0.6000000000000001,0.6000000000000001,2.7,0.4,2.2,12.5,-3.9,14.800000000000002,11.8,16
10631,177928.0,-0.4,0.5,2.3000000000000003,0.7000000000000001,1.9000000000000001,11.9,5.7,19.200000000000003,13.0,16
10632,177945.0,0.2,0.1,1.6,1.2000000000000002,1.6,11.3,16.6,24.5,11.8,16
10633,177962.0,0.5,-0.2,0.8,1.3,1.5,10.600000000000001,24.400000000000002,28.6,9.5,16
10634,177990.0,0.5,-0.2,0.30000000000000004,1.2000000000000002,1.5,10.100000000000001,31.4,30.100000000000005,9.8,16
10635,177995.0,0.7000000000000001,-0.4,0.1,1.4000000000000001,1.4000000000000001,9.8,32.9,29.800000000000004,9.8,16
10636,178013.0,1.1,-0.7000000000000001,-0.30000000000000004,1.7000000000000002,1.2000000000000002,9.5,30.4,27.5,8.200000000000001,16
10637,178028.0,1.2000000000000002,-0.8,-0.5,1.8,1.1,9.200000000000001,29.400000000000002,27.5,7.2,16
10638,178045.0,1.4000000000000001,-1.0,-0.7000000000000001,1.9000000000000001,1.1,9.0,29.300000000000004,29.400000000000002,6.7,16
10639,178065.0,1.5,-1.2000000000000002,-0.7000000000000001,1.9000000000000001,0.9,9.0,27.7,28.0,5.7,16
10640,178079.0,1.6,-1.3,-0.8,2.0,0.9,8.9,25.0,24.8,3.8,16
10641,178096.0,1.6,-1.4000000000000001,-0.8,1.9000000000000001,0.9,8.9,21.0,20.8,2.1999999999999997,16
10642,178114.0,1.7000000000000002,-1.4000000000000001,-0.8,2.0,0.9,8.9,14.500000000000002,13.4,1.8,16
10643,178129.0,1.8,-1.4000000000000001,-0.7000000000000001,2.1,0.8,8.9,5.6,7.1000000000000005,2.1,16
10644,178145.0,1.9000000000000001,-1.5,-1.0,2.2,0.7000000000000001,8.6,-0.5,3.2,3.6,16
10645,178161.0,2.0,-1.6,-1.3,2.2,0.7000000000000001,8.3,-3.1,3.3000000000000003,5.9,16
10646,178179.0,1.9000000000000001,-1.6,-1.5,2.0,0.6000000000000001,8.0,-2.1,4.300000000000001,8.600000000000001,16
10647,178195.0,1.4000000000000001,-1.5,-1.9000000000000001,1.6,0.8,7.6000000000000005,-0.1,2.8,11.5,16
10648,178212.0,1.2000000000000002,-1.4000000000000001,-2.2,1.6,0.8,7.6000000000000005,-0.1,2.8,11.5,16
10649,178228.0,0.6000000000000001,-1.2000000000000002,-2.5,0.8,1.2000000000000002,6.9,3.9,-4.7,17.599999999999998,16
10650,178245.0,0.30000000000000004,-0.9,-2.9000000000000004,0.5,1.4000000000000001,6.6000000000000005,4.1000000000000005,-8.3,20.0,16
10651,178262.0,-0.1,-0.7000000000000001,-2.9000000000000004,0.2,1.6,6.6000000000000005,0.7,-18.0,21.3,16
10652,178281.0,-0.4,-0.5,-2.8000000000000003,0.1,1.7000000000000002,6.7,-5.300000000000001,-29.000000000000004,21.900000000000002,16
10653,178296.0,-0.4,-0.4,-2.8000000000000003,0.1,1.9000000000000001,6.800000000000001,-12.3,-38.800000000000004,22.000000000000004,16
10654,178312.0,-0.5,-0.2,-2.4000000000000004,0.30000000000000004,1.9000000000000001,7.1000000000000005,-19.400000000000002,-48.400000000000006,21.3,16
10655,178328.0,-0.30000000000000004,-0.2,-2.2,0.6000000000000001,1.9000000000000001,7.300000000000001,-25.0,-55.0,19.400000000000002,16
10656,178345.0,-0.2,-0.2,-1.9000000000000001,0.9,1.8,7.7,-28.500000000000004,-57.2,15.399999999999999,16
10657,178362.0,-0.2,-0.2,-1.5,1.0,1.7000000000000002,8.0,-30.100000000000005,-56.0,11.3,16
10658,178378.0,-0.2,-0.1,-1.1,1.1,1.7000000000000002,8.3,-30.200000000000003,-52.800000000000004,8.0,16
10659,178395.0,-0.2,-0.1,-0.9,1.2000000000000002,1.6,8.700000000000001,-32.7,-46.7,4.7,16
10660,178412.0,-0.5,0.1,-0.4,1.0,1.8,9.200000000000001,-34.900000000000006,-40.0,3.1,16
10661,178428.0,-0.7000000000000001,0.4,0.4,1.0,1.9000000000000001,9.8,-35.1,-36.1,3.9,16
10662,178445.0,-0.6000000000000001,0.4,0.8,1.3,1.9000000000000001,10.4,-33.2,-32.9,2.8,16
10663,178462.0,-0.5,0.5,1.3,1.4000000000000001,1.9000000000000001,10.9,-29.700000000000003,-29.700000000000003,-1.5000000000000002,16
10664,178480.0,-0.7000000000000001,0.7000000000000001,1.8,1.3,1.9000000000000001,11.200000000000001,-26.6,-27.5,-7.2,16
10665,178498.0,-1.2000000000000002,0.9,2.1,0.9,2.1,11.5,-24.9,-25.8,-11.1,16
10666,178513.0,-1.4000000000000001,1.1,2.2,0.6000000000000001,2.3000000000000003,11.700000000000001,-23.2,-23.8,-11.9,16
10667,178528.0,-1.7000000000000002,1.3,2.5,0.4,2.4000000000000004,12.0,-21.6,-19.9,-10.2,16
10668,178545.0,-1.7000000000000002,1.3,2.8000000000000003,0.4,2.4000000000000004,12.3,-18.5,-15.9,-8.1,16
10669,178562.0,-1.7000000000000002,1.3,3.0,0.4,2.4000000000000004,12.700000000000001,-13.200000000000001,-10.1,-7.1000000000000005,16
10670,178579.0,-1.9000000000000001,1.5,3.7,0.30000000000000004,2.5,13.3,-7.1000000000000005,-7.8,-7.2,16
10671,178596.0,-1.9000000000000001,1.4000000000000001,4.3,0.6000000000000001,2.5,14.5,-7.400000000000001,-18.900000000000002,-8.4,16
10672,178612.0,-0.8,1.3,5.2,1.7000000000000002,2.3000000000000003,14.700000000000001,-8.799999999999999,-32.4,-12.6,16
10673,178628.0,0.30000000000000004,0.9,5.0,2.7,1.9000000000000001,14.600000000000001,-7.400000000000001,-35.0,-19.8,16
10674,178645.0,0.6000000000000001,0.7000000000000001,4.6000000000000005,3.1,1.6,13.700000000000001,0.2,-22.1,-25.700000000000003,16
10675,178661.0,0.6000000000000001,0.4,3.3000000000000003,3.0,1.5,12.4,14.500000000000002,-0.8,-25.700000000000003,16
10676,178681.0,0.30000000000000004,0.30000000000000004,1.9000000000000001,2.6,1.4000000000000001,11.5,27.2,23.5,-19.500000000000004,16
10677,178697.0,0.0,0.1,1.8,2.2,1.3,10.8,38.5,38.2,-9.0,16
10678,178712.0,-0.1,-0.30000000000000004,0.8,2.1,1.0,10.3,38.5,43.50000000000001,-3.0000000000000004,16
10679,178729.0,0.1,-0.6000000000000001,0.0,2.1,0.9,9.700000000000001,37.0,44.4,-0.5,16
10680,178745.0,0.30000000000000004,-0.8,-0.5,2.2,0.8,9.200000000000001,38.2,45.5,0.8,16
10681,178762.0,0.4,-0.9,-0.7000000000000001,2.3000000000000003,0.7000000000000001,9.0,40.5,44.2,1.3,16
10682,178778.0,0.8,-1.2000000000000002,-0.9,2.6,0.6000000000000001,8.8,42.400000000000006,39.6,-0.5,16
10683,178797.0,1.2000000000000002,-1.4000000000000001,-1.3,2.8000000000000003,0.6000000000000001,8.4,43.7,36.800000000000004,-4.300000000000001,16
10684,178812.0,1.3,-1.4000000000000001,-1.4000000000000001,2.9000000000000004,0.7000000000000001,8.0,41.5,33.800000000000004,-8.0,16
10685,178828.0,1.4000000000000001,-1.3,-1.9000000000000001,2.8000000000000003,0.8,7.7,32.6,30.000000000000004,-9.600000000000001,16
10686,178845.0,1.6,-1.3,-1.9000000000000001,2.9000000000000004,0.9,7.7,18.8,23.8,-8.9,16
10687,178862.0,1.7000000000000002,-1.3,-2.1,2.9000000000000004,0.9,7.5,5.9,24.9,-6.8,16
10688,178878.0,1.5,-1.3,-1.9000000000000001,2.7,0.9,7.800000000000001,-5.7,24.9,-3.8,16
10689,178895.0,1.3,-1.2000000000000002,-1.5,2.7,0.9,7.800000000000001,-5.7,24.9,-3.8,16
10690,178912.0,1.2000000000000002,-1.2000000000000002,-1.4000000000000001,2.3000000000000003,0.9,8.200000000000001,-17.1,19.9,3.0000000000000004,16
10691,178928.0,1.1,-1.2000000000000002,-1.5,2.2,0.9,8.1,-16.2,17.5,4.5,16
10692,178945.0,0.8,-1.0,-1.9000000000000001,1.8,1.0,7.7,-12.8,16.900000000000002,5.2,16
10693,178962.0,0.5,-0.8,-2.1,1.2000000000000002,1.3,7.300000000000001,-8.799999999999999,19.0,7.1000000000000005,16
10694,178991.0,-0.4,-0.4,-2.7,0.7000000000000001,1.5,7.0,-6.6000000000000005,17.5,10.700000000000001,16
10695,178995.0,-0.5,-0.30000000000000004,-2.7,0.30000000000000004,1.6,6.9,-6.9,14.700000000000001,14.3,16
10696,179011.0,-0.7000000000000001,-0.2,-2.8000000000000003,0.1,1.7000000000000002,6.7,-8.799999999999999,8.9,16.8,16
10697,179029.0,-0.9,-0.1,-2.9000000000000004,-0.1,1.8,6.7,-10.700000000000001,2.9,18.3,16
10698,179045.0,-1.1,0.1,-2.7,-0.2,1.9000000000000001,6.9,-13.3,-3.6,18.900000000000002,16
10699,179061.0,-1.2000000000000002,0.2,-2.6,-0.30000000000000004,2.0,7.1000000000000005,-16.2,-13.5,19.3,16
10700,179078.0,-1.2000000000000002,0.30000000000000004,-2.1,-0.2,2.1,7.6000000000000005,-19.6,-23.400000000000002,18.7,16
10701,179096.0,-1.2000000000000002,0.5,-1.4000000000000001,-0.1,2.2,8.200000000000001,-21.700000000000003,-32.4,18.7,16
10702,179113.0,-1.1,0.6000000000000001,-1.0,0.1,2.3000000000000003,8.8,-22.2,-42.5,19.500000000000004,16
10703,179129.0,-1.0,0.8,-0.4,0.4,2.4000000000000004,9.200000000000001,-21.900000000000002,-50.800000000000004,20.4,16
10704,179145.0,-0.7000000000000001,1.0,0.1,0.8,2.4000000000000004,9.600000000000001,-20.7,-54.9,21.3,16
10705,179165.0,-0.30000000000000004,1.1,0.5,1.3,2.5,9.9,-16.6,-53.300000000000004,21.0,16
10706,179181.0,0.0,1.2000000000000002,0.9,1.7000000000000002,2.5,10.3,-11.2,-47.7,19.0,16
10707,179196.0,0.0,1.2000000000000002,0.9,1.7000000000000002,2.5,10.3,-11.2,-47.7,19.0,16
10708,179211.0,0.2,1.3,1.4000000000000001,2.2,2.8000000000000003,11.0,0.6000000000000001,-26.9,13.3,16
10709,179228.0,0.30000000000000004,1.4000000000000001,1.8,2.4000000000000004,2.8000000000000003,11.4,3.5,-17.8,10.2,16
10710,179245.0,0.4,1.4000000000000001,2.2,2.5,2.8000000000000003,11.700000000000001,3.1,-11.4,6.9,16
10711,179262.0,0.8,1.4000000000000001,2.6,2.9000000000000004,2.8000000000000003,12.100000000000001,-0.5,-7.0,2.8,16
10712,179278.0,1.0,1.3,2.8000000000000003,3.2,2.7,12.4,-5.300000000000001,-3.9,-1.2000000000000002,16
10713,179295.0,1.3,1.2000000000000002,3.0,3.5,2.6,12.4,-7.0,2.9,-4.800000000000001,16
10714,179312.0,1.2000000000000002,1.1,2.7,3.3000000000000003,2.5,12.3,-3.5,14.200000000000001,-8.3,16
10715,179328.0,1.0,1.1,2.6,2.9000000000000004,2.5,12.200000000000001,2.9,24.000000000000004,-11.000000000000002,16
10716,179346.0,0.5,1.1,2.7,2.4000000000000004,2.5,12.200000000000001,4.800000000000001,26.500000000000004,-12.8,16
10717,179361.0,-0.1,1.0,2.1,1.8,2.4000000000000004,11.700000000000001,4.9,24.5,-14.100000000000001,16
10718,179378.0,-0.30000000000000004,0.9,2.1,1.4000000000000001,2.3000000000000003,11.5,3.5,21.400000000000002,-13.100000000000001,16
10719,179395.0,-0.5,0.6000000000000001,1.5,1.3,2.0,11.0,3.8,20.900000000000002,-10.600000000000001,16
10720,179412.0,-0.4,0.1,0.9,1.3,1.6,10.600000000000001,6.7,24.6,-8.200000000000001,16
10721,179429.0,-0.30000000000000004,-0.2,0.6000000000000001,1.3,1.3,10.200000000000001,11.700000000000001,28.3,-6.1000000000000005,16
10722,179445.0,-0.30000000000000004,-0.4,0.4,1.3,1.2000000000000002,10.100000000000001,17.599999999999998,28.900000000000002,-3.8,16
10723,179461.0,0.1,-0.7000000000000001,0.4,1.6,1.0,10.100000000000001,21.1,24.8,-2.7,16
10724,179478.0,0.5,-0.9,0.4,2.1,0.7000000000000001,10.100000000000001,19.200000000000003,18.7,-4.3999999999999995,16
10725,179495.0,1.1,-1.2000000000000002,0.1,2.6,0.5,9.700000000000001,20.2,16.3,-6.7,16
10726,179512.0,1.6,-1.4000000000000001,-0.2,2.9000000000000004,0.4,9.4,25.0,22.5,-8.5,16
10727,179528.0,1.6,-1.5,-0.4,2.8000000000000003,0.4,9.3,31.099999999999998,30.200000000000003,-8.5,16
10728,179545.0,1.6,-1.5,-0.6000000000000001,2.7,0.4,9.1,34.6,34.900000000000006,-6.9,16
10729,179562.0,1.6,-1.6,-0.8,2.6,0.5,8.8,35.0,33.5,-5.8,16
10730,179579.0,1.7000000000000002,-1.7000000000000002,-0.9,2.7,0.4,8.700000000000001,31.5,26.8,-6.9,16
10731,179595.0,1.8,-1.7000000000000002,-1.0,2.7,0.6000000000000001,8.4,28.900000000000002,20.4,-8.9,16
10732,179612.0,1.7000000000000002,-1.6,-1.7000000000000002,2.5,0.7000000000000001,7.800000000000001,23.5,16.1,-9.3,16
10733,179628.0,1.5,-1.5,-2.1,2.3000000000000003,0.8,7.5,12.9,9.4,-7.8,16
10734,179645.0,1.3,-1.5,-2.2,2.1,0.9,7.2,3.1,2.4000000000000004,-4.1000000000000005,16
10735,179662.0,1.1,-1.4000000000000001,-2.7,1.8,1.0,6.800000000000001,-4.1000000000000005,0.30000000000000004,0.9,16
10736,179680.0,0.6000000000000001,-1.3,-3.1,1.5,1.0,6.5,-9.1,-2.7,6.6000000000000005,16
10737,179696.0,0.4,-1.2000000000000002,-3.2,1.1,1.1,6.2,-13.100000000000001,-6.9,12.200000000000001,16
10738,179712.0,-0.1,-1.0,-3.3000000000000003,0.8,1.2000000000000002,6.2,-16.0,-13.5,17.8,16
10739,179729.0,-0.2,-0.9,-3.0,0.8,1.2000000000000002,6.5,-20.1,-23.700000000000003,21.5,16
10740,179745.0,-0.2,-0.9,-2.7,0.9,1.3,6.9,-23.1,-34.300000000000004,21.700000000000003,16
10741,179761.0,-0.2,-0.6000000000000001,-2.3000000000000003,1.0,1.4000000000000001,7.2,-22.4,-44.9,20.2,16
10742,179778.0,-0.1,-0.4,-1.9000000000000001,1.3,1.5,7.6000000000000005,-20.2,-52.800000000000004,16.700000000000003,16
10743,179795.0,0.0,-0.30000000000000004,-1.7000000000000002,1.6,1.6,7.800000000000001,-18.8,-57.6,10.8,16
10744,179813.0,0.1,0.0,-1.2000000000000002,1.8,1.8,8.200000000000001,-18.400000000000002,-57.400000000000006,3.9,16
10745,179828.0,0.0,0.30000000000000004,-0.9,1.8,2.0,8.5,-18.5,-52.900000000000006,-1.9,16
10746,179845.0,-0.1,0.4,-0.8,1.7000000000000002,2.2,8.6,-19.9,-44.9,-6.1000000000000005,16
10747,179861.0,-0.5,0.6000000000000001,-0.5,1.4000000000000001,2.3000000000000003,8.9,-23.900000000000002,-36.9,-8.5,16
10748,179879.0,-0.9,0.8,0.1,1.3,2.4000000000000004,9.4,-29.900000000000006,-30.4,-9.9,16
10749,179895.0,-1.0,0.8,0.4,1.2000000000000002,2.3000000000000003,9.9,-34.50000000000001,-26.1,-11.5,16
10750,179912.0,-1.1,0.8,0.9,1.1,2.2,10.4,-36.2,-22.1,-14.200000000000001,16
10751,179928.0,-1.2000000000000002,0.7000000000000001,1.4000000000000001,1.1,2.0,10.8,-36.2,-19.200000000000003,-18.7,16
10752,179945.0,-1.1,0.6000000000000001,1.6,1.1,1.9000000000000001,11.200000000000001,-34.50000000000001,-14.600000000000001,-23.8,16
10753,179962.0,-1.5,0.7000000000000001,2.1,0.8,1.9000000000000001,11.5,-30.9,-11.9,-25.400000000000002,16
10754,179992.0,-1.7000000000000002,0.8,2.7,0.8,1.8,12.3,-22.1,-6.7,-19.1,16
10755,179997.0,-1.5,0.7000000000000001,2.9000000000000004,0.8,1.8,12.3,-22.1,-6.7,-19.1,16
10756,180011.0,-1.4000000000000001,0.6000000000000001,3.1,1.0,1.7000000000000002,12.600000000000001,-13.5,-2.9,-15.8,16
10757,180028.0,-1.1,0.5,3.2,1.3,1.6,12.700000000000001,-2.8,3.2,-14.100000000000001,16
10758,180045.0,-1.0,0.4,3.2,1.3,1.5,12.700000000000001,7.0,9.0,-15.2,16
10759,180061.0,-0.9,0.4,3.3000000000000003,1.4000000000000001,1.6,12.8,13.5,11.5,-18.2,16
10760,180151.0,-0.7000000000000001,0.30000000000000004,1.8,1.3,1.5,11.4,-0.5,29.900000000000006,-12.3,16
10761,180161.0,-0.6000000000000001,0.0,1.7000000000000002,1.3,1.1,11.4,2.3000000000000003,36.0,-9.5,16
10762,180178.0,-0.4,-0.30000000000000004,1.7000000000000002,1.4000000000000001,0.9,11.3,4.0,32.2,-6.8,16
10763,180196.0,-0.30000000000000004,-0.4,1.5,1.4000000000000001,0.9,11.3,4.0,32.2,-6.8,16
10764,180213.0,0.6000000000000001,-0.9,1.0,2.2,0.5,10.700000000000001,12.100000000000001,28.8,-2.8,16
10765,180228.0,0.9,-1.0,0.8,2.6,0.30000000000000004,10.5,19.8,32.2,-3.9,16
10766,180245.0,1.4000000000000001,-1.1,0.5,2.8000000000000003,0.30000000000000004,10.200000000000001,27.3,37.1,-5.4,16
10767,180261.0,1.5,-1.2000000000000002,0.2,2.9000000000000004,0.4,9.8,31.8,40.5,-6.2,16
10768,180279.0,1.7000000000000002,-1.1,-0.30000000000000004,3.0,0.5,9.4,31.8,41.6,-6.4,16
10769,180295.0,1.8,-1.1,-0.8,3.0,0.6000000000000001,8.9,28.400000000000002,40.6,-5.9,16
10770,180311.0,1.9000000000000001,-1.1,-1.1,3.0,0.7000000000000001,8.4,23.700000000000003,40.7,-4.7,16
10771,180328.0,2.0,-1.0,-1.7000000000000002,2.9000000000000004,0.8,7.9,19.8,41.0,-3.2,16
10772,180345.0,1.7000000000000002,-0.9,-2.1,2.5,0.9,7.6000000000000005,15.8,39.8,-0.8,16
10773,180362.0,1.6,-0.8,-2.3000000000000003,2.2,1.1,7.2,10.8,37.5,3.3000000000000003,16
10774,180381.0,1.0,-0.7000000000000001,-2.6,1.7000000000000002,1.1,7.1000000000000005,4.800000000000001,31.4,8.3,16
10775,180396.0,0.8,-0.6000000000000001,-2.7,1.3,1.2000000000000002,7.0,-0.30000000000000004,23.0,13.100000000000001,16
10776,180415.0,0.30000000000000004,-0.6000000000000001,-2.8000000000000003,0.9,1.3,6.9,-2.9,16.700000000000003,16.8,16
10777,180428.0,0.1,-0.5,-2.7,0.6000000000000001,1.3,7.0,-3.5,10.8,18.7,16
10778,180445.0,0.0,-0.5,-2.6,0.6000000000000001,1.3,7.0,-3.5,10.8,18.7,16
10779,180462.0,-0.5,-0.30000000000000004,-2.4000000000000004,0.1,1.5,7.2,-2.4000000000000004,0.30000000000000004,17.9,16
10780,180485.0,-0.7000000000000001,-0.1,-2.3000000000000003,-0.1,1.6,7.300000000000001,-3.7000000000000006,-6.8,16.0,16
10781,180496.0,-0.8,0.0,-2.2,-0.2,1.8,7.4,-7.2,-13.3,14.700000000000001,16
10782,180512.0,-0.8,0.1,-2.0,-0.1,1.9000000000000001,7.5,-11.6,-17.599999999999998,13.4,16
10783,180528.0,-0.7000000000000001,0.2,-2.0,-0.1,1.9000000000000001,7.6000000000000005,-14.4,-17.599999999999998,11.9,16
10784,180545.0,-0.9,0.30000000000000004,-1.6,-0.2,2.0,8.0,-15.7,-16.3,11.9,16
10785,180562.0,-1.0,0.4,-1.2000000000000002,-0.2,2.0,8.4,-16.900000000000002,-17.0,13.3,16
10786,180579.0,-0.9,0.5,-0.9,0.0,2.1,8.8,-18.6,-19.6,14.4,16
10787,180598.0,-0.8,0.5,-0.7000000000000001,0.0,2.1,8.8,-18.6,-19.6,14.4,16
10788,180611.0,-0.7000000000000001,0.7000000000000001,0.0,0.30000000000000004,2.2,9.5,-20.0,-22.000000000000004,15.000000000000002,16
10789,180628.0,-0.6000000000000001,0.7000000000000001,0.1,0.5,2.2,9.8,-15.7,-19.400000000000002,16.0,16
10790,180645.0,-0.5,0.8,0.4,0.5,2.2,9.9,-9.8,-11.8,16.6,16
10791,180661.0,-0.5,0.8,0.7000000000000001,0.6000000000000001,2.2,10.3,-5.6,-5.9,16.900000000000002,16
10792,180678.0,-0.5,0.9,0.9,0.7000000000000001,2.2,10.600000000000001,-1.2000000000000002,-2.9,17.1,16
10793,180695.0,-0.4,0.9,1.2000000000000002,0.7000000000000001,2.2,10.8,1.0,-1.5000000000000002,17.1,16
10794,180711.0,-0.1,0.9,1.4000000000000001,1.0,2.2,11.0,0.0,-1.4,16.3,16
10795,180728.0,0.1,0.8,1.6,1.4000000000000001,2.2,11.5,-3.8,-3.5,13.3,16
10796,180745.0,0.6000000000000001,0.8,2.0,1.8,2.1,11.700000000000001,-6.5,-2.0,9.5,16
10797,180761.0,0.7000000000000001,0.9,2.0,1.8,2.2,11.600000000000001,-7.8,3.4,6.4,16
10798,180779.0,0.5,0.9,1.9000000000000001,1.3,2.2,11.700000000000001,-5.1,9.8,5.2,16
10799,180795.0,0.0,1.1,2.3000000000000003,1.1,2.4000000000000004,12.0,-1.9,12.000000000000002,6.1000000000000005,16
10800,180812.0,-0.2,0.9,2.4000000000000004,0.9,2.2,12.100000000000001,-4.6000000000000005,13.100000000000001,6.4,16
10801,180828.0,-0.30000000000000004,0.7000000000000001,2.2,0.7000000000000001,2.0,11.9,-4.5,12.100000000000001,5.2,16
10802,180846.0,-0.4,0.6000000000000001,2.5,0.6000000000000001,1.8,12.200000000000001,-1.2000000000000002,12.5,3.7000000000000006,16
10803,180862.0,-0.4,0.30000000000000004,2.3000000000000003,0.6000000000000001,1.6,12.100000000000001,4.9,13.100000000000001,2.1999999999999997,16
10804,180886.0,0.0,0.1,2.6,0.8,1.4000000000000001,12.3,11.1,11.3,0.4,16
10805,180900.0,0.9,-0.5,2.1,1.6,1.0,12.0,12.700000000000001,6.5,-3.0000000000000004,16
10806,180914.0,1.1,-0.7000000000000001,1.6,2.0,0.7000000000000001,11.3,15.8,7.2,-5.7,16
10807,180928.0,1.1,-0.8,1.1,2.0,0.7000000000000001,10.9,20.1,15.2,-5.2,16
10808,180945.0,1.1,-0.8,0.9,1.8,0.7000000000000001,10.5,22.2,21.200000000000003,-0.5,16
10809,180962.0,1.0,-1.0,0.2,1.7000000000000002,0.5,9.9,23.8,26.500000000000004,5.7,16
10810,180997.0,0.6000000000000001,-1.3,-0.7000000000000001,1.2000000000000002,0.4,9.1,25.5,31.0,11.5,16
10811,181012.0,0.5,-1.4000000000000001,-0.9,1.0,0.4,8.8,24.7,27.2,12.9,16
10812,181029.0,0.4,-1.4000000000000001,-1.0,0.9,0.4,8.700000000000001,23.3,20.7,14.500000000000002,16
10813,181045.0,0.6000000000000001,-1.4000000000000001,-1.0,1.1,0.4,8.8,20.6,11.8,14.500000000000002,16
10814,181062.0,0.9,-1.5,-1.0,1.4000000000000001,0.4,8.6,18.0,3.4,12.700000000000001,16
10815,181084.0,1.2000000000000002,-1.4000000000000001,-1.3,1.7000000000000002,0.5,8.4,15.5,-3.2,10.600000000000001,16
10816,181097.0,1.4000000000000001,-1.3,-1.7000000000000002,1.8,0.7000000000000001,8.1,11.2,-6.1000000000000005,9.0,16
10817,181112.0,1.3,-1.2000000000000002,-1.8,1.8,0.8,7.7,6.5,-7.0,8.9,16
10818,181129.0,1.1,-1.0,-2.3000000000000003,1.6,0.9,7.4,3.7000000000000006,-3.9,10.9,16
10819,181145.0,0.9,-1.0,-2.4000000000000004,1.2000000000000002,1.1,7.1000000000000005,1.0999999999999999,0.1,13.5,16
10820,181162.0,0.4,-0.8,-2.6,0.8,1.2000000000000002,7.0,-0.2,0.5,16.5,16
10821,181189.0,0.0,-0.6000000000000001,-2.6,0.6000000000000001,1.4000000000000001,7.0,-0.30000000000000004,-5.6,20.8,16
10822,181195.0,0.0,-0.6000000000000001,-2.6,0.6000000000000001,1.4000000000000001,7.0,-0.30000000000000004,-5.6,20.8,16
10823,181212.0,0.0,-0.5,-2.4000000000000004,0.6000000000000001,1.5,7.2,-0.7,-11.1,18.6,16
10824,181229.0,-0.2,-0.30000000000000004,-2.2,0.5,1.6,7.300000000000001,-1.0,-16.5,15.000000000000002,16
10825,181249.0,-0.30000000000000004,-0.1,-2.1,0.4,1.8,7.4,-1.6,-21.900000000000002,11.000000000000002,16
10826,181262.0,-0.4,0.0,-2.0,0.4,1.9000000000000001,7.5,-3.7000000000000006,-27.3,6.8,16
10827,181285.0,-0.30000000000000004,0.0,-1.7000000000000002,0.7000000000000001,1.9000000000000001,7.800000000000001,-9.0,-32.2,1.3,16
10828,181295.0,-0.2,0.1,-1.1,0.8,1.9000000000000001,8.3,-16.700000000000003,-35.0,-4.9,16
10829,181312.0,-0.2,0.1,-0.8,0.9,1.9000000000000001,8.8,-24.5,-36.2,-9.600000000000001,16
10830,181328.0,-0.1,0.2,-0.2,1.1,1.8,9.4,-30.5,-33.2,-12.700000000000001,16
10831,181345.0,-0.1,0.1,0.4,1.2000000000000002,1.7000000000000002,9.8,-32.7,-26.700000000000003,-14.800000000000002,16
10832,181361.0,-0.1,0.0,0.6000000000000001,1.1,1.6,10.200000000000001,-29.300000000000004,-17.599999999999998,-15.7,16
10833,181380.0,-0.4,0.0,0.9,0.9,1.5,10.4,-23.900000000000002,-10.3,-15.8,16
10834,181400.0,-0.7000000000000001,0.0,1.2000000000000002,0.6000000000000001,1.4000000000000001,10.700000000000001,-19.200000000000003,-4.800000000000001,-15.7,16
10835,181412.0,-0.8,0.0,1.4000000000000001,0.5,1.4000000000000001,11.0,-16.0,-2.5,-15.7,16
10836,181428.0,-1.1,0.0,1.6,0.2,1.4000000000000001,11.100000000000001,-13.0,-1.7,-15.299999999999999,16
10837,181445.0,-1.2000000000000002,0.1,1.7000000000000002,0.2,1.4000000000000001,11.100000000000001,-13.0,-1.7,-15.299999999999999,16
10838,181462.0,-1.4000000000000001,0.2,1.7000000000000002,-0.1,1.6,11.4,-9.600000000000001,-1.2000000000000002,-11.6,16
10839,181482.0,-1.6,0.4,2.0,-0.30000000000000004,1.8,11.700000000000001,-9.3,-1.4,-7.9,16
10840,181498.0,-1.7000000000000002,0.7000000000000001,2.4000000000000004,-0.4,2.0,12.0,-8.3,-0.9,-3.6,16
10841,181511.0,-1.6,0.7000000000000001,2.7,-0.1,2.0,12.700000000000001,-8.5,-6.5,-1.6,16
10842,181528.0,-0.9,0.8,3.6,0.6000000000000001,2.1,13.3,-12.000000000000002,-15.299999999999999,-2.7,16
10843,181545.0,-0.1,0.8,3.6,1.3,2.0,13.200000000000001,-14.200000000000001,-18.5,-5.6,16
10844,181562.0,0.30000000000000004,0.9,3.6,1.8,2.1,13.3,-9.0,-7.6,-8.0,16
10845,181579.0,0.5,0.9,3.3000000000000003,1.9000000000000001,2.1,12.9,2.1,7.9,-8.5,16
10846,181595.0,0.6000000000000001,0.8,2.4000000000000004,1.9000000000000001,2.0,12.100000000000001,15.7,23.700000000000003,-8.0,16
10847,181611.0,0.6000000000000001,0.7000000000000001,2.0,1.8,1.9000000000000001,11.5,26.400000000000002,37.6,-8.3,16
10848,181628.0,0.7000000000000001,0.4,1.2000000000000002,1.9000000000000001,1.7000000000000002,10.8,31.900000000000002,42.5,-9.8,16
10849,181645.0,1.2000000000000002,0.0,0.5,2.2,1.5,10.200000000000001,32.2,39.6,-12.8,16
10850,181662.0,1.5,-0.30000000000000004,-0.30000000000000004,2.4000000000000004,1.3,9.5,27.7,34.400000000000006,-18.0,16
10851,181683.0,1.9000000000000001,-0.6000000000000001,-1.0,2.6,1.1,8.9,21.3,28.6,-24.7,16
10852,181697.0,1.9000000000000001,-0.6000000000000001,-1.0,2.6,1.1,8.9,21.3,28.6,-24.7,16
10853,181712.0,1.8,-0.8,-1.8,2.5,0.9,8.0,1.5000000000000002,20.0,-31.8,16
10854,181728.0,1.7000000000000002,-0.8,-2.0,2.3000000000000003,0.8,7.800000000000001,-9.5,17.3,-28.0,16
10855,181745.0,1.7000000000000002,-0.9,-2.0,2.3000000000000003,0.7000000000000001,7.800000000000001,-15.2,15.5,-22.1,16
10856,181761.0,1.9000000000000001,-1.0,-1.8,2.5,0.6000000000000001,7.9,-15.100000000000001,14.100000000000001,-17.400000000000002,16
10857,181782.0,1.8,-0.9,-1.8,2.4000000000000004,0.6000000000000001,7.9,-11.5,10.600000000000001,-15.5,16
10858,181797.0,1.6,-0.8,-1.8,2.1,0.8,8.0,-6.5,4.300000000000001,-14.0,16
10859,181812.0,1.3,-0.5,-1.7000000000000002,1.8,1.0,8.1,-2.4000000000000004,-3.6,-11.700000000000001,16
10860,181829.0,1.0,-0.4,-1.7000000000000002,1.4000000000000001,1.2000000000000002,8.0,-1.5000000000000002,-12.9,-9.9,16
10861,181845.0,0.6000000000000001,-0.1,-1.7000000000000002,1.1,1.4000000000000001,8.0,-3.5,-20.5,-9.1,16
10862,181862.0,0.2,0.1,-1.7000000000000002,0.9,1.6,7.9,-6.6000000000000005,-25.2,-8.9,16
10863,181882.0,0.1,0.1,-1.7000000000000002,0.7000000000000001,1.6,8.0,-10.8,-28.0,-9.4,16
10864,181895.0,-0.2,0.2,-1.6,0.5,1.7000000000000002,8.0,-13.5,-26.8,-9.5,16
10865,181912.0,-0.6000000000000001,0.30000000000000004,-1.5,0.30000000000000004,1.7000000000000002,8.1,-15.299999999999999,-24.400000000000002,-9.200000000000001,16
10866,181928.0,-0.8,0.30000000000000004,-1.4000000000000001,0.0,1.6,8.3,-17.5,-23.8,-8.600000000000001,16
10867,181945.0,-1.1,0.2,-1.3,-0.2,1.5,8.4,-19.400000000000002,-23.2,-8.1,16
10868,181961.0,-1.4000000000000001,0.2,-1.0,-0.4,1.4000000000000001,8.6,-20.2,-22.8,-7.1000000000000005,16
10869,181988.0,-1.7000000000000002,0.2,-0.8,-0.6000000000000001,1.4000000000000001,8.700000000000001,-19.6,-22.7,-4.5,16
10870,181995.0,-1.8,0.2,-0.7000000000000001,-0.6000000000000001,1.4000000000000001,9.0,-18.5,-23.900000000000002,-0.9,16
10871,182011.0,-1.8,0.2,-0.4,-0.6000000000000001,1.3,9.200000000000001,-18.5,-26.400000000000002,2.9,16
10872,182028.0,-1.8,0.2,-0.30000000000000004,-0.6000000000000001,1.3,9.3,-17.599999999999998,-27.7,7.699999999999999,16
10873,182045.0,-1.8,0.30000000000000004,-0.1,-0.5,1.3,9.600000000000001,-15.2,-26.400000000000002,12.9,16
10874,182061.0,-1.7000000000000002,0.30000000000000004,0.2,-0.30000000000000004,1.3,9.8,-11.700000000000001,-23.1,17.5,16
10875,182078.0,-1.7000000000000002,0.30000000000000004,0.4,-0.2,1.3,10.100000000000001,-7.2,-19.9,21.200000000000003,16
10876,182095.0,-1.7000000000000002,0.4,0.6000000000000001,-0.30000000000000004,1.4000000000000001,10.200000000000001,-3.2,-16.2,24.8,16
10877,182111.0,-1.7000000000000002,0.6000000000000001,0.7000000000000001,-0.2,1.5,10.200000000000001,0.9,-11.8,28.700000000000003,16
10878,182128.0,-1.6,0.7000000000000001,0.7000000000000001,-0.1,1.6,10.3,3.7000000000000006,-7.500000000000001,31.0,16
10879,182145.0,-1.5,0.7000000000000001,0.8,0.1,1.7000000000000002,10.4,3.8,-3.3000000000000003,30.799999999999997,16
10880,182161.0,-1.3,0.8,1.1,0.30000000000000004,1.7000000000000002,10.700000000000001,2.9,0.4,30.100000000000005,16
10881,182178.0,-0.8,0.8,1.4000000000000001,0.7000000000000001,1.7000000000000002,11.0,1.8,3.3000000000000003,29.500000000000004,16
10882,182195.0,-0.5,0.7000000000000001,1.7000000000000002,1.2000000000000002,1.6,11.4,0.2,2.5,27.7,16
10883,182212.0,0.2,0.7000000000000001,1.9000000000000001,1.9000000000000001,1.5,11.5,-1.3,3.6,24.5,16
10884,182229.0,0.9,0.5,1.9000000000000001,2.4000000000000004,1.4000000000000001,11.5,-0.30000000000000004,10.3,20.3,16
10885,182245.0,1.0,0.6000000000000001,1.7000000000000002,2.3000000000000003,1.6,11.3,4.5,21.200000000000003,17.599999999999998,16
10886,182262.0,0.30000000000000004,1.0,1.5,1.5,2.0,11.200000000000001,11.5,34.2,18.1,16
10887,182280.0,-0.4,1.4000000000000001,2.0,0.8,2.4000000000000004,11.700000000000001,15.8,39.9,20.5,16
10888,182295.0,-0.5,1.5,2.7,1.0,2.5,12.5,11.5,27.0,22.5,16
10889,182312.0,0.30000000000000004,1.2000000000000002,2.3000000000000003,1.5,2.1,11.9,6.8,21.400000000000002,20.4,16
10890,182328.0,0.30000000000000004,0.9,2.0,1.4000000000000001,1.9000000000000001,11.8,8.3,21.0,15.7,16
10891,182345.0,0.30000000000000004,0.8,2.1,1.3,1.8,11.8,10.8,26.500000000000004,14.700000000000001,16
10892,182362.0,0.30000000000000004,0.4,1.8,1.4000000000000001,1.4000000000000001,11.600000000000001,13.5,28.6,16.3,16
10893,182378.0,0.9,0.0,1.8,1.9000000000000001,1.1,11.600000000000001,14.900000000000002,26.9,17.5,16
10894,182396.0,1.1,-0.2,1.7000000000000002,2.2,0.9,11.3,18.0,24.400000000000002,18.3,16
10895,182412.0,1.5,-0.5,1.1,2.3000000000000003,0.7000000000000001,10.9,24.5,25.5,18.3,16
10896,182428.0,1.6,-0.7000000000000001,0.9,2.3000000000000003,0.6000000000000001,10.700000000000001,29.700000000000003,24.200000000000003,17.9,16
10897,182445.0,1.7000000000000002,-0.8,0.7000000000000001,2.5,0.5,10.3,30.799999999999997,19.3,17.0,16
10898,182461.0,1.9000000000000001,-1.0,0.0,2.5,0.4,9.600000000000001,30.5,18.1,16.2,16
10899,182479.0,1.8,-1.2000000000000002,-0.9,2.4000000000000004,0.4,8.8,30.5,21.200000000000003,15.7,16
10900,182497.0,1.5,-1.3,-1.6,2.1,0.30000000000000004,8.200000000000001,30.000000000000004,25.700000000000003,15.2,16
10901,182512.0,1.3,-1.3,-1.9000000000000001,1.7000000000000002,0.4,7.800000000000001,27.5,27.400000000000002,15.100000000000001,16
10902,182528.0,1.0,-1.4000000000000001,-2.2,1.5,0.4,7.6000000000000005,22.4,25.400000000000002,15.2,16
10903,182545.0,0.9,-1.4000000000000001,-2.2,1.3,0.4,7.5,15.7,19.1,14.500000000000002,16
10904,182561.0,0.9,-1.4000000000000001,-2.2,1.4000000000000001,0.4,7.5,9.200000000000001,9.9,12.9,16
10905,182578.0,1.2000000000000002,-1.4000000000000001,-2.0,1.6,0.4,7.7,3.0000000000000004,0.1,9.8,16
10906,182595.0,1.5,-1.4000000000000001,-2.0,1.9000000000000001,0.4,7.7,-2.5,-8.5,5.6,16
10907,182612.0,1.7000000000000002,-1.4000000000000001,-2.0,2.2,0.4,7.6000000000000005,-6.4,-13.4,0.9,16
10908,182628.0,1.7000000000000002,-1.2000000000000002,-2.1,2.2,0.6000000000000001,7.6000000000000005,-8.600000000000001,-14.600000000000001,-2.4000000000000004,16
10909,182645.0,1.3,-0.9,-2.2,1.9000000000000001,0.8,7.4,-11.3,-13.200000000000001,-3.0000000000000004,16
10910,182662.0,1.1,-0.8,-2.2,1.5,1.0,7.4,-15.8,-13.100000000000001,-0.9,16
10911,182679.0,0.5,-0.4,-2.1,1.1,1.2000000000000002,7.6000000000000005,-19.0,-15.000000000000002,2.4000000000000004,16
10912,182695.0,0.2,-0.30000000000000004,-1.7000000000000002,0.9,1.3,7.9,-20.6,-18.1,4.1000000000000005,16
10913,182711.0,0.1,-0.2,-1.6,0.8,1.4000000000000001,8.1,-21.0,-24.9,3.5,16
10914,182729.0,-0.1,0.0,-1.3,0.7000000000000001,1.5,8.3,-20.2,-29.600000000000005,2.4000000000000004,16
10915,182745.0,-0.2,0.2,-1.0,0.7000000000000001,1.6,8.5,-19.200000000000003,-33.300000000000004,1.0,16
10916,182761.0,-0.30000000000000004,0.30000000000000004,-0.9,0.7000000000000001,1.7000000000000002,8.700000000000001,-18.400000000000002,-33.800000000000004,-0.1,16
10917,182778.0,-0.5,0.4,-0.7000000000000001,0.5,1.8,8.9,-18.2,-34.1,-0.9,16
10918,182795.0,-0.7000000000000001,0.6000000000000001,-0.30000000000000004,0.5,1.8,9.3,-19.3,-33.800000000000004,-1.7,16
10919,182811.0,-0.8,0.7000000000000001,-0.1,0.5,1.9000000000000001,9.700000000000001,-21.5,-34.400000000000006,-3.9,16
10920,182828.0,-0.7000000000000001,0.7000000000000001,0.4,0.7000000000000001,1.8,10.0,-22.6,-32.7,-7.300000000000001,16
10921,182845.0,-0.6000000000000001,0.7000000000000001,0.7000000000000001,0.9,1.8,10.3,-21.700000000000003,-26.500000000000004,-12.5,16
10922,182862.0,-0.6000000000000001,0.7000000000000001,0.9,1.0,1.8,10.600000000000001,-18.400000000000002,-19.500000000000004,-17.7,16
10923,182878.0,-0.6000000000000001,0.7000000000000001,1.1,1.0,1.7000000000000002,10.700000000000001,-15.2,-13.8,-21.6,16
10924,182895.0,-0.7000000000000001,0.7000000000000001,1.3,0.9,1.6,10.8,-12.8,-9.0,-24.400000000000002,16
10925,182912.0,-0.9,0.7000000000000001,1.3,0.7000000000000001,1.6,10.9,-10.9,-5.7,-25.6,16
10926,182928.0,-1.1,0.7000000000000001,1.4000000000000001,0.4,1.7000000000000002,11.0,-8.5,-2.7,-24.3,16
10927,182945.0,-1.2000000000000002,0.7000000000000001,1.5,0.30000000000000004,1.7000000000000002,11.100000000000001,-6.1000000000000005,-1.5000000000000002,-21.8,16
10928,182961.0,-1.1,0.7000000000000001,1.7000000000000002,0.4,1.6,11.3,-3.1,-1.8,-19.3,16
10929,182993.0,-1.1,0.7000000000000001,1.8,0.5,1.7000000000000002,11.4,6.7,1.3,-15.9,16
10930,182998.0,-1.1,0.7000000000000001,1.8,0.5,1.7000000000000002,11.4,6.7,1.3,-15.9,16
10931,183011.0,-1.0,0.7000000000000001,1.7000000000000002,0.4,1.7000000000000002,11.3,13.3,6.1000000000000005,-14.700000000000001,16
10932,183028.0,-1.1,0.7000000000000001,1.7000000000000002,0.4,1.8,11.3,18.2,8.3,-14.0,16
10933,183045.0,-1.0,0.7000000000000001,1.6,0.4,1.9000000000000001,11.200000000000001,20.2,11.2,-14.200000000000001,16
10934,183061.0,-0.9,0.8,1.4000000000000001,0.4,2.0,11.100000000000001,21.3,15.5,-15.2,16
10935,183078.0,-1.0,0.8,1.3,0.30000000000000004,2.0,11.0,21.900000000000002,20.2,-17.400000000000002,16
10936,183096.0,-1.0,0.7000000000000001,1.7000000000000002,0.2,2.0,11.4,17.200000000000003,17.3,-20.3,16
10937,183115.0,-0.9,0.6000000000000001,1.7000000000000002,0.30000000000000004,2.0,11.5,7.8,8.200000000000001,-21.700000000000003,16
10938,183128.0,-0.7000000000000001,0.4,1.4000000000000001,0.5,1.7000000000000002,11.200000000000001,0.6000000000000001,2.8,-20.5,16
10939,183145.0,-0.30000000000000004,-0.1,1.4000000000000001,0.9,1.2000000000000002,11.3,-5.4,1.9,-19.1,16
10940,183161.0,0.0,-0.5,1.1,1.1,0.9,11.100000000000001,-8.9,4.3999999999999995,-16.1,16
10941,183178.0,0.1,-0.7000000000000001,1.0,1.3,0.5,11.100000000000001,-7.0,11.1,-9.8,16
10942,183195.0,0.30000000000000004,-0.9,1.0,1.6,0.1,10.9,-7.0,11.1,-9.8,16
10943,183214.0,1.1,-1.4000000000000001,0.5,2.0,-0.1,10.600000000000001,12.700000000000001,21.3,3.3000000000000003,16
10944,183230.0,1.7000000000000002,-1.8,0.0,2.5,-0.30000000000000004,10.200000000000001,26.700000000000003,25.8,3.5,16
10945,183245.0,1.8,-1.8,-0.4,2.7,-0.30000000000000004,9.4,34.400000000000006,24.1,0.0,16
10946,183262.0,2.1,-1.8,-1.5,2.8000000000000003,-0.30000000000000004,8.5,36.7,20.6,-3.9,16
10947,183278.0,2.1,-1.8,-2.0,2.8000000000000003,-0.1,7.5,32.9,19.6,-7.1000000000000005,16
10948,183295.0,1.9000000000000001,-1.8,-3.0,2.5,0.0,6.9,22.4,19.0,-8.9,16
10949,183312.0,1.5,-1.5,-3.5,2.1,0.2,6.4,7.8,18.1,-8.200000000000001,16
10950,183329.0,0.9,-1.3,-3.5,1.5,0.5,6.4,-7.8,14.100000000000001,-3.8,16
10951,183345.0,0.7000000000000001,-1.1,-3.2,1.1,0.7000000000000001,6.800000000000001,-20.7,6.7,2.8,16
10952,183361.0,0.30000000000000004,-0.8,-2.7,0.9,0.8,7.300000000000001,-28.8,-0.9,9.200000000000001,16
10953,183378.0,0.5,-0.6000000000000001,-1.8,1.1,0.9,8.1,-32.300000000000004,-11.6,13.200000000000001,16
10954,183395.0,0.5,-0.5,-1.5,1.1,0.9,8.5,-30.299999999999997,-20.2,13.0,16
10955,183411.0,0.30000000000000004,-0.30000000000000004,-1.3,1.0,1.1,8.700000000000001,-23.700000000000003,-26.1,11.2,16
10956,183428.0,-0.1,0.0,-1.1,0.8,1.3,8.8,-16.3,-28.8,10.2,16
10957,183444.0,-0.30000000000000004,0.1,-1.0,0.6000000000000001,1.4000000000000001,8.8,-13.3,-31.7,10.5,16
10958,183461.0,-0.4,0.30000000000000004,-1.1,0.6000000000000001,1.5,8.8,-13.8,-32.7,11.6,16
10959,183478.0,-0.6000000000000001,0.4,-1.0,0.5,1.5,8.9,-17.3,-31.3,12.700000000000001,16
10960,183494.0,-0.7000000000000001,0.4,-0.9,0.5,1.6,9.0,-19.500000000000004,-27.900000000000002,14.4,16
10961,183511.0,-0.9,0.5,-0.6000000000000001,0.4,1.5,9.3,-19.8,-24.3,16.1,16
10962,183528.0,-1.0,0.5,-0.30000000000000004,0.30000000000000004,1.5,9.5,-18.900000000000002,-22.5,17.1,16
10963,183544.0,-1.1,0.5,-0.2,0.2,1.4000000000000001,9.700000000000001,-16.3,-21.5,17.3,16
10964,183561.0,-1.2000000000000002,0.6000000000000001,0.0,0.30000000000000004,1.4000000000000001,9.9,-13.3,-21.0,17.3,16
10965,183582.0,-1.1,0.6000000000000001,0.1,0.30000000000000004,1.4000000000000001,9.9,-9.600000000000001,-18.6,16.900000000000002,16
10966,183595.0,-1.0,0.7000000000000001,0.2,0.4,1.6,10.0,-5.300000000000001,-13.3,16.6,16
10967,183612.0,-1.2000000000000002,0.9,0.2,0.4,1.7000000000000002,10.0,-1.9,-8.9,17.599999999999998,16
10968,183628.0,-1.2000000000000002,1.0,0.2,0.30000000000000004,1.8,10.0,1.0999999999999999,-2.6,19.9,16
10969,183645.0,-1.2000000000000002,1.0,0.1,0.4,1.8,9.9,3.5,1.5000000000000002,22.000000000000004,16
10970,183661.0,-1.1,1.0,0.1,0.5,1.8,9.9,4.300000000000001,5.500000000000001,22.8,16
10971,183685.0,-1.0,1.0,0.1,0.6000000000000001,1.8,9.9,3.8,6.9,22.5,16
10972,183695.0,-0.9,1.0,0.1,0.8,1.8,10.0,2.3000000000000003,6.8,22.4,16
10973,183711.0,-0.4,0.8,0.30000000000000004,1.2000000000000002,1.6,10.200000000000001,1.7,8.200000000000001,21.5,16
10974,183729.0,0.0,0.7000000000000001,0.6000000000000001,1.5,1.5,10.5,1.3,9.700000000000001,19.3,16
10975,183745.0,0.2,0.6000000000000001,0.8,1.7000000000000002,1.5,10.8,0.6000000000000001,8.9,17.3,16
10976,183761.0,0.5,0.7000000000000001,1.2000000000000002,2.1,1.5,11.100000000000001,1.0,8.4,16.6,16
10977,183788.0,1.0,0.8,1.3,2.1,1.8,11.100000000000001,4.1000000000000005,14.4,14.800000000000002,16
10978,183795.0,1.0,0.8,1.3,2.1,1.8,11.100000000000001,4.1000000000000005,14.4,14.800000000000002,16
10979,183812.0,0.5,1.1,1.2000000000000002,1.7000000000000002,2.0,11.3,11.4,21.6,13.8,16
10980,183829.0,0.2,1.3,2.0,1.5,2.3000000000000003,12.0,11.8,19.0,12.6,16
10981,183845.0,0.30000000000000004,1.2000000000000002,1.8,1.6,2.2,11.8,8.5,11.2,12.100000000000001,16
10982,183861.0,0.4,1.0,1.4000000000000001,1.6,2.0,11.3,10.8,14.3,10.3,16
10983,183888.0,0.1,0.7000000000000001,1.1,1.0,1.7000000000000002,10.8,17.200000000000003,26.6,6.6000000000000005,16
10984,183895.0,-0.1,0.6000000000000001,0.8,1.0,1.7000000000000002,10.8,17.200000000000003,26.6,6.6000000000000005,16
10985,183912.0,-0.2,0.4,0.6000000000000001,0.8,1.5,10.700000000000001,20.0,29.000000000000004,6.000000000000001,16
10986,183928.0,0.1,0.0,0.8,1.1,1.1,10.9,18.5,21.8,4.6000000000000005,16
10987,183945.0,0.7000000000000001,-0.4,0.9,1.6,0.9,10.9,15.399999999999999,11.000000000000002,3.4,16
10988,183961.0,1.1,-0.6000000000000001,0.8,2.3000000000000003,0.5,10.8,17.0,6.7,1.4,16
10989,183997.0,2.2,-1.4000000000000001,0.6000000000000001,3.1,0.0,10.600000000000001,19.6,8.5,-5.1,16
10990,184020.0,2.2,-1.6,0.1,3.1,-0.1,10.200000000000001,21.3,14.900000000000002,-5.300000000000001,16
10991,184032.0,2.1,-1.7000000000000002,-0.2,2.8000000000000003,-0.2,9.700000000000001,23.2,21.8,-3.4,16
10992,184044.0,1.8,-1.8,-0.7000000000000001,2.6,-0.30000000000000004,9.200000000000001,25.3,27.900000000000002,-0.9,16
10993,184061.0,1.7000000000000002,-1.9000000000000001,-1.0,2.2,-0.30000000000000004,8.8,26.3,30.5,-0.30000000000000004,16
10994,184078.0,1.4000000000000001,-1.9000000000000001,-1.4000000000000001,1.9000000000000001,-0.2,8.5,25.5,28.3,-0.1,16
10995,184094.0,1.2000000000000002,-1.9000000000000001,-1.7000000000000002,1.7000000000000002,-0.1,8.3,23.2,22.4,0.0,16
10996,184111.0,1.2000000000000002,-1.9000000000000001,-1.7000000000000002,1.6,0.0,8.1,18.1,14.200000000000001,-0.1,16
10997,184128.0,1.2000000000000002,-1.8,-1.9000000000000001,1.7000000000000002,0.0,7.9,10.600000000000001,4.6000000000000005,-0.5,16
10998,184144.0,1.2000000000000002,-1.7000000000000002,-2.3000000000000003,1.7000000000000002,0.1,7.5,2.0,-2.0,-0.5,16
10999,184161.0,1.1,-1.6,-2.5,1.5,0.30000000000000004,7.2,-5.300000000000001,-6.1000000000000005,1.6,16
11000,184178.0,0.8,-1.3,-2.7,1.2000000000000002,0.5,7.1000000000000005,-9.8,-5.500000000000001,5.9,16
11001,184194.0,0.6000000000000001,-1.1,-2.7,1.2000000000000002,0.5,7.1000000000000005,-9.8,-5.500000000000001,5.9,16
11002,184211.0,0.30000000000000004,-0.9,-2.8000000000000003,0.7000000000000001,0.9,7.1000000000000005,-10.4,-3.3000000000000003,13.3,16
11003,184228.0,-0.1,-0.6000000000000001,-2.6,0.4,1.1,7.2,-9.3,-9.200000000000001,15.000000000000002,16
11004,184245.0,-0.30000000000000004,-0.4,-2.4000000000000004,0.30000000000000004,1.2000000000000002,7.5,-9.700000000000001,-15.2,14.800000000000002,16
11005,184261.0,-0.4,-0.4,-2.2,0.2,1.3,7.7,-11.4,-23.700000000000003,12.700000000000001,16
11006,184279.0,-0.6000000000000001,-0.1,-1.9000000000000001,0.30000000000000004,1.5,8.0,-14.700000000000001,-33.400000000000006,9.8,16
11007,184298.0,-0.4,0.0,-1.3,0.5,1.6,8.5,-19.1,-39.699999999999996,6.000000000000001,16
11008,184312.0,-0.4,0.2,-1.0,0.7000000000000001,1.7000000000000002,9.0,-22.5,-43.50000000000001,2.8,16
11009,184328.0,-0.30000000000000004,0.30000000000000004,-0.30000000000000004,0.9,1.7000000000000002,9.600000000000001,-26.200000000000003,-44.8,0.1,16
11010,184345.0,-0.1,0.4,0.30000000000000004,1.3,1.7000000000000002,10.100000000000001,-31.4,-46.7,-2.9,16
11011,184361.0,0.4,0.4,0.7000000000000001,1.8,1.6,10.4,-35.6,-43.6,-6.3,16
11012,184383.0,0.6000000000000001,0.30000000000000004,1.1,2.1,1.4000000000000001,10.8,-34.7,-34.0,-9.700000000000001,16
11013,184398.0,0.6000000000000001,0.30000000000000004,1.3,2.2,1.3,11.100000000000001,-28.0,-22.000000000000004,-12.8,16
11014,184412.0,0.6000000000000001,0.4,1.4000000000000001,2.2,1.3,11.100000000000001,-28.0,-22.000000000000004,-12.8,16
11015,184428.0,0.2,0.5,1.6,1.7000000000000002,1.5,11.3,-7.6,0.2,-17.5,16
11016,184445.0,0.0,0.5,1.5,1.7000000000000002,1.5,11.3,-7.6,0.2,-17.5,16
11017,184461.0,-0.7000000000000001,0.7000000000000001,0.8,0.8,1.6,10.600000000000001,3.9,7.1000000000000005,-21.200000000000003,16
11018,184479.0,-1.1,0.7000000000000001,0.4,0.4,1.7000000000000002,10.200000000000001,5.300000000000001,8.4,-21.200000000000003,16
11019,184495.0,-1.3,0.7000000000000001,0.2,0.2,1.7000000000000002,10.0,3.8,6.1000000000000005,-19.500000000000004,16
11020,184513.0,-1.3,0.6000000000000001,0.1,0.1,1.6,9.9,0.4,2.3000000000000003,-16.8,16
11021,184528.0,-1.4000000000000001,0.5,0.1,0.1,1.5,9.9,-3.1,-2.0,-14.4,16
11022,184545.0,-1.3,0.4,0.2,0.2,1.4000000000000001,10.0,-4.2,-5.500000000000001,-12.4,16
11023,184561.0,-1.1,0.30000000000000004,0.4,0.4,1.3,10.200000000000001,-2.5,-7.2,-10.5,16
11024,184582.0,-0.9,0.30000000000000004,0.7000000000000001,0.6000000000000001,1.3,10.5,0.7,-8.0,-9.600000000000001,16
11025,184601.0,-0.6000000000000001,0.30000000000000004,0.9,0.9,1.3,10.700000000000001,2.9,-7.9,-10.3,16
11026,184613.0,-0.5,0.4,1.0,0.9,1.3,10.700000000000001,3.9,-5.8,-11.8,16
11027,184628.0,-0.5,0.5,1.0,1.0,1.6,10.8,5.7,-0.1,-12.200000000000001,16
11028,184645.0,-0.5,0.6000000000000001,0.8,0.9,1.7000000000000002,10.700000000000001,9.0,9.4,-13.200000000000001,16
11029,184661.0,-0.5,0.4,1.4000000000000001,0.9,1.6,11.3,9.4,10.2,-16.6,16
11030,184678.0,-0.4,0.4,1.8,1.0,1.6,11.600000000000001,2.1,1.9,-20.1,16
11031,184695.0,-0.30000000000000004,0.4,1.3,1.1,1.5,10.9,-2.1999999999999997,1.5000000000000002,-19.6,16
11032,184712.0,-0.2,0.1,0.9,1.2000000000000002,1.3,10.8,-0.7,10.0,-17.599999999999998,16
11033,184728.0,-0.4,-0.1,0.9,0.9,1.1,10.8,0.30000000000000004,17.8,-16.0,16
11034,184745.0,-0.6000000000000001,-0.2,0.8,0.6000000000000001,1.0,10.600000000000001,4.3999999999999995,20.8,-12.8,16
11035,184761.0,-0.6000000000000001,-0.30000000000000004,0.6000000000000001,0.6000000000000001,0.9,10.5,9.1,21.3,-9.8,16
11036,184778.0,-0.30000000000000004,-0.5,0.7000000000000001,0.8,0.8,10.5,13.3,14.800000000000002,-7.9,16
11037,184795.0,0.0,-0.7000000000000001,0.7000000000000001,1.4000000000000001,0.6000000000000001,10.700000000000001,13.4,3.2,-8.0,16
11038,184811.0,0.9,-0.9,0.8,2.2,0.5,10.600000000000001,10.5,-8.1,-9.200000000000001,16
11039,184828.0,1.7000000000000002,-1.0,0.4,2.9000000000000004,0.4,10.200000000000001,9.0,-11.000000000000002,-10.5,16
11040,184845.0,2.0,-1.0,0.2,3.4000000000000004,0.30000000000000004,9.9,9.700000000000001,-3.4,-11.6,16
11041,184861.0,2.3000000000000003,-1.1,-0.4,3.4000000000000004,0.4,9.4,12.4,11.1,-11.2,16
11042,184878.0,2.0,-1.0,-1.0,3.1,0.5,8.8,17.3,26.0,-9.200000000000001,16
11043,184896.0,1.8,-0.9,-1.3,2.7,0.7000000000000001,8.4,22.3,36.9,-7.500000000000001,16
11044,184912.0,1.4000000000000001,-0.8,-1.9000000000000001,2.3000000000000003,0.8,7.9,25.3,40.1,-7.500000000000001,16
11045,184928.0,1.1,-0.8,-2.3000000000000003,1.9000000000000001,0.9,7.5,24.1,35.7,-9.3,16
11046,184945.0,0.9,-0.7000000000000001,-2.5,1.5,1.1,7.2,18.0,25.8,-11.3,16
11047,184962.0,0.5,-0.5,-2.6,1.2000000000000002,1.3,7.2,9.8,12.5,-12.000000000000002,16
11048,184989.0,0.1,-0.2,-2.1,0.7000000000000001,1.7000000000000002,7.800000000000001,-11.4,-18.8,-10.3,16
11049,184998.0,0.0,0.0,-1.9000000000000001,0.7000000000000001,1.7000000000000002,7.800000000000001,-11.4,-18.8,-10.3,16
11050,185012.0,-0.1,0.0,-1.8,0.7000000000000001,1.7000000000000002,8.0,-18.400000000000002,-30.5,-7.500000000000001,16
11051,185028.0,-0.1,0.0,-1.5,0.7000000000000001,1.6,8.3,-20.6,-37.4,-4.1000000000000005,16
11052,185044.0,-0.2,0.0,-1.3,0.7000000000000001,1.5,8.6,-19.500000000000004,-40.4,-1.5000000000000002,16
11053,185061.0,-0.4,-0.1,-0.9,0.6000000000000001,1.5,8.9,-17.0,-41.1,0.6000000000000001,16
11054,185078.0,-0.6000000000000001,-0.1,-0.5,0.6000000000000001,1.4000000000000001,9.200000000000001,-13.700000000000001,-40.9,2.8,16
11055,185095.0,-0.7000000000000001,-0.1,-0.4,0.6000000000000001,1.4000000000000001,9.5,-10.600000000000001,-40.0,4.7,16
11056,185111.0,-0.8,0.0,-0.1,0.6000000000000001,1.4000000000000001,9.600000000000001,-7.8,-39.1,6.5,16
11057,185128.0,-0.8,0.0,0.0,0.7000000000000001,1.4000000000000001,9.700000000000001,-4.9,-35.8,7.9,16
11058,185144.0,-0.9,0.0,0.0,0.8,1.4000000000000001,9.700000000000001,-2.1,-30.9,8.700000000000001,16
11059,185161.0,-0.9,0.0,0.0,0.7000000000000001,1.5,9.600000000000001,-0.30000000000000004,-24.7,8.799999999999999,16
11060,185178.0,-1.1,0.2,0.0,0.6000000000000001,1.6,9.600000000000001,0.5,-18.5,9.8,16
11061,185195.0,-1.3,0.2,0.0,0.4,1.7000000000000002,9.600000000000001,0.6000000000000001,-12.8,12.200000000000001,16
11062,185212.0,-1.5,0.4,-0.1,0.30000000000000004,1.8,9.5,1.2000000000000002,-8.1,14.700000000000001,16
11063,185228.0,-1.5,0.4,-0.2,0.30000000000000004,1.8,9.4,2.3000000000000003,-4.3999999999999995,16.400000000000002,16
11064,185245.0,-1.5,0.5,-0.30000000000000004,0.30000000000000004,1.9000000000000001,9.3,3.6,-1.8,16.900000000000002,16
11065,185261.0,-1.5,0.6000000000000001,-0.4,0.30000000000000004,2.0,9.200000000000001,3.4,-0.6000000000000001,16.700000000000003,16
11066,185279.0,-1.4000000000000001,0.6000000000000001,-0.5,0.4,2.0,9.1,1.7,-0.1,17.200000000000003,16
11067,185295.0,-1.2000000000000002,0.6000000000000001,-0.4,0.6000000000000001,2.0,9.200000000000001,-1.5000000000000002,-1.0,18.2,16
11068,185311.0,-1.0,0.6000000000000001,-0.4,0.9,2.0,9.3,-5.500000000000001,-1.4,18.6,16
11069,185328.0,-0.7000000000000001,0.5,-0.2,1.1,1.9000000000000001,9.5,-8.200000000000001,-0.8,18.400000000000002,16
11070,185345.0,-0.5,0.5,0.30000000000000004,1.2000000000000002,1.9000000000000001,9.9,-9.700000000000001,-0.2,18.5,16
11071,185361.0,-0.4,0.5,0.5,1.4000000000000001,1.9000000000000001,10.3,-9.4,-2.0,19.3,16
11072,185380.0,0.0,0.5,0.8,1.9000000000000001,1.9000000000000001,10.5,-8.4,-4.3999999999999995,19.1,16
11073,185395.0,0.6000000000000001,0.5,0.9,2.4000000000000004,1.8,10.5,-6.3,-3.9,17.3,16
11074,185412.0,0.8,0.5,0.7000000000000001,2.7,1.8,10.200000000000001,-1.8,4.2,14.600000000000001,16
11075,185428.0,0.8,0.6000000000000001,0.30000000000000004,2.4000000000000004,2.0,9.9,4.6000000000000005,14.900000000000002,12.8,16
11076,185445.0,0.5,0.8,0.2,2.4000000000000004,2.0,9.9,4.6000000000000005,14.900000000000002,12.8,16
11077,185461.0,-0.1,1.1,0.30000000000000004,1.2000000000000002,2.6,10.0,8.9,25.1,10.1,16
11078,185478.0,-0.9,1.4000000000000001,0.30000000000000004,0.5,2.8000000000000003,10.100000000000001,5.6,20.0,9.8,16
11079,185497.0,-1.2000000000000002,1.5,1.3,0.4,2.9000000000000004,11.200000000000001,-0.2,5.9,9.1,16
11080,185512.0,-0.1,1.2000000000000002,2.1,1.4000000000000001,2.7,11.8,-11.6,-14.700000000000001,6.6000000000000005,16
11081,185528.0,0.4,1.0,1.9000000000000001,2.2,2.1,11.600000000000001,-18.3,-21.700000000000003,1.4,16
11082,185545.0,1.1,0.5,2.1,2.9000000000000004,1.7000000000000002,11.9,-19.3,-16.5,-5.0,16
11083,185561.0,1.6,0.1,2.3000000000000003,3.3000000000000003,1.4000000000000001,12.0,-18.3,-4.7,-8.700000000000001,16
11084,185578.0,1.6,0.0,2.3000000000000003,3.3000000000000003,1.2000000000000002,11.9,-12.000000000000002,7.6,-6.8,16
11085,185595.0,1.8,-0.1,2.0,3.5,1.1,11.8,0.2,21.400000000000002,-2.3000000000000003,16
11086,185612.0,2.1,-0.5,1.6,3.7,0.7000000000000001,11.4,15.100000000000001,33.400000000000006,-0.1,16
11087,185628.0,2.2,-0.7000000000000001,1.2000000000000002,3.6,0.6000000000000001,10.8,27.6,39.6,-3.2,16
11088,185645.0,2.1,-0.7000000000000001,0.8,3.6,0.6000000000000001,10.8,27.6,39.6,-3.2,16
11089,185662.0,1.8,-0.7000000000000001,-0.30000000000000004,3.1,0.8,9.600000000000001,40.1,37.300000000000004,-9.0,16
11090,185680.0,1.7000000000000002,-0.7000000000000001,-1.1,2.9000000000000004,0.9,8.9,37.5,32.4,-10.700000000000001,16
11091,185695.0,1.7000000000000002,-0.7000000000000001,-1.1,2.9000000000000004,0.9,8.9,37.5,32.4,-10.700000000000001,16
11092,185711.0,1.6,-1.0,-2.2,2.6,0.8,7.6000000000000005,25.1,28.8,-13.8,16
11093,185728.0,1.4000000000000001,-1.0,-2.4000000000000004,2.3000000000000003,0.7000000000000001,7.4,16.5,26.400000000000002,-15.2,16
11094,185745.0,1.1,-1.2000000000000002,-2.5,2.0,0.7000000000000001,7.300000000000001,7.9,21.900000000000002,-15.5,16
11095,185761.0,0.8,-1.3,-2.3000000000000003,1.7000000000000002,0.6000000000000001,7.4,0.30000000000000004,16.400000000000002,-14.800000000000002,16
11096,185778.0,0.7000000000000001,-1.3,-2.3000000000000003,1.5,0.5,7.6000000000000005,-4.3999999999999995,7.8,-13.4,16
11097,185795.0,0.6000000000000001,-1.4000000000000001,-2.0,1.4000000000000001,0.4,7.800000000000001,-7.400000000000001,-0.8,-12.000000000000002,16
11098,185811.0,0.4,-1.4000000000000001,-1.8,1.3,0.4,8.0,-9.3,-10.8,-10.3,16
11099,185828.0,0.30000000000000004,-1.3,-1.7000000000000002,1.1,0.5,8.200000000000001,-10.4,-20.5,-7.6,16
11100,185845.0,0.1,-1.2000000000000002,-1.4000000000000001,1.1,0.5,8.3,-11.3,-27.0,-4.3999999999999995,16
11101,185861.0,0.0,-1.1,-1.3,1.0,0.6000000000000001,8.5,-12.4,-31.6,-1.2000000000000002,16
11102,185878.0,-0.1,-1.0,-1.1,1.0,0.7000000000000001,8.700000000000001,-14.600000000000001,-34.400000000000006,1.8,16
11103,185895.0,-0.2,-0.8,-0.8,1.1,0.8,8.9,-17.200000000000003,-36.4,4.7,16
11104,185911.0,-0.2,-0.8,-0.7000000000000001,1.2000000000000002,0.8,9.1,-17.200000000000003,-36.4,4.7,16
11105,185928.0,-0.30000000000000004,-0.6000000000000001,-0.5,1.2000000000000002,0.9,9.1,-16.2,-31.2,7.8,16
11106,185945.0,-0.30000000000000004,-0.5,-0.4,1.1,1.0,9.3,-11.3,-24.6,8.200000000000001,16
11107,186000.0,-1.3,0.1,-0.4,0.4,1.4000000000000001,9.200000000000001,-5.0,-15.399999999999999,5.1,16
11108,186039.0,-1.7000000000000002,0.5,0.0,0.1,1.9000000000000001,9.8,-9.5,-7.8,3.0000000000000004,16
11109,186044.0,-1.7000000000000002,0.5,0.0,0.1,1.9000000000000001,9.8,-9.5,-7.8,3.0000000000000004,16
11110,186061.0,-1.6,0.6000000000000001,0.4,0.2,1.9000000000000001,10.100000000000001,-8.0,-4.2,0.6000000000000001,16
11111,186078.0,-1.2000000000000002,0.6000000000000001,0.7000000000000001,0.5,1.8,10.3,-5.2,-2.7,-2.5,16
11112,186095.0,-1.0,0.5,0.7000000000000001,0.8,1.8,10.4,-2.7,-1.4,-6.1000000000000005,16
11113,186111.0,-0.8,0.6000000000000001,0.8,0.9,1.8,10.4,0.4,0.9,-8.700000000000001,16
11114,186128.0,-0.7000000000000001,0.6000000000000001,0.9,1.0,1.8,10.5,3.2,3.4,-10.3,16
11115,186144.0,-0.6000000000000001,0.5,0.9,1.1,1.8,10.5,4.7,4.5,-10.9,16
11116,186166.0,-0.6000000000000001,0.4,0.8,1.1,1.7000000000000002,10.5,5.500000000000001,5.7,-10.3,16
11117,186179.0,-0.6000000000000001,0.4,0.9,1.0,1.8,10.5,5.8,6.7,-8.0,16
11118,186194.0,-0.7000000000000001,0.5,0.9,0.8,1.8,10.5,7.6,8.700000000000001,-4.2,16
11119,186211.0,-0.8,0.5,0.7000000000000001,0.7000000000000001,1.9000000000000001,10.4,12.100000000000001,15.100000000000001,-0.8,16
11120,186228.0,-0.9,0.4,1.2000000000000002,0.6000000000000001,1.9000000000000001,10.9,16.900000000000002,19.500000000000004,-0.30000000000000004,16
11121,186245.0,-0.9,0.4,1.7000000000000002,0.6000000000000001,1.9000000000000001,11.700000000000001,15.7,10.3,-2.9,16
11122,186262.0,-0.6000000000000001,0.5,2.3000000000000003,0.9,2.1,12.0,9.4,-0.4,-5.4,16
11123,186278.0,0.0,0.4,2.1,1.5,2.0,11.8,3.5,-7.2,-7.1000000000000005,16
11124,186294.0,0.4,0.4,2.2,2.1,1.8,11.9,-3.5,-5.2,-9.600000000000001,16
11125,186313.0,0.9,0.1,2.1,2.4000000000000004,1.6,11.700000000000001,-6.5,2.6,-11.3,16
11126,186328.0,1.1,-0.1,1.8,2.5,1.4000000000000001,11.600000000000001,-1.7,15.2,-10.0,16
11127,186345.0,1.2000000000000002,-0.4,1.7000000000000002,2.6,1.2000000000000002,11.5,6.5,25.2,-7.400000000000001,16
11128,186363.0,1.3,-0.4,1.6,2.6,1.2000000000000002,11.200000000000001,15.2,30.000000000000004,-7.0,16
11129,186378.0,1.4000000000000001,-0.5,0.8,2.7,1.2000000000000002,10.5,22.5,31.8,-9.200000000000001,16
11130,186395.0,1.6,-0.5,-0.30000000000000004,2.7,1.2000000000000002,9.5,28.500000000000004,34.6,-12.9,16
11131,186411.0,1.5,-0.6000000000000001,-0.9,2.5,1.3,8.6,32.5,39.699999999999996,-16.700000000000003,16
11132,186428.0,1.3,-0.6000000000000001,-1.8,2.2,1.4000000000000001,7.9,32.4,41.9,-20.0,16
11133,186445.0,1.2000000000000002,-0.5,-2.3000000000000003,2.0,1.5,7.5,26.400000000000002,38.300000000000004,-21.900000000000002,16
11134,186462.0,1.3,-0.5,-2.4000000000000004,2.0,1.5,7.4,14.600000000000001,32.2,-23.0,16
11135,186478.0,1.5,-0.6000000000000001,-2.3000000000000003,2.1,1.4000000000000001,7.5,2.1999999999999997,22.1,-24.400000000000002,16
11136,186495.0,1.6,-0.6000000000000001,-2.1,2.3000000000000003,1.4000000000000001,7.800000000000001,2.1999999999999997,22.1,-24.400000000000002,16
11137,186512.0,1.9000000000000001,-0.6000000000000001,-2.0,2.4000000000000004,1.4000000000000001,7.6000000000000005,-8.9,11.8,-23.3,16
11138,186529.0,1.9000000000000001,-0.6000000000000001,-1.9000000000000001,2.4000000000000004,1.5,7.9,-12.700000000000001,7.2,-19.8,16
11139,186545.0,1.9000000000000001,-0.4,-1.5,2.4000000000000004,1.5,8.200000000000001,-16.900000000000002,-0.9,-15.100000000000001,16
11140,186561.0,1.9000000000000001,-0.4,-1.3,2.4000000000000004,1.6,8.5,-20.900000000000002,-11.4,-10.3,16
11141,186585.0,1.7000000000000002,-0.1,-1.0,2.4000000000000004,1.6,8.700000000000001,-23.8,-21.700000000000003,-6.3,16
11142,186595.0,1.4000000000000001,0.1,-0.9,2.1,1.8,8.8,-23.2,-25.8,-3.2,16
11143,186611.0,1.2000000000000002,0.1,-0.8,1.8,1.9000000000000001,8.9,-17.5,-24.7,-2.1,16
11144,186629.0,0.8,0.30000000000000004,-0.8,1.5,2.0,9.0,-10.8,-23.700000000000003,-2.3000000000000003,16
11145,186647.0,0.30000000000000004,0.5,-0.8,1.1,2.2,8.9,-6.9,-24.400000000000002,-2.8,16
11146,186662.0,-0.1,0.6000000000000001,-1.2000000000000002,0.9,2.3000000000000003,8.6,-6.3,-24.5,-3.6,16
11147,186688.0,-0.5,0.7000000000000001,-1.5,0.6000000000000001,2.3000000000000003,8.3,-8.1,-22.7,-4.800000000000001,16
11148,186694.0,-0.5,0.7000000000000001,-1.5,0.6000000000000001,2.3000000000000003,8.3,-8.1,-22.7,-4.800000000000001,16
11149,186711.0,-0.9,0.7000000000000001,-1.7000000000000002,0.0,2.2,8.0,-11.8,-13.9,-6.000000000000001,16
11150,186729.0,-1.2000000000000002,0.6000000000000001,-1.5,-0.2,2.1,8.1,-13.0,-11.700000000000001,-6.5,16
11151,186745.0,-1.5,0.4,-1.4000000000000001,-0.4,1.9000000000000001,8.200000000000001,-14.0,-12.9,-6.9,16
11152,186761.0,-1.7000000000000002,0.30000000000000004,-1.1,-0.5,1.8,8.5,-15.2,-14.4,-6.8,16
11153,186784.0,-1.7000000000000002,0.30000000000000004,-1.0,-0.5,1.7000000000000002,8.6,-15.100000000000001,-17.400000000000002,-5.9,16
11154,186795.0,-1.8,0.30000000000000004,-0.8,-0.5,1.7000000000000002,8.9,-15.2,-18.7,-3.5,16
11155,186812.0,-1.8,0.30000000000000004,-0.4,-0.5,1.6,9.200000000000001,-16.3,-21.3,0.30000000000000004,16
11156,186828.0,-1.7000000000000002,0.30000000000000004,-0.2,-0.30000000000000004,1.6,9.5,-16.8,-22.1,4.9,16
11157,186844.0,-1.6,0.4,0.2,-0.2,1.6,9.9,-14.500000000000002,-21.6,9.600000000000001,16
11158,186861.0,-1.5,0.4,0.6000000000000001,0.0,1.6,10.200000000000001,-10.4,-19.6,13.9,16
11159,186883.0,-1.2000000000000002,0.4,1.0,0.2,1.7000000000000002,10.5,-5.4,-19.500000000000004,16.900000000000002,16
11160,186895.0,-1.0,0.4,1.1,0.6000000000000001,1.6,10.8,-0.7,-20.2,17.5,16
11161,186911.0,-0.6000000000000001,0.5,1.5,1.0,1.7000000000000002,11.100000000000001,2.7,-21.1,16.3,16
11162,186928.0,-0.4,0.5,1.7000000000000002,1.6,1.8,11.4,3.2,-22.2,14.600000000000001,16
11163,186945.0,0.0,0.6000000000000001,1.9000000000000001,1.6,1.8,11.4,3.2,-22.2,14.600000000000001,16
11164,186962.0,1.0,0.7000000000000001,1.8,2.8000000000000003,1.9000000000000001,11.4,0.5,-14.500000000000002,11.8,16
11165,186995.0,1.1,0.9,1.1,2.8000000000000003,2.2,10.600000000000001,9.600000000000001,20.4,14.100000000000001,16
11166,187011.0,0.7000000000000001,1.2000000000000002,0.6000000000000001,2.3000000000000003,2.5,10.3,16.5,42.400000000000006,13.200000000000001,16
11167,187028.0,0.0,1.2000000000000002,1.2000000000000002,1.2000000000000002,2.8000000000000003,10.8,21.900000000000002,48.1,13.4,16
11168,187044.0,-0.8,1.5,1.6,0.6000000000000001,3.0,11.5,17.1,33.6,14.600000000000001,16
11169,187061.0,-0.7000000000000001,1.6,2.1,0.8,3.0,11.8,7.2,15.299999999999999,16.3,16
11170,187078.0,-0.4,1.3,1.9000000000000001,1.2000000000000002,2.5,11.3,3.4,6.5,15.399999999999999,16
11171,187097.0,0.0,0.8,1.4000000000000001,1.4000000000000001,2.3000000000000003,11.100000000000001,7.699999999999999,7.400000000000001,12.8,16
11172,187111.0,0.1,0.6000000000000001,1.4000000000000001,1.5,2.0,11.100000000000001,13.0,12.000000000000002,12.000000000000002,16
11173,187129.0,0.2,0.4,1.2000000000000002,1.7000000000000002,1.8,10.9,17.3,14.600000000000001,12.3,16
11174,187144.0,0.7000000000000001,-0.1,1.1,2.2,1.4000000000000001,10.8,19.400000000000002,14.500000000000002,11.5,16
11175,187162.0,1.2000000000000002,-0.5,0.7000000000000001,2.5,1.2000000000000002,10.4,21.3,14.100000000000001,9.700000000000001,16
11176,187178.0,1.5,-0.7000000000000001,0.1,2.7,1.0,9.9,26.6,19.3,7.400000000000001,16
11177,187195.0,1.4000000000000001,-0.8,0.0,2.5,0.9,9.700000000000001,30.000000000000004,22.6,5.1,16
11178,187213.0,1.2000000000000002,-0.9,-0.2,2.4000000000000004,0.9,9.5,29.000000000000004,18.900000000000002,4.0,16
11179,187228.0,1.3,-1.1,-0.6000000000000001,2.4000000000000004,0.9,9.1,25.3,13.700000000000001,4.1000000000000005,16
11180,187245.0,1.3,-1.2000000000000002,-0.9,2.4000000000000004,0.7000000000000001,8.700000000000001,21.1,11.2,4.0,16
11181,187261.0,1.3,-1.4000000000000001,-1.3,2.3000000000000003,0.6000000000000001,8.4,17.1,10.8,3.8,16
11182,187285.0,1.1,-1.5,-1.4000000000000001,2.1,0.5,8.200000000000001,13.200000000000001,10.4,3.5,16
11183,187295.0,1.0,-1.6,-1.4000000000000001,2.0,0.4,8.4,10.1,7.400000000000001,2.9,16
11184,187313.0,0.9,-1.7000000000000002,-1.0,1.9000000000000001,0.4,8.5,10.2,2.8,1.8,16
11185,187328.0,0.8,-1.6,-1.5,1.8,0.5,8.1,11.5,3.0000000000000004,1.4,16
11186,187345.0,0.7000000000000001,-1.5,-1.4000000000000001,1.7000000000000002,0.7000000000000001,8.200000000000001,7.1000000000000005,-3.7000000000000006,0.7,16
11187,187361.0,0.7000000000000001,-1.3,-1.6,1.7000000000000002,0.8,8.0,-0.4,-10.1,0.7,16
11188,187384.0,0.6000000000000001,-1.1,-1.5,1.7000000000000002,1.0,8.1,-8.200000000000001,-13.9,1.8,16
11189,187395.0,0.6000000000000001,-1.0,-1.5,1.8,1.1,8.1,-14.800000000000002,-15.8,2.7,16
11190,187411.0,0.5,-0.8,-1.4000000000000001,1.6,1.2000000000000002,8.200000000000001,-17.5,-13.200000000000001,3.0000000000000004,16
11191,187428.0,0.1,-0.6000000000000001,-1.3,1.3,1.3,8.3,-16.3,-10.0,3.4,16
11192,187445.0,-0.1,-0.5,-1.2000000000000002,1.0,1.4000000000000001,8.4,-12.9,-8.1,3.9,16
11193,187461.0,-0.5,-0.4,-1.2000000000000002,0.8,1.5,8.4,-9.8,-9.200000000000001,4.2,16
11194,187481.0,-0.5,-0.30000000000000004,-1.3,0.8,1.5,8.3,-8.600000000000001,-11.9,3.3000000000000003,16
11195,187495.0,-0.5,-0.30000000000000004,-1.3,0.9,1.5,8.200000000000001,-7.500000000000001,-12.8,1.0999999999999999,16
11196,187513.0,-0.4,-0.2,-1.4000000000000001,1.0,1.6,8.1,-7.1000000000000005,-13.8,-2.1,16
11197,187530.0,-0.5,-0.1,-1.3,0.9,1.6,8.200000000000001,-9.0,-16.3,-4.800000000000001,16
11198,187545.0,-0.5,-0.1,-1.3,1.1,1.6,8.200000000000001,-12.8,-20.4,-7.1000000000000005,16
11199,187561.0,-0.30000000000000004,-0.1,-1.2000000000000002,1.2000000000000002,1.5,8.4,-19.3,-23.5,-11.1,16
11200,187582.0,-0.30000000000000004,-0.1,-0.8,1.3,1.5,8.700000000000001,-26.500000000000004,-26.200000000000003,-14.900000000000002,16
11201,187595.0,-0.30000000000000004,0.0,-0.30000000000000004,1.3,1.5,9.200000000000001,-32.5,-25.8,-17.3,16
11202,187612.0,-0.30000000000000004,0.0,0.0,1.4000000000000001,1.5,9.600000000000001,-35.1,-23.6,-18.7,16
11203,187628.0,-0.30000000000000004,0.0,0.6000000000000001,1.4000000000000001,1.4000000000000001,10.100000000000001,-34.400000000000006,-18.5,-20.1,16
11204,187645.0,-0.5,0.2,1.1,1.3,1.5,10.600000000000001,-30.000000000000004,-14.0,-21.200000000000003,16
11205,187662.0,-0.6000000000000001,0.30000000000000004,1.3,1.1,1.6,10.9,-24.5,-10.3,-21.700000000000003,16
11206,187682.0,-0.8,0.5,1.5,1.0,1.7000000000000002,11.100000000000001,-18.1,-6.8,-22.000000000000004,16
11207,187696.0,-0.9,0.6000000000000001,1.6,0.9,1.8,11.200000000000001,-11.700000000000001,-2.5,-22.8,16
11208,187711.0,-1.0,0.7000000000000001,1.6,0.7000000000000001,1.9000000000000001,11.100000000000001,-6.5,1.5000000000000002,-23.5,16
11209,187728.0,-1.2000000000000002,0.8,1.4000000000000001,0.5,1.9000000000000001,11.0,-2.6,5.7,-23.5,16
11210,187745.0,-1.5,0.7000000000000001,1.3,0.2,1.9000000000000001,10.9,-0.8,9.600000000000001,-23.2,16
11211,187762.0,-1.6,0.6000000000000001,1.3,0.1,1.8,11.0,-1.3,10.0,-22.900000000000002,16
11212,187780.0,-1.7000000000000002,0.6000000000000001,1.7000000000000002,-0.1,1.8,11.5,-4.7,6.1000000000000005,-22.3,16
11213,187795.0,-1.5,0.4,2.5,0.1,1.6,12.100000000000001,-10.0,-3.3000000000000003,-21.5,16
11214,187811.0,-1.2000000000000002,0.4,2.8000000000000003,0.6000000000000001,1.5,12.600000000000001,-14.900000000000002,-13.9,-20.5,16
11215,187828.0,-0.6000000000000001,0.2,3.1,1.2000000000000002,1.3,12.700000000000001,-20.900000000000002,-21.700000000000003,-18.900000000000002,16
11216,187845.0,-0.2,0.1,3.0,1.7000000000000002,1.0,12.700000000000001,-26.3,-21.900000000000002,-16.700000000000003,16
11217,187861.0,0.1,-0.1,2.8000000000000003,1.8,0.8,12.4,-24.3,-14.0,-12.4,16
11218,187882.0,0.2,-0.4,2.5,1.9000000000000001,0.5,12.100000000000001,-15.299999999999999,-1.9,-5.1,16
11219,187896.0,0.30000000000000004,-0.6000000000000001,2.1,2.1,0.30000000000000004,11.9,-2.6,10.2,3.3000000000000003,16
11220,187912.0,0.5,-0.7000000000000001,1.9000000000000001,2.5,0.1,11.3,10.5,18.6,8.9,16
11221,187928.0,1.0,-1.1,0.8,2.8000000000000003,-0.1,10.3,23.8,26.500000000000004,9.0,16
11222,187944.0,1.4000000000000001,-1.2000000000000002,-0.4,2.9000000000000004,-0.2,9.3,36.1,35.9,6.1000000000000005,16
11223,187962.0,1.4000000000000001,-1.3,-0.9,2.9000000000000004,-0.1,8.6,43.300000000000004,42.0,1.0,16
11224,187979.0,1.5,-1.3,-1.6,2.8000000000000003,0.0,8.0,43.1,43.1,-4.300000000000001,16
11225,187994.0,1.5,-1.3,-1.9000000000000001,2.8000000000000003,0.0,8.0,43.1,43.1,-4.300000000000001,16
11226,188012.0,1.6,-1.3,-2.9000000000000004,2.8000000000000003,0.2,6.9,24.1,34.50000000000001,-11.5,16
11227,188028.0,1.4000000000000001,-1.3,-3.1,2.4000000000000004,0.30000000000000004,6.5,10.5,29.900000000000006,-11.6,16
11228,188044.0,1.1,-1.1,-3.4000000000000004,2.0,0.4,6.4,-1.9,25.700000000000003,-7.6,16
11229,188061.0,0.6000000000000001,-0.9,-2.9000000000000004,1.6,0.6000000000000001,6.800000000000001,-12.700000000000001,18.8,0.0,16
11230,188078.0,0.5,-0.8,-2.6,1.4000000000000001,0.7000000000000001,7.4,-20.0,7.300000000000001,8.9,16
11231,188098.0,0.4,-0.6000000000000001,-1.7000000000000002,1.3,0.8,8.1,-22.6,-4.9,16.5,16
11232,188113.0,0.2,-0.30000000000000004,-0.8,1.1,1.0,8.8,-20.5,-19.0,21.700000000000003,16
11233,188128.0,0.30000000000000004,-0.2,-0.5,1.4000000000000001,1.1,9.3,-15.2,-30.000000000000004,23.3,16
11234,188145.0,0.30000000000000004,-0.1,-0.2,1.5,1.1,9.4,-8.799999999999999,-36.2,22.7,16
11235,188161.0,0.2,0.2,-0.2,1.5,1.3,9.4,-3.1,-37.1,21.700000000000003,16
11236,188181.0,0.0,0.30000000000000004,-0.2,1.4000000000000001,1.4000000000000001,9.4,-0.7,-34.50000000000001,20.900000000000002,16
11237,188196.0,0.0,0.30000000000000004,-0.2,1.4000000000000001,1.4000000000000001,9.4,-0.7,-34.50000000000001,20.900000000000002,16
11238,188215.0,-0.30000000000000004,0.5,-0.1,1.3,1.6,9.5,-4.5,-25.6,19.6,16
11239,188230.0,-0.4,0.5,-0.1,1.2000000000000002,1.6,9.5,-7.400000000000001,-19.8,18.8,16
11240,188245.0,-0.5,0.6000000000000001,0.0,1.1,1.6,9.600000000000001,-9.200000000000001,-13.700000000000001,18.1,16
11241,188261.0,-0.7000000000000001,0.6000000000000001,0.1,1.0,1.6,9.8,-9.5,-8.9,17.400000000000002,16
11242,188278.0,-0.8,0.6000000000000001,0.2,0.9,1.6,9.8,-6.8,-5.500000000000001,17.200000000000003,16
11243,188296.0,-0.9,0.6000000000000001,0.30000000000000004,0.9,1.6,9.9,-2.7,-2.5,17.1,16
11244,188313.0,-0.9,0.7000000000000001,0.2,0.8,1.7000000000000002,9.8,2.3000000000000003,-0.9,17.200000000000003,16
11245,188330.0,-0.9,0.8,0.0,0.9,1.8,9.600000000000001,7.1000000000000005,1.9,17.7,16
11246,188345.0,-0.9,0.8,-0.1,0.9,1.8,9.5,11.2,3.7000000000000006,18.6,16
11247,188361.0,-0.8,0.9,-0.2,0.9,2.0,9.3,13.3,5.0,19.8,16
11248,188378.0,-0.8,0.9,-0.30000000000000004,1.0,2.1,9.200000000000001,14.200000000000001,6.2,20.7,16
11249,188399.0,-0.8,0.9,-0.5,0.9,2.1,9.0,14.100000000000001,8.600000000000001,20.900000000000002,16
11250,188411.0,-0.7000000000000001,0.9,-0.4,0.9,2.1,9.1,14.100000000000001,8.600000000000001,20.900000000000002,16
11251,188428.0,-0.7000000000000001,0.9,-0.30000000000000004,1.0,2.1,9.3,11.700000000000001,9.200000000000001,20.0,16
11252,188445.0,-0.30000000000000004,0.7000000000000001,-0.1,1.4000000000000001,2.0,9.600000000000001,10.2,7.8,17.5,16
11253,188461.0,0.1,0.5,0.5,1.7000000000000002,1.9000000000000001,10.100000000000001,9.0,5.300000000000001,14.200000000000001,16
11254,188478.0,0.4,0.4,0.8,2.3000000000000003,1.8,10.700000000000001,10.700000000000001,3.4,11.000000000000002,16
11255,188497.0,1.1,0.2,1.4000000000000001,2.8000000000000003,1.7000000000000002,11.100000000000001,13.3,1.4,7.699999999999999,16
11256,188511.0,1.6,0.2,1.5,3.1,1.7000000000000002,11.0,15.8,2.5,5.8,16
11257,188528.0,1.2000000000000002,0.4,1.0,2.8000000000000003,2.0,10.600000000000001,19.0,10.5,5.6,16
11258,188544.0,0.9,0.7000000000000001,0.8,2.2,2.4000000000000004,10.5,24.200000000000003,20.5,7.6,16
11259,188562.0,0.5,1.1,1.3,1.9000000000000001,2.8000000000000003,11.100000000000001,23.900000000000002,24.000000000000004,9.9,16
11260,188579.0,0.5,1.2000000000000002,1.7000000000000002,1.9000000000000001,3.0,11.3,15.399999999999999,14.500000000000002,11.1,16
11261,188601.0,0.5,1.2000000000000002,1.2000000000000002,1.9000000000000001,3.0,10.9,12.3,12.100000000000001,10.4,16
11262,188613.0,0.5,1.2000000000000002,1.3,1.8,3.0,11.100000000000001,15.5,16.2,8.700000000000001,16
11263,188628.0,0.4,1.0,1.5,1.8,3.0,11.100000000000001,15.5,16.2,8.700000000000001,16
11264,188645.0,0.30000000000000004,0.8,1.3,1.5,2.7,10.8,17.599999999999998,14.600000000000001,1.9,16
11265,188661.0,0.2,0.6000000000000001,1.1,1.5,2.5,10.700000000000001,18.400000000000002,14.4,-0.7,16
11266,188678.0,0.5,0.1,0.8,1.7000000000000002,2.2,10.5,18.400000000000002,14.100000000000001,-3.1,16
11267,188696.0,0.8,-0.2,0.6000000000000001,2.1,1.7000000000000002,10.100000000000001,17.9,13.700000000000001,-5.500000000000001,16
11268,188711.0,1.1,-0.6000000000000001,0.2,2.2,1.5,9.8,20.0,17.0,-6.1000000000000005,16
11269,188728.0,1.1,-0.9,-0.1,2.1,1.3,9.5,24.6,21.8,-5.8,16
11270,188745.0,1.2000000000000002,-1.1,-0.30000000000000004,2.2,1.1,9.3,26.1,23.5,-7.0,16
11271,188761.0,1.1,-1.3,-0.6000000000000001,2.0,1.0,8.9,24.7,20.3,-8.1,16
11272,188778.0,1.1,-1.5,-1.1,2.0,0.9,8.4,23.1,19.400000000000002,-8.1,16
11273,188795.0,1.0,-1.6,-1.3,1.8,0.8,8.1,21.200000000000003,19.400000000000002,-7.8,16
11274,188814.0,0.9,-1.8,-1.6,1.7000000000000002,0.7000000000000001,8.0,17.599999999999998,17.400000000000002,-7.8,16
11275,188828.0,1.0,-1.8,-1.6,1.7000000000000002,0.7000000000000001,7.9,13.700000000000001,14.3,-8.5,16
11276,188844.0,0.9,-1.8,-1.6,1.6,0.7000000000000001,8.0,9.0,8.799999999999999,-9.200000000000001,16
11277,188861.0,0.9,-1.8,-1.4000000000000001,1.7000000000000002,0.7000000000000001,8.1,3.7000000000000006,0.7,-10.1,16
11278,188878.0,1.1,-1.8,-1.3,1.8,0.8,8.200000000000001,-3.3000000000000003,-9.5,-11.700000000000001,16
11279,188896.0,1.2000000000000002,-1.6,-1.3,2.0,0.9,8.200000000000001,-13.200000000000001,-18.3,-13.5,16
11280,188912.0,1.2000000000000002,-1.5,-1.3,2.1,1.0,8.200000000000001,-21.200000000000003,-22.8,-13.0,16
11281,188928.0,1.2000000000000002,-1.2000000000000002,-1.2000000000000002,2.0,1.2000000000000002,8.3,-24.6,-20.1,-10.8,16
11282,188945.0,0.8,-0.9,-1.2000000000000002,1.7000000000000002,1.4000000000000001,8.3,-22.3,-13.9,-8.1,16
11283,188961.0,0.5,-0.8,-1.1,1.3,1.6,8.5,-17.200000000000003,-9.3,-6.3,16
11284,188979.0,0.0,-0.5,-1.0,0.9,1.8,8.5,-12.8,-10.4,-5.8,16
11285,189007.0,-0.5,-0.1,-1.1,0.6000000000000001,2.1,8.4,-9.3,-18.900000000000002,-7.0,16
11286,189011.0,-0.5,-0.1,-1.1,0.6000000000000001,2.1,8.4,-9.3,-18.900000000000002,-7.0,16
11287,189028.0,-0.6000000000000001,0.0,-1.1,0.5,2.1,8.4,-10.4,-22.3,-10.9,16
11288,189044.0,-0.7000000000000001,0.1,-0.9,0.5,2.2,8.6,-13.8,-26.500000000000004,-16.0,16
11289,189061.0,-0.7000000000000001,0.1,-0.7000000000000001,0.5,2.2,8.8,-21.6,-32.2,-20.8,16
11290,189078.0,-0.7000000000000001,0.2,-0.6000000000000001,0.7000000000000001,2.1,9.0,-28.900000000000002,-34.50000000000001,-23.5,16
11291,189094.0,-0.5,0.1,-0.30000000000000004,0.8,2.0,9.200000000000001,-32.4,-30.200000000000003,-24.8,16
11292,189112.0,-0.5,0.1,-0.1,0.8,1.9000000000000001,9.600000000000001,-30.9,-22.1,-26.1,16
11293,189128.0,-0.7000000000000001,0.2,0.4,0.7000000000000001,1.9000000000000001,10.0,-25.700000000000003,-13.4,-26.700000000000003,16
11294,189145.0,-0.9,0.2,0.7000000000000001,0.6000000000000001,1.9000000000000001,10.200000000000001,-17.8,-6.2,-27.5,16
11295,189161.0,-0.9,0.2,0.7000000000000001,0.5,1.9000000000000001,10.3,-10.1,-1.0999999999999999,-30.000000000000004,16
11296,189178.0,-1.1,0.2,0.7000000000000001,0.30000000000000004,1.9000000000000001,10.200000000000001,-4.6000000000000005,0.4,-32.800000000000004,16
11297,189194.0,-1.2000000000000002,0.2,0.7000000000000001,0.30000000000000004,1.9000000000000001,10.200000000000001,-4.6000000000000005,0.4,-32.800000000000004,16
11298,189211.0,-1.3,0.30000000000000004,0.5,0.1,2.0,10.0,-2.7,-1.2000000000000002,-33.400000000000006,16
11299,189228.0,-1.3,0.30000000000000004,0.5,0.1,2.0,10.100000000000001,-4.0,-0.8,-30.7,16
11300,189244.0,-1.2000000000000002,0.2,0.7000000000000001,0.1,2.0,10.3,-5.9,0.1,-27.8,16
11301,189262.0,-1.2000000000000002,0.2,0.9,0.0,1.9000000000000001,10.4,-5.7,1.0999999999999999,-25.0,16
11302,189279.0,-1.3,0.1,1.0,0.0,1.8,10.600000000000001,-2.9,3.9,-22.8,16
11303,189294.0,-1.4000000000000001,0.1,1.2000000000000002,-0.2,1.8,10.8,1.5000000000000002,7.2,-21.400000000000002,16
11304,189312.0,-1.5,0.1,1.3,-0.30000000000000004,1.9000000000000001,11.200000000000001,5.9,9.5,-20.900000000000002,16
11305,189328.0,-1.4000000000000001,0.1,1.9000000000000001,-0.2,1.9000000000000001,11.700000000000001,5.7,4.800000000000001,-21.3,16
11306,189345.0,-1.1,0.30000000000000004,2.2,0.1,2.1,11.8,1.8,-2.6,-21.1,16
11307,189362.0,-0.7000000000000001,0.30000000000000004,2.0,0.4,2.1,11.700000000000001,-4.0,-4.5,-19.200000000000003,16
11308,189378.0,-0.6000000000000001,0.30000000000000004,1.9000000000000001,0.5,2.1,11.4,-8.799999999999999,0.1,-16.6,16
11309,189395.0,-0.5,0.30000000000000004,1.5,0.6000000000000001,2.0,11.100000000000001,-10.3,9.0,-12.3,16
11310,189411.0,-0.5,0.1,1.3,0.5,1.9000000000000001,11.0,-8.200000000000001,20.7,-7.1000000000000005,16
11311,189428.0,-0.5,0.0,1.2000000000000002,0.5,1.7000000000000002,10.9,-4.800000000000001,28.0,-3.4,16
11312,189445.0,-0.4,-0.2,1.1,0.5,1.5,10.8,-2.3000000000000003,27.900000000000002,-2.3000000000000003,16
11313,189462.0,-0.1,-0.4,1.0,0.7000000000000001,1.3,10.700000000000001,0.4,23.400000000000002,-2.6,16
11314,189478.0,0.2,-0.5,0.9,1.1,1.1,10.600000000000001,3.8,18.400000000000002,-4.300000000000001,16
11315,189495.0,0.8,-0.7000000000000001,0.6000000000000001,1.6,1.0,10.200000000000001,5.500000000000001,12.200000000000001,-7.1000000000000005,16
11316,189511.0,1.2000000000000002,-0.8,0.1,1.9000000000000001,0.9,9.8,4.800000000000001,8.600000000000001,-9.9,16
11317,189528.0,1.5,-0.8,-0.2,2.2,0.9,9.4,2.3000000000000003,8.799999999999999,-11.2,16
11318,189545.0,1.7000000000000002,-0.9,-0.4,2.4000000000000004,0.9,9.3,-1.4,10.4,-11.000000000000002,16
11319,189562.0,2.0,-0.9,-0.6000000000000001,2.6,0.8,9.1,-5.1,11.5,-9.200000000000001,16
11320,189587.0,2.1,-0.8,-0.8,2.7,0.8,8.9,-7.400000000000001,12.6,-6.7,16
11321,189594.0,2.2,-0.8,-1.0,2.7,0.9,8.700000000000001,-7.6,13.9,-3.7000000000000006,16
11322,189612.0,2.3000000000000003,-0.7000000000000001,-1.2000000000000002,2.8000000000000003,0.9,8.5,-5.7,14.800000000000002,-1.4,16
11323,189628.0,2.2,-0.7000000000000001,-1.3,2.5,1.0,8.3,-1.0,15.000000000000002,0.4,16
11324,189645.0,1.8,-0.5,-1.5,2.2,1.2000000000000002,8.200000000000001,4.1000000000000005,12.3,3.0000000000000004,16
11325,189662.0,1.3,-0.2,-1.8,1.8,1.4000000000000001,8.0,7.2,5.9,5.7,16
11326,189678.0,1.0,0.0,-1.8,1.2000000000000002,1.8,7.9,7.6,-0.5,7.8,16
11327,189695.0,0.5,0.2,-1.8,1.0,1.9000000000000001,7.9,4.800000000000001,-9.3,7.300000000000001,16
11328,189711.0,0.30000000000000004,0.30000000000000004,-1.8,0.8,2.0,7.9,-1.5000000000000002,-17.400000000000002,4.1000000000000005,16
11329,189728.0,0.0,0.4,-1.8,0.5,2.2,7.800000000000001,-7.2,-22.1,1.0,16
11330,189745.0,-0.4,0.6000000000000001,-1.9000000000000001,0.2,2.2,7.800000000000001,-11.3,-22.8,-0.9,16
11331,189762.0,-0.7000000000000001,0.6000000000000001,-1.8,0.0,2.2,7.9,-14.3,-20.6,-2.0,16
11332,189778.0,-1.0,0.5,-1.5,-0.2,2.1,8.1,-16.2,-18.6,-3.2,16
11333,189794.0,-1.2000000000000002,0.5,-1.4000000000000001,-0.5,2.0,8.3,-16.700000000000003,-17.400000000000002,-3.7000000000000006,16
11334,189811.0,-1.5,0.4,-1.1,-0.7000000000000001,1.9000000000000001,8.6,-17.400000000000002,-19.400000000000002,-3.5,16
11335,189828.0,-1.7000000000000002,0.4,-0.8,-0.8,1.8,8.8,-19.0,-22.6,-3.1,16
11336,189844.0,-1.7000000000000002,0.4,-0.7000000000000001,-0.8,1.7000000000000002,9.0,-20.4,-26.1,-1.6,16
11337,189861.0,-1.7000000000000002,0.4,-0.30000000000000004,-0.7000000000000001,1.7000000000000002,9.4,-20.7,-27.400000000000002,1.2000000000000002,16
11338,189878.0,-1.7000000000000002,0.4,0.2,-0.6000000000000001,1.7000000000000002,9.8,-19.8,-27.2,6.1000000000000005,16
11339,189894.0,-1.6,0.4,0.30000000000000004,-0.4,1.7000000000000002,10.0,-17.3,-25.1,12.000000000000002,16
11340,189911.0,-1.5,0.4,0.4,-0.30000000000000004,1.6,10.0,-12.000000000000002,-19.200000000000003,17.9,16
11341,189928.0,-1.4000000000000001,0.5,0.5,-0.1,1.7000000000000002,10.100000000000001,-4.2,-10.4,23.1,16
11342,189944.0,-1.3,0.5,0.5,0.1,1.7000000000000002,10.200000000000001,4.1000000000000005,-1.7,25.8,16
11343,189961.0,-1.1,0.6000000000000001,0.6000000000000001,0.2,1.8,10.200000000000001,9.9,4.6000000000000005,25.700000000000003,16
11344,189990.0,-0.9,0.9,0.6000000000000001,0.4,2.1,10.3,11.3,10.9,23.3,16
11345,189994.0,-0.9,0.9,0.6000000000000001,0.4,2.1,10.3,11.3,10.9,23.3,16
11346,190017.0,-0.1,0.8,1.0,0.8,2.1,10.5,8.600000000000001,10.2,21.400000000000002,16
11347,190028.0,0.30000000000000004,0.7000000000000001,1.1,1.5,2.0,10.8,2.9,7.300000000000001,18.0,16
11348,190044.0,0.6000000000000001,0.6000000000000001,1.2000000000000002,2.0,1.9000000000000001,10.9,-1.4,7.400000000000001,14.0,16
11349,190063.0,1.2000000000000002,0.5,1.2000000000000002,2.4000000000000004,1.8,10.8,-1.7,13.700000000000001,10.5,16
11350,190081.0,1.3,0.5,1.0,2.3000000000000003,1.8,10.700000000000001,1.9,24.9,8.4,16
11351,190094.0,1.0,0.6000000000000001,1.0,1.8,2.0,11.0,8.9,33.6,8.4,16
11352,190113.0,0.7000000000000001,0.8,1.9000000000000001,1.6,2.1,11.700000000000001,9.700000000000001,29.1,8.200000000000001,16
11353,190128.0,0.8,0.9,2.1,1.7000000000000002,2.2,11.8,7.500000000000001,18.0,6.9,16
11354,190144.0,1.0,0.9,2.1,2.0,2.2,11.8,5.6,9.1,3.5,16
11355,190164.0,1.4000000000000001,0.8,2.0,2.3000000000000003,2.2,11.700000000000001,3.6,6.3,-0.1,16
11356,190181.0,1.3,0.8,1.8,2.1,2.2,11.5,4.2,8.5,-1.2000000000000002,16
11357,190194.0,1.2000000000000002,0.7000000000000001,1.8,1.9000000000000001,2.2,11.700000000000001,7.2,10.8,0.1,16
11358,190211.0,1.0,0.7000000000000001,2.2,1.8,2.1,12.0,12.6,9.1,3.0000000000000004,16
11359,190228.0,1.2000000000000002,0.5,2.2,2.0,1.9000000000000001,11.9,19.3,4.5,4.3999999999999995,16
11360,190246.0,1.7000000000000002,-0.2,1.4000000000000001,2.5,1.5,11.3,25.3,1.7,2.1999999999999997,16
11361,190261.0,1.8,-0.5,0.9,2.5,1.1,10.3,29.300000000000004,3.4,-2.9,16
11362,190284.0,1.5,-0.8,-0.1,1.7000000000000002,0.7000000000000001,8.700000000000001,30.7,11.5,-4.6000000000000005,16
11363,190294.0,1.2000000000000002,-1.0,-0.6000000000000001,1.7000000000000002,0.7000000000000001,8.700000000000001,30.7,11.5,-4.6000000000000005,16
11364,190312.0,0.7000000000000001,-1.3,-1.5,1.3,0.5,8.1,30.200000000000003,17.1,-3.5,16
11365,190328.0,0.30000000000000004,-1.6,-2.0,0.9,0.30000000000000004,7.7,27.8,16.8,-3.9,16
11366,190344.0,0.0,-1.8,-2.1,0.7000000000000001,0.30000000000000004,7.5,23.1,13.0,-5.1,16
11367,190361.0,0.0,-1.9000000000000001,-2.1,0.5,0.2,7.6000000000000005,15.5,5.500000000000001,-6.9,16
11368,190384.0,0.0,-2.0,-1.8,0.5,0.1,7.800000000000001,7.400000000000001,-4.5,-9.1,16
11369,190395.0,0.1,-2.0,-1.6,0.5,0.1,7.800000000000001,-0.6000000000000001,-14.600000000000001,-10.700000000000001,16
11370,190411.0,0.2,-2.0,-1.4000000000000001,1.1,0.0,8.3,-7.699999999999999,-23.5,-11.4,16
11371,190428.0,0.7000000000000001,-2.0,-1.2000000000000002,1.5,0.0,8.4,-12.9,-27.6,-12.000000000000002,16
11372,190444.0,0.8,-2.0,-1.2000000000000002,1.5,0.0,8.4,-12.9,-27.6,-12.000000000000002,16
11373,190464.0,0.5,-1.5,-1.2000000000000002,1.5,0.4,8.4,-17.3,-21.0,-9.8,16
11374,190483.0,0.0,-1.1,-1.4000000000000001,1.1,0.6000000000000001,8.200000000000001,-13.5,-12.200000000000001,-5.300000000000001,16
11375,190494.0,-0.2,-1.0,-1.3,0.7000000000000001,0.8,8.3,-8.600000000000001,-4.7,-0.6000000000000001,16
11376,190511.0,-0.5,-0.9,-1.2000000000000002,0.2,1.1,8.3,-6.2,-4.6000000000000005,2.7,16
11377,190528.0,-0.9,-0.5,-1.3,0.0,1.3,8.3,-4.5,-7.699999999999999,5.500000000000001,16
11378,190545.0,-1.0,-0.4,-1.3,-0.1,1.4000000000000001,8.200000000000001,-4.0,-12.3,6.8,16
11379,190563.0,-1.1,-0.2,-1.3,-0.1,1.5,8.3,-5.0,-16.0,5.8,16
11380,190582.0,-1.2000000000000002,-0.1,-1.2000000000000002,-0.1,1.6,8.3,-5.7,-18.8,3.7000000000000006,16
11381,190595.0,-1.2000000000000002,0.0,-1.0,-0.1,1.8,8.6,-6.9,-20.6,1.3,16
11382,190611.0,-1.2000000000000002,0.2,-0.5,0.0,1.9000000000000001,8.9,-9.9,-23.6,-1.5000000000000002,16
11383,190628.0,-1.1,0.30000000000000004,-0.30000000000000004,0.2,1.9000000000000001,9.4,-14.0,-26.200000000000003,-4.6000000000000005,16
11384,190646.0,-0.8,0.2,0.1,0.6000000000000001,1.8,9.700000000000001,-17.200000000000003,-26.0,-8.200000000000001,16
11385,190661.0,-0.5,0.2,0.4,0.9,1.7000000000000002,9.9,-18.6,-22.2,-12.700000000000001,16
11386,190681.0,-0.4,0.2,0.6000000000000001,1.0,1.7000000000000002,10.3,-18.0,-16.5,-16.8,16
11387,190697.0,-0.4,0.2,0.6000000000000001,1.0,1.7000000000000002,10.3,-18.0,-16.5,-16.8,16
11388,190713.0,-0.6000000000000001,0.1,1.2000000000000002,0.8,1.6,10.700000000000001,-13.5,-4.800000000000001,-20.8,16
11389,190728.0,-0.8,0.1,1.2000000000000002,0.5,1.6,10.8,-9.3,1.0,-19.6,16
11390,190744.0,-1.0,0.1,1.3,0.30000000000000004,1.6,10.9,-3.8,5.2,-16.400000000000002,16
11391,190761.0,-1.2000000000000002,0.1,1.5,0.2,1.5,11.0,1.9,7.1000000000000005,-13.200000000000001,16
11392,190782.0,-1.2000000000000002,0.0,1.3,0.2,1.5,10.9,7.300000000000001,7.8,-11.2,16
11393,190797.0,-1.2000000000000002,0.1,1.3,0.0,1.6,10.8,11.4,8.1,-9.600000000000001,16
11394,190814.0,-1.4000000000000001,0.2,1.4000000000000001,-0.2,1.7000000000000002,11.0,13.4,7.1000000000000005,-7.400000000000001,16
11395,190828.0,-1.4000000000000001,0.2,1.7000000000000002,-0.2,1.8,11.600000000000001,10.600000000000001,-0.5,-6.2,16
11396,190844.0,-1.2000000000000002,0.30000000000000004,2.4000000000000004,0.2,1.9000000000000001,12.100000000000001,2.8,-12.5,-5.9,16
11397,190861.0,-0.5,0.30000000000000004,2.8000000000000003,0.9,1.9000000000000001,12.4,-6.9,-21.5,-5.8,16
11398,190884.0,0.1,0.30000000000000004,2.6,1.4000000000000001,1.8,12.3,-16.2,-20.6,-6.6000000000000005,16
11399,190895.0,0.1,0.30000000000000004,2.2,1.4000000000000001,1.7000000000000002,11.9,-21.900000000000002,-5.300000000000001,-4.1000000000000005,16
11400,190911.0,-0.1,0.0,2.3000000000000003,1.2000000000000002,1.4000000000000001,11.9,-18.6,8.1,1.4,16
11401,190928.0,0.0,-0.1,1.9000000000000001,1.4000000000000001,1.1,11.600000000000001,-5.4,26.3,6.9,16
11402,190944.0,0.1,-0.5,2.0,1.4000000000000001,0.8,11.700000000000001,7.300000000000001,34.6,8.9,16
11403,190961.0,0.6000000000000001,-0.9,1.7000000000000002,1.8,0.5,11.3,16.400000000000002,30.299999999999997,6.5,16
11404,190996.0,1.4000000000000001,-1.0,0.1,2.4000000000000004,0.5,9.600000000000001,29.1,28.0,0.1,16
11405,191012.0,1.7000000000000002,-1.1,-0.8,2.7,0.5,8.9,29.000000000000004,28.500000000000004,-3.1,16
11406,191028.0,2.0,-1.1,-1.4000000000000001,2.8000000000000003,0.6000000000000001,8.3,23.1,27.5,-5.6,16
11407,191044.0,2.0,-1.1,-1.7000000000000002,2.8000000000000003,0.6000000000000001,7.9,15.2,26.0,-5.8,16
11408,191061.0,2.0,-1.1,-2.1,2.7,0.7000000000000001,7.6000000000000005,7.2,25.2,-4.2,16
11409,191085.0,1.8,-1.0,-2.2,2.5,0.8,7.5,0.0,22.8,-1.5000000000000002,16
11410,191095.0,1.7000000000000002,-0.9,-2.3000000000000003,2.2,0.8,7.5,-6.4,18.6,2.4000000000000004,16
11411,191111.0,1.4000000000000001,-0.7000000000000001,-2.2,2.0,1.0,7.5,-9.200000000000001,13.200000000000001,7.2,16
11412,191128.0,1.1,-0.6000000000000001,-1.9000000000000001,1.7000000000000002,1.1,7.800000000000001,-9.5,7.1000000000000005,11.5,16
11413,191144.0,1.0,-0.5,-1.7000000000000002,1.5,1.3,8.1,-9.8,-3.3000000000000003,14.0,16
11414,191163.0,0.6000000000000001,-0.2,-1.3,1.2000000000000002,1.5,8.4,-9.0,-13.100000000000001,14.600000000000001,16
11415,191184.0,0.4,0.0,-1.2000000000000002,1.1,1.6,8.5,-7.0,-20.900000000000002,13.0,16
11416,191194.0,0.30000000000000004,0.1,-1.2000000000000002,1.0,1.7000000000000002,8.5,-5.6,-24.9,10.5,16
11417,191212.0,0.0,0.30000000000000004,-1.2000000000000002,0.7000000000000001,1.9000000000000001,8.4,-5.4,-24.400000000000002,9.600000000000001,16
11418,191228.0,-0.4,0.4,-1.2000000000000002,0.5,1.9000000000000001,8.4,-6.7,-21.8,9.5,16
11419,191245.0,-0.6000000000000001,0.4,-1.2000000000000002,0.30000000000000004,1.9000000000000001,8.4,-8.700000000000001,-18.400000000000002,9.9,16
11420,191261.0,-0.9,0.30000000000000004,-1.0,0.0,1.8,8.6,-11.9,-16.700000000000003,10.4,16
11421,191278.0,-1.1,0.2,-0.8,-0.1,1.7000000000000002,8.8,-15.299999999999999,-17.5,11.000000000000002,16
11422,191295.0,-1.2000000000000002,0.2,-0.7000000000000001,-0.1,1.5,8.9,-16.700000000000003,-18.1,12.100000000000001,16
11423,191311.0,-1.2000000000000002,0.1,-0.5,-0.1,1.4000000000000001,9.1,-15.000000000000002,-17.200000000000003,13.9,16
11424,191329.0,-1.2000000000000002,0.0,-0.30000000000000004,0.0,1.3,9.3,-11.5,-15.9,16.3,16
11425,191344.0,-1.2000000000000002,0.1,-0.2,0.1,1.4000000000000001,9.5,-7.2,-14.900000000000002,19.6,16
11426,191361.0,-1.2000000000000002,0.2,0.0,0.1,1.5,9.600000000000001,-2.4000000000000004,-14.100000000000001,24.200000000000003,16
11427,191378.0,-1.0,0.4,0.0,0.30000000000000004,1.6,9.600000000000001,2.5,-11.700000000000001,28.200000000000003,16
11428,191396.0,-0.8,0.5,0.0,0.6000000000000001,1.8,9.600000000000001,6.3,-8.799999999999999,29.500000000000004,16
11429,191411.0,-0.7000000000000001,0.6000000000000001,0.0,0.7000000000000001,1.9000000000000001,9.600000000000001,8.4,-4.6000000000000005,28.700000000000003,16
11430,191428.0,-0.7000000000000001,0.9,0.0,0.7000000000000001,2.2,9.600000000000001,9.200000000000001,-0.2,27.7,16
11431,191445.0,-0.7000000000000001,1.0,0.0,0.7000000000000001,2.4000000000000004,9.600000000000001,8.5,3.9,27.0,16
11432,191461.0,-0.6000000000000001,1.1,0.2,0.9,2.4000000000000004,9.8,5.300000000000001,5.2,25.3,16
11433,191479.0,-0.4,1.1,0.5,1.1,2.5,10.100000000000001,1.5000000000000002,4.300000000000001,22.6,16
11434,191497.0,0.1,1.0,0.9,1.4000000000000001,2.3000000000000003,10.4,-2.1999999999999997,2.6,19.0,16
11435,191512.0,0.30000000000000004,1.0,1.0,1.8,2.2,10.700000000000001,-5.8,0.30000000000000004,15.5,16
11436,191528.0,0.8,0.8,1.4000000000000001,2.3000000000000003,2.1,11.0,-7.6,-0.5,12.6,16
11437,191544.0,1.2000000000000002,0.7000000000000001,1.4000000000000001,2.6,1.9000000000000001,11.0,-6.9,3.5,9.8,16
11438,191562.0,1.3,0.6000000000000001,1.3,2.5,2.0,10.8,-1.0,12.5,7.9,16
11439,191579.0,0.7000000000000001,0.8,1.1,1.9000000000000001,2.2,10.700000000000001,9.3,25.1,8.4,16
11440,191595.0,0.30000000000000004,0.9,1.1,1.2000000000000002,2.3000000000000003,11.3,9.3,25.1,8.4,16
11441,191611.0,-0.2,1.0,2.1,1.1,2.4000000000000004,11.8,12.8,14.0,10.700000000000001,16
11442,191628.0,0.2,0.9,1.9000000000000001,1.4000000000000001,2.3000000000000003,11.5,6.8,2.6,10.2,16
11443,191644.0,0.4,0.7000000000000001,1.6,1.6,2.1,11.3,6.5,-0.4,9.5,16
11444,191661.0,0.5,0.5,1.6,1.8,1.9000000000000001,11.200000000000001,8.600000000000001,6.6000000000000005,8.9,16
11445,191678.0,0.6000000000000001,0.30000000000000004,1.2000000000000002,1.7000000000000002,1.7000000000000002,10.9,13.5,14.3,8.700000000000001,16
11446,191696.0,0.6000000000000001,0.1,1.0,1.7000000000000002,1.7000000000000002,10.9,13.5,14.3,8.700000000000001,16
11447,191711.0,0.5,-0.1,0.8,1.6,1.3,10.4,19.200000000000003,24.000000000000004,5.4,16
11448,191728.0,0.7000000000000001,-0.4,0.4,1.7000000000000002,1.2000000000000002,10.100000000000001,18.1,22.7,3.9,16
11449,191745.0,0.8,-0.6000000000000001,0.2,1.8,1.1,9.9,18.7,21.8,4.300000000000001,16
11450,191762.0,1.2000000000000002,-0.8,0.1,2.1,0.9,9.8,18.8,20.3,4.800000000000001,16
11451,191779.0,1.4000000000000001,-0.9,0.0,2.4000000000000004,0.8,9.700000000000001,18.6,18.1,4.300000000000001,16
11452,191795.0,1.8,-1.1,-0.30000000000000004,2.6,0.7000000000000001,9.4,18.3,17.0,3.0000000000000004,16
11453,191813.0,1.9000000000000001,-1.2000000000000002,-0.8,2.7,0.7000000000000001,8.9,17.599999999999998,17.400000000000002,1.0999999999999999,16
11454,191829.0,1.9000000000000001,-1.2000000000000002,-1.1,2.6,0.7000000000000001,8.5,17.599999999999998,20.1,-0.4,16
11455,191844.0,1.7000000000000002,-1.2000000000000002,-1.5,2.4000000000000004,0.7000000000000001,8.1,17.400000000000002,23.1,-1.4,16
11456,191861.0,1.6,-1.2000000000000002,-1.7000000000000002,2.1,0.8,7.800000000000001,16.400000000000002,24.3,-2.4000000000000004,16
11457,191878.0,1.4000000000000001,-1.2000000000000002,-1.9000000000000001,1.9000000000000001,0.9,7.7,14.3,22.3,-3.6,16
11458,191894.0,1.3,-1.1,-1.9000000000000001,1.8,1.0,7.800000000000001,8.799999999999999,15.000000000000002,-6.1000000000000005,16
11459,191911.0,1.3,-1.1,-1.8,1.8,1.0,7.800000000000001,0.7,4.2,-10.3,16
11460,191928.0,1.3,-1.0,-1.7000000000000002,1.8,1.0,7.9,-8.799999999999999,-7.6,-15.2,16
11461,191944.0,1.3,-1.0,-1.8,1.8,1.0,7.800000000000001,-17.9,-16.1,-18.2,16
11462,191964.0,1.1,-0.9,-1.8,1.5,1.1,7.800000000000001,-24.3,-18.900000000000002,-17.9,16
11463,191978.0,0.6000000000000001,-0.7000000000000001,-1.7000000000000002,1.1,1.2000000000000002,8.0,-26.3,-16.3,-14.100000000000001,16
11464,191996.0,0.2,-0.5,-1.2000000000000002,0.9,1.3,8.5,-25.3,-16.0,-10.2,16
11465,192011.0,0.1,-0.4,-0.7000000000000001,0.8,1.3,8.9,-21.900000000000002,-19.6,-8.700000000000001,16
11466,192028.0,0.0,-0.30000000000000004,-0.6000000000000001,0.8,1.4000000000000001,9.1,-17.7,-25.8,-10.4,16
11467,192044.0,0.0,-0.1,-0.30000000000000004,0.9,1.5,9.3,-15.6,-33.0,-13.3,16
11468,192062.0,0.2,-0.1,-0.30000000000000004,1.2000000000000002,1.5,9.3,-16.6,-38.800000000000004,-16.900000000000002,16
11469,192078.0,0.30000000000000004,-0.1,-0.30000000000000004,1.5,1.5,9.3,-19.400000000000002,-38.7,-19.8,16
11470,192094.0,0.4,0.0,-0.2,1.6,1.5,9.4,-22.1,-35.199999999999996,-21.5,16
11471,192111.0,0.4,0.0,-0.1,1.6,1.4000000000000001,9.4,-24.400000000000002,-28.8,-23.2,16
11472,192128.0,0.30000000000000004,0.0,-0.1,1.4000000000000001,1.4000000000000001,9.5,-24.200000000000003,-21.200000000000003,-25.5,16
11473,192144.0,-0.1,0.1,0.0,1.2000000000000002,1.3,9.600000000000001,-21.700000000000003,-14.100000000000001,-28.700000000000003,16
11474,192161.0,-0.6000000000000001,0.1,0.0,0.8,1.3,9.600000000000001,-19.0,-9.4,-32.300000000000004,16
11475,192178.0,-0.8,0.1,-0.1,0.4,1.3,9.5,-17.0,-7.0,-35.1,16
11476,192195.0,-1.3,0.1,-0.1,0.0,1.3,9.5,-15.399999999999999,-6.4,-36.5,16
11477,192211.0,-1.4000000000000001,0.1,0.0,0.0,1.3,9.5,-15.399999999999999,-6.4,-36.5,16
11478,192228.0,-1.5,0.0,0.1,-0.2,1.1,9.8,-15.299999999999999,-10.700000000000001,-37.1,16
11479,192244.0,-1.4000000000000001,0.0,0.4,0.0,1.0,10.0,-14.800000000000002,-12.3,-35.6,16
11480,192262.0,-1.3,-0.1,0.5,0.1,1.0,10.200000000000001,-14.100000000000001,-12.8,-34.2,16
11481,192279.0,-1.4000000000000001,-0.1,0.9,0.0,0.9,10.4,-13.5,-12.4,-31.8,16
11482,192296.0,-1.4000000000000001,-0.1,1.0,-0.1,0.9,10.700000000000001,-12.200000000000001,-12.4,-28.0,16
11483,192311.0,-1.6,-0.1,1.2000000000000002,-0.2,0.9,10.8,-9.200000000000001,-11.2,-23.3,16
11484,192329.0,-1.7000000000000002,0.0,1.5,-0.2,1.0,11.100000000000001,-4.300000000000001,-8.3,-19.0,16
11485,192344.0,-1.8,0.1,1.6,-0.5,1.2000000000000002,11.3,3.2,-6.000000000000001,-15.2,16
11486,192362.0,-2.0,0.30000000000000004,1.8,-0.5,1.2000000000000002,11.3,3.2,-6.000000000000001,-15.2,16
11487,192378.0,-1.8,0.4,1.7000000000000002,-0.4,1.5,11.3,15.100000000000001,-3.7000000000000006,-10.1,16
11488,192394.0,-1.8,0.5,1.6,-0.4,1.7000000000000002,11.3,20.2,1.8,-10.9,16
11489,192412.0,-1.8,0.6000000000000001,1.9000000000000001,-0.4,1.8,11.600000000000001,21.3,-0.2,-12.700000000000001,16
11490,192428.0,-1.4000000000000001,0.8,2.1,-0.1,2.1,11.700000000000001,14.600000000000001,-7.0,-12.700000000000001,16
11491,192444.0,-1.2000000000000002,0.8,1.8,0.4,2.1,11.200000000000001,12.6,-6.8,-9.4,16
11492,192462.0,-0.8,0.8,1.0,0.6000000000000001,2.1,10.8,12.4,7.1000000000000005,-8.0,16
11493,192478.0,-0.7000000000000001,0.7000000000000001,1.2000000000000002,0.6000000000000001,2.1,10.8,15.8,15.6,-7.1000000000000005,16
11494,192494.0,-0.6000000000000001,0.6000000000000001,1.1,0.7000000000000001,2.0,11.0,16.6,20.5,-7.400000000000001,16
11495,192511.0,-0.5,0.4,1.2000000000000002,0.8,1.8,11.0,17.8,18.900000000000002,-9.9,16
11496,192528.0,0.0,0.0,1.4000000000000001,1.2000000000000002,1.6,11.100000000000001,12.6,11.4,-15.000000000000002,16
11497,192544.0,0.30000000000000004,-0.1,1.1,1.5,1.4000000000000001,10.5,6.5,8.799999999999999,-17.3,16
11498,192561.0,0.6000000000000001,-0.4,0.30000000000000004,1.7000000000000002,1.2000000000000002,9.9,7.300000000000001,17.400000000000002,-15.5,16
11499,192578.0,0.7000000000000001,-0.7000000000000001,0.1,1.7000000000000002,0.9,9.8,11.3,29.500000000000004,-13.700000000000001,16
11500,192594.0,0.6000000000000001,-0.8,0.2,1.5,0.9,10.0,14.100000000000001,33.0,-12.8,16
11501,192611.0,0.8,-0.8,0.4,1.7000000000000002,0.8,10.200000000000001,14.3,28.200000000000003,-12.000000000000002,16
11502,192628.0,1.3,-1.0,0.30000000000000004,2.2,0.7000000000000001,10.0,13.0,20.3,-12.3,16
11503,192644.0,1.7000000000000002,-1.2000000000000002,0.1,2.7,0.5,9.600000000000001,10.8,16.700000000000003,-14.200000000000001,16
11504,192661.0,2.2,-1.3,-0.4,2.9000000000000004,0.5,9.3,7.9,18.6,-15.5,16
11505,192678.0,2.1,-1.2000000000000002,-0.6000000000000001,2.7,0.6000000000000001,9.1,5.0,22.8,-14.0,16
11506,192694.0,1.9000000000000001,-1.1,-0.7000000000000001,2.3000000000000003,0.7000000000000001,9.0,2.3000000000000003,25.2,-8.9,16
11507,192711.0,1.6,-1.0,-0.8,2.0,0.8,8.9,0.7,24.000000000000004,-2.1,16
11508,192728.0,1.4000000000000001,-1.0,-0.9,1.8,0.7000000000000001,8.8,0.6000000000000001,19.700000000000003,3.5,16
11509,192744.0,1.1,-1.0,-1.0,1.6,0.8,8.700000000000001,2.1,12.3,7.300000000000001,16
11510,192761.0,0.9,-0.9,-1.2000000000000002,1.2000000000000002,0.9,8.4,5.1,8.3,11.1,16
11511,192778.0,0.4,-0.9,-1.6,0.8,1.0,8.0,9.4,6.5,15.100000000000001,16
11512,192794.0,0.2,-0.8,-1.8,0.4,1.2000000000000002,7.7,14.900000000000002,6.7,19.200000000000003,16
11513,192811.0,-0.30000000000000004,-0.6000000000000001,-2.1,0.0,1.3,7.4,19.0,7.0,23.5,16
11514,192828.0,-0.8,-0.5,-2.3000000000000003,-0.4,1.5,7.300000000000001,20.4,4.300000000000001,27.7,16
11515,192844.0,-1.2000000000000002,-0.2,-2.3000000000000003,-0.8,1.7000000000000002,7.2,17.200000000000003,-0.2,31.7,16
11516,192861.0,-1.3,-0.1,-2.4000000000000004,-0.9,1.9000000000000001,7.2,11.000000000000002,-3.9,34.800000000000004,16
11517,192878.0,-1.5,0.0,-2.4000000000000004,-1.1,2.0,7.2,5.0,-7.400000000000001,36.5,16
11518,192894.0,-1.6,0.1,-2.3000000000000003,-1.1,2.0,7.2,-0.2,-11.000000000000002,37.900000000000006,16
11519,192911.0,-1.9000000000000001,0.2,-1.9000000000000001,-1.4000000000000001,2.3000000000000003,7.800000000000001,-4.7,-16.2,38.800000000000004,16
11520,192928.0,-2.0,0.5,-1.3,-1.4000000000000001,2.5,8.4,-9.700000000000001,-23.2,39.2,16
11521,192944.0,-1.9000000000000001,0.7000000000000001,-0.6000000000000001,-1.2000000000000002,2.6,8.9,-14.900000000000002,-30.7,38.5,16
11522,192963.0,-1.4000000000000001,0.8,0.1,-0.6000000000000001,2.6,9.5,-18.400000000000002,-33.5,36.3,16
11523,192997.0,-1.0,1.0,0.7000000000000001,0.0,2.8000000000000003,10.200000000000001,-12.3,-21.0,30.4,16
11524,193011.0,-1.0,1.1,0.8,0.0,3.0,10.4,-4.9,-11.8,29.800000000000004,16
11525,193027.0,-0.7000000000000001,1.3,1.0,0.2,3.0,10.5,3.1,-0.1,29.000000000000004,16
11526,193044.0,-0.8,1.3,0.6000000000000001,0.30000000000000004,3.1,10.100000000000001,5.0,10.700000000000001,28.0,16
11527,193061.0,-0.8,1.3,0.5,0.5,3.0,10.3,0.4,11.2,26.200000000000003,16
11528,193081.0,-0.30000000000000004,1.1,0.9,0.8,2.9000000000000004,10.4,-2.0,12.000000000000002,23.6,16
11529,193094.0,0.2,1.0,1.1,1.2000000000000002,2.8000000000000003,10.700000000000001,-4.300000000000001,10.3,20.6,16
11530,193111.0,0.5,1.0,1.1,1.8,2.8000000000000003,10.700000000000001,-4.300000000000001,7.9,17.1,16
11531,193128.0,1.2000000000000002,1.0,1.1,2.3000000000000003,2.7,10.5,-3.0000000000000004,9.9,12.8,16
11532,193145.0,1.7000000000000002,0.9,0.30000000000000004,2.6,2.7,9.8,2.1,18.900000000000002,8.799999999999999,16
11533,193161.0,1.2000000000000002,1.1,-0.6000000000000001,2.1,2.9000000000000004,9.0,10.9,31.6,5.9,16
11534,193180.0,0.5,1.3,-0.7000000000000001,0.9,3.2,9.0,16.400000000000002,40.4,4.300000000000001,16
11535,193194.0,-0.5,1.6,0.30000000000000004,0.1,3.5,10.100000000000001,10.1,28.400000000000002,3.8,16
11536,193211.0,-0.4,1.7000000000000002,1.0,0.2,3.6,10.600000000000001,-5.8,3.0000000000000004,4.800000000000001,16
11537,193228.0,-0.2,1.5,0.9,0.6000000000000001,3.3000000000000003,10.600000000000001,-14.900000000000002,-10.1,4.1000000000000005,16
11538,193245.0,0.5,1.1,1.3,1.2000000000000002,2.9000000000000004,11.0,-17.0,-17.5,-0.1,16
11539,193261.0,0.8,0.9,1.6,1.5,2.7,11.200000000000001,-14.500000000000002,-17.200000000000003,-5.300000000000001,16
11540,193283.0,0.8,0.7000000000000001,2.0,1.6,2.5,11.5,-9.200000000000001,-12.8,-9.9,16
11541,193294.0,1.0,0.5,2.3000000000000003,2.0,2.2,12.0,-5.1,-12.000000000000002,-13.8,16
11542,193311.0,1.8,0.0,2.4000000000000004,2.6,1.7000000000000002,12.100000000000001,-5.2,-12.700000000000001,-17.3,16
11543,193328.0,1.8,-0.30000000000000004,2.3000000000000003,2.8000000000000003,1.4000000000000001,12.0,-4.7,-6.1000000000000005,-18.0,16
11544,193344.0,2.1,-0.4,2.3000000000000003,2.9000000000000004,1.2000000000000002,11.9,2.0,5.6,-16.5,16
11545,193361.0,1.9000000000000001,-0.8,1.7000000000000002,2.7,1.0,11.4,11.700000000000001,18.900000000000002,-12.6,16
11546,193391.0,1.7000000000000002,-1.2000000000000002,0.4,2.3000000000000003,0.6000000000000001,10.0,22.8,36.800000000000004,-11.1,16
11547,193394.0,1.7000000000000002,-1.2000000000000002,0.4,2.3000000000000003,0.6000000000000001,10.0,22.8,36.800000000000004,-11.1,16
11548,193414.0,1.2000000000000002,-1.5,0.2,1.7000000000000002,0.5,9.9,27.5,42.900000000000006,-11.4,16
11549,193429.0,0.7000000000000001,-1.5,-0.4,1.2000000000000002,0.5,9.3,32.300000000000004,41.300000000000004,-10.600000000000001,16
11550,193444.0,0.6000000000000001,-1.6,-0.6000000000000001,0.9,0.5,9.0,32.2,34.50000000000001,-10.600000000000001,16
11551,193461.0,0.4,-1.6,-1.0,0.7000000000000001,0.6000000000000001,8.6,29.500000000000004,26.9,-10.9,16
11552,193479.0,0.4,-1.6,-1.3,0.6000000000000001,0.7000000000000001,8.4,24.400000000000002,16.6,-11.9,16
11553,193494.0,0.4,-1.6,-1.4000000000000001,0.5,0.7000000000000001,8.200000000000001,16.2,5.500000000000001,-12.8,16
11554,193511.0,0.30000000000000004,-1.5,-1.6,0.4,0.8,8.0,6.9,-3.9,-12.100000000000001,16
11555,193530.0,0.1,-1.5,-1.7000000000000002,0.30000000000000004,0.8,7.9,-0.6000000000000001,-10.9,-9.5,16
11556,193544.0,0.1,-1.4000000000000001,-1.9000000000000001,0.30000000000000004,0.9,7.6000000000000005,-4.1000000000000005,-11.3,-5.7,16
11557,193561.0,0.0,-1.4000000000000001,-2.0,0.2,0.9,7.6000000000000005,-4.800000000000001,-7.1000000000000005,-2.1,16
11558,193579.0,-0.4,-1.2000000000000002,-1.9000000000000001,-0.1,1.0,7.7,-3.1,-5.500000000000001,2.0,16
11559,193603.0,-0.5,-1.2000000000000002,-1.8,-0.30000000000000004,1.1,7.800000000000001,-1.3,-6.4,5.6,16
11560,193612.0,-0.6000000000000001,-1.0,-1.6,-0.4,1.2000000000000002,7.9,-0.2,-10.600000000000001,7.8,16
11561,193628.0,-0.7000000000000001,-0.8,-1.4000000000000001,-0.30000000000000004,1.4000000000000001,8.1,-0.6000000000000001,-15.7,9.0,16
11562,193644.0,-0.6000000000000001,-0.7000000000000001,-1.4000000000000001,-0.2,1.6,8.1,-0.6000000000000001,-18.8,8.9,16
11563,193661.0,-0.5,-0.4,-1.3,0.0,1.8,8.200000000000001,0.8,-18.6,7.9,16
11564,193677.0,-0.4,-0.2,-1.0,0.1,2.0,8.4,1.4,-16.400000000000002,6.000000000000001,16
11565,193694.0,-0.30000000000000004,-0.2,-0.9,0.30000000000000004,2.1,8.6,0.8,-16.2,1.8,16
11566,193711.0,-0.2,0.0,-0.7000000000000001,0.30000000000000004,2.2,8.8,0.1,-12.4,-3.7000000000000006,16
11567,193728.0,-0.5,0.2,-0.7000000000000001,0.1,2.4000000000000004,8.8,1.5000000000000002,-3.9,-6.7,16
11568,193745.0,-0.7000000000000001,0.2,-0.6000000000000001,-0.30000000000000004,2.5,8.9,2.5,4.1000000000000005,-9.3,16
11569,193761.0,-1.1,0.4,-0.5,-0.6000000000000001,2.6,9.1,3.1,7.500000000000001,-11.3,16
11570,193785.0,-1.3,0.4,0.0,-0.8,2.6,9.5,-2.4000000000000004,3.0000000000000004,-13.9,16
11571,193798.0,-1.3,0.4,0.6000000000000001,-0.8,2.6,10.0,-9.600000000000001,-4.2,-16.400000000000002,16
11572,193811.0,-1.3,0.4,0.8,-0.8,2.5,10.4,-12.8,-11.700000000000001,-17.400000000000002,16
11573,193828.0,-1.2000000000000002,0.30000000000000004,1.2000000000000002,-0.6000000000000001,2.4000000000000004,10.700000000000001,-12.6,-16.0,-17.400000000000002,16
11574,193845.0,-1.0,0.2,1.3,-0.4,2.3000000000000003,10.8,-9.600000000000001,-14.900000000000002,-16.2,16
11575,193861.0,-0.9,0.1,1.2000000000000002,-0.5,2.2,10.700000000000001,-4.3999999999999995,-9.0,-14.900000000000002,16
11576,193881.0,-1.3,0.2,1.2000000000000002,-0.8,2.3000000000000003,10.700000000000001,2.1,-3.2,-11.9,16
11577,193895.0,-1.4000000000000001,0.30000000000000004,1.1,-1.0,2.5,10.600000000000001,8.4,3.8,-7.6,16
11578,193911.0,-1.5,0.4,1.0,-1.0,2.5,10.5,13.4,11.700000000000001,-5.6,16
11579,193928.0,-1.9000000000000001,0.30000000000000004,1.3,-1.5,2.6,10.9,13.4,13.4,-7.400000000000001,16
11580,193950.0,-2.2,0.4,1.8,-1.7000000000000002,2.8000000000000003,11.8,1.4,-5.500000000000001,-9.1,16
11581,193962.0,-1.6,0.8,2.6,-0.7000000000000001,2.9000000000000004,12.200000000000001,-13.9,-20.5,-6.6000000000000005,16
11582,193992.0,-0.2,0.2,2.3000000000000003,0.5,2.2,11.700000000000001,-5.8,1.3,-5.2,16
11583,193994.0,-0.2,0.2,2.3000000000000003,0.5,2.2,11.700000000000001,-5.8,1.3,-5.2,16
11584,194019.0,-0.1,0.1,1.6,0.4,2.3000000000000003,11.3,5.2,15.7,-6.1000000000000005,16
11585,194029.0,-0.2,0.2,1.5,0.2,2.3000000000000003,11.100000000000001,9.8,20.4,-7.2,16
11586,194044.0,0.1,0.1,1.4000000000000001,0.4,2.3000000000000003,11.0,4.7,17.8,-7.500000000000001,16
11587,194061.0,0.30000000000000004,0.0,1.4000000000000001,0.7000000000000001,2.2,11.0,0.30000000000000004,15.299999999999999,-8.200000000000001,16
11588,194077.0,0.7000000000000001,-0.30000000000000004,1.2000000000000002,1.0,1.9000000000000001,10.8,1.3,14.100000000000001,-9.700000000000001,16
11589,194094.0,1.1,-0.5,0.5,1.3,1.7000000000000002,10.200000000000001,5.300000000000001,15.9,-11.000000000000002,16
11590,194111.0,1.1,-0.6000000000000001,0.1,1.4000000000000001,1.6,9.600000000000001,6.1000000000000005,17.3,-12.200000000000001,16
11591,194128.0,1.4000000000000001,-0.6000000000000001,-0.5,1.5,1.6,9.1,0.5,17.200000000000003,-12.700000000000001,16
11592,194144.0,1.3,-0.6000000000000001,-0.6000000000000001,1.4000000000000001,1.6,9.0,-3.7000000000000006,18.1,-9.4,16
11593,194161.0,1.4000000000000001,-0.6000000000000001,-0.8,1.5,1.6,8.8,-6.4,18.7,-3.5,16
11594,194177.0,1.5,-0.6000000000000001,-1.0,1.5,1.6,8.700000000000001,-5.6,19.400000000000002,2.7,16
11595,194195.0,1.5,-0.6000000000000001,-1.0,1.5,1.6,8.700000000000001,-5.6,19.400000000000002,2.7,16
11596,194211.0,1.4000000000000001,-0.5,-1.1,1.2000000000000002,1.7000000000000002,8.6,-2.3000000000000003,12.000000000000002,12.000000000000002,16
11597,194228.0,1.2000000000000002,-0.4,-1.0,1.1,1.8,8.6,-2.1,4.7,14.200000000000001,16
11598,194244.0,1.1,-0.2,-0.9,1.0,2.0,8.700000000000001,-3.3000000000000003,-4.300000000000001,14.900000000000002,16
11599,194264.0,1.0,0.0,-0.9,1.0,2.1,8.8,-6.3,-14.200000000000001,15.2,16
11600,194282.0,0.9,0.1,-0.9,1.0,2.3000000000000003,8.700000000000001,-9.1,-20.7,15.6,16
11601,194297.0,0.8,0.2,-1.0,1.0,2.3000000000000003,8.6,-9.5,-21.8,15.6,16
11602,194313.0,0.5,0.30000000000000004,-1.2000000000000002,0.7000000000000001,2.4000000000000004,8.4,-6.000000000000001,-17.0,14.700000000000001,16
11603,194328.0,0.2,0.4,-1.3,0.30000000000000004,2.5,8.3,-1.0999999999999999,-11.9,14.200000000000001,16
11604,194344.0,-0.4,0.6000000000000001,-1.4000000000000001,-0.2,2.6,8.200000000000001,1.3,-11.700000000000001,13.6,16
11605,194361.0,-0.5,0.6000000000000001,-1.5,-0.4,2.6,8.0,0.9,-14.200000000000001,12.3,16
11606,194381.0,-0.7000000000000001,0.5,-1.6,-0.4,2.5,7.9,0.6000000000000001,-14.200000000000001,11.2,16
11607,194394.0,-0.8,0.5,-1.7000000000000002,-0.4,2.6,7.800000000000001,1.0,-11.000000000000002,9.1,16
11608,194411.0,-1.2000000000000002,0.5,-1.6,-0.8,2.6,7.9,2.8,-6.8,9.4,16
11609,194428.0,-1.3,0.5,-1.5,-0.9,2.6,8.1,2.7,-6.4,11.000000000000002,16
11610,194444.0,-1.3,0.5,-1.4000000000000001,-0.9,2.6,8.1,2.7,-6.4,11.000000000000002,16
11611,194461.0,-1.2000000000000002,0.4,-1.1,-0.7000000000000001,2.5,8.3,1.2000000000000002,-9.600000000000001,13.8,16
11612,194480.0,-1.2000000000000002,0.4,-1.0,-0.7000000000000001,2.5,8.6,3.0000000000000004,-7.8,15.399999999999999,16
11613,194494.0,-1.2000000000000002,0.4,-0.6000000000000001,-0.6000000000000001,2.6,8.9,5.300000000000001,-7.300000000000001,16.6,16
11614,194512.0,-0.9,0.5,-0.30000000000000004,-0.4,2.7,9.1,6.7,-6.9,17.1,16
11615,194528.0,-0.8,0.6000000000000001,-0.2,-0.2,2.8000000000000003,9.3,6.3,-3.6,17.7,16
11616,194544.0,-0.7000000000000001,0.7000000000000001,0.0,-0.1,2.9000000000000004,9.5,4.3999999999999995,-0.7,18.7,16
11617,194562.0,-0.5,0.8,0.4,0.1,3.0,9.9,0.6000000000000001,1.0,20.4,16
11618,194579.0,-0.30000000000000004,0.8,0.7000000000000001,0.4,3.0,10.3,-3.6,2.3000000000000003,21.200000000000003,16
11619,194595.0,0.2,0.8,1.3,0.9,2.9000000000000004,10.9,-6.5,3.7000000000000006,20.7,16
11620,194611.0,0.9,0.7000000000000001,1.7000000000000002,1.5,2.8000000000000003,11.200000000000001,-7.400000000000001,5.4,18.5,16
11621,194628.0,1.1,0.7000000000000001,1.8,1.9000000000000001,2.8000000000000003,11.3,-5.8,10.1,15.000000000000002,16
11622,194646.0,1.4000000000000001,0.7000000000000001,1.7000000000000002,1.9000000000000001,2.8000000000000003,11.200000000000001,-0.6000000000000001,20.1,11.2,16
11623,194661.0,1.3,0.7000000000000001,1.7000000000000002,1.9000000000000001,2.8000000000000003,11.200000000000001,4.6000000000000005,25.5,6.6000000000000005,16
11624,194680.0,0.9,1.2000000000000002,2.1,1.4000000000000001,3.3000000000000003,11.600000000000001,1.6,21.900000000000002,1.8,16
11625,194694.0,0.8,1.2000000000000002,2.0,1.2000000000000002,3.3000000000000003,11.600000000000001,-3.8,16.400000000000002,-1.0,16
11626,194711.0,0.8,1.0,1.8,1.2000000000000002,3.2,11.4,-7.8,12.8,-3.9,16
11627,194728.0,0.9,0.9,1.6,1.2000000000000002,2.9000000000000004,10.9,-10.9,15.399999999999999,-6.2,16
11628,194744.0,0.6000000000000001,0.6000000000000001,1.0,0.7000000000000001,2.7,10.600000000000001,-12.700000000000001,20.5,-6.000000000000001,16
11629,194761.0,0.0,0.5,1.0,0.2,2.6,10.700000000000001,-11.6,23.400000000000002,-2.6,16
11630,194778.0,-0.2,0.5,1.2000000000000002,-0.1,2.6,11.100000000000001,-7.8,18.400000000000002,2.3000000000000003,16
11631,194796.0,0.0,0.5,1.8,0.4,2.4000000000000004,11.4,-1.9,6.000000000000001,5.1,16
11632,194811.0,1.2000000000000002,0.0,1.4000000000000001,1.4000000000000001,2.0,11.0,4.0,-4.6000000000000005,3.3000000000000003,16
11633,194828.0,1.7000000000000002,-0.30000000000000004,1.2000000000000002,2.0,1.8,10.600000000000001,9.5,-6.9,-2.3000000000000003,16
11634,194844.0,2.0,-0.4,0.6000000000000001,2.2,1.7000000000000002,10.0,16.1,-1.9,-6.6000000000000005,16
11635,194861.0,2.0,-0.5,-0.4,2.1,1.6,9.200000000000001,19.3,8.4,-7.9,16
11636,194878.0,1.5,-0.7000000000000001,-1.1,1.7000000000000002,1.6,8.5,21.400000000000002,19.500000000000004,-6.3,16
11637,194894.0,1.3,-0.8,-1.4000000000000001,1.3,1.4000000000000001,8.0,21.6,26.200000000000003,-5.500000000000001,16
11638,194911.0,0.8,-1.0,-1.8,0.8,1.3,7.800000000000001,20.7,27.3,-6.000000000000001,16
11639,194928.0,0.5,-1.1,-1.9000000000000001,0.5,1.3,7.6000000000000005,19.1,20.8,-7.400000000000001,16
11640,194944.0,0.5,-1.1,-2.0,0.4,1.3,7.5,15.2,12.200000000000001,-9.0,16
11641,194961.0,0.4,-1.2000000000000002,-2.0,0.30000000000000004,1.2000000000000002,7.5,9.5,1.0,-11.3,16
11642,194978.0,0.5,-1.2000000000000002,-2.0,0.5,1.3,7.5,1.7,-11.4,-13.0,16
11643,194996.0,0.5,-1.1,-2.0,0.5,1.3,7.5,-6.1000000000000005,-19.6,-11.9,16
11644,195011.0,0.5,-1.0,-2.0,0.5,1.4000000000000001,7.5,-11.9,-22.900000000000002,-8.5,16
11645,195027.0,0.30000000000000004,-0.9,-1.7000000000000002,0.4,1.4000000000000001,7.800000000000001,-14.800000000000002,-22.3,-4.5,16
11646,195044.0,0.2,-0.8,-1.4000000000000001,0.30000000000000004,1.5,8.3,-15.6,-23.8,-1.5000000000000002,16
11647,195064.0,0.1,-0.7000000000000001,-0.8,0.30000000000000004,1.5,8.8,-15.399999999999999,-29.500000000000004,0.1,16
11648,195080.0,0.1,-0.6000000000000001,-0.5,0.4,1.6,9.0,-14.700000000000001,-36.5,-0.7,16
11649,195096.0,0.1,-0.4,-0.6000000000000001,0.5,1.7000000000000002,8.9,-14.0,-39.9,-2.7,16
11650,195112.0,0.0,-0.4,-0.7000000000000001,0.5,1.8,8.8,-13.700000000000001,-38.400000000000006,-4.800000000000001,16
11651,195130.0,-0.2,-0.2,-0.7000000000000001,0.4,1.8,8.700000000000001,-12.200000000000001,-32.4,-6.6000000000000005,16
11652,195145.0,-0.7000000000000001,0.0,-0.9,0.0,2.0,8.6,-10.1,-22.900000000000002,-7.2,16
11653,195162.0,-1.0,0.1,-0.8,-0.4,2.2,8.8,-9.200000000000001,-16.2,-7.0,16
11654,195177.0,-1.5,0.30000000000000004,-0.6000000000000001,-0.7000000000000001,2.3000000000000003,8.9,-10.3,-14.500000000000002,-7.400000000000001,16
11655,195194.0,-1.6,0.4,-0.6000000000000001,-0.9,2.4000000000000004,9.0,-12.9,-14.800000000000002,-9.3,16
11656,195211.0,-1.7000000000000002,0.4,-0.4,-0.9,2.3000000000000003,9.200000000000001,-14.500000000000002,-12.3,-11.5,16
11657,195228.0,-1.7000000000000002,0.4,-0.1,-1.0,2.3000000000000003,9.4,-13.5,-10.1,-14.600000000000001,16
11658,195245.0,-1.8,0.30000000000000004,0.2,-1.0,2.2,9.700000000000001,-12.9,-7.8,-16.700000000000003,16
11659,195261.0,-1.7000000000000002,0.2,0.4,-0.8,2.0,9.9,-14.900000000000002,-9.9,-17.1,16
11660,195277.0,-1.4000000000000001,0.0,0.7000000000000001,-0.5,1.8,10.200000000000001,-17.599999999999998,-14.0,-16.900000000000002,16
11661,195294.0,-1.2000000000000002,0.0,0.7000000000000001,-0.4,1.7000000000000002,10.200000000000001,-19.200000000000003,-13.3,-15.399999999999999,16
11662,195312.0,-1.2000000000000002,0.0,0.9,-0.30000000000000004,1.7000000000000002,10.4,-18.1,-8.1,-11.000000000000002,16
11663,195331.0,-1.3,0.1,0.9,-0.5,1.8,10.5,-15.2,-0.4,-2.5,16
11664,195344.0,-1.4000000000000001,0.2,1.3,-0.6000000000000001,1.8,10.8,-11.700000000000001,4.7,7.2,16
11665,195361.0,-1.4000000000000001,0.30000000000000004,1.6,-0.5,1.9000000000000001,11.4,-6.6000000000000005,5.2,14.200000000000001,16
11666,195377.0,-1.3,0.5,2.3000000000000003,-0.4,2.1,11.9,0.4,2.4000000000000004,18.2,16
11667,195394.0,-1.1,0.7000000000000001,2.4000000000000004,-0.30000000000000004,2.3000000000000003,12.0,11.1,0.5,19.0,16
11668,195411.0,-0.9,0.8,2.6,-0.1,2.5,12.4,20.0,-0.4,15.000000000000002,16
11669,195428.0,-0.8,1.1,3.2,0.1,2.8000000000000003,12.8,20.7,-9.4,10.5,16
11670,195444.0,-0.5,1.3,3.0,0.1,2.8000000000000003,12.8,20.7,-9.4,10.5,16
11671,195461.0,-0.1,1.2000000000000002,2.1,1.0,2.9000000000000004,11.5,11.5,-5.500000000000001,8.5,16
11672,195478.0,0.1,0.7000000000000001,1.7000000000000002,1.0,2.4000000000000004,11.4,7.300000000000001,5.0,6.5,16
11673,195495.0,0.0,0.30000000000000004,1.6,0.9,2.2,11.3,4.3999999999999995,10.700000000000001,6.6000000000000005,16
11674,195511.0,0.2,0.1,1.7000000000000002,1.1,1.7000000000000002,11.4,1.8,14.3,7.6,16
11675,195528.0,0.7000000000000001,-0.5,1.6,1.7000000000000002,1.2000000000000002,11.200000000000001,-0.1,9.5,5.8,16
11676,195544.0,1.5,-0.9,1.2000000000000002,2.3000000000000003,1.0,10.9,1.5000000000000002,9.8,2.7,16
11677,195562.0,2.0,-1.2000000000000002,0.6000000000000001,2.7,0.6000000000000001,10.4,7.9,15.299999999999999,-0.9,16
11678,195580.0,2.2,-1.3,0.30000000000000004,2.9000000000000004,0.6000000000000001,9.9,14.0,21.400000000000002,-3.7000000000000006,16
11679,195594.0,2.1,-1.3,-0.30000000000000004,2.7,0.6000000000000001,9.4,17.8,25.400000000000002,-5.2,16
11680,195611.0,2.0,-1.3,-0.6000000000000001,2.6,0.7000000000000001,8.9,17.599999999999998,25.8,-5.1,16
11681,195628.0,1.8,-1.2000000000000002,-1.1,2.3000000000000003,0.9,8.5,14.500000000000002,23.1,-4.300000000000001,16
11682,195644.0,1.7000000000000002,-1.0,-1.5,2.2,1.1,8.1,10.4,20.4,-2.7,16
11683,195661.0,1.6,-0.8,-2.0,2.0,1.2000000000000002,7.7,6.2,18.5,-0.7,16
11684,195678.0,1.5,-0.7000000000000001,-2.1,1.8,1.4000000000000001,7.5,3.2,16.0,1.0999999999999999,16
11685,195694.0,1.3,-0.7000000000000001,-2.2,1.8,1.4000000000000001,7.5,3.2,16.0,1.0999999999999999,16
11686,195711.0,0.9,-0.4,-2.0,1.3,1.7000000000000002,7.6000000000000005,-3.4,1.8,3.4,16
11687,195728.0,0.7000000000000001,-0.30000000000000004,-2.1,1.0,1.8,7.6000000000000005,-7.1000000000000005,-6.2,3.1,16
11688,195744.0,0.7000000000000001,-0.30000000000000004,-2.1,1.0,1.8,7.6000000000000005,-7.1000000000000005,-6.2,3.1,16
11689,195761.0,0.2,-0.1,-2.3000000000000003,0.7000000000000001,1.9000000000000001,7.2,-8.700000000000001,-12.9,0.30000000000000004,16
11690,195778.0,0.1,0.0,-2.4000000000000004,0.5,1.9000000000000001,7.1000000000000005,-6.8,-9.700000000000001,-1.9,16
11691,195794.0,-0.4,0.1,-2.4000000000000004,0.1,2.0,7.2,-7.2,-7.300000000000001,-4.1000000000000005,16
11692,195813.0,-0.9,0.2,-2.2,-0.30000000000000004,2.1,7.300000000000001,-11.1,-10.3,-5.300000000000001,16
11693,195831.0,-1.3,0.30000000000000004,-1.9000000000000001,-0.6000000000000001,2.1,7.6000000000000005,-17.9,-16.3,-4.9,16
11694,195844.0,-1.4000000000000001,0.30000000000000004,-1.7000000000000002,-0.8,2.1,7.9,-25.5,-24.000000000000004,-2.4000000000000004,16
11695,195861.0,-1.4000000000000001,0.30000000000000004,-1.1,-0.7000000000000001,2.0,8.4,-32.2,-30.200000000000003,1.5000000000000002,16
11696,195878.0,-1.4000000000000001,0.2,-0.8,-0.5,1.8,9.0,-34.400000000000006,-33.300000000000004,5.2,16
11697,195894.0,-1.2000000000000002,0.30000000000000004,-0.1,-0.30000000000000004,1.8,9.600000000000001,-31.6,-32.800000000000004,9.1,16
11698,195912.0,-1.1,0.30000000000000004,0.5,-0.1,1.8,10.0,-25.1,-29.200000000000003,12.8,16
11699,195928.0,-1.0,0.30000000000000004,0.6000000000000001,0.0,1.8,10.3,-16.0,-23.700000000000003,15.100000000000001,16
11700,195944.0,-1.0,0.30000000000000004,0.6000000000000001,0.0,1.8,10.3,-16.0,-23.700000000000003,15.100000000000001,16
11701,195961.0,-1.1,0.5,0.8,0.0,1.9000000000000001,10.4,0.8,-9.0,17.1,16
11702,195979.0,-1.2000000000000002,0.7000000000000001,0.8,0.0,2.0,10.3,5.0,-1.3,17.599999999999998,16
11703,196000.0,-1.1,0.8,0.7000000000000001,0.0,2.2,10.3,6.8,4.7,17.8,16
11704,196011.0,-1.1,0.8,0.7000000000000001,0.0,2.2,10.3,6.7,9.9,17.3,16
11705,196028.0,-0.9,0.8,0.7000000000000001,0.2,2.2,10.4,4.800000000000001,12.3,15.6,16
11706,196044.0,-0.6000000000000001,0.8,1.0,0.5,2.2,10.600000000000001,1.0,12.200000000000001,12.700000000000001,16
11707,196061.0,-0.1,0.7000000000000001,1.2000000000000002,0.9,2.1,10.8,-2.3000000000000003,11.6,10.2,16
11708,196078.0,0.1,0.7000000000000001,1.4000000000000001,1.3,2.0,11.100000000000001,-3.6,13.100000000000001,9.1,16
11709,196094.0,0.6000000000000001,0.6000000000000001,1.5,1.6,2.0,11.100000000000001,-2.0,17.1,8.5,16
11710,196111.0,0.7000000000000001,0.6000000000000001,1.3,1.5,2.0,10.9,3.4,25.400000000000002,7.6,16
11711,196128.0,0.5,0.7000000000000001,1.2000000000000002,1.0,2.2,11.100000000000001,9.700000000000001,32.7,6.2,16
11712,196144.0,-0.1,0.9,1.9000000000000001,0.5,2.5,11.8,6.9,24.8,4.5,16
11713,196161.0,-0.2,1.2000000000000002,2.3000000000000003,0.5,2.7,12.0,-0.7,10.1,4.300000000000001,16
11714,196178.0,0.30000000000000004,1.0,2.4000000000000004,0.9,2.5,12.100000000000001,-7.500000000000001,-0.8,4.1000000000000005,16
11715,196195.0,0.6000000000000001,0.8,2.4000000000000004,1.4000000000000001,2.2,12.0,-11.700000000000001,-3.2,2.4000000000000004,16
11716,196211.0,0.9,0.5,2.1,1.6,1.9000000000000001,11.8,-10.700000000000001,3.9,1.6,16
11717,196229.0,0.8,0.30000000000000004,1.8,1.4000000000000001,1.7000000000000002,11.600000000000001,-4.300000000000001,13.6,3.1,16
11718,196244.0,0.7000000000000001,0.1,1.7000000000000002,1.4000000000000001,1.4000000000000001,11.3,5.0,21.6,6.2,16
11719,196261.0,0.8,-0.30000000000000004,1.1,1.3,1.1,10.8,13.8,25.2,8.5,16
11720,196278.0,0.6000000000000001,-0.4,0.30000000000000004,1.1,1.1,10.100000000000001,23.0,26.0,10.5,16
11721,196294.0,0.5,-0.4,0.0,0.9,1.1,9.5,31.900000000000002,24.9,12.700000000000001,16
11722,196311.0,0.6000000000000001,-0.6000000000000001,-0.8,0.9,1.1,8.9,35.3,20.3,13.9,16
11723,196328.0,0.7000000000000001,-0.8,-1.4000000000000001,1.0,1.0,8.3,33.1,13.5,13.5,16
11724,196344.0,0.7000000000000001,-0.8,-1.6,1.1,1.0,8.0,27.8,7.699999999999999,12.000000000000002,16
11725,196361.0,0.9,-0.9,-1.8,1.3,1.0,7.9,20.900000000000002,2.8,10.4,16
11726,196383.0,1.0,-1.0,-1.6,1.3,0.9,8.1,14.900000000000002,-1.7,9.5,16
11727,196394.0,1.1,-1.0,-1.3,1.5,0.9,8.5,10.3,-6.6000000000000005,8.9,16
11728,196411.0,1.3,-1.2000000000000002,-0.9,1.8,0.7000000000000001,8.8,5.6,-12.700000000000001,6.8,16
11729,196427.0,1.6,-1.4000000000000001,-0.6000000000000001,2.1,0.6000000000000001,9.1,1.3,-17.8,3.1,16
11730,196445.0,1.7000000000000002,-1.4000000000000001,-0.4,2.3000000000000003,0.6000000000000001,9.200000000000001,-1.5000000000000002,-19.400000000000002,-0.6000000000000001,16
11731,196461.0,1.6,-1.4000000000000001,-0.4,2.2,0.5,9.1,-3.0000000000000004,-18.5,-2.8,16
11732,196486.0,0.9,-1.2000000000000002,-0.9,1.3,0.8,8.5,-0.2,-4.300000000000001,-2.1999999999999997,16
11733,196494.0,0.9,-1.2000000000000002,-0.9,1.3,0.8,8.5,-0.2,-4.300000000000001,-2.1999999999999997,16
11734,196511.0,0.4,-1.0,-1.2000000000000002,0.9,0.9,8.3,1.8,1.2000000000000002,-1.5000000000000002,16
11735,196528.0,-0.1,-0.9,-1.4000000000000001,0.5,1.1,8.1,1.7,2.3000000000000003,-2.1999999999999997,16
11736,196544.0,-0.30000000000000004,-0.8,-1.5,0.1,1.2000000000000002,8.1,0.4,1.0,-3.0000000000000004,16
11737,196563.0,-0.7000000000000001,-0.7000000000000001,-1.6,-0.2,1.3,8.0,-1.8,-0.5,-2.8,16
11738,196588.0,-1.2000000000000002,-0.4,-1.3,-0.6000000000000001,1.5,8.3,-4.6000000000000005,0.2,1.0999999999999999,16
11739,196594.0,-1.3,-0.4,-1.2000000000000002,-0.6000000000000001,1.5,8.3,-4.6000000000000005,0.2,1.0999999999999999,16
11740,196611.0,-1.3,-0.30000000000000004,-1.1,-0.7000000000000001,1.7000000000000002,8.5,-3.9,1.7,4.0,16
11741,196628.0,-1.3,-0.1,-0.8,-0.7000000000000001,1.8,8.8,-2.4000000000000004,2.5,6.1000000000000005,16
11742,196644.0,-1.3,0.1,-0.6000000000000001,-0.8,1.9000000000000001,8.9,-1.7,3.3000000000000003,6.000000000000001,16
11743,196661.0,-1.4000000000000001,0.2,-0.5,-0.8,2.1,9.0,-0.4,3.0000000000000004,4.5,16
11744,196682.0,-1.5,0.4,-0.4,-1.0,2.3000000000000003,9.200000000000001,1.8,5.0,2.1999999999999997,16
11745,196695.0,-1.6,0.5,-0.30000000000000004,-1.0,2.3000000000000003,9.200000000000001,1.8,5.0,2.1999999999999997,16
11746,196711.0,-1.6,0.5,-0.2,-0.9,2.5,9.5,-2.0,6.000000000000001,-2.4000000000000004,16
11747,196727.0,-1.2000000000000002,0.7000000000000001,0.4,-0.7000000000000001,2.5,10.0,-5.1,6.4,-4.7,16
11748,196744.0,-1.2000000000000002,0.7000000000000001,0.9,-0.8,2.5,10.4,-4.0,9.200000000000001,-4.800000000000001,16
11749,196761.0,-1.2000000000000002,0.7000000000000001,1.0,-0.8,2.6,10.5,-1.0999999999999999,12.3,-3.5,16
11750,196783.0,-1.4000000000000001,0.7000000000000001,0.9,-1.0,2.6,10.5,0.30000000000000004,13.4,-2.3000000000000003,16
11751,196794.0,-1.5,0.7000000000000001,0.9,-1.2000000000000002,2.6,10.5,0.2,14.0,-0.8,16
11752,196811.0,-1.6,0.8,1.0,-1.4000000000000001,2.6,10.700000000000001,0.30000000000000004,13.8,1.4,16
11753,196828.0,-1.6,0.8,1.3,-1.4000000000000001,2.7,11.0,2.1999999999999997,13.700000000000001,4.2,16
11754,196844.0,-1.5,0.8,1.6,-1.4000000000000001,2.7,11.200000000000001,6.9,13.8,6.1000000000000005,16
11755,196861.0,-1.5,0.8,1.6,-1.4000000000000001,2.8000000000000003,11.3,13.6,16.0,5.300000000000001,16
11756,196884.0,-1.2000000000000002,1.0,2.4000000000000004,-1.2000000000000002,2.9000000000000004,11.8,12.3,6.000000000000001,2.6,16
11757,196894.0,-0.7000000000000001,1.0,2.4000000000000004,-0.6000000000000001,3.0,12.0,2.4000000000000004,-8.3,-0.5,16
11758,196912.0,-0.2,0.9,2.5,0.30000000000000004,2.8000000000000003,12.100000000000001,-7.0,-14.4,-3.6,16
11759,196928.0,0.7000000000000001,0.5,2.3000000000000003,1.1,2.3000000000000003,11.700000000000001,-9.700000000000001,-8.0,-7.500000000000001,16
11760,196944.0,1.1,0.1,1.6,1.2000000000000002,2.0,11.200000000000001,-5.9,9.1,-9.3,16
11761,196961.0,0.8,0.0,1.4000000000000001,0.7000000000000001,1.9000000000000001,11.0,-0.4,19.0,-7.2,16
11762,196984.0,1.2000000000000002,-0.2,1.4000000000000001,1.1,1.8,11.100000000000001,-1.3,21.900000000000002,-3.6,16
11763,197001.0,1.5,-0.5,1.5,1.5,1.4000000000000001,11.100000000000001,-2.3000000000000003,20.2,-4.0,16
11764,197011.0,2.0,-1.0,1.1,1.9000000000000001,1.0,10.8,1.8,18.5,-7.9,16
11765,197027.0,2.3000000000000003,-1.1,0.6000000000000001,2.0,0.9,10.0,9.1,19.400000000000002,-13.6,16
11766,197044.0,2.1,-1.0,-0.4,1.9000000000000001,0.9,9.3,11.3,19.9,-16.0,16
11767,197061.0,2.0,-1.0,-0.7000000000000001,1.8,1.0,9.0,8.200000000000001,18.400000000000002,-14.200000000000001,16
11768,197078.0,2.0,-0.9,-1.0,1.7000000000000002,1.1,8.5,4.3999999999999995,15.5,-9.8,16
11769,197097.0,2.0,-0.8,-1.3,1.7000000000000002,1.2000000000000002,8.3,0.30000000000000004,11.5,-6.5,16
11770,197114.0,2.0,-0.7000000000000001,-1.6,1.7000000000000002,1.2000000000000002,8.1,-4.2,6.9,-4.2,16
11771,197128.0,1.8,-0.7000000000000001,-1.7000000000000002,1.4000000000000001,1.4000000000000001,8.0,-8.0,3.3000000000000003,-2.1,16
11772,197144.0,1.4000000000000001,-0.4,-1.7000000000000002,1.1,1.5,8.0,-9.9,-1.0,0.30000000000000004,16
11773,197161.0,0.9,-0.1,-1.5,0.6000000000000001,1.8,8.1,-11.000000000000002,-6.5,2.7,16
11774,197177.0,0.7000000000000001,0.0,-1.4000000000000001,0.4,1.9000000000000001,8.200000000000001,-11.8,-12.9,4.6000000000000005,16
11775,197197.0,0.5,0.1,-1.4000000000000001,0.30000000000000004,1.9000000000000001,8.200000000000001,-13.0,-18.8,4.1000000000000005,16
11776,197211.0,0.30000000000000004,0.2,-1.5,0.2,2.0,8.1,-12.9,-21.400000000000002,1.0999999999999999,16
11777,197228.0,0.2,0.2,-1.5,0.1,1.9000000000000001,8.1,-10.5,-18.5,-4.5,16
11778,197245.0,-0.1,0.2,-1.6,-0.30000000000000004,2.0,8.0,-6.8,-13.6,-10.4,16
11779,197261.0,-0.6000000000000001,0.30000000000000004,-1.7000000000000002,-0.6000000000000001,2.0,7.9,-5.300000000000001,-8.600000000000001,-15.000000000000002,16
11780,197284.0,-1.3,0.30000000000000004,-1.9000000000000001,-1.2000000000000002,2.0,7.7,-7.1000000000000005,-5.500000000000001,-17.599999999999998,16
11781,197294.0,-1.3,0.30000000000000004,-1.9000000000000001,-1.4000000000000001,1.9000000000000001,7.7,-11.9,-6.1000000000000005,-16.900000000000002,16
11782,197311.0,-1.5,0.2,-1.7000000000000002,-1.5,1.8,7.9,-19.0,-7.500000000000001,-16.2,16
11783,197327.0,-1.6,0.1,-1.6,-1.6,1.7000000000000002,8.1,-25.0,-11.5,-13.8,16
11784,197344.0,-1.7000000000000002,0.1,-1.2000000000000002,-1.7000000000000002,1.6,8.5,-28.400000000000002,-15.9,-8.700000000000001,16
11785,197361.0,-1.7000000000000002,0.1,-0.9,-1.7000000000000002,1.6,8.9,-30.100000000000005,-20.0,-1.5000000000000002,16
11786,197381.0,-1.6,0.2,-0.30000000000000004,-1.5,1.6,9.3,-30.000000000000004,-22.1,6.7,16
11787,197397.0,-1.5,0.30000000000000004,0.1,-1.2000000000000002,1.6,9.8,-26.400000000000002,-23.0,13.5,16
11788,197413.0,-1.1,0.4,0.5,-0.9,1.5,10.3,-19.0,-17.9,18.1,16
11789,197431.0,-0.8,0.4,1.2000000000000002,-0.5,1.6,10.8,-7.9,-13.100000000000001,19.6,16
11790,197444.0,-0.7000000000000001,0.5,1.2000000000000002,-0.5,1.8,10.9,3.8,-2.9,19.0,16
11791,197461.0,-0.8,0.7000000000000001,1.2000000000000002,-0.5,2.0,10.8,12.8,6.5,18.5,16
11792,197480.0,-0.9,1.0,1.0,-0.6000000000000001,2.2,10.700000000000001,15.9,12.4,17.8,16
11793,197494.0,-0.8,1.0,1.1,-0.5,2.3000000000000003,10.8,12.000000000000002,13.8,15.8,16
11794,197511.0,-0.4,0.9,1.2000000000000002,-0.1,2.2,10.9,4.9,11.8,12.8,16
11795,197528.0,0.30000000000000004,0.8,1.5,0.5,2.2,11.200000000000001,-1.2000000000000002,9.700000000000001,9.700000000000001,16
11796,197544.0,0.6000000000000001,0.8,1.5,0.9,2.1,11.200000000000001,-2.9,12.4,7.9,16
11797,197562.0,0.9,0.7000000000000001,1.4000000000000001,0.9,2.1,11.100000000000001,-2.5,18.1,6.2,16
11798,197581.0,0.4,0.9,1.7000000000000002,0.5,2.2,11.5,-1.3,21.900000000000002,4.6000000000000005,16
11799,197595.0,0.2,1.1,2.2,0.2,2.4000000000000004,12.200000000000001,-1.5000000000000002,15.100000000000001,4.7,16
11800,197611.0,0.2,1.1,2.6,0.2,2.4000000000000004,12.3,-4.5,7.500000000000001,5.9,16
11801,197628.0,0.5,0.9,2.5,0.4,2.2,12.200000000000001,-3.5,3.3000000000000003,6.2,16
11802,197644.0,0.6000000000000001,0.7000000000000001,2.4000000000000004,0.7000000000000001,1.9000000000000001,12.0,-0.30000000000000004,5.500000000000001,4.6000000000000005,16
11803,197661.0,0.6000000000000001,0.5,2.0,0.5,1.8,11.700000000000001,7.2,11.8,4.2,16
11804,197679.0,0.5,0.2,1.5,0.4,1.6,11.200000000000001,16.400000000000002,17.400000000000002,4.9,16
11805,197694.0,0.6000000000000001,0.0,1.2000000000000002,0.6000000000000001,1.3,10.8,21.8,17.400000000000002,4.2,16
11806,197711.0,1.0,-0.5,0.6000000000000001,0.9,1.0,10.200000000000001,23.8,12.200000000000001,1.6,16
11807,197728.0,1.2000000000000002,-0.6000000000000001,-0.2,1.0,0.9,9.600000000000001,27.3,9.200000000000001,0.2,16
11808,197744.0,1.3,-0.8,-0.6000000000000001,1.1,0.7000000000000001,8.9,32.5,11.6,-0.8,16
11809,197761.0,1.4000000000000001,-1.1,-1.2000000000000002,1.1,0.6000000000000001,8.5,34.1,12.8,-2.9,16
11810,197781.0,1.3,-1.2000000000000002,-1.5,1.0,0.6000000000000001,8.200000000000001,32.1,11.5,-5.2,16
11811,197797.0,1.1,-1.3,-1.5,0.8,0.6000000000000001,8.200000000000001,27.0,6.8,-6.5,16
11812,197811.0,1.1,-1.3,-1.5,0.8,0.7000000000000001,8.200000000000001,19.200000000000003,0.8,-6.7,16
11813,197827.0,1.1,-1.3,-1.3,0.8,0.7000000000000001,8.4,10.1,-6.000000000000001,-6.5,16
11814,197844.0,1.2000000000000002,-1.3,-0.9,0.9,0.7000000000000001,8.700000000000001,0.4,-12.3,-6.7,16
11815,197861.0,1.3,-1.3,-0.6000000000000001,1.2000000000000002,0.6000000000000001,9.1,-7.0,-18.5,-7.300000000000001,16
11816,197879.0,1.6,-1.3,-0.2,1.5,0.6000000000000001,9.5,-11.5,-22.5,-8.0,16
11817,197895.0,1.6,-1.2000000000000002,-0.2,1.5,0.6000000000000001,9.5,-13.5,-23.3,-8.5,16
11818,197912.0,1.4000000000000001,-1.1,-0.30000000000000004,1.2000000000000002,0.8,9.1,-10.600000000000001,-18.3,-7.0,16
11819,197928.0,0.8,-0.8,-0.8,0.8,1.0,8.8,-4.300000000000001,-11.3,-3.6,16
11820,197945.0,0.2,-0.6000000000000001,-1.1,0.30000000000000004,1.2000000000000002,8.5,1.3,-7.2,-0.2,16
11821,197961.0,-0.1,-0.5,-1.3,-0.2,1.4000000000000001,8.200000000000001,3.6,-8.799999999999999,1.5000000000000002,16
11822,197980.0,-0.6000000000000001,-0.30000000000000004,-1.6,-0.5,1.5,7.9,3.3000000000000003,-13.5,2.1,16
11823,198001.0,-0.9,-0.2,-1.8,-0.7000000000000001,1.6,7.800000000000001,0.8,-17.599999999999998,2.0,16
11824,198011.0,-0.9,-0.2,-1.8,-0.7000000000000001,1.7000000000000002,7.9,-2.3000000000000003,-21.5,0.9,16
11825,198028.0,-0.9,-0.1,-1.6,-0.7000000000000001,1.7000000000000002,8.0,-3.7000000000000006,-22.6,-1.4,16
11826,198044.0,-1.0,-0.1,-1.3,-0.7000000000000001,1.7000000000000002,8.3,-4.1000000000000005,-23.2,-4.5,16
11827,198061.0,-1.1,0.0,-1.2000000000000002,-0.7000000000000001,1.8,8.5,-6.9,-24.5,-8.4,16
11828,198079.0,-1.1,0.0,-0.9,-0.7000000000000001,1.8,8.700000000000001,-12.200000000000001,-24.9,-12.6,16
11829,198094.0,-1.2000000000000002,0.1,-0.6000000000000001,-0.7000000000000001,1.8,8.9,-16.6,-21.1,-15.7,16
11830,198111.0,-1.3,0.1,-0.4,-0.9,1.8,9.3,-17.1,-12.3,-16.1,16
11831,198128.0,-1.6,0.2,0.1,-1.1,1.8,9.8,-16.1,-6.4,-14.800000000000002,16
11832,198144.0,-1.6,0.1,0.7000000000000001,-1.1,1.7000000000000002,10.3,-15.299999999999999,-5.9,-14.200000000000001,16
11833,198161.0,-1.5,0.0,0.9,-1.0,1.6,10.600000000000001,-13.9,-7.1000000000000005,-15.000000000000002,16
11834,198181.0,-1.5,0.0,1.3,-1.1,1.6,10.9,-8.700000000000001,-8.700000000000001,-14.3,16
11835,198194.0,-1.7000000000000002,0.1,1.2000000000000002,-1.1,1.6,10.9,-8.700000000000001,-8.700000000000001,-14.3,16
11836,198211.0,-1.5,0.30000000000000004,1.3,-1.0,1.8,11.0,2.0,-4.6000000000000005,-6.6000000000000005,16
11837,198228.0,-1.3,0.30000000000000004,1.3,-0.8,1.8,11.0,6.5,0.9,-3.3000000000000003,16
11838,198245.0,-1.3,0.30000000000000004,1.4000000000000001,-0.8,1.8,11.100000000000001,8.700000000000001,4.0,-0.9,16
11839,198261.0,-1.4000000000000001,0.4,1.4000000000000001,-0.9,2.0,11.0,11.4,8.799999999999999,1.4,16
11840,198277.0,-1.3,0.4,1.4000000000000001,-0.9,2.1,11.0,16.900000000000002,16.1,2.7,16
11841,198294.0,-1.4000000000000001,0.4,1.3,-1.1,2.1,11.0,21.1,20.7,0.6000000000000001,16
11842,198311.0,-1.5,0.5,2.0,-1.2000000000000002,2.2,11.600000000000001,15.399999999999999,10.2,-4.300000000000001,16
11843,198328.0,-1.2000000000000002,0.6000000000000001,2.2,-0.4,2.4000000000000004,11.9,-1.0999999999999999,-6.9,-7.400000000000001,16
11844,198344.0,0.1,0.5,2.2,0.4,2.2,11.8,-11.700000000000001,-4.5,-7.9,16
11845,198362.0,0.30000000000000004,0.2,1.9000000000000001,0.6000000000000001,1.9000000000000001,11.600000000000001,-11.5,7.8,-5.500000000000001,16
11846,198378.0,0.2,0.2,1.8,0.5,1.9000000000000001,11.600000000000001,-5.8,20.900000000000002,-0.6000000000000001,16
11847,198394.0,0.6000000000000001,0.2,1.9000000000000001,0.8,1.8,11.700000000000001,1.4,27.6,2.8,16
11848,198412.0,0.9,-0.1,1.9000000000000001,1.0,1.6,11.600000000000001,9.3,26.500000000000004,4.0,16
11849,198428.0,1.2000000000000002,-0.2,1.7000000000000002,1.5,1.5,11.200000000000001,16.700000000000003,22.000000000000004,1.2000000000000002,16
11850,198444.0,1.9000000000000001,-0.30000000000000004,0.9,1.9000000000000001,1.5,10.4,24.3,22.8,-4.0,16
11851,198461.0,2.0,-0.4,0.30000000000000004,1.9000000000000001,1.5,10.4,24.3,22.8,-4.0,16
11852,198478.0,1.9000000000000001,-0.6000000000000001,-0.8,1.7000000000000002,1.3,8.6,21.3,20.0,-16.1,16
11853,198494.0,1.6,-0.6000000000000001,-1.4000000000000001,1.4000000000000001,1.4000000000000001,8.3,9.600000000000001,13.4,-17.0,16
11854,198513.0,1.5,-0.6000000000000001,-1.6,1.3,1.4000000000000001,8.1,-2.7,6.7,-13.100000000000001,16
11855,198528.0,1.6,-0.6000000000000001,-1.7000000000000002,1.5,1.2000000000000002,8.0,-11.9,2.7,-8.3,16
11856,198544.0,1.7000000000000002,-0.8,-1.6,1.5,1.1,8.1,-17.3,-0.9,-5.300000000000001,16
11857,198561.0,1.3,-0.8,-1.5,1.2000000000000002,1.1,8.200000000000001,-18.2,-3.5,-2.6,16
11858,198579.0,0.7000000000000001,-0.6000000000000001,-1.4000000000000001,0.7000000000000001,1.1,8.3,-15.2,-6.5,1.3,16
11859,198594.0,0.5,-0.5,-1.3,0.2,1.2000000000000002,8.4,-13.3,-12.9,4.9,16
11860,198612.0,0.0,-0.4,-1.0,0.0,1.3,8.700000000000001,-14.500000000000002,-23.1,7.500000000000001,16
11861,198627.0,-0.1,-0.30000000000000004,-0.8,0.0,1.4000000000000001,8.8,-16.3,-31.3,10.0,16
11862,198645.0,-0.1,-0.30000000000000004,-0.7000000000000001,0.0,1.3,9.0,-15.299999999999999,-34.900000000000006,12.3,16
11863,198661.0,-0.1,-0.1,-0.8,0.1,1.5,8.9,-12.9,-29.200000000000003,12.9,16
11864,198678.0,-0.6000000000000001,0.1,-0.7000000000000001,-0.2,1.6,9.0,-9.0,-20.6,14.900000000000002,16
11865,198694.0,-0.7000000000000001,0.1,-0.8,-0.4,1.7000000000000002,8.9,-6.1000000000000005,-13.6,16.8,16
11866,198711.0,-1.0,0.2,-0.8,-0.6000000000000001,1.7000000000000002,8.9,-6.6000000000000005,-8.799999999999999,17.599999999999998,16
11867,198729.0,-1.3,0.30000000000000004,-0.9,-0.9,1.7000000000000002,8.8,-6.8,-4.300000000000001,18.3,16
11868,198744.0,-1.5,0.30000000000000004,-0.9,-1.1,1.8,8.700000000000001,-6.7,-0.30000000000000004,19.8,16
11869,198761.0,-1.6,0.4,-1.0,-1.2000000000000002,1.8,8.700000000000001,-6.4,3.0000000000000004,22.1,16
11870,198782.0,-1.6,0.4,-1.1,-1.3,1.8,8.6,-5.9,4.6000000000000005,24.3,16
11871,198803.0,-1.5,0.4,-0.9,-1.2000000000000002,1.8,8.700000000000001,-5.4,5.1,26.700000000000003,16
11872,198811.0,-1.4000000000000001,0.4,-0.9,-1.0,1.8,8.8,-5.300000000000001,4.2,29.600000000000005,16
11873,198827.0,-1.3,0.4,-0.9,-1.0,1.8,8.8,-4.3999999999999995,3.9,33.1,16
11874,198844.0,-1.2000000000000002,0.5,-0.8,-0.8,1.9000000000000001,8.9,-2.6,5.9,36.1,16
11875,198861.0,-1.1,0.6000000000000001,-0.5,-0.7000000000000001,2.0,9.200000000000001,-0.6000000000000001,8.1,37.7,16
11876,198877.0,-1.0,0.8,-0.30000000000000004,-0.7000000000000001,2.2,9.3,1.5000000000000002,9.4,39.00000000000001,16
11877,198895.0,-0.9,0.9,-0.1,-0.5,2.2,9.700000000000001,0.4,9.3,40.4,16
11878,198911.0,-0.5,0.8,0.30000000000000004,-0.1,2.2,10.0,-1.9,7.0,40.5,16
11879,198927.0,-0.1,0.8,0.7000000000000001,0.2,2.2,10.3,-4.300000000000001,6.1000000000000005,39.2,16
11880,198945.0,0.4,0.8,1.0,0.6000000000000001,2.1,10.600000000000001,-4.5,4.9,37.800000000000004,16
11881,198961.0,0.7000000000000001,0.8,1.3,1.1,2.1,11.0,-3.8,3.2,35.5,16
11882,198977.0,1.4000000000000001,0.7000000000000001,1.6,1.7000000000000002,2.0,11.200000000000001,-3.0000000000000004,2.1999999999999997,32.2,16
11883,198994.0,1.7000000000000002,0.6000000000000001,1.5,2.2,2.0,11.0,0.2,8.3,29.000000000000004,16
11884,199016.0,1.4000000000000001,0.9,0.9,1.9000000000000001,2.2,10.600000000000001,4.7,20.6,24.6,16
11885,199027.0,1.0,1.0,1.4000000000000001,1.1,2.4000000000000004,11.200000000000001,6.9,26.200000000000003,22.3,16
11886,199044.0,0.7000000000000001,1.1,2.0,0.9,2.5,11.8,2.1999999999999997,16.2,20.7,16
11887,199061.0,0.9,1.1,2.1,1.1,2.4000000000000004,11.8,-3.7000000000000006,6.4,17.599999999999998,16
11888,199077.0,1.0,0.9,2.1,1.2000000000000002,2.2,11.8,-5.9,3.3000000000000003,13.5,16
11889,199094.0,1.1,0.7000000000000001,2.0,1.3,2.0,11.600000000000001,-5.4,4.300000000000001,10.1,16
11890,199113.0,0.9,0.5,1.7000000000000002,1.0,1.8,11.5,-0.9,8.700000000000001,9.600000000000001,16
11891,199129.0,0.6000000000000001,0.4,1.6,0.7000000000000001,1.7000000000000002,11.4,3.2,10.700000000000001,10.8,16
11892,199144.0,0.5,0.30000000000000004,1.8,0.6000000000000001,1.7000000000000002,11.600000000000001,6.000000000000001,9.700000000000001,13.6,16
11893,199161.0,0.7000000000000001,0.0,1.4000000000000001,1.0,1.3,11.100000000000001,9.700000000000001,7.699999999999999,15.299999999999999,16
11894,199177.0,1.2000000000000002,-0.30000000000000004,1.1,1.4000000000000001,1.1,10.8,15.399999999999999,7.8,14.900000000000002,16
11895,199194.0,1.4000000000000001,-0.5,0.9,1.6,0.9,10.5,20.8,6.8,12.5,16
11896,199211.0,1.5,-0.7000000000000001,0.4,1.7000000000000002,0.8,9.9,26.400000000000002,7.9,9.700000000000001,16
11897,199227.0,1.5,-1.0,-0.30000000000000004,1.5,0.6000000000000001,9.4,30.7,9.1,6.9,16
11898,199244.0,1.3,-1.1,-0.4,1.5,0.6000000000000001,9.4,35.7,9.3,3.7000000000000006,16
11899,199264.0,1.0,-1.2000000000000002,-1.3,1.1,0.6000000000000001,8.4,36.800000000000004,11.9,1.0999999999999999,16
11900,199280.0,0.9,-1.2000000000000002,-1.7000000000000002,0.9,0.7000000000000001,7.9,31.5,9.1,-1.6,16
11901,199294.0,0.9,-1.2000000000000002,-2.0,0.9,0.7000000000000001,7.9,31.5,9.1,-1.6,16
11902,199311.0,0.7000000000000001,-1.1,-1.7000000000000002,0.8,0.8,8.0,8.3,-2.0,-4.7,16
11903,199328.0,0.9,-1.3,-1.6,0.9,0.7000000000000001,8.1,-3.6,-8.700000000000001,-6.6000000000000005,16
11904,199346.0,1.0,-1.3,-1.4000000000000001,1.1,0.6000000000000001,8.200000000000001,-13.6,-14.800000000000002,-8.600000000000001,16
11905,199361.0,1.1,-1.3,-1.5,1.2000000000000002,0.6000000000000001,8.200000000000001,-19.8,-14.0,-9.5,16
11906,199378.0,0.9,-1.2000000000000002,-1.3,1.0,0.6000000000000001,8.4,-21.8,-10.3,-9.5,16
11907,199394.0,0.4,-0.9,-1.2000000000000002,0.5,0.8,8.5,-20.2,-7.0,-7.1000000000000005,16
11908,199411.0,0.2,-0.8,-1.1,0.2,1.0,8.6,-14.800000000000002,-3.9,-2.8,16
11909,199428.0,-0.1,-0.6000000000000001,-1.1,0.0,1.1,8.6,-9.200000000000001,-4.7,-0.6000000000000001,16
11910,199445.0,-0.2,-0.5,-1.1,0.0,1.1,8.6,-9.200000000000001,-4.7,-0.6000000000000001,16
11911,199461.0,-0.5,-0.2,-1.3,-0.2,1.4000000000000001,8.3,-1.0,-12.8,-2.7,16
11912,199485.0,-0.7000000000000001,0.1,-1.5,-0.30000000000000004,1.6,8.1,0.4,-15.399999999999999,-4.0,16
11913,199494.0,-0.7000000000000001,0.2,-1.5,-0.4,1.9000000000000001,8.1,-0.1,-15.7,-4.5,16
11914,199511.0,-0.7000000000000001,0.4,-1.4000000000000001,-0.30000000000000004,2.0,8.200000000000001,-4.0,-16.0,-5.1,16
11915,199527.0,-0.6000000000000001,0.4,-1.2000000000000002,-0.1,2.1,8.4,-12.100000000000001,-16.2,-6.9,16
11916,199545.0,-0.5,0.5,-0.5,-0.1,2.1,9.1,-19.200000000000003,-17.400000000000002,-9.4,16
11917,199561.0,-0.5,0.6000000000000001,-0.30000000000000004,0.0,2.1,9.200000000000001,-22.2,-19.200000000000003,-12.100000000000001,16
11918,199585.0,-0.5,0.6000000000000001,0.0,0.0,2.0,9.5,-24.5,-13.6,-14.3,16
11919,199594.0,-0.4,0.6000000000000001,0.30000000000000004,0.1,2.0,9.9,-21.5,-7.500000000000001,-17.7,16
11920,199611.0,-0.8,0.6000000000000001,0.5,-0.30000000000000004,1.9000000000000001,10.100000000000001,-16.5,-2.1999999999999997,-19.8,16
11921,199627.0,-1.1,0.7000000000000001,0.8,-0.6000000000000001,2.1,10.5,-12.3,-1.7,-20.1,16
11922,199644.0,-1.2000000000000002,0.8,0.9,-0.7000000000000001,2.1,10.5,-8.3,-1.7,-19.0,16
11923,199661.0,-1.3,0.7000000000000001,0.8,-0.8,2.0,10.5,-5.0,-1.7,-19.1,16
11924,199684.0,-1.5,0.7000000000000001,0.8,-0.9,2.0,10.5,-2.6,-0.7,-19.700000000000003,16
11925,199694.0,-1.7000000000000002,0.7000000000000001,0.8,-1.2000000000000002,2.0,10.5,-0.7,0.9,-17.5,16
11926,199711.0,-1.8,0.6000000000000001,1.0,-1.4000000000000001,2.0,10.700000000000001,0.1,0.8,-14.0,16
11927,199728.0,-1.8,0.6000000000000001,1.1,-1.4000000000000001,1.9000000000000001,10.9,-1.3,1.0,-9.8,16
11928,199745.0,-1.7000000000000002,0.6000000000000001,1.4000000000000001,-1.2000000000000002,1.9000000000000001,11.100000000000001,0.5,4.7,-5.300000000000001,16
11929,199761.0,-1.4000000000000001,0.5,1.6,-1.0,1.9000000000000001,11.4,5.500000000000001,11.700000000000001,-3.7000000000000006,16
11930,199783.0,-1.5,0.6000000000000001,2.2,-1.1,2.0,11.9,9.5,12.6,-6.2,16
11931,199794.0,-1.3,0.7000000000000001,2.5,-0.8,2.2,12.3,5.7,3.5,-8.799999999999999,16
11932,199811.0,-0.4,0.7000000000000001,2.2,-0.1,2.1,11.9,-5.9,-1.8,-9.0,16
11933,199828.0,0.0,0.5,1.9000000000000001,0.6000000000000001,1.7000000000000002,11.600000000000001,-16.0,2.5,-7.400000000000001,16
11934,199844.0,0.6000000000000001,0.1,1.9000000000000001,0.9,1.4000000000000001,11.8,-19.8,15.5,-5.500000000000001,16
11935,199861.0,0.8,-0.1,2.2,1.0,1.1,12.0,-16.8,26.500000000000004,-2.1999999999999997,16
11936,199885.0,1.2000000000000002,-0.5,2.4000000000000004,1.3,0.8,12.200000000000001,-7.9,27.400000000000002,-1.0999999999999999,16
11937,199895.0,1.2000000000000002,-0.5,2.4000000000000004,1.3,0.8,12.200000000000001,-7.9,27.400000000000002,-1.0999999999999999,16
11938,199914.0,2.2,-1.0,1.5,2.2,0.30000000000000004,11.200000000000001,21.0,21.8,-11.5,16
11939,199928.0,2.3000000000000003,-1.0,0.2,2.3000000000000003,0.30000000000000004,10.100000000000001,33.7,22.5,-18.8,16
11940,199944.0,2.3000000000000003,-1.0,-0.4,2.0,0.5,9.1,38.300000000000004,23.5,-23.8,16
11941,199961.0,1.9000000000000001,-0.9,-1.3,1.6,0.7000000000000001,8.4,34.300000000000004,21.1,-25.5,16
11942,199983.0,1.5,-0.7000000000000001,-1.8,1.3,0.9,8.0,24.8,14.500000000000002,-24.7,16
11943,199995.0,1.4000000000000001,-0.7000000000000001,-1.9000000000000001,1.1,1.0,7.7,11.1,7.1000000000000005,-23.400000000000002,16
11944,200013.0,1.2000000000000002,-0.6000000000000001,-2.1,0.9,1.0,7.6000000000000005,-4.300000000000001,-1.4,-21.700000000000003,16
11945,200027.0,1.0,-0.6000000000000001,-2.0,0.7000000000000001,1.0,7.7,-16.6,-8.799999999999999,-18.8,16
11946,200045.0,0.8,-0.5,-1.7000000000000002,0.5,1.0,8.200000000000001,-22.7,-13.5,-15.5,16
11947,200061.0,0.4,-0.4,-1.0,0.2,1.0,8.700000000000001,-23.8,-18.900000000000002,-12.8,16
11948,200082.0,0.30000000000000004,-0.4,-0.9,0.1,1.0,8.9,-20.900000000000002,-23.6,-11.4,16
11949,200097.0,-0.1,-0.30000000000000004,-1.0,-0.1,1.0,8.700000000000001,-16.5,-26.0,-11.5,16
11950,200112.0,-0.30000000000000004,-0.30000000000000004,-1.1,-0.30000000000000004,1.1,8.6,-11.700000000000001,-26.200000000000003,-11.2,16
11951,200129.0,-0.5,-0.1,-1.3,-0.5,1.1,8.4,-7.300000000000001,-23.700000000000003,-10.9,16
11952,200144.0,-0.7000000000000001,-0.1,-1.4000000000000001,-0.6000000000000001,1.2000000000000002,8.3,-3.8,-20.0,-10.8,16
11953,200161.0,-1.0,0.1,-1.5,-0.9,1.3,8.3,-2.9,-17.1,-10.600000000000001,16
11954,200179.0,-1.3,0.2,-1.5,-1.1,1.4000000000000001,8.200000000000001,-5.300000000000001,-17.1,-10.1,16
11955,200197.0,-1.4000000000000001,0.30000000000000004,-1.5,-1.2000000000000002,1.5,8.200000000000001,-9.200000000000001,-16.2,-9.1,16
11956,200211.0,-1.5,0.30000000000000004,-1.3,-1.2000000000000002,1.5,8.4,-12.4,-14.0,-7.8,16
11957,200227.0,-1.5,0.30000000000000004,-1.0,-1.2000000000000002,1.5,8.700000000000001,-13.200000000000001,-11.5,-5.9,16
11958,200244.0,-1.5,0.30000000000000004,-0.8,-1.2000000000000002,1.4000000000000001,9.0,-11.5,-8.799999999999999,-3.4,16
11959,200261.0,-1.5,0.30000000000000004,-0.5,-1.2000000000000002,1.4000000000000001,9.200000000000001,-8.3,-7.9,-0.5,16
11960,200282.0,-1.5,0.4,-0.4,-1.1,1.5,9.3,-5.1,-6.9,2.8,16
11961,200307.0,-1.3,0.6000000000000001,-0.1,-0.9,1.7000000000000002,9.600000000000001,-0.5,-3.1,9.9,16
11962,200311.0,-1.3,0.6000000000000001,-0.1,-0.9,1.7000000000000002,9.600000000000001,-0.5,-3.1,9.9,16
11963,200327.0,-1.1,0.7000000000000001,0.2,-0.8,1.8,9.9,0.9,0.0,12.3,16
11964,200345.0,-1.0,0.9,0.4,-0.6000000000000001,2.0,10.0,3.6,4.3999999999999995,14.100000000000001,16
11965,200361.0,-0.8,0.9,0.5,-0.4,2.0,10.200000000000001,4.5,6.6000000000000005,14.500000000000002,16
11966,200378.0,-0.5,0.9,0.7000000000000001,-0.1,2.0,10.4,2.9,6.4,13.200000000000001,16
11967,200397.0,-0.2,0.9,0.9,0.30000000000000004,2.0,10.8,-0.7,3.7000000000000006,10.600000000000001,16
11968,200411.0,0.4,0.8,1.3,0.8,1.9000000000000001,11.200000000000001,-2.8,3.3000000000000003,7.8,16
11969,200427.0,1.1,0.6000000000000001,1.5,1.4000000000000001,1.7000000000000002,11.200000000000001,-0.8,4.3999999999999995,4.9,16
11970,200445.0,1.4000000000000001,0.5,1.5,1.7000000000000002,1.7000000000000002,11.100000000000001,3.2,15.399999999999999,1.5000000000000002,16
11971,200461.0,1.0,0.6000000000000001,1.2000000000000002,0.9,1.9000000000000001,10.9,10.700000000000001,26.400000000000002,-0.30000000000000004,16
11972,200478.0,0.1,0.9,1.6,0.1,2.2,11.5,14.600000000000001,29.400000000000002,-0.8,16
11973,200498.0,-0.30000000000000004,1.0,2.1,-0.30000000000000004,2.2,11.8,10.2,16.700000000000003,-1.2000000000000002,16
11974,200512.0,-0.30000000000000004,0.9,1.8,-0.30000000000000004,2.1,11.4,3.9,9.200000000000001,-1.7,16
11975,200528.0,-0.4,0.7000000000000001,1.8,-0.4,2.0,11.600000000000001,2.3000000000000003,6.2,-1.2000000000000002,16
11976,200544.0,-0.2,0.4,1.8,-0.30000000000000004,1.7000000000000002,11.600000000000001,3.0000000000000004,6.2,0.5,16
11977,200561.0,-0.2,0.2,1.8,-0.2,1.5,11.600000000000001,6.8,6.9,2.9,16
11978,200577.0,0.1,-0.1,2.0,0.1,1.2000000000000002,11.8,9.8,4.3999999999999995,3.5,16
11979,200594.0,0.4,-0.2,2.0,0.8,0.9,11.600000000000001,11.5,-0.6000000000000001,2.4000000000000004,16
11980,200611.0,1.2000000000000002,-0.7000000000000001,1.5,1.4000000000000001,0.7000000000000001,11.0,15.000000000000002,-0.9,1.8,16
11981,200628.0,1.5,-0.7000000000000001,1.0,1.4000000000000001,0.8,10.700000000000001,21.5,5.4,2.7,16
11982,200644.0,1.6,-0.9,0.5,1.6,0.6000000000000001,10.3,26.9,8.600000000000001,3.5,16
11983,200662.0,1.5,-1.0,-0.1,1.5,0.6000000000000001,9.700000000000001,29.200000000000003,10.1,2.1999999999999997,16
11984,200679.0,1.3,-1.1,-0.4,1.2000000000000002,0.6000000000000001,9.200000000000001,30.000000000000004,10.5,0.0,16
11985,200694.0,1.2000000000000002,-1.2000000000000002,-0.7000000000000001,1.2000000000000002,0.6000000000000001,9.200000000000001,30.000000000000004,10.5,0.0,16
11986,200711.0,0.9,-1.2000000000000002,-1.2000000000000002,0.7000000000000001,0.6000000000000001,8.3,21.0,3.5,-6.000000000000001,16
11987,200727.0,0.6000000000000001,-1.1,-1.6,0.5,0.8,8.200000000000001,14.500000000000002,-0.7,-7.2,16
11988,200744.0,0.7000000000000001,-1.1,-1.4000000000000001,0.6000000000000001,0.8,8.3,7.8,-5.4,-7.9,16
11989,200763.0,0.8,-1.1,-1.3,0.7000000000000001,0.7000000000000001,8.4,1.6,-12.6,-9.200000000000001,16
11990,200780.0,0.8,-1.1,-1.3,0.7000000000000001,0.7000000000000001,8.4,1.6,-12.6,-9.200000000000001,16
11991,200798.0,0.7000000000000001,-0.9,-1.5,0.6000000000000001,0.9,8.200000000000001,-5.9,-16.0,-6.5,16
11992,200813.0,0.1,-0.8,-1.5,0.2,1.0,8.1,-5.4,-13.200000000000001,-2.6,16
11993,200827.0,-0.2,-0.7000000000000001,-1.5,-0.2,1.1,8.1,-2.5,-11.700000000000001,1.0,16
11994,200844.0,-0.7000000000000001,-0.5,-1.5,-0.6000000000000001,1.3,8.1,0.5,-14.0,3.8,16
11995,200861.0,-0.9,-0.4,-1.6,-0.7000000000000001,1.4000000000000001,8.0,2.8,-18.0,5.8,16
11996,200877.0,-0.8,-0.30000000000000004,-1.7000000000000002,-0.7000000000000001,1.5,7.800000000000001,3.4,-21.3,6.2,16
11997,200894.0,-0.9,-0.2,-1.9000000000000001,-0.6000000000000001,1.7000000000000002,7.7,1.3,-23.8,5.8,16
11998,200911.0,-0.7000000000000001,-0.1,-1.8,-0.30000000000000004,1.7000000000000002,7.800000000000001,-3.2,-23.400000000000002,3.8,16
11999,200927.0,-0.7000000000000001,-0.1,-1.7000000000000002,-0.2,1.7000000000000002,8.1,-7.500000000000001,-21.5,0.6000000000000001,16
12000,200944.0,-0.7000000000000001,0.0,-1.1,-0.30000000000000004,1.8,8.5,-11.1,-19.400000000000002,-2.4000000000000004,16
12001,200961.0,-0.8,0.1,-0.9,-0.30000000000000004,1.8,8.5,-11.1,-19.400000000000002,-2.4000000000000004,16
12002,201004.0,-1.4000000000000001,0.30000000000000004,-0.4,-0.8,1.9000000000000001,9.1,-10.9,-7.2,-7.500000000000001,16
12003,201011.0,-1.5,0.30000000000000004,-0.2,-0.9,1.9000000000000001,9.4,-10.600000000000001,-4.300000000000001,-9.200000000000001,16
12004,201027.0,-1.5,0.30000000000000004,0.1,-1.0,2.0,9.8,-10.2,-3.0000000000000004,-10.600000000000001,16
12005,201044.0,-1.5,0.4,0.5,-0.9,2.0,10.200000000000001,-8.3,-2.1999999999999997,-10.8,16
12006,201066.0,-1.3,0.30000000000000004,0.9,-0.8,1.9000000000000001,10.5,-6.4,-3.0000000000000004,-10.600000000000001,16
12007,201079.0,-0.7000000000000001,0.1,1.3,-0.30000000000000004,1.7000000000000002,10.9,-5.8,-3.1,-11.5,16
12008,201094.0,-0.5,0.0,1.4000000000000001,0.0,1.6,11.0,-3.0000000000000004,1.4,-13.4,16
12009,201111.0,-0.6000000000000001,0.1,1.4000000000000001,-0.1,1.6,11.0,0.5,9.200000000000001,-13.100000000000001,16
12010,201128.0,-0.8,0.1,1.4000000000000001,-0.6000000000000001,1.8,11.0,2.8,14.4,-8.3,16
12011,201144.0,-1.3,0.4,1.4000000000000001,-1.0,2.0,11.0,4.2,19.3,-0.6000000000000001,16
12012,201161.0,-1.4000000000000001,0.5,1.7000000000000002,-1.1,2.1,11.4,6.5,20.4,5.2,16
12013,201177.0,-1.2000000000000002,0.5,2.2,-0.7000000000000001,2.1,12.200000000000001,3.8,10.5,4.800000000000001,16
12014,201195.0,-0.6000000000000001,0.7000000000000001,2.7,-0.2,2.3000000000000003,12.200000000000001,-4.1000000000000005,-0.5,0.8,16
12015,201211.0,-0.1,0.8,2.5,0.2,2.4000000000000004,12.200000000000001,-10.3,-3.6,-0.4,16
12016,201227.0,0.6000000000000001,0.7000000000000001,2.4000000000000004,0.8,2.3000000000000003,12.100000000000001,-13.5,-0.1,0.2,16
12017,201244.0,0.9,0.5,2.2,1.2000000000000002,1.9000000000000001,11.8,-10.3,12.100000000000001,-0.9,16
12018,201261.0,1.1,0.2,1.9000000000000001,1.3,1.8,11.700000000000001,-1.0,23.400000000000002,-3.1,16
12019,201277.0,1.1,0.1,1.8,1.2000000000000002,1.7000000000000002,11.600000000000001,5.6,26.700000000000003,-6.3,16
12020,201295.0,1.1,0.1,1.6,1.4000000000000001,1.7000000000000002,11.200000000000001,7.400000000000001,18.400000000000002,-8.9,16
12021,201312.0,1.7000000000000002,0.0,0.8,1.8,1.5,10.4,8.4,13.8,-11.5,16
12022,201328.0,2.3000000000000003,-0.30000000000000004,-0.30000000000000004,2.3000000000000003,1.3,9.5,9.200000000000001,12.700000000000001,-15.5,16
12023,201344.0,2.4000000000000004,-0.4,-0.7000000000000001,2.3000000000000003,1.2000000000000002,8.9,7.9,14.4,-19.0,16
12024,201361.0,2.3000000000000003,-0.4,-1.2000000000000002,2.2,1.3,8.5,6.5,14.700000000000001,-20.4,16
12025,201378.0,2.3000000000000003,-0.30000000000000004,-1.4000000000000001,2.1,1.3,8.3,5.300000000000001,13.200000000000001,-20.3,16
12026,201395.0,2.2,-0.30000000000000004,-1.6,2.2,1.4000000000000001,8.0,3.1,7.6,-20.1,16
12027,201411.0,2.3000000000000003,-0.30000000000000004,-2.0,2.1,1.3,7.7,-0.9,1.7,-21.8,16
12028,201429.0,1.9000000000000001,-0.30000000000000004,-2.1,1.8,1.3,7.6000000000000005,-8.0,-5.8,-24.7,16
12029,201444.0,1.7000000000000002,-0.30000000000000004,-2.1,1.4000000000000001,1.4000000000000001,7.800000000000001,-16.400000000000002,-12.700000000000001,-26.0,16
12030,201461.0,1.1,-0.2,-1.6,1.0,1.4000000000000001,8.3,-23.2,-20.4,-24.1,16
12031,201478.0,0.9,-0.1,-0.9,0.9,1.3,8.8,-28.1,-28.500000000000004,-20.900000000000002,16
12032,201496.0,0.8,-0.2,-0.5,0.9,1.2000000000000002,9.200000000000001,-28.3,-32.5,-18.3,16
12033,201511.0,0.7000000000000001,-0.2,-0.5,0.8,1.2000000000000002,9.3,-23.400000000000002,-28.8,-17.1,16
12034,201527.0,0.30000000000000004,-0.1,-0.5,0.5,1.2000000000000002,9.200000000000001,-15.399999999999999,-20.5,-16.5,16
12035,201544.0,0.1,-0.1,-0.6000000000000001,0.1,1.2000000000000002,9.1,-6.6000000000000005,-10.600000000000001,-16.700000000000003,16
12036,201561.0,-0.6000000000000001,0.0,-0.8,-0.4,1.3,8.9,-0.9,-4.6000000000000005,-17.5,16
12037,201579.0,-1.2000000000000002,0.2,-1.1,-1.0,1.4000000000000001,8.5,0.6000000000000001,-2.6,-17.7,16
12038,201594.0,-1.4000000000000001,0.2,-1.4000000000000001,-1.3,1.5,8.200000000000001,-2.3000000000000003,-2.8,-17.200000000000003,16
12039,201611.0,-1.7000000000000002,0.30000000000000004,-1.6,-1.5,1.5,8.0,-6.3,-3.4,-15.9,16
12040,201628.0,-1.8,0.30000000000000004,-1.6,-1.6,1.5,8.1,-10.0,-4.0,-13.6,16
12041,201644.0,-1.8,0.4,-1.3,-1.5,1.5,8.4,-12.9,-6.5,-10.5,16
12042,201661.0,-1.7000000000000002,0.4,-1.1,-1.4000000000000001,1.5,8.6,-14.500000000000002,-9.700000000000001,-7.300000000000001,16
12043,201677.0,-1.6,0.4,-0.7000000000000001,-1.3,1.5,9.0,-15.9,-13.6,-4.0,16
12044,201696.0,-1.5,0.4,-0.5,-1.1,1.5,9.4,-18.0,-17.599999999999998,0.1,16
12045,201711.0,-1.3,0.5,0.0,-0.8,1.6,9.8,-17.599999999999998,-17.8,5.500000000000001,16
12046,201727.0,-1.1,0.8,0.5,-0.6000000000000001,1.8,10.200000000000001,-11.000000000000002,-11.2,11.5,16
12047,201744.0,-0.8,1.0,0.8,-0.4,1.9000000000000001,10.5,-0.1,-1.2000000000000002,16.900000000000002,16
12048,201761.0,-0.8,1.1,1.0,-0.30000000000000004,2.2,10.700000000000001,11.9,5.500000000000001,20.6,16
12049,201777.0,-0.6000000000000001,1.3,1.0,-0.1,2.4000000000000004,10.700000000000001,21.5,10.4,21.8,16
12050,201797.0,-0.2,1.2000000000000002,0.9,0.2,2.4000000000000004,10.600000000000001,26.400000000000002,11.6,19.3,16
12051,201811.0,0.0,1.2000000000000002,0.9,0.6000000000000001,2.4000000000000004,10.700000000000001,25.2,8.5,13.6,16
12052,201828.0,0.5,1.1,1.1,1.0,2.4000000000000004,10.8,20.6,5.8,7.2,16
12053,201844.0,1.0,1.0,0.9,1.4000000000000001,2.4000000000000004,10.600000000000001,15.7,6.1000000000000005,2.9,16
12054,201862.0,1.1,1.0,0.5,1.4000000000000001,2.3000000000000003,10.200000000000001,11.9,14.500000000000002,0.9,16
12055,201880.0,0.7000000000000001,1.1,0.2,0.7000000000000001,2.6,10.0,10.1,25.6,1.6,16
12056,201894.0,0.7000000000000001,1.1,0.2,0.7000000000000001,2.6,10.0,10.1,25.6,1.6,16
12057,201910.0,-0.8,1.4000000000000001,1.4000000000000001,-0.8,2.8000000000000003,11.600000000000001,5.6,18.1,9.0,16
12058,201927.0,-0.8,1.1,2.2,-0.6000000000000001,2.5,11.9,0.1,-0.30000000000000004,10.5,16
12059,201944.0,-0.30000000000000004,0.6000000000000001,2.0,-0.1,2.0,11.8,0.30000000000000004,-9.0,10.4,16
12060,201960.0,0.1,0.30000000000000004,2.0,0.4,1.6,11.600000000000001,2.8,-8.9,9.1,16
12061,201977.0,0.4,-0.2,1.8,0.5,1.3,11.5,7.0,-2.5,9.4,16
12062,201995.0,0.30000000000000004,-0.4,1.8,0.4,1.1,11.5,12.8,2.3000000000000003,12.200000000000001,16
12063,202011.0,0.30000000000000004,-0.5,1.9000000000000001,0.6000000000000001,1.0,11.600000000000001,15.9,2.4000000000000004,16.2,16
12064,202027.0,0.8,-0.7000000000000001,1.6,1.1,0.8,11.200000000000001,18.5,-1.2000000000000002,19.3,16
12065,202044.0,1.4000000000000001,-1.0,1.0,1.6,0.6000000000000001,10.700000000000001,21.8,-1.3,19.3,16
12066,202061.0,1.6,-1.2000000000000002,0.5,1.8,0.5,10.3,24.1,-0.30000000000000004,17.400000000000002,16
12067,202077.0,1.5,-1.2000000000000002,0.1,1.7000000000000002,0.6000000000000001,9.600000000000001,24.7,1.8,15.9,16
12068,202097.0,1.2000000000000002,-1.3,-0.7000000000000001,1.4000000000000001,0.6000000000000001,8.9,24.9,5.1,15.2,16
12069,202115.0,0.8,-1.3,-1.2000000000000002,1.1,0.6000000000000001,8.5,22.8,5.6,14.200000000000001,16
12070,202130.0,0.6000000000000001,-1.3,-1.4000000000000001,0.9,0.6000000000000001,8.3,17.3,1.9,12.3,16
12071,202145.0,0.6000000000000001,-1.3,-1.5,0.9,0.7000000000000001,8.1,11.3,-3.6,9.700000000000001,16
12072,202161.0,0.7000000000000001,-1.3,-1.5,1.0,0.7000000000000001,8.200000000000001,5.300000000000001,-7.6,5.8,16
12073,202177.0,0.8,-1.2000000000000002,-1.4000000000000001,1.1,0.8,8.3,-0.6000000000000001,-12.000000000000002,1.7,16
12074,202194.0,0.8,-1.2000000000000002,-1.3,1.2000000000000002,0.8,8.4,-6.4,-15.5,-1.7,16
12075,202211.0,0.9,-1.0,-1.3,1.3,0.9,8.3,-11.6,-15.7,-3.8,16
12076,202228.0,0.8,-1.0,-1.4000000000000001,1.2000000000000002,0.9,8.200000000000001,-14.200000000000001,-11.000000000000002,-4.800000000000001,16
12077,202245.0,0.5,-0.8,-1.5,0.8,1.1,8.1,-13.200000000000001,-4.2,-4.800000000000001,16
12078,202261.0,-0.1,-0.6000000000000001,-1.5,0.4,1.2000000000000002,8.200000000000001,-10.700000000000001,-0.5,-3.8,16
12079,202277.0,-0.4,-0.4,-1.4000000000000001,0.0,1.4000000000000001,8.200000000000001,-8.799999999999999,-3.2,-2.1,16
12080,202294.0,-0.6000000000000001,-0.30000000000000004,-1.5,-0.1,1.5,8.1,-7.2,-9.200000000000001,-0.8,16
12081,202311.0,-0.5,-0.30000000000000004,-1.6,0.0,1.5,8.0,-6.9,-12.000000000000002,-1.7,16
12082,202327.0,-0.6000000000000001,-0.2,-1.6,0.0,1.5,7.9,-6.6000000000000005,-15.8,-4.1000000000000005,16
12083,202344.0,-0.6000000000000001,-0.1,-1.6,0.0,1.6,8.0,-6.9,-17.9,-6.6000000000000005,16
12084,202360.0,-0.7000000000000001,0.0,-1.3,-0.1,1.7000000000000002,8.200000000000001,-8.4,-19.400000000000002,-8.5,16
12085,202377.0,-0.7000000000000001,0.1,-1.2000000000000002,-0.1,1.8,8.5,-10.5,-20.3,-9.700000000000001,16
12086,202394.0,-0.8,0.2,-0.8,-0.2,1.9000000000000001,8.9,-12.3,-18.2,-10.5,16
12087,202411.0,-1.0,0.4,-0.4,-0.30000000000000004,2.0,9.200000000000001,-12.5,-14.800000000000002,-11.4,16
12088,202427.0,-1.2000000000000002,0.4,-0.2,-0.5,2.0,9.5,-12.9,-10.8,-12.700000000000001,16
12089,202444.0,-1.4000000000000001,0.5,0.0,-0.7000000000000001,2.0,9.600000000000001,-14.200000000000001,-8.5,-14.0,16
12090,202461.0,-1.6,0.4,0.30000000000000004,-0.8,1.9000000000000001,9.9,-16.2,-6.9,-14.700000000000001,16
12091,202477.0,-1.7000000000000002,0.30000000000000004,0.7000000000000001,-0.9,1.7000000000000002,10.200000000000001,-18.7,-7.500000000000001,-15.100000000000001,16
12092,202494.0,-1.8,0.30000000000000004,0.8,-0.9,1.6,10.5,-19.200000000000003,-7.400000000000001,-13.8,16
12093,202511.0,-1.5,0.2,1.2000000000000002,-0.7000000000000001,1.5,10.9,-16.3,-4.1000000000000005,-11.1,16
12094,202528.0,-1.4000000000000001,0.1,1.6,-0.6000000000000001,1.4000000000000001,11.200000000000001,-9.5,0.30000000000000004,-7.699999999999999,16
12095,202544.0,-1.3,0.1,1.7000000000000002,-0.5,1.4000000000000001,11.3,-2.6,3.1,-4.6000000000000005,16
12096,202561.0,-1.3,0.1,1.8,-0.6000000000000001,1.5,11.5,3.7000000000000006,4.1000000000000005,-1.0,16
12097,202583.0,-1.5,0.30000000000000004,2.0,-0.7000000000000001,1.7000000000000002,11.700000000000001,8.700000000000001,3.5,4.3999999999999995,16
12098,202594.0,-1.4000000000000001,0.4,2.1,-0.6000000000000001,1.8,11.700000000000001,13.200000000000001,2.7,11.000000000000002,16
12099,202611.0,-1.1,0.5,2.1,-0.4,1.9000000000000001,11.8,18.2,4.0,14.500000000000002,16
12100,202628.0,-1.0,0.6000000000000001,2.3000000000000003,-0.4,2.1,12.0,23.400000000000002,5.7,12.9,16
12101,202644.0,-0.9,0.7000000000000001,2.8000000000000003,-0.2,2.3000000000000003,12.700000000000001,23.8,-0.6000000000000001,9.1,16
12102,202661.0,-0.6000000000000001,0.9,3.0,0.2,2.5,12.600000000000001,16.900000000000002,-9.0,5.2,16
12103,202689.0,0.5,0.6000000000000001,2.3000000000000003,1.4000000000000001,2.0,11.8,-1.0,-8.3,-2.9,16
12104,202696.0,0.5,0.6000000000000001,2.3000000000000003,1.4000000000000001,2.0,11.8,-1.0,-8.3,-2.9,16
12105,202710.0,0.8,0.1,1.7000000000000002,1.6,1.7000000000000002,11.3,-8.600000000000001,-0.30000000000000004,-6.7,16
12106,202727.0,0.7000000000000001,-0.30000000000000004,1.4000000000000001,1.5,1.3,11.100000000000001,-8.4,10.9,-6.2,16
12107,202744.0,0.8,-0.6000000000000001,1.1,1.5,0.8,10.600000000000001,-5.0,20.5,-4.7,16
12108,202760.0,0.9,-1.0,0.30000000000000004,1.5,0.5,9.9,1.7,28.1,-3.7000000000000006,16
12109,202780.0,0.9,-1.3,-0.5,1.4000000000000001,0.30000000000000004,9.200000000000001,9.8,34.1,-3.2,16
12110,202794.0,0.8,-1.4000000000000001,-0.9,1.2000000000000002,0.2,8.6,17.3,36.0,-2.1,16
12111,202810.0,0.8,-1.5,-1.4000000000000001,1.1,0.2,8.200000000000001,24.000000000000004,33.900000000000006,0.4,16
12112,202828.0,0.8,-1.5,-1.7000000000000002,1.1,0.30000000000000004,8.0,29.400000000000002,29.700000000000003,3.1,16
12113,202844.0,0.9,-1.5,-2.1,1.1,0.4,7.7,31.4,23.1,4.1000000000000005,16
12114,202861.0,0.9,-1.4000000000000001,-2.1,1.1,0.5,7.5,27.0,13.8,3.3000000000000003,16
12115,202879.0,0.8,-1.3,-2.1,1.0,0.7000000000000001,7.6000000000000005,18.5,4.0,2.4000000000000004,16
12116,202895.0,0.6000000000000001,-1.1,-1.7000000000000002,0.8,0.9,7.9,6.5,-7.500000000000001,3.4,16
12117,202920.0,0.8,-0.9,-1.2000000000000002,1.0,1.0,8.3,-6.8,-18.6,7.0,16
12118,202927.0,0.9,-1.0,-0.9,1.2000000000000002,0.9,8.8,-17.9,-26.200000000000003,10.4,16
12119,202944.0,1.0,-0.9,-0.4,1.4000000000000001,0.9,9.200000000000001,-24.000000000000004,-30.7,12.100000000000001,16
12120,202961.0,0.9,-0.9,-0.2,1.3,0.9,9.5,-24.5,-28.900000000000002,13.6,16
12121,202988.0,0.5,-0.6000000000000001,-0.2,1.1,1.0,9.4,-11.2,-13.9,15.299999999999999,16
12122,202996.0,0.4,-0.6000000000000001,-0.2,1.1,1.0,9.4,-11.2,-13.9,15.299999999999999,16
12123,203015.0,0.2,-0.5,-0.2,0.6000000000000001,1.2000000000000002,9.4,-4.1000000000000005,-6.8,14.100000000000001,16
12124,203027.0,-0.5,-0.2,-0.4,0.1,1.5,9.1,0.7,-4.3999999999999995,13.9,16
12125,203044.0,-0.8,0.0,-0.8,-0.1,1.6,8.8,2.1999999999999997,-3.5,14.3,16
12126,203061.0,-1.0,0.1,-1.0,-0.30000000000000004,1.8,8.4,1.8,-3.0000000000000004,14.700000000000001,16
12127,203078.0,-1.0,0.30000000000000004,-1.3,-0.30000000000000004,1.9000000000000001,8.3,0.1,-2.7,14.700000000000001,16
12128,203094.0,-1.0,0.30000000000000004,-1.3,-0.30000000000000004,1.9000000000000001,8.3,0.1,-2.7,14.700000000000001,16
12129,203110.0,-1.0,0.5,-1.3,-0.30000000000000004,2.1,8.4,-7.0,-3.8,12.700000000000001,16
12130,203129.0,-1.0,0.6000000000000001,-1.1,-0.2,2.2,8.6,-10.5,-5.300000000000001,11.700000000000001,16
12131,203144.0,-0.8,0.7000000000000001,-0.8,-0.1,2.2,8.8,-13.200000000000001,-5.8,10.9,16
12132,203160.0,-0.6000000000000001,0.7000000000000001,-0.6000000000000001,0.2,2.2,9.1,-12.200000000000001,-3.3000000000000003,11.2,16
12133,203177.0,-0.6000000000000001,0.8,-0.30000000000000004,0.2,2.3000000000000003,9.3,-8.1,0.7,12.700000000000001,16
12134,203194.0,-0.6000000000000001,0.9,-0.2,0.2,2.3000000000000003,9.3,-8.1,0.7,12.700000000000001,16
12135,203211.0,-0.6000000000000001,1.0,0.0,0.2,2.5,9.600000000000001,2.0,4.3999999999999995,16.0,16
12136,203227.0,-0.5,1.0,0.2,0.30000000000000004,2.5,9.8,4.800000000000001,2.9,14.600000000000001,16
12137,203245.0,-0.30000000000000004,1.1,0.5,0.5,2.6,10.100000000000001,4.800000000000001,-1.4,11.8,16
12138,203261.0,-0.2,1.1,0.6000000000000001,0.8,2.7,10.3,3.7000000000000006,-5.8,9.700000000000001,16
12139,203285.0,0.6000000000000001,1.1,1.0,1.3,2.7,10.600000000000001,2.5,-8.5,7.1000000000000005,16
12140,203294.0,1.0,1.1,1.2000000000000002,1.9000000000000001,2.6,10.8,1.0999999999999999,-9.8,2.9,16
12141,203311.0,1.4000000000000001,1.0,1.2000000000000002,2.5,2.5,10.8,0.0,-8.3,-2.8,16
12142,203327.0,1.7000000000000002,0.9,1.0,2.6,2.5,10.5,1.2000000000000002,-1.2000000000000002,-8.700000000000001,16
12143,203344.0,1.6,1.0,0.6000000000000001,2.4000000000000004,2.6,10.100000000000001,5.500000000000001,9.9,-13.700000000000001,16
12144,203361.0,0.7000000000000001,1.2000000000000002,0.2,1.5,2.9000000000000004,9.8,10.3,21.900000000000002,-17.5,16
12145,203378.0,0.0,1.3,0.2,0.4,3.1,9.8,10.9,26.9,-19.200000000000003,16
12146,203394.0,-1.1,1.6,0.1,-0.5,3.3000000000000003,9.700000000000001,9.600000000000001,25.400000000000002,-18.3,16
12147,203413.0,-2.0,1.5,-0.1,-1.4000000000000001,3.3000000000000003,9.5,8.700000000000001,26.1,-16.8,16
12148,203427.0,-2.4000000000000004,1.5,0.2,-1.9000000000000001,3.2,10.4,8.5,16.0,-16.0,16
12149,203444.0,-2.1,1.1,1.7000000000000002,-1.5,2.8000000000000003,11.4,-1.6,-5.7,-17.599999999999998,16
12150,203462.0,-1.6,0.8,1.8,-1.5,2.8000000000000003,11.4,-1.6,-5.7,-17.599999999999998,16
12151,203479.0,-0.6000000000000001,0.2,2.0,0.4,1.8,11.8,-18.5,-30.799999999999997,-23.8,16
12152,203503.0,1.0,-0.6000000000000001,1.7000000000000002,1.4000000000000001,1.3,11.600000000000001,-19.9,-27.0,-22.7,16
12153,203511.0,1.3,-0.7000000000000001,1.5,1.9000000000000001,0.9,11.200000000000001,-13.5,-10.2,-17.8,16
12154,203527.0,1.5,-0.9,1.6,2.3000000000000003,0.6000000000000001,11.5,-2.3000000000000003,10.4,-12.5,16
12155,203544.0,1.8,-1.2000000000000002,2.0,2.4000000000000004,0.4,11.8,5.500000000000001,20.5,-9.200000000000001,16
12156,203560.0,1.9000000000000001,-1.3,2.0,2.4000000000000004,0.4,11.8,12.6,24.1,-7.0,16
12157,203577.0,2.0,-1.3,1.5,2.5,0.4,11.0,19.9,25.6,-6.000000000000001,16
12158,203594.0,2.0,-1.3,0.8,2.4000000000000004,0.5,10.3,25.0,24.6,-6.3,16
12159,203610.0,1.9000000000000001,-1.2000000000000002,-0.1,2.3000000000000003,0.6000000000000001,9.600000000000001,27.2,22.6,-7.0,16
12160,203627.0,1.8,-1.1,-0.5,2.0,0.8,8.9,25.400000000000002,19.500000000000004,-7.2,16
12161,203644.0,1.5,-1.0,-1.2000000000000002,1.7000000000000002,1.0,8.3,19.1,14.4,-7.500000000000001,16
12162,203660.0,1.4000000000000001,-1.0,-1.5,1.4000000000000001,1.1,7.9,10.0,7.8,-8.1,16
12163,203677.0,1.0,-0.9,-1.9000000000000001,1.1,1.2000000000000002,7.6000000000000005,1.3,1.8,-7.400000000000001,16
12164,203694.0,0.5,-0.7000000000000001,-2.2,0.7000000000000001,1.4000000000000001,7.4,-4.3999999999999995,-1.9,-5.300000000000001,16
12165,203710.0,0.2,-0.5,-2.3000000000000003,0.5,1.5,7.300000000000001,-7.2,-3.2,-3.0000000000000004,16
12166,203729.0,-0.1,-0.4,-2.3000000000000003,0.2,1.5,7.4,-8.200000000000001,-7.0,-1.5000000000000002,16
12167,203744.0,-0.1,-0.4,-2.2,0.2,1.6,7.5,-9.200000000000001,-12.100000000000001,-2.1,16
12168,203761.0,-0.1,-0.30000000000000004,-2.1,0.30000000000000004,1.6,7.800000000000001,-11.5,-18.400000000000002,-4.1000000000000005,16
12169,203777.0,0.0,-0.1,-1.5,0.4,1.7000000000000002,8.1,-14.700000000000001,-24.8,-5.7,16
12170,203799.0,0.5,0.0,-1.3,0.9,1.8,8.200000000000001,-15.8,-25.8,-6.5,16
12171,203812.0,0.6000000000000001,0.0,-1.2000000000000002,1.2000000000000002,1.8,8.5,-15.2,-20.0,-8.3,16
12172,203827.0,0.6000000000000001,0.1,-0.9,1.2000000000000002,1.8,8.700000000000001,-12.9,-13.100000000000001,-11.3,16
12173,203844.0,0.5,0.2,-0.9,0.9,1.9000000000000001,8.8,-10.4,-6.1000000000000005,-14.500000000000002,16
12174,203860.0,0.0,0.30000000000000004,-0.8,0.5,2.0,8.8,-9.600000000000001,-0.8,-17.3,16
12175,203877.0,-0.5,0.4,-0.9,0.1,2.0,8.700000000000001,-10.600000000000001,1.7,-20.4,16
12176,203894.0,-0.7000000000000001,0.4,-0.9,-0.2,2.0,8.700000000000001,-12.000000000000002,2.5,-23.5,16
12177,203911.0,-1.0,0.4,-0.8,-0.5,2.0,8.8,-13.200000000000001,3.4,-26.0,16
12178,203927.0,-1.1,0.4,-0.7000000000000001,-0.6000000000000001,1.9000000000000001,8.9,-12.5,3.9,-28.1,16
12179,203944.0,-1.2000000000000002,0.30000000000000004,-0.6000000000000001,-0.7000000000000001,1.8,9.1,-10.9,4.3999999999999995,-30.100000000000005,16
12180,203963.0,-1.3,0.2,-0.30000000000000004,-0.9,1.7000000000000002,9.3,-9.9,2.1999999999999997,-32.0,16
12181,203978.0,-1.5,0.2,-0.1,-1.1,1.7000000000000002,9.600000000000001,-10.2,-1.0,-32.5,16
12182,204006.0,-1.6,0.2,0.2,-1.2000000000000002,1.7000000000000002,9.8,-11.2,-4.0,-31.0,16
12183,204010.0,-1.6,0.1,0.30000000000000004,-1.2000000000000002,1.5,10.0,-12.100000000000001,-4.9,-28.6,16
12184,204027.0,-1.6,0.1,0.7000000000000001,-1.3,1.5,10.4,-11.9,-4.0,-24.7,16
12185,204044.0,-1.7000000000000002,0.1,1.0,-1.4000000000000001,1.5,10.700000000000001,-8.5,-3.5,-17.9,16
12186,204060.0,-1.7000000000000002,0.1,1.3,-1.3,1.5,11.0,-2.8,-2.1999999999999997,-10.9,16
12187,204077.0,-1.5,0.1,1.6,-1.2000000000000002,1.4000000000000001,11.200000000000001,3.1,-2.5,-6.4,16
12188,204094.0,-1.5,0.1,1.7000000000000002,-1.1,1.7000000000000002,11.5,8.799999999999999,-4.6000000000000005,-3.7000000000000006,16
12189,204110.0,-1.4000000000000001,0.5,2.0,-1.0,2.0,11.600000000000001,13.200000000000001,-5.0,-2.3000000000000003,16
12190,204127.0,-1.3,0.7000000000000001,2.3000000000000003,-0.8,2.2,12.100000000000001,13.3,-9.3,-3.6,16
12191,204144.0,-1.0,0.9,2.9000000000000004,-0.2,2.5,13.0,3.7000000000000006,-21.200000000000003,-7.1000000000000005,16
12192,204160.0,-0.30000000000000004,0.9,3.3000000000000003,0.5,2.4000000000000004,12.8,-11.4,-29.200000000000003,-8.9,16
12193,204179.0,0.7000000000000001,0.7000000000000001,2.6,1.3,2.1,12.4,-19.400000000000002,-18.1,-7.400000000000001,16
12194,204201.0,0.7000000000000001,0.0,2.5,1.2000000000000002,1.4000000000000001,12.3,-8.9,2.3000000000000003,-4.800000000000001,16
12195,204210.0,0.5,0.0,1.8,0.9,1.4000000000000001,11.200000000000001,10.4,19.6,-0.30000000000000004,16
12196,204229.0,0.30000000000000004,0.0,0.8,0.8,1.4000000000000001,10.8,24.000000000000004,32.4,4.0,16
12197,204246.0,0.4,-0.30000000000000004,1.8,0.8,1.3,11.600000000000001,33.400000000000006,30.799999999999997,3.6,16
12198,204260.0,1.0,-0.6000000000000001,1.4000000000000001,1.5,1.0,11.0,26.1,11.5,-1.5000000000000002,16
12199,204278.0,1.6,-0.7000000000000001,0.2,2.0,1.0,9.8,21.200000000000003,3.5,-5.0,16
12200,204294.0,1.9000000000000001,-0.9,-0.5,2.3000000000000003,0.7000000000000001,8.700000000000001,22.000000000000004,10.2,-6.8,16
12201,204310.0,1.7000000000000002,-1.0,-1.5,1.8,0.8,8.200000000000001,24.400000000000002,23.2,-4.7,16
12202,204327.0,1.1,-1.0,-1.6,1.2000000000000002,0.9,8.1,23.6,29.300000000000004,0.0,16
12203,204344.0,0.8,-1.0,-1.6,0.9,1.0,8.1,18.7,24.3,4.1000000000000005,16
12204,204360.0,0.8,-0.9,-1.6,0.8,1.0,8.0,11.2,15.2,6.000000000000001,16
12205,204377.0,0.7000000000000001,-0.9,-1.6,0.8,1.0,8.0,11.2,15.2,6.000000000000001,16
12206,204395.0,0.7000000000000001,-0.8,-1.4000000000000001,0.7000000000000001,1.1,8.1,4.1000000000000005,5.2,5.9,16
12207,204412.0,0.7000000000000001,-0.8,-1.5,0.8,1.2000000000000002,8.1,-3.3000000000000003,-5.4,2.9,16
12208,204430.0,0.5,-0.7000000000000001,-1.5,0.5,1.3,8.1,-5.2,-4.5,1.9,16
12209,204444.0,0.30000000000000004,-0.7000000000000001,-1.5,0.5,1.3,8.1,-5.2,-4.5,1.9,16
12210,204460.0,-0.2,-0.5,-1.6,-0.30000000000000004,1.4000000000000001,8.0,-11.3,-3.5,4.1000000000000005,16
12211,204477.0,-0.8,-0.5,-1.5,-0.7000000000000001,1.4000000000000001,8.1,-14.3,-5.0,6.2,16
12212,204496.0,-1.1,-0.4,-1.3,-0.9,1.4000000000000001,8.3,-16.1,-6.9,8.3,16
12213,204511.0,-1.2000000000000002,-0.30000000000000004,-1.2000000000000002,-1.1,1.5,8.5,-15.399999999999999,-9.600000000000001,10.8,16
12214,204528.0,-1.3,-0.2,-0.9,-1.1,1.5,8.700000000000001,-13.100000000000001,-10.3,13.3,16
12215,204544.0,-1.3,-0.1,-0.8,-1.0,1.6,8.8,-10.0,-11.3,15.399999999999999,16
12216,204561.0,-1.3,0.0,-0.7000000000000001,-1.0,1.7000000000000002,9.0,-7.8,-11.6,17.7,16
12217,204579.0,-1.3,0.1,-0.6000000000000001,-1.0,1.8,9.0,-7.6,-12.6,20.4,16
12218,204594.0,-1.2000000000000002,0.30000000000000004,-0.5,-0.9,1.9000000000000001,9.1,-8.1,-11.6,23.8,16
12219,204611.0,-1.0,0.4,-0.2,-0.6000000000000001,1.9000000000000001,9.4,-8.1,-9.4,26.700000000000003,16
12220,204627.0,-0.9,0.4,-0.1,-0.4,2.0,9.600000000000001,-6.5,-6.4,28.6,16
12221,204644.0,-0.6000000000000001,0.5,0.2,-0.2,2.1,9.8,-2.1999999999999997,-1.3,30.4,16
12222,204661.0,-0.5,0.7000000000000001,0.2,-0.1,2.2,9.8,4.0,5.0,32.1,16
12223,204678.0,-0.4,0.7000000000000001,0.1,0.0,2.4000000000000004,9.700000000000001,11.3,12.4,32.800000000000004,16
12224,204694.0,-0.4,0.8,0.1,0.0,2.4000000000000004,9.700000000000001,11.3,12.4,32.800000000000004,16
12225,204711.0,-0.2,0.9,0.1,0.1,2.6,9.700000000000001,19.500000000000004,15.7,29.400000000000002,16
12226,204727.0,-0.1,1.0,0.2,0.30000000000000004,2.7,9.9,17.400000000000002,13.5,24.7,16
12227,204744.0,0.2,1.0,0.30000000000000004,0.6000000000000001,2.9000000000000004,10.0,13.200000000000001,9.3,19.500000000000004,16
12228,204760.0,0.5,0.9,0.6000000000000001,0.8,2.7,10.200000000000001,7.9,3.3000000000000003,15.000000000000002,16
12229,204777.0,0.9,1.0,1.0,1.3,2.9000000000000004,10.5,5.1,6.7,12.700000000000001,16
12230,204794.0,1.2000000000000002,0.9,0.8,1.4000000000000001,2.8000000000000003,10.4,4.7,10.700000000000001,9.9,16
12231,204810.0,0.9,1.0,0.5,1.1,2.9000000000000004,10.100000000000001,9.600000000000001,21.3,7.500000000000001,16
12232,204827.0,0.5,1.0,0.5,0.30000000000000004,3.0,10.4,16.700000000000003,28.500000000000004,4.5,16
12233,204844.0,-0.5,1.3,1.6,-0.4,3.3000000000000003,11.4,14.500000000000002,15.7,1.9,16
12234,204860.0,-0.4,1.3,2.0,-0.30000000000000004,3.4000000000000004,11.600000000000001,6.7,-2.0,0.30000000000000004,16
12235,204877.0,-0.30000000000000004,1.2000000000000002,1.9000000000000001,0.0,3.2,11.5,4.5,-11.4,-1.4,16
12236,204898.0,0.2,1.0,1.8,0.4,2.9000000000000004,11.4,6.2,-7.300000000000001,-3.1,16
12237,204914.0,0.4,0.6000000000000001,1.7000000000000002,0.5,2.7,11.3,9.8,1.4,-4.800000000000001,16
12238,204927.0,0.4,0.4,1.6,0.5,2.4000000000000004,11.3,13.5,10.1,-6.9,16
12239,204944.0,0.30000000000000004,0.2,1.9000000000000001,0.5,2.2,11.5,11.6,11.700000000000001,-9.1,16
12240,204961.0,0.6000000000000001,-0.30000000000000004,1.7000000000000002,0.7000000000000001,1.9000000000000001,11.3,5.6,9.200000000000001,-10.3,16
12241,204977.0,0.6000000000000001,-0.5,1.4000000000000001,0.7000000000000001,1.7000000000000002,11.0,2.5,10.4,-8.700000000000001,16
12242,204997.0,0.7000000000000001,-0.7000000000000001,1.5,0.8,1.4000000000000001,11.200000000000001,5.300000000000001,13.0,-4.300000000000001,16
12243,205011.0,1.0,-1.2000000000000002,1.4000000000000001,1.0,1.0,11.0,10.2,14.4,-0.2,16
12244,205027.0,1.2000000000000002,-1.5,0.6000000000000001,1.1,0.7000000000000001,10.3,18.3,16.8,2.3000000000000003,16
12245,205044.0,1.2000000000000002,-1.7000000000000002,0.2,1.0,0.6000000000000001,9.600000000000001,27.7,21.8,3.6,16
12246,205062.0,0.9,-1.7000000000000002,-0.5,0.7000000000000001,0.7000000000000001,9.0,33.900000000000006,24.5,4.9,16
12247,205080.0,0.6000000000000001,-1.7000000000000002,-1.1,0.4,0.8,8.5,36.3,23.400000000000002,7.300000000000001,16
12248,205094.0,0.5,-1.6,-1.4000000000000001,0.2,1.0,8.0,35.199999999999996,19.0,9.3,16
12249,205110.0,0.5,-1.6,-1.6,0.2,1.1,7.9,29.700000000000003,12.100000000000001,9.8,16
12250,205127.0,0.6000000000000001,-1.5,-1.8,0.30000000000000004,1.2000000000000002,7.7,21.6,4.0,8.9,16
12251,205144.0,0.5,-1.4000000000000001,-1.9000000000000001,0.2,1.4000000000000001,7.5,13.0,-1.8,8.200000000000001,16
12252,205160.0,0.4,-1.2000000000000002,-2.1,0.1,1.5,7.300000000000001,6.3,-4.0,8.5,16
12253,205178.0,0.2,-1.1,-2.3000000000000003,-0.1,1.7000000000000002,7.2,1.9,-2.4000000000000004,9.1,16
12254,205194.0,0.0,-0.9,-2.2,-0.4,1.9000000000000001,7.2,-1.0999999999999999,-1.5000000000000002,9.9,16
12255,205211.0,-0.30000000000000004,-0.8,-2.1,-0.5,2.0,7.4,-4.0,-3.8,10.2,16
12256,205227.0,-0.4,-0.7000000000000001,-1.6,-0.6000000000000001,2.0,7.800000000000001,-7.400000000000001,-6.5,9.600000000000001,16
12257,205244.0,-0.4,-0.7000000000000001,-1.4000000000000001,-0.6000000000000001,2.1,8.1,-8.1,-11.700000000000001,9.1,16
12258,205261.0,-0.4,-0.5,-1.2000000000000002,-0.5,2.2,8.3,-6.8,-16.400000000000002,9.3,16
12259,205277.0,-0.5,-0.4,-1.0,-0.5,2.3000000000000003,8.3,-4.800000000000001,-20.0,9.4,16
12260,205294.0,-0.5,-0.30000000000000004,-0.9,-0.5,2.4000000000000004,8.5,-3.2,-22.4,9.700000000000001,16
12261,205311.0,-0.30000000000000004,-0.2,-0.8,-0.30000000000000004,2.5,8.6,-2.7,-23.0,7.8,16
12262,205327.0,-0.30000000000000004,-0.1,-0.6000000000000001,-0.2,2.6,8.8,-2.1999999999999997,-21.6,4.0,16
12263,205346.0,-0.5,0.2,-0.5,-0.30000000000000004,2.8000000000000003,8.8,-1.5000000000000002,-18.3,0.7,16
12264,205361.0,-0.7000000000000001,0.30000000000000004,-0.5,-0.5,3.0,8.9,-1.6,-14.700000000000001,-0.6000000000000001,16
12265,205377.0,-0.8,0.5,-0.30000000000000004,-0.6000000000000001,3.1,9.0,-2.3000000000000003,-11.700000000000001,-1.3,16
12266,205394.0,-0.9,0.4,-0.4,-0.6000000000000001,3.1,9.200000000000001,-3.0000000000000004,-6.5,-3.0000000000000004,16
12267,205410.0,-1.0,0.6000000000000001,0.0,-0.8,3.1,9.4,-1.3,-3.6,-4.9,16
12268,205427.0,-1.1,0.4,0.2,-0.9,3.0,9.600000000000001,0.8,-1.2000000000000002,-7.500000000000001,16
12269,205444.0,-1.3,0.4,0.30000000000000004,-1.1,3.0,9.8,2.6,-2.1999999999999997,-9.200000000000001,16
12270,205462.0,-1.3,0.5,0.7000000000000001,-1.1,3.1,10.100000000000001,1.2000000000000002,-6.000000000000001,-9.4,16
12271,205477.0,-1.1,0.4,1.1,-0.8,3.0,10.5,-2.7,-9.9,-8.9,16
12272,205494.0,-0.7000000000000001,0.4,1.6,-0.4,3.0,11.0,-6.4,-8.5,-8.600000000000001,16
12273,205511.0,-0.6000000000000001,0.30000000000000004,1.9000000000000001,-0.2,3.0,11.4,-5.8,-4.3999999999999995,-7.1000000000000005,16
12274,205528.0,-0.5,0.5,2.2,-0.30000000000000004,3.1,11.700000000000001,0.0,2.6,-4.6000000000000005,16
12275,205544.0,-0.7000000000000001,0.4,2.8000000000000003,-0.5,3.1,12.200000000000001,7.500000000000001,2.3000000000000003,-5.7,16
12276,205561.0,-0.7000000000000001,0.6000000000000001,3.4000000000000004,-0.4,3.4000000000000004,12.9,4.2,-10.700000000000001,-7.500000000000001,16
12277,205577.0,-0.2,0.8,3.1,0.2,3.4000000000000004,12.4,-2.6,-15.7,-5.9,16
12278,205594.0,0.5,0.5,2.3000000000000003,0.8,3.1,11.8,-1.6,-7.6,-6.3,16
12279,205610.0,0.6000000000000001,0.30000000000000004,1.9000000000000001,0.8,3.0,11.200000000000001,5.0,9.700000000000001,-8.799999999999999,16
12280,205629.0,0.2,0.30000000000000004,1.5,0.4,3.0,11.100000000000001,13.4,22.000000000000004,-8.5,16
12281,205645.0,0.1,0.2,1.5,0.2,2.9000000000000004,11.0,17.5,23.700000000000003,-7.400000000000001,16
12282,205660.0,0.30000000000000004,0.1,1.4000000000000001,0.6000000000000001,2.7,10.700000000000001,13.100000000000001,17.9,-7.8,16
12283,205677.0,0.9,-0.30000000000000004,0.8,1.1,2.4000000000000004,10.200000000000001,8.5,12.9,-8.9,16
12284,205697.0,1.6,-0.7000000000000001,0.30000000000000004,1.6,2.1,9.8,6.7,10.4,-10.700000000000001,16
12285,205715.0,1.9000000000000001,-0.9,-0.1,1.9000000000000001,1.9000000000000001,9.5,7.9,14.3,-12.3,16
12286,205727.0,1.9000000000000001,-1.0,-0.2,1.9000000000000001,1.9000000000000001,9.3,8.4,15.9,-12.5,16
12287,205745.0,1.9000000000000001,-0.8,-0.4,1.8,2.0,9.0,7.2,14.4,-10.8,16
12288,205761.0,1.9000000000000001,-0.8,-0.6000000000000001,1.9000000000000001,2.1,8.700000000000001,4.800000000000001,10.4,-8.5,16
12289,205786.0,2.0,-0.6000000000000001,-1.3,1.9000000000000001,2.2,8.3,1.4,7.400000000000001,-7.500000000000001,16
12290,205794.0,1.9000000000000001,-0.5,-1.4000000000000001,1.7000000000000002,2.4000000000000004,8.1,-2.3000000000000003,3.4,-6.4,16
12291,205811.0,1.6,-0.2,-1.3,1.5,2.6,8.1,-6.000000000000001,-2.1,-3.7000000000000006,16
12292,205827.0,1.6,-0.2,-1.3,1.5,2.6,8.1,-6.000000000000001,-2.1,-3.7000000000000006,16
12293,205846.0,1.4000000000000001,0.0,-1.3,1.3,2.8000000000000003,8.1,-8.700000000000001,-15.100000000000001,2.0,16
12294,205861.0,1.4000000000000001,0.0,-1.3,1.3,2.8000000000000003,8.1,-8.700000000000001,-15.100000000000001,2.0,16
12295,205880.0,0.8,0.1,-1.4000000000000001,0.9,2.9000000000000004,8.0,-2.1,-21.900000000000002,-0.6000000000000001,16
12296,205897.0,0.7000000000000001,0.2,-1.7000000000000002,0.8,2.9000000000000004,7.7,0.6000000000000001,-21.6,-4.800000000000001,16
12297,205910.0,0.2,0.2,-1.9000000000000001,0.5,3.0,7.6000000000000005,-0.8,-21.5,-10.600000000000001,16
12298,205928.0,-0.1,0.30000000000000004,-2.0,-0.1,3.1,7.300000000000001,-5.0,-20.2,-12.9,16
12299,205944.0,-0.8,0.30000000000000004,-2.1,-0.6000000000000001,3.0,7.300000000000001,-10.9,-18.6,-11.4,16
12300,205960.0,-1.1,0.2,-1.8,-0.8,2.9000000000000004,7.5,-17.200000000000003,-18.0,-9.200000000000001,16
12301,205986.0,-1.2000000000000002,-0.1,-1.3,-0.8,2.6,8.0,-21.700000000000003,-17.9,-7.699999999999999,16
12302,205994.0,-1.3,-0.1,-1.1,-1.0,2.4000000000000004,8.4,-22.7,-18.2,-6.5,16
12303,206011.0,-1.5,-0.2,-0.7000000000000001,-1.1,2.3000000000000003,8.700000000000001,-21.900000000000002,-19.200000000000003,-3.4,16
12304,206027.0,-1.6,-0.2,-0.6000000000000001,-1.2000000000000002,2.3000000000000003,8.9,-20.8,-20.2,1.5000000000000002,16
12305,206047.0,-1.6,-0.2,-0.4,-1.1,2.2,9.1,-18.3,-19.9,7.9,16
12306,206061.0,-1.3,-0.30000000000000004,-0.1,-0.8,2.1,9.3,-13.700000000000001,-15.9,13.9,16
12307,206079.0,-1.2000000000000002,-0.30000000000000004,0.0,-0.7000000000000001,2.1,9.4,-5.8,-9.1,19.1,16
12308,206094.0,-1.3,-0.2,0.0,-0.7000000000000001,2.2,9.4,3.1,-2.4000000000000004,24.400000000000002,16
12309,206111.0,-1.3,-0.1,0.0,-0.7000000000000001,2.2,9.4,9.5,2.0,28.8,16
12310,206127.0,-1.3,0.0,0.0,-0.7000000000000001,2.4000000000000004,9.4,10.600000000000001,0.7,31.2,16
12311,206144.0,-1.2000000000000002,0.1,0.1,-0.4,2.6,9.5,7.8,-2.9,32.1,16
12312,206162.0,-0.8,0.30000000000000004,0.1,-0.1,2.7,9.600000000000001,3.2,-6.5,31.8,16
12313,206179.0,-0.4,0.5,0.30000000000000004,0.2,2.9000000000000004,9.600000000000001,-1.9,-8.0,32.0,16
12314,206194.0,-0.1,0.5,0.4,0.7000000000000001,2.9000000000000004,9.8,-5.8,-6.8,32.2,16
12315,206211.0,0.4,0.6000000000000001,0.6000000000000001,1.3,2.9000000000000004,10.0,-8.3,-4.7,30.4,16
12316,206227.0,0.7000000000000001,0.5,0.7000000000000001,1.8,2.9000000000000004,10.200000000000001,-9.1,-1.8,25.2,16
12317,206244.0,1.1,0.6000000000000001,0.9,1.9000000000000001,2.9000000000000004,10.3,-7.699999999999999,3.1,19.400000000000002,16
12318,206261.0,0.9,0.8,0.7000000000000001,1.7000000000000002,3.1,10.100000000000001,-4.300000000000001,9.600000000000001,15.5,16
12319,206280.0,0.4,0.9,0.1,1.3,3.2,9.600000000000001,-0.6000000000000001,19.1,13.3,16
12320,206296.0,0.0,1.0,-0.1,0.5,3.3000000000000003,9.3,1.0,27.7,11.9,16
12321,206310.0,-0.9,1.2000000000000002,-0.30000000000000004,-0.4,3.5,9.200000000000001,-0.2,31.2,12.4,16
12322,206327.0,-1.5,1.3,-0.2,-0.9,3.6,9.200000000000001,-1.3,30.599999999999998,14.900000000000002,16
12323,206344.0,-1.6,1.2000000000000002,-0.2,-1.2000000000000002,3.5,9.200000000000001,-0.8,31.6,17.400000000000002,16
12324,206362.0,-2.1,1.1,0.0,-1.7000000000000002,3.5,9.700000000000001,0.5,28.0,17.5,16
12325,206377.0,-2.0,1.3,2.1,-1.6,3.6,11.5,-5.7,3.0000000000000004,16.400000000000002,16
12326,206394.0,-1.0,1.2000000000000002,2.5,-0.1,3.3000000000000003,12.0,-19.1,-20.0,15.000000000000002,16
12327,206411.0,0.4,0.5,2.3000000000000003,1.1,2.6,11.9,-25.5,-32.7,9.600000000000001,16
12328,206427.0,1.6,0.0,2.8000000000000003,2.2,2.1,12.3,-26.6,-31.2,2.1,16
12329,206444.0,2.1,0.0,3.1,3.0,2.0,12.8,-26.1,-23.0,-1.0999999999999999,16
12330,206461.0,2.7,-0.30000000000000004,2.8000000000000003,3.5,1.6,12.3,-20.0,-8.200000000000001,-0.7,16
12331,206480.0,3.0,-0.6000000000000001,1.6,3.7,1.4000000000000001,11.200000000000001,-8.1,13.100000000000001,0.4,16
12332,206500.0,2.2,-0.8,0.4,3.0,1.2000000000000002,10.200000000000001,5.6,33.7,1.6,16
12333,206511.0,1.8,-0.8,0.0,2.2,1.1,9.5,14.100000000000001,41.7,3.8,16
12334,206527.0,1.2000000000000002,-0.9,-1.0,1.7000000000000002,1.2000000000000002,8.700000000000001,18.7,41.9,6.9,16
12335,206548.0,0.9,-0.9,-1.5,1.3,1.2000000000000002,8.200000000000001,22.3,38.800000000000004,9.4,16
12336,206560.0,0.9,-0.9,-1.5,1.2000000000000002,1.2000000000000002,8.1,23.6,30.7,9.1,16
12337,206582.0,0.9,-1.0,-1.6,1.2000000000000002,1.2000000000000002,8.0,21.5,17.1,5.7,16
12338,206594.0,1.0,-1.0,-1.6,1.3,1.3,7.9,15.5,2.9,0.0,16
12339,206610.0,1.1,-1.0,-1.8,1.3,1.3,7.7,7.0,-7.6,-4.9,16
12340,206627.0,1.0,-0.9,-2.1,1.3,1.3,7.4,-2.0,-12.200000000000001,-7.400000000000001,16
12341,206644.0,0.9,-1.0,-2.2,1.1,1.2000000000000002,7.2,-9.600000000000001,-7.9,-8.4,16
12342,206661.0,0.4,-1.0,-2.2,0.6000000000000001,1.2000000000000002,7.4,-15.5,-3.3000000000000003,-8.799999999999999,16
12343,206683.0,-0.2,-0.9,-1.7000000000000002,0.0,1.2000000000000002,7.9,-19.400000000000002,-2.6,-8.4,16
12344,206694.0,-0.5,-0.8,-1.3,-0.30000000000000004,1.3,8.5,-23.700000000000003,-10.700000000000001,-7.6,16
12345,206711.0,-0.6000000000000001,-0.8,-0.7000000000000001,-0.1,1.2000000000000002,8.9,-29.300000000000004,-25.5,-6.9,16
12346,206727.0,0.0,-0.9,-0.4,0.6000000000000001,1.0,9.1,-33.300000000000004,-37.4,-7.9,16
12347,206744.0,0.7000000000000001,-1.0,-0.30000000000000004,1.3,0.8,9.200000000000001,-33.0,-42.400000000000006,-9.8,16
12348,206761.0,0.9,-1.0,-0.30000000000000004,1.7000000000000002,0.8,9.3,-28.6,-39.8,-11.3,16
12349,206782.0,0.9,-0.8,-0.1,1.7000000000000002,0.9,9.4,-22.5,-35.1,-10.700000000000001,16
12350,206798.0,0.7000000000000001,-0.5,-0.2,1.7000000000000002,1.1,9.3,-16.2,-29.200000000000003,-8.4,16
12351,206812.0,0.6000000000000001,-0.4,-0.30000000000000004,1.6,1.2000000000000002,9.200000000000001,-11.000000000000002,-22.2,-7.500000000000001,16
12352,206827.0,0.4,-0.30000000000000004,-0.5,1.3,1.2000000000000002,9.0,-9.200000000000001,-18.0,-10.0,16
12353,206844.0,-0.1,-0.2,-0.8,1.0,1.3,8.8,-8.700000000000001,-16.400000000000002,-13.5,16
12354,206863.0,-0.30000000000000004,-0.1,-0.9,0.6000000000000001,1.4000000000000001,8.700000000000001,-9.700000000000001,-15.6,-17.1,16
12355,206884.0,-1.0,0.1,-0.8,0.30000000000000004,1.5,8.700000000000001,-11.700000000000001,-17.3,-19.6,16
12356,206898.0,-1.1,0.1,-0.6000000000000001,0.0,1.6,8.9,-13.6,-19.9,-21.1,16
12357,206915.0,-1.4000000000000001,0.30000000000000004,-0.2,-0.1,1.6,9.3,-16.400000000000002,-24.5,-22.8,16
12358,206928.0,-1.4000000000000001,0.30000000000000004,0.1,-0.1,1.6,9.700000000000001,-19.700000000000003,-30.7,-25.3,16
12359,206944.0,-1.3,0.30000000000000004,0.30000000000000004,-0.1,1.6,9.700000000000001,-22.8,-34.400000000000006,-28.1,16
12360,206961.0,-1.3,0.4,0.9,0.1,1.6,10.600000000000001,-26.0,-34.800000000000004,-30.000000000000004,16
12361,206984.0,-1.4000000000000001,0.4,1.4000000000000001,0.1,1.6,11.100000000000001,-27.2,-30.9,-31.099999999999998,16
12362,207002.0,-1.6,0.4,1.9000000000000001,-0.1,1.6,11.5,-27.400000000000002,-25.8,-31.0,16
12363,207011.0,-1.7000000000000002,0.5,2.1,-0.2,1.6,11.8,-27.6,-20.1,-29.600000000000005,16
12364,207027.0,-2.0,0.6000000000000001,2.6,-0.5,1.6,12.3,-26.3,-12.5,-26.500000000000004,16
12365,207044.0,-2.3000000000000003,0.7000000000000001,2.9000000000000004,-0.7000000000000001,1.6,12.600000000000001,-22.5,-6.5,-22.6,16
12366,207060.0,-2.4000000000000004,0.7000000000000001,3.3000000000000003,-0.9,1.7000000000000002,13.4,-19.6,-6.1000000000000005,-20.7,16
12367,207077.0,-2.2,0.9,4.5,-0.4,1.7000000000000002,14.100000000000001,-23.3,-16.8,-19.200000000000003,16
12368,207096.0,-1.4000000000000001,0.8,4.0,0.30000000000000004,1.6,13.600000000000001,-22.5,-17.599999999999998,-16.1,16
12369,207111.0,-1.0,0.6000000000000001,3.5,0.8,1.3,12.9,-9.1,1.7,-13.200000000000001,16
12370,207127.0,-0.9,0.4,3.2,0.7000000000000001,1.2000000000000002,13.0,5.0,18.5,-12.5,16
12371,207144.0,-0.9,0.5,3.2,0.6000000000000001,1.4000000000000001,12.9,11.8,25.2,-10.8,16
12372,207160.0,-0.9,0.6000000000000001,3.1,0.8,1.4000000000000001,12.600000000000001,15.299999999999999,23.400000000000002,-7.2,16
12373,207177.0,-0.1,0.30000000000000004,2.5,1.6,1.1,12.200000000000001,18.1,22.1,-5.4,16
12374,207195.0,0.5,0.1,2.3000000000000003,1.6,1.1,12.200000000000001,18.1,22.1,-5.4,16
12375,207210.0,1.6,-0.30000000000000004,1.8,3.2,0.7000000000000001,11.3,28.200000000000003,24.5,-10.0,16
12376,207227.0,2.2,-0.6000000000000001,1.0,3.5,0.6000000000000001,10.5,35.199999999999996,30.000000000000004,-15.000000000000002,16
12377,207244.0,2.4000000000000004,-0.6000000000000001,0.1,3.4000000000000004,0.7000000000000001,9.8,38.7,33.900000000000006,-18.900000000000002,16
12378,207262.0,2.2,-0.6000000000000001,-0.8,3.2,0.8,9.1,36.4,33.7,-19.8,16
12379,207281.0,2.3000000000000003,-0.7000000000000001,-1.3,3.2,0.8,8.6,29.1,29.400000000000002,-18.5,16
12380,207294.0,2.4000000000000004,-0.7000000000000001,-1.6,3.3000000000000003,0.8,8.1,21.3,26.0,-16.6,16
12381,207312.0,2.3000000000000003,-0.8,-2.1,3.1,0.8,7.7,17.8,23.700000000000003,-14.500000000000002,16
12382,207327.0,2.2,-0.8,-2.3000000000000003,2.9000000000000004,0.8,7.4,18.2,23.0,-13.200000000000001,16
12383,207344.0,1.8,-0.8,-2.5,2.4000000000000004,1.0,7.2,18.6,20.1,-12.3,16
12384,207360.0,1.4000000000000001,-0.5,-2.6,2.0,1.2000000000000002,7.1000000000000005,17.200000000000003,13.0,-10.5,16
12385,207378.0,1.1,-0.5,-2.6,1.7000000000000002,1.4000000000000001,7.2,13.3,-0.2,-8.200000000000001,16
12386,207394.0,1.0,-0.30000000000000004,-2.5,1.7000000000000002,1.5,7.2,7.2,-12.700000000000001,-6.8,16
12387,207410.0,0.9,-0.2,-2.1,1.6,1.6,7.5,-1.6,-25.1,-7.0,16
12388,207428.0,0.7000000000000001,-0.2,-2.1,1.5,1.7000000000000002,7.6000000000000005,-6.7,-33.0,-6.5,16
12389,207444.0,0.5,-0.1,-2.0,1.3,1.7000000000000002,7.6000000000000005,-6.6000000000000005,-31.2,-5.1,16
12390,207461.0,0.1,0.0,-1.9000000000000001,1.1,1.8,7.7,-2.9,-24.8,-3.3000000000000003,16
12391,207477.0,-0.2,0.1,-1.8,0.7000000000000001,1.9000000000000001,7.800000000000001,0.9,-18.900000000000002,-1.2000000000000002,16
12392,207494.0,-0.6000000000000001,0.1,-1.7000000000000002,0.4,1.9000000000000001,7.9,1.9,-16.8,-0.2,16
12393,207511.0,-1.0,0.2,-1.6,0.1,2.0,8.0,0.6000000000000001,-17.5,-0.4,16
12394,207527.0,-1.2000000000000002,0.30000000000000004,-1.6,-0.1,2.1,8.0,-2.7,-18.0,-0.5,16
12395,207544.0,-1.5,0.4,-1.5,-0.4,2.2,8.1,-6.6000000000000005,-17.7,1.3,16
12396,207561.0,-1.8,0.5,-1.1,-0.5,2.2,8.5,-11.1,-19.0,4.7,16
12397,207577.0,-1.8,0.5,-0.8,-0.4,2.2,8.9,-15.9,-21.700000000000003,9.0,16
12398,207598.0,-1.4000000000000001,0.4,-0.1,-0.1,2.1,9.3,-17.599999999999998,-22.5,12.8,16
12399,207610.0,-1.4000000000000001,0.4,0.1,0.1,2.0,9.600000000000001,-14.900000000000002,-19.8,15.7,16
12400,207627.0,-1.4000000000000001,0.4,0.2,0.1,2.0,9.700000000000001,-7.500000000000001,-12.8,19.3,16
12401,207644.0,-1.4000000000000001,0.5,0.2,0.0,2.0,9.700000000000001,0.7,-4.5,24.000000000000004,16
12402,207660.0,-1.4000000000000001,0.5,0.1,0.1,2.1,9.600000000000001,8.4,1.3,28.3,16
12403,207677.0,-1.4000000000000001,0.5,0.0,0.1,2.1,9.5,12.8,6.9,30.000000000000004,16
12404,207696.0,-1.4000000000000001,0.6000000000000001,-0.1,0.1,2.2,9.4,13.0,8.9,29.400000000000002,16
12405,207710.0,-1.4000000000000001,0.7000000000000001,-0.1,0.0,2.4000000000000004,9.4,10.8,10.1,28.700000000000003,16
12406,207727.0,-1.4000000000000001,0.9,0.0,0.0,2.5,9.5,6.2,9.4,28.500000000000004,16
12407,207745.0,-1.3,0.9,0.1,0.2,2.6,9.700000000000001,0.1,7.2,28.8,16
12408,207761.0,-0.9,1.0,0.5,0.6000000000000001,2.7,10.100000000000001,-6.000000000000001,4.0,27.900000000000002,16
12409,207778.0,-0.2,1.0,1.1,1.2000000000000002,2.6,10.600000000000001,-10.5,1.5000000000000002,25.3,16
12410,207794.0,0.1,1.0,1.2000000000000002,1.7000000000000002,2.6,10.9,-10.4,2.7,21.400000000000002,16
12411,207810.0,0.5,1.2000000000000002,1.4000000000000001,1.8,2.8000000000000003,10.9,-6.5,9.4,17.1,16
12412,207827.0,0.4,1.5,1.2000000000000002,1.7000000000000002,3.1,10.8,-0.1,18.8,14.4,16
12413,207844.0,0.2,1.7000000000000002,1.1,1.3,3.5,10.8,6.8,27.5,13.6,16
12414,207860.0,-0.2,2.2,1.5,1.1,3.8000000000000003,11.3,11.2,26.500000000000004,12.6,16
12415,207877.0,0.4,2.1,2.4000000000000004,1.7000000000000002,3.8000000000000003,12.0,9.4,11.000000000000002,8.0,16
12416,207894.0,1.0,1.9000000000000001,2.3000000000000003,2.5,3.4000000000000004,11.700000000000001,1.0,-4.9,-1.5000000000000002,16
12417,207911.0,1.8,1.4000000000000001,1.7000000000000002,3.1,2.9000000000000004,11.200000000000001,-5.6,-10.0,-9.5,16
12418,207927.0,2.0,0.8,1.2000000000000002,3.2,2.5,10.9,-11.8,-3.4,-14.3,16
12419,207944.0,1.5,0.5,1.1,2.8000000000000003,2.2,10.8,-14.4,4.300000000000001,-12.700000000000001,16
12420,207960.0,1.4000000000000001,0.4,1.0,2.6,1.8,10.600000000000001,-8.799999999999999,15.299999999999999,-6.2,16
12421,207977.0,1.3,-0.2,0.7000000000000001,2.5,1.4000000000000001,10.4,1.0999999999999999,25.1,-0.4,16
12422,208002.0,1.2000000000000002,-0.7000000000000001,0.30000000000000004,2.3000000000000003,1.0,10.0,12.5,30.4,0.7,16
12423,208012.0,1.2000000000000002,-0.9,0.0,2.1,0.7000000000000001,9.600000000000001,20.7,29.900000000000006,-2.3000000000000003,16
12424,208027.0,0.9,-1.2000000000000002,-0.4,1.8,0.6000000000000001,9.200000000000001,25.3,25.0,-4.300000000000001,16
12425,208043.0,0.8,-1.2000000000000002,-0.7000000000000001,1.5,0.6000000000000001,8.8,27.900000000000002,19.8,-2.3000000000000003,16
12426,208060.0,0.5,-1.2000000000000002,-1.1,1.4000000000000001,0.6000000000000001,8.5,29.1,14.900000000000002,2.1999999999999997,16
12427,208077.0,0.6000000000000001,-1.4000000000000001,-1.4000000000000001,1.5,0.6000000000000001,8.200000000000001,27.8,10.4,4.800000000000001,16
12428,208094.0,0.8,-1.5,-1.4000000000000001,1.6,0.5,8.200000000000001,23.700000000000003,6.000000000000001,4.2,16
12429,208110.0,0.8,-1.4000000000000001,-1.4000000000000001,1.7000000000000002,0.7000000000000001,8.3,17.9,-0.4,2.5,16
12430,208128.0,0.9,-1.3,-1.3,1.8,0.7000000000000001,8.3,11.700000000000001,-5.2,0.9,16
12431,208146.0,0.9,-1.3,-1.2000000000000002,1.8,0.8,8.4,5.1,-9.200000000000001,-1.0999999999999999,16
12432,208163.0,0.8,-1.2000000000000002,-1.0,1.7000000000000002,0.8,8.5,-2.6,-12.000000000000002,-3.0000000000000004,16
12433,208178.0,0.7000000000000001,-1.2000000000000002,-0.9,1.6,0.9,8.700000000000001,-10.4,-14.600000000000001,-3.7000000000000006,16
12434,208195.0,0.5,-1.1,-0.7000000000000001,1.6,0.9,8.700000000000001,-10.4,-14.600000000000001,-3.7000000000000006,16
12435,208212.0,0.2,-0.8,-0.4,1.2000000000000002,1.3,9.3,-18.8,-18.3,0.2,16
12436,208227.0,0.2,-0.5,0.0,1.3,1.4000000000000001,9.600000000000001,-17.5,-19.6,2.1,16
12437,208244.0,0.2,-0.30000000000000004,0.1,1.4000000000000001,1.6,9.600000000000001,-13.700000000000001,-20.8,2.5,16
12438,208261.0,0.30000000000000004,-0.2,0.1,1.6,1.7000000000000002,9.5,-9.8,-21.8,1.7,16
12439,208277.0,0.4,-0.1,-0.30000000000000004,1.7000000000000002,1.8,9.200000000000001,-6.3,-21.1,0.1,16
12440,208294.0,0.5,0.0,-0.7000000000000001,1.8,1.8,8.8,-3.0000000000000004,-17.200000000000003,-1.8,16
12441,208311.0,0.4,0.1,-1.0,1.6,1.9000000000000001,8.4,-0.30000000000000004,-11.9,-4.2,16
12442,208331.0,0.0,0.2,-1.2000000000000002,1.3,2.0,8.200000000000001,0.4,-9.600000000000001,-5.7,16
12443,208345.0,-0.4,0.30000000000000004,-1.4000000000000001,1.0,2.1,8.1,-1.5000000000000002,-10.8,-6.8,16
12444,208360.0,-0.5,0.4,-1.5,0.9,2.2,8.0,-4.800000000000001,-13.0,-8.5,16
12445,208377.0,-0.6000000000000001,0.4,-1.6,0.9,2.1,7.9,-8.700000000000001,-14.3,-12.200000000000001,16
12446,208394.0,-0.7000000000000001,0.30000000000000004,-1.5,0.8,2.0,8.0,-11.8,-12.6,-17.599999999999998,16
12447,208411.0,-0.8,0.30000000000000004,-1.3,0.5,2.1,8.3,-13.100000000000001,-10.600000000000001,-22.5,16
12448,208427.0,-1.2000000000000002,0.4,-0.9,0.30000000000000004,2.1,8.700000000000001,-13.9,-8.0,-25.0,16
12449,208444.0,-1.4000000000000001,0.4,-0.5,0.1,2.0,8.9,-13.6,-7.6,-26.6,16
12450,208460.0,-1.4000000000000001,0.30000000000000004,-0.2,0.1,1.9000000000000001,9.200000000000001,-14.100000000000001,-8.700000000000001,-29.000000000000004,16
12451,208477.0,-1.4000000000000001,0.2,0.0,0.2,1.8,9.600000000000001,-16.400000000000002,-11.4,-31.2,16
12452,208494.0,-1.1,0.0,0.5,0.4,1.6,10.0,-18.0,-13.4,-33.1,16
12453,208510.0,-1.2000000000000002,0.0,0.7000000000000001,0.30000000000000004,1.6,10.4,-17.0,-12.4,-32.800000000000004,16
12454,208527.0,-1.3,0.1,1.1,0.2,1.6,10.700000000000001,-14.100000000000001,-8.799999999999999,-28.3,16
12455,208544.0,-1.5,0.2,1.5,0.0,1.7000000000000002,11.0,-10.600000000000001,-7.1000000000000005,-21.6,16
12456,208561.0,-1.6,0.30000000000000004,1.9000000000000001,-0.1,1.8,11.4,-6.000000000000001,-5.1,-14.100000000000001,16
12457,208577.0,-1.5,0.30000000000000004,2.0,0.1,1.8,11.600000000000001,0.8,-0.4,-8.9,16
12458,208594.0,-1.3,0.30000000000000004,2.1,0.2,1.9000000000000001,11.600000000000001,10.5,6.4,-6.9,16
12459,208610.0,-1.3,0.4,2.0,0.1,2.0,11.5,20.4,14.0,-7.6,16
12460,208627.0,-1.4000000000000001,0.6000000000000001,2.1,0.0,2.3000000000000003,11.9,25.5,15.100000000000001,-9.5,16
12461,208644.0,-1.4000000000000001,0.9,2.8000000000000003,0.0,2.7,12.3,20.3,6.000000000000001,-11.2,16
12462,208660.0,-0.8,1.0,2.6,0.6000000000000001,2.8000000000000003,12.200000000000001,9.9,-4.9,-11.5,16
12463,208677.0,-0.4,0.9,2.5,1.3,2.7,11.9,-1.0,-8.799999999999999,-12.5,16
12464,208694.0,0.4,0.6000000000000001,2.0,1.9000000000000001,2.3000000000000003,11.5,-6.7,-0.6000000000000001,-13.3,16
12465,208710.0,0.7000000000000001,0.30000000000000004,1.6,2.1,2.0,11.200000000000001,-5.0,13.4,-13.0,16
12466,208727.0,0.7000000000000001,0.1,1.5,2.1,1.8,11.100000000000001,1.6,20.1,-11.000000000000002,16
12467,208745.0,1.0,-0.2,1.3,2.3000000000000003,1.5,10.8,5.9,21.3,-9.5,16
12468,208761.0,1.4000000000000001,-0.5,0.6000000000000001,2.6,1.3,10.200000000000001,8.1,17.5,-9.700000000000001,16
12469,208777.0,1.6,-0.6000000000000001,0.1,3.0,1.1,9.4,10.1,17.7,-12.5,16
12470,208794.0,1.9000000000000001,-0.9,-0.6000000000000001,3.0,1.0,8.9,11.9,19.6,-17.1,16
12471,208810.0,1.8,-0.9,-1.1,2.9000000000000004,1.1,8.5,12.000000000000002,19.9,-20.8,16
12472,208827.0,1.8,-0.8,-1.4000000000000001,2.8000000000000003,1.2000000000000002,8.3,7.9,15.6,-21.6,16
12473,208844.0,1.8,-0.8,-1.5,2.8000000000000003,1.2000000000000002,8.1,0.2,9.200000000000001,-21.400000000000002,16
12474,208860.0,1.9000000000000001,-0.7000000000000001,-1.7000000000000002,2.9000000000000004,1.2000000000000002,7.9,-8.200000000000001,2.8,-20.7,16
12475,208877.0,1.8,-0.6000000000000001,-1.8,2.8000000000000003,1.3,7.800000000000001,-15.2,-1.2000000000000002,-18.8,16
12476,208895.0,1.7000000000000002,-0.6000000000000001,-1.8,2.5,1.3,7.9,-19.0,-2.8,-15.5,16
12477,208915.0,1.3,-0.4,-1.5,2.2,1.4000000000000001,8.200000000000001,-19.8,-4.800000000000001,-11.3,16
12478,208927.0,0.8,-0.1,-0.9,1.8,1.6,8.700000000000001,-17.599999999999998,-9.0,-6.9,16
12479,208945.0,0.6000000000000001,0.0,-0.7000000000000001,1.6,1.8,8.9,-13.200000000000001,-15.000000000000002,-4.7,16
12480,208960.0,0.4,0.2,-0.8,1.5,1.9000000000000001,8.700000000000001,-7.9,-18.8,-5.0,16
12481,208977.0,0.30000000000000004,0.30000000000000004,-1.2000000000000002,1.4000000000000001,1.9000000000000001,8.4,-3.6,-18.900000000000002,-7.400000000000001,16
12482,209007.0,-0.4,0.4,-1.7000000000000002,0.7000000000000001,2.1,7.800000000000001,-4.800000000000001,-12.100000000000001,-14.200000000000001,16
12483,209010.0,-0.4,0.4,-1.7000000000000002,0.7000000000000001,2.1,7.800000000000001,-4.800000000000001,-12.100000000000001,-14.200000000000001,16
12484,209027.0,-1.0,0.5,-1.8,0.2,2.1,7.7,-8.9,-10.0,-15.000000000000002,16
12485,209044.0,-1.3,0.4,-1.7000000000000002,-0.1,2.0,7.9,-15.000000000000002,-10.8,-13.8,16
12486,209060.0,-1.5,0.30000000000000004,-1.5,-0.2,1.9000000000000001,8.1,-20.5,-11.6,-11.8,16
12487,209081.0,-1.5,0.1,-1.1,-0.2,1.7000000000000002,8.5,-23.6,-13.200000000000001,-9.5,16
12488,209098.0,-1.4000000000000001,0.0,-0.7000000000000001,-0.1,1.5,8.8,-22.6,-15.299999999999999,-7.1000000000000005,16
12489,209112.0,-1.2000000000000002,0.0,-0.4,0.1,1.4000000000000001,9.200000000000001,-19.500000000000004,-16.700000000000003,-3.9,16
12490,209127.0,-1.1,0.0,0.0,0.2,1.4000000000000001,9.5,-15.6,-17.7,0.30000000000000004,16
12491,209144.0,-1.2000000000000002,0.1,0.1,0.2,1.5,9.700000000000001,-11.3,-17.5,6.2,16
12492,209161.0,-1.3,0.4,0.30000000000000004,0.2,1.7000000000000002,9.8,-6.8,-15.299999999999999,13.5,16
12493,209177.0,-1.2000000000000002,0.6000000000000001,0.30000000000000004,0.30000000000000004,1.9000000000000001,9.8,-1.5000000000000002,-11.6,19.9,16
12494,209194.0,-1.0,0.6000000000000001,0.30000000000000004,0.6000000000000001,1.9000000000000001,9.8,2.8,-6.1000000000000005,22.1,16
12495,209211.0,-0.9,0.8,0.30000000000000004,0.6000000000000001,2.1,9.8,6.2,-0.9,22.000000000000004,16
12496,209227.0,-0.9,1.0,0.30000000000000004,0.6000000000000001,2.3000000000000003,9.8,7.500000000000001,4.0,21.5,16
12497,209253.0,-0.8,1.2000000000000002,0.30000000000000004,0.7000000000000001,2.5,9.8,6.8,8.4,20.7,16
12498,209260.0,-0.8,1.3,0.4,0.8,2.7,10.0,5.500000000000001,10.700000000000001,19.6,16
12499,209278.0,-0.4,1.3,0.6000000000000001,1.1,2.7,10.200000000000001,3.0000000000000004,11.1,16.6,16
12500,209294.0,-0.1,1.3,0.7000000000000001,1.5,2.6,10.3,-1.4,9.0,11.5,16
12501,209310.0,0.30000000000000004,1.2000000000000002,1.0,1.7000000000000002,2.6,10.600000000000001,-5.8,9.4,7.0,16
12502,209327.0,0.4,1.4000000000000001,1.2000000000000002,1.8,2.7,10.8,-5.9,12.9,5.6,16
12503,209344.0,0.4,1.5,1.3,1.8,2.8000000000000003,10.9,-2.6,18.7,6.000000000000001,16
12504,209360.0,0.30000000000000004,1.5,1.2000000000000002,1.4000000000000001,2.9000000000000004,10.9,2.3000000000000003,24.5,6.4,16
12505,209379.0,-0.1,1.7000000000000002,1.6,1.1,3.1,11.4,7.1000000000000005,23.1,7.500000000000001,16
12506,209394.0,-0.1,1.8,2.1,1.2000000000000002,3.0,11.8,7.6,11.6,6.6000000000000005,16
12507,209412.0,0.30000000000000004,1.4000000000000001,1.8,1.6,2.7,11.4,7.1000000000000005,1.7,1.5000000000000002,16
12508,209427.0,0.5,1.1,1.8,1.8,2.5,11.4,5.0,-6.000000000000001,-4.1000000000000005,16
12509,209444.0,0.6000000000000001,0.9,1.8,1.8,2.5,11.4,5.0,-6.000000000000001,-4.1000000000000005,16
12510,209461.0,1.0,0.4,1.4000000000000001,2.4000000000000004,1.6,11.0,-7.400000000000001,-15.000000000000002,-9.700000000000001,16
12511,209482.0,1.4000000000000001,-0.5,1.1,2.7,1.1,10.9,-8.1,-13.0,-9.9,16
12512,209494.0,1.4000000000000001,-0.5,1.1,2.9000000000000004,0.6000000000000001,10.600000000000001,-8.1,-13.0,-9.9,16
12513,209510.0,1.7000000000000002,-1.1,0.6000000000000001,3.2,0.1,10.0,1.7,-6.2,-7.8,16
12514,209527.0,1.9000000000000001,-1.6,-0.1,3.2,-0.2,9.5,13.0,5.500000000000001,-9.0,16
12515,209545.0,1.4000000000000001,-1.6,-0.6000000000000001,2.8000000000000003,-0.1,9.1,26.8,17.599999999999998,-8.700000000000001,16
12516,209560.0,1.1,-1.6,-0.7000000000000001,2.2,0.0,8.700000000000001,34.6,23.1,-7.0,16
12517,209582.0,0.4,-1.5,-1.4000000000000001,1.7000000000000002,0.2,8.3,35.6,20.8,-4.1000000000000005,16
12518,209594.0,0.4,-1.5,-1.5,1.6,0.30000000000000004,8.1,31.2,15.100000000000001,-1.2000000000000002,16
12519,209610.0,0.4,-1.5,-1.5,1.6,0.30000000000000004,8.200000000000001,22.1,5.6,-0.4,16
12520,209627.0,0.6000000000000001,-1.5,-1.2000000000000002,1.9000000000000001,0.4,8.5,11.6,-6.7,-1.2000000000000002,16
12521,209646.0,1.2000000000000002,-1.5,-0.8,2.4000000000000004,0.30000000000000004,8.8,-0.1,-19.9,-3.8,16
12522,209661.0,1.5,-1.6,-0.8,2.9000000000000004,0.2,8.8,-9.9,-26.9,-7.1000000000000005,16
12523,209682.0,1.7000000000000002,-1.6,-0.7000000000000001,3.1,0.1,8.8,-15.8,-25.900000000000002,-9.200000000000001,16
12524,209697.0,1.5,-1.6,-0.8,2.8000000000000003,0.2,8.8,-17.1,-18.7,-9.4,16
12525,209711.0,0.7000000000000001,-1.3,-0.9,2.3000000000000003,0.30000000000000004,8.700000000000001,-12.9,-9.4,-6.4,16
12526,209727.0,0.4,-1.2000000000000002,-0.9,1.7000000000000002,0.5,8.700000000000001,-6.8,-2.3000000000000003,-2.3000000000000003,16
12527,209744.0,-0.1,-1.0,-1.0,1.4000000000000001,0.6000000000000001,8.5,-1.9,-3.3000000000000003,-0.30000000000000004,16
12528,209760.0,-0.4,-0.8,-1.3,1.1,0.8,8.200000000000001,1.2000000000000002,-7.500000000000001,-0.1,16
12529,209782.0,-0.7000000000000001,-0.5,-1.5,0.9,1.1,8.0,1.3,-13.100000000000001,-0.7,16
12530,209794.0,-0.8,-0.4,-1.6,0.8,1.3,7.9,-2.1999999999999997,-20.3,-1.9,16
12531,209811.0,-0.9,-0.1,-1.5,0.7000000000000001,1.5,7.9,-8.0,-27.1,-3.4,16
12532,209827.0,-1.0,0.0,-1.4000000000000001,0.7000000000000001,1.6,8.1,-15.2,-32.0,-5.1,16
12533,209844.0,-1.1,0.1,-1.1,0.8,1.6,8.4,-22.1,-34.6,-6.2,16
12534,209862.0,-0.9,0.2,-0.5,1.0,1.6,8.9,-27.7,-34.2,-7.1000000000000005,16
12535,209882.0,-0.7000000000000001,0.2,0.1,1.3,1.6,9.5,-28.8,-29.400000000000002,-9.200000000000001,16
12536,209894.0,-0.7000000000000001,0.2,0.4,1.4000000000000001,1.5,9.8,-24.8,-21.700000000000003,-12.3,16
12537,209911.0,-0.8,0.30000000000000004,0.7000000000000001,1.3,1.5,10.100000000000001,-17.9,-13.700000000000001,-15.7,16
12538,209927.0,-0.9,0.30000000000000004,0.8,1.0,1.6,10.200000000000001,-10.600000000000001,-6.8,-18.7,16
12539,209944.0,-1.2000000000000002,0.4,0.9,0.8,1.6,10.4,-7.0,-2.7,-20.8,16
12540,209961.0,-1.6,0.4,1.0,0.5,1.6,10.5,-6.8,-2.9,-21.200000000000003,16
12541,209990.0,-1.7000000000000002,0.30000000000000004,1.2000000000000002,0.30000000000000004,1.5,10.700000000000001,-7.1000000000000005,-3.1,-15.000000000000002,16
12542,210000.0,-1.7000000000000002,0.2,1.2000000000000002,0.30000000000000004,1.5,10.700000000000001,-7.1000000000000005,-3.1,-15.000000000000002,16
12543,210010.0,-1.6,0.1,1.2000000000000002,0.4,1.3,10.700000000000001,-6.4,-1.8,-10.4,16
12544,210027.0,-1.6,0.0,1.3,0.30000000000000004,1.2000000000000002,10.8,-3.4,0.0,-5.500000000000001,16
12545,210043.0,-2.0,0.0,1.5,0.0,1.2000000000000002,11.0,0.7,0.30000000000000004,1.8,16
12546,210060.0,-2.2,0.1,1.8,-0.2,1.3,11.3,4.3999999999999995,-1.4,10.9,16
12547,210082.0,-2.2,0.30000000000000004,2.1,-0.2,1.5,11.600000000000001,8.4,-4.7,20.6,16
12548,210100.0,-1.8,0.30000000000000004,2.4000000000000004,0.1,1.6,11.8,14.800000000000002,-5.300000000000001,28.900000000000002,16
12549,210111.0,-1.6,0.4,2.5,0.5,1.6,12.0,23.700000000000003,-2.7,33.1,16
12550,210128.0,-1.0,0.5,2.7,1.0,1.8,12.3,31.7,-1.3,31.7,16
12551,210144.0,-0.6000000000000001,0.6000000000000001,3.0,1.7000000000000002,2.1,12.600000000000001,33.2,-5.300000000000001,26.6,16
12552,210161.0,0.2,0.7000000000000001,2.8000000000000003,2.4000000000000004,2.2,12.200000000000001,26.1,-9.5,20.0,16
12553,210177.0,1.0,0.5,2.0,3.1,2.0,11.600000000000001,18.900000000000002,-2.0,12.5,16
12554,210194.0,1.1,0.30000000000000004,1.7000000000000002,3.3000000000000003,1.9000000000000001,10.9,14.100000000000001,17.400000000000002,4.300000000000001,16
12555,210210.0,0.9,0.1,1.2000000000000002,2.8000000000000003,1.8,10.8,13.0,35.3,-1.0,16
12556,210229.0,0.7000000000000001,0.0,0.7000000000000001,2.5,1.7000000000000002,10.3,14.4,43.800000000000004,-2.5,16
12557,210244.0,0.8,-0.2,0.6000000000000001,2.5,1.4000000000000001,10.100000000000001,11.700000000000001,50.2,-4.6000000000000005,16
12558,210260.0,0.8,-0.5,0.1,2.4000000000000004,1.2000000000000002,9.600000000000001,10.700000000000001,48.1,-8.200000000000001,16
12559,210278.0,1.0,-0.9,-0.5,2.5,0.9,9.200000000000001,11.6,45.2,-12.8,16
12560,210294.0,1.1,-1.0,-0.8,2.6,0.7000000000000001,8.700000000000001,12.6,41.7,-17.3,16
12561,210311.0,1.3,-1.1,-1.2000000000000002,2.6,0.7000000000000001,8.4,13.6,36.3,-19.9,16
12562,210327.0,1.6,-1.2000000000000002,-1.4000000000000001,2.8000000000000003,0.7000000000000001,8.200000000000001,13.200000000000001,29.500000000000004,-20.6,16
12563,210344.0,1.8,-1.2000000000000002,-1.6,3.0,0.7000000000000001,7.9,9.8,22.7,-20.5,16
12564,210362.0,2.0,-1.2000000000000002,-2.1,3.0,0.8,7.5,5.7,19.200000000000003,-19.1,16
12565,210381.0,2.0,-1.0,-2.3000000000000003,3.0,0.9,7.300000000000001,3.5,20.2,-16.6,16
12566,210395.0,1.9000000000000001,-1.0,-2.2,2.6,1.0,7.5,1.7,20.6,-14.0,16
12567,210410.0,1.4000000000000001,-0.7000000000000001,-2.0,2.2,1.2000000000000002,7.7,0.5,15.5,-10.5,16
12568,210427.0,0.9,-0.5,-1.7000000000000002,1.8,1.4000000000000001,7.9,-1.4,6.1000000000000005,-5.7,16
12569,210444.0,0.9,-0.4,-1.6,1.7000000000000002,1.5,8.1,-4.6000000000000005,-6.9,-1.6,16
12570,210460.0,0.8,-0.30000000000000004,-1.3,1.8,1.6,8.3,-8.9,-20.0,1.2000000000000002,16
12571,210478.0,0.9,-0.1,-1.1,1.9000000000000001,1.7000000000000002,8.4,-12.6,-27.3,3.2,16
12572,210494.0,0.8,-0.1,-1.0,1.8,1.8,8.6,-12.9,-27.8,4.2,16
12573,210510.0,0.5,0.0,-0.9,1.6,1.7000000000000002,8.700000000000001,-11.5,-25.400000000000002,3.9,16
12574,210527.0,0.0,0.1,-0.7000000000000001,1.2000000000000002,1.8,8.8,-10.5,-23.700000000000003,3.5,16
12575,210545.0,-0.6000000000000001,0.2,-0.7000000000000001,0.8,1.9000000000000001,8.8,-10.600000000000001,-24.000000000000004,3.6,16
12576,210561.0,-0.8,0.2,-0.7000000000000001,0.5,1.9000000000000001,8.700000000000001,-12.100000000000001,-24.5,3.1,16
12577,210579.0,-1.1,0.2,-0.9,0.30000000000000004,1.8,8.6,-13.8,-23.2,2.1999999999999997,16
12578,210599.0,-1.4000000000000001,0.2,-0.7000000000000001,0.1,1.8,8.8,-15.399999999999999,-21.5,1.7,16
12579,210610.0,-1.6,0.2,-0.6000000000000001,-0.1,1.7000000000000002,8.9,-16.6,-20.4,2.6,16
12580,210627.0,-1.8,0.1,-0.4,-0.2,1.6,9.1,-16.3,-19.6,4.800000000000001,16
12581,210644.0,-1.8,0.1,-0.2,-0.2,1.6,9.3,-14.600000000000001,-18.2,7.8,16
12582,210660.0,-1.9000000000000001,0.2,-0.1,-0.2,1.6,9.5,-11.5,-16.0,11.1,16
12583,210678.0,-1.9000000000000001,0.2,0.1,-0.2,1.6,9.600000000000001,-7.500000000000001,-12.6,15.2,16
12584,210697.0,-1.9000000000000001,0.30000000000000004,0.2,-0.1,1.7000000000000002,9.8,-2.8,-8.600000000000001,19.700000000000003,16
12585,210710.0,-1.8,0.4,0.2,0.0,1.8,9.700000000000001,2.6,-2.1,23.6,16
12586,210727.0,-1.7000000000000002,0.5,0.2,0.0,1.9000000000000001,9.700000000000001,7.2,4.1000000000000005,26.200000000000003,16
12587,210744.0,-1.8,0.6000000000000001,0.2,-0.1,2.0,9.700000000000001,9.600000000000001,8.4,27.8,16
12588,210761.0,-1.8,0.7000000000000001,0.2,0.0,2.2,9.8,8.600000000000001,9.200000000000001,29.400000000000002,16
12589,210778.0,-1.5,0.8,0.4,0.30000000000000004,2.3000000000000003,9.9,4.6000000000000005,8.4,30.000000000000004,16
12590,210794.0,-0.9,0.9,0.6000000000000001,0.8,2.3000000000000003,10.100000000000001,0.8,9.8,29.1,16
12591,210810.0,-0.6000000000000001,0.9,0.7000000000000001,1.2000000000000002,2.3000000000000003,10.3,-0.5,14.0,27.400000000000002,16
12592,210827.0,-0.1,1.0,1.1,1.6,2.4000000000000004,10.700000000000001,-1.8,15.399999999999999,24.7,16
12593,210844.0,0.5,1.0,1.4000000000000001,2.1,2.4000000000000004,10.9,-3.0000000000000004,15.299999999999999,21.200000000000003,16
12594,210861.0,0.8,1.0,1.4000000000000001,2.5,2.4000000000000004,10.9,-3.1,16.8,16.6,16
12595,210878.0,0.8,1.0,1.4000000000000001,2.5,2.4000000000000004,10.9,-3.1,16.8,16.6,16
12596,210895.0,0.9,1.3,1.4000000000000001,2.3000000000000003,2.7,11.100000000000001,1.3,23.700000000000003,9.9,16
12597,210911.0,0.7000000000000001,1.4000000000000001,1.9000000000000001,2.0,3.0,11.8,1.2000000000000002,18.8,8.600000000000001,16
12598,210927.0,0.6000000000000001,1.5,2.3000000000000003,2.0,2.9000000000000004,11.9,-0.1,11.1,6.7,16
12599,210944.0,0.7000000000000001,1.5,2.2,2.0,2.9000000000000004,11.9,0.7,7.8,4.5,16
12600,210960.0,0.7000000000000001,1.3,2.2,2.0,2.8000000000000003,11.9,3.8,9.8,2.6,16
12601,210980.0,0.7000000000000001,1.2000000000000002,2.0,2.1,2.5,11.600000000000001,7.6,13.6,0.30000000000000004,16
12602,210996.0,0.8,0.8,1.7000000000000002,2.1,2.3000000000000003,11.3,13.5,20.4,-2.1,16
12603,211010.0,1.0,0.4,1.3,2.1,2.0,11.0,18.3,24.5,-4.6000000000000005,16
12604,211027.0,1.2000000000000002,0.1,1.0,2.4000000000000004,1.5,10.5,20.1,24.8,-7.1000000000000005,16
12605,211044.0,1.4000000000000001,-0.5,0.2,2.5,1.1,9.8,21.900000000000002,26.3,-9.1,16
12606,211060.0,1.4000000000000001,-0.9,-0.5,2.4000000000000004,0.8,9.200000000000001,25.5,30.599999999999998,-10.3,16
12607,211077.0,1.3,-1.1,-0.6000000000000001,2.1,0.6000000000000001,9.0,27.900000000000002,31.6,-10.3,16
12608,211094.0,1.3,-1.4000000000000001,-0.9,2.0,0.4,8.8,27.7,28.1,-9.9,16
12609,211110.0,1.2000000000000002,-1.6,-1.2000000000000002,1.9000000000000001,0.30000000000000004,8.5,25.900000000000002,22.900000000000002,-9.600000000000001,16
12610,211129.0,1.0,-1.8,-1.5,1.7000000000000002,0.2,8.200000000000001,25.2,19.1,-8.9,16
12611,211144.0,1.0,-1.9000000000000001,-1.6,1.6,0.2,8.0,23.900000000000002,15.2,-7.9,16
12612,211160.0,0.8,-2.0,-1.6,1.4000000000000001,0.1,8.0,20.5,10.2,-6.8,16
12613,211177.0,0.6000000000000001,-2.0,-1.6,1.2000000000000002,0.2,8.0,15.100000000000001,2.7,-5.1,16
12614,211194.0,0.5,-1.9000000000000001,-1.3,1.1,0.30000000000000004,8.3,7.500000000000001,-6.9,-2.9,16
12615,211210.0,0.6000000000000001,-1.7000000000000002,-1.1,1.3,0.4,8.5,-1.0,-18.5,0.1,16
12616,211227.0,0.7000000000000001,-1.7000000000000002,-1.1,1.5,0.5,8.5,-8.600000000000001,-23.8,3.8,16
12617,211244.0,0.9,-1.5,-1.0,1.6,0.6000000000000001,8.5,-13.4,-23.2,7.0,16
12618,211260.0,0.6000000000000001,-1.2000000000000002,-1.0,1.4000000000000001,0.8,8.6,-15.2,-17.5,10.1,16
12619,211277.0,0.30000000000000004,-1.1,-0.9,1.0,1.0,8.700000000000001,-13.6,-11.4,13.3,16
12620,211294.0,-0.2,-0.8,-0.7000000000000001,0.6000000000000001,1.2000000000000002,8.8,-10.8,-9.200000000000001,15.399999999999999,16
12621,211311.0,-0.6000000000000001,-0.5,-0.7000000000000001,0.30000000000000004,1.4000000000000001,8.8,-8.0,-10.0,16.1,16
12622,211327.0,-0.7000000000000001,-0.4,-0.8,0.2,1.6,8.8,-5.2,-10.9,15.6,16
12623,211344.0,-0.9,-0.2,-0.8,0.1,1.7000000000000002,8.700000000000001,-3.7000000000000006,-12.4,13.700000000000001,16
12624,211360.0,-1.1,0.0,-1.0,0.0,1.9000000000000001,8.5,-3.0000000000000004,-12.9,11.3,16
12625,211377.0,-1.1,0.2,-0.8,0.0,2.0,8.6,-4.800000000000001,-12.4,9.0,16
12626,211393.0,-1.1,0.30000000000000004,-0.8,0.1,2.1,8.8,-8.4,-12.3,6.1000000000000005,16
12627,211410.0,-1.0,0.30000000000000004,-0.5,0.2,2.1,9.0,-13.6,-11.4,3.3000000000000003,16
12628,211427.0,-0.9,0.30000000000000004,-0.30000000000000004,0.30000000000000004,2.0,9.200000000000001,-17.9,-9.1,1.3,16
12629,211444.0,-0.9,0.30000000000000004,-0.1,0.30000000000000004,2.0,9.600000000000001,-18.900000000000002,-6.9,0.5,16
12630,211461.0,-0.8,0.30000000000000004,0.30000000000000004,0.5,2.0,9.8,-15.8,-3.5,-0.2,16
12631,211477.0,-0.5,0.30000000000000004,0.5,0.7000000000000001,1.9000000000000001,10.0,-8.4,2.7,-2.7,16
12632,211493.0,-0.5,0.30000000000000004,0.4,0.6000000000000001,1.9000000000000001,10.0,0.4,7.1000000000000005,-7.400000000000001,16
12633,211511.0,-0.6000000000000001,0.4,0.4,0.5,2.0,10.0,3.9,9.4,-12.5,16
12634,211527.0,-0.9,0.5,0.30000000000000004,0.2,2.1,9.8,0.8,8.799999999999999,-15.8,16
12635,211544.0,-1.0,0.5,0.1,-0.1,2.2,9.600000000000001,-3.4,12.100000000000001,-14.800000000000002,16
12636,211560.0,-1.3,0.5,0.2,-0.4,2.2,9.8,-6.3,15.299999999999999,-10.5,16
12637,211577.0,-1.6,0.4,0.8,-0.6000000000000001,2.0,10.3,-8.5,13.6,-5.7,16
12638,211593.0,-1.5,0.4,1.1,-0.4,1.9000000000000001,10.8,-8.200000000000001,4.3999999999999995,-3.8,16
12639,211610.0,-1.4000000000000001,0.1,1.4000000000000001,-0.7000000000000001,1.7000000000000002,11.200000000000001,-4.6000000000000005,2.0,-0.6000000000000001,16
12640,211627.0,-1.6,0.30000000000000004,2.3000000000000003,-0.7000000000000001,1.9000000000000001,11.9,3.6,-3.5,5.0,16
12641,211644.0,-1.3,0.4,2.4000000000000004,-0.4,1.9000000000000001,12.0,12.100000000000001,-8.0,6.9,16
12642,211660.0,-1.0,0.30000000000000004,2.7,0.0,2.0,12.4,14.600000000000001,-16.2,6.7,16
12643,211677.0,-0.6000000000000001,0.4,2.3000000000000003,0.4,2.0,11.9,7.699999999999999,-20.0,6.5,16
12644,211693.0,-0.5,0.30000000000000004,2.0,0.5,1.9000000000000001,11.600000000000001,-0.9,-14.0,8.600000000000001,16
12645,211717.0,-0.6000000000000001,-0.2,1.9000000000000001,0.4,1.6,11.5,-6.2,-5.9,11.9,16
12646,211728.0,-0.6000000000000001,-0.30000000000000004,1.9000000000000001,0.4,1.3,11.5,-3.6,7.0,15.5,16
12647,211744.0,-0.8,-0.5,2.0,0.2,1.1,11.8,0.9,8.1,19.1,16
12648,211760.0,-0.6000000000000001,-0.7000000000000001,1.9000000000000001,0.6000000000000001,0.9,11.5,6.6000000000000005,5.500000000000001,21.8,16
12649,211777.0,0.1,-1.0,1.3,1.1,0.6000000000000001,10.9,14.800000000000002,8.200000000000001,22.3,16
12650,211794.0,0.4,-1.2000000000000002,0.9,1.7000000000000002,0.5,10.200000000000001,25.5,15.9,19.8,16
12651,211811.0,0.7000000000000001,-1.3,0.4,1.9000000000000001,0.5,9.700000000000001,33.5,23.700000000000003,16.0,16
12652,211827.0,1.1,-1.3,-0.2,2.0,0.6000000000000001,9.4,35.0,25.1,12.6,16
12653,211844.0,1.5,-1.4000000000000001,-0.7000000000000001,2.3000000000000003,0.6000000000000001,9.0,28.8,22.900000000000002,10.2,16
12654,211860.0,1.7000000000000002,-1.4000000000000001,-1.0,2.6,0.6000000000000001,8.4,18.7,22.8,8.799999999999999,16
12655,211877.0,2.1,-1.5,-1.6,2.8000000000000003,0.6000000000000001,8.0,8.5,27.2,8.200000000000001,16
12656,211894.0,2.0,-1.5,-1.7000000000000002,2.5,0.5,7.9,0.30000000000000004,31.2,9.3,16
12657,211910.0,1.6,-1.5,-1.7000000000000002,2.1,0.5,8.0,-4.0,30.599999999999998,12.9,16
12658,211927.0,1.2000000000000002,-1.4000000000000001,-1.7000000000000002,1.6,0.6000000000000001,7.9,-4.6000000000000005,26.3,17.8,16
12659,211944.0,0.8,-1.2000000000000002,-1.9000000000000001,1.3,0.7000000000000001,7.7,-2.9,18.7,22.8,16
12660,211963.0,0.30000000000000004,-1.2000000000000002,-1.9000000000000001,0.9,0.7000000000000001,7.7,-0.6000000000000001,4.1000000000000005,25.400000000000002,16
12661,211977.0,0.2,-1.2000000000000002,-1.8,0.6000000000000001,0.9,7.9,-2.7,-1.0999999999999999,27.7,16
12662,212000.0,-0.5,-0.6000000000000001,-1.3,0.0,1.3,8.3,-8.1,-13.9,31.6,16
12663,212010.0,-0.5,-0.7000000000000001,-1.5,0.1,1.2000000000000002,8.1,-12.9,-22.1,36.5,16
12664,212027.0,-0.5,-0.4,-1.4000000000000001,0.2,1.4000000000000001,8.200000000000001,-14.500000000000002,-21.1,41.300000000000004,16
12665,212043.0,-0.5,-0.30000000000000004,-1.2000000000000002,0.30000000000000004,1.4000000000000001,8.3,-14.0,-18.400000000000002,45.2,16
12666,212060.0,-0.4,-0.2,-1.1,0.5,1.5,8.5,-14.100000000000001,-13.3,46.6,16
12667,212082.0,-0.5,0.0,-0.6000000000000001,0.5,1.7000000000000002,8.700000000000001,-18.5,-6.2,45.9,16
12668,212094.0,-0.5,0.2,-0.5,0.4,1.7000000000000002,9.0,-15.5,-7.1000000000000005,46.5,16
12669,212110.0,-0.6000000000000001,0.30000000000000004,-0.9,0.30000000000000004,1.9000000000000001,8.6,-18.8,-6.9,47.2,16
12670,212127.0,-0.8,0.6000000000000001,-0.8,0.1,2.1,8.8,-23.3,-4.7,48.7,16
12671,212143.0,-0.9,0.8,-0.5,0.1,2.2,9.1,-26.500000000000004,-3.9,50.5,16
12672,212160.0,-0.9,0.9,-0.30000000000000004,0.2,2.2,9.600000000000001,-25.2,-5.0,51.900000000000006,16
12673,212182.0,-0.5,1.0,0.4,0.4,2.2,9.9,-17.9,-5.9,52.0,16
12674,212193.0,-0.5,1.0,0.4,0.4,2.2,9.9,-17.9,-5.9,52.0,16
12675,212210.0,-0.30000000000000004,1.2000000000000002,0.4,0.9,2.4000000000000004,9.9,1.3,-4.5,47.800000000000004,16
12676,212227.0,0.0,1.3,0.1,1.2000000000000002,2.5,9.700000000000001,8.1,-0.7,44.4,16
12677,212244.0,0.1,1.3,-0.1,1.3,2.5,9.5,11.3,4.0,40.9,16
12678,212260.0,0.2,1.4000000000000001,-0.30000000000000004,1.3,2.6,9.3,10.8,8.700000000000001,37.800000000000004,16
12679,212285.0,0.2,1.4000000000000001,-0.2,1.3,2.7,9.4,6.5,11.5,34.900000000000006,16
12680,212294.0,0.2,1.4000000000000001,-0.1,1.3,2.6,9.600000000000001,0.6000000000000001,11.3,31.7,16
12681,212310.0,0.4,1.3,0.4,1.5,2.5,9.9,-4.9,9.9,27.7,16
12682,212327.0,0.5,1.2000000000000002,0.6000000000000001,1.7000000000000002,2.4000000000000004,10.4,-8.5,8.200000000000001,22.3,16
12683,212346.0,0.8,1.1,1.1,1.8,2.3000000000000003,10.700000000000001,-9.4,6.9,17.8,16
12684,212360.0,0.9,1.2000000000000002,1.2000000000000002,2.0,2.3000000000000003,10.8,-7.699999999999999,7.2,15.2,16
12685,212386.0,0.9,1.2000000000000002,1.0,2.0,2.4000000000000004,10.700000000000001,-2.0,13.6,13.8,16
12686,212394.0,0.8,1.3,1.0,1.7000000000000002,2.5,10.600000000000001,7.6,23.0,12.9,16
12687,212414.0,0.2,1.5,1.1,1.1,2.8000000000000003,10.700000000000001,16.400000000000002,28.8,11.9,16
12688,212427.0,-0.2,1.6,1.3,0.6000000000000001,2.9000000000000004,11.3,19.400000000000002,21.5,10.700000000000001,16
12689,212444.0,-0.2,1.4000000000000001,2.1,0.8,2.7,11.700000000000001,13.100000000000001,4.300000000000001,7.699999999999999,16
12690,212460.0,0.4,1.1,1.8,1.3,2.4000000000000004,11.5,3.9,-6.2,2.3000000000000003,16
12691,212486.0,0.9,0.8,1.9000000000000001,1.7000000000000002,2.2,11.600000000000001,-1.8,-10.0,-2.3000000000000003,16
12692,212493.0,1.0,0.7000000000000001,1.9000000000000001,2.0,2.0,11.600000000000001,-4.3999999999999995,-4.800000000000001,-5.0,16
12693,212514.0,1.1,0.30000000000000004,1.8,2.0,1.7000000000000002,11.600000000000001,-1.9,3.9,-5.2,16
12694,212527.0,1.3,0.2,1.9000000000000001,2.3000000000000003,1.4000000000000001,11.700000000000001,4.3999999999999995,10.0,-4.9,16
12695,212544.0,1.8,-0.4,1.7000000000000002,2.7,0.9,11.3,11.000000000000002,15.6,-6.7,16
12696,212560.0,2.0,-0.8,0.9,2.8000000000000003,0.6000000000000001,10.600000000000001,19.500000000000004,20.900000000000002,-9.3,16
12697,212586.0,1.9000000000000001,-1.0,0.1,2.6,0.5,9.9,28.700000000000003,25.8,-10.700000000000001,16
12698,212605.0,1.5,-1.1,-0.7000000000000001,2.3000000000000003,0.5,9.3,36.800000000000004,28.500000000000004,-10.700000000000001,16
12699,212610.0,1.4000000000000001,-1.2000000000000002,-1.1,2.0,0.6000000000000001,8.6,41.800000000000004,28.900000000000002,-10.4,16
12700,212627.0,1.2000000000000002,-1.3,-1.6,1.7000000000000002,0.6000000000000001,8.200000000000001,39.300000000000004,24.9,-10.9,16
12701,212649.0,0.9,-1.2000000000000002,-1.9000000000000001,1.4000000000000001,0.7000000000000001,7.9,31.0,15.6,-11.1,16
12702,212660.0,0.8,-1.2000000000000002,-1.9000000000000001,1.3,0.8,7.7,19.700000000000003,5.500000000000001,-10.600000000000001,16
12703,212677.0,0.9,-1.2000000000000002,-1.9000000000000001,1.4000000000000001,0.7000000000000001,7.6000000000000005,7.699999999999999,-4.3999999999999995,-10.2,16
12704,212698.0,1.0,-1.3,-2.0,1.5,0.6000000000000001,7.7,-1.5000000000000002,-11.700000000000001,-11.2,16
12705,212710.0,1.1,-1.4000000000000001,-1.7000000000000002,1.6,0.5,7.9,-7.9,-16.3,-13.200000000000001,16
12706,212727.0,1.0,-1.4000000000000001,-1.4000000000000001,1.6,0.6000000000000001,8.200000000000001,-12.200000000000001,-20.8,-15.5,16
12707,212743.0,0.9,-1.3,-1.3,1.5,0.7000000000000001,8.3,-14.0,-23.3,-16.700000000000003,16
12708,212760.0,0.6000000000000001,-1.1,-1.3,1.2000000000000002,0.8,8.3,-14.900000000000002,-22.900000000000002,-17.9,16
12709,212781.0,0.2,-0.9,-1.1,1.0,0.9,8.5,-16.5,-21.3,-19.1,16
12710,212802.0,-0.30000000000000004,-0.6000000000000001,-1.0,0.6000000000000001,1.1,8.6,-19.200000000000003,-21.3,-19.0,16
12711,212810.0,-0.4,-0.5,-1.0,0.4,1.2000000000000002,8.6,-21.8,-20.8,-18.0,16
12712,212827.0,-0.6000000000000001,-0.30000000000000004,-1.0,0.30000000000000004,1.3,8.6,-23.1,-19.3,-17.5,16
12713,212844.0,-0.7000000000000001,-0.2,-0.9,0.1,1.4000000000000001,8.700000000000001,-24.9,-18.6,-18.400000000000002,16
12714,212860.0,-1.1,0.0,-0.8,-0.1,1.5,8.8,-28.3,-19.9,-19.1,16
12715,212881.0,-1.3,0.2,-0.5,-0.30000000000000004,1.6,9.0,-31.7,-20.4,-18.3,16
12716,212893.0,-1.3,0.2,-0.30000000000000004,-0.1,1.5,9.5,-33.1,-20.5,-16.1,16
12717,212910.0,-1.0,0.2,0.2,0.1,1.4000000000000001,9.9,-31.7,-20.4,-14.800000000000002,16
12718,212927.0,-0.9,0.2,0.6000000000000001,0.30000000000000004,1.4000000000000001,10.200000000000001,-26.400000000000002,-17.599999999999998,-14.3,16
12719,212944.0,-0.9,0.30000000000000004,0.8,0.30000000000000004,1.5,10.5,-17.8,-13.6,-13.4,16
12720,212960.0,-0.9,0.4,0.9,0.4,1.5,10.4,-8.3,-8.3,-12.5,16
12721,212981.0,-0.8,0.4,0.6000000000000001,0.4,1.5,10.200000000000001,1.0,-0.7,-12.100000000000001,16
12722,212993.0,-0.9,0.4,0.5,0.2,1.5,10.100000000000001,8.3,5.6,-12.3,16
12723,213010.0,-1.2000000000000002,0.5,0.4,-0.1,1.6,10.0,10.600000000000001,7.400000000000001,-12.200000000000001,16
12724,213027.0,-1.3,0.5,0.5,-0.2,1.7000000000000002,10.100000000000001,9.1,4.1000000000000005,-11.3,16
12725,213043.0,-1.2000000000000002,0.4,0.6000000000000001,-0.1,1.7000000000000002,10.200000000000001,6.3,0.0,-9.700000000000001,16
12726,213060.0,-1.1,0.4,0.7000000000000001,0.1,1.6,10.3,5.6,0.2,-7.8,16
12727,213081.0,-0.9,0.30000000000000004,0.8,0.2,1.6,10.4,7.6,3.3000000000000003,-6.2,16
12728,213108.0,-1.0,0.2,1.0,-0.1,1.5,10.700000000000001,14.900000000000002,10.700000000000001,-4.3999999999999995,16
12729,213110.0,-1.0,0.2,1.0,-0.1,1.5,10.700000000000001,14.900000000000002,10.700000000000001,-4.3999999999999995,16
12730,213127.0,-1.2000000000000002,0.2,1.1,-0.30000000000000004,1.6,10.8,17.7,12.8,-3.5,16
12731,213143.0,-1.4000000000000001,0.30000000000000004,1.2000000000000002,-0.5,1.8,10.9,18.3,13.100000000000001,-2.6,16
12732,213160.0,-1.5,0.4,1.4000000000000001,-0.6000000000000001,1.9000000000000001,11.200000000000001,16.400000000000002,10.2,-1.3,16
12733,213181.0,-1.3,0.5,2.0,-0.4,2.0,11.8,11.4,2.6,-0.2,16
12734,213194.0,-1.0,0.5,2.2,0.30000000000000004,2.1,12.0,6.5,-4.7,1.2000000000000002,16
12735,213210.0,-0.1,0.4,2.4000000000000004,1.0,1.9000000000000001,12.100000000000001,2.5,-10.5,1.6,16
12736,213227.0,0.5,0.2,2.4000000000000004,1.5,1.7000000000000002,12.0,0.1,-11.1,1.9,16
12737,213243.0,1.1,-0.2,1.9000000000000001,2.0,1.4000000000000001,11.600000000000001,1.9,-6.000000000000001,3.6,16
12738,213260.0,1.2000000000000002,-0.4,1.7000000000000002,2.2,1.1,11.200000000000001,8.9,2.3000000000000003,7.699999999999999,16
12739,213277.0,1.5,-0.8,1.1,2.5,0.8,10.700000000000001,18.2,10.5,11.4,16
12740,213293.0,1.7000000000000002,-1.0,0.8,2.5,0.8,10.700000000000001,18.2,10.5,11.4,16
12741,213310.0,1.9000000000000001,-1.2000000000000002,0.0,2.8000000000000003,0.5,9.3,29.700000000000003,17.5,11.2,16
12742,213327.0,2.2,-1.3,-0.9,3.1,0.5,8.700000000000001,31.7,20.3,7.699999999999999,16
12743,213344.0,2.2,-1.5,-1.6,3.0,0.4,8.1,31.5,21.700000000000003,1.5000000000000002,16
12744,213360.0,2.1,-1.4000000000000001,-1.9000000000000001,2.6,0.6000000000000001,7.5,27.5,21.1,-3.9,16
12745,213379.0,1.5,-1.3,-2.5,2.1,0.8,7.1000000000000005,19.400000000000002,20.3,-6.8,16
12746,213394.0,0.9,-1.1,-2.7,1.5,1.0,6.9,7.300000000000001,17.5,-7.2,16
12747,213413.0,0.6000000000000001,-1.0,-2.8000000000000003,1.1,1.1,6.800000000000001,-5.6,13.0,-5.1,16
12748,213429.0,0.30000000000000004,-0.9,-2.6,0.8,1.2000000000000002,7.1000000000000005,-16.400000000000002,7.9,-2.1,16
12749,213444.0,0.1,-0.8,-2.4000000000000004,0.8,1.2000000000000002,7.1000000000000005,-16.400000000000002,7.9,-2.1,16
12750,213460.0,-0.1,-0.6000000000000001,-1.1,0.5,1.2000000000000002,8.4,-29.400000000000002,-11.9,3.5,16
12751,213477.0,-0.1,-0.6000000000000001,-0.8,0.7000000000000001,1.2000000000000002,9.0,-30.5,-22.4,5.0,16
12752,213494.0,0.2,-0.6000000000000001,-0.2,0.9,1.1,9.4,-28.700000000000003,-27.6,5.1,16
12753,213510.0,0.0,-0.4,-0.2,0.8,1.2000000000000002,9.4,-24.7,-27.1,4.6000000000000005,16
12754,213529.0,-0.2,-0.30000000000000004,-0.1,0.6000000000000001,1.3,9.5,-19.200000000000003,-24.6,6.1000000000000005,16
12755,213544.0,-0.5,-0.2,-0.1,0.4,1.3,9.5,-16.6,-20.5,8.9,16
12756,213561.0,-0.8,-0.1,-0.1,0.30000000000000004,1.3,9.5,-17.1,-19.500000000000004,12.5,16
12757,213580.0,-0.9,0.0,0.0,0.2,1.3,9.600000000000001,-19.200000000000003,-20.1,16.400000000000002,16
12758,213593.0,-0.9,0.0,0.1,0.30000000000000004,1.3,9.700000000000001,-20.1,-20.6,20.0,16
12759,213610.0,-0.6000000000000001,0.0,0.30000000000000004,0.6000000000000001,1.2000000000000002,9.9,-17.400000000000002,-17.400000000000002,22.3,16
12760,213627.0,-0.5,0.0,0.4,0.7000000000000001,1.2000000000000002,10.100000000000001,-11.000000000000002,-11.5,22.6,16
12761,213643.0,-0.7000000000000001,0.2,0.6000000000000001,0.6000000000000001,1.4000000000000001,10.200000000000001,-4.0,-7.699999999999999,24.000000000000004,16
12762,213660.0,-0.8,0.30000000000000004,0.5,0.5,1.5,10.100000000000001,1.6,-4.9,26.9,16
12763,213677.0,-0.8,0.4,0.30000000000000004,0.5,1.6,9.8,4.300000000000001,-3.1,29.200000000000003,16
12764,213696.0,-0.8,0.5,0.0,0.5,1.7000000000000002,9.600000000000001,5.2,-1.3,31.099999999999998,16
12765,213711.0,-0.7000000000000001,0.6000000000000001,-0.2,0.6000000000000001,1.8,9.4,4.7,0.8,32.6,16
12766,213727.0,-0.7000000000000001,0.7000000000000001,-0.2,0.7000000000000001,1.9000000000000001,9.4,4.0,2.9,33.900000000000006,16
12767,213743.0,-0.6000000000000001,0.8,-0.2,0.8,2.0,9.4,4.2,5.1,34.6,16
12768,213760.0,-0.4,0.8,0.0,0.9,2.0,9.600000000000001,6.1000000000000005,7.0,34.50000000000001,16
12769,213777.0,-0.30000000000000004,0.8,0.1,1.1,2.1,9.700000000000001,6.6000000000000005,6.1000000000000005,32.9,16
12770,213793.0,-0.1,0.8,0.1,1.1,2.1,9.700000000000001,6.6000000000000005,6.1000000000000005,32.9,16
12771,213810.0,0.30000000000000004,0.7000000000000001,0.30000000000000004,1.5,2.1,9.9,5.2,4.2,26.3,16
12772,213827.0,0.4,0.7000000000000001,0.4,1.7000000000000002,2.1,10.100000000000001,3.9,4.300000000000001,23.6,16
12773,213843.0,0.6000000000000001,0.7000000000000001,0.6000000000000001,2.0,2.1,10.3,1.2000000000000002,5.0,21.700000000000003,16
12774,213860.0,0.9,0.6000000000000001,0.8,2.2,2.0,10.4,-0.5,6.8,20.0,16
12775,213877.0,1.0,0.6000000000000001,0.8,2.3000000000000003,1.9000000000000001,10.4,0.5,11.2,18.6,16
12776,213898.0,0.9,0.5,0.8,2.1,1.9000000000000001,10.5,3.8,15.399999999999999,17.599999999999998,16
12777,213910.0,0.9,0.5,0.8,2.1,1.9000000000000001,10.5,6.9,16.1,17.0,16
12778,213927.0,0.9,0.5,0.8,2.1,1.9000000000000001,10.4,8.5,15.100000000000001,15.399999999999999,16
12779,213944.0,1.0,0.4,0.7000000000000001,2.1,1.9000000000000001,10.5,9.200000000000001,11.8,12.200000000000001,16
12780,213960.0,0.9,0.5,1.0,2.1,2.0,10.700000000000001,7.699999999999999,6.8,9.600000000000001,16
12781,213979.0,1.1,0.5,1.0,2.2,2.0,10.700000000000001,5.2,1.3,9.0,16
12782,213994.0,1.2000000000000002,0.4,1.0,2.4000000000000004,1.9000000000000001,10.700000000000001,4.1000000000000005,-0.4,8.700000000000001,16
12783,214012.0,1.4000000000000001,0.30000000000000004,1.0,2.6,1.8,10.700000000000001,4.6000000000000005,0.9,7.400000000000001,16
12784,214027.0,1.4000000000000001,0.1,0.8,2.6,1.7000000000000002,10.5,7.300000000000001,5.1,5.4,16
12785,214044.0,1.3,0.1,0.6000000000000001,2.4000000000000004,1.7000000000000002,10.3,12.700000000000001,10.2,4.1000000000000005,16
12786,214060.0,1.0,0.0,0.30000000000000004,2.2,1.6,9.9,19.6,14.4,3.8,16
12787,214077.0,0.9,-0.2,-0.30000000000000004,2.1,1.5,9.4,26.200000000000003,16.8,3.0000000000000004,16
12788,214101.0,0.9,-0.4,-1.1,2.0,1.4000000000000001,8.700000000000001,31.2,18.5,0.7,16
12789,214110.0,0.8,-0.5,-1.4000000000000001,1.8,1.3,8.200000000000001,34.300000000000004,20.0,-2.1,16
12790,214127.0,0.5,-0.7000000000000001,-1.8,1.6,1.3,7.800000000000001,33.5,18.0,-4.9,16
12791,214146.0,0.5,-0.9,-2.0,1.5,1.2000000000000002,7.7,28.400000000000002,12.000000000000002,-8.700000000000001,16
12792,214161.0,0.4,-1.0,-1.9000000000000001,1.4000000000000001,1.0,7.6000000000000005,20.6,5.6,-13.700000000000001,16
12793,214178.0,0.30000000000000004,-1.2000000000000002,-1.9000000000000001,1.3,0.9,7.7,10.9,-2.7,-19.400000000000002,16
12794,214193.0,0.2,-1.3,-1.8,1.1,0.8,7.9,0.1,-10.5,-23.8,16
12795,214210.0,0.1,-1.5,-1.4000000000000001,1.1,0.6000000000000001,8.3,-9.9,-17.5,-26.500000000000004,16
12796,214227.0,0.2,-1.7000000000000002,-0.7000000000000001,1.2000000000000002,0.4,8.8,-17.9,-22.8,-28.6,16
12797,214244.0,0.1,-1.7000000000000002,-0.4,1.2000000000000002,0.30000000000000004,9.5,-24.400000000000002,-28.1,-29.000000000000004,16
12798,214261.0,0.0,-1.6,0.30000000000000004,1.3,0.30000000000000004,10.0,-29.000000000000004,-33.800000000000004,-26.500000000000004,16
12799,214277.0,0.1,-1.5,0.9,1.4000000000000001,0.30000000000000004,10.4,-32.4,-40.5,-22.000000000000004,16
12800,214294.0,0.5,-1.4000000000000001,1.0,1.8,0.30000000000000004,10.5,-36.1,-44.1,-16.700000000000003,16
12801,214310.0,0.4,-1.3,1.0,1.9000000000000001,0.4,10.5,-34.6,-38.400000000000006,-10.5,16
12802,214327.0,0.30000000000000004,-1.0,0.8,1.9000000000000001,0.5,10.4,-25.400000000000002,-27.7,-4.1000000000000005,16
12803,214343.0,-0.1,-0.8,0.7000000000000001,1.6,0.7000000000000001,10.3,-11.4,-14.200000000000001,0.7,16
12804,214360.0,-0.4,-0.6000000000000001,0.6000000000000001,1.1,1.0,10.0,1.0999999999999999,-6.4,3.7000000000000006,16
12805,214377.0,-0.9,-0.30000000000000004,0.1,0.8,1.2000000000000002,9.600000000000001,9.5,-4.7,5.7,16
12806,214395.0,-1.0,-0.1,-0.5,0.7000000000000001,1.4000000000000001,9.1,13.100000000000001,-5.4,5.6,16
12807,214410.0,-1.1,-0.1,-0.8,0.6000000000000001,1.5,8.700000000000001,11.9,-6.6000000000000005,3.0000000000000004,16
12808,214428.0,-1.1,0.0,-1.1,0.6000000000000001,1.6,8.4,7.0,-8.9,-1.0999999999999999,16
12809,214444.0,-1.1,0.0,-1.1,0.7000000000000001,1.6,8.3,-1.0,-11.5,-5.7,16
12810,214460.0,-0.9,0.0,-1.2000000000000002,0.9,1.6,8.3,-10.8,-13.200000000000001,-10.600000000000001,16
12811,214480.0,-0.7000000000000001,0.0,-1.1,1.1,1.5,8.4,-19.500000000000004,-12.4,-15.299999999999999,16
12812,214497.0,-0.7000000000000001,-0.1,-0.7000000000000001,1.1,1.4000000000000001,8.8,-25.400000000000002,-9.1,-18.6,16
12813,214510.0,-0.7000000000000001,-0.2,-0.5,1.1,1.2000000000000002,9.200000000000001,-27.400000000000002,-6.4,-21.400000000000002,16
12814,214527.0,-0.7000000000000001,-0.2,0.0,1.0,1.1,9.600000000000001,-26.500000000000004,-4.5,-24.3,16
12815,214543.0,-1.0,-0.2,0.5,0.8,1.1,10.0,-24.200000000000003,-4.9,-26.0,16
12816,214560.0,-1.1,-0.1,0.8,0.6000000000000001,1.2000000000000002,10.5,-22.4,-8.0,-25.900000000000002,16
12817,214577.0,-1.3,0.0,1.2000000000000002,0.4,1.3,10.8,-19.9,-10.8,-23.2,16
12818,214593.0,-1.4000000000000001,0.30000000000000004,1.5,0.4,1.4000000000000001,11.100000000000001,-14.600000000000001,-11.4,-18.6,16
12819,214610.0,-1.3,0.30000000000000004,1.6,0.6000000000000001,1.5,11.3,-6.4,-8.9,-13.8,16
12820,214627.0,-1.0,0.4,1.8,0.8,1.6,11.4,2.6,-4.300000000000001,-11.1,16
12821,214643.0,-1.0,0.4,1.9000000000000001,0.8,1.6,11.4,2.6,-4.300000000000001,-11.1,16
12822,214661.0,-1.0,0.6000000000000001,2.0,0.8,1.9000000000000001,11.5,17.1,3.0000000000000004,-7.300000000000001,16
12823,214677.0,-1.0,0.7000000000000001,1.8,0.8,2.0,11.3,22.4,8.1,-4.6000000000000005,16
12824,214694.0,-1.0,0.8,1.6,0.8,2.0,11.3,22.4,8.1,-4.6000000000000005,16
12825,214710.0,-1.0,0.8,1.5,0.7000000000000001,2.3000000000000003,11.100000000000001,33.1,22.6,-4.1000000000000005,16
12826,214727.0,-0.9,0.9,1.7000000000000002,0.7000000000000001,2.5,11.4,33.400000000000006,21.6,-6.9,16
12827,214744.0,-0.6000000000000001,0.8,1.6,1.0,2.5,11.100000000000001,30.100000000000005,19.0,-10.600000000000001,16
12828,214760.0,-0.4,0.7000000000000001,1.1,1.1,2.4000000000000004,10.4,29.800000000000004,24.7,-13.9,16
12829,214777.0,-0.30000000000000004,0.4,0.6000000000000001,1.0,2.2,10.200000000000001,28.700000000000003,32.6,-16.6,16
12830,214794.0,-0.6000000000000001,0.2,0.4,0.6000000000000001,2.1,10.0,23.900000000000002,35.199999999999996,-17.599999999999998,16
12831,214810.0,-0.7000000000000001,0.1,0.2,0.4,1.9000000000000001,9.8,19.3,34.900000000000006,-16.0,16
12832,214828.0,-0.7000000000000001,-0.30000000000000004,0.0,0.4,1.7000000000000002,9.5,17.1,34.6,-14.0,16
12833,214844.0,-0.5,-0.6000000000000001,-0.2,0.4,1.5,9.4,17.599999999999998,34.1,-13.4,16
12834,214860.0,-0.4,-0.7000000000000001,0.0,0.4,1.4000000000000001,9.600000000000001,19.1,31.5,-14.600000000000001,16
12835,214877.0,-0.30000000000000004,-0.7000000000000001,0.1,0.6000000000000001,1.5,9.8,17.8,23.3,-17.400000000000002,16
12836,214893.0,0.1,-0.7000000000000001,0.30000000000000004,0.9,1.6,10.0,12.6,14.0,-20.8,16
12837,214910.0,0.7000000000000001,-0.7000000000000001,0.4,1.3,1.6,10.0,5.300000000000001,4.800000000000001,-23.700000000000003,16
12838,214927.0,1.0,-0.6000000000000001,0.30000000000000004,1.8,1.6,9.8,-2.4000000000000004,0.5,-25.0,16
12839,214944.0,1.4000000000000001,-0.7000000000000001,-0.1,2.1,1.5,9.4,-9.0,1.7,-24.9,16
12840,214960.0,1.4000000000000001,-0.8,-0.7000000000000001,2.0,1.5,8.9,-13.3,7.1000000000000005,-22.6,16
12841,214980.0,1.3,-0.7000000000000001,-0.8,1.8,1.5,8.8,-13.5,13.100000000000001,-18.3,16
12842,214993.0,1.1,-0.6000000000000001,-1.0,1.6,1.5,8.6,-10.4,13.8,-12.6,16
12843,215010.0,1.1,-0.5,-1.0,1.6,1.5,8.6,-10.4,13.8,-12.6,16
12844,215027.0,1.2000000000000002,-0.5,-1.3,1.8,1.6,8.200000000000001,-1.9,0.1,-4.300000000000001,16
12845,215043.0,1.4000000000000001,-0.4,-1.7000000000000002,1.9000000000000001,1.7000000000000002,7.800000000000001,3.1,-7.8,-3.3000000000000003,16
12846,215060.0,1.4000000000000001,-0.30000000000000004,-2.2,2.0,1.8,7.4,6.5,-16.2,-4.0,16
12847,215077.0,1.4000000000000001,-0.30000000000000004,-2.5,2.1,1.8,6.9,5.4,-24.9,-7.1000000000000005,16
12848,215093.0,1.5,-0.4,-2.7,2.1,1.7000000000000002,6.800000000000001,-0.1,-29.700000000000003,-13.3,16
12849,215110.0,1.1,-0.30000000000000004,-2.5,1.8,1.9000000000000001,7.0,-7.400000000000001,-37.0,-20.0,16
12850,215127.0,0.7000000000000001,-0.1,-2.2,1.4000000000000001,2.1,7.6000000000000005,-17.599999999999998,-46.900000000000006,-22.3,16
12851,215143.0,0.2,0.1,-1.5,1.2000000000000002,2.1,8.1,-27.900000000000002,-58.3,-21.5,16
12852,215160.0,0.1,0.1,-1.1,1.3,2.0,8.4,-34.6,-63.300000000000004,-20.0,16
12853,215177.0,0.1,0.0,-0.5,1.5,1.9000000000000001,8.9,-36.6,-60.5,-20.0,16
12854,215195.0,0.0,0.0,-0.2,1.5,1.8,9.4,-33.800000000000004,-53.50000000000001,-21.3,16
12855,215210.0,-0.5,0.2,0.30000000000000004,1.1,1.9000000000000001,9.8,-26.3,-45.3,-21.3,16
12856,215227.0,-1.1,0.4,0.6000000000000001,0.7000000000000001,2.0,10.100000000000001,-19.0,-38.6,-18.8,16
12857,215244.0,-1.3,0.5,0.7000000000000001,0.4,2.1,10.200000000000001,-14.200000000000001,-34.2,-14.500000000000002,16
12858,215260.0,-1.5,0.5,0.7000000000000001,0.4,2.1,10.100000000000001,-10.700000000000001,-29.600000000000005,-10.1,16
12859,215277.0,-1.5,0.4,0.5,0.5,2.0,10.0,-7.300000000000001,-24.200000000000003,-7.1000000000000005,16
12860,215293.0,-1.4000000000000001,0.4,0.5,0.5,2.0,9.9,-3.9,-16.900000000000002,-5.0,16
12861,215311.0,-1.5,0.5,0.4,0.5,2.1,9.9,0.4,-9.9,-3.1,16
12862,215327.0,-1.5,0.6000000000000001,0.30000000000000004,0.5,2.2,9.700000000000001,4.7,-3.2,-1.0,16
12863,215344.0,-1.6,0.6000000000000001,0.2,0.4,2.2,9.5,7.500000000000001,1.5000000000000002,1.2000000000000002,16
12864,215363.0,-1.7000000000000002,0.7000000000000001,-0.1,0.30000000000000004,2.3000000000000003,9.3,8.600000000000001,5.300000000000001,4.1000000000000005,16
12865,215383.0,-1.7000000000000002,0.6000000000000001,-0.4,0.30000000000000004,2.3000000000000003,9.1,8.4,8.5,6.8,16
12866,215393.0,-1.6,0.6000000000000001,-0.5,0.4,2.3000000000000003,9.0,7.6,12.200000000000001,7.699999999999999,16
12867,215410.0,-1.5,0.6000000000000001,-0.30000000000000004,0.4,2.3000000000000003,9.1,6.3,13.6,7.699999999999999,16
12868,215427.0,-1.4000000000000001,0.7000000000000001,-0.1,0.4,2.4000000000000004,9.3,4.5,11.8,8.3,16
12869,215443.0,-1.3,0.7000000000000001,0.0,0.6000000000000001,2.4000000000000004,9.5,1.3,6.3,9.4,16
12870,215460.0,-0.9,0.6000000000000001,0.2,1.0,2.3000000000000003,9.700000000000001,-3.7000000000000006,-0.7,8.799999999999999,16
12871,215480.0,-0.2,0.5,0.4,1.6,2.2,9.9,-9.600000000000001,-5.4,6.2,16
12872,215494.0,0.1,0.4,0.6000000000000001,2.1,2.1,10.200000000000001,-12.8,-3.3000000000000003,4.300000000000001,16
12873,215510.0,0.4,0.4,0.9,2.2,2.1,10.4,-12.8,2.7,4.0,16
12874,215527.0,0.30000000000000004,0.6000000000000001,1.0,2.1,2.2,10.5,-8.4,10.2,4.6000000000000005,16
12875,215544.0,0.2,0.6000000000000001,1.1,2.0,2.2,10.700000000000001,-3.4,14.900000000000002,3.8,16
12876,215561.0,0.2,0.6000000000000001,1.5,1.9000000000000001,2.3000000000000003,11.200000000000001,-4.300000000000001,11.6,1.3,16
12877,215583.0,0.30000000000000004,0.7000000000000001,2.0,2.0,2.2,11.5,-9.600000000000001,0.7,-1.7,16
12878,215595.0,0.8,0.6000000000000001,2.2,2.5,2.2,11.8,-15.2,-7.6,-4.3999999999999995,16
12879,215611.0,1.1,0.5,2.4000000000000004,3.0,2.0,12.100000000000001,-19.200000000000003,-10.5,-7.400000000000001,16
12880,215627.0,1.6,0.30000000000000004,2.6,3.4000000000000004,1.8,12.200000000000001,-20.900000000000002,-8.3,-10.1,16
12881,215644.0,2.0,0.1,2.6,3.8000000000000003,1.5,12.200000000000001,-18.400000000000002,-4.7,-11.5,16
12882,215660.0,2.2,-0.1,2.4000000000000004,4.0,1.2000000000000002,11.8,-13.0,2.7,-11.700000000000001,16
12883,215682.0,2.1,-0.30000000000000004,1.5,3.8000000000000003,1.1,11.100000000000001,-3.9,13.5,-9.8,16
12884,215693.0,1.8,-0.30000000000000004,1.1,3.3000000000000003,1.2000000000000002,10.600000000000001,10.9,25.700000000000003,-4.0,16
12885,215710.0,1.2000000000000002,-0.1,0.6000000000000001,2.8000000000000003,1.3,10.200000000000001,24.8,33.5,2.5,16
12886,215727.0,1.1,-0.30000000000000004,-0.1,2.7,1.3,9.5,31.8,33.300000000000004,5.0,16
12887,215743.0,1.1,-0.5,-0.9,2.6,1.2000000000000002,8.8,33.6,31.2,3.7000000000000006,16
12888,215760.0,1.0,-0.5,-1.3,2.4000000000000004,1.2000000000000002,8.200000000000001,32.6,29.1,-0.2,16
12889,215787.0,0.9,-0.6000000000000001,-1.6,2.2,1.2000000000000002,7.800000000000001,29.400000000000002,26.200000000000003,-4.3999999999999995,16
12890,215794.0,0.7000000000000001,-0.7000000000000001,-2.0,2.0,1.1,7.7,24.1,20.5,-8.1,16
12891,215810.0,0.7000000000000001,-0.8,-2.0,2.0,1.1,7.6000000000000005,16.0,13.3,-11.6,16
12892,215827.0,0.8,-0.9,-2.1,2.1,1.0,7.6000000000000005,7.8,7.300000000000001,-15.7,16
12893,215843.0,1.0,-1.1,-1.8,2.2,0.9,7.800000000000001,0.2,1.0,-20.3,16
12894,215860.0,1.0,-1.1,-1.6,2.2,0.8,8.1,-4.9,-4.6000000000000005,-23.8,16
12895,215884.0,1.0,-1.3,-1.2000000000000002,2.3000000000000003,0.7000000000000001,8.3,-8.9,-9.0,-25.900000000000002,16
12896,215893.0,1.0,-1.3,-1.3,2.2,0.5,8.200000000000001,-12.6,-11.700000000000001,-26.9,16
12897,215911.0,0.7000000000000001,-1.4000000000000001,-1.5,1.7000000000000002,0.5,8.0,-15.000000000000002,-10.3,-26.400000000000002,16
12898,215927.0,0.4,-1.3,-1.6,1.7000000000000002,0.5,8.0,-15.000000000000002,-10.3,-26.400000000000002,16
12899,215943.0,-0.4,-1.0,-1.5,1.0,0.7000000000000001,8.1,-15.6,-7.400000000000001,-22.7,16
12900,215960.0,-0.8,-0.8,-1.1,0.5,0.9,8.6,-15.6,-12.5,-10.4,16
12901,215980.0,-0.8,-0.8,-0.9,0.6000000000000001,0.9,8.700000000000001,-14.200000000000001,-17.3,-8.200000000000001,16
12902,215993.0,-0.9,-0.7000000000000001,-0.8,0.5,1.0,8.8,-11.2,-21.5,-8.3,16
12903,216010.0,-0.9,-0.6000000000000001,-0.7000000000000001,0.4,1.1,8.9,-8.9,-25.2,-8.9,16
12904,216027.0,-1.1,-0.4,-0.5,0.4,1.2000000000000002,9.1,-9.3,-28.6,-8.700000000000001,16
12905,216044.0,-1.0,-0.2,-0.2,0.6000000000000001,1.3,9.3,-12.200000000000001,-29.400000000000002,-8.200000000000001,16
12906,216060.0,-1.0,-0.2,-0.1,0.7000000000000001,1.4000000000000001,9.5,-15.299999999999999,-28.400000000000002,-7.8,16
12907,216084.0,-0.9,0.0,0.1,0.8,1.5,9.600000000000001,-16.700000000000003,-23.8,-6.9,16
12908,216093.0,-0.8,0.0,0.2,0.9,1.5,9.8,-16.400000000000002,-16.8,-6.7,16
12909,216110.0,-0.9,0.1,0.5,0.9,1.5,10.0,-14.500000000000002,-10.2,-7.699999999999999,16
12910,216128.0,-0.9,0.1,0.6000000000000001,0.9,1.4000000000000001,10.200000000000001,-12.4,-6.3,-10.4,16
12911,216144.0,-0.9,0.1,0.8,0.9,1.5,10.3,-9.5,-3.7000000000000006,-13.8,16
12912,216160.0,-1.0,0.1,0.7000000000000001,0.7000000000000001,1.5,10.3,-5.9,-0.9,-16.900000000000002,16
12913,216182.0,-1.3,0.1,0.9,0.5,1.5,10.3,-1.6,-0.6000000000000001,-18.5,16
12914,216197.0,-1.3,0.1,0.9,0.4,1.5,10.100000000000001,-0.7,0.5,-19.1,16
12915,216211.0,-1.4000000000000001,0.1,0.6000000000000001,0.30000000000000004,1.4000000000000001,10.5,-3.5,-1.2000000000000002,-19.0,16
12916,216228.0,-1.4000000000000001,0.0,0.8,0.4,1.4000000000000001,10.3,-1.9,-5.300000000000001,-16.1,16
12917,216244.0,-1.1,0.1,0.9,0.6000000000000001,1.4000000000000001,10.5,-3.5,-6.000000000000001,-14.500000000000002,16
12918,216260.0,-1.2000000000000002,0.1,1.0,0.6000000000000001,1.5,10.600000000000001,-2.8,-7.1000000000000005,-11.1,16
12919,216277.0,-1.0,0.2,1.1,0.7000000000000001,1.6,10.600000000000001,1.8,-1.7,-7.9,16
12920,216296.0,-1.1,0.30000000000000004,0.9,0.6000000000000001,1.7000000000000002,10.5,7.9,5.500000000000001,-5.1,16
12921,216310.0,-1.1,0.4,0.9,0.5,1.9000000000000001,10.5,7.9,5.500000000000001,-5.1,16
12922,216327.0,-1.1,0.5,0.9,0.5,1.9000000000000001,10.700000000000001,17.200000000000003,15.9,-4.2,16
12923,216344.0,-0.9,0.30000000000000004,1.0,0.7000000000000001,1.9000000000000001,10.700000000000001,14.700000000000001,14.4,-6.9,16
12924,216364.0,-0.6000000000000001,0.1,0.5,0.8,1.7000000000000002,10.200000000000001,10.3,13.6,-9.3,16
12925,216380.0,-0.8,-0.2,-0.1,0.6000000000000001,1.5,9.700000000000001,5.9,20.0,-9.600000000000001,16
12926,216401.0,-0.9,-0.4,-0.2,0.30000000000000004,1.3,9.600000000000001,3.0000000000000004,25.1,-6.1000000000000005,16
12927,216411.0,-0.8,-0.5,-0.1,0.2,1.1,9.700000000000001,-0.2,27.6,-1.0999999999999999,16
12928,216427.0,-0.8,-0.5,0.1,0.30000000000000004,1.0,10.200000000000001,-5.1,21.900000000000002,2.8,16
12929,216443.0,-0.30000000000000004,-0.7000000000000001,0.9,0.8,0.8,11.0,-10.9,6.8,4.3999999999999995,16
12930,216460.0,0.8,-0.8,1.9000000000000001,1.9000000000000001,0.7000000000000001,11.700000000000001,-18.8,-10.9,2.7,16
12931,216479.0,1.7000000000000002,-0.9,1.5,2.7,0.5,11.4,-22.5,-15.5,-1.0,16
12932,216495.0,1.9000000000000001,-0.8,1.1,2.8000000000000003,0.6000000000000001,10.8,-15.299999999999999,-3.9,-3.1,16
12933,216510.0,1.4000000000000001,-0.5,0.6000000000000001,2.4000000000000004,0.8,10.5,-3.5,13.700000000000001,-0.4,16
12934,216527.0,1.0,-0.30000000000000004,0.5,1.9000000000000001,1.0,10.4,3.2,25.2,5.500000000000001,16
12935,216543.0,0.9,-0.30000000000000004,0.30000000000000004,1.7000000000000002,1.0,10.0,3.1,25.0,8.600000000000001,16
12936,216561.0,0.9,-0.30000000000000004,-0.2,1.7000000000000002,1.0,9.600000000000001,1.0,19.6,8.700000000000001,16
12937,216579.0,1.3,-0.4,-0.6000000000000001,2.1,0.9,9.3,-0.9,15.299999999999999,7.0,16
12938,216594.0,1.4000000000000001,-0.5,-0.7000000000000001,2.2,0.9,9.1,-0.4,10.8,5.4,16
12939,216612.0,1.5,-0.30000000000000004,-1.0,2.3000000000000003,1.0,8.9,1.3,8.200000000000001,5.6,16
12940,216627.0,1.6,-0.30000000000000004,-1.2000000000000002,2.4000000000000004,1.0,8.700000000000001,0.5,4.3999999999999995,6.2,16
12941,216643.0,1.7000000000000002,-0.1,-1.3,2.5,1.2000000000000002,8.4,-3.1,-1.3,6.4,16
12942,216660.0,1.7000000000000002,-0.1,-1.6,2.5,1.2000000000000002,8.4,-3.1,-1.3,6.4,16
12943,216677.0,1.9000000000000001,0.2,-1.7000000000000002,2.2,1.1,8.1,-9.200000000000001,-1.5000000000000002,8.0,16
12944,216699.0,0.9,0.30000000000000004,-2.3000000000000003,1.7000000000000002,1.4000000000000001,7.800000000000001,-30.599999999999998,-14.0,2.1,16
12945,216711.0,0.30000000000000004,0.4,-1.5,1.4000000000000001,1.4000000000000001,8.6,-40.4,-23.700000000000003,4.7,16
12946,216727.0,0.9,0.4,-0.5,1.9000000000000001,1.4000000000000001,9.4,-37.800000000000004,-17.400000000000002,7.8,16
12947,216743.0,0.6000000000000001,0.30000000000000004,-0.30000000000000004,1.5,1.1,9.5,-23.700000000000003,-10.9,9.700000000000001,16
12948,216761.0,0.4,0.30000000000000004,-0.6000000000000001,1.4000000000000001,1.1,9.1,-12.3,-5.2,9.8,16
12949,216779.0,0.1,0.4,-0.8,1.2000000000000002,1.2000000000000002,9.1,-6.7,-0.30000000000000004,8.0,16
12950,216796.0,-0.30000000000000004,0.4,-0.7000000000000001,0.8,1.2000000000000002,9.1,-2.1,1.0,5.8,16
12951,216810.0,-0.30000000000000004,0.4,-0.9,0.7000000000000001,1.2000000000000002,8.9,3.5,2.4000000000000004,4.300000000000001,16
12952,216827.0,-0.5,0.4,-1.2000000000000002,0.5,1.2000000000000002,8.700000000000001,6.8,3.4,3.8,16
12953,216845.0,-0.6000000000000001,0.30000000000000004,-1.4000000000000001,0.5,1.1,8.5,6.7,2.0,4.0,16
12954,216860.0,-0.6000000000000001,0.30000000000000004,-1.3,0.4,1.1,8.5,5.1,0.5,5.7,16
12955,216876.0,-0.7000000000000001,0.30000000000000004,-1.2000000000000002,0.4,1.1,8.6,4.300000000000001,-1.2000000000000002,9.1,16
12956,216893.0,-0.7000000000000001,0.2,-1.1,0.30000000000000004,1.1,8.8,3.5,-1.6,13.200000000000001,16
12957,216913.0,-0.9,0.30000000000000004,-0.9,0.1,1.2000000000000002,9.0,3.5,-4.2,17.3,16
12958,216929.0,-1.2000000000000002,0.5,-0.6000000000000001,-0.1,1.4000000000000001,9.200000000000001,3.9,-7.699999999999999,21.700000000000003,16
12959,216944.0,-1.0,0.6000000000000001,-0.6000000000000001,0.1,1.5,9.200000000000001,4.800000000000001,-10.700000000000001,25.700000000000003,16
12960,216960.0,-0.9,0.6000000000000001,-0.7000000000000001,0.30000000000000004,1.5,9.1,5.0,-10.2,26.700000000000003,16
12961,216976.0,-0.7000000000000001,0.7000000000000001,-0.7000000000000001,0.4,1.6,9.1,3.9,-6.5,26.400000000000002,16
12962,216998.0,-0.8,0.9,-0.5,0.4,1.8,9.3,-0.1,-2.9,25.6,16
12963,217010.0,-0.8,1.0,-0.30000000000000004,0.4,1.9000000000000001,9.5,-4.9,-0.5,25.900000000000002,16
12964,217027.0,-0.5,0.9,0.1,0.7000000000000001,1.8,9.9,-7.6,2.9,25.6,16
12965,217043.0,-0.2,0.8,0.5,0.9,1.7000000000000002,10.3,-6.2,6.9,23.700000000000003,16
12966,217060.0,0.0,0.8,0.6000000000000001,1.1,1.6,10.4,-3.1,12.200000000000001,20.2,16
12967,217079.0,0.1,0.8,0.6000000000000001,1.1,1.6,10.4,-0.4,16.0,17.3,16
12968,217094.0,0.0,0.8,0.6000000000000001,1.0,1.7000000000000002,10.4,-0.4,16.0,17.3,16
12969,217114.0,0.0,1.0,0.6000000000000001,0.9,1.8,10.4,6.8,19.6,16.8,16
12970,217127.0,0.0,1.0,0.6000000000000001,1.0,1.9000000000000001,10.3,9.1,18.900000000000002,17.3,16
12971,217143.0,0.0,1.0,0.30000000000000004,0.8,2.0,10.100000000000001,12.3,21.6,17.5,16
12972,217160.0,-0.1,1.0,0.2,0.5,2.0,10.100000000000001,17.3,26.500000000000004,17.200000000000003,16
12973,217188.0,-0.6000000000000001,0.9,1.2000000000000002,0.1,2.0,10.8,18.7,21.700000000000003,17.0,16
12974,217193.0,-0.6000000000000001,0.9,1.2000000000000002,0.1,2.0,10.8,18.7,21.700000000000003,17.0,16
12975,217210.0,0.2,0.5,1.3,1.2000000000000002,1.4000000000000001,11.200000000000001,3.8,-4.300000000000001,13.5,16
12976,217227.0,0.9,0.1,1.3,1.7000000000000002,1.1,11.100000000000001,-0.9,-4.3999999999999995,11.700000000000001,16
12977,217243.0,1.2000000000000002,-0.30000000000000004,1.1,2.0,0.7000000000000001,10.9,-1.6,5.300000000000001,11.5,16
12978,217260.0,1.3,-0.5,1.1,1.8,0.6000000000000001,10.8,6.7,20.8,13.4,16
12979,217277.0,0.9,-0.6000000000000001,0.8,1.6,0.4,10.8,11.1,23.1,15.6,16
12980,217293.0,1.1,-0.8,1.5,1.8,0.30000000000000004,11.4,15.2,16.3,15.000000000000002,16
12981,217312.0,1.3,-0.9,0.9,1.9000000000000001,0.30000000000000004,10.8,18.3,6.7,13.3,16
12982,217327.0,1.4000000000000001,-0.8,0.4,2.1,0.4,10.100000000000001,23.6,4.3999999999999995,11.000000000000002,16
12983,217344.0,1.4000000000000001,-0.9,-0.30000000000000004,2.0,0.4,9.5,27.1,6.000000000000001,8.0,16
12984,217360.0,1.0,-0.8,-0.9,1.7000000000000002,0.6000000000000001,9.0,24.1,8.3,5.300000000000001,16
12985,217377.0,0.8,-0.8,-0.6000000000000001,1.2000000000000002,0.6000000000000001,9.4,17.8,0.6000000000000001,4.2,16
12986,217393.0,0.4,-0.9,-0.6000000000000001,1.1,0.5,9.200000000000001,15.299999999999999,-13.700000000000001,4.2,16
12987,217410.0,0.5,-0.9,-0.7000000000000001,1.5,0.6000000000000001,9.1,13.3,-21.400000000000002,2.3000000000000003,16
12988,217427.0,0.7000000000000001,-1.0,-0.8,1.5,0.6000000000000001,8.8,16.1,-23.6,-1.5000000000000002,16
12989,217444.0,0.7000000000000001,-1.0,-1.2000000000000002,1.5,0.7000000000000001,8.700000000000001,16.1,-23.6,-1.5000000000000002,16
12990,217460.0,0.2,-0.5,-0.8,1.0,1.0,8.9,10.3,-11.4,-1.9,16
12991,217481.0,0.0,-0.4,-1.3,0.9,1.2000000000000002,8.5,-0.5,-14.900000000000002,-0.5,16
12992,217494.0,-0.1,-0.30000000000000004,-1.2000000000000002,0.8,1.3,8.6,-10.3,-11.2,2.8,16
12993,217512.0,-0.30000000000000004,-0.30000000000000004,-1.1,0.6000000000000001,1.2000000000000002,8.6,-16.1,-8.200000000000001,6.5,16
12994,217529.0,-0.4,-0.30000000000000004,-1.0,0.6000000000000001,1.2000000000000002,8.8,-13.9,-4.2,8.9,16
12995,217543.0,-0.4,-0.30000000000000004,-0.8,0.5,1.1,9.0,-8.3,-2.1,9.700000000000001,16
12996,217560.0,-0.5,-0.4,-0.7000000000000001,0.5,1.1,9.0,-2.5,-3.7000000000000006,8.9,16
12997,217576.0,-0.5,-0.30000000000000004,-0.8,0.5,1.2000000000000002,8.9,2.1,-6.2,8.0,16
12998,217593.0,-0.5,-0.2,-0.9,0.5,1.2000000000000002,8.8,3.8,-8.700000000000001,6.7,16
12999,217615.0,-0.4,-0.2,-1.0,0.7000000000000001,1.3,8.700000000000001,3.1,-9.5,4.7,16
13000,217628.0,-0.30000000000000004,-0.1,-0.8,0.8,1.4000000000000001,8.8,1.6,-8.0,2.5,16
13001,217643.0,-0.30000000000000004,0.0,-0.8,0.8,1.4000000000000001,8.9,0.1,-6.6000000000000005,0.4,16
13002,217660.0,-0.30000000000000004,0.0,-0.7000000000000001,0.8,1.5,9.0,-1.9,-4.3999999999999995,-1.6,16
13003,217677.0,-0.30000000000000004,0.1,-0.6000000000000001,0.7000000000000001,1.5,9.1,-3.7000000000000006,-2.0,-3.6,16
13004,217697.0,-0.5,0.0,-0.4,0.6000000000000001,1.5,9.200000000000001,-4.9,-0.6000000000000001,-5.9,16
13005,217710.0,-0.6000000000000001,0.0,-0.1,0.5,1.4000000000000001,9.5,-4.9,0.6000000000000001,-8.3,16
13006,217727.0,-0.5,0.0,0.1,0.5,1.3,9.9,-1.8,-0.6000000000000001,-10.4,16
13007,217743.0,-0.5,-0.1,0.5,0.5,1.4000000000000001,10.200000000000001,1.0999999999999999,0.6000000000000001,-11.9,16
13008,217761.0,-0.5,0.0,0.7000000000000001,0.5,1.4000000000000001,10.200000000000001,1.0999999999999999,0.6000000000000001,-11.9,16
13009,217777.0,0.1,-0.1,0.7000000000000001,1.1,1.3,10.4,5.0,1.3,-11.6,16
13010,217793.0,0.2,-0.1,0.8,1.2000000000000002,1.3,10.5,1.4,3.2,-11.9,16
13011,217810.0,0.30000000000000004,-0.1,1.1,1.2000000000000002,1.4000000000000001,10.8,-3.7000000000000006,4.300000000000001,-11.6,16
13012,217827.0,-0.1,0.1,1.6,0.8,1.5,11.3,-8.700000000000001,6.8,-10.700000000000001,16
13013,217843.0,-0.1,0.1,2.1,1.0,1.5,12.0,-8.600000000000001,0.5,-10.8,16
13014,217860.0,0.5,0.1,2.6,1.4000000000000001,1.5,12.3,-9.700000000000001,-5.300000000000001,-13.0,16
13015,217878.0,0.9,0.2,2.4000000000000004,1.8,1.5,12.200000000000001,-9.600000000000001,-4.7,-15.299999999999999,16
13016,217897.0,0.8,0.30000000000000004,1.8,1.7000000000000002,1.6,11.700000000000001,-3.7000000000000006,2.1,-16.0,16
13017,217910.0,0.8,0.30000000000000004,1.5,1.7000000000000002,1.7000000000000002,11.200000000000001,3.2,11.700000000000001,-15.6,16
13018,217927.0,0.8,0.30000000000000004,1.2000000000000002,1.6,1.7000000000000002,11.0,7.6,17.3,-15.2,16
13019,217943.0,0.9,0.2,1.0,1.8,1.6,10.600000000000001,6.000000000000001,14.4,-16.2,16
13020,217960.0,1.3,0.1,0.30000000000000004,2.2,1.4000000000000001,10.100000000000001,2.1,13.3,-16.6,16
13021,217977.0,2.1,-0.30000000000000004,0.0,2.8000000000000003,1.1,9.8,-1.2000000000000002,11.6,-17.599999999999998,16
13022,218000.0,2.4000000000000004,-0.30000000000000004,-0.30000000000000004,3.1,1.1,9.5,-2.1999999999999997,12.200000000000001,-18.400000000000002,16
13023,218010.0,2.7,-0.4,-0.4,3.4000000000000004,1.0,9.4,-1.0,14.3,-19.6,16
13024,218027.0,2.9000000000000004,-0.5,-0.8,3.6,0.9,9.1,-0.2,13.3,-23.2,16
13025,218043.0,2.9000000000000004,-0.5,-1.0,3.4000000000000004,1.0,8.6,-0.9,11.5,-27.400000000000002,16
13026,218060.0,2.5,-0.30000000000000004,-1.5,2.9000000000000004,1.1,8.200000000000001,-2.8,8.799999999999999,-29.500000000000004,16
13027,218076.0,1.7000000000000002,-0.2,-1.8,2.3000000000000003,1.2000000000000002,8.1,-6.6000000000000005,3.7000000000000006,-28.6,16
13028,218094.0,1.4000000000000001,-0.1,-1.7000000000000002,1.8,1.3,8.200000000000001,-12.6,-4.800000000000001,-26.400000000000002,16
13029,218110.0,0.9,0.0,-1.3,1.5,1.3,8.6,-18.8,-15.9,-23.900000000000002,16
13030,218127.0,0.7000000000000001,0.0,-1.0,1.4000000000000001,1.3,8.8,-21.400000000000002,-24.400000000000002,-21.700000000000003,16
13031,218144.0,0.6000000000000001,0.0,-1.0,1.3,1.2000000000000002,8.700000000000001,-18.6,-28.6,-21.0,16
13032,218161.0,0.5,0.0,-1.2000000000000002,1.2000000000000002,1.2000000000000002,8.6,-14.100000000000001,-27.3,-22.1,16
13033,218177.0,0.0,0.1,-1.3,0.9,1.3,8.5,-9.700000000000001,-24.200000000000003,-23.400000000000002,16
13034,218194.0,-0.2,0.2,-1.3,0.6000000000000001,1.4000000000000001,8.4,-7.6,-20.1,-23.700000000000003,16
13035,218210.0,-0.5,0.30000000000000004,-1.4000000000000001,0.4,1.4000000000000001,8.4,-8.4,-16.0,-22.7,16
13036,218227.0,-0.8,0.30000000000000004,-1.3,0.2,1.4000000000000001,8.4,-10.4,-11.8,-20.6,16
13037,218243.0,-1.0,0.30000000000000004,-1.2000000000000002,0.1,1.4000000000000001,8.5,-11.9,-7.500000000000001,-17.9,16
13038,218260.0,-1.0,0.30000000000000004,-1.1,-0.1,1.3,8.700000000000001,-12.4,-5.0,-15.2,16
13039,218277.0,-1.2000000000000002,0.2,-1.0,-0.1,1.3,8.8,-11.6,-4.6000000000000005,-12.4,16
13040,218293.0,-1.2000000000000002,0.2,-0.8,-0.1,1.2000000000000002,9.1,-10.700000000000001,-6.4,-9.3,16
13041,218310.0,-1.2000000000000002,0.30000000000000004,-0.5,-0.1,1.3,9.200000000000001,-8.600000000000001,-9.600000000000001,-5.2,16
13042,218326.0,-1.0,0.4,-0.6000000000000001,0.0,1.3,9.1,-4.3999999999999995,-10.1,-0.6000000000000001,16
13043,218343.0,-0.9,0.5,-0.5,0.2,1.4000000000000001,9.200000000000001,-0.9,-8.4,3.3000000000000003,16
13044,218360.0,-0.9,0.5,-0.5,0.2,1.6,9.3,1.4,-5.4,6.000000000000001,16
13045,218377.0,-1.0,0.7000000000000001,-0.4,0.0,1.7000000000000002,9.3,3.3000000000000003,-3.0000000000000004,8.5,16
13046,218393.0,-1.1,0.8,-0.4,-0.1,1.8,9.5,3.2,-2.9,12.000000000000002,16
13047,218410.0,-1.2000000000000002,0.8,-0.1,0.1,1.8,9.600000000000001,0.8,-5.8,15.2,16
13048,218427.0,-0.8,0.7000000000000001,0.1,0.5,1.7000000000000002,9.8,-1.7,-6.5,16.5,16
13049,218443.0,-0.2,0.6000000000000001,0.30000000000000004,1.0,1.6,10.0,-2.4000000000000004,-3.3000000000000003,16.0,16
13050,218460.0,0.1,0.6000000000000001,0.5,1.4000000000000001,1.6,10.4,-3.2,-1.6,13.9,16
13051,218479.0,0.6000000000000001,0.6000000000000001,1.1,1.9000000000000001,1.6,10.8,-3.4,0.1,10.9,16
13052,218493.0,1.0,0.6000000000000001,1.2000000000000002,2.2,1.6,10.9,-1.6,5.500000000000001,7.699999999999999,16
13053,218510.0,1.0,0.7000000000000001,1.1,2.0,1.7000000000000002,10.8,1.0999999999999999,13.200000000000001,5.6,16
13054,218527.0,0.7000000000000001,0.9,1.0,1.7000000000000002,2.0,10.700000000000001,4.3999999999999995,21.6,5.1,16
13055,218544.0,-0.1,1.0,0.9,0.8,2.0,10.700000000000001,8.3,31.900000000000002,6.3,16
13056,218560.0,-0.7000000000000001,1.1,1.4000000000000001,-0.1,2.6,12.0,13.8,24.1,7.9,16
13057,218583.0,-0.2,1.6,2.2,0.4,2.8000000000000003,12.200000000000001,16.8,-1.0,11.8,16
13058,218593.0,0.4,1.3,2.1,1.4000000000000001,2.4000000000000004,11.9,12.000000000000002,-5.300000000000001,12.9,16
13059,218610.0,0.7000000000000001,1.1,2.0,2.1,2.1,11.8,8.200000000000001,-13.200000000000001,8.4,16
13060,218627.0,1.7000000000000002,0.7000000000000001,2.3000000000000003,3.0,1.7000000000000002,12.100000000000001,0.9,-18.5,3.5,16
13061,218643.0,2.5,0.0,1.9000000000000001,3.6,1.1,11.600000000000001,-5.500000000000001,-12.8,1.5000000000000002,16
13062,218660.0,2.4000000000000004,-0.5,1.0,3.5,0.7000000000000001,10.9,-0.7,3.3000000000000003,2.1,16
13063,218683.0,1.9000000000000001,-0.7000000000000001,0.5,3.1,0.5,10.4,13.8,17.3,6.000000000000001,16
13064,218693.0,1.9000000000000001,-0.7000000000000001,0.5,2.5,0.6000000000000001,10.100000000000001,29.400000000000002,27.0,10.3,16
13065,218710.0,1.1,-0.8,-0.2,2.0,0.6000000000000001,9.600000000000001,39.300000000000004,27.0,11.4,16
13066,218727.0,0.9,-0.8,-0.6000000000000001,1.8,0.6000000000000001,8.9,40.8,19.700000000000003,8.5,16
13067,218743.0,0.8,-1.0,-1.5,1.6,0.5,8.200000000000001,35.199999999999996,13.200000000000001,3.4,16
13068,218760.0,0.5,-1.1,-1.9000000000000001,1.3,0.6000000000000001,7.9,24.6,6.9,-1.8,16
13069,218780.0,0.4,-1.1,-1.8,1.2000000000000002,0.5,7.9,11.6,-0.4,-4.6000000000000005,16
13070,218793.0,0.4,-1.2000000000000002,-1.7000000000000002,1.3,0.5,8.1,0.5,-4.2,-5.2,16
13071,218810.0,0.6000000000000001,-1.3,-1.2000000000000002,1.5,0.4,8.5,-5.300000000000001,-6.4,-6.000000000000001,16
13072,218826.0,0.7000000000000001,-1.3,-1.0,1.7000000000000002,0.30000000000000004,8.9,-8.1,-8.600000000000001,-8.3,16
13073,218843.0,0.8,-1.3,-0.6000000000000001,1.8,0.30000000000000004,9.200000000000001,-10.3,-12.3,-11.8,16
13074,218860.0,0.7000000000000001,-1.1,-0.5,1.7000000000000002,0.5,9.200000000000001,-12.100000000000001,-15.299999999999999,-14.3,16
13075,218879.0,0.4,-0.9,-0.6000000000000001,1.5,0.6000000000000001,9.1,-13.4,-14.100000000000001,-13.8,16
13076,218893.0,0.1,-0.7000000000000001,-0.7000000000000001,1.0,0.8,9.0,-12.8,-9.5,-9.8,16
13077,218910.0,-0.5,-0.4,-0.7000000000000001,0.5,1.0,9.0,-9.5,-4.9,-3.1,16
13078,218926.0,-0.7000000000000001,-0.4,-0.7000000000000001,0.2,1.1,9.0,-5.1,-4.5,3.2,16
13079,218944.0,-0.9,-0.30000000000000004,-0.7000000000000001,0.2,1.2000000000000002,9.0,-0.8,-8.4,6.7,16
13080,218963.0,-0.9,-0.2,-0.8,0.30000000000000004,1.2000000000000002,8.9,2.1999999999999997,-12.8,7.699999999999999,16
13081,218994.0,-0.6000000000000001,0.0,-1.0,0.7000000000000001,1.4000000000000001,8.6,1.7,-16.8,6.2,16
13082,219011.0,-0.4,0.0,-1.1,0.9,1.5,8.6,-0.2,-13.5,4.800000000000001,16
13083,219027.0,-0.4,0.1,-1.0,0.8,1.5,8.8,-3.0000000000000004,-10.0,3.2,16
13084,219044.0,-0.6000000000000001,0.2,-0.7000000000000001,0.7000000000000001,1.6,9.0,-6.1000000000000005,-9.0,2.1999999999999997,16
13085,219060.0,-0.7000000000000001,0.2,-0.5,0.6000000000000001,1.6,9.1,-7.9,-7.699999999999999,1.6,16
13086,219081.0,-0.9,0.2,-0.5,0.5,1.5,9.1,-7.500000000000001,-5.1,1.0,16
13087,219093.0,-0.8,0.1,-0.5,0.5,1.4000000000000001,9.200000000000001,-5.8,-1.7,-0.2,16
13088,219113.0,-1.0,0.1,-0.2,0.30000000000000004,1.4000000000000001,9.4,-2.8,2.1,-1.5000000000000002,16
13089,219127.0,-1.3,0.2,-0.1,0.0,1.5,9.5,2.1999999999999997,5.9,0.0,16
13090,219144.0,-1.4000000000000001,0.2,0.0,-0.2,1.6,9.700000000000001,5.500000000000001,6.8,2.9,16
13091,219162.0,-1.7000000000000002,0.2,0.2,-0.4,1.6,9.9,5.7,5.1,5.1,16
13092,219183.0,-1.8,0.2,0.4,-0.5,1.6,10.0,3.2,3.1,7.300000000000001,16
13093,219195.0,-1.7000000000000002,0.2,0.6000000000000001,-0.4,1.5,10.4,0.2,2.5,10.2,16
13094,219210.0,-1.5,0.1,1.0,-0.30000000000000004,1.4000000000000001,10.700000000000001,-1.0,3.4,12.700000000000001,16
13095,219227.0,-1.4000000000000001,-0.1,1.5,-0.2,1.3,11.200000000000001,-1.3,2.1999999999999997,14.4,16
13096,219243.0,-1.3,-0.1,1.8,0.0,1.2000000000000002,11.700000000000001,-6.000000000000001,-3.6,15.000000000000002,16
13097,219262.0,-1.0,-0.1,2.4000000000000004,0.4,1.2000000000000002,12.100000000000001,-13.6,-11.8,17.400000000000002,16
13098,219276.0,-0.4,-0.1,2.5,0.9,1.2000000000000002,12.200000000000001,-19.9,-14.3,22.2,16
13099,219297.0,0.2,-0.2,2.5,1.4000000000000001,1.0,12.200000000000001,-18.6,-8.200000000000001,27.5,16
13100,219310.0,0.5,-0.30000000000000004,2.5,1.8,0.8,12.3,-13.3,2.3000000000000003,30.5,16
13101,219327.0,0.6000000000000001,-0.4,2.4000000000000004,1.9000000000000001,0.6000000000000001,12.200000000000001,-7.699999999999999,10.0,32.2,16
13102,219343.0,0.6000000000000001,-0.5,2.2,1.9000000000000001,0.5,11.600000000000001,-2.5,14.4,34.50000000000001,16
13103,219360.0,0.7000000000000001,-0.6000000000000001,1.3,2.1,0.4,10.9,3.0000000000000004,20.1,37.5,16
13104,219382.0,1.0,-0.7000000000000001,0.4,2.2,0.30000000000000004,10.100000000000001,9.4,26.700000000000003,39.699999999999996,16
13105,219396.0,1.2000000000000002,-0.8,-0.6000000000000001,2.3000000000000003,0.30000000000000004,9.3,18.2,33.7,39.8,16
13106,219412.0,1.2000000000000002,-0.8,-1.0,2.3000000000000003,0.30000000000000004,8.700000000000001,25.900000000000002,38.0,36.3,16
13107,219427.0,1.5,-0.9,-1.5,2.5,0.30000000000000004,8.3,28.400000000000002,35.4,28.700000000000003,16
13108,219444.0,1.7000000000000002,-1.0,-1.7000000000000002,2.7,0.30000000000000004,7.9,23.2,27.8,17.9,16
13109,219461.0,1.8,-0.9,-2.0,2.6,0.5,7.7,11.4,17.9,9.200000000000001,16
13110,219478.0,1.7000000000000002,-0.7000000000000001,-1.9000000000000001,2.6,0.6000000000000001,7.800000000000001,-4.300000000000001,8.200000000000001,5.0,16
13111,219494.0,1.8,-0.7000000000000001,-1.9000000000000001,2.7,0.5,7.9,-19.500000000000004,3.0000000000000004,4.1000000000000005,16
13112,219510.0,1.8,-0.7000000000000001,-1.6,2.5,0.5,8.4,-29.900000000000006,2.9,5.1,16
13113,219527.0,1.4000000000000001,-0.5,-0.8,2.1,0.5,9.1,-33.7,2.0,8.0,16
13114,219544.0,1.0,-0.4,0.0,1.8,0.6000000000000001,9.700000000000001,-30.4,-0.9,12.3,16
13115,219560.0,0.9,-0.30000000000000004,0.2,1.7000000000000002,0.6000000000000001,10.0,-23.1,-7.0,14.700000000000001,16
13116,219579.0,0.7000000000000001,-0.30000000000000004,0.2,1.6,0.6000000000000001,9.9,-14.3,-12.000000000000002,14.500000000000002,16
13117,219594.0,0.6000000000000001,-0.2,0.0,1.4000000000000001,0.7000000000000001,9.600000000000001,-3.7000000000000006,-11.4,12.3,16
13118,219611.0,0.2,0.0,-0.2,1.1,1.0,9.600000000000001,2.6,-11.000000000000002,10.1,16
13119,219627.0,0.0,0.4,-0.1,1.0,1.2000000000000002,9.600000000000001,2.0,-13.700000000000001,9.4,16
13120,219644.0,0.1,0.5,-0.2,1.1,1.3,9.5,-2.3000000000000003,-15.2,8.9,16
13121,219660.0,0.1,0.5,-0.2,1.2000000000000002,1.3,9.5,-6.4,-11.000000000000002,7.9,16
13122,219680.0,0.1,0.5,-0.30000000000000004,1.2000000000000002,1.3,9.5,-9.9,-2.7,5.1,16
13123,219693.0,0.0,0.5,-0.30000000000000004,1.2000000000000002,1.3,9.5,-9.9,-2.7,5.1,16
13124,219712.0,-0.5,0.6000000000000001,-0.2,0.6000000000000001,1.2000000000000002,9.600000000000001,-19.6,11.000000000000002,0.5,16
13125,219727.0,-0.6000000000000001,0.5,-0.2,0.4,1.1,9.600000000000001,-21.5,19.3,2.1,16
13126,219752.0,-0.9,0.30000000000000004,0.0,0.1,0.7000000000000001,10.0,-14.700000000000001,26.9,4.0,16
13127,219760.0,-0.9,0.30000000000000004,0.0,0.1,0.7000000000000001,10.0,-14.700000000000001,26.9,4.0,16
13128,219776.0,-0.8,0.1,0.4,0.1,0.5,10.3,-6.2,23.0,2.9,16
13129,219802.0,-0.30000000000000004,0.0,0.6000000000000001,0.6000000000000001,0.5,10.4,15.100000000000001,14.3,4.7,16
13130,219810.0,-0.30000000000000004,0.0,0.6000000000000001,0.6000000000000001,0.5,10.4,15.100000000000001,14.3,4.7,16
13131,219827.0,0.2,0.0,0.4,0.9,0.6000000000000001,10.200000000000001,22.8,13.700000000000001,8.5,16
13132,219843.0,0.6000000000000001,0.0,0.2,1.3,0.7000000000000001,10.0,28.8,16.400000000000002,12.200000000000001,16
13133,219860.0,0.7000000000000001,0.0,0.1,1.3,0.8,9.9,33.1,20.0,14.200000000000001,16
13134,219876.0,0.7000000000000001,0.0,0.2,1.3,0.9,10.100000000000001,32.7,16.900000000000002,14.100000000000001,16
13135,219894.0,0.8,0.1,0.5,1.3,1.0,10.3,25.5,5.4,13.5,16
13136,219910.0,1.2000000000000002,0.0,0.30000000000000004,1.7000000000000002,1.0,10.100000000000001,14.0,-6.9,12.6,16
13137,219926.0,1.3,0.0,0.2,1.9000000000000001,1.0,9.9,3.8,-10.2,12.3,16
13138,219943.0,1.2000000000000002,0.0,0.0,1.7000000000000002,1.0,9.8,0.6000000000000001,-3.4,14.0,16
13139,219960.0,0.9,-0.1,-0.2,1.5,0.9,9.600000000000001,5.4,8.9,15.8,16
13140,219993.0,0.4,-0.30000000000000004,-0.1,0.9,0.8,9.700000000000001,20.3,12.700000000000001,13.4,16
13141,220010.0,0.30000000000000004,-0.4,0.0,0.9,0.7000000000000001,9.8,22.5,-0.4,9.0,16
13142,220026.0,0.30000000000000004,-0.4,0.1,0.9,0.8,9.9,19.9,-17.0,5.0,16
13143,220043.0,0.4,-0.30000000000000004,-0.2,1.2000000000000002,0.9,9.5,17.599999999999998,-27.6,3.7000000000000006,16
13144,220061.0,1.0,-0.5,-0.9,1.7000000000000002,0.8,8.9,16.900000000000002,-26.9,2.1,16
13145,220078.0,1.2000000000000002,-0.6000000000000001,-1.0,2.0,0.7000000000000001,8.8,14.700000000000001,-18.7,-2.9,16
13146,220094.0,1.0,-0.5,-0.7000000000000001,1.7000000000000002,1.0,9.1,8.3,-15.000000000000002,-7.699999999999999,16
13147,220110.0,0.5,0.0,-0.30000000000000004,1.4000000000000001,1.3,9.4,0.1,-17.200000000000003,-8.200000000000001,16
13148,220126.0,0.5,0.0,-0.2,1.4000000000000001,1.3,9.4,-7.699999999999999,-21.400000000000002,-6.5,16
13149,220143.0,0.4,-0.1,-0.30000000000000004,1.5,1.2000000000000002,9.3,-12.3,-21.700000000000003,-5.9,16
13150,220160.0,0.5,-0.2,-0.7000000000000001,1.6,1.1,8.9,-9.4,-13.4,-7.500000000000001,16
13151,220176.0,0.30000000000000004,-0.2,-0.7000000000000001,1.2000000000000002,1.1,9.1,-4.1000000000000005,-4.6000000000000005,-11.000000000000002,16
13152,220194.0,-0.30000000000000004,0.1,-0.4,0.7000000000000001,1.4000000000000001,9.200000000000001,-1.0999999999999999,-6.1000000000000005,-12.100000000000001,16
13153,220210.0,-0.5,0.2,-0.4,0.5,1.5,9.1,0.4,-11.700000000000001,-10.3,16
13154,220227.0,-0.7000000000000001,0.30000000000000004,-0.6000000000000001,0.5,1.6,8.9,2.6,-15.7,-7.9,16
13155,220244.0,-0.7000000000000001,0.4,-0.9,0.5,1.7000000000000002,8.6,7.0,-17.200000000000003,-4.800000000000001,16
13156,220263.0,-0.6000000000000001,0.4,-0.9,0.8,1.7000000000000002,8.6,10.4,-18.8,-2.7,16
13157,220278.0,0.2,0.1,-0.8,1.5,1.5,8.700000000000001,10.700000000000001,-19.9,-5.9,16
13158,220295.0,0.5,0.0,-0.9,1.9000000000000001,1.4000000000000001,8.6,10.600000000000001,-16.1,-15.299999999999999,16
13159,220310.0,0.4,0.2,-0.8,1.7000000000000002,1.7000000000000002,8.700000000000001,9.700000000000001,-9.1,-24.5,16
13160,220326.0,0.1,0.4,-0.8,1.1,2.0,8.8,6.6000000000000005,-3.7000000000000006,-28.900000000000002,16
13161,220344.0,-0.6000000000000001,0.6000000000000001,-0.6000000000000001,0.7000000000000001,2.0,9.0,0.9,-2.1,-28.900000000000002,16
13162,220360.0,-0.7000000000000001,0.5,-0.2,0.7000000000000001,1.9000000000000001,9.3,-5.8,-3.4,-28.3,16
13163,220378.0,-0.7000000000000001,0.30000000000000004,0.0,0.7000000000000001,1.8,9.5,-10.0,-4.1000000000000005,-28.3,16
13164,220394.0,-0.7000000000000001,0.2,0.2,0.6000000000000001,1.6,9.9,-11.000000000000002,-4.6000000000000005,-28.0,16
13165,220410.0,-0.8,0.1,0.7000000000000001,0.5,1.6,10.200000000000001,-8.700000000000001,-5.6,-26.3,16
13166,220426.0,-1.0,0.1,0.9,0.4,1.5,10.4,-2.9,-4.9,-23.900000000000002,16
13167,220443.0,-1.1,0.1,1.0,0.2,1.7000000000000002,10.700000000000001,4.6000000000000005,-4.3999999999999995,-20.900000000000002,16
13168,220460.0,-1.3,0.30000000000000004,1.4000000000000001,0.0,1.9000000000000001,10.9,10.2,-6.2,-16.400000000000002,16
13169,220476.0,-1.3,0.4,1.5,0.1,2.0,11.0,13.4,-10.1,-12.200000000000001,16
13170,220493.0,-1.2000000000000002,0.4,1.6,0.4,2.0,11.200000000000001,12.9,-14.200000000000001,-9.600000000000001,16
13171,220510.0,-0.6000000000000001,0.4,1.9000000000000001,0.9,2.0,11.4,10.0,-17.400000000000002,-8.0,16
13172,220527.0,-0.30000000000000004,0.30000000000000004,1.9000000000000001,0.9,2.0,11.4,10.0,-17.400000000000002,-8.0,16
13173,220544.0,0.0,0.30000000000000004,1.9000000000000001,1.6,2.0,11.4,11.3,-6.6000000000000005,-5.9,16
13174,220560.0,0.4,0.30000000000000004,1.9000000000000001,1.9000000000000001,1.9000000000000001,11.4,16.3,3.3000000000000003,-5.0,16
13175,220577.0,0.7000000000000001,-0.1,1.5,2.2,1.7000000000000002,11.0,18.1,10.8,-5.9,16
13176,220593.0,0.9,-0.2,1.2000000000000002,2.3000000000000003,1.6,10.5,16.700000000000003,14.600000000000001,-8.200000000000001,16
13177,220610.0,0.9,-0.4,0.8,2.3000000000000003,1.4000000000000001,10.200000000000001,13.0,17.599999999999998,-9.700000000000001,16
13178,220626.0,1.0,-0.5,0.2,2.3000000000000003,1.4000000000000001,9.700000000000001,9.3,20.8,-9.700000000000001,16
13179,220643.0,1.1,-0.6000000000000001,-0.2,2.4000000000000004,1.3,9.1,9.9,28.0,-8.799999999999999,16
13180,220660.0,1.3,-0.8,-0.7000000000000001,2.5,1.2000000000000002,8.8,10.3,31.2,-9.700000000000001,16
13181,220677.0,1.3,-0.8,-0.9,2.4000000000000004,1.1,8.6,6.000000000000001,26.0,-13.700000000000001,16
13182,220693.0,1.3,-0.8,-1.1,2.2,1.2000000000000002,8.4,-4.5,15.8,-18.0,16
13183,220710.0,0.9,-0.7000000000000001,-1.3,1.8,1.2000000000000002,8.200000000000001,-16.5,4.9,-18.7,16
13184,220726.0,0.6000000000000001,-0.6000000000000001,-1.2000000000000002,1.6,1.3,8.4,-27.0,-6.3,-14.800000000000002,16
13185,220743.0,0.4,-0.5,-0.9,1.5,1.3,8.700000000000001,-33.300000000000004,-16.2,-8.1,16
13186,220760.0,0.5,-0.4,-0.6000000000000001,1.6,1.2000000000000002,9.0,-32.800000000000004,-23.0,-1.2000000000000002,16
13187,220777.0,0.6000000000000001,-0.4,-0.1,1.9000000000000001,1.2000000000000002,9.4,-27.6,-28.400000000000002,3.3000000000000003,16
13188,220794.0,0.6000000000000001,-0.2,-0.1,2.0,1.3,9.5,-20.0,-31.4,4.5,16
13189,220810.0,0.7000000000000001,-0.1,-0.1,2.1,1.4000000000000001,9.5,-13.6,-31.5,3.4,16
13190,220830.0,0.7000000000000001,0.0,-0.2,2.2,1.5,9.3,-8.200000000000001,-28.8,0.30000000000000004,16
13191,220844.0,0.5,0.30000000000000004,-0.30000000000000004,2.0,1.7000000000000002,9.200000000000001,-5.1,-23.6,-2.3000000000000003,16
13192,220860.0,0.30000000000000004,0.4,-0.5,1.9000000000000001,1.9000000000000001,9.0,-4.6000000000000005,-18.0,-3.3000000000000003,16
13193,220877.0,0.30000000000000004,0.6000000000000001,-0.8,1.9000000000000001,2.0,8.6,-6.7,-10.700000000000001,-4.300000000000001,16
13194,220893.0,0.30000000000000004,0.6000000000000001,-1.1,1.9000000000000001,2.0,8.6,-6.7,-10.700000000000001,-4.300000000000001,16
13195,220910.0,0.1,0.6000000000000001,-1.4000000000000001,1.5,2.0,8.1,-16.900000000000002,3.5,-10.4,16
13196,220927.0,-0.4,0.7000000000000001,-1.3,1.2000000000000002,1.9000000000000001,8.200000000000001,-21.5,5.6,-11.1,16
13197,220943.0,-0.7000000000000001,0.6000000000000001,-1.1,0.9,1.9000000000000001,8.4,-23.6,5.2,-10.3,16
13198,220960.0,-0.9,0.6000000000000001,-1.0,0.6000000000000001,1.8,8.6,-20.5,5.4,-7.6,16
13199,220981.0,-0.9,0.6000000000000001,-1.0,0.6000000000000001,1.8,8.6,-20.5,5.4,-7.6,16
13200,220993.0,-1.1,0.5,-0.8,0.4,1.7000000000000002,8.700000000000001,-11.1,-3.4,-2.5,16
13201,221010.0,-1.3,0.6000000000000001,-0.7000000000000001,0.30000000000000004,1.8,8.9,-7.1000000000000005,-9.0,0.6000000000000001,16
13202,221026.0,-1.3,0.7000000000000001,-0.5,0.30000000000000004,1.9000000000000001,9.0,-3.6,-12.8,4.800000000000001,16
13203,221043.0,-1.2000000000000002,0.9,-0.5,0.5,2.0,9.0,1.0,-15.000000000000002,10.1,16
13204,221060.0,-1.0,0.9,-0.4,0.8,2.0,9.1,4.5,-13.4,14.100000000000001,16
13205,221076.0,-0.8,1.0,-0.4,1.0,2.1,9.1,6.1000000000000005,-10.9,17.200000000000003,16
13206,221095.0,-0.6000000000000001,1.1,-0.30000000000000004,1.2000000000000002,2.2,9.200000000000001,6.9,-7.300000000000001,19.500000000000004,16
13207,221112.0,-0.5,1.1,-0.2,1.2000000000000002,2.3000000000000003,9.5,5.300000000000001,-5.2,20.2,16
13208,221129.0,-0.5,1.2000000000000002,0.30000000000000004,1.3,2.5,9.8,3.0000000000000004,-6.1000000000000005,21.200000000000003,16
13209,221143.0,-0.30000000000000004,1.4000000000000001,0.7000000000000001,1.5,2.5,10.200000000000001,1.3,-7.9,22.8,16
13210,221160.0,-0.1,1.4000000000000001,0.9,2.0,2.7,10.200000000000001,3.3000000000000003,-6.3,23.8,16
13211,221176.0,0.5,1.4000000000000001,0.5,2.4000000000000004,2.6,10.100000000000001,4.800000000000001,0.2,22.4,16
13212,221196.0,0.7000000000000001,1.4000000000000001,0.8,2.5,2.6,10.100000000000001,8.4,4.5,18.5,16
13213,221214.0,0.4,1.3,0.2,2.3000000000000003,2.6,9.700000000000001,17.5,16.2,13.8,16
13214,221233.0,-0.4,1.4000000000000001,-0.30000000000000004,1.5,2.7,9.3,26.500000000000004,26.0,10.600000000000001,16
13215,221245.0,-0.7000000000000001,1.3,-0.6000000000000001,0.9,2.7,8.8,31.2,30.5,10.1,16
13216,221260.0,-1.2000000000000002,1.1,-1.2000000000000002,0.4,2.6,8.3,31.8,31.4,11.3,16
13217,221277.0,-1.3,0.9,-1.4000000000000001,0.2,2.4000000000000004,8.0,30.799999999999997,34.2,14.0,16
13218,221293.0,-1.4000000000000001,0.6000000000000001,-1.4000000000000001,0.0,2.2,8.0,30.4,37.0,18.0,16
13219,221310.0,-1.4000000000000001,0.2,-0.9,-0.1,2.0,8.6,31.7,39.8,21.8,16
13220,221327.0,-0.7000000000000001,0.0,0.4,1.1,1.7000000000000002,11.0,30.5,30.200000000000003,21.3,16
13221,221344.0,1.0,-0.30000000000000004,3.1,2.4000000000000004,1.5,12.5,18.7,16.3,17.7,16
13222,221360.0,1.6,-0.4,3.0,2.4000000000000004,1.5,12.5,18.7,16.3,17.7,16
13223,221378.0,1.7000000000000002,-0.6000000000000001,3.4000000000000004,2.8000000000000003,1.2000000000000002,13.0,2.7,32.800000000000004,17.3,16
13224,221395.0,1.7000000000000002,-0.8,3.9000000000000004,2.6,1.1,13.600000000000001,10.1,45.1,15.8,16
13225,221410.0,1.4000000000000001,-0.8,4.0,2.2,1.1,13.5,15.6,42.1,11.3,16
13226,221427.0,1.2000000000000002,-0.7000000000000001,3.6,1.8,1.3,12.600000000000001,18.7,30.5,6.6000000000000005,16
13227,221443.0,0.7000000000000001,-0.5,1.8,1.2000000000000002,1.5,11.0,22.1,22.000000000000004,2.5,16
13228,221460.0,-0.2,-0.4,0.0,0.5,1.7000000000000002,9.5,23.700000000000003,16.400000000000002,-0.4,16
13229,221483.0,-1.2000000000000002,-0.4,-1.0,-0.4,1.8,8.6,16.0,6.6000000000000005,0.1,16
13230,221493.0,-1.5,-0.5,-1.5,-0.9,1.6,8.0,3.0000000000000004,-7.0,4.1000000000000005,16
13231,221510.0,-1.5,-0.7000000000000001,-1.7000000000000002,-0.8,1.4000000000000001,7.9,-12.5,-23.2,9.4,16
13232,221526.0,-1.4000000000000001,-0.9,-1.5,-0.4,1.1,8.1,-25.5,-39.300000000000004,15.100000000000001,16
13233,221543.0,-0.7000000000000001,-1.2000000000000002,-1.3,0.5,0.6000000000000001,8.3,-31.5,-46.7,18.0,16
13234,221560.0,0.30000000000000004,-1.5,-0.9,1.4000000000000001,0.30000000000000004,8.6,-30.599999999999998,-45.800000000000004,16.900000000000002,16
13235,221577.0,0.7000000000000001,-1.5,-1.0,1.8,0.30000000000000004,8.5,-23.0,-35.4,14.200000000000001,16
13236,221593.0,0.5,-1.4000000000000001,-1.0,1.6,0.4,8.5,-14.0,-23.1,12.6,16
13237,221610.0,0.0,-1.1,-1.1,1.3,0.6000000000000001,8.4,-7.9,-13.3,13.200000000000001,16
13238,221627.0,-0.1,-0.9,-1.2000000000000002,1.2000000000000002,0.7000000000000001,8.3,-7.0,-8.4,13.700000000000001,16
13239,221643.0,-0.1,-0.9,-1.2000000000000002,1.3,0.8,8.3,-10.700000000000001,-6.4,11.2,16
13240,221660.0,-0.1,-0.7000000000000001,-1.0,1.3,0.9,8.5,-15.000000000000002,-4.0,7.400000000000001,16
13241,221684.0,-0.4,-0.5,-0.6000000000000001,1.0,1.0,8.9,-16.400000000000002,-3.5,5.9,16
13242,221694.0,-0.5,-0.30000000000000004,-0.30000000000000004,1.0,1.2000000000000002,9.4,-15.9,-4.5,6.8,16
13243,221712.0,-0.30000000000000004,-0.30000000000000004,0.1,1.2000000000000002,1.2000000000000002,9.600000000000001,-15.399999999999999,-7.400000000000001,6.9,16
13244,221727.0,-0.2,0.0,0.30000000000000004,1.2000000000000002,1.3,9.8,-13.0,-8.5,6.1000000000000005,16
13245,221743.0,-0.2,0.0,0.4,1.4000000000000001,1.4000000000000001,9.9,-9.4,-6.1000000000000005,5.1,16
13246,221761.0,-0.1,0.1,0.4,1.3,1.4000000000000001,9.9,-7.300000000000001,-1.5000000000000002,2.7,16
13247,221777.0,-0.2,0.2,0.30000000000000004,1.3,1.4000000000000001,9.9,-7.300000000000001,-1.5000000000000002,2.7,16
13248,221793.0,-0.7000000000000001,0.4,0.4,0.6000000000000001,1.7000000000000002,10.0,-4.9,9.8,5.8,16
13249,221810.0,-0.8,0.5,0.4,0.6000000000000001,1.7000000000000002,9.9,-4.0,15.000000000000002,9.4,16
13250,221827.0,-0.8,0.4,0.30000000000000004,0.5,1.7000000000000002,9.9,-1.4,21.5,10.9,16
13251,221843.0,-0.8,0.4,0.4,0.4,1.7000000000000002,10.0,1.9,25.900000000000002,10.700000000000001,16
13252,221860.0,-0.8,0.4,0.6000000000000001,0.30000000000000004,1.6,10.200000000000001,4.6000000000000005,26.500000000000004,9.600000000000001,16
13253,221884.0,-0.8,0.30000000000000004,0.8,0.30000000000000004,1.6,10.4,6.2,24.6,8.200000000000001,16
13254,221893.0,-0.8,0.30000000000000004,0.9,0.30000000000000004,1.5,10.600000000000001,6.9,21.3,7.2,16
13255,221910.0,-0.7000000000000001,0.1,1.0,0.30000000000000004,1.4000000000000001,10.700000000000001,6.8,17.0,6.000000000000001,16
13256,221927.0,-0.5,-0.1,1.2000000000000002,0.5,1.2000000000000002,10.8,5.1,12.9,4.1000000000000005,16
13257,221943.0,-0.2,-0.30000000000000004,1.3,0.8,1.0,11.100000000000001,2.5,11.000000000000002,1.2000000000000002,16
13258,221960.0,0.1,-0.4,1.7000000000000002,1.1,0.9,11.5,-1.3,6.8,-1.3,16
13259,221998.0,0.8,-0.5,2.2,1.7000000000000002,0.8,11.8,-10.5,-2.1,2.4000000000000004,16
13260,222017.0,1.2000000000000002,-0.6000000000000001,2.2,2.1,0.7000000000000001,11.9,-13.8,-5.9,4.9,16
13261,222028.0,1.4000000000000001,-0.7000000000000001,2.0,2.4000000000000004,0.5,11.600000000000001,-18.2,-9.200000000000001,7.1000000000000005,16
13262,222043.0,1.4000000000000001,-0.7000000000000001,1.1,2.4000000000000004,0.5,10.9,-17.9,-4.5,10.9,16
13263,222060.0,1.3,-0.7000000000000001,0.7000000000000001,2.2,0.4,10.3,-6.000000000000001,8.799999999999999,16.8,16
13264,222083.0,1.2000000000000002,-0.9,0.5,2.1,0.2,10.200000000000001,9.4,21.1,21.200000000000003,16
13265,222094.0,1.1,-0.9,0.4,1.9000000000000001,0.30000000000000004,10.0,23.5,23.700000000000003,22.8,16
13266,222110.0,0.9,-0.8,0.0,1.7000000000000002,0.5,9.600000000000001,34.0,21.5,22.5,16
13267,222126.0,0.7000000000000001,-0.6000000000000001,-0.5,1.5,0.7000000000000001,9.1,39.8,18.3,20.2,16
13268,222144.0,0.30000000000000004,-0.5,-1.4000000000000001,1.1,0.9,8.3,40.5,16.8,15.7,16
13269,222160.0,0.0,-0.4,-1.7000000000000002,0.5,1.1,7.800000000000001,36.1,15.7,12.4,16
13270,222178.0,-0.6000000000000001,-0.4,-2.0,0.0,1.2000000000000002,7.6000000000000005,25.8,12.000000000000002,10.9,16
13271,222193.0,-0.9,-0.4,-2.0,0.0,1.2000000000000002,7.6000000000000005,25.8,12.000000000000002,10.9,16
13272,222210.0,-1.2000000000000002,-0.4,-1.8,-0.4,1.2000000000000002,7.9,-7.9,-8.0,12.700000000000001,16
13273,222226.0,-0.9,-0.5,-1.5,0.0,1.0,8.200000000000001,-21.700000000000003,-15.299999999999999,14.500000000000002,16
13274,222243.0,-0.30000000000000004,-0.7000000000000001,-1.2000000000000002,0.5,0.8,8.4,-28.6,-17.8,13.4,16
13275,222260.0,0.0,-0.8,-0.9,0.9,0.7000000000000001,9.0,-28.200000000000003,-13.700000000000001,10.0,16
13276,222277.0,0.1,-0.6000000000000001,-0.30000000000000004,0.9,0.8,9.4,-23.2,-10.0,7.699999999999999,16
13277,222293.0,0.1,-0.4,-0.1,1.0,0.9,9.5,-17.599999999999998,-7.9,6.7,16
13278,222311.0,0.1,-0.30000000000000004,-0.30000000000000004,1.0,1.1,9.200000000000001,-13.6,-4.5,6.4,16
13279,222326.0,0.1,0.0,-0.7000000000000001,1.0,1.3,8.9,-12.700000000000001,0.1,6.6000000000000005,16
13280,222343.0,0.0,0.30000000000000004,-0.7000000000000001,1.0,1.5,8.9,-15.100000000000001,3.0000000000000004,6.9,16
13281,222360.0,0.1,0.4,-0.7000000000000001,1.1,1.6,9.0,-18.0,5.0,7.1000000000000005,16
13282,222383.0,0.2,0.6000000000000001,-0.5,1.1,1.6,9.1,-18.7,6.5,7.1000000000000005,16
13283,222402.0,0.0,0.7000000000000001,-0.4,0.8,1.7000000000000002,9.4,-16.2,5.1,7.300000000000001,16
13284,222410.0,0.0,0.7000000000000001,-0.4,0.8,1.7000000000000002,9.4,-16.2,5.1,7.300000000000001,16
13285,222426.0,0.0,0.7000000000000001,-0.1,0.9,1.6,9.700000000000001,-15.000000000000002,1.4,6.3,16
13286,222443.0,0.0,0.7000000000000001,0.1,0.9,1.6,9.700000000000001,-15.000000000000002,1.4,6.3,16
13287,222461.0,0.0,0.8,0.1,0.9,1.6,9.8,-8.0,-0.6000000000000001,5.0,16
13288,222482.0,-0.2,0.8,0.1,0.7000000000000001,1.7000000000000002,9.8,-1.2000000000000002,4.300000000000001,7.1000000000000005,16
13289,222493.0,-0.30000000000000004,0.8,0.2,0.5,1.7000000000000002,9.9,5.1,8.0,9.5,16
13290,222510.0,-0.4,0.8,0.5,0.4,1.7000000000000002,10.200000000000001,8.200000000000001,6.1000000000000005,10.9,16
13291,222526.0,-0.4,0.8,0.7000000000000001,0.4,1.8,10.4,8.3,0.8,12.6,16
13292,222543.0,-0.2,0.8,0.7000000000000001,0.7000000000000001,1.8,10.4,7.9,-2.8,14.3,16
13293,222560.0,0.0,0.8,0.8,1.0,1.7000000000000002,10.5,7.2,-3.4,14.900000000000002,16
13294,222576.0,0.2,0.7000000000000001,0.8,1.0,1.7000000000000002,10.5,9.8,1.9,14.700000000000001,16
13295,222593.0,0.0,0.7000000000000001,0.9,0.8,1.7000000000000002,10.700000000000001,15.000000000000002,9.1,15.7,16
13296,222612.0,-0.2,0.5,1.2000000000000002,0.6000000000000001,1.6,10.9,19.8,12.5,17.1,16
13297,222627.0,-0.2,0.4,1.5,0.7000000000000001,1.5,11.4,19.200000000000003,4.3999999999999995,17.1,16
13298,222643.0,0.2,0.2,1.9000000000000001,1.1,1.4000000000000001,11.600000000000001,14.4,-7.300000000000001,15.5,16
13299,222660.0,0.8,0.0,2.1,1.7000000000000002,1.2000000000000002,11.8,9.200000000000001,-16.2,12.5,16
13300,222678.0,1.2000000000000002,-0.30000000000000004,2.2,2.4000000000000004,0.8,11.9,6.000000000000001,-20.2,8.1,16
13301,222693.0,1.7000000000000002,-0.6000000000000001,2.0,2.6,0.6000000000000001,11.600000000000001,8.5,-15.299999999999999,3.8,16
13302,222710.0,1.4000000000000001,-0.7000000000000001,1.3,2.4000000000000004,0.6000000000000001,11.0,14.700000000000001,-6.000000000000001,1.9,16
13303,222727.0,1.2000000000000002,-0.7000000000000001,1.0,2.0,0.6000000000000001,10.4,18.900000000000002,2.0,2.4000000000000004,16
13304,222743.0,0.8,-0.7000000000000001,0.2,1.8,0.6000000000000001,9.8,22.2,9.1,3.4,16
13305,222760.0,0.7000000000000001,-1.0,-0.2,1.6,0.5,9.5,27.5,15.399999999999999,1.4,16
13306,222781.0,0.30000000000000004,-1.1,0.0,1.3,0.5,9.600000000000001,31.3,13.700000000000001,-3.5,16
13307,222793.0,0.2,-1.1,0.0,1.1,0.5,9.700000000000001,29.1,3.0000000000000004,-8.4,16
13308,222810.0,0.2,-1.1,-0.30000000000000004,1.2000000000000002,0.6000000000000001,9.3,22.1,-6.6000000000000005,-11.6,16
13309,222826.0,0.30000000000000004,-1.1,-0.5,1.5,0.6000000000000001,9.0,13.9,-11.3,-13.6,16
13310,222843.0,0.7000000000000001,-1.1,-0.8,1.7000000000000002,0.6000000000000001,8.9,6.1000000000000005,-7.9,-15.299999999999999,16
13311,222861.0,0.7000000000000001,-1.1,-0.7000000000000001,1.7000000000000002,0.6000000000000001,9.0,-0.9,-4.0,-17.1,16
13312,222881.0,0.5,-1.0,-0.6000000000000001,1.5,0.7000000000000001,9.1,-8.0,-3.2,-17.5,16
13313,222894.0,0.4,-0.9,-0.5,1.3,0.8,9.0,-14.700000000000001,-3.4,-16.2,16
13314,222910.0,0.2,-0.7000000000000001,-0.8,1.2000000000000002,0.9,8.8,-17.5,-1.6,-13.3,16
13315,222926.0,0.0,-0.6000000000000001,-1.2000000000000002,0.9,0.9,8.5,-15.5,3.0000000000000004,-10.1,16
13316,222943.0,-0.1,-0.6000000000000001,-1.3,0.7000000000000001,0.9,8.3,-8.799999999999999,8.799999999999999,-8.200000000000001,16
13317,222961.0,-0.5,-0.5,-1.5,0.4,1.1,8.200000000000001,-1.9,12.200000000000001,-7.300000000000001,16
13318,222984.0,-0.7000000000000001,-0.30000000000000004,-1.5,0.2,1.2000000000000002,8.1,2.8,7.400000000000001,-6.3,16
13319,222993.0,-0.7000000000000001,-0.2,-1.5,0.2,1.4000000000000001,8.1,3.3000000000000003,0.8,-5.8,16
13320,223010.0,-0.5,-0.30000000000000004,-1.4000000000000001,0.5,1.3,8.200000000000001,0.2,-7.2,-7.0,16
13321,223027.0,-0.1,-0.30000000000000004,-1.4000000000000001,0.8,1.2000000000000002,8.200000000000001,-4.3999999999999995,-13.4,-11.8,16
13322,223043.0,0.0,-0.30000000000000004,-1.3,0.9,1.2000000000000002,8.4,-9.700000000000001,-14.900000000000002,-18.0,16
13323,223060.0,-0.30000000000000004,-0.2,-1.0,0.6000000000000001,1.3,8.6,-16.0,-14.500000000000002,-21.400000000000002,16
13324,223079.0,-0.8,0.0,-0.7000000000000001,0.2,1.4000000000000001,8.9,-20.4,-12.100000000000001,-19.400000000000002,16
13325,223095.0,-1.0,-0.1,-0.30000000000000004,0.0,1.3,9.200000000000001,-23.400000000000002,-9.8,-15.399999999999999,16
13326,223110.0,-1.0,-0.1,0.0,0.0,1.2000000000000002,9.8,-23.700000000000003,-8.4,-12.8,16
13327,223127.0,-1.1,-0.1,0.7000000000000001,0.0,1.2000000000000002,10.3,-18.6,-7.1000000000000005,-11.700000000000001,16
13328,223143.0,-1.0,0.0,1.0,0.1,1.2000000000000002,10.700000000000001,-9.700000000000001,-5.4,-11.4,16
13329,223160.0,-0.9,0.1,1.0,0.2,1.3,10.600000000000001,0.9,-0.7,-11.9,16
13330,223176.0,-0.9,0.2,0.7000000000000001,0.1,1.5,10.3,10.700000000000001,7.699999999999999,-12.8,16
13331,223195.0,-1.0,0.2,0.6000000000000001,-0.1,1.7000000000000002,9.9,14.0,11.5,-12.3,16
13332,223210.0,-1.1,0.4,0.30000000000000004,-0.2,1.7000000000000002,10.0,10.0,11.4,-10.9,16
13333,223227.0,-1.1,0.4,0.1,-0.2,1.8,9.700000000000001,5.6,12.700000000000001,-9.600000000000001,16
13334,223243.0,-1.1,0.30000000000000004,0.1,-0.30000000000000004,1.7000000000000002,9.8,-0.1,12.8,-9.3,16
13335,223260.0,-1.2000000000000002,0.4,0.4,-0.5,1.7000000000000002,10.200000000000001,-6.7,9.8,-8.4,16
13336,223279.0,-1.2000000000000002,0.4,0.9,-0.4,1.7000000000000002,10.600000000000001,-10.600000000000001,4.1000000000000005,-5.7,16
13337,223296.0,-0.8,0.4,1.3,-0.1,1.7000000000000002,10.9,-10.1,1.4,-2.4000000000000004,16
13338,223310.0,-0.5,0.30000000000000004,1.3,0.4,1.6,11.0,-4.300000000000001,4.300000000000001,-1.2000000000000002,16
13339,223327.0,-0.2,0.4,1.3,0.5,1.7000000000000002,11.0,4.3999999999999995,12.3,-1.7,16
13340,223343.0,-0.30000000000000004,0.6000000000000001,1.3,0.30000000000000004,1.9000000000000001,11.0,12.6,19.200000000000003,-2.9,16
13341,223360.0,-0.30000000000000004,0.6000000000000001,1.3,0.30000000000000004,2.0,11.0,15.8,20.8,-5.500000000000001,16
13342,223377.0,-0.1,0.7000000000000001,1.3,0.4,2.1,11.0,10.4,17.3,-8.3,16
13343,223395.0,0.2,0.7000000000000001,1.1,0.7000000000000001,2.1,10.8,4.1000000000000005,16.900000000000002,-9.600000000000001,16
13344,223410.0,0.4,0.5,0.8,0.9,1.9000000000000001,10.5,2.1,26.500000000000004,-11.4,16
13345,223427.0,0.4,0.30000000000000004,0.8,0.7000000000000001,1.7000000000000002,10.600000000000001,0.6000000000000001,31.8,-12.9,16
13346,223443.0,0.4,0.2,0.9,0.7000000000000001,1.7000000000000002,10.600000000000001,0.6000000000000001,31.8,-12.9,16
13347,223460.0,0.30000000000000004,0.0,1.0,0.5,1.4000000000000001,10.700000000000001,-3.6,24.3,-11.5,16
13348,223476.0,0.6000000000000001,-0.2,1.0,0.8,1.2000000000000002,10.8,-3.7000000000000006,17.3,-11.3,16
13349,223493.0,1.1,-0.4,0.9,1.2000000000000002,1.1,10.700000000000001,-1.7,11.4,-12.3,16
13350,223510.0,1.4000000000000001,-0.4,0.7000000000000001,1.5,1.0,10.4,2.9,10.4,-13.5,16
13351,223526.0,1.6,-0.5,0.30000000000000004,1.6,1.0,10.0,7.1000000000000005,10.9,-14.4,16
13352,223543.0,1.4000000000000001,-0.4,-0.2,1.4000000000000001,1.1,9.5,10.0,11.5,-14.500000000000002,16
13353,223560.0,1.3,-0.4,-0.4,1.2000000000000002,1.1,9.200000000000001,10.0,10.0,-14.3,16
13354,223576.0,1.1,-0.4,-0.8,1.0,1.2000000000000002,8.9,7.500000000000001,4.800000000000001,-14.0,16
13355,223593.0,1.1,-0.30000000000000004,-1.0,1.0,1.2000000000000002,8.700000000000001,4.5,-0.6000000000000001,-13.5,16
13356,223610.0,1.0,-0.30000000000000004,-1.2000000000000002,1.0,1.2000000000000002,8.4,3.6,-2.8,-13.700000000000001,16
13357,223626.0,1.0,-0.4,-1.6,1.0,1.2000000000000002,8.4,3.1,-2.7,-15.5,16
13358,223643.0,0.5,-0.4,-1.8,0.4,1.2000000000000002,7.9,1.0999999999999999,-2.4000000000000004,-17.5,16
13359,223660.0,0.1,-0.30000000000000004,-1.8,-0.30000000000000004,1.3,8.0,-1.9,-5.1,-16.700000000000003,16
13360,223676.0,-0.6000000000000001,-0.2,-1.5,-0.6000000000000001,1.3,8.3,-6.3,-11.4,-13.4,16
13361,223693.0,-0.7000000000000001,-0.2,-1.2000000000000002,-0.6000000000000001,1.3,8.3,-6.3,-11.4,-13.4,16
13362,223710.0,-0.30000000000000004,-0.2,-0.6000000000000001,-0.2,1.2000000000000002,9.0,-18.6,-27.7,-9.1,16
13363,223726.0,0.0,-0.30000000000000004,-0.6000000000000001,0.2,1.1,9.200000000000001,-19.9,-27.6,-8.799999999999999,16
13364,223743.0,0.0,-0.1,-0.4,0.2,1.2000000000000002,9.3,-15.399999999999999,-21.3,-6.5,16
13365,223760.0,0.0,-0.1,-0.30000000000000004,0.2,1.2000000000000002,9.5,-8.4,-14.500000000000002,-1.9,16
13366,223778.0,-0.1,0.0,-0.2,0.1,1.3,9.5,-1.3,-10.5,2.3000000000000003,16
13367,223793.0,-0.2,0.1,-0.2,0.1,1.4000000000000001,9.4,3.2,-10.600000000000001,4.0,16
13368,223810.0,-0.4,0.2,-0.6000000000000001,0.0,1.6,9.1,4.6000000000000005,-12.5,3.5,16
13369,223827.0,-0.5,0.30000000000000004,-0.7000000000000001,-0.2,1.8,8.9,4.2,-11.4,3.2,16
13370,223843.0,-0.8,0.6000000000000001,-0.7000000000000001,-0.30000000000000004,1.9000000000000001,8.9,2.7,-10.3,4.5,16
13371,223871.0,-0.8,0.7000000000000001,-0.7000000000000001,-0.4,2.0,8.9,-6.3,-9.8,6.6000000000000005,16
13372,223876.0,-0.8,0.7000000000000001,-0.7000000000000001,-0.4,2.0,8.9,-6.3,-9.8,6.6000000000000005,16
13373,223893.0,-0.9,0.8,-0.7000000000000001,-0.30000000000000004,2.1,9.0,-10.700000000000001,-9.700000000000001,7.1000000000000005,16
13374,223910.0,-0.8,0.8,-0.5,-0.2,2.1,9.1,-14.3,-9.3,7.0,16
13375,223926.0,-0.6000000000000001,0.8,-0.4,0.0,2.0,9.3,-16.2,-6.000000000000001,6.4,16
13376,223943.0,-0.5,0.8,-0.4,0.0,2.0,9.3,-12.9,2.5,6.6000000000000005,16
13377,223960.0,-0.7000000000000001,0.9,-0.30000000000000004,-0.2,2.1,9.4,-5.7,11.5,8.9,16
13378,223976.0,-0.8,0.9,-0.2,-0.2,2.1,9.4,0.30000000000000004,13.4,11.3,16
13379,223993.0,-0.5,0.9,-0.2,-0.1,2.2,9.4,1.0,8.600000000000001,10.9,16
13380,224010.0,-0.30000000000000004,0.8,-0.30000000000000004,0.1,2.1,9.3,-0.9,3.1,9.200000000000001,16
13381,224026.0,-0.2,0.7000000000000001,-0.4,0.1,2.1,9.200000000000001,-2.8,1.2000000000000002,6.2,16
13382,224043.0,-0.4,0.8,-0.30000000000000004,-0.2,2.2,9.4,-4.0,1.2000000000000002,5.0,16
13383,224060.0,-0.8,0.8,0.2,-0.6000000000000001,2.2,9.9,-3.2,0.30000000000000004,7.0,16
13384,224077.0,-0.7000000000000001,0.7000000000000001,0.7000000000000001,-0.5,2.1,10.3,-0.30000000000000004,-3.2,10.700000000000001,16
13385,224093.0,-0.5,0.6000000000000001,0.9,-0.2,2.0,10.600000000000001,2.0,-9.200000000000001,12.6,16
13386,224118.0,-0.1,0.4,1.2000000000000002,0.30000000000000004,1.9000000000000001,11.100000000000001,12.9,-5.300000000000001,14.4,16
13387,224134.0,0.0,0.30000000000000004,1.4000000000000001,0.30000000000000004,1.9000000000000001,11.100000000000001,12.9,-5.300000000000001,14.4,16
13388,224143.0,-0.1,0.4,1.6,0.30000000000000004,2.0,11.5,23.3,1.8,18.2,16
13389,224160.0,0.2,0.30000000000000004,2.0,0.5,1.9000000000000001,11.8,29.700000000000003,6.6000000000000005,22.2,16
13390,224176.0,0.5,0.2,2.1,0.8,1.9000000000000001,11.9,30.200000000000003,5.6,22.8,16
13391,224193.0,0.8,0.1,2.1,1.2000000000000002,1.9000000000000001,11.700000000000001,27.8,2.5,20.5,16
13392,224210.0,1.2000000000000002,0.0,1.8,1.6,1.8,11.4,22.7,0.8,17.1,16
13393,224228.0,1.4000000000000001,-0.30000000000000004,1.3,1.8,1.7000000000000002,11.0,17.200000000000003,2.8,13.6,16
13394,224243.0,1.4000000000000001,-0.30000000000000004,1.1,1.7000000000000002,1.6,10.700000000000001,12.6,6.1000000000000005,11.6,16
13395,224260.0,1.2000000000000002,-0.5,1.0,1.5,1.4000000000000001,10.700000000000001,8.1,6.5,11.000000000000002,16
13396,224277.0,1.0,-0.7000000000000001,0.9,1.3,1.3,10.600000000000001,4.5,3.0000000000000004,11.700000000000001,16
13397,224293.0,0.9,-0.8,0.7000000000000001,1.2000000000000002,1.2000000000000002,10.200000000000001,4.0,1.0999999999999999,12.4,16
13398,224315.0,0.7000000000000001,-1.0,0.1,1.0,1.0,9.700000000000001,6.9,2.0,12.5,16
13399,224326.0,0.30000000000000004,-1.1,-0.5,0.6000000000000001,0.9,9.200000000000001,11.8,4.9,11.8,16
13400,224343.0,0.1,-1.2000000000000002,-0.7000000000000001,0.30000000000000004,0.9,8.8,16.6,5.500000000000001,10.600000000000001,16
13401,224360.0,-0.2,-1.2000000000000002,-1.1,0.1,0.9,8.5,18.3,2.5,8.9,16
13402,224390.0,0.0,-1.2000000000000002,-1.4000000000000001,0.5,1.0,8.200000000000001,7.400000000000001,-14.600000000000001,5.500000000000001,16
13403,224393.0,0.0,-1.2000000000000002,-1.4000000000000001,0.5,1.0,8.200000000000001,7.400000000000001,-14.600000000000001,5.500000000000001,16
13404,224410.0,0.4,-1.3,-1.5,0.9,0.9,8.200000000000001,-2.1999999999999997,-20.5,3.1,16
13405,224427.0,0.8,-1.4000000000000001,-1.2000000000000002,1.3,0.8,8.4,-9.5,-20.8,1.7,16
13406,224443.0,0.8,-1.4000000000000001,-1.0,1.5,0.7000000000000001,8.8,-14.200000000000001,-20.6,1.0999999999999999,16
13407,224461.0,1.0,-1.3,-0.6000000000000001,1.7000000000000002,0.7000000000000001,9.1,-17.0,-20.2,0.7,16
13408,224480.0,1.1,-1.3,-0.5,1.8,0.7000000000000001,9.1,-18.1,-18.5,0.4,16
13409,224493.0,1.2000000000000002,-1.2000000000000002,-0.4,1.8,0.7000000000000001,9.200000000000001,-18.3,-15.100000000000001,0.1,16
13410,224510.0,0.8,-1.1,-0.5,1.4000000000000001,0.9,9.200000000000001,-16.8,-9.4,0.6000000000000001,16
13411,224526.0,0.2,-0.7000000000000001,-0.4,0.9,1.1,9.200000000000001,-12.6,-2.8,3.1,16
13412,224544.0,-0.1,-0.6000000000000001,-0.30000000000000004,0.6000000000000001,1.4000000000000001,9.3,-7.400000000000001,0.1,5.7,16
13413,224561.0,-0.30000000000000004,-0.30000000000000004,-0.4,0.5,1.5,9.200000000000001,-3.3000000000000003,-1.3,5.4,16
13414,224578.0,-0.2,-0.2,-0.6000000000000001,0.6000000000000001,1.5,9.0,-1.9,-5.0,2.1,16
13415,224595.0,-0.30000000000000004,-0.2,-0.9,0.5,1.6,8.8,-3.9,-7.6,-3.1,16
13416,224610.0,-0.5,-0.1,-1.0,0.2,1.7000000000000002,8.6,-5.9,-5.6,-6.8,16
13417,224626.0,-1.1,0.0,-0.8,-0.2,1.8,8.9,-8.700000000000001,-4.6000000000000005,-7.0,16
13418,224643.0,-1.1,0.1,-0.30000000000000004,-0.30000000000000004,1.8,9.3,-12.9,-8.700000000000001,-5.2,16
13419,224660.0,-1.0,0.0,-0.1,0.0,1.6,9.600000000000001,-15.5,-12.8,-4.2,16
13420,224686.0,-0.6000000000000001,-0.2,0.2,0.30000000000000004,1.3,9.9,-6.2,-6.4,-6.3,16
13421,224694.0,-0.6000000000000001,-0.2,0.2,0.30000000000000004,1.3,9.9,-6.2,-6.4,-6.3,16
13422,224716.0,-0.7000000000000001,-0.30000000000000004,0.2,0.1,1.3,9.8,4.2,2.0,-7.9,16
13423,224726.0,-1.1,-0.30000000000000004,0.1,-0.30000000000000004,1.4000000000000001,9.700000000000001,14.0,10.3,-8.1,16
13424,224748.0,-1.5,-0.1,-0.1,-0.7000000000000001,1.6,9.5,18.0,15.399999999999999,-7.2,16
13425,224760.0,-1.8,0.0,-0.2,-1.1,1.8,9.4,15.8,14.900000000000002,-5.500000000000001,16
13426,224777.0,-2.0,0.1,-0.2,-1.2000000000000002,1.8,9.5,8.600000000000001,12.6,-4.0,16
13427,224793.0,-1.7000000000000002,-0.1,0.1,-1.0,1.7000000000000002,9.8,0.30000000000000004,10.8,-3.2,16
13428,224810.0,-1.6,-0.1,0.30000000000000004,-0.9,1.6,10.100000000000001,-4.300000000000001,10.2,-2.0,16
13429,224827.0,-1.5,-0.2,0.8,-0.9,1.5,10.600000000000001,-6.2,9.8,1.0999999999999999,16
13430,224844.0,-1.4000000000000001,-0.30000000000000004,1.3,-0.8,1.4000000000000001,10.9,-6.1000000000000005,8.700000000000001,5.2,16
13431,224862.0,-1.2000000000000002,-0.2,1.8,-0.7000000000000001,1.5,11.4,-3.0000000000000004,7.300000000000001,10.2,16
13432,224881.0,-0.7000000000000001,-0.1,2.2,-0.30000000000000004,1.5,11.8,1.9,6.9,14.600000000000001,16
13433,224893.0,-0.5,-0.1,2.2,0.1,1.7000000000000002,11.9,8.799999999999999,8.0,17.3,16
13434,224911.0,0.0,0.1,2.2,0.5,1.8,11.9,14.100000000000001,9.8,17.5,16
13435,224926.0,0.2,0.2,2.0,0.7000000000000001,2.1,11.5,14.0,11.2,16.900000000000002,16
13436,224943.0,0.30000000000000004,0.30000000000000004,1.6,0.7000000000000001,2.1,11.5,14.0,11.2,16.900000000000002,16
13437,224960.0,0.2,0.4,0.8,0.6000000000000001,2.2,10.5,15.7,26.1,15.9,16
13438,224983.0,0.4,0.1,0.8,0.7000000000000001,1.9000000000000001,10.5,8.799999999999999,23.400000000000002,11.2,16
13439,224993.0,0.4,0.0,0.7000000000000001,0.7000000000000001,1.9000000000000001,10.5,8.799999999999999,23.400000000000002,11.2,16
13440,225010.0,0.6000000000000001,-0.30000000000000004,0.5,1.0,1.5,10.0,-8.700000000000001,9.3,4.5,16
13441,225026.0,0.9,-0.6000000000000001,0.2,1.2000000000000002,1.2000000000000002,9.8,-11.9,8.3,3.7000000000000006,16
13442,225043.0,1.0,-0.8,0.2,1.2000000000000002,1.0,9.9,-12.4,7.8,3.6,16
13443,225061.0,1.1,-0.9,0.4,1.3,0.8,10.100000000000001,-12.5,3.1,4.300000000000001,16
13444,225082.0,1.4000000000000001,-1.0,0.4,1.5,0.8,10.200000000000001,-11.5,-3.9,6.8,16
13445,225093.0,1.6,-1.0,0.30000000000000004,2.0,0.7000000000000001,10.0,-7.2,-7.500000000000001,9.5,16
13446,225110.0,2.1,-1.0,-0.2,2.4000000000000004,0.7000000000000001,9.600000000000001,0.7,-5.500000000000001,11.3,16
13447,225126.0,2.3000000000000003,-1.0,-0.5,2.6,0.8,9.200000000000001,8.700000000000001,-0.7,11.000000000000002,16
13448,225143.0,2.1,-0.8,-0.8,2.4000000000000004,1.0,9.0,13.9,1.7,9.3,16
13449,225160.0,1.5,-0.5,-0.8,1.9000000000000001,1.3,8.9,13.700000000000001,-2.0,8.200000000000001,16
13450,225184.0,1.1,-0.2,-1.2000000000000002,1.6,1.6,8.6,11.4,-7.0,9.600000000000001,16
13451,225193.0,1.0,-0.1,-1.3,1.4000000000000001,1.7000000000000002,8.4,8.200000000000001,-9.8,10.5,16
13452,225210.0,0.9,-0.1,-1.5,1.4000000000000001,1.7000000000000002,8.4,4.7,-11.5,9.0,16
13453,225227.0,0.8,-0.1,-1.5,1.1,1.8,8.200000000000001,-0.6000000000000001,-12.3,4.2,16
13454,225243.0,0.30000000000000004,0.0,-1.4000000000000001,0.7000000000000001,1.8,8.3,-7.300000000000001,-13.8,-1.2000000000000002,16
13455,225260.0,-0.2,0.0,-1.3,0.30000000000000004,1.8,8.4,-13.5,-13.4,-4.9,16
13456,225282.0,-0.6000000000000001,0.1,-1.2000000000000002,0.1,1.8,8.5,-16.1,-11.700000000000001,-5.6,16
13457,225293.0,-0.6000000000000001,0.1,-1.1,0.1,1.7000000000000002,8.5,-15.8,-8.4,-5.7,16
13458,225310.0,-0.4,-0.1,-1.1,0.2,1.6,8.5,-14.900000000000002,-4.7,-7.8,16
13459,225327.0,-0.4,-0.1,-1.1,0.2,1.6,8.5,-13.5,-1.0999999999999999,-10.600000000000001,16
13460,225343.0,-0.6000000000000001,0.2,-1.1,0.0,1.8,8.6,-10.700000000000001,2.1,-10.700000000000001,16
13461,225360.0,-0.7000000000000001,0.5,-1.0,0.0,2.1,8.6,-6.5,3.6,-9.5,16
13462,225384.0,-0.6000000000000001,0.6000000000000001,-1.1,0.0,2.2,8.5,-2.8,4.2,-10.2,16
13463,225398.0,-0.7000000000000001,0.8,-1.0,-0.1,2.4000000000000004,8.6,-1.0999999999999999,2.4000000000000004,-11.4,16
13464,225412.0,-0.7000000000000001,0.9,-1.0,-0.1,2.5,8.6,-4.0,-2.8,-12.000000000000002,16
13465,225427.0,-0.6000000000000001,1.0,-1.0,0.0,2.5,8.6,-10.2,-7.1000000000000005,-12.6,16
13466,225443.0,-0.6000000000000001,1.1,-0.9,-0.1,2.7,8.8,-12.5,-5.6,-10.9,16
13467,225460.0,-0.7000000000000001,1.2000000000000002,-0.7000000000000001,-0.1,2.7,8.9,-8.600000000000001,1.4,-7.0,16
13468,225481.0,-0.4,1.0,-0.5,0.2,2.5,9.1,-1.4,8.200000000000001,-4.9,16
13469,225493.0,-0.2,1.0,-0.5,0.4,2.5,9.200000000000001,4.0,13.100000000000001,-8.1,16
13470,225510.0,0.1,0.9,-0.1,0.6000000000000001,2.5,9.700000000000001,7.400000000000001,13.700000000000001,-12.000000000000002,16
13471,225526.0,0.6000000000000001,0.9,0.8,1.0,2.4000000000000004,10.4,7.9,11.1,-13.9,16
13472,225543.0,0.9,0.7000000000000001,1.3,1.5,2.3000000000000003,11.0,5.6,7.9,-14.500000000000002,16
13473,225560.0,1.4000000000000001,0.4,1.7000000000000002,1.9000000000000001,2.0,11.4,3.6,7.500000000000001,-15.000000000000002,16
13474,225581.0,1.7000000000000002,0.1,1.9000000000000001,2.1,1.8,11.600000000000001,4.0,8.799999999999999,-16.5,16
13475,225593.0,1.7000000000000002,0.1,1.9000000000000001,1.8,1.7000000000000002,11.4,6.000000000000001,14.0,-18.2,16
13476,225610.0,1.0,0.1,1.6,1.1,1.8,11.3,7.9,16.900000000000002,-18.3,16
13477,225626.0,0.5,0.1,1.7000000000000002,1.1,1.8,11.3,6.7,10.4,-16.400000000000002,16
13478,225644.0,-0.1,0.1,1.8,-0.1,1.8,11.200000000000001,1.0999999999999999,-2.9,-12.9,16
13479,225660.0,-0.5,-0.1,1.2000000000000002,-0.2,1.6,10.8,-2.5,-9.600000000000001,-8.1,16
13480,225680.0,-0.6000000000000001,-0.1,1.0,-0.30000000000000004,1.6,10.700000000000001,0.4,-9.700000000000001,-2.1,16
13481,225701.0,-0.7000000000000001,-0.1,1.0,-0.4,1.6,10.700000000000001,8.1,-6.9,3.7000000000000006,16
13482,225710.0,-0.7000000000000001,-0.2,1.1,-0.30000000000000004,1.5,10.8,12.8,-9.200000000000001,5.4,16
13483,225726.0,-0.6000000000000001,-0.4,1.2000000000000002,-0.30000000000000004,1.4000000000000001,10.9,10.8,-18.2,3.4,16
13484,225744.0,-0.6000000000000001,-0.4,1.1,-0.1,1.3,10.700000000000001,2.6,-28.500000000000004,2.1,16
13485,225760.0,-0.30000000000000004,-0.6000000000000001,0.9,0.30000000000000004,1.1,10.600000000000001,-6.1000000000000005,-33.1,2.1,16
13486,225779.0,0.1,-0.8,0.7000000000000001,0.7000000000000001,0.9,10.4,-10.2,-27.2,4.5,16
13487,225794.0,0.30000000000000004,-1.0,0.6000000000000001,1.0,0.6000000000000001,10.100000000000001,-5.4,-14.0,8.200000000000001,16
13488,225810.0,0.5,-1.2000000000000002,0.1,1.2000000000000002,0.4,9.8,5.4,1.0,10.600000000000001,16
13489,225826.0,0.30000000000000004,-1.4000000000000001,-0.1,0.9,0.30000000000000004,9.600000000000001,12.200000000000001,12.200000000000001,10.9,16
13490,225843.0,-0.1,-1.3,-0.2,0.5,0.5,9.5,12.3,8.0,11.2,16
13491,225860.0,-0.2,-1.1,-0.4,0.4,0.7000000000000001,9.3,8.200000000000001,4.2,13.6,16
13492,225877.0,-0.1,-1.0,-0.4,0.5,0.8,9.3,2.9,1.2000000000000002,16.6,16
13493,225894.0,-0.1,-0.9,-0.4,0.6000000000000001,0.9,9.4,1.2000000000000002,-2.0,19.8,16
13494,225910.0,0.1,-0.9,-0.30000000000000004,0.8,0.9,9.4,3.3000000000000003,-4.300000000000001,21.8,16
13495,225928.0,0.30000000000000004,-0.9,-0.5,1.0,0.8,9.1,6.6000000000000005,-6.5,21.3,16
13496,225943.0,0.4,-0.9,-1.0,1.1,0.9,8.700000000000001,8.600000000000001,-6.2,19.1,16
13497,225960.0,0.30000000000000004,-0.8,-1.2000000000000002,1.0,1.1,8.3,7.300000000000001,-5.4,18.2,16
13498,225986.0,0.0,-0.4,-1.5,0.8,1.3,8.200000000000001,5.4,-2.6,19.9,16
13499,226005.0,0.0,-0.4,-1.4000000000000001,0.8,1.4000000000000001,8.200000000000001,4.2,2.3000000000000003,21.3,16
13500,226010.0,0.0,-0.4,-1.4000000000000001,0.8,1.4000000000000001,8.200000000000001,4.2,2.3000000000000003,21.3,16
13501,226026.0,0.0,-0.4,-1.5,0.8,1.4000000000000001,8.200000000000001,4.2,2.3000000000000003,21.3,16
13502,226043.0,0.1,-0.5,-1.9000000000000001,0.9,1.3,7.7,-4.3999999999999995,4.5,11.000000000000002,16
13503,226060.0,-0.1,-0.4,-1.9000000000000001,0.5,1.5,7.800000000000001,-11.4,7.2,6.5,16
13504,226076.0,-0.5,0.0,-1.4000000000000001,0.2,1.8,8.3,-15.000000000000002,9.9,7.2,16
13505,226093.0,-0.4,0.1,-0.8,0.30000000000000004,1.7000000000000002,8.8,-15.8,10.600000000000001,9.3,16
13506,226110.0,-0.2,0.0,-0.5,0.6000000000000001,1.5,9.200000000000001,-15.9,9.1,7.0,16
13507,226126.0,0.0,-0.1,-0.1,0.6000000000000001,1.5,9.600000000000001,-16.2,7.9,2.9,16
13508,226143.0,-0.2,0.0,0.2,0.4,1.6,9.9,-14.4,9.1,1.9,16
13509,226160.0,-0.30000000000000004,0.1,0.30000000000000004,0.30000000000000004,1.7000000000000002,10.0,-10.2,12.200000000000001,4.5,16
13510,226176.0,-0.30000000000000004,0.2,0.4,0.30000000000000004,1.7000000000000002,10.0,-4.9,14.800000000000002,8.1,16
13511,226195.0,-0.30000000000000004,0.2,0.30000000000000004,0.30000000000000004,1.7000000000000002,10.0,-4.9,14.800000000000002,8.1,16
13512,226211.0,0.1,0.2,0.5,0.6000000000000001,1.7000000000000002,10.100000000000001,3.5,13.700000000000001,8.200000000000001,16
13513,226226.0,0.2,0.4,0.6000000000000001,0.6000000000000001,1.9000000000000001,10.3,7.8,12.700000000000001,7.0,16
13514,226243.0,0.2,0.5,0.7000000000000001,0.6000000000000001,2.1,10.4,12.8,12.6,7.2,16
13515,226260.0,0.2,0.6000000000000001,0.7000000000000001,0.6000000000000001,2.2,10.3,17.1,12.9,7.2,16
13516,226276.0,0.1,0.6000000000000001,0.6000000000000001,0.4,2.3000000000000003,10.3,18.3,10.1,5.7,16
13517,226293.0,-0.1,0.6000000000000001,0.8,0.30000000000000004,2.3000000000000003,10.600000000000001,14.800000000000002,-0.30000000000000004,2.5,16
13518,226311.0,0.1,0.4,1.4000000000000001,0.5,2.2,11.0,5.9,-20.1,-1.9,16
13519,226326.0,0.2,0.30000000000000004,1.5,1.0,1.8,11.200000000000001,-6.4,-42.6,-7.0,16
13520,226343.0,0.8,-0.1,1.6,1.5,1.6,11.3,-14.800000000000002,-59.5,-11.700000000000001,16
13521,226360.0,1.1,-0.1,1.4000000000000001,2.0,1.6,11.100000000000001,-17.7,-61.900000000000006,-12.100000000000001,16
13522,226378.0,1.3,-0.2,1.4000000000000001,2.5,1.3,11.0,-14.900000000000002,-52.7,-10.3,16
13523,226396.0,1.7000000000000002,-0.4,1.1,2.8000000000000003,1.2000000000000002,10.700000000000001,-4.5,-35.199999999999996,-9.700000000000001,16
13524,226411.0,1.5,-0.30000000000000004,0.8,2.7,1.3,10.4,7.400000000000001,-15.2,-8.5,16
13525,226426.0,1.3,-0.30000000000000004,0.8,2.4000000000000004,1.4000000000000001,10.3,10.1,-5.6,-5.8,16
13526,226443.0,1.0,-0.30000000000000004,0.30000000000000004,2.2,1.4000000000000001,9.9,9.9,-2.5,-3.4,16
13527,226460.0,0.9,-0.30000000000000004,0.0,2.2,1.4000000000000001,9.9,9.9,-2.5,-3.4,16
13528,226477.0,0.7000000000000001,-0.4,-0.1,1.9000000000000001,1.2000000000000002,9.4,7.699999999999999,2.1999999999999997,-5.0,16
13529,226495.0,0.7000000000000001,-0.6000000000000001,-0.4,1.8,1.1,9.200000000000001,6.7,4.2,-9.3,16
13530,226510.0,0.4,-0.7000000000000001,-0.7000000000000001,1.6,1.0,8.9,3.7000000000000006,5.1,-14.4,16
13531,226528.0,0.1,-0.7000000000000001,-0.9,1.1,1.0,8.700000000000001,-1.5000000000000002,5.2,-16.900000000000002,16
13532,226543.0,-0.4,-0.7000000000000001,-0.9,0.7000000000000001,1.0,8.8,-8.600000000000001,2.6,-16.400000000000002,16
13533,226560.0,-0.5,-0.7000000000000001,-0.8,0.7000000000000001,1.0,8.9,-15.7,-1.3,-14.100000000000001,16
13534,226576.0,-0.4,-0.8,-0.8,0.9,0.8,8.8,-19.200000000000003,-1.5000000000000002,-12.100000000000001,16
13535,226593.0,-0.30000000000000004,-0.9,-0.9,0.8,0.7000000000000001,8.700000000000001,-17.1,4.6000000000000005,-11.1,16
13536,226610.0,-0.6000000000000001,-0.8,-1.0,0.5,0.7000000000000001,8.700000000000001,-12.100000000000001,10.8,-9.8,16
13537,226626.0,-0.8,-0.7000000000000001,-0.9,0.1,0.8,8.8,-8.1,10.8,-7.300000000000001,16
13538,226644.0,-1.1,-0.6000000000000001,-0.9,0.0,0.9,8.700000000000001,-7.400000000000001,6.1000000000000005,-5.300000000000001,16
13539,226660.0,-1.1,-0.30000000000000004,-1.0,-0.1,1.1,8.700000000000001,-9.5,-0.2,-4.2,16
13540,226676.0,-1.1,-0.1,-0.8,0.0,1.3,8.9,-13.100000000000001,-7.699999999999999,-2.4000000000000004,16
13541,226693.0,-1.0,0.1,-0.6000000000000001,0.2,1.5,9.200000000000001,-14.600000000000001,-11.9,0.7,16
13542,226710.0,-0.4,0.2,-0.1,0.7000000000000001,1.6,9.600000000000001,-12.200000000000001,-11.4,3.5,16
13543,226726.0,-0.1,0.30000000000000004,0.1,1.3,1.6,9.8,-6.1000000000000005,-7.8,3.6,16
13544,226743.0,0.5,0.30000000000000004,0.2,1.6,1.6,9.8,1.5000000000000002,-1.4,0.0,16
13545,226760.0,0.5,0.4,0.1,1.5,1.8,9.8,8.200000000000001,5.500000000000001,-3.9,16
13546,226776.0,0.2,0.7000000000000001,0.1,1.3,2.0,9.700000000000001,11.9,10.600000000000001,-5.6,16
13547,226796.0,0.2,0.7000000000000001,0.0,1.2000000000000002,2.1,9.700000000000001,12.8,14.700000000000001,-5.9,16
13548,226810.0,0.2,0.7000000000000001,-0.1,1.2000000000000002,2.2,9.600000000000001,13.100000000000001,17.599999999999998,-6.5,16
13549,226826.0,0.1,0.7000000000000001,0.1,1.1,2.2,9.700000000000001,12.200000000000001,19.700000000000003,-7.500000000000001,16
13550,226843.0,0.1,0.6000000000000001,0.2,1.1,2.1,9.9,11.8,17.5,-9.0,16
13551,226860.0,0.4,0.4,0.4,1.2000000000000002,2.0,10.100000000000001,10.4,15.100000000000001,-11.9,16
13552,226876.0,0.6000000000000001,0.2,0.4,1.4000000000000001,1.8,10.100000000000001,9.600000000000001,13.4,-15.5,16
13553,226893.0,0.8,0.1,0.4,1.5,1.7000000000000002,9.9,8.700000000000001,16.8,-19.500000000000004,16
13554,226911.0,0.6000000000000001,0.1,0.2,1.2000000000000002,1.8,9.9,6.3,20.900000000000002,-21.3,16
13555,226928.0,0.30000000000000004,0.2,0.1,0.9,1.8,9.700000000000001,1.8,23.8,-19.500000000000004,16
13556,226943.0,0.2,0.1,-0.1,0.7000000000000001,1.8,9.4,-3.1,27.2,-15.6,16
13557,226960.0,-0.1,0.2,-0.30000000000000004,0.30000000000000004,1.8,9.4,-5.300000000000001,31.2,-11.700000000000001,16
13558,226977.0,-0.4,0.2,0.1,-0.1,1.8,9.8,-3.6,32.0,-9.1,16
13559,226996.0,-0.5,0.1,0.6000000000000001,-0.2,1.7000000000000002,10.3,-1.9,23.3,-9.0,16
13560,227010.0,-0.5,0.0,0.8,-0.30000000000000004,1.7000000000000002,10.5,-2.8,7.699999999999999,-11.4,16
13561,227026.0,-0.4,0.2,1.0,-0.1,1.8,10.700000000000001,-4.7,-10.2,-13.8,16
13562,227043.0,0.2,0.30000000000000004,0.7000000000000001,0.4,1.9000000000000001,10.4,-6.000000000000001,-23.6,-15.100000000000001,16
13563,227060.0,0.6000000000000001,0.2,0.5,1.2000000000000002,1.7000000000000002,10.100000000000001,-7.2,-29.700000000000003,-16.8,16
13564,227076.0,1.4000000000000001,-0.2,0.0,1.9000000000000001,1.3,9.700000000000001,-9.1,-27.0,-20.0,16
13565,227094.0,1.5,-0.5,-0.4,2.0,1.1,9.3,-9.1,-17.200000000000003,-21.700000000000003,16
13566,227111.0,1.3,-0.7000000000000001,-0.5,1.7000000000000002,0.8,9.3,-7.8,-7.500000000000001,-22.000000000000004,16
13567,227127.0,0.6000000000000001,-0.9,-0.1,1.1,0.6000000000000001,9.700000000000001,-7.300000000000001,-2.3000000000000003,-21.400000000000002,16
13568,227143.0,-0.1,-0.9,0.5,0.5,0.6000000000000001,10.200000000000001,-7.9,-6.1000000000000005,-18.3,16
13569,227160.0,-0.2,-0.9,0.8,0.4,0.6000000000000001,10.700000000000001,-6.9,-15.299999999999999,-12.3,16
13570,227176.0,0.0,-0.9,1.3,0.7000000000000001,0.5,11.100000000000001,-4.0,-24.8,-6.5,16
13571,227193.0,0.30000000000000004,-1.0,1.5,1.5,0.30000000000000004,11.200000000000001,1.6,-33.6,-2.6,16
13572,227211.0,1.2000000000000002,-1.2000000000000002,1.3,2.2,0.2,10.8,9.200000000000001,-34.1,-1.8,16
13573,227227.0,1.4000000000000001,-1.2000000000000002,0.5,2.3000000000000003,0.30000000000000004,10.100000000000001,17.1,-28.900000000000002,-2.5,16
13574,227243.0,0.8,-0.9,-0.5,1.8,0.6000000000000001,9.200000000000001,24.3,-18.1,-2.1,16
13575,227260.0,0.4,-0.8,-0.9,1.2000000000000002,0.9,8.6,26.8,-9.5,0.8,16
13576,227277.0,-0.30000000000000004,-0.6000000000000001,-1.4000000000000001,0.7000000000000001,1.1,8.200000000000001,23.8,-7.699999999999999,3.9,16
13577,227293.0,-0.6000000000000001,-0.5,-1.7000000000000002,0.5,1.3,7.9,18.3,-10.5,6.1000000000000005,16
13578,227310.0,-0.7000000000000001,-0.5,-1.8,0.5,1.2000000000000002,7.9,12.3,-13.9,6.1000000000000005,16
13579,227327.0,-0.7000000000000001,-0.5,-1.5,0.4,1.2000000000000002,8.1,6.6000000000000005,-19.200000000000003,4.300000000000001,16
13580,227343.0,-0.7000000000000001,-0.5,-1.2000000000000002,0.5,1.3,8.3,0.30000000000000004,-25.6,2.5,16
13581,227360.0,-0.8,-0.5,-1.1,0.5,1.3,8.6,-6.3,-28.500000000000004,2.4000000000000004,16
13582,227376.0,-0.7000000000000001,-0.4,-0.8,0.7000000000000001,1.3,8.8,-10.0,-26.500000000000004,4.6000000000000005,16
13583,227393.0,-0.5,-0.4,-0.5,0.9,1.3,9.1,-9.5,-18.7,6.9,16
13584,227410.0,-0.4,-0.5,-0.30000000000000004,1.1,1.1,9.4,-5.2,-9.3,7.0,16
13585,227427.0,-0.5,-0.5,0.1,0.9,1.2000000000000002,9.600000000000001,-0.1,-4.1000000000000005,4.300000000000001,16
13586,227443.0,-0.7000000000000001,-0.4,0.2,0.9,1.2000000000000002,9.600000000000001,-0.1,-4.1000000000000005,4.300000000000001,16
13587,227460.0,-1.0,-0.2,0.1,0.5,1.5,9.5,4.3999999999999995,-6.000000000000001,0.0,16
13588,227476.0,-1.0,-0.2,-0.2,0.5,1.5,9.200000000000001,1.9,-5.8,-0.6000000000000001,16
13589,227493.0,-1.1,-0.1,-0.5,0.4,1.6,9.0,-1.0,-4.300000000000001,-0.1,16
13590,227510.0,-1.2000000000000002,0.0,-0.30000000000000004,0.30000000000000004,1.7000000000000002,9.200000000000001,-3.0000000000000004,-1.2000000000000002,1.3,16
13591,227526.0,-1.2000000000000002,0.0,-0.2,0.2,1.7000000000000002,9.4,-4.6000000000000005,1.0,2.3000000000000003,16
13592,227543.0,-1.4000000000000001,0.1,0.30000000000000004,0.1,1.8,9.8,-5.0,0.30000000000000004,3.9,16
13593,227560.0,-1.4000000000000001,0.2,0.5,0.2,1.8,10.200000000000001,-5.6,-2.8,6.000000000000001,16
13594,227576.0,-1.0,0.1,0.9,0.5,1.8,10.5,-7.2,-6.6000000000000005,6.4,16
13595,227593.0,-0.7000000000000001,0.2,1.1,0.8,1.7000000000000002,10.700000000000001,-7.400000000000001,-6.6000000000000005,6.7,16
13596,227611.0,-0.4,0.1,1.3,1.1,1.6,10.9,-6.1000000000000005,-4.800000000000001,7.1000000000000005,16
13597,227626.0,-0.2,0.0,1.4000000000000001,1.4000000000000001,1.5,11.100000000000001,-4.1000000000000005,-0.8,5.9,16
13598,227643.0,0.1,-0.1,1.7000000000000002,1.6,1.4000000000000001,11.3,-3.0000000000000004,0.30000000000000004,3.1,16
13599,227660.0,0.2,-0.1,2.0,1.7000000000000002,1.4000000000000001,11.5,-4.3999999999999995,-1.4,0.6000000000000001,16
13600,227676.0,0.4,-0.1,2.0,2.1,1.4000000000000001,11.600000000000001,-8.1,-4.6000000000000005,-1.3,16
13601,227694.0,0.8,-0.1,2.0,2.4000000000000004,1.3,11.700000000000001,-14.800000000000002,-7.6,-3.3000000000000003,16
13602,227710.0,1.0,-0.2,2.0,2.4000000000000004,1.3,11.700000000000001,-14.800000000000002,-7.6,-3.3000000000000003,16
13603,227728.0,1.3,-0.2,1.7000000000000002,3.0,1.2000000000000002,11.200000000000001,-20.1,3.0000000000000004,-1.8,16
13604,227743.0,1.4000000000000001,-0.2,1.2000000000000002,3.0,1.2000000000000002,10.9,-12.9,14.3,-0.30000000000000004,16
13605,227760.0,1.4000000000000001,-0.1,1.1,3.0,1.2000000000000002,10.9,-12.9,14.3,-0.30000000000000004,16
13606,227776.0,1.3,0.0,0.9,2.8000000000000003,1.3,10.5,1.2000000000000002,21.6,-3.4,16
13607,227793.0,1.6,0.0,0.5,3.1,1.3,10.100000000000001,2.1999999999999997,15.2,-8.4,16
13608,227810.0,1.9000000000000001,0.0,0.0,3.4000000000000004,1.3,9.700000000000001,-0.2,9.5,-15.5,16
13609,227828.0,2.2,-0.1,-0.4,3.6,1.2000000000000002,9.4,-5.7,5.0,-23.0,16
13610,227843.0,2.1,-0.1,-0.5,3.5,1.2000000000000002,9.200000000000001,-13.3,2.8,-27.2,16
13611,227861.0,1.9000000000000001,-0.2,-0.6000000000000001,3.3000000000000003,1.1,9.1,-20.2,3.0000000000000004,-26.400000000000002,16
13612,227880.0,1.7000000000000002,-0.2,-0.8,3.1,1.0,8.9,-23.8,5.4,-21.900000000000002,16
13613,227893.0,1.6,-0.2,-0.9,2.9000000000000004,0.9,8.8,-22.8,7.699999999999999,-15.9,16
13614,227910.0,1.3,-0.1,-1.0,2.6,1.0,8.700000000000001,-17.3,9.8,-9.700000000000001,16
13615,227928.0,0.9,0.1,-1.2000000000000002,2.3000000000000003,1.1,8.6,-8.3,10.700000000000001,-4.5,16
13616,227943.0,0.7000000000000001,0.30000000000000004,-1.3,1.9000000000000001,1.4000000000000001,8.4,1.7,8.700000000000001,-0.7,16
13617,227960.0,0.4,0.5,-1.4000000000000001,1.6,1.6,8.4,9.1,4.300000000000001,0.6000000000000001,16
13618,227984.0,0.0,0.6000000000000001,-1.2000000000000002,1.3,1.7000000000000002,8.5,10.4,-6.9,-0.5,16
13619,227993.0,-0.1,0.7000000000000001,-1.1,1.3,1.9000000000000001,8.6,5.300000000000001,-23.6,-3.1,16
13620,228010.0,-0.1,0.8,-1.0,1.4000000000000001,1.9000000000000001,8.700000000000001,-5.2,-38.6,-6.8,16
13621,228026.0,0.1,0.7000000000000001,-1.0,1.9000000000000001,1.7000000000000002,8.8,-16.700000000000003,-47.0,-11.3,16
13622,228044.0,0.5,0.6000000000000001,-0.7000000000000001,2.1,1.6,9.0,-22.2,-41.800000000000004,-15.299999999999999,16
13623,228061.0,0.30000000000000004,0.6000000000000001,-0.4,2.0,1.6,9.3,-21.1,-31.3,-15.8,16
13624,228082.0,0.0,0.5,-0.1,1.9000000000000001,1.5,9.5,-15.5,-20.4,-13.6,16
13625,228094.0,-0.1,0.5,0.1,1.7000000000000002,1.4000000000000001,9.700000000000001,-9.9,-11.1,-11.5,16
13626,228110.0,-0.4,0.4,-0.1,1.4000000000000001,1.3,9.4,-4.300000000000001,-4.7,-10.700000000000001,16
13627,228126.0,-0.8,0.4,-0.6000000000000001,1.0,1.3,9.0,1.7,0.5,-10.600000000000001,16
13628,228143.0,-1.1,0.4,-0.8,0.6000000000000001,1.4000000000000001,8.6,5.8,4.2,-9.8,16
13629,228160.0,-1.4000000000000001,0.5,-1.2000000000000002,0.30000000000000004,1.5,8.4,6.7,4.9,-8.5,16
13630,228183.0,-1.6,0.5,-1.3,0.2,1.5,8.200000000000001,5.4,3.4,-6.6000000000000005,16
13631,228194.0,-1.7000000000000002,0.5,-1.4000000000000001,0.2,1.5,8.200000000000001,3.4,1.7,-4.3999999999999995,16
13632,228210.0,-1.5,0.4,-1.2000000000000002,0.30000000000000004,1.4000000000000001,8.3,1.2000000000000002,0.6000000000000001,-3.0000000000000004,16
13633,228226.0,-1.4000000000000001,0.4,-1.2000000000000002,0.4,1.4000000000000001,8.4,1.3,1.0999999999999999,-1.7,16
13634,228244.0,-1.3,0.4,-1.0,0.5,1.5,8.700000000000001,1.4,3.7000000000000006,-0.4,16
13635,228260.0,-1.2000000000000002,0.4,-0.5,0.5,1.5,9.1,1.2000000000000002,5.8,0.7,16
13636,228283.0,-1.2000000000000002,0.6000000000000001,-0.1,0.5,1.6,9.5,1.4,7.9,3.3000000000000003,16
13637,228293.0,-1.2000000000000002,0.6000000000000001,0.1,0.6000000000000001,1.7000000000000002,9.8,1.0999999999999999,8.200000000000001,7.0,16
13638,228309.0,-0.9,0.7000000000000001,0.5,0.9,1.7000000000000002,10.200000000000001,0.9,9.1,9.0,16
13639,228326.0,-0.4,0.7000000000000001,0.8,1.2000000000000002,1.8,10.4,3.0000000000000004,12.200000000000001,8.700000000000001,16
13640,228343.0,-0.2,0.7000000000000001,0.8,1.4000000000000001,1.8,10.4,6.7,17.8,7.2,16
13641,228360.0,-0.1,0.7000000000000001,0.9,1.5,1.8,10.5,8.799999999999999,21.6,5.6,16
13642,228382.0,0.1,0.7000000000000001,0.9,1.5,1.8,10.5,8.4,22.2,3.8,16
13643,228393.0,0.2,0.7000000000000001,0.9,1.7000000000000002,1.9000000000000001,10.5,5.500000000000001,21.1,2.1,16
13644,228410.0,0.30000000000000004,0.7000000000000001,0.8,1.7000000000000002,1.9000000000000001,10.3,1.9,21.400000000000002,0.9,16
13645,228427.0,0.30000000000000004,0.7000000000000001,0.7000000000000001,1.5,1.9000000000000001,10.3,-1.0999999999999999,23.0,0.30000000000000004,16
13646,228443.0,0.2,0.7000000000000001,0.8,1.4000000000000001,1.8,10.600000000000001,-4.0,23.400000000000002,0.0,16
13647,228460.0,0.1,0.6000000000000001,1.3,1.2000000000000002,1.7000000000000002,11.200000000000001,-6.2,18.1,-0.2,16
13648,228481.0,0.0,0.5,1.8,1.2000000000000002,1.6,11.5,-8.700000000000001,9.3,0.0,16
13649,228494.0,0.1,0.4,1.9000000000000001,1.5,1.4000000000000001,11.700000000000001,-11.4,0.4,1.5000000000000002,16
13650,228510.0,0.7000000000000001,0.1,1.9000000000000001,2.0,1.1,11.5,-13.9,-1.3,2.9,16
13651,228526.0,1.0,-0.2,1.3,2.1,0.8,10.9,-10.9,6.4,5.1,16
13652,228543.0,1.0,-0.4,0.5,2.1,0.6000000000000001,10.3,1.3,22.3,9.0,16
13653,228560.0,0.9,-0.5,0.30000000000000004,1.8,0.5,10.0,16.5,35.4,13.200000000000001,16
13654,228586.0,0.5,-0.5,-0.30000000000000004,1.5,0.6000000000000001,9.600000000000001,28.500000000000004,38.6,16.1,16
13655,228595.0,0.6000000000000001,-0.5,-0.6000000000000001,1.4000000000000001,0.7000000000000001,9.1,36.7,33.900000000000006,17.599999999999998,16
13656,228610.0,0.7000000000000001,-0.6000000000000001,-0.9,1.5,0.7000000000000001,8.6,37.5,27.7,15.9,16
13657,228626.0,0.8,-0.6000000000000001,-1.5,1.5,0.8,8.200000000000001,34.0,19.500000000000004,12.200000000000001,16
13658,228643.0,0.9,-0.6000000000000001,-1.8,1.6,0.9,8.0,26.500000000000004,12.200000000000001,8.3,16
13659,228660.0,0.9,-0.6000000000000001,-1.7000000000000002,1.6,0.9,8.0,15.399999999999999,4.300000000000001,5.1,16
13660,228677.0,0.9,-0.7000000000000001,-1.5,1.6,0.9,8.3,3.4,-4.1000000000000005,3.5,16
13661,228693.0,1.0,-0.7000000000000001,-1.3,1.6,0.9,8.3,3.4,-4.1000000000000005,3.5,16
13662,228709.0,1.2000000000000002,-0.7000000000000001,-0.8,2.1,0.7000000000000001,9.0,-11.4,-15.6,1.6,16
13663,228727.0,1.5,-0.8,-0.4,2.3000000000000003,0.6000000000000001,9.3,-13.4,-16.5,-1.8,16
13664,228743.0,1.3,-0.8,-0.30000000000000004,2.2,0.7000000000000001,9.3,-13.200000000000001,-15.5,-4.800000000000001,16
13665,228759.0,1.0,-0.6000000000000001,-0.30000000000000004,1.6,0.9,9.3,-11.3,-10.8,-5.1,16
13666,228776.0,0.30000000000000004,-0.4,-0.5,1.1,1.0,9.1,-8.600000000000001,-7.2,-2.8,16
13667,228795.0,-0.2,-0.1,-0.6000000000000001,0.7000000000000001,1.2000000000000002,9.0,-6.5,-5.8,0.30000000000000004,16
13668,228811.0,-0.4,0.0,-0.8,0.5,1.3,8.9,-5.0,-8.5,2.3000000000000003,16
13669,228826.0,-0.5,0.1,-0.9,0.5,1.4000000000000001,8.700000000000001,-3.7000000000000006,-11.5,2.4000000000000004,16
13670,228843.0,-0.4,0.2,-1.0,0.6000000000000001,1.5,8.6,-2.6,-14.100000000000001,1.7,16
13671,228859.0,-0.4,0.2,-1.1,0.8,1.5,8.5,-2.6,-15.299999999999999,0.2,16
13672,228876.0,-0.2,0.2,-1.1,0.9,1.5,8.5,-4.2,-15.100000000000001,-2.1,16
13673,228893.0,-0.2,0.30000000000000004,-1.0,0.9,1.5,8.5,-4.2,-15.100000000000001,-2.1,16
13674,228909.0,-0.30000000000000004,0.4,-0.8,0.9,1.6,8.8,-10.2,-13.9,-6.2,16
13675,228926.0,-0.30000000000000004,0.30000000000000004,-0.6000000000000001,0.9,1.6,9.1,-12.000000000000002,-11.5,-7.9,16
13676,228943.0,-0.4,0.30000000000000004,-0.4,0.8,1.5,9.3,-12.700000000000001,-8.1,-10.0,16
13677,228960.0,-0.5,0.30000000000000004,-0.2,0.8,1.5,9.3,-12.700000000000001,-8.1,-10.0,16
13678,228983.0,-0.7000000000000001,0.30000000000000004,0.2,0.6000000000000001,1.4000000000000001,9.8,-11.2,-1.2000000000000002,-14.900000000000002,16
13679,228994.0,-0.8,0.30000000000000004,0.30000000000000004,0.4,1.4000000000000001,10.0,-9.700000000000001,1.2000000000000002,-17.0,16
13680,229009.0,-1.0,0.30000000000000004,0.6000000000000001,0.2,1.4000000000000001,10.200000000000001,-8.0,2.1,-17.7,16
13681,229028.0,-1.1,0.30000000000000004,0.7000000000000001,0.1,1.4000000000000001,10.3,-7.0,1.0999999999999999,-16.6,16
13682,229044.0,-1.1,0.30000000000000004,0.7000000000000001,0.1,1.3,10.3,-5.9,1.3,-14.700000000000001,16
13683,229060.0,-1.1,0.2,0.6000000000000001,0.1,1.2000000000000002,10.200000000000001,-2.9,4.3999999999999995,-13.4,16
13684,229079.0,-1.2000000000000002,0.0,0.6000000000000001,-0.1,1.1,10.3,0.30000000000000004,7.9,-12.9,16
13685,229093.0,-1.3,0.0,0.7000000000000001,-0.30000000000000004,1.1,10.4,1.9,8.0,-12.100000000000001,16
13686,229109.0,-1.6,-0.1,0.8,-0.5,1.0,10.5,2.1,5.9,-10.1,16
13687,229126.0,-1.6,-0.1,1.0,-0.5,1.0,10.700000000000001,2.8,5.500000000000001,-7.2,16
13688,229143.0,-1.5,-0.1,1.1,-0.5,1.1,10.8,5.6,9.0,-3.6,16
13689,229161.0,-1.6,0.0,1.2000000000000002,-0.7000000000000001,1.1,10.9,10.3,15.2,-0.5,16
13690,229176.0,-1.6,0.0,1.3,-0.7000000000000001,1.2000000000000002,11.3,13.6,18.2,0.4,16
13691,229193.0,-1.5,0.1,2.1,-0.6000000000000001,1.3,11.9,9.700000000000001,11.5,-0.4,16
13692,229209.0,-1.1,0.2,2.1,-0.2,1.4000000000000001,11.8,2.7,2.3000000000000003,0.4,16
13693,229227.0,-0.5,0.1,2.0,0.30000000000000004,1.4000000000000001,11.8,-1.3,0.30000000000000004,2.4000000000000004,16
13694,229243.0,-0.2,0.1,2.2,0.8,1.2000000000000002,12.0,-4.1000000000000005,0.8,4.300000000000001,16
13695,229259.0,0.30000000000000004,-0.1,2.2,1.2000000000000002,1.1,11.9,-6.7,-0.4,7.400000000000001,16
13696,229277.0,0.9,-0.30000000000000004,1.9000000000000001,1.7000000000000002,0.9,11.700000000000001,-5.6,0.9,12.4,16
13697,229293.0,1.2000000000000002,-0.5,1.6,2.2,0.6000000000000001,11.200000000000001,1.7,7.1000000000000005,15.6,16
13698,229310.0,1.8,-0.8,0.8,2.5,0.4,10.5,12.8,16.700000000000003,15.2,16
13699,229326.0,1.8,-0.8,0.0,2.6,0.4,9.8,24.200000000000003,25.0,12.3,16
13700,229343.0,1.8,-0.8,-0.4,2.5,0.5,9.1,29.500000000000004,27.400000000000002,6.8,16
13701,229360.0,1.9000000000000001,-0.8,-1.3,2.5,0.6000000000000001,8.4,26.9,24.200000000000003,-0.4,16
13702,229377.0,1.7000000000000002,-0.8,-1.9000000000000001,2.2,0.7000000000000001,7.9,17.0,20.6,-7.500000000000001,16
13703,229396.0,1.3,-0.7000000000000001,-2.3000000000000003,1.9000000000000001,0.8,7.5,3.6,14.900000000000002,-11.4,16
13704,229410.0,1.2000000000000002,-0.6000000000000001,-2.4000000000000004,1.6,0.8,7.300000000000001,-10.0,10.9,-11.6,16
13705,229426.0,0.8,-0.6000000000000001,-2.5,1.3,0.8,7.2,-21.700000000000003,9.3,-9.1,16
13706,229443.0,0.6000000000000001,-0.5,-2.3000000000000003,0.9,0.8,7.6000000000000005,-27.900000000000002,8.700000000000001,-5.1,16
13707,229460.0,0.2,-0.5,-1.7000000000000002,0.5,0.7000000000000001,8.1,-28.200000000000003,4.5,-0.30000000000000004,16
13708,229477.0,-0.2,-0.4,-1.0,0.2,0.8,8.700000000000001,-22.5,-3.4,4.800000000000001,16
13709,229496.0,-0.2,-0.30000000000000004,-0.6000000000000001,0.2,0.8,9.1,-13.6,-12.3,8.0,16
13710,229511.0,-0.2,-0.2,-0.6000000000000001,0.4,0.9,9.1,-3.7000000000000006,-18.7,8.0,16
13711,229526.0,-0.1,-0.1,-0.8,0.5,1.0,8.9,4.5,-20.4,5.6,16
13712,229543.0,-0.2,0.0,-0.9,0.30000000000000004,1.2000000000000002,8.700000000000001,8.600000000000001,-18.400000000000002,3.0000000000000004,16
13713,229560.0,-0.6000000000000001,0.2,-1.1,-0.1,1.4000000000000001,8.5,6.000000000000001,-16.6,2.4000000000000004,16
13714,229577.0,-1.1,0.4,-1.2000000000000002,-0.4,1.5,8.5,-2.1999999999999997,-17.7,3.7000000000000006,16
13715,229594.0,-1.3,0.4,-1.1,-0.6000000000000001,1.5,8.700000000000001,-12.5,-20.4,6.2,16
13716,229610.0,-1.4000000000000001,0.30000000000000004,-0.7000000000000001,-0.5,1.3,9.0,-20.3,-22.1,9.0,16
13717,229626.0,-1.3,0.2,-0.30000000000000004,-0.4,1.1,9.4,-22.4,-21.8,11.5,16
13718,229643.0,-1.1,0.0,0.2,-0.2,0.9,9.9,-19.9,-18.900000000000002,12.6,16
13719,229660.0,-1.1,0.0,0.4,-0.1,0.9,10.100000000000001,-13.700000000000001,-16.400000000000002,12.9,16
13720,229678.0,-1.0,0.1,0.7000000000000001,0.0,0.9,10.3,-6.5,-12.200000000000001,13.6,16
13721,229693.0,-1.0,0.1,0.6000000000000001,0.0,1.0,10.200000000000001,0.5,-6.9,14.800000000000002,16
13722,229710.0,-1.0,0.2,0.4,0.0,1.1,9.9,4.9,-0.1,16.400000000000002,16
13723,229726.0,-1.0,0.4,0.0,0.0,1.3,9.700000000000001,6.7,6.9,17.8,16
13724,229743.0,-1.0,0.5,-0.1,0.0,1.4000000000000001,9.600000000000001,5.9,11.4,18.900000000000002,16
13725,229763.0,-1.1,0.7000000000000001,0.0,-0.1,1.6,9.700000000000001,1.9,13.4,19.8,16
13726,229776.0,-1.0,0.8,0.0,-0.1,1.7000000000000002,9.700000000000001,-1.0999999999999999,14.900000000000002,21.200000000000003,16
13727,229794.0,-1.0,0.8,0.2,-0.1,1.7000000000000002,9.8,-2.4000000000000004,17.8,22.4,16
13728,229810.0,-0.9,0.8,0.4,-0.1,1.7000000000000002,10.200000000000001,-3.1,16.900000000000002,22.1,16
13729,229826.0,-0.6000000000000001,0.8,0.9,0.30000000000000004,1.7000000000000002,10.600000000000001,-4.800000000000001,12.000000000000002,21.0,16
13730,229843.0,0.2,0.7000000000000001,1.2000000000000002,0.9,1.6,10.9,-7.0,6.4,19.400000000000002,16
13731,229861.0,0.6000000000000001,0.7000000000000001,1.3,1.5,1.5,11.0,-6.7,7.0,17.400000000000002,16
13732,229878.0,1.0,0.5,1.1,1.8,1.3,10.8,-0.9,12.8,15.2,16
13733,229894.0,1.0,0.5,1.0,1.6,1.3,10.8,6.2,19.3,12.6,16
13734,229910.0,0.8,0.5,1.3,1.2000000000000002,1.5,11.3,7.2,17.200000000000003,9.5,16
13735,229926.0,0.4,0.7000000000000001,1.5,1.0,1.6,11.200000000000001,4.1000000000000005,9.200000000000001,7.300000000000001,16
13736,229943.0,0.4,0.7000000000000001,1.2000000000000002,0.9,1.6,11.0,2.4000000000000004,3.8,6.6000000000000005,16
13737,229960.0,0.4,0.6000000000000001,1.2000000000000002,1.0,1.5,11.100000000000001,2.1999999999999997,0.8,5.6,16
13738,229977.0,0.5,0.5,1.4000000000000001,1.2000000000000002,1.3,11.200000000000001,2.5,-3.4,3.8,16
13739,229993.0,1.0,0.2,1.5,1.6,1.1,11.3,2.9,-8.600000000000001,1.9,16
13740,230010.0,1.2000000000000002,0.0,1.4000000000000001,2.1,0.7000000000000001,10.9,2.0,-13.200000000000001,-0.1,16
13741,230026.0,1.6,-0.4,0.7000000000000001,2.4000000000000004,0.5,10.200000000000001,3.1,-8.4,-0.5,16
13742,230043.0,1.5,-0.6000000000000001,-0.1,2.2,0.30000000000000004,9.600000000000001,8.9,2.5,1.4,16
13743,230060.0,1.3,-0.7000000000000001,-0.30000000000000004,1.8,0.30000000000000004,9.4,17.7,13.200000000000001,4.7,16
13744,230076.0,0.9,-0.8,-0.5,1.5,0.2,9.200000000000001,24.3,18.5,6.5,16
13745,230093.0,0.6000000000000001,-0.9,-0.8,1.2000000000000002,0.2,8.9,25.3,16.5,6.2,16
13746,230110.0,0.5,-0.9,-1.0,1.0,0.2,8.700000000000001,21.6,10.8,4.3999999999999995,16
13747,230126.0,0.4,-1.0,-1.0,0.9,0.2,8.8,14.0,3.8,2.1999999999999997,16
13748,230143.0,0.30000000000000004,-1.0,-0.9,0.9,0.2,8.9,6.4,-3.3000000000000003,0.9,16
13749,230160.0,0.30000000000000004,-1.0,-0.7000000000000001,1.0,0.2,9.200000000000001,-0.30000000000000004,-9.9,0.8,16
13750,230177.0,0.5,-1.0,-0.30000000000000004,1.3,0.1,9.5,-5.8,-16.900000000000002,0.9,16
13751,230193.0,0.9,-1.1,-0.1,1.7000000000000002,0.1,9.600000000000001,-8.799999999999999,-21.700000000000003,0.8,16
13752,230209.0,1.0,-1.1,-0.1,1.8,0.0,9.600000000000001,-8.799999999999999,-22.5,0.6000000000000001,16
13753,230226.0,1.0,-1.1,-0.2,1.7000000000000002,0.0,9.4,-6.4,-20.5,1.4,16
13754,230243.0,0.4,-1.0,-0.5,1.2000000000000002,0.1,9.200000000000001,-1.7,-15.100000000000001,4.6000000000000005,16
13755,230261.0,-0.30000000000000004,-0.8,-0.8,0.6000000000000001,0.30000000000000004,8.9,6.5,-8.9,10.700000000000001,16
13756,230276.0,-0.6000000000000001,-0.7000000000000001,-0.9,0.2,0.5,8.700000000000001,15.6,-5.9,16.400000000000002,16
13757,230293.0,-1.0,-0.6000000000000001,-1.1,0.0,0.6000000000000001,8.5,21.6,-8.600000000000001,20.1,16
13758,230310.0,-1.2000000000000002,-0.4,-1.3,-0.1,0.9,8.4,23.0,-13.8,22.000000000000004,16
13759,230326.0,-1.2000000000000002,-0.30000000000000004,-1.3,-0.1,1.0,8.200000000000001,20.0,-19.0,22.4,16
13760,230343.0,-1.1,-0.1,-1.5,0.0,1.2000000000000002,8.200000000000001,14.4,-22.2,21.3,16
13761,230360.0,-1.0,0.0,-1.3,0.2,1.4000000000000001,8.3,8.0,-23.3,20.1,16
13762,230376.0,-0.8,0.1,-1.2000000000000002,0.5,1.4000000000000001,8.6,2.1999999999999997,-20.0,18.0,16
13763,230393.0,-0.6000000000000001,0.1,-0.8,0.7000000000000001,1.5,8.9,-2.1,-16.2,14.4,16
13764,230409.0,-0.4,0.2,-0.30000000000000004,0.9,1.5,9.3,-6.4,-10.600000000000001,9.600000000000001,16
13765,230426.0,-0.5,0.2,-0.1,0.8,1.6,9.600000000000001,-7.9,-6.3,5.2,16
13766,230443.0,-0.5,0.30000000000000004,0.2,0.8,1.6,9.9,-6.4,-2.1,2.4000000000000004,16
13767,230460.0,-0.5,0.30000000000000004,0.5,0.9,1.6,10.100000000000001,-4.7,-0.30000000000000004,-0.1,16
13768,230479.0,-0.5,0.30000000000000004,0.4,0.9,1.6,10.0,-2.6,1.0,-2.7,16
13769,230493.0,-0.5,0.30000000000000004,0.4,0.8,1.5,10.0,-1.0999999999999999,1.8,-4.6000000000000005,16
13770,230510.0,-0.6000000000000001,0.30000000000000004,0.5,0.8,1.5,10.100000000000001,0.4,1.9,-5.0,16
13771,230526.0,-0.5,0.2,0.5,0.8,1.4000000000000001,10.200000000000001,1.6,1.8,-5.0,16
13772,230543.0,-0.6000000000000001,0.1,0.7000000000000001,0.6000000000000001,1.4000000000000001,10.4,2.5,-0.4,-4.2,16
13773,230560.0,-0.8,0.30000000000000004,1.0,0.5,1.6,10.600000000000001,3.2,-2.9,-1.3,16
13774,230576.0,-0.7000000000000001,0.30000000000000004,1.2000000000000002,0.6000000000000001,1.6,10.8,5.4,-4.7,3.0000000000000004,16
13775,230593.0,-0.4,0.2,1.4000000000000001,1.1,1.5,11.100000000000001,9.5,-3.4,3.3000000000000003,16
13776,230610.0,0.0,0.1,2.0,1.4000000000000001,1.5,11.700000000000001,12.200000000000001,-5.300000000000001,-0.8,16
13777,230626.0,0.30000000000000004,0.4,2.3000000000000003,1.7000000000000002,1.8,12.0,11.3,-9.3,-4.5,16
13778,230643.0,0.5,0.5,2.3000000000000003,2.0,1.9000000000000001,12.0,9.5,-9.8,-4.5,16
13779,230660.0,1.1,0.5,2.3000000000000003,2.6,1.9000000000000001,11.9,9.200000000000001,-4.800000000000001,-5.1,16
13780,230676.0,1.7000000000000002,0.30000000000000004,2.1,3.1,1.8,11.700000000000001,9.700000000000001,2.7,-8.600000000000001,16
13781,230694.0,1.7000000000000002,0.4,1.9000000000000001,3.1,1.9000000000000001,11.4,13.3,12.6,-12.3,16
13782,230709.0,1.7000000000000002,0.5,1.5,3.0,2.0,11.100000000000001,14.700000000000001,18.900000000000002,-16.1,16
13783,230726.0,1.6,0.4,0.8,2.9000000000000004,2.0,10.5,12.3,20.3,-20.5,16
13784,230743.0,1.6,0.4,0.5,2.8000000000000003,2.0,9.9,8.700000000000001,22.000000000000004,-24.6,16
13785,230760.0,1.6,0.2,-0.30000000000000004,2.7,1.9000000000000001,9.200000000000001,7.1000000000000005,23.900000000000002,-27.8,16
13786,230776.0,1.6,0.0,-1.0,2.7,1.7000000000000002,8.6,8.1,27.1,-30.9,16
13787,230793.0,1.6,-0.1,-1.3,2.6,1.5,8.200000000000001,9.3,27.5,-34.400000000000006,16
13788,230809.0,1.4000000000000001,-0.30000000000000004,-1.7000000000000002,2.3000000000000003,1.4000000000000001,7.9,7.699999999999999,23.2,-38.300000000000004,16
13789,230826.0,1.1,-0.4,-1.9000000000000001,1.9000000000000001,1.4000000000000001,7.800000000000001,2.8,13.6,-41.2,16
13790,230843.0,0.9,-0.30000000000000004,-1.9000000000000001,1.7000000000000002,1.5,7.800000000000001,-4.6000000000000005,0.6000000000000001,-41.1,16
13791,230860.0,0.7000000000000001,-0.30000000000000004,-1.8,1.6,1.5,7.9,-12.3,-12.4,-37.900000000000006,16
13792,230878.0,0.9,-0.30000000000000004,-1.5,1.8,1.4000000000000001,8.1,-17.0,-22.6,-34.1,16
13793,230893.0,1.0,-0.4,-1.4000000000000001,2.0,1.3,8.4,-16.400000000000002,-27.2,-31.5,16
13794,230910.0,1.0,-0.30000000000000004,-0.9,1.9000000000000001,1.4000000000000001,8.9,-13.100000000000001,-31.0,-30.100000000000005,16
13795,230927.0,0.7000000000000001,-0.2,-0.4,1.8,1.5,9.3,-10.3,-35.7,-30.000000000000004,16
13796,230943.0,0.4,0.0,-0.30000000000000004,1.7000000000000002,1.7000000000000002,9.3,-7.500000000000001,-39.300000000000004,-29.900000000000006,16
13797,230960.0,0.30000000000000004,0.1,-0.30000000000000004,1.5,1.7000000000000002,9.200000000000001,-5.0,-37.1,-29.400000000000002,16
13798,230982.0,0.0,0.1,-0.6000000000000001,1.3,1.8,9.0,-1.9,-31.099999999999998,-28.400000000000002,16
13799,230995.0,-0.5,0.1,-0.8,1.0,1.7000000000000002,8.8,1.0999999999999999,-23.5,-28.200000000000003,16
13800,231010.0,-0.7000000000000001,0.1,-0.8,0.6000000000000001,1.8,8.700000000000001,1.8,-19.3,-28.500000000000004,16
13801,231026.0,-1.4000000000000001,0.2,-0.9,0.1,1.9000000000000001,8.6,-0.1,-18.1,-28.1,16
13802,231048.0,-1.8,0.30000000000000004,-0.9,-0.30000000000000004,2.0,8.6,-3.8,-18.5,-26.200000000000003,16
13803,231062.0,-2.0,0.30000000000000004,-0.9,-0.5,1.9000000000000001,8.6,-8.0,-18.7,-22.7,16
13804,231086.0,-2.1,0.30000000000000004,-0.6000000000000001,-0.5,2.0,8.8,-11.2,-18.1,-18.0,16
13805,231094.0,-2.1,0.30000000000000004,-0.6000000000000001,-0.5,2.0,8.8,-11.2,-18.1,-18.0,16
13806,231109.0,-1.9000000000000001,0.30000000000000004,-0.30000000000000004,-0.2,1.9000000000000001,9.3,-9.700000000000001,-16.3,-8.4,16
13807,231126.0,-1.7000000000000002,0.4,-0.1,0.1,2.0,9.4,-5.8,-13.200000000000001,-5.0,16
13808,231143.0,-1.5,0.6000000000000001,0.0,0.2,2.2,9.5,-0.8,-8.700000000000001,-1.9,16
13809,231161.0,-1.3,0.6000000000000001,0.0,0.5,2.3000000000000003,9.4,3.2,-2.6,-0.30000000000000004,16
13810,231185.0,-1.0,0.8,-0.30000000000000004,0.7000000000000001,2.4000000000000004,9.3,5.7,4.2,0.1,16
13811,231193.0,-1.0,0.8,-0.30000000000000004,0.7000000000000001,2.4000000000000004,9.3,5.7,4.2,0.1,16
13812,231210.0,-1.1,1.0,-0.4,0.5,2.8000000000000003,9.0,5.0,16.0,2.0,16
13813,231226.0,-1.1,1.1,-0.4,0.5,2.8000000000000003,9.1,1.4,17.1,2.8,16
13814,231243.0,-0.7000000000000001,1.0,-0.2,0.8,2.7,9.4,-3.9,15.5,1.4,16
13815,231260.0,-0.4,0.9,0.1,1.3,2.5,9.8,-9.700000000000001,11.8,-2.4000000000000004,16
13816,231280.0,0.30000000000000004,0.8,0.6000000000000001,1.9000000000000001,2.4000000000000004,10.100000000000001,-13.0,9.4,-5.4,16
13817,231299.0,1.1,0.6000000000000001,0.6000000000000001,2.5,2.2,10.100000000000001,-13.4,11.5,-7.1000000000000005,16
13818,231309.0,1.4000000000000001,0.5,0.4,2.8000000000000003,2.0,9.700000000000001,-11.2,19.9,-8.9,16
13819,231326.0,1.5,0.4,-0.2,2.5,2.0,9.3,-3.8,34.7,-10.5,16
13820,231343.0,0.4,0.6000000000000001,-0.1,1.4000000000000001,2.3000000000000003,9.5,2.7,47.0,-11.000000000000002,16
13821,231361.0,-0.30000000000000004,0.8,0.0,0.2,2.5,9.600000000000001,7.0,47.1,-9.5,16
13822,231385.0,-1.6,1.0,0.5,-0.6000000000000001,2.7,9.9,9.1,39.699999999999996,-7.300000000000001,16
13823,231393.0,-1.5,1.0,1.2000000000000002,-0.7000000000000001,2.6,10.9,6.5,21.400000000000002,-6.9,16
13824,231409.0,-0.7000000000000001,0.7000000000000001,1.3,0.0,2.4000000000000004,11.0,0.7,5.7,-7.699999999999999,16
13825,231426.0,-0.4,0.5,1.2000000000000002,0.5,2.0,10.9,0.4,-2.5,-9.4,16
13826,231443.0,0.0,0.1,1.2000000000000002,0.9,1.7000000000000002,11.0,0.0,-5.4,-12.9,16
13827,231460.0,0.4,-0.2,1.7000000000000002,1.6,1.3,11.700000000000001,-6.7,-13.8,-17.0,16
13828,231483.0,1.7000000000000002,-1.0,2.0,2.5,0.8,11.600000000000001,-15.299999999999999,-20.6,-19.200000000000003,16
13829,231493.0,1.6,-1.3,1.6,2.6,0.30000000000000004,11.100000000000001,-15.7,-16.5,-16.6,16
13830,231510.0,1.9000000000000001,-1.0,0.5,2.8000000000000003,0.6000000000000001,10.200000000000001,-7.300000000000001,1.3,-12.700000000000001,16
13831,231526.0,1.5,-1.2000000000000002,0.30000000000000004,2.2,0.30000000000000004,10.0,1.3,16.900000000000002,-9.600000000000001,16
13832,231543.0,0.9,-1.3,0.4,1.7000000000000002,0.30000000000000004,10.0,10.0,21.8,-6.5,16
13833,231561.0,0.7000000000000001,-1.3,0.2,1.7000000000000002,0.30000000000000004,10.0,10.0,21.8,-6.5,16
13834,231579.0,0.30000000000000004,-1.1,0.0,1.1,0.5,9.700000000000001,10.9,5.4,-6.2,16
13835,231596.0,0.4,-1.1,-0.1,1.1,0.6000000000000001,9.5,7.8,-8.600000000000001,-7.699999999999999,16
13836,231609.0,0.5,-0.8,-0.2,1.4000000000000001,0.8,9.4,4.300000000000001,-19.1,-8.0,16
13837,231626.0,0.8,-0.7000000000000001,-0.4,1.8,1.0,9.0,-0.2,-23.8,-8.5,16
13838,231643.0,1.2000000000000002,-0.6000000000000001,-0.7000000000000001,2.1,1.1,8.8,-5.0,-21.700000000000003,-7.300000000000001,16
13839,231660.0,1.1,-0.5,-1.0,2.1,1.1,8.8,-10.0,-16.1,-4.3999999999999995,16
13840,231678.0,0.30000000000000004,-0.2,-1.1,1.4000000000000001,1.4000000000000001,8.5,-11.5,-12.200000000000001,1.3,16
13841,231695.0,-0.1,-0.2,-1.2000000000000002,1.3,1.4000000000000001,8.5,-10.2,-7.8,8.3,16
13842,231710.0,0.1,0.0,-0.9,1.2000000000000002,1.5,8.700000000000001,-5.4,-6.9,5.2,16
13843,231726.0,0.0,-0.1,-1.1,1.2000000000000002,1.4000000000000001,8.4,-2.3000000000000003,-7.400000000000001,0.8,16
13844,231743.0,0.0,0.0,-1.0,1.1,1.6,8.5,-1.5000000000000002,-10.0,-5.2,16
13845,231760.0,-0.2,0.2,-1.2000000000000002,0.9,1.7000000000000002,8.4,-3.0000000000000004,-11.000000000000002,-10.600000000000001,16
13846,231782.0,-0.4,0.30000000000000004,-1.2000000000000002,0.8,1.8,8.3,-5.9,-7.9,-14.4,16
13847,231793.0,-0.6000000000000001,0.2,-1.2000000000000002,0.5,1.7000000000000002,8.4,-9.8,-2.5,-17.599999999999998,16
13848,231810.0,-1.0,0.2,-1.0,0.1,1.6,8.6,-12.5,1.8,-21.1,16
13849,231826.0,-1.3,0.1,-0.7000000000000001,-0.2,1.5,8.9,-14.500000000000002,4.6000000000000005,-23.900000000000002,16
13850,231843.0,-1.5,0.0,-0.6000000000000001,-0.5,1.4000000000000001,9.0,-16.6,7.6,-25.0,16
13851,231860.0,-1.7000000000000002,-0.1,-0.30000000000000004,-0.7000000000000001,1.3,9.3,-17.1,9.1,-25.0,16
13852,231879.0,-1.8,-0.30000000000000004,-0.1,-0.8,1.1,9.5,-14.600000000000001,9.700000000000001,-24.7,16
13853,231894.0,-1.8,-0.4,-0.1,-1.0,0.9,9.600000000000001,-8.1,12.100000000000001,-24.7,16
13854,231911.0,-2.0,-0.4,0.30000000000000004,-1.1,0.9,9.9,-1.6,6.8,-23.5,16
13855,231926.0,-1.7000000000000002,-0.4,0.30000000000000004,-0.8,0.9,9.9,-1.6,1.4,-18.8,16
13856,231943.0,-1.6,-0.4,0.2,-0.6000000000000001,0.8,9.9,-3.0000000000000004,0.7,-12.3,16
13857,231960.0,-1.3,-0.6000000000000001,0.4,-0.4,0.7000000000000001,10.100000000000001,-3.1,-0.6000000000000001,-7.699999999999999,16
13858,231996.0,-0.9,-0.4,1.2000000000000002,-0.1,0.9,10.8,-6.9,-2.0,2.1999999999999997,16
13859,232009.0,-0.9,-0.4,1.2000000000000002,0.0,0.9,11.5,-6.9,-2.0,2.1999999999999997,16
13860,232026.0,-0.5,-0.2,2.4000000000000004,0.4,1.0,12.0,-10.700000000000001,-15.2,8.9,16
13861,232043.0,-0.30000000000000004,-0.1,2.5,0.8,1.0,12.200000000000001,-10.700000000000001,-18.900000000000002,9.5,16
13862,232059.0,0.30000000000000004,-0.1,2.6,1.4000000000000001,1.0,12.200000000000001,-11.8,-22.2,8.700000000000001,16
13863,232076.0,0.5,-0.1,2.2,1.6,1.0,11.9,-7.6,-13.9,8.3,16
13864,232097.0,0.4,0.1,2.0,1.5,1.2000000000000002,11.8,-0.1,-4.5,8.600000000000001,16
13865,232109.0,0.5,0.2,1.9000000000000001,1.7000000000000002,1.2000000000000002,11.5,8.1,1.6,9.600000000000001,16
13866,232126.0,0.9,0.1,1.6,2.1,1.2000000000000002,11.3,11.9,4.9,7.699999999999999,16
13867,232143.0,1.2000000000000002,0.1,1.4000000000000001,2.5,1.2000000000000002,10.9,9.0,4.9,1.3,16
13868,232160.0,1.8,-0.1,0.7000000000000001,3.0,1.1,10.200000000000001,4.0,7.1000000000000005,-6.000000000000001,16
13869,232176.0,2.2,-0.2,0.0,3.2,1.0,9.700000000000001,0.6000000000000001,12.6,-12.6,16
13870,232193.0,2.2,-0.2,-0.1,3.2,1.0,9.600000000000001,-1.9,17.9,-15.6,16
13871,232210.0,2.2,-0.2,-0.30000000000000004,3.2,1.0,9.5,-3.8,19.3,-15.5,16
13872,232226.0,2.5,-0.2,-0.30000000000000004,3.4000000000000004,1.0,9.5,-4.0,16.900000000000002,-14.900000000000002,16
13873,232243.0,2.7,-0.2,-0.30000000000000004,3.6,1.0,9.4,-2.4000000000000004,13.8,-14.900000000000002,16
13874,232260.0,2.6,-0.1,-0.30000000000000004,3.5,1.1,9.4,1.8,9.600000000000001,-14.4,16
13875,232277.0,2.6,0.1,-0.5,3.4000000000000004,1.3,9.3,8.4,6.000000000000001,-13.100000000000001,16
13876,232295.0,2.3000000000000003,0.4,-0.7000000000000001,3.2,1.6,9.0,16.3,2.9,-11.6,16
13877,232310.0,2.1,0.5,-0.9,2.8000000000000003,1.9000000000000001,8.8,22.2,-0.7,-10.1,16
13878,232326.0,1.4000000000000001,0.8,-1.1,2.2,2.2,8.5,24.9,-6.1000000000000005,-10.0,16
13879,232343.0,0.9,0.9,-1.5,1.8,2.4000000000000004,8.200000000000001,26.3,-9.8,-12.100000000000001,16
13880,232360.0,0.6000000000000001,0.9,-1.7000000000000002,1.4000000000000001,2.4000000000000004,7.800000000000001,26.200000000000003,-11.6,-16.900000000000002,16
13881,232378.0,0.1,0.9,-2.1,1.0,2.5,7.5,23.8,-11.8,-22.7,16
13882,232394.0,-0.6000000000000001,0.8,-2.4000000000000004,1.0,2.5,7.5,18.400000000000002,-11.6,-27.6,16
13883,232409.0,-0.9,0.7000000000000001,-2.4000000000000004,-0.1,2.4000000000000004,7.2,9.200000000000001,-12.200000000000001,-30.4,16
13884,232426.0,-1.4000000000000001,0.6000000000000001,-2.3000000000000003,-0.4,2.3000000000000003,7.300000000000001,-2.1999999999999997,-15.100000000000001,-31.2,16
13885,232443.0,-1.5,0.4,-2.2,-0.4,2.3000000000000003,7.300000000000001,-2.1999999999999997,-15.100000000000001,-31.2,16
13886,232460.0,-1.6,0.1,-1.7000000000000002,-0.6000000000000001,1.7000000000000002,8.1,-22.1,-17.9,-29.400000000000002,16
13887,232478.0,-1.7000000000000002,-0.2,-1.1,-0.5,1.4000000000000001,8.6,-25.8,-18.8,-26.6,16
13888,232498.0,-1.5,-0.4,-0.5,-0.30000000000000004,1.1,9.0,-25.700000000000003,-19.200000000000003,-22.8,16
13889,232512.0,-1.4000000000000001,-0.5,-0.2,-0.30000000000000004,1.0,9.3,-22.6,-17.7,-17.1,16
13890,232526.0,-1.5,-0.4,-0.1,-0.30000000000000004,1.1,9.5,-17.1,-14.4,-9.200000000000001,16
13891,232543.0,-1.5,-0.2,0.1,-0.30000000000000004,1.2000000000000002,9.600000000000001,-9.9,-10.2,-0.1,16
13892,232560.0,-1.4000000000000001,-0.1,0.2,-0.2,1.3,9.8,-2.3000000000000003,-5.300000000000001,7.2,16
13893,232577.0,-1.4000000000000001,0.0,0.2,-0.2,1.5,9.700000000000001,3.7000000000000006,-1.8,11.8,16
13894,232594.0,-1.6,0.30000000000000004,0.0,-0.4,1.7000000000000002,9.600000000000001,7.0,0.5,15.2,16
13895,232610.0,-1.7000000000000002,0.4,0.0,-0.5,2.0,9.600000000000001,6.5,0.2,19.200000000000003,16
13896,232627.0,-1.6,0.6000000000000001,-0.1,-0.30000000000000004,2.1,9.5,3.5,-1.5000000000000002,22.5,16
13897,232643.0,-1.1,0.7000000000000001,-0.1,0.2,2.1,9.5,0.1,-1.9,23.5,16
13898,232659.0,-0.5,0.6000000000000001,0.1,0.7000000000000001,2.0,9.600000000000001,-2.1999999999999997,0.0,21.700000000000003,16
13899,232676.0,-0.30000000000000004,0.5,0.30000000000000004,1.1,2.0,9.9,-4.300000000000001,1.8,17.7,16
13900,232694.0,0.1,0.6000000000000001,0.5,1.3,2.0,10.100000000000001,-6.6000000000000005,3.6,14.0,16
13901,232709.0,0.1,0.7000000000000001,0.5,1.4000000000000001,2.0,10.100000000000001,-8.200000000000001,7.300000000000001,12.200000000000001,16
13902,232726.0,0.0,0.8,0.6000000000000001,1.0,2.2,10.200000000000001,-8.799999999999999,12.9,12.700000000000001,16
13903,232744.0,-0.5,1.0,0.7000000000000001,0.6000000000000001,2.3000000000000003,10.3,-7.699999999999999,18.0,14.200000000000001,16
13904,232760.0,-0.8,1.0,0.9,0.2,2.3000000000000003,11.100000000000001,-6.9,17.9,15.399999999999999,16
13905,232777.0,-0.9,1.0,2.2,0.4,2.3000000000000003,12.100000000000001,-7.9,5.6,13.9,16
13906,232794.0,-0.2,0.9,2.8000000000000003,1.0,2.1,12.4,-8.200000000000001,-3.0000000000000004,11.5,16
13907,232810.0,0.1,0.8,2.7,1.0,2.1,12.4,-8.200000000000001,-3.0000000000000004,11.5,16
13908,232826.0,0.30000000000000004,0.4,2.6,1.6,1.9000000000000001,12.0,7.400000000000001,11.9,9.600000000000001,16
13909,232843.0,0.30000000000000004,0.5,1.7000000000000002,1.2000000000000002,1.8,11.200000000000001,13.9,24.400000000000002,9.4,16
13910,232860.0,0.2,0.30000000000000004,1.1,1.1,1.7000000000000002,10.8,15.299999999999999,29.500000000000004,11.5,16
13911,232876.0,0.2,0.2,1.4000000000000001,1.0,1.6,10.8,16.6,34.7,12.8,16
13912,232893.0,0.2,-0.1,1.1,1.0,1.3,10.8,12.6,27.6,13.100000000000001,16
13913,232909.0,0.6000000000000001,-0.30000000000000004,0.9,1.3,1.1,10.700000000000001,8.1,17.0,12.9,16
13914,232928.0,1.0,-0.7000000000000001,0.7000000000000001,1.6,0.8,10.5,4.7,7.699999999999999,12.6,16
13915,232945.0,1.2000000000000002,-0.9,0.5,2.0,0.5,10.100000000000001,4.2,1.0,12.700000000000001,16
13916,232960.0,1.4000000000000001,-1.3,-0.1,2.1,0.2,9.600000000000001,5.0,2.1999999999999997,12.9,16
13917,232981.0,1.2000000000000002,-1.4000000000000001,-0.5,1.7000000000000002,0.0,9.0,8.9,7.300000000000001,14.3,16
13918,233002.0,0.30000000000000004,-1.5,-1.1,1.2000000000000002,0.0,8.700000000000001,13.100000000000001,12.100000000000001,17.3,16
13919,233009.0,0.0,-1.5,-1.2000000000000002,0.7000000000000001,0.0,8.5,14.800000000000002,10.2,20.5,16
13920,233027.0,-0.2,-1.4000000000000001,-1.5,0.5,0.1,8.3,14.3,4.0,23.8,16
13921,233043.0,-0.2,-1.4000000000000001,-1.5,0.5,0.2,8.1,12.9,-2.1,25.8,16
13922,233059.0,0.0,-1.3,-1.6,0.8,0.30000000000000004,8.1,10.5,-7.500000000000001,25.3,16
13923,233077.0,0.30000000000000004,-1.1,-1.6,1.1,0.4,8.1,5.9,-12.200000000000001,22.2,16
13924,233094.0,0.30000000000000004,-1.1,-1.5,1.1,0.6000000000000001,8.200000000000001,-2.0,-15.399999999999999,19.200000000000003,16
13925,233110.0,0.1,-0.8,-1.4000000000000001,0.9,0.8,8.200000000000001,-10.3,-15.299999999999999,19.0,16
13926,233126.0,-0.30000000000000004,-0.5,-1.3,0.6000000000000001,1.0,8.3,-16.1,-11.5,22.000000000000004,16
13927,233143.0,-0.5,-0.4,-1.1,0.5,1.0,8.700000000000001,-18.1,-7.699999999999999,26.1,16
13928,233159.0,-0.4,-0.4,-0.7000000000000001,0.5,1.0,8.9,-17.3,-7.300000000000001,27.7,16
13929,233176.0,-0.4,-0.4,-0.6000000000000001,0.6000000000000001,1.0,9.0,-13.6,-8.5,26.9,16
13930,233193.0,-0.5,-0.30000000000000004,-0.6000000000000001,0.5,1.0,9.0,-8.700000000000001,-8.3,25.700000000000003,16
13931,233209.0,-0.5,-0.2,-0.7000000000000001,0.5,1.1,9.0,-4.3999999999999995,-8.0,24.8,16
13932,233226.0,-0.5,0.0,-0.5,0.6000000000000001,1.2000000000000002,9.1,-2.5,-7.300000000000001,23.700000000000003,16
13933,233243.0,-0.4,0.0,-0.4,0.7000000000000001,1.3,9.200000000000001,-3.2,-7.2,22.3,16
13934,233260.0,-0.5,0.2,-0.4,0.6000000000000001,1.4000000000000001,9.3,-4.9,-5.7,21.200000000000003,16
13935,233276.0,-0.6000000000000001,0.2,-0.1,0.5,1.4000000000000001,9.5,-6.2,-3.0000000000000004,20.1,16
13936,233293.0,-0.7000000000000001,0.30000000000000004,0.0,0.5,1.4000000000000001,9.600000000000001,-7.1000000000000005,-0.30000000000000004,18.8,16
13937,233310.0,-0.7000000000000001,0.30000000000000004,0.1,0.4,1.4000000000000001,9.700000000000001,-6.7,3.4,17.3,16
13938,233327.0,-0.9,0.30000000000000004,0.30000000000000004,0.2,1.4000000000000001,10.0,-4.9,6.3,16.1,16
13939,233343.0,-1.0,0.4,0.5,0.2,1.5,10.3,-1.9,7.2,15.7,16
13940,233360.0,-0.8,0.30000000000000004,0.9,0.4,1.4000000000000001,10.600000000000001,-0.1,4.5,14.200000000000001,16
13941,233376.0,-0.5,0.2,1.0,0.5,1.3,10.600000000000001,0.9,2.1,12.100000000000001,16
13942,233393.0,-0.6000000000000001,0.1,0.9,0.5,1.2000000000000002,10.5,3.5,3.4,12.000000000000002,16
13943,233409.0,-0.7000000000000001,0.0,0.9,0.4,1.1,10.600000000000001,7.500000000000001,6.1000000000000005,13.3,16
13944,233426.0,-0.7000000000000001,-0.1,1.1,0.30000000000000004,1.1,10.8,11.6,7.400000000000001,15.399999999999999,16
13945,233444.0,-0.8,-0.1,1.2000000000000002,0.30000000000000004,1.1,10.9,15.8,7.2,17.9,16
13946,233460.0,-0.7000000000000001,-0.2,1.4000000000000001,0.30000000000000004,1.1,11.100000000000001,19.700000000000003,5.2,19.3,16
13947,233476.0,-0.6000000000000001,-0.2,1.7000000000000002,0.4,1.1,11.4,20.2,0.30000000000000004,18.900000000000002,16
13948,233493.0,-0.5,-0.2,1.9000000000000001,0.7000000000000001,1.2000000000000002,11.8,16.6,-8.600000000000001,17.3,16
13949,233509.0,-0.2,-0.2,2.2,1.0,1.1,11.9,8.0,-15.5,16.0,16
13950,233526.0,0.0,-0.30000000000000004,2.2,1.1,1.0,11.9,0.0,-18.7,17.200000000000003,16
13951,233543.0,0.0,-0.4,2.3000000000000003,1.2000000000000002,1.0,12.0,-1.7,-14.900000000000002,22.000000000000004,16
13952,233559.0,0.0,-0.6000000000000001,2.3000000000000003,1.4000000000000001,0.8,12.100000000000001,5.500000000000001,-7.2,31.7,16
13953,233576.0,0.6000000000000001,-0.5,1.9000000000000001,1.8,0.8,11.5,16.6,3.4,38.2,16
13954,233593.0,1.0,-0.8,1.3,2.2,0.6000000000000001,11.0,28.400000000000002,12.100000000000001,40.6,16
13955,233610.0,1.1,-0.9,1.0,2.4000000000000004,0.7000000000000001,10.5,42.0,22.2,38.0,16
13956,233626.0,1.2000000000000002,-0.8,0.30000000000000004,2.4000000000000004,0.8,9.8,47.6,25.5,32.800000000000004,16
13957,233644.0,1.2000000000000002,-0.8,0.30000000000000004,2.4000000000000004,0.8,9.8,47.6,25.5,32.800000000000004,16
13958,233659.0,1.5,-0.9,-1.3,2.5,1.0,8.1,37.5,30.599999999999998,18.6,16
13959,233676.0,1.3,-0.9,-2.0,2.2,1.0,7.6000000000000005,24.200000000000003,32.300000000000004,12.000000000000002,16
13960,233693.0,1.0,-0.9,-2.1,2.2,1.0,7.6000000000000005,24.200000000000003,32.300000000000004,12.000000000000002,16
13961,233712.0,0.4,-0.8,-1.9000000000000001,1.1,1.1,7.800000000000001,-7.300000000000001,28.0,13.4,16
13962,233728.0,0.2,-0.9,-1.6,1.0,0.9,8.200000000000001,-17.3,22.6,19.500000000000004,16
13963,233743.0,0.4,-1.2000000000000002,-1.1,1.1,0.5,8.6,-22.000000000000004,16.900000000000002,23.900000000000002,16
13964,233762.0,0.5,-1.3,-0.9,1.2000000000000002,0.30000000000000004,8.9,-20.6,12.100000000000001,25.700000000000003,16
13965,233777.0,0.2,-1.3,-0.4,0.8,0.4,9.3,-16.1,6.7,28.6,16
13966,233793.0,-0.1,-1.1,-0.2,0.6000000000000001,0.5,9.5,-11.5,0.9,34.300000000000004,16
13967,233811.0,-0.1,-1.0,-0.4,0.6000000000000001,0.6000000000000001,9.3,-7.400000000000001,-1.7,41.300000000000004,16
13968,233827.0,0.0,-1.0,-0.6000000000000001,0.7000000000000001,0.6000000000000001,9.1,-4.800000000000001,0.0,46.0,16
13969,233843.0,-0.1,-0.7000000000000001,-0.6000000000000001,0.6000000000000001,0.8,9.0,-3.2,3.3000000000000003,49.1,16
13970,233861.0,-0.30000000000000004,-0.5,-0.6000000000000001,0.5,1.0,9.1,-3.4,5.500000000000001,51.6,16
13971,233876.0,-0.30000000000000004,-0.4,-0.7000000000000001,0.4,1.1,8.9,-3.9,7.1000000000000005,53.6,16
13972,233893.0,-0.5,-0.2,-0.8,0.30000000000000004,1.2000000000000002,8.8,-4.5,9.3,55.300000000000004,16
13973,233909.0,-0.5,0.0,-0.9,0.2,1.4000000000000001,8.8,-5.0,11.000000000000002,57.400000000000006,16
13974,233926.0,-0.5,0.1,-0.9,0.30000000000000004,1.5,8.8,-4.6000000000000005,11.9,59.00000000000001,16
13975,233944.0,-0.2,0.2,-0.7000000000000001,0.5,1.5,9.0,-3.7000000000000006,11.4,59.00000000000001,16
13976,233959.0,-0.1,0.30000000000000004,-0.6000000000000001,0.7000000000000001,1.7000000000000002,9.1,-1.2000000000000002,10.3,57.9,16
13977,233982.0,0.1,0.6000000000000001,-0.5,0.8,1.9000000000000001,9.200000000000001,1.4,8.700000000000001,56.5,16
13978,233992.0,0.2,0.8,-0.5,1.0,2.1,9.200000000000001,2.4000000000000004,6.5,54.800000000000004,16
13979,234009.0,0.5,0.9,-0.4,1.2000000000000002,2.2,9.3,2.0,3.8,52.400000000000006,16
13980,234026.0,0.7000000000000001,1.0,-0.30000000000000004,1.5,2.4000000000000004,9.4,2.1,2.9,49.4,16
13981,234043.0,1.0,1.1,-0.1,1.7000000000000002,2.4000000000000004,9.5,4.5,4.0,47.0,16
13982,234061.0,1.1,1.1,0.0,1.9000000000000001,2.5,9.600000000000001,8.4,4.7,44.9,16
13983,234085.0,1.4000000000000001,1.1,-0.1,2.1,2.5,9.5,12.6,5.1,42.300000000000004,16
13984,234093.0,1.5,1.1,-0.30000000000000004,2.3000000000000003,2.5,9.3,14.600000000000001,5.8,38.300000000000004,16
13985,234109.0,1.6,1.2000000000000002,-0.6000000000000001,2.4000000000000004,2.6,9.0,12.5,6.1000000000000005,33.800000000000004,16
13986,234126.0,1.5,1.2000000000000002,-0.7000000000000001,2.4000000000000004,2.7,8.9,6.3,6.3,30.299999999999997,16
13987,234144.0,1.7000000000000002,1.2000000000000002,-0.7000000000000001,2.5,2.6,9.0,-2.3000000000000003,6.2,26.500000000000004,16
13988,234160.0,1.8,1.1,-0.30000000000000004,2.7,2.6,9.3,-10.9,5.4,22.900000000000002,16
13989,234181.0,2.0,1.0,0.1,2.8000000000000003,2.4000000000000004,9.700000000000001,-17.400000000000002,4.1000000000000005,20.5,16
13990,234193.0,2.0,0.9,0.2,2.9000000000000004,2.2,9.9,-19.200000000000003,3.8,18.6,16
13991,234209.0,1.9000000000000001,0.8,0.4,2.8000000000000003,2.1,10.100000000000001,-16.1,6.1000000000000005,16.900000000000002,16
13992,234227.0,1.6,0.9,0.7000000000000001,2.5,2.1,10.3,-10.3,6.4,16.6,16
13993,234244.0,1.5,0.9,0.8,2.4000000000000004,2.1,10.4,-5.1,4.6000000000000005,16.8,16
13994,234259.0,1.5,0.8,0.5,2.3000000000000003,2.1,10.100000000000001,0.0,3.4,15.7,16
13995,234282.0,1.2000000000000002,0.8,0.2,2.1,2.1,9.9,4.800000000000001,5.4,13.5,16
13996,234293.0,0.9,0.9,0.1,1.7000000000000002,2.2,9.8,8.3,6.000000000000001,13.0,16
13997,234309.0,0.7000000000000001,0.8,0.1,1.5,2.1,9.700000000000001,8.1,1.8,12.5,16
13998,234326.0,0.6000000000000001,0.6000000000000001,0.2,1.5,1.9000000000000001,9.8,2.5,-5.7,10.700000000000001,16
13999,234344.0,0.7000000000000001,0.4,0.30000000000000004,1.6,1.7000000000000002,10.0,-4.5,-12.8,8.9,16
14000,234360.0,0.8,0.30000000000000004,0.5,1.7000000000000002,1.6,10.3,-7.699999999999999,-14.0,8.0,16
14001,234382.0,0.8,0.2,1.0,1.8,1.5,10.700000000000001,-5.500000000000001,-12.6,8.5,16
14002,234393.0,0.9,0.0,1.2000000000000002,2.1,1.2000000000000002,11.0,-1.2000000000000002,-11.9,6.7,16
14003,234409.0,1.2000000000000002,-0.30000000000000004,1.4000000000000001,2.3000000000000003,0.9,11.100000000000001,1.8,-14.100000000000001,2.0,16
14004,234426.0,1.1,-0.5,1.3,2.2,0.8,10.9,3.4,-17.400000000000002,-2.8,16
14005,234443.0,1.0,-0.6000000000000001,1.0,2.1,0.7000000000000001,10.5,4.0,-18.2,-4.800000000000001,16
14006,234460.0,0.7000000000000001,-0.7000000000000001,0.5,1.9000000000000001,0.6000000000000001,10.100000000000001,3.3000000000000003,-17.9,-5.300000000000001,16
14007,234481.0,0.7000000000000001,-0.9,0.1,2.0,0.5,9.8,3.5,-14.500000000000002,-5.500000000000001,16
14008,234498.0,0.7000000000000001,-0.9,-0.5,2.1,0.4,9.3,8.4,-6.6000000000000005,-8.200000000000001,16
14009,234510.0,0.6000000000000001,-0.9,-0.6000000000000001,1.8,0.5,9.0,12.5,0.6000000000000001,-14.0,16
14010,234527.0,-0.1,-0.7000000000000001,-0.8,1.2000000000000002,0.7000000000000001,8.9,11.9,0.5,-20.4,16
14011,234543.0,-0.4,-0.6000000000000001,-0.8,0.8,0.9,8.700000000000001,6.1000000000000005,-4.300000000000001,-25.400000000000002,16
14012,234559.0,-0.7000000000000001,-0.4,-1.0,0.5,1.0,8.6,-4.2,-8.200000000000001,-29.500000000000004,16
14013,234582.0,-1.0,-0.2,-1.0,0.30000000000000004,1.2000000000000002,8.6,-15.2,-10.5,-32.300000000000004,16
14014,234593.0,-1.0,-0.2,-0.9,0.4,1.2000000000000002,8.9,-24.200000000000003,-10.5,-33.800000000000004,16
14015,234609.0,-0.9,-0.1,-0.5,0.4,1.2000000000000002,9.200000000000001,-29.500000000000004,-8.600000000000001,-34.6,16
14016,234626.0,-0.8,-0.1,-0.30000000000000004,0.6000000000000001,1.1,9.4,-30.4,-5.6,-35.1,16
14017,234643.0,-0.8,-0.1,-0.2,0.5,1.1,9.4,-27.7,-0.6000000000000001,-36.2,16
14018,234660.0,-0.8,0.0,-0.30000000000000004,0.4,1.1,9.3,-22.6,5.1,-37.1,16
14019,234683.0,-0.9,0.0,-0.5,0.30000000000000004,1.1,9.200000000000001,-17.400000000000002,9.700000000000001,-38.300000000000004,16
14020,234693.0,-1.0,0.0,-0.5,0.2,1.1,9.1,-13.8,10.9,-39.9,16
14021,234709.0,-0.9,0.2,-0.6000000000000001,0.30000000000000004,1.2000000000000002,9.0,-11.9,10.0,-41.7,16
14022,234726.0,-0.7000000000000001,0.30000000000000004,-0.7000000000000001,0.5,1.3,8.9,-11.3,8.1,-44.3,16
14023,234743.0,-0.4,0.30000000000000004,-0.8,0.6000000000000001,1.3,8.9,-11.8,5.8,-47.800000000000004,16
14024,234759.0,-0.30000000000000004,0.30000000000000004,-0.9,0.8,1.3,8.700000000000001,-13.3,5.300000000000001,-51.400000000000006,16
14025,234779.0,-0.30000000000000004,0.30000000000000004,-1.1,0.7000000000000001,1.3,8.6,-15.399999999999999,7.0,-55.4,16
14026,234793.0,-0.4,0.4,-1.1,0.4,1.4000000000000001,8.700000000000001,-16.2,9.0,-57.2,16
14027,234810.0,-0.7000000000000001,0.6000000000000001,-0.7000000000000001,0.1,1.5,9.1,-15.7,7.6,-56.7,16
14028,234827.0,-0.8,0.6000000000000001,-0.30000000000000004,0.1,1.5,9.3,-14.100000000000001,3.3000000000000003,-56.6,16
14029,234843.0,-0.6000000000000001,0.4,-0.1,0.2,1.4000000000000001,9.5,-10.9,1.7,-58.800000000000004,16
14030,234859.0,-0.4,0.30000000000000004,0.1,0.30000000000000004,1.2000000000000002,9.8,-6.7,3.4,-63.800000000000004,16
14031,234878.0,-0.4,0.30000000000000004,0.30000000000000004,0.2,1.3,10.0,-1.0,4.6000000000000005,-68.1,16
14032,234895.0,-0.7000000000000001,0.4,0.30000000000000004,0.0,1.4000000000000001,9.9,4.6000000000000005,5.6,-68.9,16
14033,234909.0,-0.8,0.4,0.2,-0.30000000000000004,1.4000000000000001,9.9,6.2,7.9,-66.4,16
14034,234926.0,-0.9,0.2,0.2,-0.5,1.2000000000000002,9.9,6.5,11.5,-63.800000000000004,16
14035,234943.0,-1.0,0.0,0.5,-0.7000000000000001,1.1,10.200000000000001,11.000000000000002,13.700000000000001,-62.1,16
14036,234961.0,-1.2000000000000002,-0.2,0.5,-0.9,1.0,10.100000000000001,17.0,20.2,-60.900000000000006,16
14037,234984.0,-1.4000000000000001,-0.30000000000000004,0.6000000000000001,-1.2000000000000002,1.0,10.200000000000001,17.9,20.5,-59.5,16
14038,234995.0,-1.5,-0.2,0.7000000000000001,-1.4000000000000001,1.1,10.4,13.700000000000001,18.400000000000002,-56.7,16
14039,235010.0,-1.6,0.0,0.8,-1.6,1.3,10.600000000000001,8.0,18.0,-50.2,16
14040,235026.0,-1.5,0.0,1.3,-1.4000000000000001,1.2000000000000002,11.200000000000001,2.3000000000000003,18.400000000000002,-44.00000000000001,16
14041,235043.0,-0.9,-0.2,2.6,-0.9,1.1,12.4,-0.1,11.8,-42.7,16
14042,235062.0,-0.1,-0.2,3.0,-0.30000000000000004,1.1,12.700000000000001,-2.8,-0.5,-43.0,16
14043,235082.0,0.6000000000000001,-0.5,3.0,0.30000000000000004,0.9,12.700000000000001,-5.6,-8.4,-41.2,16
14044,235096.0,1.0,-0.5,2.9000000000000004,1.0,0.8,12.600000000000001,-4.5,-17.1,-39.9,16
14045,235109.0,1.3,-0.6000000000000001,2.3000000000000003,1.3,0.4,11.700000000000001,-6.9,-15.6,-36.4,16
14046,235126.0,1.4000000000000001,-1.0,1.4000000000000001,1.4000000000000001,0.2,11.100000000000001,-4.300000000000001,-10.0,-30.4,16
14047,235143.0,1.3,-1.2000000000000002,0.7000000000000001,1.3,0.0,10.4,7.500000000000001,-4.2,-25.900000000000002,16
14048,235159.0,1.3,-1.2000000000000002,0.4,1.2000000000000002,0.0,10.200000000000001,18.3,3.0000000000000004,-20.0,16
14049,235176.0,1.2000000000000002,-1.3,0.30000000000000004,1.1,0.0,10.0,22.3,-1.0999999999999999,-15.2,16
14050,235193.0,1.2000000000000002,-1.3,-0.1,1.3,0.0,9.600000000000001,22.4,-9.200000000000001,-12.8,16
14051,235218.0,1.6,-1.4000000000000001,-0.6000000000000001,1.6,0.0,9.200000000000001,20.0,-15.000000000000002,-12.3,16
14052,235226.0,1.8,-1.4000000000000001,-0.8,1.9000000000000001,0.0,8.700000000000001,17.9,-15.399999999999999,-15.6,16
14053,235243.0,1.9000000000000001,-1.4000000000000001,-1.4000000000000001,2.0,0.1,8.3,17.1,-10.4,-20.5,16
14054,235259.0,1.4000000000000001,-1.3,-1.7000000000000002,1.5,0.2,8.0,14.4,-4.7,-25.0,16
14055,235279.0,0.5,-1.0,-1.7000000000000002,0.8,0.5,8.0,6.4,-7.2,-25.900000000000002,16
14056,235293.0,0.1,-0.8,-1.6,0.30000000000000004,0.7000000000000001,8.1,-4.5,-14.900000000000002,-22.900000000000002,16
14057,235311.0,-0.2,-0.7000000000000001,-1.6,0.1,0.8,8.1,-15.9,-21.400000000000002,-18.6,16
14058,235326.0,-0.2,-0.7000000000000001,-1.4000000000000001,0.0,0.7000000000000001,8.4,-23.2,-24.6,-14.900000000000002,16
14059,235343.0,-0.4,-0.7000000000000001,-1.2000000000000002,-0.1,0.6000000000000001,8.6,-24.6,-23.6,-12.100000000000001,16
14060,235360.0,-0.7000000000000001,-0.6000000000000001,-0.7000000000000001,-0.30000000000000004,0.7000000000000001,9.0,-20.7,-20.1,-9.200000000000001,16
14061,235379.0,-1.1,-0.5,-0.30000000000000004,-0.6000000000000001,0.8,9.3,-13.9,-19.700000000000003,-5.6,16
14062,235393.0,-1.2000000000000002,-0.4,-0.2,-0.7000000000000001,0.9,9.5,-8.0,-21.6,-1.9,16
14063,235409.0,-1.3,-0.2,-0.4,-0.7000000000000001,1.0,9.3,-3.3000000000000003,-23.2,2.0,16
14064,235426.0,-1.2000000000000002,-0.1,-0.4,-0.6000000000000001,1.2000000000000002,9.3,-0.30000000000000004,-20.4,6.000000000000001,16
14065,235444.0,-1.2000000000000002,0.1,-0.5,-0.6000000000000001,1.3,9.200000000000001,1.2000000000000002,-15.8,10.3,16
14066,235459.0,-1.4000000000000001,0.30000000000000004,-0.4,-0.7000000000000001,1.5,9.200000000000001,3.2,-11.3,15.000000000000002,16
14067,235477.0,-1.3,0.4,-0.30000000000000004,-0.6000000000000001,1.6,9.3,5.9,-8.0,18.8,16
14068,235495.0,-1.3,0.5,-0.1,-0.5,1.8,9.5,5.7,-5.8,20.3,16
14069,235510.0,-1.0,0.6000000000000001,-0.2,-0.30000000000000004,1.9000000000000001,9.4,5.500000000000001,-3.4,19.9,16
14070,235526.0,-0.9,0.7000000000000001,-0.30000000000000004,-0.2,2.0,9.4,5.0,1.5000000000000002,18.400000000000002,16
14071,235543.0,-1.0,0.8,-0.2,-0.30000000000000004,2.1,9.5,4.0,5.6,18.5,16
14072,235559.0,-1.1,0.9,-0.2,-0.4,2.2,9.4,2.4000000000000004,10.600000000000001,20.4,16
14073,235576.0,-1.0,0.8,-0.2,-0.30000000000000004,2.1,9.4,1.2000000000000002,15.8,22.3,16
14074,235596.0,-0.8,0.7000000000000001,-0.1,-0.1,2.0,9.700000000000001,0.9,20.4,23.1,16
14075,235609.0,-0.5,0.6000000000000001,0.30000000000000004,0.1,1.9000000000000001,10.0,0.5,20.4,22.5,16
14076,235626.0,-0.30000000000000004,0.5,0.5,0.5,1.8,10.3,-2.9,16.2,20.4,16
14077,235643.0,0.4,0.4,0.7000000000000001,1.0,1.7000000000000002,10.4,-7.2,13.8,18.3,16
14078,235659.0,1.0,0.30000000000000004,1.0,1.5,1.5,10.600000000000001,-10.5,17.0,16.700000000000003,16
14079,235676.0,1.3,0.2,1.0,1.8,1.3,10.700000000000001,-10.4,26.400000000000002,13.6,16
14080,235696.0,1.4000000000000001,0.0,1.2000000000000002,1.5,1.2000000000000002,11.100000000000001,-5.300000000000001,35.4,8.3,16
14081,235710.0,0.8,0.1,1.8,0.9,1.3,11.600000000000001,-1.6,35.8,2.3000000000000003,16
14082,235726.0,0.5,0.4,2.5,0.6000000000000001,1.6,12.3,-5.500000000000001,25.1,-1.2000000000000002,16
14083,235743.0,0.6000000000000001,0.4,2.4000000000000004,0.8,1.5,11.9,-14.100000000000001,15.7,-2.3000000000000003,16
14084,235759.0,0.8,0.4,1.7000000000000002,0.8,1.5,11.5,-19.500000000000004,18.0,-2.6,16
14085,235776.0,0.5,0.4,1.9000000000000001,0.5,1.5,11.700000000000001,-18.7,22.900000000000002,0.1,16
14086,235793.0,0.4,0.4,1.9000000000000001,0.5,1.3,11.8,-13.4,22.2,5.500000000000001,16
14087,235810.0,0.9,0.1,1.8,0.9,1.0,11.600000000000001,-5.0,20.6,11.5,16
14088,235827.0,1.3,-0.30000000000000004,1.2000000000000002,1.1,0.7000000000000001,11.100000000000001,7.300000000000001,15.100000000000001,15.9,16
14089,235843.0,1.4000000000000001,-0.5,0.8,1.2000000000000002,0.6000000000000001,10.200000000000001,21.200000000000003,12.6,17.599999999999998,16
14090,235859.0,1.3,-0.5,-0.1,1.1,0.6000000000000001,9.5,34.300000000000004,13.4,17.400000000000002,16
14091,235876.0,1.2000000000000002,-0.7000000000000001,-0.9,1.0,0.6000000000000001,8.9,42.900000000000006,12.5,14.700000000000001,16
14092,235893.0,1.1,-0.8,-1.2000000000000002,0.8,0.6000000000000001,8.5,43.7,7.8,9.9,16
14093,235909.0,0.9,-0.8,-1.5,0.7000000000000001,0.7000000000000001,8.1,38.0,0.0,4.9,16
14094,235926.0,0.8,-0.8,-1.7000000000000002,0.6000000000000001,0.8,8.0,26.6,-8.9,0.6000000000000001,16
14095,235943.0,0.9,-0.8,-1.7000000000000002,0.8,0.7000000000000001,8.0,10.600000000000001,-17.0,-2.6,16
14096,235959.0,1.0,-1.0,-1.6,1.0,0.6000000000000001,8.1,-4.0,-22.2,-5.1,16
14097,235976.0,1.3,-1.1,-1.2000000000000002,1.3,0.4,8.5,-14.3,-24.5,-7.1000000000000005,16
14098,235993.0,1.3,-1.1,-0.9,1.3,0.4,9.0,-20.5,-26.8,-7.9,16
14099,236009.0,1.1,-1.0,-0.5,1.2000000000000002,0.5,9.3,-20.900000000000002,-26.200000000000003,-6.1000000000000005,16
14100,236026.0,0.7000000000000001,-0.8,-0.4,0.9,0.6000000000000001,9.3,-15.8,-22.4,-3.0000000000000004,16
14101,236043.0,0.2,-0.5,-0.5,0.5,0.8,9.200000000000001,-6.2,-18.5,-0.30000000000000004,16
14102,236059.0,0.0,-0.5,-0.6000000000000001,0.2,0.9,9.1,3.8,-15.299999999999999,0.8,16
14103,236076.0,-0.5,-0.2,-0.8,-0.2,1.1,8.9,11.4,-15.000000000000002,1.0999999999999999,16
14104,236095.0,-0.8,-0.1,-1.1,-0.4,1.3,8.6,14.600000000000001,-16.5,1.5000000000000002,16
14105,236111.0,-0.8,-0.1,-1.1,-0.4,1.3,8.6,14.600000000000001,-16.5,1.5000000000000002,16
14106,236126.0,-0.8,0.0,-1.2000000000000002,-0.30000000000000004,1.5,8.5,10.0,-20.2,-1.3,16
14107,236142.0,-0.8,0.1,-1.1,-0.1,1.5,8.700000000000001,4.2,-22.7,-4.1000000000000005,16
14108,236159.0,-0.5,0.1,-0.8,0.2,1.5,8.9,-2.1,-22.2,-7.300000000000001,16
14109,236176.0,-0.30000000000000004,0.0,-0.5,0.5,1.4000000000000001,9.200000000000001,-6.7,-20.3,-10.9,16
14110,236195.0,0.0,-0.1,-0.2,0.7000000000000001,1.3,9.4,-9.700000000000001,-15.399999999999999,-15.9,16
14111,236209.0,0.0,-0.1,-0.1,0.6000000000000001,1.3,9.600000000000001,-10.700000000000001,-8.3,-20.7,16
14112,236226.0,-0.30000000000000004,-0.1,0.2,0.30000000000000004,1.3,9.9,-8.600000000000001,-3.5,-22.7,16
14113,236242.0,-0.5,0.0,0.4,0.2,1.4000000000000001,10.0,-4.300000000000001,0.6000000000000001,-22.5,16
14114,236262.0,-0.5,0.0,0.6000000000000001,0.1,1.3,10.200000000000001,0.0,1.0,-22.6,16
14115,236276.0,-0.5,0.0,0.6000000000000001,0.2,1.4000000000000001,10.200000000000001,3.4,-1.3,-23.6,16
14116,236293.0,-0.4,0.1,0.6000000000000001,0.30000000000000004,1.5,10.200000000000001,6.6000000000000005,-2.9,-24.200000000000003,16
14117,236309.0,-0.4,0.1,0.6000000000000001,0.2,1.6,10.3,9.700000000000001,-2.7,-23.1,16
14118,236326.0,-0.5,0.2,0.7000000000000001,0.1,1.7000000000000002,10.3,12.000000000000002,0.2,-19.1,16
14119,236343.0,-0.7000000000000001,0.1,0.7000000000000001,-0.1,1.7000000000000002,10.3,12.200000000000001,3.2,-12.9,16
14120,236360.0,-0.7000000000000001,0.1,0.7000000000000001,-0.2,1.6,10.4,12.4,4.800000000000001,-8.1,16
14121,236376.0,-0.9,0.0,0.8,-0.30000000000000004,1.6,10.5,15.8,6.8,-6.4,16
14122,236393.0,-0.9,0.0,1.2000000000000002,-0.30000000000000004,1.7000000000000002,11.0,18.5,7.2,-8.3,16
14123,236409.0,-0.8,0.0,1.6,-0.1,1.8,11.4,16.1,-1.7,-12.700000000000001,16
14124,236426.0,-0.30000000000000004,0.2,1.7000000000000002,0.4,1.9000000000000001,11.3,12.4,-6.6000000000000005,-15.8,16
14125,236443.0,0.30000000000000004,0.2,1.5,0.9,2.0,11.100000000000001,12.100000000000001,-4.3999999999999995,-17.7,16
14126,236460.0,0.7000000000000001,0.1,1.4000000000000001,1.2000000000000002,1.9000000000000001,11.100000000000001,10.9,-1.7,-20.1,16
14127,236476.0,0.8,0.1,1.4000000000000001,1.4000000000000001,1.9000000000000001,11.100000000000001,7.9,-1.3,-22.2,16
14128,236493.0,1.0,-0.1,1.6,1.6,1.8,11.3,4.7,-5.0,-24.000000000000004,16
14129,236509.0,1.3,-0.2,1.5,1.9000000000000001,1.7000000000000002,11.200000000000001,-0.6000000000000001,-9.700000000000001,-25.700000000000003,16
14130,236526.0,1.4000000000000001,-0.30000000000000004,1.3,2.1,1.6,10.9,-3.9,-10.3,-26.200000000000003,16
14131,236543.0,1.6,-0.4,0.9,2.2,1.4000000000000001,10.5,-3.5,-7.400000000000001,-25.900000000000002,16
14132,236560.0,1.6,-0.5,0.4,2.2,1.4000000000000001,10.100000000000001,0.0,-0.6000000000000001,-25.400000000000002,16
14133,236576.0,1.5,-0.6000000000000001,0.1,2.0,1.3,9.600000000000001,5.4,6.1000000000000005,-26.1,16
14134,236593.0,1.1,-0.5,-0.6000000000000001,1.6,1.4000000000000001,9.0,8.5,9.8,-26.9,16
14135,236609.0,0.8,-0.5,-1.1,1.3,1.4000000000000001,8.6,9.4,11.1,-25.700000000000003,16
14136,236626.0,0.8,-0.5,-1.4000000000000001,1.2000000000000002,1.4000000000000001,8.200000000000001,7.0,8.9,-23.5,16
14137,236644.0,0.6000000000000001,-0.5,-1.6,1.1,1.5,8.1,3.6,4.9,-20.2,16
14138,236660.0,0.6000000000000001,-0.4,-1.6,1.1,1.5,8.0,0.30000000000000004,-1.3,-16.400000000000002,16
14139,236676.0,0.6000000000000001,-0.5,-1.6,1.1,1.5,8.0,-3.0000000000000004,-10.1,-12.8,16
14140,236693.0,0.6000000000000001,-0.5,-1.5,1.1,1.5,8.1,-6.7,-18.8,-9.700000000000001,16
14141,236709.0,0.5,-0.4,-1.3,1.2000000000000002,1.5,8.3,-10.600000000000001,-27.3,-6.3,16
14142,236726.0,0.6000000000000001,-0.4,-1.1,1.3,1.5,8.6,-14.200000000000001,-32.9,-3.9,16
14143,236743.0,0.6000000000000001,-0.4,-0.9,1.3,1.5,8.8,-14.200000000000001,-33.400000000000006,-2.9,16
14144,236759.0,0.2,-0.2,-0.5,1.1,1.6,9.1,-11.2,-29.600000000000005,-1.8,16
14145,236776.0,-0.1,-0.1,-0.5,0.7000000000000001,1.7000000000000002,9.1,-5.7,-23.700000000000003,1.0999999999999999,16
14146,236795.0,-0.5,0.0,-0.6000000000000001,0.4,1.8,9.0,-0.2,-16.400000000000002,4.1000000000000005,16
14147,236818.0,-0.9,0.1,-0.9,0.0,1.9000000000000001,8.6,-0.2,-7.500000000000001,5.1,16
14148,236826.0,-0.9,0.1,-0.9,0.0,1.9000000000000001,8.6,-0.2,-7.500000000000001,5.1,16
14149,236843.0,-1.3,0.30000000000000004,-1.0,-0.30000000000000004,2.0,8.5,-4.0,-4.800000000000001,6.2,16
14150,236859.0,-1.6,0.30000000000000004,-1.0,-0.6000000000000001,2.1,8.6,-8.200000000000001,-3.7000000000000006,8.799999999999999,16
14151,236876.0,-1.7000000000000002,0.4,-0.9,-0.6000000000000001,2.1,8.700000000000001,-12.100000000000001,-3.6,12.9,16
14152,236893.0,-1.7000000000000002,0.4,-0.7000000000000001,-0.6000000000000001,2.0,8.9,-15.2,-3.9,17.200000000000003,16
14153,236909.0,-1.6,0.30000000000000004,-0.6000000000000001,-0.5,2.0,9.0,-14.3,-2.9,21.200000000000003,16
14154,236926.0,-1.6,0.4,-0.30000000000000004,-0.5,2.0,9.200000000000001,-11.1,-1.0999999999999999,25.2,16
14155,236943.0,-1.6,0.5,-0.2,-0.5,2.1,9.3,-8.5,-1.9,29.200000000000003,16
14156,236961.0,-1.4000000000000001,0.6000000000000001,-0.30000000000000004,-0.2,2.1,9.3,-6.7,-2.0,32.2,16
14157,236989.0,-0.9,0.6000000000000001,-0.30000000000000004,0.30000000000000004,2.0,9.3,-5.0,2.1999999999999997,35.0,16
14158,237004.0,-0.8,0.6000000000000001,-0.2,0.30000000000000004,2.0,9.3,-5.0,2.1999999999999997,35.0,16
14159,237009.0,-0.6000000000000001,0.6000000000000001,-0.1,0.6000000000000001,2.1,9.5,-4.300000000000001,5.4,35.5,16
14160,237026.0,-0.1,0.7000000000000001,0.30000000000000004,1.1,2.1,9.8,-3.9,7.9,34.900000000000006,16
14161,237043.0,0.30000000000000004,0.7000000000000001,0.30000000000000004,1.6,2.1,10.0,-4.1000000000000005,9.9,32.2,16
14162,237059.0,0.8,0.7000000000000001,0.5,2.0,2.1,10.100000000000001,-5.8,11.3,27.5,16
14163,237081.0,1.4000000000000001,0.8,0.6000000000000001,2.4000000000000004,2.1,10.200000000000001,-8.1,11.5,21.8,16
14164,237092.0,1.6,0.8,0.7000000000000001,2.8000000000000003,2.1,10.3,-11.3,13.100000000000001,15.9,16
14165,237109.0,2.0,0.6000000000000001,0.6000000000000001,3.1,1.9000000000000001,10.100000000000001,-13.200000000000001,17.1,9.3,16
14166,237127.0,2.1,0.6000000000000001,0.30000000000000004,3.1,1.8,9.9,-14.4,24.5,2.3000000000000003,16
14167,237142.0,1.8,0.6000000000000001,0.2,2.4000000000000004,2.0,9.8,-14.600000000000001,31.7,-2.1,16
14168,237159.0,1.0,0.9,0.2,1.6,2.1,9.9,-14.500000000000002,37.0,-3.0000000000000004,16
14169,237182.0,0.2,1.1,0.30000000000000004,0.9,2.3000000000000003,10.0,-11.3,38.1,-2.1999999999999997,16
14170,237194.0,-0.1,1.2000000000000002,0.30000000000000004,0.30000000000000004,2.4000000000000004,10.200000000000001,-6.2,36.4,-1.4,16
14171,237209.0,-0.6000000000000001,1.4000000000000001,1.1,0.0,2.6,11.100000000000001,-2.8,22.900000000000002,-1.5000000000000002,16
14172,237226.0,-0.30000000000000004,1.5,2.1,0.30000000000000004,2.7,11.8,-2.7,3.9,-1.6,16
14173,237244.0,0.5,1.3,1.7000000000000002,0.9,2.5,11.5,-0.5,-9.200000000000001,-2.3000000000000003,16
14174,237259.0,0.8,1.2000000000000002,1.6,1.4000000000000001,2.3000000000000003,11.3,3.7000000000000006,-11.8,-4.9,16
14175,237284.0,1.1,0.9,1.5,1.7000000000000002,2.0,11.200000000000001,10.9,-3.6,-7.0,16
14176,237292.0,1.1,0.9,1.5,1.7000000000000002,2.0,11.200000000000001,10.9,-3.6,-7.0,16
14177,237309.0,1.1,0.7000000000000001,1.4000000000000001,1.7000000000000002,1.9000000000000001,11.100000000000001,13.5,2.1,-5.2,16
14178,237326.0,1.2000000000000002,0.4,1.3,1.8,1.7000000000000002,11.0,16.900000000000002,6.2,-4.3999999999999995,16
14179,237343.0,1.3,0.30000000000000004,1.1,1.9000000000000001,1.5,10.8,19.500000000000004,8.600000000000001,-7.0,16
14180,237359.0,1.4000000000000001,0.0,0.9,2.0,1.3,10.5,18.3,4.300000000000001,-12.000000000000002,16
14181,237382.0,1.5,-0.4,0.4,2.1,1.1,10.0,13.5,-0.8,-16.0,16
14182,237393.0,1.5,-0.5,0.0,2.1,0.8,9.4,8.200000000000001,-2.5,-17.9,16
14183,237410.0,1.5,-0.9,-0.8,2.0,0.6000000000000001,8.9,5.300000000000001,2.6,-18.7,16
14184,237426.0,1.2000000000000002,-1.2000000000000002,-1.1,1.8,0.30000000000000004,8.6,4.2,7.6,-19.8,16
14185,237443.0,1.1,-1.3,-1.2000000000000002,1.4000000000000001,0.2,8.6,2.7,8.0,-21.3,16
14186,237459.0,0.6000000000000001,-1.4000000000000001,-1.2000000000000002,1.1,0.1,8.5,0.4,3.3000000000000003,-22.1,16
14187,237481.0,0.2,-1.5,-1.4000000000000001,0.9,0.1,8.4,-2.1999999999999997,-0.5,-21.8,16
14188,237494.0,0.1,-1.4000000000000001,-1.3,0.6000000000000001,0.1,8.4,-3.7000000000000006,-5.1,-20.1,16
14189,237509.0,0.0,-1.3,-1.2000000000000002,0.5,0.30000000000000004,8.6,-6.4,-10.3,-17.0,16
14190,237526.0,-0.2,-1.0,-0.9,0.4,0.5,8.8,-9.0,-18.1,-12.700000000000001,16
14191,237543.0,-0.1,-0.7000000000000001,-0.7000000000000001,0.5,0.7000000000000001,9.0,-10.5,-23.5,-8.200000000000001,16
14192,237559.0,-0.1,-0.6000000000000001,-0.8,0.6000000000000001,0.9,8.8,-8.0,-24.000000000000004,-5.4,16
14193,237580.0,-0.1,-0.4,-1.0,0.6000000000000001,1.0,8.700000000000001,-3.5,-18.1,-4.3999999999999995,16
14194,237593.0,-0.4,-0.30000000000000004,-1.1,0.4,1.1,8.6,1.4,-13.4,-4.800000000000001,16
14195,237610.0,-0.4,-0.30000000000000004,-1.1,0.1,1.2000000000000002,8.5,4.0,-10.700000000000001,-5.4,16
14196,237626.0,-0.8,-0.2,-1.2000000000000002,0.0,1.2000000000000002,8.4,4.6000000000000005,-11.8,-5.7,16
14197,237643.0,-0.9,-0.2,-1.4000000000000001,-0.1,1.3,8.200000000000001,2.9,-12.4,-6.4,16
14198,237661.0,-1.1,-0.1,-1.4000000000000001,-0.2,1.3,8.200000000000001,-0.9,-13.700000000000001,-8.1,16
14199,237682.0,-1.2000000000000002,0.0,-1.2000000000000002,-0.2,1.4000000000000001,8.3,-6.3,-15.6,-10.1,16
14200,237693.0,-1.1,0.0,-1.1,-0.2,1.4000000000000001,8.5,-11.5,-15.5,-11.8,16
14201,237710.0,-1.1,0.0,-0.7000000000000001,-0.1,1.3,8.9,-15.9,-15.7,-13.6,16
14202,237726.0,-1.1,0.0,-0.4,-0.1,1.3,9.4,-19.200000000000003,-15.299999999999999,-14.900000000000002,16
14203,237743.0,-1.2000000000000002,0.1,0.1,-0.2,1.3,9.700000000000001,-20.8,-14.500000000000002,-14.600000000000001,16
14204,237759.0,-1.3,0.1,0.5,-0.2,1.3,10.100000000000001,-19.0,-11.3,-12.9,16
14205,237780.0,-1.4000000000000001,0.2,1.0,-0.30000000000000004,1.3,10.5,-14.0,-7.2,-10.8,16
14206,237802.0,-1.3,0.2,1.3,-0.1,1.2000000000000002,11.100000000000001,-1.0999999999999999,-4.1000000000000005,-6.3,16
14207,237809.0,-1.3,0.2,1.3,-0.1,1.2000000000000002,11.100000000000001,-1.0999999999999999,-4.1000000000000005,-6.3,16
14208,237826.0,-0.8,0.0,1.5,0.30000000000000004,1.2000000000000002,11.200000000000001,4.5,-4.5,-6.5,16
14209,237843.0,-0.6000000000000001,0.0,1.5,0.5,1.2000000000000002,11.100000000000001,8.600000000000001,-3.2,-7.6,16
14210,237861.0,-0.4,0.0,1.3,0.7000000000000001,1.2000000000000002,10.9,11.000000000000002,0.2,-8.1,16
14211,237882.0,-0.6000000000000001,0.0,1.0,0.5,1.2000000000000002,10.700000000000001,12.4,5.300000000000001,-6.5,16
14212,237897.0,-0.7000000000000001,0.0,0.9,0.30000000000000004,1.3,10.5,13.4,9.9,-3.0000000000000004,16
14213,237909.0,-0.8,0.1,0.8,0.1,1.4000000000000001,10.5,15.9,13.6,0.2,16
14214,237928.0,-0.8,0.1,1.1,0.2,1.5,11.0,14.4,7.9,0.2,16
14215,237943.0,-0.7000000000000001,0.2,1.5,0.2,1.7000000000000002,11.100000000000001,8.200000000000001,-3.5,-0.7,16
14216,237959.0,-0.6000000000000001,0.5,1.1,0.4,1.9000000000000001,10.8,3.5,-8.9,0.9,16
14217,237981.0,-0.5,0.4,1.0,0.5,1.9000000000000001,10.700000000000001,2.6,-6.4,3.6,16
14218,237992.0,-0.4,0.4,1.1,0.5,1.8,10.8,2.6,-2.4000000000000004,5.8,16
14219,238009.0,-0.4,0.30000000000000004,1.3,0.6000000000000001,1.7000000000000002,10.9,3.5,-1.8,8.4,16
14220,238027.0,0.0,0.0,1.3,1.0,1.4000000000000001,11.0,6.4,-2.1,8.700000000000001,16
14221,238042.0,0.2,-0.2,1.3,1.4000000000000001,1.3,11.0,8.4,-4.2,6.000000000000001,16
14222,238059.0,0.8,-0.30000000000000004,1.2000000000000002,1.9000000000000001,1.2000000000000002,11.0,7.9,-5.8,2.3000000000000003,16
14223,238076.0,1.1,-0.4,1.1,2.4000000000000004,1.0,10.700000000000001,5.0,-3.5,-0.8,16
14224,238092.0,1.7000000000000002,-0.6000000000000001,0.7000000000000001,2.9000000000000004,0.8,10.3,2.4000000000000004,5.6,-2.8,16
14225,238112.0,2.1,-0.9,0.1,3.1,0.6000000000000001,9.8,1.6,19.0,-4.2,16
14226,238126.0,1.9000000000000001,-0.9,-0.1,2.8000000000000003,0.6000000000000001,9.600000000000001,3.1,29.300000000000004,-3.9,16
14227,238142.0,1.7000000000000002,-0.9,-0.2,2.6,0.6000000000000001,9.5,3.8,33.7,-2.1999999999999997,16
14228,238159.0,1.6,-0.9,-0.5,2.4000000000000004,0.6000000000000001,9.200000000000001,3.2,30.799999999999997,-0.7,16
14229,238176.0,1.4000000000000001,-0.8,-0.9,2.1,0.7000000000000001,8.9,2.3000000000000003,26.0,1.0999999999999999,16
14230,238192.0,1.3,-0.7000000000000001,-1.0,1.9000000000000001,0.9,8.700000000000001,1.4,20.8,3.6,16
14231,238210.0,1.0,-0.5,-1.2000000000000002,1.6,1.1,8.6,1.2000000000000002,14.4,6.4,16
14232,238226.0,0.7000000000000001,-0.2,-1.2000000000000002,1.4000000000000001,1.3,8.6,0.1,6.3,8.3,16
14233,238243.0,0.5,-0.1,-1.2000000000000002,1.1,1.4000000000000001,8.6,-3.3000000000000003,-3.3000000000000003,9.1,16
14234,238259.0,0.2,0.0,-1.2000000000000002,0.9,1.5,8.5,-6.9,-11.5,9.5,16
14235,238280.0,0.0,0.2,-1.4000000000000001,0.7000000000000001,1.6,8.4,-8.1,-14.600000000000001,9.9,16
14236,238295.0,-0.30000000000000004,0.1,-1.4000000000000001,0.5,1.6,8.4,-7.2,-11.5,9.600000000000001,16
14237,238309.0,-0.4,0.2,-1.4000000000000001,0.30000000000000004,1.6,8.3,-3.7000000000000006,-7.1000000000000005,8.600000000000001,16
14238,238326.0,-0.8,0.2,-1.4000000000000001,0.0,1.6,8.3,0.5,-2.0,7.8,16
14239,238342.0,-1.0,0.2,-1.4000000000000001,-0.30000000000000004,1.7000000000000002,8.3,1.6,-1.7,7.400000000000001,16
14240,238359.0,-1.4000000000000001,0.30000000000000004,-1.4000000000000001,-0.6000000000000001,1.7000000000000002,8.200000000000001,-0.30000000000000004,-4.3999999999999995,7.9,16
14241,238378.0,-1.4000000000000001,0.30000000000000004,-1.4000000000000001,-0.6000000000000001,1.7000000000000002,8.3,-4.5,-4.1000000000000005,9.4,16
14242,238395.0,-1.3,0.2,-1.2000000000000002,-0.5,1.6,8.4,-8.0,-5.4,10.9,16
14243,238409.0,-1.2000000000000002,0.1,-1.0,-0.30000000000000004,1.5,8.700000000000001,-10.8,-5.2,12.4,16
14244,238427.0,-1.1,0.0,-0.7000000000000001,-0.30000000000000004,1.3,9.0,-12.5,-5.7,14.800000000000002,16
14245,238443.0,-1.1,0.0,-0.5,-0.2,1.3,9.200000000000001,-11.9,-4.7,18.6,16
14246,238459.0,-1.1,0.1,-0.30000000000000004,-0.2,1.4000000000000001,9.5,-8.9,-2.6,22.7,16
14247,238476.0,-1.0,0.2,-0.1,-0.1,1.4000000000000001,9.600000000000001,-4.7,0.7,26.1,16
14248,238497.0,-1.0,0.30000000000000004,0.1,-0.1,1.5,9.700000000000001,0.6000000000000001,5.0,28.200000000000003,16
14249,238509.0,-1.0,0.30000000000000004,0.1,-0.2,1.6,9.8,4.9,8.5,29.300000000000004,16
14250,238526.0,-1.0,0.4,0.2,-0.1,1.7000000000000002,9.9,6.8,10.3,29.800000000000004,16
14251,238542.0,-0.9,0.5,0.30000000000000004,0.1,1.8,10.0,6.7,10.3,29.600000000000005,16
14252,238559.0,-0.4,0.5,0.30000000000000004,0.6000000000000001,1.8,10.100000000000001,3.8,10.4,28.200000000000003,16
14253,238576.0,0.2,0.6000000000000001,0.7000000000000001,1.0,1.9000000000000001,10.4,-0.30000000000000004,9.0,25.700000000000003,16
14254,238593.0,0.5,0.6000000000000001,0.8,1.5,1.9000000000000001,10.600000000000001,-3.7000000000000006,8.700000000000001,22.8,16
14255,238609.0,1.1,0.7000000000000001,1.0,1.9000000000000001,1.9000000000000001,10.700000000000001,-5.1,10.700000000000001,19.6,16
14256,238626.0,1.5,0.6000000000000001,0.8,2.2,1.9000000000000001,10.4,-4.0,15.100000000000001,15.9,16
14257,238643.0,1.4000000000000001,0.7000000000000001,0.4,2.1,2.0,10.100000000000001,1.0,25.2,12.4,16
14258,238659.0,0.9,1.0,0.30000000000000004,1.1,2.4000000000000004,10.100000000000001,8.1,33.900000000000006,11.5,16
14259,238676.0,-0.2,1.3,0.7000000000000001,0.2,2.7,10.5,12.9,33.300000000000004,11.700000000000001,16
14260,238697.0,-0.5,1.4000000000000001,1.0,-0.2,2.9000000000000004,11.100000000000001,11.6,17.400000000000002,11.6,16
14261,238709.0,-0.5,1.5,1.6,0.0,2.9000000000000004,11.4,4.7,-0.2,10.4,16
14262,238726.0,0.0,1.3,1.5,0.6000000000000001,2.7,11.200000000000001,2.1,-11.000000000000002,8.600000000000001,16
14263,238743.0,0.5,1.0,1.3,1.0,2.4000000000000004,11.0,4.7,-9.200000000000001,6.7,16
14264,238759.0,0.6000000000000001,0.7000000000000001,1.2000000000000002,1.1,2.0,10.9,9.600000000000001,-3.5,4.9,16
14265,238778.0,0.5,0.4,1.2000000000000002,1.0,1.8,11.100000000000001,13.0,2.1999999999999997,4.300000000000001,16
14266,238794.0,0.6000000000000001,0.1,1.5,1.1,1.6,11.3,13.6,0.9,4.800000000000001,16
14267,238811.0,1.4000000000000001,-0.5,1.1,1.8,1.1,11.0,10.700000000000001,-3.7000000000000006,3.0000000000000004,16
14268,238830.0,1.8,-0.7000000000000001,0.7000000000000001,2.4000000000000004,0.8,10.4,7.9,-4.0,-0.9,16
14269,238844.0,1.9000000000000001,-0.9,0.1,2.5,0.6000000000000001,9.8,6.9,2.0,-3.5,16
14270,238859.0,1.8,-1.0,-0.2,2.2,0.6000000000000001,9.5,9.200000000000001,10.2,-2.7,16
14271,238876.0,1.4000000000000001,-1.0,-0.5,1.9000000000000001,0.6000000000000001,9.200000000000001,12.3,14.500000000000002,-0.9,16
14272,238903.0,0.9,-1.1,-1.0,1.3,0.5,8.5,14.200000000000001,8.4,-0.5,16
14273,238909.0,0.9,-1.1,-1.0,1.3,0.5,8.5,14.200000000000001,8.4,-0.5,16
14274,238926.0,0.7000000000000001,-1.2000000000000002,-1.5,1.1,0.5,8.200000000000001,10.700000000000001,2.0,-2.4000000000000004,16
14275,238942.0,0.5,-1.2000000000000002,-1.6,0.9,0.6000000000000001,8.1,4.800000000000001,-4.7,-3.6,16
14276,238959.0,0.4,-1.1,-1.7000000000000002,0.9,0.6000000000000001,8.0,-0.9,-10.600000000000001,-2.9,16
14277,238976.0,0.4,-1.1,-1.6,1.0,0.6000000000000001,8.200000000000001,-4.800000000000001,-14.200000000000001,-1.8,16
14278,238992.0,0.5,-1.0,-1.3,1.1,0.7000000000000001,8.5,-8.200000000000001,-18.8,-1.5000000000000002,16
14279,239009.0,0.5,-0.9,-1.1,1.2000000000000002,0.8,8.8,-11.000000000000002,-23.5,-1.0999999999999999,16
14280,239026.0,0.5,-0.6000000000000001,-0.8,1.1,1.0,8.8,-12.5,-25.8,-0.1,16
14281,239043.0,0.2,-0.4,-0.8,1.0,1.2000000000000002,8.8,-12.4,-23.2,1.0999999999999999,16
14282,239059.0,0.1,-0.30000000000000004,-0.8,0.9,1.2000000000000002,8.9,-11.3,-17.1,0.1,16
14283,239076.0,-0.1,-0.2,-0.8,0.6000000000000001,1.3,8.9,-8.799999999999999,-11.5,-1.6,16
14284,239092.0,-0.6000000000000001,-0.1,-0.7000000000000001,0.2,1.4000000000000001,9.0,-6.8,-8.9,-1.9,16
14285,239110.0,-0.8,-0.1,-0.8,0.1,1.4000000000000001,8.8,-5.2,-9.200000000000001,-1.6,16
14286,239126.0,-0.9,-0.1,-0.9,0.1,1.3,8.700000000000001,-3.6,-8.799999999999999,-1.6,16
14287,239143.0,-0.9,-0.2,-1.0,0.1,1.3,8.6,-3.6,-10.0,-2.5,16
14288,239159.0,-0.9,-0.2,-1.1,0.1,1.2000000000000002,8.6,-5.300000000000001,-11.3,-4.1000000000000005,16
14289,239176.0,-0.9,-0.1,-1.1,0.0,1.3,8.6,-7.0,-9.200000000000001,-5.300000000000001,16
14290,239193.0,-1.3,0.0,-1.0,-0.30000000000000004,1.4000000000000001,8.700000000000001,-7.6,-6.6000000000000005,-5.0,16
14291,239216.0,-1.6,0.2,-0.6000000000000001,-0.6000000000000001,1.5,9.1,-8.3,-5.300000000000001,-3.9,16
14292,239229.0,-1.6,0.2,-0.30000000000000004,-0.5,1.6,9.4,-10.3,-8.0,-3.7000000000000006,16
14293,239243.0,-1.4000000000000001,0.2,0.1,-0.30000000000000004,1.5,9.700000000000001,-11.6,-10.5,-5.0,16
14294,239259.0,-1.2000000000000002,0.30000000000000004,0.4,-0.1,1.6,10.100000000000001,-11.700000000000001,-11.4,-6.9,16
14295,239277.0,-1.0,0.4,0.7000000000000001,0.2,1.6,10.5,-10.8,-10.1,-8.3,16
14296,239293.0,-0.6000000000000001,0.4,1.0,0.6000000000000001,1.6,10.600000000000001,-9.0,-6.7,-10.1,16
14297,239315.0,-0.30000000000000004,0.4,1.0,0.8,1.6,10.600000000000001,-5.8,0.7,-12.200000000000001,16
14298,239327.0,-0.5,0.4,0.8,0.6000000000000001,1.6,10.5,-0.2,8.0,-13.0,16
14299,239343.0,-0.6000000000000001,0.4,0.8,0.4,1.6,10.5,3.4,13.3,-12.4,16
14300,239362.0,-0.8,0.30000000000000004,0.9,0.2,1.5,10.5,3.3000000000000003,12.700000000000001,-11.5,16
14301,239386.0,-0.9,0.30000000000000004,1.1,0.0,1.5,10.700000000000001,1.3,7.9,-9.8,16
14302,239392.0,-0.9,0.30000000000000004,1.3,0.0,1.6,11.0,1.9,5.6,-6.7,16
14303,239409.0,-0.7000000000000001,0.4,1.6,0.2,1.7000000000000002,11.3,6.6000000000000005,7.6,-5.0,16
14304,239426.0,-0.5,0.4,1.9000000000000001,0.5,1.8,12.0,10.4,6.9,-8.0,16
14305,239442.0,-0.2,0.6000000000000001,2.8000000000000003,0.8,2.1,12.5,6.5,-3.1,-13.200000000000001,16
14306,239459.0,0.0,0.9,2.4000000000000004,0.9,2.2,12.100000000000001,-2.7,-9.200000000000001,-15.000000000000002,16
14307,239476.0,0.2,0.9,2.2,1.3,2.2,11.9,-8.1,-4.3999999999999995,-12.8,16
14308,239492.0,0.5,0.7000000000000001,2.1,1.4000000000000001,1.9000000000000001,11.8,-6.3,9.4,-10.5,16
14309,239512.0,0.7000000000000001,0.4,1.8,1.6,1.7000000000000002,11.600000000000001,1.9,21.8,-8.5,16
14310,239526.0,0.9,0.1,1.6,1.6,1.5,11.4,12.6,32.0,-8.600000000000001,16
14311,239544.0,1.0,0.0,1.4000000000000001,1.8,1.3,11.0,19.200000000000003,30.5,-12.5,16
14312,239559.0,1.6,-0.30000000000000004,0.5,2.2,1.2000000000000002,10.100000000000001,22.2,28.6,-17.8,16
14313,239577.0,1.9000000000000001,-0.5,-0.7000000000000001,2.4000000000000004,1.0,9.1,22.2,28.8,-24.200000000000003,16
14314,239593.0,1.9000000000000001,-0.5,-0.7000000000000001,2.4000000000000004,1.0,9.1,22.2,28.8,-24.200000000000003,16
14315,239610.0,1.7000000000000002,-0.7000000000000001,-1.8,1.9000000000000001,0.9,7.9,12.9,31.5,-34.300000000000004,16
14316,239626.0,1.2000000000000002,-0.7000000000000001,-2.0,1.4000000000000001,1.0,7.7,6.1000000000000005,28.900000000000002,-34.300000000000004,16
14317,239645.0,0.9,-0.7000000000000001,-2.0,1.0,1.0,7.7,-2.8,19.9,-31.2,16
14318,239659.0,0.8,-0.7000000000000001,-2.0,0.9,0.9,7.7,-11.5,8.9,-28.0,16
14319,239676.0,0.7000000000000001,-0.7000000000000001,-1.9000000000000001,0.8,0.8,7.800000000000001,-17.599999999999998,-1.8,-25.0,16
14320,239693.0,0.6000000000000001,-0.7000000000000001,-1.8,0.6000000000000001,0.8,8.1,-19.700000000000003,-11.000000000000002,-21.900000000000002,16
14321,239709.0,0.2,-0.6000000000000001,-1.4000000000000001,0.30000000000000004,0.9,8.4,-18.900000000000002,-19.6,-18.0,16
14322,239726.0,-0.30000000000000004,-0.4,-0.9,-0.1,1.0,8.9,-18.6,-28.700000000000003,-13.6,16
14323,239744.0,-0.5,-0.30000000000000004,-0.6000000000000001,-0.2,1.1,9.200000000000001,-18.6,-37.1,-8.3,16
14324,239759.0,-0.5,-0.30000000000000004,-0.4,-0.1,1.0,9.3,-17.5,-37.4,-4.9,16
14325,239776.0,-0.6000000000000001,-0.30000000000000004,-0.4,-0.1,1.0,9.3,-13.9,-29.300000000000004,-3.6,16
14326,239793.0,-0.8,-0.2,-0.4,-0.4,1.0,9.4,-9.600000000000001,-18.400000000000002,-2.4000000000000004,16
14327,239809.0,-1.2000000000000002,-0.1,-0.2,-0.8,1.1,9.5,-6.3,-10.0,-0.30000000000000004,16
14328,239826.0,-1.6,0.0,-0.2,-1.1,1.2000000000000002,9.5,-4.300000000000001,-5.500000000000001,2.1,16
14329,239843.0,-1.7000000000000002,0.0,-0.30000000000000004,-1.2000000000000002,1.2000000000000002,9.3,-3.5,-3.1,4.800000000000001,16
14330,239859.0,-1.8,0.1,-0.5,-1.2000000000000002,1.3,9.1,-3.1,-1.9,8.4,16
14331,239883.0,-1.8,0.2,-0.7000000000000001,-1.0,1.4000000000000001,9.0,-2.7,1.0,17.3,16
14332,239892.0,-1.7000000000000002,0.2,-0.7000000000000001,-1.0,1.4000000000000001,9.0,-2.7,1.0,17.3,16
14333,239910.0,-1.5,0.2,-0.7000000000000001,-0.8,1.4000000000000001,9.0,-0.8,1.0,21.900000000000002,16
14334,239926.0,-1.2000000000000002,0.30000000000000004,-0.7000000000000001,-0.6000000000000001,1.4000000000000001,9.0,2.9,2.1999999999999997,25.8,16
14335,239942.0,-1.0,0.4,-0.7000000000000001,-0.5,1.6,9.0,8.4,3.6,28.900000000000002,16
14336,239959.0,-1.0,0.5,-0.7000000000000001,-0.5,1.7000000000000002,8.9,13.100000000000001,5.7,31.2,16
14337,239985.0,-0.9,0.7000000000000001,-0.8,-0.30000000000000004,2.1,9.0,14.3,4.800000000000001,32.300000000000004,16
14338,239993.0,-0.9,0.8,-0.7000000000000001,-0.30000000000000004,2.1,9.0,14.3,4.800000000000001,32.300000000000004,16
14339,240014.0,-0.5,0.9,-0.6000000000000001,-0.1,2.2,9.0,9.3,1.2000000000000002,31.2,16
14340,240026.0,-0.30000000000000004,0.9,-0.4,0.4,2.2,9.3,3.3000000000000003,-0.4,29.400000000000002,16
14341,240042.0,0.30000000000000004,0.8,0.1,0.9,2.1,9.700000000000001,-2.4000000000000004,-2.8,26.700000000000003,16
14342,240059.0,0.6000000000000001,0.8,0.4,1.5,2.1,10.200000000000001,-6.3,-4.9,23.5,16
14343,240165.0,0.7000000000000001,1.2000000000000002,2.7,1.3,2.5,12.5,3.1,-6.6000000000000005,14.100000000000001,16
14344,240194.0,1.0,0.9,2.6,1.6,2.3000000000000003,12.4,4.0,-9.600000000000001,8.799999999999999,16
14345,240209.0,1.0,0.6000000000000001,2.3000000000000003,1.7000000000000002,1.9000000000000001,12.0,5.500000000000001,-1.0,2.1999999999999997,16
14346,240226.0,1.0,0.4,2.1,1.8,1.6,11.8,8.700000000000001,5.8,3.9,16
14347,240242.0,1.3,-0.1,1.6,2.1,1.3,11.4,12.9,11.5,6.000000000000001,16
14348,240259.0,1.4000000000000001,-0.4,1.1,2.0,1.0,10.9,19.6,16.0,7.300000000000001,16
14349,240287.0,1.3,-0.7000000000000001,0.4,1.9000000000000001,0.8,10.4,24.400000000000002,16.6,6.7,16
14350,240292.0,1.2000000000000002,-0.8,0.0,1.8,0.7000000000000001,9.700000000000001,26.6,14.800000000000002,5.0,16
14351,240309.0,1.2000000000000002,-1.0,-0.4,1.7000000000000002,0.6000000000000001,9.0,27.3,14.600000000000001,2.4000000000000004,16
14352,240326.0,1.0,-1.1,-1.1,1.5,0.5,8.6,24.200000000000003,13.200000000000001,-0.5,16
14353,240343.0,0.9,-1.3,-1.3,1.4000000000000001,0.5,8.4,17.200000000000003,8.5,-3.3000000000000003,16
14354,240359.0,0.9,-1.4000000000000001,-1.4000000000000001,1.5,0.4,8.3,7.500000000000001,2.7,-5.4,16
14355,240381.0,1.0,-1.4000000000000001,-1.3,1.5,0.30000000000000004,8.4,-1.4,-3.1,-6.6000000000000005,16
14356,240393.0,1.2000000000000002,-1.5,-1.2000000000000002,1.8,0.30000000000000004,8.6,-8.9,-7.699999999999999,-7.500000000000001,16
14357,240410.0,1.3,-1.5,-1.1,1.9000000000000001,0.30000000000000004,8.700000000000001,-14.4,-11.000000000000002,-7.9,16
14358,240426.0,1.3,-1.3,-1.0,1.9000000000000001,0.30000000000000004,8.6,-16.0,-9.8,-6.9,16
14359,240443.0,1.2000000000000002,-1.2000000000000002,-1.2000000000000002,1.7000000000000002,0.4,8.5,-13.5,-4.2,-5.4,16
14360,240459.0,0.9,-1.1,-1.3,1.7000000000000002,0.4,8.5,-7.2,1.6,-3.0000000000000004,16
14361,240481.0,-0.1,-0.6000000000000001,-1.3,0.7000000000000001,0.9,8.4,-1.0,3.1,-0.6000000000000001,16
14362,240492.0,-0.30000000000000004,-0.5,-1.5,0.30000000000000004,1.1,8.200000000000001,2.9,0.5,1.2000000000000002,16
14363,240509.0,-0.5,-0.30000000000000004,-1.7000000000000002,0.1,1.3,8.0,4.300000000000001,-4.3999999999999995,1.8,16
14364,240526.0,-0.5,-0.2,-1.8,0.0,1.4000000000000001,7.800000000000001,2.5,-7.8,0.30000000000000004,16
14365,240542.0,-0.7000000000000001,0.0,-1.8,0.0,1.5,7.9,-0.5,-12.5,-1.9,16
14366,240559.0,-0.7000000000000001,0.0,-1.6,0.1,1.6,8.0,-5.500000000000001,-17.8,-4.9,16
14367,240580.0,-0.5,0.1,-1.3,0.30000000000000004,1.6,8.200000000000001,-11.4,-22.3,-8.600000000000001,16
14368,240598.0,-0.4,0.1,-0.8,0.4,1.6,8.700000000000001,-16.700000000000003,-24.200000000000003,-11.8,16
14369,240609.0,-0.4,0.1,-0.8,0.5,1.6,9.1,-16.700000000000003,-24.200000000000003,-11.8,16
14370,240626.0,-0.4,0.2,-0.30000000000000004,0.5,1.6,9.4,-16.5,-15.7,-15.100000000000001,16
14371,240642.0,-0.6000000000000001,0.2,-0.1,0.30000000000000004,1.6,9.5,-10.2,-7.1000000000000005,-16.8,16
14372,240659.0,-1.0,0.30000000000000004,0.1,-0.1,1.7000000000000002,9.700000000000001,-2.5,1.5000000000000002,-18.1,16
14373,240681.0,-1.4000000000000001,0.4,0.4,-0.5,1.7000000000000002,10.0,2.9,4.6000000000000005,-18.8,16
14374,240701.0,-1.5,0.30000000000000004,0.4,-0.7000000000000001,1.7000000000000002,10.100000000000001,4.7,1.8,-19.0,16
14375,240709.0,-1.5,0.30000000000000004,0.4,-0.6000000000000001,1.7000000000000002,10.100000000000001,4.800000000000001,-1.5000000000000002,-18.6,16
14376,240726.0,-1.3,0.1,0.6000000000000001,-0.5,1.6,10.200000000000001,2.8,-5.0,-17.599999999999998,16
14377,240742.0,-1.3,0.1,0.7000000000000001,-0.4,1.5,10.5,-1.0,-8.799999999999999,-16.6,16
14378,240759.0,-1.2000000000000002,0.0,1.1,-0.30000000000000004,1.4000000000000001,10.8,-4.7,-11.4,-14.4,16
14379,240778.0,-1.1,-0.1,1.4000000000000001,-0.2,1.4000000000000001,11.0,-6.5,-11.2,-10.600000000000001,16
14380,240793.0,-1.0,-0.1,1.5,-0.1,1.3,11.200000000000001,-3.9,-5.500000000000001,-6.1000000000000005,16
14381,240809.0,-0.9,-0.1,1.5,0.0,1.3,11.200000000000001,4.800000000000001,4.800000000000001,-3.2,16
14382,240826.0,-0.8,-0.1,1.9000000000000001,0.0,1.4000000000000001,11.5,14.800000000000002,13.8,-4.0,16
14383,240842.0,-0.9,0.0,2.3000000000000003,-0.1,1.7000000000000002,12.100000000000001,14.800000000000002,9.1,-7.400000000000001,16
14384,240860.0,-0.7000000000000001,0.5,2.4000000000000004,0.1,2.1,12.0,7.9,-0.5,-7.6,16
14385,240881.0,-0.1,0.7000000000000001,1.9000000000000001,0.7000000000000001,2.2,11.600000000000001,1.4,-2.0,-4.7,16
14386,240896.0,0.6000000000000001,0.5,1.7000000000000002,1.2000000000000002,2.1,11.5,-0.30000000000000004,4.800000000000001,-2.3000000000000003,16
14387,240909.0,0.9,0.4,1.7000000000000002,1.8,1.9000000000000001,11.4,1.0,10.5,-2.7,16
14388,240926.0,1.5,0.2,1.8,2.3000000000000003,1.8,11.600000000000001,5.0,13.700000000000001,-4.9,16
14389,240943.0,1.8,0.1,1.7000000000000002,2.7,1.6,11.3,9.5,12.100000000000001,-9.1,16
14390,240959.0,2.3000000000000003,-0.1,1.1,3.0,1.5,10.600000000000001,12.5,11.4,-14.4,16
14391,240984.0,2.3000000000000003,-0.4,-0.6000000000000001,3.0,1.4000000000000001,9.600000000000001,14.500000000000002,14.500000000000002,-19.400000000000002,16
14392,241008.0,2.0,-0.6000000000000001,-1.4000000000000001,2.4000000000000004,1.2000000000000002,8.3,13.6,25.8,-25.1,16
14393,241009.0,2.0,-0.6000000000000001,-1.4000000000000001,2.4000000000000004,1.2000000000000002,8.3,13.6,25.8,-25.1,16
14394,241026.0,1.4000000000000001,-0.6000000000000001,-1.6,1.9000000000000001,1.1,8.1,9.600000000000001,23.0,-25.0,16
14395,241042.0,1.2000000000000002,-0.6000000000000001,-1.7000000000000002,1.5,1.1,8.0,1.8,15.000000000000002,-23.3,16
14396,241059.0,0.9,-0.7000000000000001,-1.7000000000000002,1.3,1.1,7.9,-7.1000000000000005,3.2,-21.1,16
14397,241080.0,0.8,-0.7000000000000001,-1.8,1.2000000000000002,1.0,7.9,-14.700000000000001,-6.6000000000000005,-19.200000000000003,16
14398,241095.0,0.5,-0.7000000000000001,-1.6,1.0,1.0,8.0,-18.400000000000002,-11.9,-16.900000000000002,16
14399,241109.0,0.30000000000000004,-0.6000000000000001,-1.4000000000000001,0.7000000000000001,1.0,8.4,-17.400000000000002,-16.1,-13.5,16
14400,241126.0,0.0,-0.5,-0.8,0.5,1.1,9.0,-15.299999999999999,-21.3,-10.4,16
14401,241142.0,0.0,-0.4,-0.5,0.6000000000000001,1.1,9.200000000000001,-13.8,-28.700000000000003,-9.0,16
14402,241159.0,0.0,-0.4,-0.5,0.6000000000000001,1.1,9.200000000000001,-13.8,-28.700000000000003,-9.0,16
14403,241177.0,-0.30000000000000004,-0.2,-0.8,0.4,1.3,8.9,-11.1,-26.0,-9.200000000000001,16
14404,241193.0,-0.5,-0.2,-0.8,0.1,1.3,8.8,-9.8,-17.400000000000002,-8.1,16
14405,241209.0,-1.0,-0.1,-0.8,-0.4,1.4000000000000001,8.9,-9.5,-11.2,-5.7,16
14406,241226.0,-1.5,0.1,-0.7000000000000001,-0.7000000000000001,1.5,9.0,-10.1,-8.799999999999999,-3.0000000000000004,16
14407,241243.0,-1.7000000000000002,0.2,-0.7000000000000001,-0.8,1.5,9.0,-10.9,-9.3,-0.6000000000000001,16
14408,241259.0,-1.7000000000000002,0.2,-0.8,-0.9,1.5,8.9,-11.700000000000001,-9.8,1.6,16
14409,241277.0,-1.7000000000000002,0.2,-0.9,-0.8,1.4000000000000001,8.8,-11.000000000000002,-8.5,3.7000000000000006,16
14410,241293.0,-1.6,0.1,-0.8,-0.8,1.4000000000000001,8.8,-8.700000000000001,-5.9,6.4,16
14411,241309.0,-1.6,0.2,-0.7000000000000001,-0.6000000000000001,1.4000000000000001,9.0,-5.500000000000001,-5.0,10.4,16
14412,241326.0,-1.2000000000000002,0.1,-0.5,-0.2,1.4000000000000001,9.1,-2.9,-6.5,13.700000000000001,16
14413,241343.0,-0.8,0.1,-0.6000000000000001,0.2,1.3,9.0,-1.0,-7.2,15.399999999999999,16
14414,241359.0,-0.7000000000000001,0.2,-0.6000000000000001,0.30000000000000004,1.4000000000000001,9.0,2.4000000000000004,-3.1,17.0,16
14415,241378.0,-0.7000000000000001,0.30000000000000004,-0.6000000000000001,0.2,1.6,9.0,7.2,3.3000000000000003,19.400000000000002,16
14416,241393.0,-0.9,0.5,-0.5,0.1,1.8,9.200000000000001,10.600000000000001,7.6,21.400000000000002,16
14417,241409.0,-0.8,0.6000000000000001,-0.4,0.1,2.0,9.3,11.5,10.4,21.5,16
14418,241426.0,-0.7000000000000001,0.7000000000000001,-0.1,0.1,2.0,9.5,7.699999999999999,8.4,19.400000000000002,16
14419,241443.0,-0.6000000000000001,0.7000000000000001,0.0,0.1,2.0,9.5,7.699999999999999,8.4,19.400000000000002,16
14420,241461.0,0.0,0.5,0.6000000000000001,0.7000000000000001,1.9000000000000001,10.100000000000001,-6.4,-1.0999999999999999,13.4,16
14421,241477.0,0.2,0.6000000000000001,0.9,1.1,1.9000000000000001,10.600000000000001,-12.000000000000002,-2.7,12.5,16
14422,241494.0,0.6000000000000001,0.6000000000000001,1.2000000000000002,1.5,1.9000000000000001,10.8,-12.5,-2.0,14.500000000000002,16
14423,241509.0,0.8,0.5,1.2000000000000002,1.7000000000000002,1.8,10.700000000000001,-7.6,5.0,17.0,16
14424,241526.0,0.6000000000000001,0.7000000000000001,0.9,1.3,2.0,10.5,3.6,18.8,17.9,16
14425,241544.0,0.1,0.9,0.9,0.7000000000000001,2.2,10.700000000000001,16.3,29.900000000000006,16.900000000000002,16
14426,241559.0,-0.30000000000000004,1.0,1.3,0.0,2.4000000000000004,11.4,20.1,23.3,13.700000000000001,16
14427,241587.0,-0.5,1.0,1.7000000000000002,0.0,2.5,11.5,10.600000000000001,4.300000000000001,9.4,16
14428,241592.0,-0.4,0.9,1.5,0.30000000000000004,2.3000000000000003,11.100000000000001,-0.2,-4.9,7.8,16
14429,241609.0,-0.2,0.7000000000000001,1.3,0.6000000000000001,1.9000000000000001,11.0,-8.600000000000001,-4.2,9.1,16
14430,241626.0,0.1,0.2,1.3,0.9,1.4000000000000001,11.0,-13.0,5.6,11.9,16
14431,241642.0,0.2,-0.2,1.4000000000000001,0.8,1.1,11.100000000000001,-11.2,16.5,16.1,16
14432,241659.0,0.30000000000000004,-0.6000000000000001,1.5,0.8,0.8,11.3,-3.7000000000000006,23.5,20.1,16
14433,241676.0,0.4,-0.6000000000000001,1.6,1.1,0.6000000000000001,11.4,4.2,23.5,22.7,16
14434,241692.0,0.9,-1.0,1.5,1.5,0.30000000000000004,11.100000000000001,10.600000000000001,17.8,23.3,16
14435,241709.0,1.2000000000000002,-1.1,1.2000000000000002,1.5,0.30000000000000004,11.100000000000001,10.600000000000001,17.8,23.3,16
14436,241725.0,1.6,-1.0,0.8,2.1,0.4,10.4,24.1,13.5,20.0,16
14437,241742.0,1.7000000000000002,-1.0,0.30000000000000004,2.0,0.6000000000000001,10.0,27.400000000000002,13.9,18.8,16
14438,241759.0,1.5,-0.9,0.1,2.0,0.6000000000000001,10.0,27.400000000000002,13.9,18.8,16
14439,241775.0,1.9000000000000001,-0.5,0.0,1.7000000000000002,1.0,9.4,23.3,11.9,17.8,16
14440,241792.0,1.5,-0.8,-0.8,1.7000000000000002,0.9,8.9,13.5,8.1,13.200000000000001,16
14441,241810.0,1.1,-0.6000000000000001,-1.0,1.4000000000000001,1.1,8.700000000000001,2.3000000000000003,4.5,8.9,16
14442,241826.0,0.9,-0.5,-1.0,1.1,1.2000000000000002,8.9,-7.500000000000001,0.5,6.9,16
14443,241842.0,0.5,-0.30000000000000004,-0.6000000000000001,0.9,1.3,9.1,-13.5,-4.7,7.8,16
14444,241859.0,0.5,-0.30000000000000004,-0.5,0.9,1.3,9.200000000000001,-15.100000000000001,-8.3,9.1,16
14445,241876.0,0.5,-0.30000000000000004,-0.5,1.0,1.2000000000000002,9.1,-13.0,-9.0,8.9,16
14446,241893.0,0.5,-0.30000000000000004,-0.8,0.9,1.3,8.8,-8.4,-7.300000000000001,7.6,16
14447,241915.0,0.1,-0.1,-1.1,0.6000000000000001,1.4000000000000001,8.6,-3.1,-5.300000000000001,6.8,16
14448,241927.0,-0.30000000000000004,0.0,-1.4000000000000001,0.30000000000000004,1.4000000000000001,8.4,-0.1,-5.1,6.9,16
14449,241942.0,-0.4,0.1,-1.5,0.0,1.5,8.200000000000001,1.2000000000000002,-4.5,7.9,16
14450,241959.0,-0.6000000000000001,0.0,-1.6,0.0,1.5,8.1,1.5000000000000002,-5.7,8.5,16
14451,241976.0,-0.6000000000000001,0.0,-1.6,0.0,1.4000000000000001,8.200000000000001,3.4,-11.000000000000002,8.200000000000001,16
14452,241994.0,-0.6000000000000001,-0.1,-1.7000000000000002,0.0,1.4000000000000001,8.0,2.3000000000000003,-9.9,5.1,16
14453,242009.0,-0.6000000000000001,-0.1,-1.5,0.0,1.4000000000000001,8.1,-1.0999999999999999,-7.8,1.5000000000000002,16
14454,242026.0,-0.7000000000000001,0.0,-1.3,-0.1,1.5,8.3,-2.7,-7.400000000000001,-0.1,16
14455,242042.0,-0.8,0.1,-1.2000000000000002,-0.2,1.5,8.5,-7.1000000000000005,-7.6,-0.4,16
14456,242059.0,-0.7000000000000001,0.1,-0.8,0.0,1.5,8.8,-10.3,-7.6,-0.9,16
14457,242076.0,-0.6000000000000001,0.1,-0.6000000000000001,0.1,1.5,9.0,-8.700000000000001,-4.300000000000001,-2.5,16
14458,242092.0,-0.7000000000000001,0.1,-0.30000000000000004,0.0,1.5,9.4,-4.2,1.3,-4.3999999999999995,16
14459,242112.0,-0.8,0.1,0.1,-0.2,1.5,9.700000000000001,-0.5,3.5,-7.0,16
14460,242126.0,-1.0,0.2,0.30000000000000004,-0.30000000000000004,1.6,9.9,0.7,2.1,-9.200000000000001,16
14461,242142.0,-0.9,0.30000000000000004,0.30000000000000004,-0.30000000000000004,1.7000000000000002,10.0,-1.3,-0.7,-8.799999999999999,16
14462,242159.0,-0.8,0.2,0.5,-0.1,1.6,10.200000000000001,-3.3000000000000003,-2.7,-8.200000000000001,16
14463,242176.0,-0.5,0.2,0.8,0.1,1.5,10.4,-3.2,-3.4,-7.6,16
14464,242192.0,-0.5,0.1,0.8,0.1,1.5,10.600000000000001,-0.4,0.5,-6.9,16
14465,242209.0,-0.6000000000000001,0.1,1.2000000000000002,-0.1,1.5,10.9,3.2,2.9,-5.1,16
14466,242226.0,-0.7000000000000001,0.1,1.4000000000000001,-0.1,1.6,11.0,6.9,5.7,-2.4000000000000004,16
14467,242242.0,-0.7000000000000001,0.2,1.5,-0.1,1.6,11.3,11.2,6.8,-1.6,16
14468,242259.0,-0.8,0.1,1.9000000000000001,-0.2,1.7000000000000002,11.600000000000001,10.600000000000001,2.6,-3.3000000000000003,16
14469,242276.0,-0.4,0.30000000000000004,2.2,0.2,1.8,11.9,5.4,-5.0,-5.0,16
14470,242292.0,-0.30000000000000004,0.30000000000000004,2.0,0.30000000000000004,1.9000000000000001,11.700000000000001,-1.8,-4.3999999999999995,-3.8,16
14471,242309.0,-0.1,0.5,1.9000000000000001,0.5,1.9000000000000001,11.4,-2.7,3.1,0.9,16
14472,242326.0,-0.1,0.30000000000000004,1.5,0.5,1.8,11.200000000000001,-1.7,9.700000000000001,5.4,16
14473,242343.0,0.2,0.2,1.6,0.9,1.7000000000000002,11.3,0.7,9.200000000000001,6.8,16
14474,242359.0,0.7000000000000001,-0.1,2.0,1.3,1.4000000000000001,11.700000000000001,7.300000000000001,9.0,3.8,16
14475,242377.0,1.2000000000000002,-0.4,1.8,1.7000000000000002,1.1,11.5,10.3,3.1,-2.4000000000000004,16
14476,242392.0,1.5,-0.4,1.5,2.2,1.0,10.8,11.700000000000001,3.0000000000000004,-8.0,16
14477,242409.0,2.0,-0.7000000000000001,0.4,2.6,0.8,9.9,11.9,9.8,-12.4,16
14478,242426.0,2.0,-0.9,-0.30000000000000004,2.4000000000000004,0.7000000000000001,9.4,11.9,18.7,-15.8,16
14479,242442.0,1.8,-0.9,-0.4,1.9000000000000001,0.7000000000000001,9.200000000000001,9.700000000000001,21.700000000000003,-17.7,16
14480,242460.0,1.3,-0.9,-0.9,1.5,0.8,8.8,3.3000000000000003,16.1,-19.200000000000003,16
14481,242476.0,1.1,-0.8,-1.3,1.3,0.8,8.4,-2.5,11.6,-19.1,16
14482,242493.0,0.8,-0.7000000000000001,-1.2000000000000002,1.0,0.9,8.6,-9.3,5.9,-17.400000000000002,16
14483,242509.0,0.7000000000000001,-0.6000000000000001,-1.3,0.9,1.0,8.4,-13.8,-1.2000000000000002,-14.0,16
14484,242526.0,0.6000000000000001,-0.5,-1.3,0.9,1.1,8.4,-15.9,-6.6000000000000005,-10.700000000000001,16
14485,242542.0,0.5,-0.4,-1.1,0.8,1.1,8.6,-16.900000000000002,-11.6,-8.200000000000001,16
14486,242559.0,0.4,-0.30000000000000004,-1.0,0.6000000000000001,1.2000000000000002,8.9,-18.400000000000002,-18.400000000000002,-6.2,16
14487,242576.0,0.2,-0.1,-0.6000000000000001,0.6000000000000001,1.3,9.1,-17.9,-24.3,-4.5,16
14488,242593.0,0.1,-0.1,-0.6000000000000001,0.6000000000000001,1.3,9.200000000000001,-17.3,-26.0,-4.0,16
14489,242609.0,-0.1,0.0,-0.6000000000000001,0.30000000000000004,1.4000000000000001,9.0,-14.900000000000002,-20.900000000000002,-2.9,16
14490,242626.0,-0.5,0.2,-0.9,0.0,1.5,8.700000000000001,-10.4,-12.000000000000002,-0.30000000000000004,16
14491,242642.0,-0.8,0.30000000000000004,-1.0,-0.2,1.6,8.700000000000001,-5.7,-5.0,2.6,16
14492,242660.0,-0.8,0.30000000000000004,-1.1,-0.30000000000000004,1.5,8.6,-2.9,-2.3000000000000003,2.8,16
14493,242676.0,-1.0,0.30000000000000004,-1.2000000000000002,-0.4,1.6,8.5,-1.6,-1.6,1.6,16
14494,242692.0,-1.1,0.30000000000000004,-1.3,-0.4,1.6,8.5,-1.6,-1.6,1.6,16
14495,242709.0,-1.2000000000000002,0.4,-1.5,-0.6000000000000001,1.6,8.200000000000001,-2.6,-0.30000000000000004,2.7,16
14496,242726.0,-1.2000000000000002,0.30000000000000004,-1.4000000000000001,-0.6000000000000001,1.5,8.3,-4.9,-1.4,3.7000000000000006,16
14497,242742.0,-1.1,0.4,-1.2000000000000002,-0.5,1.6,8.5,-6.8,-2.3000000000000003,5.2,16
14498,242759.0,-0.9,0.30000000000000004,-1.1,-0.30000000000000004,1.5,8.6,-8.600000000000001,-2.1,6.9,16
14499,242776.0,-0.9,0.30000000000000004,-0.9,-0.30000000000000004,1.5,8.9,-8.9,0.5,8.9,16
14500,242793.0,-1.0,0.4,-0.4,-0.4,1.5,9.3,-7.2,1.8,11.5,16
14501,242810.0,-1.0,0.4,-0.2,-0.4,1.5,9.600000000000001,-5.500000000000001,1.0,13.5,16
14502,242826.0,-0.9,0.4,0.2,-0.2,1.6,10.0,-3.8,-0.4,14.900000000000002,16
14503,242842.0,-0.5,0.6000000000000001,0.6000000000000001,0.1,1.7000000000000002,10.3,-1.4,0.8,16.3,16
14504,242859.0,-0.30000000000000004,0.6000000000000001,0.7000000000000001,0.5,1.7000000000000002,10.600000000000001,0.6000000000000001,2.8,16.6,16
14505,242876.0,0.2,0.6000000000000001,1.0,0.8,1.7000000000000002,10.8,0.30000000000000004,4.0,15.000000000000002,16
14506,242893.0,0.6000000000000001,0.6000000000000001,1.3,1.2000000000000002,1.7000000000000002,11.0,-1.3,5.500000000000001,12.5,16
14507,242909.0,1.0,0.6000000000000001,1.6,1.6,1.7000000000000002,11.3,-3.3000000000000003,8.0,10.600000000000001,16
14508,242926.0,1.2000000000000002,0.6000000000000001,1.6,1.8,1.7000000000000002,11.200000000000001,-2.4000000000000004,15.6,10.1,16
14509,242942.0,1.1,0.7000000000000001,1.4000000000000001,1.4000000000000001,1.9000000000000001,11.100000000000001,3.8,28.0,11.3,16
14510,242959.0,0.6000000000000001,1.0,1.4000000000000001,0.7000000000000001,2.2,11.3,15.100000000000001,39.8,13.200000000000001,16
14511,242988.0,-0.1,1.0,1.9000000000000001,-0.1,2.2,11.600000000000001,19.500000000000004,34.2,11.2,16
14512,242992.0,-0.30000000000000004,1.0,1.9000000000000001,-0.1,2.2,11.600000000000001,15.000000000000002,19.1,7.0,16
14513,243009.0,-0.30000000000000004,0.9,1.6,-0.1,2.2,11.600000000000001,15.000000000000002,19.1,7.0,16
14514,243025.0,-0.4,0.7000000000000001,1.1,-0.2,1.8,10.8,3.7000000000000006,9.8,7.0,16
14515,243042.0,-0.1,0.2,0.9,0.0,1.5,10.700000000000001,2.3000000000000003,13.0,9.9,16
14516,243059.0,-0.2,-0.2,0.8,-0.2,1.1,10.600000000000001,4.800000000000001,20.7,12.8,16
14517,243080.0,-0.1,-0.4,1.2000000000000002,-0.1,1.0,10.9,8.700000000000001,17.8,13.700000000000001,16
14518,243092.0,0.30000000000000004,-0.6000000000000001,1.2000000000000002,0.5,0.7000000000000001,11.0,10.1,10.2,12.8,16
14519,243109.0,1.2000000000000002,-0.9,1.0,1.2000000000000002,0.5,10.8,8.799999999999999,2.1,11.1,16
14520,243126.0,1.4000000000000001,-0.9,0.8,1.6,0.4,10.5,10.5,0.1,11.000000000000002,16
14521,243142.0,1.9000000000000001,-1.1,0.4,1.9000000000000001,0.4,10.100000000000001,13.700000000000001,4.0,11.8,16
14522,243159.0,1.8,-1.0,0.0,1.8,0.5,9.700000000000001,16.5,10.0,13.200000000000001,16
14523,243178.0,1.6,-0.9,-0.30000000000000004,1.6,0.6000000000000001,9.5,19.400000000000002,12.200000000000001,12.9,16
14524,243192.0,1.5,-0.9,-0.4,1.4000000000000001,0.7000000000000001,9.200000000000001,19.700000000000003,8.9,9.8,16
14525,243209.0,1.2000000000000002,-0.8,-1.0,1.1,0.9,8.700000000000001,17.9,4.5,5.4,16
14526,243226.0,0.9,-0.6000000000000001,-1.2000000000000002,0.9,1.0,8.5,13.700000000000001,0.2,1.6,16
14527,243242.0,0.7000000000000001,-0.6000000000000001,-1.1,0.7000000000000001,1.1,8.6,6.5,-7.2,-1.6,16
14528,243259.0,0.7000000000000001,-0.5,-1.1,0.7000000000000001,1.2000000000000002,8.6,-2.1,-14.800000000000002,-3.7000000000000006,16
14529,243282.0,0.7000000000000001,-0.30000000000000004,-1.1,0.8,1.3,8.6,-9.200000000000001,-19.200000000000003,-4.5,16
14530,243292.0,0.7000000000000001,-0.30000000000000004,-1.2000000000000002,0.7000000000000001,1.4000000000000001,8.5,-13.200000000000001,-17.400000000000002,-3.8,16
14531,243309.0,0.30000000000000004,-0.2,-1.1,0.5,1.4000000000000001,8.6,-13.8,-14.3,-2.7,16
14532,243326.0,-0.1,-0.2,-1.0,0.2,1.3,8.700000000000001,-11.2,-13.700000000000001,-1.6,16
14533,243343.0,-0.30000000000000004,-0.2,-1.0,-0.1,1.3,8.700000000000001,-5.9,-14.800000000000002,-0.4,16
14534,243359.0,-0.4,-0.30000000000000004,-1.3,-0.1,1.3,8.4,-1.0,-17.0,0.6000000000000001,16
14535,243381.0,-0.5,-0.30000000000000004,-1.6,-0.1,1.3,8.1,2.5,-17.599999999999998,1.4,16
14536,243392.0,-0.5,-0.2,-1.7000000000000002,-0.1,1.3,8.0,3.0000000000000004,-16.400000000000002,2.0,16
14537,243409.0,-0.5,-0.2,-1.6,0.0,1.4000000000000001,8.1,1.9,-15.000000000000002,1.8,16
14538,243426.0,-0.4,-0.1,-1.5,0.0,1.4000000000000001,8.200000000000001,0.6000000000000001,-13.0,0.5,16
14539,243442.0,-0.4,-0.1,-1.4000000000000001,0.0,1.5,8.3,-1.7,-11.1,-2.1,16
14540,243459.0,-0.6000000000000001,0.1,-1.2000000000000002,-0.1,1.6,8.4,-4.5,-9.8,-4.7,16
14541,243484.0,-0.7000000000000001,0.2,-1.0,-0.1,1.7000000000000002,8.6,-7.500000000000001,-8.1,-6.9,16
14542,243493.0,-0.8,0.30000000000000004,-0.9,-0.30000000000000004,1.8,8.8,-8.5,-3.1,-9.0,16
14543,243509.0,-1.0,0.4,-0.6000000000000001,-0.6000000000000001,1.9000000000000001,9.0,-6.6000000000000005,2.6,-10.9,16
14544,243526.0,-1.3,0.4,-0.1,-0.9,1.9000000000000001,9.5,-3.5,5.300000000000001,-12.6,16
14545,243542.0,-1.5,0.5,0.30000000000000004,-1.0,2.0,10.0,-2.4000000000000004,1.3,-13.5,16
14546,243559.0,-1.4000000000000001,0.5,0.5,-1.0,2.0,10.0,-2.4000000000000004,1.3,-13.5,16
14547,243578.0,-0.8,0.30000000000000004,0.7000000000000001,-0.4,1.8,10.3,-7.6,-7.2,-15.000000000000002,16
14548,243592.0,-0.7000000000000001,0.30000000000000004,0.8,-0.30000000000000004,1.7000000000000002,10.5,-9.1,-3.9,-13.100000000000001,16
14549,243609.0,-0.7000000000000001,0.2,1.0,-0.2,1.5,10.700000000000001,-8.200000000000001,0.8,-8.9,16
14550,243626.0,-0.6000000000000001,0.0,1.3,-0.30000000000000004,1.4000000000000001,10.9,-5.2,5.7,-4.300000000000001,16
14551,243643.0,-0.7000000000000001,0.0,1.5,-0.5,1.5,11.200000000000001,-1.0999999999999999,8.799999999999999,-0.1,16
14552,243659.0,-0.9,0.1,1.8,-0.6000000000000001,1.6,11.600000000000001,5.500000000000001,7.1000000000000005,2.3000000000000003,16
14553,243682.0,-0.7000000000000001,0.2,2.4000000000000004,-0.30000000000000004,1.6,12.100000000000001,9.8,0.30000000000000004,1.3,16
14554,243699.0,-0.4,0.30000000000000004,2.9000000000000004,0.0,1.8,12.600000000000001,8.4,-10.8,-1.9,16
14555,243710.0,0.0,0.4,2.5,0.5,1.9000000000000001,12.0,7.500000000000001,-18.1,-2.6,16
14556,243726.0,0.4,0.5,2.0,0.8,2.0,11.700000000000001,8.9,-12.3,-0.8,16
14557,243742.0,0.7000000000000001,0.4,1.6,1.1,1.9000000000000001,11.3,9.8,-4.5,1.2000000000000002,16
14558,243759.0,0.8,0.30000000000000004,1.5,1.4000000000000001,1.7000000000000002,11.100000000000001,10.600000000000001,3.6,1.2000000000000002,16
14559,243780.0,1.1,0.0,1.4000000000000001,1.5,1.5,11.100000000000001,10.1,7.400000000000001,-2.3000000000000003,16
14560,243796.0,1.3,-0.30000000000000004,1.2000000000000002,1.7000000000000002,1.3,10.9,10.0,7.500000000000001,-7.500000000000001,16
14561,243812.0,1.6,-0.6000000000000001,0.6000000000000001,1.9000000000000001,1.1,10.4,11.2,8.9,-13.700000000000001,16
14562,243826.0,1.7000000000000002,-0.7000000000000001,0.2,2.0,0.9,9.700000000000001,11.700000000000001,11.5,-20.5,16
14563,243842.0,1.6,-0.9,-0.6000000000000001,1.9000000000000001,0.8,9.1,9.5,14.800000000000002,-26.400000000000002,16
14564,243859.0,1.4000000000000001,-0.9,-0.8,1.6,0.8,8.700000000000001,3.9,15.5,-29.1,16
14565,243876.0,1.1,-1.0,-1.1,1.3,0.7000000000000001,8.6,-4.2,12.5,-29.200000000000003,16
14566,243893.0,0.9,-0.9,-1.0,1.1,0.8,8.700000000000001,-13.6,6.3,-26.9,16
14567,243909.0,0.9,-0.9,-1.0,1.1,0.7000000000000001,8.700000000000001,-20.8,0.5,-22.900000000000002,16
14568,243926.0,0.7000000000000001,-0.8,-0.8,0.9,0.7000000000000001,8.9,-24.000000000000004,-4.5,-18.6,16
14569,243943.0,0.6000000000000001,-0.7000000000000001,-0.5,0.9,0.8,9.200000000000001,-22.6,-10.1,-14.0,16
14570,243959.0,0.6000000000000001,-0.6000000000000001,-0.30000000000000004,0.8,0.9,9.5,-18.5,-15.7,-10.3,16
14571,243976.0,0.5,-0.4,-0.1,0.7000000000000001,1.0,9.600000000000001,-14.3,-21.200000000000003,-8.0,16
14572,243997.0,0.30000000000000004,-0.2,-0.30000000000000004,0.7000000000000001,1.1,9.4,-8.1,-22.000000000000004,-5.6,16
14573,244009.0,0.30000000000000004,-0.1,-0.5,0.7000000000000001,1.2000000000000002,9.0,-1.4,-16.2,-4.300000000000001,16
14574,244025.0,0.1,0.0,-1.0,0.4,1.4000000000000001,8.700000000000001,4.6000000000000005,-7.6,-4.0,16
14575,244042.0,-0.4,0.2,-1.2000000000000002,0.0,1.5,8.5,7.400000000000001,-1.6,-3.5,16
14576,244059.0,-0.7000000000000001,0.2,-1.3,-0.30000000000000004,1.6,8.3,6.5,-0.1,-3.0000000000000004,16
14577,244076.0,-0.9,0.30000000000000004,-1.6,-0.5,1.7000000000000002,8.1,4.7,-0.2,-3.5,16
14578,244093.0,-1.1,0.2,-1.7000000000000002,-0.7000000000000001,1.6,7.9,2.3000000000000003,-2.0,-4.2,16
14579,244109.0,-1.2000000000000002,0.2,-1.7000000000000002,-0.9,1.6,7.9,-2.4000000000000004,-5.8,-4.1000000000000005,16
14580,244125.0,-1.4000000000000001,0.2,-1.5,-1.0,1.6,8.200000000000001,-7.500000000000001,-11.8,-1.6,16
14581,244142.0,-1.3,0.1,-1.3,-0.8,1.5,8.4,-11.700000000000001,-17.8,1.7,16
14582,244159.0,-1.2000000000000002,0.1,-1.1,-0.5,1.3,8.700000000000001,-14.0,-21.8,4.3999999999999995,16
14583,244175.0,-0.9,0.0,-0.7000000000000001,-0.30000000000000004,1.3,9.1,-12.9,-22.8,7.1000000000000005,16
14584,244193.0,-1.0,0.2,-0.2,-0.30000000000000004,1.5,9.5,-9.5,-22.1,12.100000000000001,16
14585,244209.0,-0.9,0.4,0.1,-0.1,1.7000000000000002,9.8,-4.0,-19.0,18.2,16
14586,244226.0,-0.6000000000000001,0.5,0.2,0.30000000000000004,1.7000000000000002,9.8,1.8,-12.4,21.0,16
14587,244242.0,-0.30000000000000004,0.5,0.30000000000000004,0.4,1.8,9.9,6.6000000000000005,-5.8,20.6,16
14588,244259.0,-0.5,0.8,0.5,0.30000000000000004,2.1,10.100000000000001,11.3,-0.5,19.8,16
14589,244281.0,-0.4,0.9,0.7000000000000001,0.4,2.2,10.3,13.3,0.30000000000000004,18.8,16
14590,244294.0,-0.2,0.9,0.7000000000000001,0.7000000000000001,2.2,10.4,11.000000000000002,-1.0,15.8,16
14591,244309.0,0.30000000000000004,0.9,0.9,1.2000000000000002,2.2,10.5,6.3,-1.5000000000000002,11.4,16
14592,244326.0,0.6000000000000001,0.9,1.0,1.6,2.3000000000000003,10.600000000000001,2.1999999999999997,2.5,7.9,16
14593,244342.0,1.0,0.8,1.1,1.9000000000000001,2.2,10.600000000000001,-0.2,8.4,5.6,16
14594,244359.0,1.1,0.7000000000000001,0.8,1.9000000000000001,2.1,10.4,0.0,14.800000000000002,3.6,16
14595,244376.0,1.0,0.7000000000000001,0.5,1.4000000000000001,2.2,10.100000000000001,3.6,24.5,2.7,16
14596,244393.0,0.2,0.8,0.5,0.6000000000000001,2.3000000000000003,10.3,7.500000000000001,30.4,2.4000000000000004,16
14597,244409.0,-0.6000000000000001,0.9,1.2000000000000002,0.0,2.4000000000000004,10.9,6.8,21.0,1.9,16
14598,244426.0,-0.6000000000000001,0.9,1.5,0.1,2.3000000000000003,11.200000000000001,-1.0,2.4000000000000004,0.1,16
14599,244442.0,-0.30000000000000004,0.7000000000000001,1.5,0.4,2.1,11.100000000000001,-6.9,-8.3,-1.6,16
14600,244459.0,0.30000000000000004,0.4,1.3,0.9,1.9000000000000001,11.0,-6.8,-8.600000000000001,-2.9,16
14601,244476.0,0.4,0.30000000000000004,1.3,1.0,1.7000000000000002,11.0,-3.3000000000000003,-1.0,-3.3000000000000003,16
14602,244492.0,0.4,0.1,1.3,1.0,1.5,11.0,2.0,8.4,-1.2000000000000002,16
14603,244509.0,0.30000000000000004,-0.1,1.4000000000000001,0.8,1.4000000000000001,11.100000000000001,5.7,13.8,2.0,16
14604,244526.0,0.2,-0.30000000000000004,1.5,0.7000000000000001,1.2000000000000002,11.200000000000001,8.200000000000001,13.3,5.0,16
14605,244542.0,0.2,-0.4,1.4000000000000001,0.8,1.0,11.100000000000001,10.700000000000001,9.3,7.1000000000000005,16
14606,244559.0,0.7000000000000001,-0.8,1.3,1.3,0.7000000000000001,11.0,12.200000000000001,1.9,8.4,16
14607,244578.0,1.1,-1.0,1.0,1.7000000000000002,0.6000000000000001,10.8,11.000000000000002,-6.1000000000000005,9.5,16
14608,244595.0,1.5,-1.2000000000000002,0.5,2.0,0.4,10.3,9.3,-7.500000000000001,11.700000000000001,16
14609,244609.0,1.6,-1.2000000000000002,0.2,2.2,0.4,9.8,10.700000000000001,-1.3,14.100000000000001,16
14610,244626.0,1.4000000000000001,-1.3,-0.5,2.0,0.4,9.200000000000001,16.6,9.8,16.1,16
14611,244642.0,1.2000000000000002,-1.2000000000000002,-0.7000000000000001,1.5,0.4,9.0,20.5,15.5,15.399999999999999,16
14612,244659.0,0.6000000000000001,-1.2000000000000002,-0.9,1.0,0.6000000000000001,8.700000000000001,19.500000000000004,11.6,13.5,16
14613,244676.0,0.2,-1.1,-1.3,0.8,0.7000000000000001,8.4,14.900000000000002,4.800000000000001,11.700000000000001,16
14614,244695.0,0.1,-1.0,-1.4000000000000001,0.7000000000000001,0.8,8.3,8.700000000000001,-3.0000000000000004,10.3,16
14615,244711.0,0.2,-0.9,-1.4000000000000001,0.8,0.9,8.3,1.3,-9.600000000000001,8.200000000000001,16
14616,244726.0,0.4,-0.8,-1.3,1.0,1.0,8.3,-6.3,-14.200000000000001,6.2,16
14617,244742.0,0.4,-0.7000000000000001,-1.3,1.0,1.1,8.4,-11.2,-14.500000000000002,6.6000000000000005,16
14618,244759.0,0.2,-0.5,-1.2000000000000002,0.8,1.2000000000000002,8.5,-11.8,-10.700000000000001,9.1,16
14619,244776.0,-0.1,-0.4,-1.0,0.6000000000000001,1.2000000000000002,8.700000000000001,-8.700000000000001,-6.5,11.9,16
14620,244792.0,-0.30000000000000004,-0.4,-0.9,0.30000000000000004,1.3,8.700000000000001,-2.7,-5.1,13.700000000000001,16
14621,244810.0,-0.5,-0.30000000000000004,-1.0,0.2,1.4000000000000001,8.6,3.0000000000000004,-6.8,13.8,16
14622,244826.0,-0.7000000000000001,-0.2,-1.2000000000000002,0.1,1.4000000000000001,8.4,6.000000000000001,-9.8,12.9,16
14623,244842.0,-0.7000000000000001,-0.1,-1.3,0.2,1.5,8.200000000000001,6.8,-12.9,12.000000000000002,16
14624,244859.0,-0.6000000000000001,-0.1,-1.5,0.30000000000000004,1.6,8.1,4.5,-13.3,10.3,16
14625,244876.0,-0.6000000000000001,0.0,-1.5,0.30000000000000004,1.7000000000000002,8.1,0.8,-12.700000000000001,8.799999999999999,16
14626,244892.0,-0.6000000000000001,0.1,-1.3,0.30000000000000004,1.8,8.4,-3.9,-11.5,7.9,16
14627,244909.0,-0.6000000000000001,0.2,-0.9,0.4,1.8,8.8,-8.700000000000001,-11.700000000000001,6.8,16
14628,244927.0,-0.6000000000000001,0.2,-0.5,0.4,1.8,9.1,-11.4,-11.5,5.0,16
14629,244943.0,-0.5,0.2,-0.1,0.5,1.8,9.4,-10.5,-9.700000000000001,2.9,16
14630,244959.0,-0.4,0.2,0.0,0.7000000000000001,1.8,9.600000000000001,-6.2,-5.4,0.0,16
14631,244976.0,-0.30000000000000004,0.2,0.2,0.7000000000000001,1.8,9.700000000000001,-0.6000000000000001,-0.2,-4.300000000000001,16
14632,244998.0,-0.4,0.4,0.4,0.6000000000000001,2.0,9.9,4.6000000000000005,4.6000000000000005,-8.0,16
14633,245009.0,-0.4,0.5,0.4,0.5,2.1,10.0,8.799999999999999,7.400000000000001,-10.1,16
14634,245025.0,-0.5,0.5,0.6000000000000001,0.4,2.2,10.200000000000001,11.000000000000002,6.6000000000000005,-11.8,16
14635,245042.0,-0.4,0.5,0.8,0.5,2.2,10.3,9.700000000000001,2.1,-14.100000000000001,16
14636,245059.0,-0.30000000000000004,0.5,0.9,0.7000000000000001,2.2,10.5,5.7,-3.3000000000000003,-16.5,16
14637,245076.0,0.0,0.4,1.1,0.9,2.1,10.700000000000001,1.4,-5.500000000000001,-18.0,16
14638,245092.0,0.2,0.4,1.4000000000000001,1.1,2.1,10.9,-1.0999999999999999,-4.300000000000001,-18.400000000000002,16
14639,245109.0,0.2,0.4,1.5,1.2000000000000002,2.1,11.100000000000001,1.9,0.30000000000000004,-17.599999999999998,16
14640,245125.0,0.30000000000000004,0.30000000000000004,1.5,1.2000000000000002,2.1,11.100000000000001,8.799999999999999,8.200000000000001,-17.7,16
14641,245142.0,0.2,0.30000000000000004,1.8,1.0,2.1,11.4,16.0,12.200000000000001,-20.0,16
14642,245159.0,0.0,0.30000000000000004,2.1,0.8,2.3000000000000003,11.8,12.9,1.0999999999999999,-24.6,16
14643,245176.0,0.0,0.5,2.0,0.9,2.4000000000000004,11.5,2.4000000000000004,-8.3,-26.700000000000003,16
14644,245192.0,0.2,0.5,1.4000000000000001,1.1,2.4000000000000004,11.0,-4.3999999999999995,-8.1,-25.1,16
14645,245210.0,0.30000000000000004,0.4,1.4000000000000001,1.1,2.2,11.0,-6.7,-0.1,-24.000000000000004,16
14646,245226.0,0.1,0.30000000000000004,1.4000000000000001,0.9,2.1,11.100000000000001,-5.7,6.5,-22.4,16
14647,245242.0,0.0,0.1,1.6,0.9,2.0,11.200000000000001,-2.5,7.9,-20.2,16
14648,245259.0,0.2,-0.1,1.5,1.1,1.7000000000000002,11.0,-0.5,3.9,-21.3,16
14649,245276.0,0.5,-0.30000000000000004,1.0,1.3,1.5,10.5,1.3,3.1,-24.000000000000004,16
14650,245292.0,0.6000000000000001,-0.4,0.4,1.4000000000000001,1.4000000000000001,10.0,2.8,4.9,-25.400000000000002,16
14651,245309.0,0.9,-0.6000000000000001,-0.30000000000000004,1.6,1.3,9.5,3.3000000000000003,10.0,-25.0,16
14652,245326.0,0.9,-0.7000000000000001,-0.5,1.6,1.2000000000000002,9.1,1.7,13.9,-24.000000000000004,16
14653,245342.0,1.0,-0.7000000000000001,-0.8,1.6,1.2000000000000002,8.8,0.1,16.700000000000003,-22.4,16
14654,245359.0,1.1,-0.8,-1.0,1.6,1.1,8.6,-1.9,18.400000000000002,-20.5,16
14655,245377.0,1.0,-0.7000000000000001,-1.2000000000000002,1.5,1.2000000000000002,8.4,-3.4,17.8,-17.400000000000002,16
14656,245392.0,0.9,-0.6000000000000001,-1.4000000000000001,1.4000000000000001,1.3,8.3,-4.0,16.1,-13.3,16
14657,245409.0,0.9,-0.5,-1.4000000000000001,1.3,1.4000000000000001,8.200000000000001,-3.9,12.9,-9.0,16
14658,245426.0,0.8,-0.30000000000000004,-1.5,1.1,1.6,8.200000000000001,-3.4,7.300000000000001,-5.4,16
14659,245442.0,0.7000000000000001,-0.2,-1.4000000000000001,1.1,1.7000000000000002,8.3,-4.5,-1.5000000000000002,-3.2,16
14660,245459.0,0.6000000000000001,-0.1,-1.3,1.0,1.8,8.4,-8.0,-11.9,-2.8,16
14661,245477.0,0.6000000000000001,0.1,-1.2000000000000002,1.0,2.0,8.4,-11.5,-17.5,-3.3000000000000003,16
14662,245492.0,0.4,0.30000000000000004,-1.4000000000000001,0.8,2.1,8.200000000000001,-11.4,-15.2,-3.7000000000000006,16
14663,245509.0,0.0,0.4,-1.5,0.5,2.1,8.200000000000001,-7.500000000000001,-6.2,-3.9,16
14664,245526.0,-0.30000000000000004,0.5,-1.4000000000000001,0.1,2.2,8.3,-2.4000000000000004,1.3,-4.2,16
14665,245546.0,-0.6000000000000001,0.6000000000000001,-1.3,0.1,2.2,8.3,-2.4000000000000004,1.3,-4.2,16
14666,245560.0,-1.1,0.6000000000000001,-1.5,-0.6000000000000001,2.3000000000000003,8.1,-1.3,-0.2,-7.1000000000000005,16
14667,245577.0,-1.2000000000000002,0.6000000000000001,-1.6,-0.7000000000000001,2.2,7.9,-5.8,-2.3000000000000003,-8.4,16
14668,245592.0,-1.3,0.5,-1.6,-0.8,2.2,8.0,-12.100000000000001,-2.6,-8.799999999999999,16
14669,245610.0,-1.5,0.5,-1.4000000000000001,-1.0,2.1,8.200000000000001,-17.200000000000003,-3.3000000000000003,-6.7,16
14670,245628.0,-1.4000000000000001,0.30000000000000004,-0.9,-0.9,1.9000000000000001,8.6,-20.6,-4.3999999999999995,-2.9,16
14671,245643.0,-1.4000000000000001,0.30000000000000004,-0.7000000000000001,-0.9,1.9000000000000001,8.9,-21.400000000000002,-6.3,1.2000000000000002,16
14672,245659.0,-1.5,0.4,-0.30000000000000004,-1.0,1.9000000000000001,9.3,-18.5,-6.8,6.5,16
14673,245676.0,-1.5,0.5,-0.2,-0.9,2.0,9.600000000000001,-12.8,-5.300000000000001,12.200000000000001,16
14674,245692.0,-1.4000000000000001,0.6000000000000001,0.1,-0.8,2.1,9.8,-5.7,-1.4,16.700000000000003,16
14675,245709.0,-1.2000000000000002,0.8,0.30000000000000004,-0.7000000000000001,2.2,9.9,1.3,3.6,19.8,16
14676,245726.0,-1.2000000000000002,0.9,0.30000000000000004,-0.7000000000000001,2.4000000000000004,9.9,5.2,9.0,21.1,16
14677,245742.0,-1.1,1.0,0.30000000000000004,-0.6000000000000001,2.5,9.9,6.5,13.3,22.3,16
14678,245760.0,-0.9,1.1,0.30000000000000004,-0.5,2.6,10.0,4.9,15.299999999999999,23.2,16
14679,245776.0,-0.4,1.0,0.5,-0.1,2.5,10.100000000000001,0.8,15.100000000000001,23.0,16
14680,245792.0,-0.1,0.9,0.6000000000000001,0.4,2.3000000000000003,10.200000000000001,-4.7,12.9,21.400000000000002,16
14681,245811.0,0.7000000000000001,0.7000000000000001,0.8,1.1,2.1,10.4,-9.4,12.4,18.6,16
14682,245826.0,1.0,0.5,0.8,1.5,1.9000000000000001,10.4,-11.700000000000001,16.700000000000003,15.000000000000002,16
14683,245842.0,1.1,0.4,0.7000000000000001,1.1,1.8,10.3,-8.600000000000001,24.6,13.9,16
14684,245859.0,0.2,0.5,0.6000000000000001,0.30000000000000004,1.9000000000000001,10.4,-2.1,32.9,17.1,16
14685,245882.0,-0.5,0.6000000000000001,1.5,-0.4,2.0,11.100000000000001,1.3,30.100000000000005,21.6,16
14686,245892.0,-0.6000000000000001,0.6000000000000001,2.0,-0.4,2.0,11.8,-3.1,9.4,23.5,16
14687,245909.0,-0.1,0.5,2.2,0.1,1.8,11.9,-9.0,-6.3,24.000000000000004,16
14688,245926.0,0.6000000000000001,0.30000000000000004,2.2,0.7000000000000001,1.6,11.9,-11.1,-15.100000000000001,24.400000000000002,16
14689,245943.0,0.8,0.2,1.8,1.0,1.4000000000000001,11.4,-10.3,-4.800000000000001,24.8,16
14690,245960.0,0.8,0.0,1.8,1.0,1.2000000000000002,11.700000000000001,-8.3,1.5000000000000002,26.0,16
14691,245994.0,1.0,-0.2,2.1,1.2000000000000002,1.0,11.9,-3.6,6.7,26.500000000000004,16
14692,245998.0,1.2000000000000002,-0.6000000000000001,2.2,1.3,0.8,12.0,0.6000000000000001,4.300000000000001,25.2,16
14693,246009.0,1.4000000000000001,-0.8,1.8,1.7000000000000002,0.5,11.4,5.0,1.6,23.2,16
14694,246025.0,1.7000000000000002,-1.0,0.9,1.9000000000000001,0.30000000000000004,10.600000000000001,11.6,4.3999999999999995,21.200000000000003,16
14695,246042.0,1.6,-1.0,0.5,1.8,0.30000000000000004,10.0,20.3,11.8,19.6,16
14696,246059.0,1.5,-1.2000000000000002,-0.30000000000000004,1.6,0.30000000000000004,9.4,25.6,15.7,17.200000000000003,16
14697,246077.0,1.3,-1.2000000000000002,-0.8,1.4000000000000001,0.30000000000000004,8.9,26.3,14.3,14.500000000000002,16
14698,246092.0,1.2000000000000002,-1.1,-1.0,1.2000000000000002,0.4,8.5,22.3,9.600000000000001,12.000000000000002,16
14699,246109.0,1.1,-1.1,-1.5,1.2000000000000002,0.4,8.200000000000001,15.6,4.7,9.1,16
14700,246125.0,1.1,-1.2000000000000002,-1.7000000000000002,1.2000000000000002,0.4,8.0,7.0,-0.2,5.2,16
14701,246142.0,1.1,-1.1,-1.7000000000000002,1.3,0.5,8.0,-2.9,-5.4,1.6,16
14702,246159.0,1.1,-1.0,-1.8,1.3,0.5,7.9,-12.700000000000001,-9.4,-0.7,16
14703,246180.0,1.1,-0.9,-1.8,1.3,0.6000000000000001,7.9,-20.1,-10.5,-1.9,16
14704,246193.0,1.0,-0.9,-1.8,1.2000000000000002,0.6000000000000001,7.9,-23.3,-8.0,-2.3000000000000003,16
14705,246209.0,1.0,-0.9,-1.8,1.2000000000000002,0.6000000000000001,7.9,-23.3,-8.0,-2.3000000000000003,16
14706,246226.0,0.4,-0.6000000000000001,-1.6,0.6000000000000001,0.7000000000000001,8.0,-18.2,-6.1000000000000005,-3.0000000000000004,16
14707,246242.0,0.1,-0.4,-1.7000000000000002,0.5,0.8,8.0,-15.2,-9.5,-4.1000000000000005,16
14708,246259.0,0.0,-0.30000000000000004,-1.7000000000000002,0.30000000000000004,0.9,8.0,-15.6,-14.800000000000002,-6.3,16
14709,246279.0,0.0,-0.2,-1.5,0.4,1.0,8.1,-18.1,-21.3,-8.3,16
14710,246293.0,0.1,0.0,-1.2000000000000002,0.6000000000000001,1.1,8.4,-22.5,-27.0,-10.700000000000001,16
14711,246309.0,0.2,0.1,-1.1,0.8,1.1,8.6,-25.6,-27.8,-13.100000000000001,16
14712,246326.0,0.30000000000000004,0.2,-0.8,0.9,1.2000000000000002,9.0,-27.2,-25.3,-16.400000000000002,16
14713,246343.0,0.1,0.30000000000000004,-0.30000000000000004,0.8,1.2000000000000002,9.4,-29.400000000000002,-22.2,-21.0,16
14714,246360.0,0.0,0.4,-0.1,0.6000000000000001,1.2000000000000002,9.600000000000001,-30.299999999999997,-16.400000000000002,-25.6,16
14715,246384.0,-0.7000000000000001,0.6000000000000001,0.4,0.2,1.3,9.9,-28.3,-9.700000000000001,-28.0,16
14716,246392.0,-0.9,0.7000000000000001,0.6000000000000001,-0.1,1.4000000000000001,10.200000000000001,-23.1,-5.4,-28.400000000000002,16
14717,246409.0,-1.0,0.7000000000000001,0.8,-0.2,1.4000000000000001,10.600000000000001,-15.100000000000001,-4.7,-28.8,16
14718,246426.0,-1.2000000000000002,0.5,1.0,-0.5,1.1,10.700000000000001,-7.6,-6.4,-31.0,16
14719,246442.0,-1.3,0.30000000000000004,0.9,-0.5,1.1,10.700000000000001,-7.6,-6.4,-31.0,16
14720,246459.0,-1.5,0.7000000000000001,1.2000000000000002,-0.7000000000000001,1.2000000000000002,10.9,-9.1,-17.0,-32.4,16
14721,246481.0,-1.5,0.30000000000000004,1.8,-0.8,1.0,11.600000000000001,-6.2,-22.2,-27.6,16
14722,246494.0,-1.1,0.2,1.8,-0.2,0.8,11.5,0.2,-27.0,-23.1,16
14723,246512.0,-0.7000000000000001,0.0,1.8,0.2,0.7000000000000001,11.5,5.8,-16.8,-19.8,16
14724,246526.0,-0.7000000000000001,0.0,1.8,0.30000000000000004,0.6000000000000001,11.5,15.5,-9.0,-17.8,16
14725,246543.0,-0.7000000000000001,0.0,1.3,0.2,0.8,10.9,27.6,-1.0,-17.400000000000002,16
14726,246559.0,-0.9,0.1,1.0,-0.2,1.1,10.600000000000001,34.2,9.600000000000001,-18.2,16
14727,246579.0,-1.3,0.4,0.7000000000000001,-0.4,1.4000000000000001,10.3,34.800000000000004,13.4,-19.3,16
14728,246592.0,-1.3,0.5,0.2,-0.6000000000000001,1.6,9.9,30.000000000000004,17.200000000000003,-21.0,16
14729,246609.0,-1.5,0.6000000000000001,0.1,-0.8,1.7000000000000002,9.9,25.2,19.500000000000004,-22.5,16
14730,246625.0,-1.5,0.6000000000000001,0.4,-0.6000000000000001,1.8,10.4,19.700000000000003,14.500000000000002,-23.900000000000002,16
14731,246642.0,-1.0,0.4,1.0,-0.30000000000000004,1.6,10.700000000000001,10.5,4.800000000000001,-25.1,16
14732,246659.0,-0.4,0.1,1.0,0.2,1.4000000000000001,10.700000000000001,5.6,-0.9,-25.5,16
14733,246677.0,-0.2,-0.1,1.0,0.5,1.1,10.700000000000001,6.000000000000001,-2.9,-25.6,16
14734,246693.0,-0.1,-0.30000000000000004,1.0,0.5,1.1,10.700000000000001,6.000000000000001,-2.9,-25.6,16
14735,246709.0,0.0,-0.6000000000000001,0.8,0.6000000000000001,0.7000000000000001,10.5,8.4,-2.9,-21.8,16
14736,246725.0,0.0,-0.7000000000000001,0.7000000000000001,0.6000000000000001,0.6000000000000001,10.4,7.300000000000001,-4.0,-17.400000000000002,16
14737,246742.0,0.1,-0.9,0.8,0.8,0.5,10.600000000000001,7.0,-5.8,-12.9,16
14738,246759.0,0.4,-1.0,0.9,1.3,0.30000000000000004,10.8,8.700000000000001,-7.2,-9.8,16
14739,246781.0,1.5,-1.3,1.0,2.1,0.1,10.8,8.9,-8.600000000000001,-10.3,16
14740,246792.0,1.8,-1.2000000000000002,1.0,2.5,0.2,10.700000000000001,7.6,-6.6000000000000005,-12.8,16
14741,246809.0,2.0,-1.1,0.5,2.8000000000000003,0.30000000000000004,10.3,5.1,-1.0,-15.2,16
14742,246826.0,2.0,-1.1,0.2,2.6,0.4,9.700000000000001,2.8,8.4,-15.8,16
14743,246842.0,1.5,-0.8,-0.4,2.0,0.6000000000000001,9.3,0.2,17.400000000000002,-13.6,16
14744,246859.0,0.7000000000000001,-0.6000000000000001,-0.7000000000000001,1.3,0.8,9.0,-2.6,21.8,-9.1,16
14745,246877.0,0.2,-0.5,-0.9,0.8,0.9,8.9,-4.9,18.6,-4.5,16
14746,246893.0,-0.1,-0.4,-0.9,0.30000000000000004,1.0,8.8,-6.9,12.6,-0.30000000000000004,16
14747,246911.0,-0.6000000000000001,-0.2,-0.9,0.0,1.1,8.8,-7.300000000000001,3.4,3.2,16
14748,246926.0,-0.6000000000000001,-0.1,-1.0,-0.1,1.2000000000000002,8.6,-3.9,-2.4000000000000004,5.0,16
14749,246942.0,-0.6000000000000001,-0.1,-1.3,-0.1,1.3,8.4,1.4,-4.2,4.0,16
14750,246959.0,-0.7000000000000001,0.0,-1.5,-0.2,1.4000000000000001,8.200000000000001,5.2,-4.300000000000001,1.2000000000000002,16
14751,246978.0,-1.1,0.30000000000000004,-1.7000000000000002,-0.5,1.6,8.0,5.9,-4.3999999999999995,-0.6000000000000001,16
14752,246993.0,-1.2000000000000002,0.30000000000000004,-1.6,-0.7000000000000001,1.8,8.1,2.8,-5.300000000000001,-0.5,16
14753,247009.0,-1.3,0.4,-1.5,-0.7000000000000001,1.8,8.200000000000001,-1.8,-6.6000000000000005,0.0,16
14754,247025.0,-1.2000000000000002,0.5,-1.4000000000000001,-0.6000000000000001,1.9000000000000001,8.4,-5.500000000000001,-7.0,0.4,16
14755,247042.0,-1.1,0.5,-1.2000000000000002,-0.5,1.8,8.5,-8.200000000000001,-6.7,0.5,16
14756,247059.0,-1.0,0.5,-0.9,-0.4,1.8,8.8,-9.0,-5.2,1.0999999999999999,16
14757,247076.0,-0.9,0.4,-0.4,-0.30000000000000004,1.8,9.200000000000001,-6.4,-4.1000000000000005,2.1999999999999997,16
14758,247092.0,-0.8,0.4,-0.2,-0.2,1.7000000000000002,9.5,-1.0,-2.4000000000000004,2.9,16
14759,247109.0,-0.7000000000000001,0.5,0.1,-0.1,1.8,9.8,4.3999999999999995,-1.2000000000000002,3.7000000000000006,16
14760,247125.0,-0.5,0.6000000000000001,0.2,0.1,1.9000000000000001,9.9,9.4,-1.8,4.6000000000000005,16
14761,247143.0,-0.4,0.6000000000000001,0.2,0.2,2.0,9.8,12.4,1.0,4.7,16
14762,247159.0,-0.4,0.6000000000000001,0.1,0.2,2.1,9.700000000000001,13.8,5.1,4.9,16
14763,247175.0,-0.4,0.8,-0.1,0.1,2.2,9.600000000000001,14.3,10.5,6.000000000000001,16
14764,247192.0,-0.4,0.8,0.0,0.1,2.3000000000000003,9.600000000000001,14.600000000000001,15.100000000000001,7.0,16
14765,247210.0,-0.2,0.7000000000000001,0.1,0.30000000000000004,2.2,9.700000000000001,14.600000000000001,18.400000000000002,6.000000000000001,16
14766,247225.0,0.0,0.6000000000000001,0.1,0.4,2.2,9.700000000000001,14.3,20.2,3.4,16
14767,247242.0,0.1,0.5,0.1,0.5,2.2,9.700000000000001,12.6,20.2,0.6000000000000001,16
14768,247259.0,0.30000000000000004,0.5,0.1,0.7000000000000001,2.1,9.8,8.600000000000001,18.5,-2.3000000000000003,16
14769,247276.0,0.6000000000000001,0.30000000000000004,0.2,0.9,2.0,9.8,2.0,16.700000000000003,-5.300000000000001,16
14770,247295.0,0.7000000000000001,0.30000000000000004,0.2,0.8,2.0,9.8,-4.7,18.400000000000002,-7.300000000000001,16
14771,247310.0,0.2,0.30000000000000004,0.1,0.30000000000000004,2.0,9.8,-10.1,21.700000000000003,-7.400000000000001,16
14772,247326.0,-0.1,0.30000000000000004,0.6000000000000001,0.0,1.9000000000000001,10.3,-17.7,18.5,-7.699999999999999,16
14773,247342.0,-0.2,0.2,0.9,-0.1,1.7000000000000002,10.600000000000001,-29.200000000000003,6.7,-8.5,16
14774,247359.0,0.0,0.0,1.1,0.1,1.4000000000000001,11.0,-35.9,-2.1999999999999997,-8.1,16
14775,247376.0,0.2,-0.2,1.4000000000000001,0.1,1.4000000000000001,11.0,-37.4,-6.8,-7.699999999999999,16
14776,247393.0,0.5,-0.30000000000000004,2.0,0.7000000000000001,0.9,11.9,-31.5,-8.0,-5.4,16
14777,247410.0,0.9,-0.4,2.4000000000000004,1.1,0.7000000000000001,12.3,-19.9,-8.3,-3.1,16
14778,247426.0,1.4000000000000001,-0.6000000000000001,2.6,1.6,0.5,12.4,-9.4,-9.600000000000001,-3.4,16
14779,247442.0,1.6,-0.6000000000000001,2.5,1.9000000000000001,0.5,12.200000000000001,-1.0999999999999999,-10.700000000000001,-4.1000000000000005,16
14780,247459.0,1.7000000000000002,-0.5,2.0,1.9000000000000001,0.6000000000000001,11.700000000000001,6.3,-7.500000000000001,-1.6,16
14781,247476.0,1.6,-0.5,1.3,1.8,0.7000000000000001,11.0,14.3,-0.8,3.4,16
14782,247493.0,1.6,-0.6000000000000001,0.8,1.9000000000000001,0.6000000000000001,10.3,21.3,7.6,6.7,16
14783,247509.0,1.5,-0.8,0.0,1.6,0.5,9.600000000000001,26.400000000000002,13.200000000000001,6.3,16
14784,247526.0,1.3,-0.7000000000000001,-0.4,1.2000000000000002,0.7000000000000001,9.1,26.400000000000002,13.200000000000001,6.3,16
14785,247542.0,0.7000000000000001,-0.7000000000000001,-1.2000000000000002,0.9,0.7000000000000001,8.6,27.3,13.5,4.0,16
14786,247559.0,0.7000000000000001,-0.7000000000000001,-1.4000000000000001,0.8,0.8,8.3,21.6,7.2,2.0,16
14787,247576.0,0.7000000000000001,-0.8,-1.7000000000000002,0.8,0.7000000000000001,8.1,11.9,-2.6,-1.0999999999999999,16
14788,247594.0,0.6000000000000001,-0.7000000000000001,-1.8,0.8,0.8,8.0,-0.2,-13.4,-3.2,16
14789,247610.0,0.5,-0.7000000000000001,-1.8,0.8,0.9,7.9,-9.600000000000001,-20.3,-1.0,16
14790,247626.0,0.7000000000000001,-0.7000000000000001,-1.8,1.0,0.8,7.9,-13.8,-20.5,2.7,16
14791,247642.0,0.7000000000000001,-0.8,-1.7000000000000002,1.1,0.7000000000000001,8.0,-13.6,-17.3,4.6000000000000005,16
14792,247659.0,0.6000000000000001,-0.7000000000000001,-1.7000000000000002,0.8,0.7000000000000001,8.1,-9.600000000000001,-14.800000000000002,4.6000000000000005,16
14793,247677.0,0.1,-0.5,-1.5,0.5,0.9,8.200000000000001,-5.0,-14.600000000000001,4.5,16
14794,247692.0,0.0,-0.5,-1.5,0.5,0.9,8.200000000000001,-5.0,-14.600000000000001,4.5,16
14795,247713.0,0.0,-0.4,-1.6,0.5,1.0,7.9,-0.9,-20.6,0.4,16
14796,247727.0,-0.2,-0.2,-1.9000000000000001,0.4,1.1,7.800000000000001,-2.1,-21.1,-2.7,16
14797,247742.0,-0.2,-0.1,-1.8,0.5,1.2000000000000002,7.9,-7.300000000000001,-20.900000000000002,-5.9,16
14798,247759.0,-0.30000000000000004,-0.1,-1.6,0.4,1.3,8.200000000000001,-16.2,-22.6,-9.1,16
14799,247776.0,-0.30000000000000004,0.0,-1.2000000000000002,0.5,1.2000000000000002,8.6,-25.5,-23.5,-11.700000000000001,16
14800,247792.0,-0.30000000000000004,0.0,-0.6000000000000001,0.5,1.1,9.1,-32.6,-22.7,-13.700000000000001,16
14801,247810.0,-0.4,0.0,-0.30000000000000004,0.4,1.1,9.5,-35.3,-19.0,-15.2,16
14802,247825.0,-0.6000000000000001,0.0,0.2,0.2,1.0,9.9,-32.800000000000004,-13.0,-16.2,16
14803,247842.0,-1.0,0.1,0.6000000000000001,-0.1,1.0,10.3,-26.700000000000003,-8.0,-16.900000000000002,16
14804,247859.0,-1.2000000000000002,0.1,0.7000000000000001,-0.4,1.0,10.5,-17.5,-3.3000000000000003,-17.3,16
14805,247876.0,-1.6,0.2,1.0,-0.7000000000000001,1.0,10.8,-7.8,-1.7,-17.7,16
14806,247892.0,-1.8,0.2,1.2000000000000002,-0.9,1.1,10.9,0.9,-3.9,-17.8,16
14807,247911.0,-1.8,0.2,1.3,-0.9,1.1,11.0,7.2,-6.9,-17.0,16
14808,247928.0,-1.7000000000000002,0.2,1.2000000000000002,-0.7000000000000001,1.0,10.8,10.2,-9.5,-14.900000000000002,16
14809,247943.0,-1.5,0.1,1.0,-0.6000000000000001,1.0,10.700000000000001,10.4,-9.5,-12.000000000000002,16
14810,247959.0,-1.6,0.0,1.0,-0.6000000000000001,0.9,10.700000000000001,7.9,-9.1,-8.600000000000001,16
14811,247976.0,-1.6,0.0,1.2000000000000002,-0.6000000000000001,0.9,11.0,5.0,-8.700000000000001,-3.6,16
14812,247993.0,-1.5,0.0,1.5,-0.4,0.9,11.3,4.7,-6.8,1.4,16
14813,248011.0,-0.9,0.0,1.6,0.1,0.9,11.3,8.600000000000001,-0.8,3.4,16
14814,248025.0,-0.7000000000000001,0.0,1.6,0.30000000000000004,1.1,11.3,15.000000000000002,8.200000000000001,1.3,16
14815,248042.0,-0.6000000000000001,0.1,1.4000000000000001,0.2,1.2000000000000002,11.100000000000001,20.3,15.000000000000002,-2.9,16
14816,248060.0,-1.0,0.2,1.7000000000000002,-0.1,1.4000000000000001,11.5,16.400000000000002,11.9,-7.2,16
14817,248075.0,-1.1,0.5,1.8,-0.30000000000000004,1.7000000000000002,11.4,3.8,2.3000000000000003,-5.300000000000001,16
14818,248092.0,-1.1,0.7000000000000001,1.3,-0.1,1.8,11.200000000000001,-1.5000000000000002,2.7,2.5,16
14819,248110.0,-0.5,0.4,1.8,0.4,1.6,11.600000000000001,-0.8,6.5,8.700000000000001,16
14820,248126.0,-0.2,0.4,2.0,0.8,1.6,11.8,3.6,8.4,10.8,16
14821,248142.0,0.4,0.4,1.9000000000000001,1.3,1.5,11.600000000000001,13.700000000000001,11.4,10.600000000000001,16
14822,248159.0,0.8,0.2,1.7000000000000002,1.3,1.5,11.600000000000001,13.700000000000001,11.4,10.600000000000001,16
14823,248175.0,1.3,0.0,1.2000000000000002,2.2,1.3,10.700000000000001,23.5,13.3,-0.1,16
14824,248192.0,1.5,0.0,0.2,2.2,1.4000000000000001,9.8,21.700000000000003,16.6,-4.0,16
14825,248209.0,1.5,0.0,-0.30000000000000004,2.2,1.4000000000000001,9.8,18.2,23.1,-5.4,16
14826,248226.0,1.4000000000000001,-0.2,-0.8,2.0,1.2000000000000002,8.9,11.2,25.3,-6.000000000000001,16
14827,248242.0,1.4000000000000001,-0.4,-1.0,2.0,1.1,8.8,4.800000000000001,24.3,-5.300000000000001,16
14828,248259.0,1.6,-0.5,-1.0,2.0,1.0,8.8,0.6000000000000001,21.900000000000002,-3.9,16
14829,248276.0,1.7000000000000002,-0.6000000000000001,-1.1,2.1,0.9,8.700000000000001,-1.2000000000000002,17.8,-2.3000000000000003,16
14830,248292.0,1.7000000000000002,-0.6000000000000001,-1.2000000000000002,2.1,0.9,8.5,-1.4,14.0,-0.6000000000000001,16
14831,248309.0,1.5,-0.5,-1.4000000000000001,1.9000000000000001,1.0,8.3,0.6000000000000001,11.4,1.6,16
14832,248326.0,1.4000000000000001,-0.5,-1.5,1.5,1.0,8.4,2.1,7.699999999999999,3.7000000000000006,16
14833,248342.0,1.0,-0.30000000000000004,-1.3,1.2000000000000002,1.2000000000000002,8.5,0.6000000000000001,-0.4,5.4,16
14834,248359.0,0.7000000000000001,-0.1,-1.0,1.0,1.4000000000000001,8.700000000000001,-2.8,-10.8,7.699999999999999,16
14835,248376.0,0.6000000000000001,0.0,-1.0,1.1,1.5,8.700000000000001,-6.1000000000000005,-18.900000000000002,9.5,16
14836,248393.0,0.6000000000000001,0.1,-1.1,1.1,1.5,8.6,-6.2,-19.500000000000004,9.4,16
14837,248409.0,0.6000000000000001,0.1,-1.3,1.1,1.6,8.4,-2.7,-12.4,7.9,16
14838,248426.0,0.2,0.2,-1.4000000000000001,0.7000000000000001,1.6,8.4,2.0,-3.6,4.800000000000001,16
14839,248442.0,-0.2,0.2,-1.3,0.2,1.7000000000000002,8.4,4.300000000000001,0.8,2.1999999999999997,16
14840,248459.0,-0.9,0.30000000000000004,-1.3,-0.4,1.8,8.4,1.9,0.30000000000000004,1.5000000000000002,16
14841,248476.0,-1.3,0.4,-1.3,-0.8,1.8,8.4,-3.7000000000000006,-1.2000000000000002,2.8,16
14842,248492.0,-1.5,0.5,-1.4000000000000001,-1.0,1.9000000000000001,8.3,-6.3,-0.6000000000000001,6.8,16
14843,248513.0,-1.5,0.5,-1.2000000000000002,-1.0,1.9000000000000001,8.5,-6.7,2.5,10.9,16
14844,248526.0,-1.5,0.5,-1.0,-1.0,1.9000000000000001,8.6,-4.9,4.800000000000001,14.4,16
14845,248542.0,-1.5,0.5,-0.9,-1.0,1.9000000000000001,8.8,-1.0,5.9,17.599999999999998,16
14846,248559.0,-1.5,0.6000000000000001,-0.7000000000000001,-1.0,2.0,9.0,1.9,3.9,20.5,16
14847,248576.0,-1.5,0.7000000000000001,-0.5,-1.0,2.1,9.200000000000001,2.4000000000000004,-1.3,23.0,16
14848,248593.0,-1.3,0.7000000000000001,-0.5,-0.7000000000000001,2.1,9.1,2.6,-4.300000000000001,25.2,16
14849,248613.0,-1.0,0.8,-0.6000000000000001,-0.4,2.2,9.1,2.1,-2.7,26.6,16
14850,248627.0,-0.8,0.9,-0.5,-0.2,2.3000000000000003,9.1,3.4,1.6,28.1,16
14851,248642.0,-0.6000000000000001,0.9,-0.4,0.1,2.3000000000000003,9.3,4.300000000000001,6.8,27.900000000000002,16
14852,248659.0,-0.30000000000000004,0.8,-0.2,0.2,2.3000000000000003,9.5,3.2,8.5,25.8,16
14853,248676.0,-0.1,0.8,0.1,0.4,2.2,9.8,1.0999999999999999,7.9,23.400000000000002,16
14854,248692.0,0.1,0.7000000000000001,0.4,0.7000000000000001,2.1,10.200000000000001,-3.2,3.8,21.1,16
14855,248712.0,0.6000000000000001,0.6000000000000001,0.9,1.3,2.0,10.600000000000001,-8.9,-1.9,18.400000000000002,16
14856,248726.0,1.3,0.4,1.0,1.9000000000000001,1.8,10.600000000000001,-11.8,-1.6,15.100000000000001,16
14857,248742.0,1.5,0.30000000000000004,0.9,2.0,1.7000000000000002,10.600000000000001,-10.0,4.9,11.3,16
14858,248759.0,1.2000000000000002,0.4,0.9,1.5,1.8,10.600000000000001,-5.1,13.4,9.5,16
14859,248775.0,0.30000000000000004,0.6000000000000001,1.3,0.7000000000000001,2.0,11.200000000000001,-2.6,15.2,10.0,16
14860,248792.0,0.1,0.7000000000000001,2.0,0.5,2.1,12.200000000000001,-7.1000000000000005,1.0999999999999999,11.700000000000001,16
14861,248810.0,0.2,0.7000000000000001,2.6,0.9,2.0,12.4,-14.0,-15.5,12.8,16
14862,248825.0,1.0,0.4,2.6,1.6,1.6,12.4,-17.200000000000003,-22.6,12.000000000000002,16
14863,248842.0,1.3,0.1,2.2,1.9000000000000001,1.3,12.0,-15.299999999999999,-17.3,10.600000000000001,16
14864,248859.0,1.2000000000000002,-0.1,1.8,1.7000000000000002,1.2000000000000002,11.600000000000001,-6.1000000000000005,3.1,13.3,16
14865,248875.0,0.4,-0.1,1.4000000000000001,1.1,1.1,11.100000000000001,9.9,10.4,17.400000000000002,16
14866,248892.0,0.4,-0.2,1.6,1.0,1.1,11.4,18.5,15.8,21.200000000000003,16
14867,248909.0,0.4,-0.2,1.4000000000000001,1.1,1.0,11.0,22.5,10.2,20.900000000000002,16
14868,248925.0,1.0,-0.5,0.8,1.6,0.8,10.4,22.2,5.4,16.900000000000002,16
14869,248942.0,1.4000000000000001,-0.8,-0.30000000000000004,2.0,0.6000000000000001,9.5,21.6,6.1000000000000005,11.3,16
14870,248959.0,1.4000000000000001,-0.9,-0.7000000000000001,1.8,0.6000000000000001,9.0,20.1,12.9,7.6,16
14871,248975.0,1.0,-0.9,-1.0,1.5,0.5,8.8,16.8,17.9,6.2,16
14872,249002.0,0.8,-1.2000000000000002,-1.1,1.2000000000000002,0.30000000000000004,8.700000000000001,5.8,13.700000000000001,4.0,16
14873,249009.0,0.8,-1.2000000000000002,-1.1,1.2000000000000002,0.30000000000000004,8.700000000000001,5.8,13.700000000000001,4.0,16
14874,249025.0,0.8,-1.3,-1.1,1.2000000000000002,0.2,8.700000000000001,0.6000000000000001,8.200000000000001,2.1,16
14875,249042.0,0.8,-1.3,-1.1,1.2000000000000002,0.2,8.6,-4.3999999999999995,2.0,-0.5,16
14876,249059.0,0.8,-1.3,-1.1,1.3,0.2,8.5,-8.3,-2.5,-2.1,16
14877,249078.0,0.8,-1.2000000000000002,-1.3,1.2000000000000002,0.30000000000000004,8.3,-10.2,-3.9,-1.7,16
14878,249092.0,0.5,-1.0,-1.5,0.9,0.4,8.200000000000001,-9.0,-2.4000000000000004,1.0,16
14879,249109.0,0.30000000000000004,-0.9,-1.6,0.5,0.6000000000000001,8.1,-7.400000000000001,-0.9,4.800000000000001,16
14880,249125.0,-0.30000000000000004,-0.6000000000000001,-1.6,0.1,0.8,8.1,-6.2,-3.4,8.3,16
14881,249142.0,-0.5,-0.4,-1.6,-0.1,1.0,8.1,-5.1,-6.9,11.4,16
14882,249159.0,-0.6000000000000001,-0.4,-1.6,-0.1,1.1,8.0,-3.7000000000000006,-9.200000000000001,12.3,16
14883,249178.0,-0.6000000000000001,-0.2,-1.6,-0.1,1.1,8.1,-3.5,-12.4,11.4,16
14884,249192.0,-0.5,-0.2,-1.4000000000000001,0.1,1.1,8.3,-5.4,-16.400000000000002,8.5,16
14885,249209.0,-0.5,-0.2,-1.2000000000000002,0.2,1.1,8.6,-9.700000000000001,-20.0,4.7,16
14886,249225.0,-0.4,-0.2,-0.8,0.30000000000000004,1.1,9.0,-16.2,-25.2,1.8,16
14887,249242.0,-0.2,-0.1,-0.30000000000000004,0.6000000000000001,1.0,9.4,-22.900000000000002,-29.400000000000002,0.1,16
14888,249259.0,-0.1,-0.2,-0.1,0.9,0.9,9.8,-29.200000000000003,-32.0,-1.5000000000000002,16
14889,249282.0,0.0,-0.30000000000000004,0.5,1.0,0.7000000000000001,10.100000000000001,-32.300000000000004,-28.1,-2.7,16
14890,249292.0,-0.1,-0.2,0.6000000000000001,0.9,0.7000000000000001,10.200000000000001,-26.700000000000003,-19.6,-1.3,16
14891,249309.0,-0.1,-0.2,0.6000000000000001,0.9,0.7000000000000001,10.3,-14.800000000000002,-5.9,0.4,16
14892,249325.0,-0.4,-0.2,0.8,0.6000000000000001,0.8,10.600000000000001,-2.3000000000000003,2.5,0.1,16
14893,249342.0,-0.8,0.0,1.1,0.1,0.9,10.700000000000001,4.800000000000001,1.3,-1.2000000000000002,16
14894,249359.0,-1.1,0.1,1.0,0.1,0.9,10.700000000000001,4.800000000000001,1.3,-1.2000000000000002,16
14895,249381.0,-1.2000000000000002,0.4,0.6000000000000001,-0.2,1.3,10.3,9.5,-7.6,1.2000000000000002,16
14896,249392.0,-1.2000000000000002,0.4,0.5,-0.2,1.4000000000000001,10.200000000000001,10.700000000000001,-7.500000000000001,3.4,16
14897,249409.0,-1.2000000000000002,0.5,0.5,-0.1,1.5,10.200000000000001,12.5,-4.5,5.2,16
14898,249425.0,-1.2000000000000002,0.5,0.6000000000000001,-0.2,1.5,10.3,12.6,-2.8,5.300000000000001,16
14899,249442.0,-1.2000000000000002,0.4,0.7000000000000001,-0.2,1.5,10.4,10.3,-2.9,3.8,16
14900,249459.0,-1.3,0.4,0.7000000000000001,-0.2,1.5,10.4,10.3,-2.9,3.8,16
14901,249482.0,-1.3,0.30000000000000004,0.8,-0.2,1.5,10.5,4.1000000000000005,0.2,0.8,16
14902,249494.0,-1.3,0.30000000000000004,0.9,-0.2,1.4000000000000001,10.700000000000001,4.1000000000000005,6.5,0.2,16
14903,249509.0,-1.3,0.30000000000000004,1.1,-0.2,1.4000000000000001,10.700000000000001,4.1000000000000005,6.5,0.2,16
14904,249525.0,-1.3,0.30000000000000004,1.1,-0.2,1.4000000000000001,10.700000000000001,4.1000000000000005,6.5,0.2,16
14905,249542.0,-1.2000000000000002,0.30000000000000004,2.0,-0.1,1.5,11.700000000000001,-4.0,2.4000000000000004,-1.5000000000000002,16
14906,249559.0,-0.7000000000000001,0.30000000000000004,1.8,0.2,1.4000000000000001,11.5,-5.6,2.7,2.5,16
14907,249581.0,-0.30000000000000004,0.1,1.6,0.5,1.3,11.4,-1.4,9.700000000000001,6.2,16
14908,249592.0,-0.2,0.1,1.7000000000000002,0.7000000000000001,1.1,11.5,5.2,15.000000000000002,9.3,16
14909,249609.0,0.2,-0.1,1.6,1.1,1.0,11.3,11.8,16.6,10.9,16
14910,249627.0,0.7000000000000001,-0.4,1.2000000000000002,1.4000000000000001,0.8,11.100000000000001,16.400000000000002,14.4,10.1,16
14911,249642.0,0.9,-0.4,1.0,1.7000000000000002,0.8,10.600000000000001,17.1,12.4,8.200000000000001,16
14912,249659.0,1.3,-0.5,0.2,2.1,0.8,9.9,16.2,13.700000000000001,6.9,16
14913,249678.0,1.6,-0.7000000000000001,-0.6000000000000001,2.3000000000000003,0.7000000000000001,9.200000000000001,16.5,21.5,6.000000000000001,16
14914,249692.0,1.6,-0.7000000000000001,-0.7000000000000001,2.1,0.6000000000000001,9.1,16.0,28.0,4.300000000000001,16
14915,249709.0,1.5,-0.8,-0.7000000000000001,2.1,0.6000000000000001,9.0,13.3,26.6,2.6,16
14916,249725.0,1.7000000000000002,-0.9,-0.9,2.2,0.5,8.9,8.700000000000001,21.700000000000003,1.0,16
14917,249742.0,1.8,-0.9,-1.0,2.3000000000000003,0.5,8.700000000000001,2.8,16.5,-0.9,16
14918,249760.0,1.9000000000000001,-0.9,-1.3,2.3000000000000003,0.5,8.4,-2.9,12.4,-2.0,16
14919,249781.0,1.7000000000000002,-0.8,-1.4000000000000001,2.1,0.6000000000000001,8.3,-7.2,10.3,-0.9,16
14920,249796.0,1.4000000000000001,-0.7000000000000001,-1.2000000000000002,1.9000000000000001,0.6000000000000001,8.5,-10.8,7.9,2.1,16
14921,249809.0,1.3,-0.6000000000000001,-1.0,1.7000000000000002,0.8,8.8,-12.000000000000002,2.4000000000000004,5.9,16
14922,249825.0,1.1,-0.30000000000000004,-0.6000000000000001,1.5,1.0,9.200000000000001,-10.700000000000001,-4.7,9.600000000000001,16
14923,249842.0,1.0,-0.1,-0.5,1.4000000000000001,1.3,9.3,-8.0,-10.9,11.3,16
14924,249860.0,0.7000000000000001,0.2,-0.5,1.2000000000000002,1.5,9.200000000000001,-4.2,-14.4,11.700000000000001,16
14925,249875.0,0.5,0.5,-0.8,1.0,1.7000000000000002,8.9,-1.0999999999999999,-13.5,10.3,16
14926,249892.0,0.30000000000000004,0.6000000000000001,-1.0,0.7000000000000001,1.9000000000000001,8.6,0.5,-9.700000000000001,7.400000000000001,16
14927,249911.0,-0.30000000000000004,0.8,-1.2000000000000002,0.2,2.0,8.5,0.4,-5.9,5.500000000000001,16
14928,249925.0,-0.8,0.8,-1.4000000000000001,-0.2,2.1,8.3,-0.8,-4.2,4.3999999999999995,16
14929,249943.0,-1.0,0.8,-1.5,-0.5,2.1,8.200000000000001,-2.5,-3.4,3.0000000000000004,16
14930,249959.0,-1.2000000000000002,0.8,-1.5,-0.7000000000000001,2.0,8.200000000000001,-5.8,-3.3000000000000003,1.0999999999999999,16
14931,249982.0,-1.4000000000000001,0.7000000000000001,-1.3,-0.8,1.9000000000000001,8.4,-10.0,-6.6000000000000005,-0.7,16
14932,249993.0,-1.5,0.6000000000000001,-1.2000000000000002,-0.8,1.7000000000000002,8.6,-13.5,-9.9,-1.0,16
14933,250010.0,-1.4000000000000001,0.4,-0.9,-0.7000000000000001,1.5,8.8,-15.7,-13.5,0.2,16
14934,250025.0,-1.2000000000000002,0.2,-0.7000000000000001,-0.4,1.3,9.0,-16.700000000000003,-15.7,2.0,16
14935,250042.0,-1.1,0.2,-0.6000000000000001,-0.30000000000000004,1.2000000000000002,9.200000000000001,-15.9,-15.100000000000001,4.5,16
14936,250059.0,-1.1,0.2,-0.30000000000000004,-0.30000000000000004,1.3,9.5,-12.8,-12.5,8.799999999999999,16
14937,250077.0,-1.1,0.30000000000000004,0.0,-0.2,1.3,9.700000000000001,-8.0,-8.1,13.6,16
14938,250092.0,-1.0,0.4,0.1,0.0,1.4000000000000001,9.9,-3.0000000000000004,-3.0000000000000004,17.0,16
14939,250109.0,-0.7000000000000001,0.4,0.30000000000000004,0.1,1.5,9.9,1.7,3.0000000000000004,17.9,16
14940,250126.0,-0.7000000000000001,0.7000000000000001,0.30000000000000004,0.1,1.7000000000000002,10.0,5.1,8.4,17.9,16
14941,250142.0,-0.5,0.8,0.30000000000000004,0.2,1.8,10.0,6.3,12.3,17.1,16
14942,250159.0,-0.30000000000000004,0.9,0.30000000000000004,0.5,1.9000000000000001,10.100000000000001,3.6,13.3,14.700000000000001,16
14943,250175.0,0.2,0.9,0.6000000000000001,1.0,1.9000000000000001,10.4,-2.0,11.000000000000002,11.000000000000002,16
14944,250192.0,0.5,0.9,0.9,1.0,1.9000000000000001,10.4,-2.0,11.000000000000002,11.000000000000002,16
14945,250209.0,1.3,0.8,1.3,2.3000000000000003,1.8,11.100000000000001,-13.6,4.800000000000001,3.4,16
14946,250226.0,2.0,0.7000000000000001,1.4000000000000001,2.7,1.6,11.0,-14.600000000000001,9.3,0.4,16
14947,250243.0,2.1,0.6000000000000001,1.1,2.7,1.6,11.0,-7.1000000000000005,22.5,-2.1,16
14948,250260.0,1.5,0.8,0.6000000000000001,1.7000000000000002,1.9000000000000001,10.4,6.6000000000000005,41.0,-3.6,16
14949,250279.0,0.4,1.1,1.2000000000000002,0.6000000000000001,2.1,11.200000000000001,14.3,42.5,-4.6000000000000005,16
14950,250296.0,-0.2,1.3,2.2,0.2,2.3000000000000003,12.0,10.0,23.1,-5.8,16
14951,250311.0,0.2,1.1,2.0,0.4,2.2,11.9,0.7,6.2,-8.4,16
14952,250325.0,0.4,0.9,1.9000000000000001,0.9,1.9000000000000001,11.700000000000001,-2.3000000000000003,-2.3000000000000003,-12.4,16
14953,250342.0,0.8,0.5,1.9000000000000001,1.1,1.5,11.700000000000001,-2.4000000000000004,-1.2000000000000002,-16.700000000000003,16
14954,250359.0,0.9,0.30000000000000004,1.8,1.1,1.2000000000000002,11.5,0.8,3.9,-19.0,16
14955,250377.0,0.7000000000000001,0.0,1.4000000000000001,1.0,0.9,11.100000000000001,5.1,11.3,-17.9,16
14956,250393.0,0.6000000000000001,-0.4,0.8,0.8,0.7000000000000001,10.600000000000001,10.3,17.1,-14.100000000000001,16
14957,250410.0,0.4,-0.6000000000000001,0.1,0.6000000000000001,0.5,10.0,17.0,21.6,-9.200000000000001,16
14958,250425.0,0.30000000000000004,-0.7000000000000001,-0.1,0.30000000000000004,0.5,9.600000000000001,23.8,22.6,-5.0,16
14959,250442.0,0.2,-0.8,-0.7000000000000001,0.2,0.4,9.1,28.900000000000002,19.3,-2.3000000000000003,16
14960,250459.0,0.30000000000000004,-0.9,-0.9,0.30000000000000004,0.30000000000000004,8.6,30.5,15.000000000000002,-2.7,16
14961,250476.0,0.4,-1.2000000000000002,-1.4000000000000001,0.4,0.2,8.3,28.8,8.600000000000001,-5.6,16
14962,250496.0,0.4,-1.3,-1.7000000000000002,0.4,0.2,8.0,23.400000000000002,1.3,-8.5,16
14963,250509.0,0.5,-1.4000000000000001,-1.8,0.5,0.1,8.0,14.0,-5.7,-10.3,16
14964,250525.0,0.6000000000000001,-1.4000000000000001,-1.7000000000000002,0.6000000000000001,0.1,8.0,3.2,-10.8,-10.600000000000001,16
14965,250542.0,0.8,-1.5,-1.6,0.8,0.0,8.1,-5.2,-13.5,-10.4,16
14966,250559.0,0.9,-1.5,-1.2000000000000002,0.9,-0.1,8.5,-11.1,-14.500000000000002,-10.5,16
14967,250575.0,0.9,-1.5,-0.9,1.0,-0.1,9.0,-15.5,-18.8,-11.000000000000002,16
14968,250592.0,0.8,-1.4000000000000001,-0.5,1.0,0.0,9.3,-17.7,-22.900000000000002,-10.0,16
14969,250609.0,0.6000000000000001,-1.1,-0.4,0.9,0.2,9.3,-17.5,-24.000000000000004,-6.8,16
14970,250625.0,0.5,-0.9,-0.5,0.7000000000000001,0.5,9.200000000000001,-14.0,-20.3,-1.8,16
14971,250642.0,0.2,-0.6000000000000001,-0.5,0.5,0.7000000000000001,9.200000000000001,-8.4,-15.000000000000002,2.7,16
14972,250660.0,-0.1,-0.30000000000000004,-0.4,0.30000000000000004,0.9,9.3,-1.4,-12.200000000000001,5.7,16
14973,250677.0,-0.4,0.1,-0.4,0.0,1.2000000000000002,9.3,5.4,-12.000000000000002,6.9,16
14974,250692.0,-0.5,0.2,-0.5,0.0,1.5,9.200000000000001,9.1,-16.0,6.6000000000000005,16
14975,250710.0,-0.4,0.4,-0.5,0.1,1.6,9.1,7.699999999999999,-22.6,4.300000000000001,16
14976,250725.0,-0.30000000000000004,0.4,-0.6000000000000001,0.5,1.7000000000000002,9.1,1.3,-30.4,0.5,16
14977,250742.0,0.1,0.5,-0.6000000000000001,0.9,1.7000000000000002,9.1,-6.6000000000000005,-33.400000000000006,-4.6000000000000005,16
14978,250759.0,0.5,0.4,-0.5,1.3,1.6,9.1,-12.5,-30.100000000000005,-10.700000000000001,16
14979,250776.0,0.4,0.4,-0.5,1.2000000000000002,1.6,9.200000000000001,-14.200000000000001,-20.2,-16.400000000000002,16
14980,250792.0,0.0,0.4,-0.4,0.7000000000000001,1.6,9.3,-11.9,-8.700000000000001,-19.9,16
14981,250812.0,-0.7000000000000001,0.4,-0.30000000000000004,0.2,1.5,9.4,-8.3,-0.1,-21.900000000000002,16
14982,250826.0,-1.4000000000000001,0.30000000000000004,-0.30000000000000004,-0.5,1.4000000000000001,9.4,-5.6,1.9,-24.000000000000004,16
14983,250842.0,-1.7000000000000002,0.2,-0.30000000000000004,-0.9,1.3,9.5,-5.4,-1.4,-26.1,16
14984,250859.0,-2.2,0.1,0.1,-1.4000000000000001,1.2000000000000002,9.8,-8.1,-8.4,-26.9,16
14985,250875.0,-2.5,0.1,0.5,-1.7000000000000002,1.2000000000000002,10.200000000000001,-11.1,-17.599999999999998,-23.8,16
14986,250892.0,-2.5,0.1,0.8,-1.5,1.1,10.600000000000001,-12.200000000000001,-23.1,-17.8,16
14987,250916.0,-1.7000000000000002,-0.2,1.4000000000000001,-0.5,0.8,11.200000000000001,-3.4,-16.8,-8.3,16
14988,250925.0,-1.5,-0.30000000000000004,1.6,-0.5,0.8,11.200000000000001,-3.4,-16.8,-8.3,16
14989,250942.0,-1.4000000000000001,-0.30000000000000004,1.7000000000000002,-0.4,0.7000000000000001,11.4,5.7,-8.4,-5.500000000000001,16
14990,250959.0,-1.5,-0.4,1.8,-0.5,0.7000000000000001,11.5,13.100000000000001,-1.8,-3.0000000000000004,16
14991,250975.0,-1.5,-0.2,1.7000000000000002,-0.6000000000000001,0.9,11.4,17.599999999999998,3.6,0.6000000000000001,16
14992,250993.0,-1.5,-0.2,1.6,-0.5,1.1,11.200000000000001,20.900000000000002,9.3,4.9,16
14993,251008.0,-1.3,0.0,1.2000000000000002,-0.30000000000000004,1.3,10.9,24.6,16.5,7.9,16
14994,251025.0,-0.8,0.2,0.9,0.0,1.5,10.600000000000001,28.6,24.5,7.500000000000001,16
14995,251043.0,-0.7000000000000001,0.2,0.8,0.1,1.7000000000000002,10.5,28.200000000000003,27.1,4.0,16
14996,251059.0,-0.5,0.30000000000000004,0.7000000000000001,0.2,1.8,10.200000000000001,19.200000000000003,21.900000000000002,0.5,16
14997,251077.0,-0.5,0.5,-0.30000000000000004,0.1,2.0,9.4,9.3,22.4,0.0,16
14998,251093.0,-0.6000000000000001,0.5,-0.5,0.0,1.9000000000000001,9.200000000000001,6.000000000000001,27.0,2.7,16
14999,251109.0,-0.6000000000000001,0.30000000000000004,-0.30000000000000004,-0.1,1.8,9.5,0.0,23.3,3.9,16
15000,251125.0,-0.2,0.1,0.1,0.2,1.6,9.8,-9.0,11.1,4.1000000000000005,16
15001,251142.0,-0.1,0.0,0.30000000000000004,0.6000000000000001,1.3,10.100000000000001,-17.1,-2.5,4.5,16
15002,251161.0,0.5,-0.30000000000000004,0.30000000000000004,1.1,1.0,10.0,-19.3,-11.000000000000002,4.800000000000001,16
15003,251176.0,1.0,-0.5,0.4,1.5,0.8,10.100000000000001,-16.700000000000003,-12.3,4.5,16
15004,251192.0,1.1,-0.5,0.6000000000000001,1.8,0.8,10.5,-12.5,-12.700000000000001,5.1,16
15005,251209.0,1.5,-0.6000000000000001,0.9,2.3000000000000003,0.7000000000000001,10.600000000000001,-7.1000000000000005,-13.0,6.000000000000001,16
15006,251230.0,2.0,-0.7000000000000001,0.7000000000000001,2.7,0.6000000000000001,10.5,0.2,-9.9,5.500000000000001,16
15007,251242.0,2.2,-0.7000000000000001,0.6000000000000001,2.9000000000000004,0.6000000000000001,10.200000000000001,6.5,-5.1,3.4,16
15008,251259.0,2.2,-0.7000000000000001,0.6000000000000001,2.9000000000000004,0.6000000000000001,10.200000000000001,6.5,-5.1,3.4,16
15009,251275.0,2.0,-0.4,-0.2,2.7,1.0,9.5,11.2,4.6000000000000005,1.7,16
15010,251292.0,2.0,-0.30000000000000004,-0.4,2.6,1.1,9.200000000000001,11.000000000000002,7.0,2.0,16
15011,251309.0,1.8,-0.2,-0.8,2.4000000000000004,1.2000000000000002,8.9,10.3,8.0,1.8,16
15012,251325.0,1.5,-0.1,-1.0,2.2,1.3,8.700000000000001,8.600000000000001,7.2,1.2000000000000002,16
15013,251342.0,1.2000000000000002,0.0,-1.0,1.9000000000000001,1.4000000000000001,8.700000000000001,5.8,1.5000000000000002,0.0,16
15014,251359.0,1.0,0.0,-1.0,1.6,1.5,8.700000000000001,1.4,-5.6,-1.8,16
15015,251375.0,0.6000000000000001,0.1,-1.0,1.3,1.5,8.700000000000001,-3.7000000000000006,-13.700000000000001,-3.8,16
15016,251392.0,0.30000000000000004,0.1,-1.1,1.1,1.5,8.6,-7.2,-18.7,-5.2,16
15017,251409.0,0.1,0.1,-1.1,0.9,1.5,8.5,-7.9,-18.3,-5.2,16
15018,251426.0,-0.2,0.2,-1.1,0.6000000000000001,1.5,8.5,-7.300000000000001,-16.5,-5.1,16
15019,251442.0,-0.30000000000000004,0.1,-1.1,0.4,1.5,8.6,-6.5,-15.6,-5.6,16
15020,251460.0,-0.7000000000000001,0.2,-1.1,0.2,1.5,8.6,-5.8,-16.1,-6.000000000000001,16
15021,251477.0,-1.0,0.2,-1.0,0.0,1.5,8.700000000000001,-5.9,-17.8,-5.8,16
15022,251496.0,-1.1,0.2,-1.0,0.0,1.5,8.700000000000001,-5.9,-17.8,-5.8,16
15023,251514.0,-1.0,0.2,-0.9,0.1,1.5,8.700000000000001,-6.4,-17.599999999999998,-3.4,16
15024,251526.0,-0.9,0.1,-0.8,0.2,1.4000000000000001,8.9,-5.8,-14.700000000000001,-2.3000000000000003,16
15025,251542.0,-1.0,0.2,-0.4,0.2,1.5,9.200000000000001,-4.6000000000000005,-12.5,-0.1,16
15026,251559.0,-1.0,0.30000000000000004,-0.30000000000000004,0.2,1.5,9.4,-2.5,-10.4,3.3000000000000003,16
15027,251576.0,-0.8,0.30000000000000004,-0.2,0.4,1.6,9.4,-0.5,-8.9,5.1,16
15028,251592.0,-0.6000000000000001,0.30000000000000004,-0.30000000000000004,0.6000000000000001,1.6,9.3,0.6000000000000001,-5.9,4.3999999999999995,16
15029,251609.0,-0.7000000000000001,0.4,-0.30000000000000004,0.5,1.8,9.3,0.7,-2.6,3.8,16
15030,251625.0,-0.8,0.7000000000000001,-0.30000000000000004,0.4,2.0,9.3,0.30000000000000004,0.1,5.4,16
15031,251642.0,-0.8,0.8,-0.2,0.4,2.1,9.4,-0.2,1.6,7.8,16
15032,251659.0,-0.7000000000000001,0.9,-0.2,0.5,2.2,9.4,-0.30000000000000004,3.3000000000000003,9.0,16
15033,251679.0,-0.5,1.0,0.0,0.6000000000000001,2.3000000000000003,9.600000000000001,0.30000000000000004,4.3999999999999995,8.600000000000001,16
15034,251694.0,-0.4,1.0,0.2,0.8,2.4000000000000004,9.8,0.30000000000000004,3.6,6.9,16
15035,251712.0,0.0,1.0,0.6000000000000001,1.1,2.4000000000000004,10.100000000000001,-1.8,0.5,3.9,16
15036,251725.0,0.2,0.9,0.7000000000000001,1.5,2.3000000000000003,10.4,-5.500000000000001,-2.3000000000000003,-1.0999999999999999,16
15037,251742.0,0.7000000000000001,0.9,1.2000000000000002,1.8,2.3000000000000003,10.8,-8.1,-3.2,-5.9,16
15038,251759.0,0.9,0.9,1.3,2.2,2.2,10.8,-8.200000000000001,-0.2,-9.600000000000001,16
15039,251775.0,1.1,0.7000000000000001,0.9,2.1,2.1,10.200000000000001,-3.9,11.700000000000001,-12.5,16
15040,251792.0,0.6000000000000001,0.7000000000000001,0.0,1.6,2.0,9.700000000000001,3.4,27.2,-15.299999999999999,16
15041,251810.0,0.2,0.7000000000000001,0.1,0.6000000000000001,2.1,10.100000000000001,5.500000000000001,34.400000000000006,-18.1,16
15042,251825.0,-0.8,0.7000000000000001,0.9,0.0,2.0,10.600000000000001,-3.6,17.5,-19.8,16
15043,251842.0,-1.1,0.6000000000000001,1.1,-0.2,1.9000000000000001,10.8,-15.9,1.8,-19.200000000000003,16
15044,251859.0,-1.1,0.4,1.2000000000000002,0.1,1.5,11.100000000000001,-24.8,-12.700000000000001,-17.0,16
15045,251875.0,-0.4,0.0,1.7000000000000002,0.8,1.1,11.600000000000001,-28.700000000000003,-18.6,-15.8,16
15046,251892.0,0.30000000000000004,-0.4,2.2,1.4000000000000001,0.8,12.0,-27.0,-20.4,-13.4,16
15047,251909.0,0.7000000000000001,-0.5,2.3000000000000003,1.4000000000000001,0.8,12.0,-27.0,-20.4,-13.4,16
15048,251925.0,1.3,-0.7000000000000001,2.1,2.5,0.30000000000000004,11.600000000000001,-3.9,-3.0000000000000004,-5.6,16
15049,251942.0,1.5,-0.8,1.3,2.5,0.30000000000000004,11.0,13.100000000000001,10.9,-2.6,16
15050,251959.0,1.5,-0.8,1.0,2.5,0.30000000000000004,11.0,13.100000000000001,10.9,-2.6,16
15051,251985.0,0.7000000000000001,-0.4,-0.4,1.7000000000000002,0.8,9.5,36.800000000000004,26.9,3.0000000000000004,16
15052,251998.0,0.6000000000000001,-0.4,-1.2000000000000002,1.5,0.9,8.8,40.8,28.400000000000002,4.300000000000001,16
15053,252011.0,0.6000000000000001,-0.5,-1.5,1.3,1.0,8.200000000000001,37.0,26.0,2.4000000000000004,16
15054,252025.0,0.5,-0.5,-1.7000000000000002,1.1,1.0,8.0,27.3,18.900000000000002,-2.0,16
15055,252042.0,0.30000000000000004,-0.6000000000000001,-1.8,0.9,1.0,7.9,14.3,9.9,-6.000000000000001,16
15056,252058.0,0.1,-0.7000000000000001,-1.7000000000000002,0.8,0.9,8.0,1.4,0.4,-7.500000000000001,16
15057,252082.0,0.2,-0.9,-1.4000000000000001,0.9,0.7000000000000001,8.200000000000001,-7.8,-6.8,-7.500000000000001,16
15058,252092.0,0.30000000000000004,-1.0,-1.2000000000000002,1.1,0.5,8.6,-13.0,-12.200000000000001,-7.500000000000001,16
15059,252108.0,0.4,-1.1,-0.7000000000000001,1.1,0.4,9.0,-16.3,-17.5,-7.500000000000001,16
15060,252125.0,0.30000000000000004,-1.1,-0.6000000000000001,1.0,0.4,9.200000000000001,-16.700000000000003,-21.0,-5.8,16
15061,252142.0,0.0,-1.0,-0.4,0.7000000000000001,0.5,9.3,-13.9,-21.0,-0.9,16
15062,252160.0,-0.4,-0.7000000000000001,-0.1,0.5,0.6000000000000001,9.600000000000001,-9.1,-19.8,5.8,16
15063,252179.0,-0.5,-0.6000000000000001,0.0,0.5,0.7000000000000001,9.600000000000001,-2.8,-18.400000000000002,11.4,16
15064,252192.0,-0.4,-0.6000000000000001,0.0,0.6000000000000001,0.8,9.600000000000001,3.5,-16.6,13.3,16
15065,252212.0,-0.5,-0.4,-0.30000000000000004,0.6000000000000001,0.9,9.3,8.600000000000001,-14.100000000000001,12.8,16
15066,252225.0,-0.7000000000000001,-0.2,-0.6000000000000001,0.4,1.1,9.0,10.3,-11.6,11.4,16
15067,252242.0,-0.9,-0.1,-0.7000000000000001,0.2,1.4000000000000001,8.8,7.500000000000001,-10.3,10.700000000000001,16
15068,252259.0,-1.0,0.1,-0.8,0.1,1.5,8.8,2.6,-9.5,10.700000000000001,16
15069,252284.0,-1.0,0.2,-0.7000000000000001,0.2,1.6,8.9,-2.8,-8.9,10.1,16
15070,252292.0,-1.0,0.2,-0.7000000000000001,0.2,1.6,9.0,-5.6,-6.4,8.700000000000001,16
15071,252310.0,-1.0,0.2,-0.4,0.2,1.6,9.200000000000001,-6.1000000000000005,-3.5,7.0,16
15072,252326.0,-1.0,0.2,-0.4,0.30000000000000004,1.5,9.3,-5.0,-0.7,4.0,16
15073,252342.0,-1.0,0.2,-0.2,0.1,1.6,9.5,-3.2,1.7,0.9,16
15074,252359.0,-1.2000000000000002,0.30000000000000004,0.1,0.0,1.6,9.8,-1.2000000000000002,2.3000000000000003,-0.8,16
15075,252382.0,-1.2000000000000002,0.30000000000000004,0.4,0.0,1.6,10.100000000000001,0.4,1.9,-1.3,16
15076,252392.0,-1.1,0.30000000000000004,0.6000000000000001,0.1,1.6,10.200000000000001,2.4000000000000004,1.4,-1.2000000000000002,16
15077,252409.0,-1.0,0.2,0.7000000000000001,0.2,1.5,10.4,4.7,1.5000000000000002,-1.0,16
15078,252425.0,-0.8,0.1,0.9,0.30000000000000004,1.4000000000000001,10.5,6.3,1.5000000000000002,-1.0,16
15079,252442.0,-0.8,0.0,0.9,0.2,1.4000000000000001,10.5,8.0,2.4000000000000004,-0.4,16
15080,252459.0,-1.0,0.0,0.9,0.0,1.5,10.600000000000001,10.5,4.3999999999999995,1.9,16
15081,252483.0,-1.3,0.2,1.3,-0.2,1.7000000000000002,10.9,12.9,4.6000000000000005,5.6,16
15082,252495.0,-0.8,0.30000000000000004,1.6,0.2,1.8,11.200000000000001,14.0,2.1999999999999997,8.3,16
15083,252509.0,-0.4,0.30000000000000004,1.7000000000000002,0.9,1.8,11.3,14.3,-1.0999999999999999,8.200000000000001,16
15084,252525.0,0.30000000000000004,0.30000000000000004,1.3,1.4000000000000001,1.9000000000000001,10.9,14.800000000000002,0.4,7.400000000000001,16
15085,252542.0,0.7000000000000001,0.2,1.0,1.7000000000000002,1.8,10.600000000000001,17.1,5.8,6.000000000000001,16
15086,252559.0,0.6000000000000001,0.2,1.1,1.6,1.9000000000000001,10.9,16.900000000000002,8.9,4.800000000000001,16
15087,252581.0,0.5,0.30000000000000004,1.5,1.6,1.9000000000000001,11.100000000000001,12.5,3.3000000000000003,5.4,16
15088,252592.0,0.8,0.2,1.5,2.3000000000000003,1.8,11.200000000000001,7.500000000000001,-3.7000000000000006,5.0,16
15089,252609.0,1.7000000000000002,-0.1,1.8,3.0,1.6,11.5,2.9,-10.3,0.1,16
15090,252625.0,2.5,-0.2,1.8,3.8000000000000003,1.5,11.5,-1.8,-13.100000000000001,-6.5,16
15091,252642.0,3.1,-0.4,1.3,4.3,1.3,11.0,-2.5,-7.300000000000001,-12.6,16
15092,252660.0,3.1,-0.5,0.7000000000000001,4.2,1.2000000000000002,10.100000000000001,2.4000000000000004,8.200000000000001,-17.400000000000002,16
15093,252682.0,2.2,-0.30000000000000004,-0.7000000000000001,2.9000000000000004,1.5,8.9,14.0,35.9,-18.6,16
15094,252694.0,2.2,-0.30000000000000004,-0.7000000000000001,2.9000000000000004,1.5,8.9,14.0,35.9,-18.6,16
15095,252711.0,1.6,-0.2,-1.0,2.4000000000000004,1.6,8.5,10.600000000000001,31.2,-17.1,16
15096,252726.0,1.2000000000000002,-0.2,-1.4000000000000001,2.1,1.7000000000000002,8.200000000000001,3.5,23.0,-14.800000000000002,16
15097,252742.0,0.9,-0.2,-1.6,1.8,1.6,8.1,-3.4,13.3,-12.200000000000001,16
15098,252759.0,0.8,-0.2,-1.6,1.5,1.7000000000000002,8.1,-7.400000000000001,4.1000000000000005,-9.4,16
15099,252780.0,0.30000000000000004,0.0,-1.0,1.2000000000000002,1.7000000000000002,8.4,-10.4,-6.7,-6.9,16
15100,252794.0,0.2,0.1,-0.8,1.1,1.8,8.9,-15.000000000000002,-19.1,-5.2,16
15101,252811.0,0.2,0.2,-0.6000000000000001,1.1,2.0,9.0,-18.0,-26.9,-4.0,16
15102,252825.0,0.30000000000000004,0.30000000000000004,-0.9,1.3,1.9000000000000001,8.700000000000001,-16.0,-21.0,-3.2,16
15103,252842.0,0.2,0.30000000000000004,-1.4000000000000001,1.2000000000000002,1.9000000000000001,8.200000000000001,-8.200000000000001,-3.7000000000000006,-3.1,16
15104,252861.0,0.0,0.2,-1.6,0.7000000000000001,1.9000000000000001,8.0,1.0999999999999999,12.8,-4.3999999999999995,16
15105,252881.0,-1.3,0.4,-1.5,-0.1,2.0,8.1,3.9,19.3,-6.1000000000000005,16
15106,252893.0,-1.5,0.30000000000000004,-1.6,-0.6000000000000001,2.0,8.1,-0.2,13.4,-7.2,16
15107,252910.0,-1.5,0.30000000000000004,-1.6,-0.7000000000000001,1.9000000000000001,8.0,-9.8,7.500000000000001,-7.699999999999999,16
15108,252926.0,-1.6,0.2,-1.7000000000000002,-0.8,1.8,7.800000000000001,-17.0,3.9,-6.1000000000000005,16
15109,252942.0,-1.7000000000000002,0.1,-1.6,-0.9,1.7000000000000002,8.0,-19.400000000000002,5.300000000000001,-2.0,16
15110,252959.0,-1.7000000000000002,0.2,-1.3,-1.0,1.7000000000000002,8.6,-17.7,6.4,4.1000000000000005,16
15111,252978.0,-1.6,0.30000000000000004,-0.7000000000000001,-0.8,1.8,9.0,-13.9,3.7000000000000006,10.4,16
15112,252992.0,-1.2000000000000002,0.30000000000000004,-0.30000000000000004,-0.4,1.8,9.4,-10.4,-1.3,15.299999999999999,16
15113,253012.0,-0.6000000000000001,0.5,-0.30000000000000004,0.1,1.9000000000000001,9.3,-5.8,-3.7000000000000006,17.8,16
15114,253025.0,-0.5,0.6000000000000001,-0.30000000000000004,0.30000000000000004,2.1,9.3,0.5,1.0,19.200000000000003,16
15115,253042.0,-0.4,0.9,-0.5,0.30000000000000004,2.4000000000000004,9.1,7.500000000000001,8.0,20.7,16
15116,253058.0,-0.5,1.1,-0.5,0.2,2.7,9.200000000000001,11.6,12.9,22.4,16
15117,253075.0,-0.6000000000000001,1.3,-0.4,0.1,2.9000000000000004,9.200000000000001,11.000000000000002,12.000000000000002,23.8,16
15118,253092.0,-0.4,1.3,-0.4,0.30000000000000004,2.9000000000000004,9.200000000000001,8.200000000000001,8.5,23.700000000000003,16
15119,253108.0,-0.2,1.3,-0.2,0.5,2.8000000000000003,9.3,2.1,2.7,20.8,16
15120,253125.0,0.0,1.3,0.0,0.9,2.8000000000000003,9.8,-5.300000000000001,-4.300000000000001,17.9,16
15121,253142.0,0.7000000000000001,1.2000000000000002,0.6000000000000001,1.5,2.7,10.3,-11.3,-9.8,15.6,16
15122,253158.0,1.1,1.1,0.8,2.3000000000000003,2.4000000000000004,10.600000000000001,-14.0,-9.4,11.9,16
15123,253175.0,1.8,0.8,1.0,2.7,2.1,10.700000000000001,-13.700000000000001,-2.4000000000000004,4.3999999999999995,16
15124,253192.0,1.7000000000000002,0.5,1.0,2.4000000000000004,1.9000000000000001,10.700000000000001,-11.5,6.5,-3.3000000000000003,16
15125,253208.0,0.9,0.5,1.2000000000000002,1.6,1.9000000000000001,10.9,-9.9,14.900000000000002,-7.500000000000001,16
15126,253225.0,0.5,0.5,1.5,1.1,1.8,11.3,-11.9,14.200000000000001,-6.8,16
15127,253242.0,0.30000000000000004,0.30000000000000004,2.0,1.1,1.6,11.8,-15.9,6.5,-4.3999999999999995,16
15128,253259.0,0.7000000000000001,0.1,2.3000000000000003,1.4000000000000001,1.3,12.0,-16.6,0.5,-2.3000000000000003,16
15129,253280.0,0.9,0.0,2.1,1.6,1.3,11.9,-7.9,5.500000000000001,0.0,16
15130,253292.0,0.8,0.1,1.9000000000000001,1.4000000000000001,1.4000000000000001,11.5,8.700000000000001,17.1,3.3000000000000003,16
15131,253309.0,0.5,0.1,1.6,1.0,1.4000000000000001,11.4,24.5,25.900000000000002,5.9,16
15132,253325.0,0.30000000000000004,0.0,1.7000000000000002,0.7000000000000001,1.4000000000000001,11.4,30.5,20.4,5.7,16
15133,253342.0,0.30000000000000004,-0.2,1.3,1.0,1.2000000000000002,10.9,27.2,8.200000000000001,3.8,16
15134,253359.0,0.7000000000000001,-0.5,0.5,1.3,1.1,10.200000000000001,20.1,0.6000000000000001,2.1999999999999997,16
15135,253376.0,1.1,-0.7000000000000001,-0.1,1.6,0.9,9.700000000000001,15.2,1.2000000000000002,1.0999999999999999,16
15136,253392.0,1.2000000000000002,-0.8,-0.1,1.7000000000000002,0.8,9.600000000000001,11.700000000000001,5.300000000000001,0.0,16
15137,253408.0,1.3,-0.9,-0.30000000000000004,1.8,0.7000000000000001,9.4,9.8,6.5,-0.8,16
15138,253425.0,1.2000000000000002,-1.2000000000000002,-0.7000000000000001,1.7000000000000002,0.5,9.1,10.1,7.400000000000001,-2.3000000000000003,16
15139,253442.0,1.0,-1.3,-0.9,1.4000000000000001,0.4,8.700000000000001,12.700000000000001,8.3,-4.9,16
15140,253458.0,0.7000000000000001,-1.3,-1.2000000000000002,1.1,0.4,8.5,13.9,6.000000000000001,-8.1,16
15141,253479.0,0.6000000000000001,-1.4000000000000001,-1.3,1.0,0.4,8.3,9.700000000000001,-1.2000000000000002,-11.1,16
15142,253492.0,0.6000000000000001,-1.4000000000000001,-1.6,0.9,0.4,8.1,3.7000000000000006,-6.1000000000000005,-12.000000000000002,16
15143,253509.0,0.30000000000000004,-1.2000000000000002,-1.6,0.7000000000000001,0.5,8.1,-1.9,-11.3,-10.0,16
15144,253525.0,0.1,-1.0,-1.3,0.6000000000000001,0.7000000000000001,8.4,-8.0,-16.0,-5.7,16
15145,253542.0,0.1,-1.0,-1.2000000000000002,0.7000000000000001,0.7000000000000001,8.5,-10.600000000000001,-18.7,-1.4,16
15146,253561.0,0.0,-0.9,-1.1,0.6000000000000001,0.8,8.5,-9.8,-18.400000000000002,0.2,16
15147,253575.0,-0.2,-0.6000000000000001,-1.0,0.5,1.0,8.6,-7.699999999999999,-19.1,-0.5,16
15148,253595.0,-0.30000000000000004,-0.5,-1.2000000000000002,0.4,1.1,8.5,-5.8,-20.0,-1.6,16
15149,253609.0,-0.4,-0.4,-1.3,0.4,1.1,8.200000000000001,-5.0,-19.700000000000003,-2.7,16
15150,253625.0,-0.4,-0.4,-1.5,0.4,1.1,8.200000000000001,-6.3,-17.9,-4.9,16
15151,253642.0,-0.5,-0.4,-1.4000000000000001,0.30000000000000004,1.2000000000000002,8.3,-10.600000000000001,-17.8,-7.9,16
15152,253659.0,-0.5,-0.30000000000000004,-1.0,0.4,1.3,8.700000000000001,-15.9,-18.5,-9.600000000000001,16
15153,253677.0,-0.4,-0.2,-0.7000000000000001,0.5,1.2000000000000002,8.9,-19.9,-17.599999999999998,-10.3,16
15154,253693.0,-0.30000000000000004,-0.30000000000000004,-0.6000000000000001,0.6000000000000001,1.1,9.1,-20.4,-13.6,-11.2,16
15155,253709.0,-0.5,-0.2,-0.30000000000000004,0.5,1.1,9.4,-18.8,-11.000000000000002,-12.4,16
15156,253725.0,-0.7000000000000001,-0.1,0.1,0.30000000000000004,1.2000000000000002,9.8,-16.700000000000003,-10.5,-13.700000000000001,16
15157,253744.0,-1.0,0.1,0.4,0.0,1.4000000000000001,10.0,-12.200000000000001,-10.8,-13.5,16
15158,253759.0,-1.1,0.2,0.4,-0.1,1.5,10.100000000000001,-5.500000000000001,-8.600000000000001,-12.3,16
15159,253776.0,-1.2000000000000002,0.30000000000000004,0.5,-0.1,1.6,10.100000000000001,0.30000000000000004,-6.5,-12.4,16
15160,253792.0,-1.2000000000000002,0.4,0.5,-0.1,1.7000000000000002,10.100000000000001,3.6,-5.4,-14.3,16
15161,253808.0,-1.2000000000000002,0.4,0.6000000000000001,-0.1,1.7000000000000002,10.3,4.300000000000001,-3.7000000000000006,-17.1,16
15162,253825.0,-1.1,0.5,1.0,0.0,1.8,10.600000000000001,3.8,-3.4,-19.400000000000002,16
15163,253842.0,-0.9,0.4,1.2000000000000002,0.4,1.7000000000000002,11.0,1.7,-3.1,-21.6,16
15164,253860.0,-0.5,0.2,1.4000000000000001,0.6000000000000001,1.5,11.100000000000001,1.5000000000000002,0.1,-23.6,16
15165,253876.0,-0.5,0.0,1.4000000000000001,0.5,1.3,11.0,5.4,5.8,-24.3,16
15166,253897.0,-0.7000000000000001,-0.2,1.4000000000000001,0.2,1.2000000000000002,11.0,11.2,12.3,-23.400000000000002,16
15167,253908.0,-0.9,-0.1,1.6,0.0,1.3,11.200000000000001,15.6,14.500000000000002,-20.4,16
15168,253925.0,-1.0,0.0,1.5,-0.1,1.5,11.100000000000001,19.700000000000003,15.000000000000002,-16.1,16
15169,253943.0,-0.4,-0.1,1.3,0.4,1.4000000000000001,10.9,23.5,17.0,-14.0,16
15170,253958.0,-0.2,-0.2,1.4000000000000001,0.6000000000000001,1.5,11.100000000000001,20.5,13.6,-16.8,16
15171,253976.0,-0.30000000000000004,0.0,1.1,0.4,1.7000000000000002,10.700000000000001,13.6,9.700000000000001,-17.7,16
15172,253992.0,-0.30000000000000004,0.0,0.7000000000000001,0.4,1.7000000000000002,10.4,8.9,10.8,-15.299999999999999,16
15173,254009.0,-0.2,-0.1,0.7000000000000001,0.5,1.6,10.5,3.0000000000000004,11.4,-13.4,16
15174,254029.0,-0.1,-0.2,1.0,0.6000000000000001,1.5,10.8,-5.7,4.3999999999999995,-12.000000000000002,16
15175,254042.0,0.2,-0.1,1.0,0.9,1.5,10.8,-11.700000000000001,-2.1,-8.0,16
15176,254062.0,0.5,-0.2,0.9,1.5,1.4000000000000001,10.600000000000001,-8.600000000000001,0.2,-2.3000000000000003,16
15177,254090.0,1.9000000000000001,-0.6000000000000001,0.1,2.8000000000000003,1.0,9.600000000000001,13.100000000000001,18.8,-5.2,16
15178,254092.0,2.2,-0.6000000000000001,-0.2,2.8000000000000003,1.0,9.600000000000001,13.100000000000001,18.8,-5.2,16
15179,254109.0,2.3000000000000003,-0.6000000000000001,-0.4,2.8000000000000003,1.1,9.200000000000001,17.3,22.000000000000004,-11.9,16
15180,254126.0,2.2,-0.5,-1.0,2.6,1.2000000000000002,8.6,13.6,18.8,-17.400000000000002,16
15181,254142.0,1.7000000000000002,-0.5,-1.8,2.2,1.3,8.0,3.7000000000000006,14.700000000000001,-21.5,16
15182,254159.0,1.3,-0.30000000000000004,-2.0,1.4000000000000001,1.5,7.800000000000001,-9.1,11.2,-21.400000000000002,16
15183,254175.0,0.5,-0.2,-2.0,0.7000000000000001,1.5,7.9,-21.8,6.7,-17.200000000000003,16
15184,254193.0,-0.1,-0.1,-1.7000000000000002,0.30000000000000004,1.4000000000000001,8.200000000000001,-28.500000000000004,1.6,-10.8,16
15185,254208.0,-0.30000000000000004,-0.2,-1.4000000000000001,0.1,1.4000000000000001,8.8,-29.500000000000004,-5.8,-5.6,16
15186,254225.0,-0.30000000000000004,-0.2,-0.5,0.2,1.2000000000000002,9.5,-28.6,-18.0,-3.5,16
15187,254242.0,-0.1,-0.2,-0.1,0.5,1.2000000000000002,9.8,-26.8,-29.700000000000003,-4.1000000000000005,16
15188,254261.0,0.4,-0.30000000000000004,-0.2,1.0,1.0,9.600000000000001,-21.400000000000002,-31.099999999999998,-7.1000000000000005,16
15189,254276.0,0.4,-0.2,-0.4,1.0,1.1,9.3,-12.100000000000001,-19.200000000000003,-10.2,16
15190,254292.0,-0.1,-0.1,-0.8,0.5,1.2000000000000002,8.9,-2.1,-4.5,-10.700000000000001,16
15191,254309.0,-0.8,0.1,-1.0,-0.1,1.3,8.8,2.1999999999999997,8.4,-8.700000000000001,16
15192,254326.0,-1.2000000000000002,0.1,-1.1,-0.6000000000000001,1.3,8.700000000000001,-0.5,10.2,-7.0,16
15193,254342.0,-1.5,0.0,-1.3,-1.0,1.3,8.5,-7.699999999999999,8.799999999999999,-6.2,16
15194,254359.0,-1.7000000000000002,0.0,-1.3,-1.3,1.2000000000000002,8.5,-14.600000000000001,7.9,-4.9,16
15195,254375.0,-2.0,0.0,-1.2000000000000002,-1.5,1.1,8.700000000000001,-18.400000000000002,6.8,-2.1999999999999997,16
15196,254392.0,-2.0,-0.1,-0.8,-1.5,1.0,9.1,-20.7,3.6,0.6000000000000001,16
15197,254410.0,-1.9000000000000001,0.0,-0.5,-1.5,1.0,9.3,-20.2,0.0,4.1000000000000005,16
15198,254425.0,-1.9000000000000001,0.0,-0.30000000000000004,-1.4000000000000001,1.0,9.600000000000001,-16.8,-2.1,9.1,16
15199,254443.0,-1.8,0.1,-0.1,-1.3,1.0,9.8,-13.3,-3.2,14.800000000000002,16
15200,254459.0,-1.8,0.1,0.1,-1.3,1.0,9.8,-13.3,-3.2,14.800000000000002,16
15201,254477.0,-1.6,0.2,0.4,-1.1,1.2000000000000002,10.3,-4.6000000000000005,0.0,25.2,16
15202,254493.0,-1.3,0.5,0.6000000000000001,-0.8,1.4000000000000001,10.4,1.7,6.5,29.300000000000004,16
15203,254508.0,-0.9,0.6000000000000001,0.8,-0.5,1.5,10.600000000000001,6.6000000000000005,12.200000000000001,31.2,16
15204,254525.0,-0.7000000000000001,0.7000000000000001,0.8,-0.2,1.7000000000000002,10.700000000000001,8.5,16.400000000000002,31.4,16
15205,254542.0,-0.30000000000000004,0.9,0.8,0.1,1.8,10.700000000000001,8.700000000000001,19.400000000000002,30.799999999999997,16
15206,254558.0,0.2,0.9,0.9,0.5,1.9000000000000001,10.8,7.6,21.700000000000003,29.400000000000002,16
15207,254576.0,0.5,0.9,0.9,0.9,1.8,10.700000000000001,5.6,23.400000000000002,26.400000000000002,16
15208,254592.0,1.0,0.8,0.7000000000000001,1.2000000000000002,1.8,10.5,4.6000000000000005,26.700000000000003,22.7,16
15209,254609.0,1.2000000000000002,0.6000000000000001,0.4,1.3,1.7000000000000002,10.200000000000001,5.500000000000001,30.9,19.3,16
15210,254625.0,1.2000000000000002,0.6000000000000001,0.1,1.2000000000000002,1.7000000000000002,9.8,8.0,37.4,17.0,16
15211,254642.0,1.0,0.6000000000000001,-0.30000000000000004,0.7000000000000001,1.7000000000000002,9.5,9.3,45.0,15.8,16
15212,254663.0,0.4,0.7000000000000001,-0.30000000000000004,0.2,1.8,9.600000000000001,8.5,46.0,15.000000000000002,16
15213,254675.0,0.2,0.7000000000000001,0.1,-0.2,1.8,10.4,4.3999999999999995,33.800000000000004,13.9,16
15214,254692.0,0.4,0.6000000000000001,0.9,0.2,1.7000000000000002,10.9,-3.8,12.9,10.3,16
15215,254708.0,1.0,0.5,1.3,0.7000000000000001,1.6,11.100000000000001,-10.9,-5.4,5.500000000000001,16
15216,254726.0,1.7000000000000002,0.30000000000000004,1.2000000000000002,1.4000000000000001,1.4000000000000001,11.100000000000001,-14.4,-16.700000000000003,1.3,16
15217,254743.0,1.8,0.2,1.3,1.6,1.3,11.200000000000001,-14.100000000000001,-17.8,-1.5000000000000002,16
15218,254759.0,1.8,0.30000000000000004,1.4000000000000001,1.6,1.3,11.3,-8.0,-14.3,-1.8,16
15219,254775.0,1.7000000000000002,0.30000000000000004,1.6,1.6,1.3,11.5,-0.2,-9.8,-0.6000000000000001,16
15220,254792.0,1.6,0.30000000000000004,1.6,1.5,1.3,11.4,7.0,-8.600000000000001,0.7,16
15221,254809.0,1.5,0.1,1.1,1.4000000000000001,1.1,10.9,13.9,-5.2,1.5000000000000002,16
15222,254825.0,1.4000000000000001,-0.30000000000000004,0.2,1.3,0.8,10.100000000000001,22.2,1.0,0.8,16
15223,254842.0,1.2000000000000002,-0.6000000000000001,-0.2,1.0,0.5,9.4,29.1,6.3,-1.4,16
15224,254859.0,0.8,-1.0,-1.0,0.6000000000000001,0.30000000000000004,8.8,32.4,7.2,-3.8,16
15225,254888.0,0.1,-1.3,-1.5,0.0,0.2,8.3,23.5,-4.9,-4.5,16
15226,254892.0,0.1,-1.3,-1.5,0.0,0.2,8.3,23.5,-4.9,-4.5,16
15227,254911.0,0.1,-1.3,-1.6,0.1,0.1,8.200000000000001,13.4,-11.9,-4.300000000000001,16
15228,254925.0,0.5,-1.5,-1.5,0.5,0.0,8.3,3.7000000000000006,-15.8,-6.3,16
15229,254942.0,0.7000000000000001,-1.6,-1.3,0.7000000000000001,-0.1,8.700000000000001,-5.8,-17.3,-10.1,16
15230,254959.0,0.6000000000000001,-1.5,-0.8,0.6000000000000001,-0.1,9.1,-14.800000000000002,-19.3,-11.700000000000001,16
15231,254991.0,0.2,-1.4000000000000001,-0.4,0.30000000000000004,0.0,9.4,-21.400000000000002,-14.4,-6.6000000000000005,16
15232,255002.0,0.1,-1.3,-0.4,0.30000000000000004,0.0,9.4,-21.400000000000002,-14.4,-6.6000000000000005,16
15233,255008.0,-0.1,-1.1,-0.30000000000000004,0.0,0.1,9.5,-14.200000000000001,-6.4,-1.8,16
15234,255025.0,-0.4,-1.0,-0.2,-0.30000000000000004,0.30000000000000004,9.600000000000001,-4.300000000000001,-0.1,2.7,16
15235,255042.0,-0.6000000000000001,-0.8,-0.30000000000000004,-0.5,0.5,9.5,4.3999999999999995,1.5000000000000002,5.6,16
15236,255060.0,-0.8,-0.6000000000000001,-0.5,-0.6000000000000001,0.7000000000000001,9.200000000000001,11.000000000000002,1.0999999999999999,8.1,16
15237,255080.0,-0.8,-0.5,-0.9,-0.6000000000000001,0.8,8.9,15.000000000000002,-0.9,10.0,16
15238,255092.0,-0.8,-0.4,-1.0,-0.5,0.9,8.8,15.9,-3.4,10.1,16
15239,255109.0,-0.7000000000000001,-0.5,-1.1,-0.5,0.9,8.6,14.200000000000001,-5.6,8.3,16
15240,255125.0,-0.7000000000000001,-0.4,-1.2000000000000002,-0.5,0.9,8.6,10.3,-9.3,6.000000000000001,16
15241,255142.0,-0.7000000000000001,-0.30000000000000004,-0.8,-0.5,1.1,8.9,3.8,-12.200000000000001,4.1000000000000005,16
15242,255158.0,-0.7000000000000001,-0.2,-0.7000000000000001,-0.30000000000000004,1.2000000000000002,9.1,-2.0,-13.5,2.8,16
15243,255175.0,-0.5,-0.1,-0.4,-0.2,1.2000000000000002,9.3,-4.6000000000000005,-9.9,3.1,16
15244,255192.0,-0.5,-0.1,-0.30000000000000004,-0.2,1.2000000000000002,9.5,-4.2,-5.1,3.3000000000000003,16
15245,255208.0,-0.6000000000000001,-0.1,-0.1,-0.4,1.2000000000000002,9.600000000000001,-1.9,-0.1,1.9,16
15246,255225.0,-1.0,0.0,0.1,-0.7000000000000001,1.3,9.8,1.0,2.9,0.2,16
15247,255242.0,-1.4000000000000001,0.2,0.4,-1.1,1.5,10.100000000000001,3.3000000000000003,1.5000000000000002,-0.7,16
15248,255259.0,-1.5,0.30000000000000004,0.5,-1.2000000000000002,1.7000000000000002,10.4,4.7,-2.8,0.0,16
15249,255284.0,-1.4000000000000001,0.4,0.8,-1.1,1.8,10.5,5.9,-8.1,1.6,16
15250,255292.0,-1.2000000000000002,0.4,0.8,-0.8,1.8,10.5,7.8,-9.9,2.7,16
15251,255309.0,-1.1,0.4,0.8,-0.7000000000000001,1.8,10.600000000000001,10.700000000000001,-9.5,3.2,16
15252,255326.0,-1.0,0.30000000000000004,0.9,-0.6000000000000001,1.8,10.700000000000001,14.500000000000002,-7.9,3.9,16
15253,255342.0,-1.0,0.30000000000000004,1.0,-0.7000000000000001,1.8,10.8,18.8,-6.000000000000001,4.7,16
15254,255361.0,-1.1,0.2,1.0,-0.7000000000000001,1.8,10.700000000000001,23.5,-4.6000000000000005,5.4,16
15255,255380.0,-1.0,0.2,0.8,-0.6000000000000001,1.9000000000000001,10.5,29.200000000000003,0.5,4.3999999999999995,16
15256,255392.0,-1.0,0.2,0.6000000000000001,-0.6000000000000001,2.0,10.4,34.2,5.7,1.2000000000000002,16
15257,255409.0,-1.0,0.2,0.8,-0.5,2.2,10.700000000000001,31.2,3.0000000000000004,-4.300000000000001,16
15258,255426.0,-1.4000000000000001,0.1,1.0,-0.9,2.1,10.600000000000001,19.3,-5.8,-5.0,16
15259,255442.0,-0.7000000000000001,0.30000000000000004,0.8,-0.30000000000000004,2.3000000000000003,10.600000000000001,11.000000000000002,-10.2,-0.7,16
15260,255459.0,-0.4,0.2,0.9,0.1,2.1,10.8,7.699999999999999,-7.699999999999999,2.0,16
15261,255480.0,-0.30000000000000004,0.1,1.1,0.1,2.1,10.8,7.699999999999999,-7.699999999999999,2.0,16
15262,255492.0,0.1,0.1,1.3,0.6000000000000001,2.1,11.0,9.4,-2.6,6.000000000000001,16
15263,255508.0,0.30000000000000004,0.0,1.3,1.0,2.0,10.9,14.3,-0.2,6.7,16
15264,255526.0,0.8,-0.2,1.1,1.3,1.9000000000000001,10.700000000000001,17.0,1.2000000000000002,3.7000000000000006,16
15265,255544.0,1.1,-0.30000000000000004,0.8,1.6,1.9000000000000001,10.4,16.400000000000002,1.7,-0.4,16
15266,255559.0,1.2000000000000002,-0.30000000000000004,0.6000000000000001,1.7000000000000002,1.9000000000000001,10.0,14.200000000000001,4.0,-2.6,16
15267,255577.0,1.4000000000000001,-0.4,-0.1,1.9000000000000001,1.8,9.4,13.3,10.9,-3.4,16
15268,255592.0,1.4000000000000001,-0.5,-0.7000000000000001,1.8,1.7000000000000002,9.0,13.200000000000001,18.400000000000002,-4.3999999999999995,16
15269,255609.0,1.4000000000000001,-0.6000000000000001,-0.8,1.7000000000000002,1.7000000000000002,8.700000000000001,11.2,22.5,-6.1000000000000005,16
15270,255625.0,1.2000000000000002,-0.6000000000000001,-1.2000000000000002,1.4000000000000001,1.8,8.5,5.300000000000001,19.700000000000003,-7.1000000000000005,16
15271,255642.0,1.1,-0.5,-1.2000000000000002,1.3,1.8,8.4,-2.1999999999999997,12.700000000000001,-6.1000000000000005,16
15272,255658.0,1.2000000000000002,-0.5,-1.3,1.4000000000000001,1.8,8.3,-7.8,7.500000000000001,-3.5,16
15273,255675.0,1.3,-0.4,-1.3,1.6,1.8,8.4,-9.0,3.4,-0.4,16
15274,255692.0,1.5,-0.4,-1.2000000000000002,1.7000000000000002,1.9000000000000001,8.5,-6.2,-0.4,1.7,16
15275,255709.0,1.6,-0.2,-0.9,1.7000000000000002,1.9000000000000001,8.5,-6.2,-0.4,1.7,16
15276,255725.0,1.6,0.0,-0.8,1.9000000000000001,2.3000000000000003,8.9,2.8,-14.200000000000001,0.30000000000000004,16
15277,255742.0,1.7000000000000002,0.30000000000000004,-0.8,2.0,2.6,8.700000000000001,5.4,-21.6,-3.7000000000000006,16
15278,255758.0,1.6,0.6000000000000001,-1.3,2.1,2.9000000000000004,8.3,5.9,-23.2,-9.9,16
15279,255778.0,1.2000000000000002,0.7000000000000001,-1.5,1.8,3.0,8.1,4.1000000000000005,-18.0,-18.6,16
15280,255793.0,0.8,0.9,-1.6,1.2000000000000002,3.3000000000000003,8.0,0.5,-14.600000000000001,-22.3,16
15281,255809.0,0.0,1.1,-1.6,0.5,3.4000000000000004,7.9,-6.7,-15.5,-23.700000000000003,16
15282,255825.0,-0.30000000000000004,1.1,-1.5,0.1,3.3000000000000003,8.1,-11.1,-14.900000000000002,-22.3,16
15283,255842.0,-0.8,0.9,-1.4000000000000001,-0.4,3.1,8.200000000000001,-14.200000000000001,-14.3,-20.3,16
15284,255859.0,-1.2000000000000002,0.7000000000000001,-1.1,-0.7000000000000001,2.9000000000000004,8.5,-15.5,-15.6,-17.9,16
15285,255877.0,-1.7000000000000002,0.5,-0.7000000000000001,-1.0,2.7,8.8,-14.700000000000001,-18.0,-15.100000000000001,16
15286,255892.0,-1.8,0.5,-0.6000000000000001,-1.2000000000000002,2.6,9.1,-12.4,-22.5,-11.2,16
15287,255909.0,-1.9000000000000001,0.30000000000000004,-0.30000000000000004,-1.2000000000000002,2.4000000000000004,9.3,-10.1,-26.3,-6.7,16
15288,255925.0,-1.8,0.2,-0.2,-0.9,2.2,9.4,-8.0,-28.500000000000004,-2.4000000000000004,16
15289,255942.0,-1.6,0.0,-0.1,-0.7000000000000001,2.1,9.4,-5.8,-25.700000000000003,1.2000000000000002,16
15290,255959.0,-1.6,0.0,-0.1,-0.7000000000000001,2.0,9.4,-2.5,-19.700000000000003,5.300000000000001,16
15291,255984.0,-1.5,0.0,0.0,-0.5,2.0,9.5,0.30000000000000004,-12.8,9.600000000000001,16
15292,255994.0,-1.4000000000000001,-0.1,-0.1,-0.4,2.0,9.4,0.9,-6.000000000000001,12.000000000000002,16
15293,256008.0,-1.3,0.0,-0.2,-0.30000000000000004,2.0,9.3,0.30000000000000004,0.9,13.4,16
15294,256025.0,-1.2000000000000002,0.0,-0.4,-0.30000000000000004,2.1,9.1,-1.2000000000000002,7.500000000000001,14.4,16
15295,256042.0,-1.2000000000000002,0.0,-0.5,-0.2,2.1,9.0,-3.4,13.5,14.100000000000001,16
15296,256058.0,-1.0,0.2,-0.5,-0.1,2.2,9.0,-6.1000000000000005,16.900000000000002,12.700000000000001,16
15297,256075.0,-0.9,0.30000000000000004,-0.5,-0.1,2.3000000000000003,9.1,-10.4,17.3,10.4,16
15298,256094.0,-0.8,0.4,-0.4,0.0,2.4000000000000004,9.200000000000001,-16.900000000000002,14.200000000000001,9.0,16
15299,256110.0,-0.4,0.5,-0.30000000000000004,0.4,2.4000000000000004,9.3,-24.7,10.9,7.9,16
15300,256126.0,0.1,0.5,0.0,0.9,2.3000000000000003,9.600000000000001,-31.3,9.200000000000001,6.8,16
15301,256142.0,0.30000000000000004,0.5,0.2,1.1,2.3000000000000003,9.9,-32.1,12.100000000000001,6.6000000000000005,16
15302,256158.0,0.5,0.6000000000000001,0.4,1.1,2.3000000000000003,10.100000000000001,-27.6,16.2,7.500000000000001,16
15303,256175.0,0.4,0.7000000000000001,0.5,0.8,2.4000000000000004,10.200000000000001,-19.700000000000003,21.200000000000003,8.0,16
15304,256213.0,-0.7000000000000001,1.2000000000000002,1.6,-0.2,2.8000000000000003,11.3,-6.9,9.700000000000001,5.300000000000001,16
15305,256225.0,0.0,1.4000000000000001,2.2,0.5,2.9000000000000004,11.9,-11.6,-11.5,3.2,16
15306,256243.0,0.4,1.4000000000000001,2.0,1.4000000000000001,2.8000000000000003,11.600000000000001,-14.100000000000001,-19.0,-0.1,16
15307,256261.0,1.2000000000000002,1.1,2.2,1.8,2.6,11.9,-11.2,-12.200000000000001,-4.300000000000001,16
15308,256275.0,1.1,1.1,2.0,1.7000000000000002,2.6,11.700000000000001,-5.300000000000001,-2.4000000000000004,-7.300000000000001,16
15309,256294.0,0.9,1.1,1.8,1.4000000000000001,2.5,11.5,-0.8,5.4,-7.2,16
15310,256309.0,0.9,1.1,1.8,1.4000000000000001,2.5,11.5,-0.8,5.4,-7.2,16
15311,256325.0,1.4000000000000001,0.4,2.1,2.0,1.9000000000000001,11.8,-0.7,7.6,-6.5,16
15312,256342.0,1.3,0.2,1.8,2.1,1.5,11.3,2.9,7.1000000000000005,-6.1000000000000005,16
15313,256358.0,1.5,-0.2,1.2000000000000002,2.1,1.3,10.9,9.1,11.3,-5.4,16
15314,256379.0,1.6,-0.5,0.7000000000000001,2.1,1.0,10.4,16.5,16.900000000000002,-4.7,16
15315,256393.0,1.4000000000000001,-0.8,-0.1,1.9000000000000001,0.9,9.700000000000001,23.0,21.400000000000002,-5.2,16
15316,256408.0,1.2000000000000002,-0.9,-0.6000000000000001,1.5,0.8,9.0,27.0,24.8,-5.9,16
15317,256425.0,0.8,-1.0,-1.2000000000000002,1.1,0.7000000000000001,8.6,26.6,23.2,-7.500000000000001,16
15318,256442.0,0.5,-1.1,-1.3,0.8,0.7000000000000001,8.5,20.900000000000002,17.9,-9.3,16
15319,256458.0,0.4,-1.1,-1.3,0.7000000000000001,0.7000000000000001,8.4,12.200000000000001,9.200000000000001,-10.600000000000001,16
15320,256478.0,0.5,-1.2000000000000002,-1.3,0.7000000000000001,0.7000000000000001,8.4,4.0,1.2000000000000002,-11.700000000000001,16
15321,256493.0,0.6000000000000001,-1.4000000000000001,-1.3,0.9,0.5,8.4,-3.5,-5.6,-13.8,16
15322,256511.0,0.6000000000000001,-1.4000000000000001,-1.2000000000000002,0.8,0.4,8.6,-10.4,-10.700000000000001,-14.700000000000001,16
15323,256525.0,0.4,-1.4000000000000001,-1.0,0.7000000000000001,0.4,8.700000000000001,-15.8,-14.100000000000001,-12.5,16
15324,256544.0,0.0,-1.2000000000000002,-1.0,0.30000000000000004,0.5,8.700000000000001,-17.599999999999998,-13.700000000000001,-7.1000000000000005,16
15325,256559.0,-0.30000000000000004,-1.1,-0.9,0.0,0.6000000000000001,8.8,-14.4,-11.2,0.7,16
15326,256578.0,-0.6000000000000001,-0.9,-0.9,-0.2,0.8,8.8,-8.700000000000001,-8.5,7.8,16
15327,256594.0,-0.7000000000000001,-0.7000000000000001,-0.8,-0.2,0.9,8.9,-2.8,-8.4,11.9,16
15328,256608.0,-0.7000000000000001,-0.5,-0.9,-0.2,1.1,8.700000000000001,2.9,-8.5,13.3,16
15329,256625.0,-0.7000000000000001,-0.30000000000000004,-1.1,-0.2,1.3,8.6,7.300000000000001,-8.1,13.3,16
15330,256642.0,-0.6000000000000001,-0.2,-1.2000000000000002,-0.1,1.5,8.4,8.1,-9.700000000000001,11.1,16
15331,256659.0,-0.7000000000000001,-0.1,-1.3,-0.1,1.6,8.200000000000001,3.1,-13.5,8.1,16
15332,256677.0,-0.6000000000000001,0.0,-1.6,0.0,1.7000000000000002,8.1,-4.9,-15.7,4.7,16
15333,256693.0,-0.6000000000000001,0.1,-1.5,0.0,1.7000000000000002,8.200000000000001,-14.3,-15.6,1.0999999999999999,16
15334,256709.0,-0.6000000000000001,0.1,-1.4000000000000001,0.1,1.7000000000000002,8.4,-21.6,-13.8,-0.6000000000000001,16
15335,256725.0,-0.5,0.0,-0.9,0.2,1.5,8.8,-24.000000000000004,-8.799999999999999,-2.0,16
15336,256742.0,-0.6000000000000001,0.0,-0.5,0.1,1.4000000000000001,9.200000000000001,-20.900000000000002,-4.1000000000000005,-3.3000000000000003,16
15337,256758.0,-0.7000000000000001,0.0,-0.30000000000000004,-0.2,1.4000000000000001,9.5,-14.900000000000002,-0.2,-4.2,16
15338,256775.0,-1.1,0.0,0.0,-0.4,1.3,9.700000000000001,-10.8,-1.5000000000000002,-5.1,16
15339,256792.0,-1.2000000000000002,0.0,0.1,-0.5,1.3,9.8,-9.4,-5.6,-5.2,16
15340,256809.0,-1.2000000000000002,0.1,0.2,-0.4,1.4000000000000001,9.9,-9.5,-8.799999999999999,-3.9,16
15341,256825.0,-1.0,0.2,0.30000000000000004,-0.2,1.4000000000000001,10.0,-10.2,-9.8,-1.7,16
15342,256842.0,-0.8,0.2,0.6000000000000001,0.0,1.4000000000000001,10.200000000000001,-10.9,-10.4,0.0,16
15343,256859.0,-0.7000000000000001,0.2,0.7000000000000001,0.1,1.4000000000000001,10.4,-10.3,-9.9,1.2000000000000002,16
15344,256875.0,-0.7000000000000001,0.1,0.8,0.1,1.3,10.600000000000001,-8.5,-9.3,2.5,16
15345,256892.0,-0.8,0.1,1.0,0.0,1.3,10.700000000000001,-5.7,-8.4,4.7,16
15346,256911.0,-1.1,0.30000000000000004,1.1,-0.30000000000000004,1.4000000000000001,10.8,-1.6,-5.6,7.9,16
15347,256925.0,-1.2000000000000002,0.30000000000000004,1.2000000000000002,-0.4,1.4000000000000001,11.100000000000001,3.1,-4.800000000000001,10.0,16
15348,256942.0,-1.2000000000000002,0.2,1.9000000000000001,-0.30000000000000004,1.4000000000000001,11.8,2.1999999999999997,-11.9,8.200000000000001,16
15349,256959.0,-1.2000000000000002,0.30000000000000004,2.4000000000000004,-0.1,1.6,12.3,-3.7000000000000006,-25.6,6.2,16
15350,256975.0,-0.7000000000000001,0.5,2.6,0.4,1.6,12.4,-10.3,-32.1,7.1000000000000005,16
15351,257001.0,-0.2,0.4,2.6,0.9,1.6,12.4,-12.6,-27.7,9.1,16
15352,257008.0,0.1,0.5,2.6,1.3,1.6,12.3,-7.0,-14.4,13.0,16
15353,257025.0,0.30000000000000004,0.4,2.3000000000000003,1.5,1.4000000000000001,11.9,7.500000000000001,0.2,12.4,16
15354,257041.0,0.6000000000000001,0.2,2.0,1.8,1.3,11.8,19.200000000000003,14.200000000000001,10.700000000000001,16
15355,257058.0,0.7000000000000001,0.0,1.4000000000000001,1.8,1.2000000000000002,11.200000000000001,26.700000000000003,21.700000000000003,7.8,16
15356,257075.0,0.9,-0.1,0.8,2.1,1.1,10.200000000000001,29.900000000000006,25.400000000000002,4.2,16
15357,257092.0,1.2000000000000002,-0.4,-0.2,2.2,0.9,9.4,28.1,29.600000000000005,-0.7,16
15358,257109.0,1.4000000000000001,-0.7000000000000001,-0.7000000000000001,2.3000000000000003,0.7000000000000001,9.1,21.3,29.700000000000003,-5.4,16
15359,257125.0,1.5,-0.8,-0.7000000000000001,2.4000000000000004,0.6000000000000001,9.1,10.3,25.3,-8.4,16
15360,257142.0,1.7000000000000002,-0.9,-0.8,2.5,0.5,9.0,0.0,20.900000000000002,-8.3,16
15361,257158.0,2.0,-1.1,-0.9,2.8000000000000003,0.30000000000000004,8.9,-6.6000000000000005,18.6,-7.1000000000000005,16
15362,257175.0,2.1,-1.2000000000000002,-0.9,2.7,0.2,8.9,-8.9,19.500000000000004,-5.6,16
15363,257193.0,1.9000000000000001,-1.1,-0.8,2.5,0.30000000000000004,9.1,-7.699999999999999,19.1,-3.1,16
15364,257209.0,1.7000000000000002,-0.9,-0.6000000000000001,2.2,0.5,9.200000000000001,-4.5,15.5,0.0,16
15365,257225.0,1.6,-0.8,-0.6000000000000001,2.2,0.6000000000000001,9.200000000000001,-0.2,9.700000000000001,2.1999999999999997,16
15366,257242.0,1.5,-0.6000000000000001,-0.7000000000000001,2.1,0.8,8.9,4.300000000000001,4.1000000000000005,2.8,16
15367,257259.0,1.3,-0.30000000000000004,-1.2000000000000002,1.8,1.1,8.5,8.9,2.1,2.4000000000000004,16
15368,257275.0,0.8,0.1,-1.7000000000000002,1.3,1.4000000000000001,8.1,13.100000000000001,2.8,1.5000000000000002,16
15369,257293.0,0.5,0.2,-2.0,0.8,1.7000000000000002,7.7,14.900000000000002,3.7000000000000006,-0.2,16
15370,257308.0,-0.2,0.5,-2.2,0.30000000000000004,2.0,7.5,12.3,2.1999999999999997,-2.1,16
15371,257325.0,-0.9,0.7000000000000001,-2.1,-0.30000000000000004,2.2,7.5,5.9,-2.1,-3.4,16
15372,257342.0,-1.1,0.7000000000000001,-2.0,-0.7000000000000001,2.3000000000000003,7.7,-2.9,-8.9,-3.9,16
15373,257359.0,-1.5,0.8,-1.7000000000000002,-0.9,2.3000000000000003,8.0,-12.000000000000002,-15.5,-3.5,16
15374,257375.0,-1.7000000000000002,0.7000000000000001,-1.1,-1.0,2.1,8.5,-19.0,-22.1,-1.9,16
15375,257392.0,-1.6,0.6000000000000001,-0.9,-0.9,1.9000000000000001,9.0,-22.4,-25.700000000000003,0.2,16
15376,257408.0,-1.5,0.4,-0.1,-0.7000000000000001,1.7000000000000002,9.600000000000001,-21.900000000000002,-27.0,2.1999999999999997,16
15377,257425.0,-1.4000000000000001,0.30000000000000004,0.4,-0.6000000000000001,1.6,10.0,-17.1,-24.1,4.9,16
15378,257442.0,-1.4000000000000001,0.30000000000000004,0.5,-0.5,1.5,10.200000000000001,-8.200000000000001,-18.3,8.600000000000001,16
15379,257460.0,-1.2000000000000002,0.30000000000000004,0.4,-0.30000000000000004,1.5,10.100000000000001,1.6,-9.4,11.700000000000001,16
15380,257475.0,-1.2000000000000002,0.2,0.30000000000000004,-0.30000000000000004,1.5,9.8,10.0,0.30000000000000004,13.700000000000001,16
15381,257492.0,-1.2000000000000002,0.30000000000000004,0.0,-0.5,1.7000000000000002,9.5,14.200000000000001,8.3,15.000000000000002,16
15382,257508.0,-1.5,0.5,-0.30000000000000004,-0.7000000000000001,1.9000000000000001,9.3,14.800000000000002,13.200000000000001,16.900000000000002,16
15383,257525.0,-1.5,0.6000000000000001,-0.5,-0.7000000000000001,2.0,9.200000000000001,12.8,15.2,18.400000000000002,16
15384,257542.0,-1.3,0.7000000000000001,-0.5,-0.5,2.1,9.200000000000001,9.1,15.299999999999999,18.0,16
15385,257560.0,-1.0,0.7000000000000001,-0.5,-0.30000000000000004,2.1,9.200000000000001,4.5,14.900000000000002,15.6,16
15386,257575.0,-0.7000000000000001,0.7000000000000001,-0.2,-0.1,2.1,9.4,0.30000000000000004,13.3,12.6,16
15387,257592.0,-0.5,0.6000000000000001,0.0,0.30000000000000004,2.0,9.8,-4.1000000000000005,9.700000000000001,9.4,16
15388,257609.0,0.0,0.5,0.4,0.8,1.9000000000000001,10.200000000000001,-8.200000000000001,5.8,6.4,16
15389,257626.0,0.7000000000000001,0.5,0.8,1.3,1.9000000000000001,10.4,-10.1,3.9,4.2,16
15390,257642.0,1.0,0.4,0.8,1.8,1.8,10.5,-9.5,8.0,2.6,16
15391,257659.0,1.2000000000000002,0.5,0.6000000000000001,1.7000000000000002,2.0,10.3,-4.2,18.5,2.1999999999999997,16
15392,257675.0,0.6000000000000001,0.9,0.9,1.0,2.3000000000000003,10.700000000000001,2.0,23.5,1.9,16
15393,257692.0,0.30000000000000004,1.0,1.4000000000000001,0.6000000000000001,2.5,11.600000000000001,0.7,15.9,0.1,16
15394,257710.0,0.2,1.3,2.1,0.7000000000000001,2.7,11.8,-3.7000000000000006,3.0000000000000004,-0.8,16
15395,257727.0,0.5,1.2000000000000002,2.0,1.0,2.5,11.8,-4.9,-3.8,-2.5,16
15396,257742.0,0.7000000000000001,1.1,2.1,1.3,2.3000000000000003,11.9,0.4,-8.0,-5.9,16
15397,257758.0,0.9,0.9,1.6,1.4000000000000001,2.2,11.4,1.2000000000000002,0.0,-10.0,16
15398,257775.0,0.8,0.5,1.9000000000000001,1.2000000000000002,1.9000000000000001,11.700000000000001,1.9,4.2,-12.6,16
15399,257792.0,0.8,0.2,1.7000000000000002,1.2000000000000002,1.6,11.5,2.4000000000000004,3.8,-12.6,16
15400,257809.0,0.7000000000000001,0.0,1.5,1.3,1.4000000000000001,10.9,9.200000000000001,6.000000000000001,-9.700000000000001,16
15401,257826.0,1.2000000000000002,-0.2,0.6000000000000001,1.5,1.2000000000000002,10.3,16.400000000000002,13.9,-9.5,16
15402,257842.0,0.9,-0.5,0.30000000000000004,1.3,1.0,10.100000000000001,24.200000000000003,18.400000000000002,-9.4,16
15403,257858.0,0.8,-0.6000000000000001,0.0,1.1,0.9,9.700000000000001,29.500000000000004,16.3,-11.1,16
15404,257875.0,0.6000000000000001,-0.9,-0.4,0.9,0.8,9.3,30.599999999999998,13.100000000000001,-12.700000000000001,16
15405,257893.0,0.5,-1.1,-0.8,0.8,0.6000000000000001,8.9,27.0,7.400000000000001,-14.100000000000001,16
15406,257908.0,0.5,-1.2000000000000002,-0.9,0.7000000000000001,0.5,8.8,18.400000000000002,1.9,-14.800000000000002,16
15407,257925.0,0.5,-1.3,-1.0,0.7000000000000001,0.5,8.700000000000001,8.9,-2.6,-13.8,16
15408,257944.0,0.6000000000000001,-1.6,-1.0,0.8,0.30000000000000004,8.700000000000001,1.7,-5.1,-12.000000000000002,16
15409,257959.0,0.7000000000000001,-1.6,-1.0,0.9,0.1,8.8,-2.6,-5.2,-10.8,16
15410,257993.0,0.4,-1.7000000000000002,-0.8,0.7000000000000001,0.1,8.9,-5.1,-8.600000000000001,-5.9,16
15411,258008.0,0.1,-1.5,-0.9,0.2,0.30000000000000004,8.700000000000001,-3.8,-9.4,-0.7,16
15412,258025.0,-0.5,-1.2000000000000002,-1.0,-0.2,0.6000000000000001,8.700000000000001,-1.5000000000000002,-9.8,5.7,16
15413,258042.0,-0.8,-1.0,-1.0,-0.4,0.7000000000000001,8.700000000000001,0.30000000000000004,-12.4,11.3,16
15414,258060.0,-1.0,-0.8,-1.1,-0.6000000000000001,0.9,8.6,1.4,-15.7,15.000000000000002,16
15415,258079.0,-1.2000000000000002,-0.8,-1.2000000000000002,-0.6000000000000001,0.9,8.5,2.8,-17.400000000000002,17.5,16
15416,258092.0,-1.2000000000000002,-0.7000000000000001,-1.2000000000000002,-0.7000000000000001,1.0,8.4,3.5,-18.400000000000002,19.3,16
15417,258108.0,-1.2000000000000002,-0.6000000000000001,-1.2000000000000002,-0.6000000000000001,1.1,8.4,3.4,-18.2,20.900000000000002,16
15418,258125.0,-1.1,-0.6000000000000001,-1.1,-0.4,1.1,8.6,1.4,-18.2,21.0,16
15419,258142.0,-0.9,-0.6000000000000001,-0.9,-0.2,1.2000000000000002,8.8,-2.4000000000000004,-17.400000000000002,19.9,16
15420,258158.0,-0.8,-0.4,-0.5,-0.1,1.2000000000000002,9.1,-6.1000000000000005,-15.2,19.1,16
15421,258178.0,-0.7000000000000001,-0.4,-0.2,0.0,1.2000000000000002,9.3,-9.0,-12.3,18.8,16
15422,258192.0,-0.7000000000000001,-0.4,-0.1,0.1,1.2000000000000002,9.600000000000001,-9.700000000000001,-7.2,18.2,16
15423,258208.0,-0.6000000000000001,-0.4,0.1,0.2,1.2000000000000002,9.8,-6.7,-1.4,17.400000000000002,16
15424,258225.0,-0.7000000000000001,-0.30000000000000004,0.4,0.1,1.4000000000000001,10.0,0.30000000000000004,4.2,16.6,16
15425,258242.0,-0.8,-0.1,0.30000000000000004,0.0,1.5,9.9,9.1,9.0,16.6,16
15426,258259.0,-0.7000000000000001,0.1,0.1,0.0,1.7000000000000002,9.700000000000001,17.0,12.5,15.9,16
15427,258284.0,-0.7000000000000001,0.2,-0.1,0.0,1.9000000000000001,9.5,20.3,11.9,13.4,16
15428,258292.0,-0.7000000000000001,0.30000000000000004,0.0,0.0,2.1,9.600000000000001,17.7,7.8,10.600000000000001,16
15429,258309.0,-0.7000000000000001,0.5,0.1,0.0,2.3000000000000003,9.700000000000001,11.6,1.5000000000000002,9.0,16
15430,258325.0,-0.5,0.5,0.2,0.30000000000000004,2.3000000000000003,9.9,4.800000000000001,-4.6000000000000005,8.200000000000001,16
15431,258342.0,-0.30000000000000004,0.5,0.4,0.5,2.3000000000000003,10.0,-0.6000000000000001,-8.600000000000001,7.6,16
15432,258358.0,0.1,0.4,0.6000000000000001,0.9,2.2,10.200000000000001,-3.9,-9.700000000000001,6.9,16
15433,258380.0,0.2,0.4,0.8,1.0,2.2,10.4,-1.5000000000000002,-5.1,5.7,16
15434,258393.0,0.1,0.5,0.8,0.9,2.3000000000000003,10.5,6.3,3.0000000000000004,4.0,16
15435,258409.0,-0.1,0.5,1.4000000000000001,0.7000000000000001,2.3000000000000003,11.0,12.4,3.7000000000000006,-0.30000000000000004,16
15436,258425.0,-0.2,0.6000000000000001,1.8,0.5,2.7,11.600000000000001,7.500000000000001,-8.9,-5.8,16
15437,258442.0,-0.1,1.0,1.9000000000000001,0.8,2.8000000000000003,11.4,-0.8,-18.3,-7.300000000000001,16
15438,258458.0,0.4,0.9,1.7000000000000002,1.3,2.7,11.3,-7.1000000000000005,-20.7,-8.5,16
15439,258476.0,0.6000000000000001,0.7000000000000001,1.8,1.5,2.6,11.5,-10.5,-15.100000000000001,-9.9,16
15440,258495.0,0.7000000000000001,0.7000000000000001,1.9000000000000001,1.7000000000000002,2.5,11.5,-7.9,-7.400000000000001,-10.5,16
15441,258510.0,0.8,0.5,2.1,1.8,2.3000000000000003,11.700000000000001,-1.2000000000000002,-2.9,-11.5,16
15442,258525.0,1.1,0.30000000000000004,2.0,2.2,2.1,11.5,4.5,-1.2000000000000002,-13.6,16
15443,258544.0,1.5,0.0,1.3,2.6,1.8,10.600000000000001,9.8,1.0999999999999999,-16.5,16
15444,258558.0,1.8,-0.2,0.0,2.8000000000000003,1.7000000000000002,9.600000000000001,14.600000000000001,9.600000000000001,-19.0,16
15445,258582.0,1.7000000000000002,-0.30000000000000004,-1.0,2.6,1.7000000000000002,8.700000000000001,18.7,20.4,-20.2,16
15446,258592.0,1.7000000000000002,-0.4,-1.3,2.4000000000000004,1.6,8.200000000000001,20.2,28.900000000000002,-20.8,16
15447,258609.0,1.6,-0.5,-1.7000000000000002,2.3000000000000003,1.6,7.9,19.400000000000002,29.800000000000004,-21.3,16
15448,258625.0,1.7000000000000002,-0.6000000000000001,-1.8,2.3000000000000003,1.5,7.800000000000001,13.8,26.9,-22.6,16
15449,258642.0,1.6,-0.6000000000000001,-1.8,2.2,1.6,7.800000000000001,5.300000000000001,18.2,-24.000000000000004,16
15450,258658.0,1.5,-0.5,-1.8,2.0,1.7000000000000002,7.800000000000001,-2.8,9.4,-23.1,16
15451,258680.0,1.2000000000000002,-0.4,-1.5,1.8,1.7000000000000002,8.1,-9.4,0.5,-19.500000000000004,16
15452,258692.0,1.2000000000000002,-0.4,-1.3,1.8,1.8,8.5,-13.100000000000001,-9.4,-14.500000000000002,16
15453,258708.0,1.2000000000000002,-0.30000000000000004,-0.7000000000000001,1.8,1.8,9.1,-15.2,-20.3,-9.200000000000001,16
15454,258725.0,1.2000000000000002,0.0,-0.1,1.9000000000000001,2.0,9.5,-15.7,-31.099999999999998,-4.1000000000000005,16
15455,258742.0,1.3,0.1,0.1,2.2,2.1,9.700000000000001,-12.9,-37.2,-1.0,16
15456,258758.0,1.3,0.30000000000000004,0.2,2.2,2.3000000000000003,9.700000000000001,-7.400000000000001,-37.2,-0.2,16
15457,258779.0,1.0,0.5,-0.1,2.0,2.5,9.5,-0.1,-31.5,-0.5,16
15458,258793.0,0.6000000000000001,0.7000000000000001,-0.2,1.5,2.8000000000000003,9.200000000000001,6.4,-25.1,-1.2000000000000002,16
15459,258811.0,0.0,0.9,-0.6000000000000001,1.0,2.9000000000000004,8.9,8.4,-21.5,-2.4000000000000004,16
15460,258825.0,-0.6000000000000001,1.0,-1.0,0.5,3.0,8.5,6.3,-20.5,-4.1000000000000005,16
15461,258842.0,-0.9,1.0,-1.2000000000000002,0.30000000000000004,3.0,8.200000000000001,1.3,-21.3,-5.9,16
15462,258858.0,-1.3,0.9,-1.4000000000000001,-0.1,3.0,8.200000000000001,-5.4,-21.1,-7.2,16
15463,258880.0,-1.7000000000000002,0.9,-1.2000000000000002,-0.4,2.9000000000000004,8.3,-10.5,-20.7,-6.6000000000000005,16
15464,258892.0,-1.8,0.8,-1.0,-0.4,2.7,8.6,-11.6,-20.1,-4.300000000000001,16
15465,258908.0,-1.7000000000000002,0.6000000000000001,-0.7000000000000001,-0.30000000000000004,2.5,8.8,-8.9,-18.1,-2.5,16
15466,258925.0,-1.7000000000000002,0.30000000000000004,-0.5,-0.2,2.3000000000000003,8.9,-3.6,-15.399999999999999,-1.0999999999999999,16
15467,258942.0,-1.7000000000000002,0.30000000000000004,-0.6000000000000001,-0.2,2.3000000000000003,8.9,1.9,-11.700000000000001,1.3,16
15468,258958.0,-1.7000000000000002,0.2,-0.6000000000000001,-0.2,2.2,8.8,5.0,-7.300000000000001,4.7,16
15469,258987.0,-1.6,0.2,-0.4,0.1,2.3000000000000003,9.200000000000001,1.9,-0.8,12.5,16
15470,258994.0,-1.4000000000000001,0.30000000000000004,-0.30000000000000004,0.1,2.3000000000000003,9.200000000000001,1.9,-0.8,12.5,16
15471,259008.0,-1.2000000000000002,0.30000000000000004,-0.1,0.5,2.3000000000000003,9.4,-1.6,0.5,16.3,16
15472,259025.0,-0.5,0.30000000000000004,0.2,1.1,2.3000000000000003,9.600000000000001,-4.5,1.9,17.1,16
15473,259042.0,0.1,0.4,0.30000000000000004,1.6,2.3000000000000003,9.700000000000001,-6.8,5.0,14.700000000000001,16
15474,259058.0,0.4,0.5,0.4,2.0,2.4000000000000004,9.9,-8.200000000000001,9.3,10.1,16
15475,259078.0,0.8,0.6000000000000001,0.5,2.3000000000000003,2.5,9.9,-9.1,13.3,4.6000000000000005,16
15476,259092.0,1.1,0.8,0.30000000000000004,2.6,2.6,9.8,-11.000000000000002,17.1,-0.9,16
15477,259108.0,1.2000000000000002,0.8,0.2,2.6,2.7,9.600000000000001,-13.6,23.2,-5.6,16
15478,259125.0,1.0,1.0,0.0,2.2,2.9000000000000004,9.5,-14.800000000000002,29.600000000000005,-8.200000000000001,16
15479,259142.0,0.6000000000000001,1.2000000000000002,-0.1,1.8,3.0,9.5,-11.4,34.6,-9.3,16
15480,259158.0,0.30000000000000004,1.3,-0.1,1.2000000000000002,3.2,9.4,-7.500000000000001,34.2,-10.8,16
15481,259176.0,-0.30000000000000004,1.7000000000000002,-0.30000000000000004,0.6000000000000001,3.5,9.200000000000001,-4.300000000000001,32.4,-11.6,16
15482,259193.0,-0.6000000000000001,1.8,-0.5,0.6000000000000001,3.5,9.200000000000001,-4.300000000000001,32.4,-11.6,16
15483,259212.0,-1.4000000000000001,1.8,-0.2,-0.5,3.7,9.3,-0.6000000000000001,26.1,-12.6,16
15484,259225.0,-1.4000000000000001,1.9000000000000001,0.4,-0.5,3.6,10.200000000000001,-2.4000000000000004,9.9,-15.000000000000002,16
15485,259242.0,-0.4,1.5,1.2000000000000002,0.4,3.3000000000000003,10.8,-9.200000000000001,-10.4,-19.700000000000003,16
15486,259258.0,0.0,1.2000000000000002,1.3,1.2000000000000002,2.8000000000000003,11.0,-15.399999999999999,-26.8,-27.0,16
15487,259279.0,0.9,0.6000000000000001,1.7000000000000002,2.0,2.3000000000000003,11.5,-21.200000000000003,-34.50000000000001,-33.400000000000006,16
15488,259293.0,1.5,0.1,2.1,2.5,1.8,11.8,-24.000000000000004,-33.300000000000004,-36.4,16
15489,259309.0,1.8,-0.4,2.3000000000000003,2.8000000000000003,1.3,12.0,-21.8,-25.900000000000002,-34.300000000000004,16
15490,259326.0,1.4000000000000001,-0.7000000000000001,2.2,2.6,1.0,11.9,-16.3,-15.299999999999999,-25.700000000000003,16
15491,259343.0,1.7000000000000002,-0.4,2.5,2.7,1.2000000000000002,12.200000000000001,-5.8,-0.2,-18.900000000000002,16
15492,259358.0,1.2000000000000002,-0.5,2.2,2.4000000000000004,1.0,11.8,8.799999999999999,9.700000000000001,-10.8,16
15493,259376.0,1.3,-0.8,1.9000000000000001,2.3000000000000003,0.7000000000000001,11.3,22.3,14.4,-8.0,16
15494,259392.0,1.2000000000000002,-1.1,0.7000000000000001,2.2,0.6000000000000001,10.3,35.4,18.7,-10.600000000000001,16
15495,259414.0,0.9,-1.3,0.0,1.9000000000000001,0.6000000000000001,9.700000000000001,44.5,20.8,-17.200000000000003,16
15496,259429.0,0.8,-1.3,-0.30000000000000004,1.6,0.6000000000000001,9.200000000000001,43.6,16.5,-24.5,16
15497,259443.0,0.4,-1.3,-0.9,1.2000000000000002,0.8,8.700000000000001,35.0,11.5,-28.200000000000003,16
15498,259458.0,0.2,-1.2000000000000002,-1.1,1.0,0.9,8.3,22.5,6.4,-27.6,16
15499,259478.0,0.30000000000000004,-1.4000000000000001,-1.6,1.0,0.8,8.1,10.3,6.2,-25.2,16
15500,259493.0,0.30000000000000004,-1.5,-1.5,1.0,0.7000000000000001,8.1,0.9,9.4,-23.400000000000002,16
15501,259511.0,0.1,-1.6,-1.1,0.8,0.5,8.4,-7.9,9.1,-22.000000000000004,16
15502,259530.0,-0.1,-1.6,-0.8,0.6000000000000001,0.5,8.8,-15.5,3.7000000000000006,-18.5,16
15503,259543.0,-0.30000000000000004,-1.6,-0.8,0.4,0.4,8.8,-19.0,-0.1,-12.9,16
15504,259558.0,-0.6000000000000001,-1.5,-0.8,0.1,0.5,8.8,-16.5,-0.5,-6.000000000000001,16
15505,259577.0,-0.8,-1.3,-0.8,-0.2,0.7000000000000001,8.9,-10.1,0.30000000000000004,1.2000000000000002,16
15506,259592.0,-1.0,-1.2000000000000002,-0.7000000000000001,-0.4,0.8,8.9,-4.300000000000001,-0.7,7.2,16
15507,259608.0,-1.0,-1.1,-0.7000000000000001,-0.5,0.9,8.9,2.3000000000000003,-1.4,11.9,16
15508,259626.0,-1.2000000000000002,-0.9,-0.8,-0.5,1.1,8.8,8.200000000000001,-2.1,15.7,16
15509,259642.0,-1.2000000000000002,-0.8,-0.9,-0.5,1.2000000000000002,8.6,11.700000000000001,-3.2,18.5,16
15510,259658.0,-1.0,-0.7000000000000001,-1.0,-0.30000000000000004,1.3,8.5,10.9,-4.6000000000000005,19.3,16
15511,259676.0,-0.9,-0.6000000000000001,-1.0,-0.2,1.4000000000000001,8.5,6.2,-5.500000000000001,18.400000000000002,16
15512,259694.0,-0.8,-0.5,-1.0,-0.1,1.5,8.5,1.0,-6.6000000000000005,17.599999999999998,16
15513,259709.0,-0.8,-0.4,-1.0,-0.1,1.5,8.5,-3.4,-4.9,17.3,16
15514,259725.0,-0.9,-0.4,-1.0,-0.30000000000000004,1.6,8.6,-5.7,-1.0,18.2,16
15515,259742.0,-1.1,-0.30000000000000004,-0.8,-0.4,1.6,8.700000000000001,-5.7,4.300000000000001,19.500000000000004,16
15516,259758.0,-1.2000000000000002,-0.30000000000000004,-0.8,-0.5,1.6,8.700000000000001,-2.8,11.1,19.6,16
15517,259775.0,-1.5,-0.2,-0.7000000000000001,-0.8,1.7000000000000002,8.8,2.4000000000000004,17.5,18.2,16
15518,259792.0,-1.7000000000000002,-0.1,-0.6000000000000001,-1.3,1.9000000000000001,9.0,6.7,19.9,16.400000000000002,16
15519,259808.0,-2.2,0.1,-0.2,-1.6,2.1,9.3,7.500000000000001,16.2,15.299999999999999,16
15520,259825.0,-2.1,0.2,0.1,-1.4000000000000001,2.1,9.8,3.2,6.6000000000000005,15.000000000000002,16
15521,259842.0,-1.5,0.1,0.5,-0.8,2.0,10.100000000000001,-6.000000000000001,-6.1000000000000005,14.800000000000002,16
15522,259858.0,-1.0,0.1,0.7000000000000001,-0.30000000000000004,2.0,10.200000000000001,-12.100000000000001,-14.900000000000002,15.9,16
15523,259875.0,-0.4,0.0,0.7000000000000001,0.2,1.9000000000000001,10.3,-12.9,-15.7,18.5,16
15524,259892.0,-0.30000000000000004,0.0,0.7000000000000001,0.30000000000000004,1.9000000000000001,10.3,-9.9,-10.2,21.200000000000003,16
15525,259908.0,-0.6000000000000001,0.2,0.9,0.0,2.1,10.5,-0.9,-7.2,24.5,16
15526,259926.0,-1.1,0.5,0.8,-0.4,2.3000000000000003,10.4,5.7,-1.0999999999999999,28.900000000000002,16
15527,259942.0,-1.2000000000000002,0.7000000000000001,1.1,-0.6000000000000001,2.4000000000000004,10.8,9.700000000000001,1.8,31.4,16
15528,259958.0,-1.3,0.5,1.1,-0.6000000000000001,2.4000000000000004,10.8,11.9,-1.8,27.7,16
15529,259976.0,-1.3,0.6000000000000001,1.6,-0.6000000000000001,2.5,11.200000000000001,7.1000000000000005,-12.8,19.700000000000003,16
15530,259992.0,-1.4000000000000001,0.6000000000000001,1.7000000000000002,-0.4,2.5,11.4,-8.0,-24.8,17.3,16
15531,260014.0,-0.6000000000000001,0.4,1.9000000000000001,0.4,2.2,11.5,-19.9,-26.9,18.2,16
15532,260026.0,-0.30000000000000004,0.2,2.1,0.7000000000000001,1.9000000000000001,11.700000000000001,-26.400000000000002,-19.500000000000004,20.1,16
15533,260041.0,-0.4,0.1,2.1,0.8,1.7000000000000002,11.9,-29.1,-12.200000000000001,26.0,16
15534,260058.0,0.2,-0.1,2.5,1.3,1.4000000000000001,12.100000000000001,-25.700000000000003,-4.6000000000000005,32.5,16
15535,260075.0,0.7000000000000001,-0.5,2.3000000000000003,1.8,1.0,11.9,-18.5,4.9,35.5,16
15536,260092.0,1.0,-0.6000000000000001,2.1,2.2,0.8,11.600000000000001,-7.1000000000000005,15.6,33.800000000000004,16
15537,260109.0,1.2000000000000002,-0.8,1.4000000000000001,2.3000000000000003,0.7000000000000001,11.0,5.8,25.5,29.900000000000006,16
15538,260127.0,1.3,-0.8,0.8,2.2,0.7000000000000001,10.5,17.1,34.400000000000006,26.400000000000002,16
15539,260142.0,1.2000000000000002,-0.8,0.5,2.2,0.7000000000000001,9.9,25.3,38.5,22.6,16
15540,260158.0,1.4000000000000001,-0.9,-0.2,2.2,0.7000000000000001,9.4,27.3,38.900000000000006,18.7,16
15541,260175.0,1.7000000000000002,-1.0,-0.8,2.4000000000000004,0.7000000000000001,8.9,23.2,37.800000000000004,15.399999999999999,16
15542,260192.0,1.8,-1.0,-1.1,2.4000000000000004,0.7000000000000001,8.4,14.0,35.5,13.4,16
15543,260209.0,1.9000000000000001,-1.0,-1.5,2.4000000000000004,0.7000000000000001,8.1,3.4,33.2,13.8,16
15544,260225.0,2.0,-1.1,-1.7000000000000002,2.4000000000000004,0.6000000000000001,8.1,-7.1000000000000005,31.900000000000002,16.1,16
15545,260242.0,2.0,-1.2000000000000002,-1.5,2.4000000000000004,0.5,8.200000000000001,-14.800000000000002,28.3,20.3,16
15546,260258.0,2.0,-1.2000000000000002,-1.4000000000000001,2.4000000000000004,0.4,8.3,-17.8,23.900000000000002,25.1,16
15547,260276.0,2.0,-1.1,-1.2000000000000002,2.3000000000000003,0.4,8.5,-17.9,15.9,29.200000000000003,16
15548,260292.0,1.7000000000000002,-0.8,-1.1,2.0,0.6000000000000001,8.6,-17.1,5.300000000000001,31.8,16
15549,260308.0,1.4000000000000001,-0.6000000000000001,-1.1,1.6,1.0,8.6,-15.2,-4.2,33.7,16
15550,260325.0,1.1,-0.1,-1.1,1.5,1.3,8.6,-12.700000000000001,-10.9,34.300000000000004,16
15551,260342.0,0.8,0.5,-1.3,1.3,1.8,8.4,-9.3,-14.100000000000001,32.5,16
15552,260358.0,0.7000000000000001,0.8,-1.3,1.2000000000000002,2.3000000000000003,8.4,-6.6000000000000005,-13.5,28.900000000000002,16
15553,260377.0,0.5,1.3,-1.4000000000000001,1.0,2.7,8.200000000000001,-6.000000000000001,-12.5,22.900000000000002,16
15554,260392.0,0.1,1.8,-1.6,0.7000000000000001,3.1,8.1,-6.1000000000000005,-10.1,15.9,16
15555,260409.0,0.0,2.1,-1.6,0.7000000000000001,3.5,8.200000000000001,-6.000000000000001,-8.5,6.5,16
15556,260425.0,-0.8,2.0,-1.5,-0.2,3.3000000000000003,8.200000000000001,-7.500000000000001,-8.799999999999999,0.7,16
15557,260442.0,-1.0,2.0,-1.4000000000000001,-0.2,3.3000000000000003,8.200000000000001,-7.500000000000001,-8.799999999999999,0.7,16
15558,260458.0,-1.0,2.0,-1.1,-0.30000000000000004,3.2,8.700000000000001,-16.0,-13.6,-6.1000000000000005,16
15559,260475.0,-1.0,1.7000000000000002,-0.7000000000000001,-0.2,2.8000000000000003,9.0,-19.9,-16.5,-8.799999999999999,16
15560,260492.0,-0.8,1.2000000000000002,-0.30000000000000004,0.0,2.4000000000000004,9.4,-21.1,-15.8,-11.1,16
15561,260509.0,-0.8,1.0,-0.2,-0.1,2.0,9.600000000000001,-17.3,-10.600000000000001,-12.100000000000001,16
15562,260525.0,-1.0,0.8,0.2,-0.2,1.8,9.8,-10.8,-7.2,-10.2,16
15563,260542.0,-1.1,0.6000000000000001,0.1,-0.30000000000000004,1.7000000000000002,9.8,-3.2,-3.0000000000000004,-6.4,16
15564,260559.0,-1.1,0.4,0.0,-0.30000000000000004,1.4000000000000001,9.600000000000001,3.5,1.5000000000000002,-2.6,16
15565,260577.0,-1.1,0.2,-0.1,-0.4,1.3,9.5,8.600000000000001,4.5,0.0,16
15566,260593.0,-1.1,0.1,-0.1,-0.30000000000000004,1.2000000000000002,9.600000000000001,10.9,5.0,1.7,16
15567,260609.0,-1.0,0.0,0.0,-0.2,1.1,9.600000000000001,9.3,1.8,1.8,16
15568,260625.0,-0.8,-0.2,0.1,0.0,1.0,9.700000000000001,3.5,-3.6,1.9,16
15569,260642.0,-0.30000000000000004,-0.2,0.30000000000000004,0.5,1.0,9.9,-3.7000000000000006,-8.600000000000001,2.1999999999999997,16
15570,260658.0,0.1,-0.30000000000000004,0.30000000000000004,1.2000000000000002,0.9,10.0,-8.600000000000001,-9.0,2.3000000000000003,16
15571,260675.0,0.8,-0.30000000000000004,0.4,1.8,0.8,10.0,-11.8,-5.500000000000001,2.3000000000000003,16
15572,260692.0,1.2000000000000002,-0.30000000000000004,0.30000000000000004,2.0,0.9,10.0,-12.3,3.1,3.2,16
15573,260709.0,0.8,0.1,0.4,1.6,1.1,10.0,-7.699999999999999,13.4,4.800000000000001,16
15574,260725.0,0.5,0.30000000000000004,0.4,1.0,1.5,10.100000000000001,1.2000000000000002,22.2,6.2,16
15575,260742.0,-0.5,0.7000000000000001,0.7000000000000001,0.0,1.8,10.4,10.4,25.3,7.300000000000001,16
15576,260759.0,-1.5,1.0,1.3,-0.9,2.2,11.0,17.400000000000002,15.399999999999999,8.200000000000001,16
15577,260776.0,-1.7000000000000002,1.2000000000000002,1.9000000000000001,-0.9,2.4000000000000004,11.8,14.0,-7.699999999999999,8.5,16
15578,260792.0,-1.2000000000000002,1.1,1.9000000000000001,-0.5,2.3000000000000003,11.600000000000001,5.8,-25.0,7.2,16
15579,260809.0,-1.0,0.9,1.8,-0.5,2.3000000000000003,11.600000000000001,5.8,-25.0,7.2,16
15580,260825.0,-0.4,0.8,2.1,0.6000000000000001,1.9000000000000001,11.8,-5.2,-31.6,3.8,16
15581,260842.0,0.1,0.5,2.3000000000000003,1.1,1.6,12.100000000000001,-5.500000000000001,-21.900000000000002,3.7000000000000006,16
15582,260859.0,0.4,0.2,2.8000000000000003,1.4000000000000001,1.4000000000000001,12.5,-1.2000000000000002,-11.5,6.000000000000001,16
15583,260875.0,0.7000000000000001,-0.1,2.9000000000000004,1.8,1.0,12.4,3.6,-4.2,9.9,16
15584,260892.0,1.2000000000000002,-0.6000000000000001,2.4000000000000004,2.4000000000000004,0.6000000000000001,12.100000000000001,10.2,1.2000000000000002,13.3,16
15585,260908.0,1.6,-1.0,2.0,2.6,0.30000000000000004,11.700000000000001,24.400000000000002,12.3,14.800000000000002,16
15586,260925.0,1.5,-1.1,1.4000000000000001,2.3000000000000003,0.2,10.600000000000001,36.5,21.900000000000002,14.600000000000001,16
15587,260942.0,1.1,-1.2000000000000002,0.4,1.9000000000000001,0.2,9.9,41.6,26.400000000000002,13.9,16
15588,260959.0,0.8,-1.3,-0.6000000000000001,1.6,0.30000000000000004,9.1,40.9,27.7,13.3,16
15589,260980.0,0.4,-1.2000000000000002,-1.1,1.2000000000000002,0.4,8.700000000000001,33.800000000000004,24.200000000000003,13.8,16
15590,261002.0,0.4,-1.3,-1.5,1.1,0.4,8.3,22.2,18.3,14.500000000000002,16
15591,261008.0,0.4,-1.4000000000000001,-1.5,1.1,0.4,8.200000000000001,9.9,11.9,14.600000000000001,16
15592,261025.0,0.4,-1.4000000000000001,-1.5,1.1,0.30000000000000004,8.200000000000001,0.5,5.8,14.0,16
15593,261042.0,0.5,-1.4000000000000001,-1.4000000000000001,1.3,0.30000000000000004,8.4,-7.1000000000000005,-0.5,14.100000000000001,16
15594,261058.0,0.7000000000000001,-1.3,-1.3,1.4000000000000001,0.30000000000000004,8.4,-12.9,-6.3,15.6,16
15595,261075.0,0.8,-1.2000000000000002,-1.4000000000000001,1.5,0.4,8.3,-15.8,-9.1,18.3,16
15596,261091.0,0.7000000000000001,-1.1,-1.4000000000000001,1.4000000000000001,0.5,8.200000000000001,-14.900000000000002,-7.300000000000001,21.400000000000002,16
15597,261110.0,0.30000000000000004,-0.8,-1.6,1.1,0.7000000000000001,8.0,-11.000000000000002,-3.9,24.6,16
15598,261125.0,-0.2,-0.6000000000000001,-1.7000000000000002,0.6000000000000001,0.9,7.9,-6.3,-1.9,28.1,16
15599,261141.0,-0.5,-0.5,-1.8,0.30000000000000004,1.0,7.800000000000001,-3.2,-4.5,31.7,16
15600,261158.0,-0.7000000000000001,-0.30000000000000004,-2.0,0.2,1.1,7.7,-2.0,-8.700000000000001,34.400000000000006,16
15601,261175.0,-0.7000000000000001,-0.2,-2.0,0.30000000000000004,1.2000000000000002,7.6000000000000005,-1.5000000000000002,-13.200000000000001,35.1,16
15602,261192.0,-0.7000000000000001,-0.1,-2.0,0.2,1.3,7.7,-1.5000000000000002,-14.4,33.7,16
15603,261209.0,-0.8,0.0,-1.7000000000000002,0.30000000000000004,1.5,7.9,-1.5000000000000002,-17.1,31.5,16
15604,261225.0,-0.7000000000000001,0.2,-1.4000000000000001,0.4,1.6,8.200000000000001,-3.4,-20.7,27.7,16
15605,261242.0,-0.7000000000000001,0.30000000000000004,-1.2000000000000002,0.5,1.7000000000000002,8.4,-7.6,-24.200000000000003,23.1,16
15606,261258.0,-0.6000000000000001,0.5,-0.9,0.7000000000000001,1.8,8.700000000000001,-10.9,-23.6,19.1,16
15607,261275.0,-0.5,0.5,-0.7000000000000001,0.7000000000000001,1.8,8.700000000000001,-10.9,-23.6,19.1,16
15608,261292.0,-0.30000000000000004,0.6000000000000001,-0.2,0.9,1.9000000000000001,9.5,-9.700000000000001,-5.9,9.8,16
15609,261308.0,-0.5,0.8,0.4,0.8,2.0,10.200000000000001,-2.7,5.9,5.4,16
15610,261325.0,-0.9,1.0,1.0,0.30000000000000004,2.3000000000000003,10.600000000000001,6.8,15.5,2.0,16
15611,261342.0,-1.1,1.2000000000000002,1.2000000000000002,0.1,2.5,10.9,10.3,16.700000000000003,0.5,16
15612,261358.0,-1.1,1.2000000000000002,1.3,0.1,2.5,10.9,10.3,16.700000000000003,0.5,16
15613,261381.0,-1.0,1.2000000000000002,1.4000000000000001,0.1,2.6,11.0,13.700000000000001,18.2,-2.1999999999999997,16
15614,261393.0,-0.8,1.1,1.3,0.30000000000000004,2.5,10.700000000000001,14.4,19.400000000000002,-2.8,16
15615,261408.0,-0.7000000000000001,1.0,1.0,0.30000000000000004,2.4000000000000004,10.600000000000001,13.6,18.6,-2.8,16
15616,261425.0,-0.4,0.7000000000000001,0.9,0.4,2.2,10.5,10.5,18.7,-1.9,16
15617,261441.0,-0.7000000000000001,0.7000000000000001,0.9,-0.2,2.4000000000000004,10.600000000000001,11.2,19.700000000000003,0.2,16
15618,261458.0,-1.4000000000000001,1.1,1.1,-0.7000000000000001,2.8000000000000003,10.9,16.700000000000003,22.6,5.0,16
15619,261475.0,-1.6,1.3,1.5,-0.7000000000000001,2.8000000000000003,10.9,14.100000000000001,13.8,9.5,16
15620,261492.0,-1.5,1.6,2.7,-0.8,3.3000000000000003,12.3,5.0,-3.3000000000000003,11.5,16
15621,261508.0,-1.0,1.4000000000000001,2.7,0.0,2.9000000000000004,12.3,-6.1000000000000005,-15.9,9.3,16
15622,261525.0,-0.1,0.9,2.6,0.8,2.5,12.200000000000001,-14.3,-19.500000000000004,4.7,16
15623,261542.0,1.0,0.30000000000000004,2.3000000000000003,1.8,1.9000000000000001,12.0,-18.6,-10.1,1.6,16
15624,261558.0,1.0,0.1,2.1,2.0,1.6,11.700000000000001,-18.7,3.6,2.7,16
15625,261580.0,1.4000000000000001,-0.2,1.9000000000000001,2.3000000000000003,1.3,11.700000000000001,-17.200000000000003,14.500000000000002,4.300000000000001,16
15626,261592.0,1.6,-0.5,2.1,2.3000000000000003,0.9,11.9,-12.5,20.7,4.1000000000000005,16
15627,261608.0,1.5,-0.6000000000000001,2.0,2.4000000000000004,0.8,11.5,-2.9,22.1,3.0000000000000004,16
15628,261625.0,1.8,-0.8,1.2000000000000002,2.7,0.6000000000000001,10.9,6.000000000000001,22.5,-2.0,16
15629,261642.0,2.7,-1.3,0.7000000000000001,3.3000000000000003,0.1,10.5,11.6,23.3,-14.100000000000001,16
15630,261659.0,2.9000000000000004,-1.5,0.4,3.5,0.0,9.9,16.1,24.000000000000004,-30.200000000000003,16
15631,261681.0,2.8000000000000003,-1.4000000000000001,-0.5,3.3000000000000003,0.2,9.200000000000001,20.0,24.7,-40.1,16
15632,261692.0,2.6,-1.2000000000000002,-0.8,3.3000000000000003,0.2,9.200000000000001,20.0,24.7,-40.1,16
15633,261708.0,2.2,-1.0,-1.6,2.4000000000000004,0.7000000000000001,7.9,12.5,26.200000000000003,-34.6,16
15634,261726.0,1.9000000000000001,-0.8,-2.4000000000000004,2.1,0.9,7.300000000000001,5.2,24.6,-24.9,16
15635,261742.0,1.7000000000000002,-0.7000000000000001,-2.6,1.9000000000000001,0.9,7.1000000000000005,-2.4000000000000004,18.5,-15.8,16
15636,261758.0,1.6,-0.7000000000000001,-2.6,1.7000000000000002,1.0,7.2,-9.1,9.700000000000001,-9.3,16
15637,261781.0,1.2000000000000002,-0.5,-2.6,1.5,1.0,7.2,-12.8,-1.0999999999999999,-5.6,16
15638,261792.0,0.8,-0.4,-2.5,1.0,1.2000000000000002,7.2,-13.4,-10.9,-4.9,16
15639,261808.0,0.6000000000000001,-0.2,-2.4000000000000004,0.8,1.3,7.4,-12.200000000000001,-20.6,-7.0,16
15640,261825.0,0.4,-0.1,-2.1,0.7000000000000001,1.4000000000000001,7.5,-10.1,-26.8,-11.6,16
15641,261843.0,0.2,0.0,-2.3000000000000003,0.6000000000000001,1.5,7.4,-5.8,-31.8,-16.5,16
15642,261859.0,0.0,0.2,-2.2,0.4,1.7000000000000002,7.4,-3.2,-30.4,-20.4,16
15643,261884.0,-0.6000000000000001,0.5,-2.2,0.1,1.9000000000000001,7.4,-5.9,-27.900000000000002,-23.3,16
15644,261892.0,-0.8,0.6000000000000001,-2.3000000000000003,-0.2,2.0,7.4,-12.100000000000001,-23.900000000000002,-24.200000000000003,16
15645,261908.0,-1.0,0.7000000000000001,-2.2,-0.4,2.1,7.6000000000000005,-20.5,-19.0,-22.900000000000002,16
15646,261925.0,-1.3,0.7000000000000001,-1.7000000000000002,-0.6000000000000001,2.0,8.0,-31.3,-14.4,-21.0,16
15647,261942.0,-1.4000000000000001,0.7000000000000001,-1.4000000000000001,-0.6000000000000001,2.0,8.0,-31.3,-14.4,-21.0,16
15648,261958.0,-1.7000000000000002,0.7000000000000001,-0.8,-1.0,1.8,9.200000000000001,-41.5,-2.9,-11.9,16
15649,261998.0,-1.9000000000000001,0.8,0.7000000000000001,-1.3,1.7000000000000002,10.4,-22.8,10.4,10.4,16
15650,262009.0,-2.3000000000000003,0.9,1.3,-1.6,1.7000000000000002,11.0,-22.8,10.4,10.4,16
15651,262025.0,-2.3000000000000003,0.9,1.5,-1.7000000000000002,1.6,11.4,-4.3999999999999995,15.2,21.6,16
15652,262041.0,-2.0,0.5,2.0,-1.4000000000000001,1.3,11.600000000000001,17.3,16.3,29.600000000000005,16
15653,262058.0,-1.6,0.2,1.4000000000000001,-1.1,1.1,11.100000000000001,31.3,10.700000000000001,31.900000000000002,16
15654,262079.0,-1.1,0.1,1.5,-0.6000000000000001,1.2000000000000002,11.200000000000001,38.0,3.0000000000000004,25.700000000000003,16
15655,262092.0,-0.9,0.1,1.6,-0.30000000000000004,1.3,11.4,40.8,2.8,24.200000000000003,16
15656,262108.0,-0.30000000000000004,0.4,1.7000000000000002,-0.30000000000000004,1.3,11.4,40.9,6.000000000000001,23.2,16
15657,262125.0,-0.1,0.4,1.5,0.6000000000000001,1.7000000000000002,11.0,36.4,8.700000000000001,23.0,16
15658,262141.0,0.5,0.4,1.0,1.0,1.9000000000000001,10.700000000000001,30.599999999999998,15.7,24.3,16
15659,262158.0,0.6000000000000001,0.6000000000000001,0.8,1.0,2.2,10.5,28.700000000000003,31.099999999999998,25.400000000000002,16
15660,262177.0,-0.1,1.1,1.1,0.30000000000000004,2.7,10.8,31.0,43.6,27.3,16
15661,262193.0,-0.5,1.4000000000000001,1.6,-0.4,3.1,11.5,29.300000000000004,39.699999999999996,30.9,16
15662,262210.0,-0.2,1.6,2.3000000000000003,-0.1,3.4000000000000004,12.0,19.3,19.8,33.300000000000004,16
15663,262226.0,0.5,1.6,2.5,1.0,3.3000000000000003,12.4,12.200000000000001,7.2,31.099999999999998,16
15664,262242.0,1.5,1.1,2.7,1.9000000000000001,2.9000000000000004,12.3,8.4,4.5,26.500000000000004,16
15665,262258.0,2.5,0.5,2.1,2.6,2.4000000000000004,11.8,9.9,9.3,19.200000000000003,16
15666,262281.0,2.1,0.30000000000000004,1.5,2.3000000000000003,2.2,11.3,23.3,18.7,15.000000000000002,16
15667,262292.0,1.8,0.2,1.3,1.7000000000000002,2.2,10.9,34.400000000000006,24.9,13.200000000000001,16
15668,262309.0,1.6,0.0,0.7000000000000001,1.6,2.1,10.3,35.7,18.5,12.100000000000001,16
15669,262326.0,1.6,-0.5,0.1,1.6,1.8,9.8,32.4,11.2,8.4,16
15670,262342.0,1.6,-0.8,-0.30000000000000004,1.6,1.4000000000000001,9.1,31.0,5.500000000000001,2.3000000000000003,16
15671,262359.0,1.6,-1.1,-1.3,1.5,1.3,8.200000000000001,28.400000000000002,6.000000000000001,-4.5,16
15672,262375.0,1.2000000000000002,-1.4000000000000001,-2.2,1.2000000000000002,1.1,7.4,20.8,7.699999999999999,-11.3,16
15673,262392.0,1.0,-1.5,-2.4000000000000004,0.8,1.0,7.1000000000000005,8.5,7.8,-16.5,16
15674,262408.0,0.6000000000000001,-1.5,-2.5,0.4,0.9,7.0,-6.3,4.1000000000000005,-18.6,16
15675,262425.0,0.4,-1.6,-2.3000000000000003,0.30000000000000004,0.8,7.2,-21.700000000000003,-2.7,-18.3,16
15676,262442.0,0.6000000000000001,-1.7000000000000002,-2.1,0.7000000000000001,0.6000000000000001,7.7,-34.900000000000006,-9.3,-18.400000000000002,16
15677,262458.0,1.1,-1.8,-1.3,1.1,0.4,8.4,-42.7,-14.900000000000002,-20.4,16
15678,262480.0,1.3,-1.8,-0.8,1.3,0.30000000000000004,8.8,-44.7,-17.1,-22.900000000000002,16
15679,262492.0,1.3,-1.6,-0.7000000000000001,1.3,0.30000000000000004,9.0,-42.5,-18.1,-23.1,16
15680,262508.0,1.0,-1.3,-0.5,1.0,0.5,9.1,-36.9,-17.8,-21.0,16
15681,262526.0,0.30000000000000004,-1.0,-0.5,0.4,0.7000000000000001,9.1,-27.1,-16.2,-17.1,16
15682,262542.0,0.0,-0.9,-0.6000000000000001,0.0,0.9,9.0,-16.1,-15.5,-13.5,16
15683,262558.0,-0.5,-0.6000000000000001,-0.8,-0.30000000000000004,1.0,8.700000000000001,-7.0,-19.6,-12.100000000000001,16
15684,262576.0,-0.7000000000000001,-0.5,-1.3,-0.5,1.1,8.3,-0.1,-22.3,-12.000000000000002,16
15685,262592.0,-0.8,-0.4,-1.5,-0.5,1.3,8.0,1.7,-23.1,-13.100000000000001,16
15686,262609.0,-1.0,-0.2,-1.8,-0.7000000000000001,1.4000000000000001,7.800000000000001,-1.2000000000000002,-22.6,-13.700000000000001,16
15687,262626.0,-1.3,-0.1,-2.0,-0.9,1.5,7.6000000000000005,-7.2,-21.200000000000003,-12.9,16
15688,262642.0,-1.3,-0.1,-2.0,-1.0,1.5,7.6000000000000005,-16.900000000000002,-20.4,-11.9,16
15689,262658.0,-1.5,-0.1,-1.8,-1.0,1.4000000000000001,7.9,-26.400000000000002,-19.500000000000004,-11.6,16
15690,262676.0,-1.4000000000000001,-0.1,-1.4000000000000001,-0.9,1.3,8.3,-35.199999999999996,-16.5,-11.6,16
15691,262692.0,-1.4000000000000001,-0.1,-1.1,-0.8,1.2000000000000002,8.8,-42.6,-13.8,-12.200000000000001,16
15692,262709.0,-1.2000000000000002,-0.1,-0.4,-0.5,1.0,9.3,-48.800000000000004,-12.100000000000001,-12.8,16
15693,262725.0,-0.8,-0.2,0.30000000000000004,-0.2,0.7000000000000001,10.0,-52.800000000000004,-11.4,-14.600000000000001,16
15694,262742.0,-0.6000000000000001,-0.30000000000000004,0.7000000000000001,0.0,0.6000000000000001,10.700000000000001,-48.9,-6.1000000000000005,-16.2,16
15695,262758.0,-0.5,-0.30000000000000004,1.4000000000000001,0.0,0.5,11.200000000000001,-36.800000000000004,2.3000000000000003,-17.0,16
15696,262775.0,-0.8,-0.2,1.7000000000000002,-0.30000000000000004,0.5,11.3,-20.3,5.6,-17.599999999999998,16
15697,262792.0,-1.0,-0.1,1.6,-0.7000000000000001,0.8,11.100000000000001,-2.1999999999999997,11.2,-16.5,16
15698,262809.0,-1.5,0.30000000000000004,1.2000000000000002,-1.2000000000000002,1.1,10.8,11.4,13.8,-13.200000000000001,16
15699,262825.0,-2.0,0.5,0.8,-1.6,1.3,10.4,17.3,13.3,-8.600000000000001,16
15700,262842.0,-2.1,0.5,0.5,-1.7000000000000002,1.4000000000000001,10.200000000000001,15.6,10.2,-4.2,16
15701,262858.0,-2.2,0.5,0.4,-1.9000000000000001,1.3,10.200000000000001,11.2,5.1,0.1,16
15702,262876.0,-2.2,0.5,0.7000000000000001,-1.9000000000000001,1.3,10.5,5.7,0.8,5.2,16
15703,262892.0,-2.2,0.5,1.2000000000000002,-1.9000000000000001,1.4000000000000001,10.9,-1.4,-3.5,11.000000000000002,16
15704,262908.0,-2.2,0.6000000000000001,1.6,-1.9000000000000001,1.5,11.600000000000001,-5.9,-5.4,15.399999999999999,16
15705,262925.0,-1.8,0.6000000000000001,2.6,-1.3,1.4000000000000001,12.4,-7.8,-12.000000000000002,18.1,16
15706,262942.0,-0.8,0.4,3.1,-0.4,1.2000000000000002,12.8,-10.8,-19.9,17.0,16
15707,262958.0,-0.30000000000000004,0.30000000000000004,2.8000000000000003,0.2,1.1,12.3,-9.0,-10.5,12.6,16
15708,262976.0,-0.30000000000000004,0.30000000000000004,2.1,0.1,1.0,11.8,-3.2,6.1000000000000005,9.600000000000001,16
15709,263004.0,-0.30000000000000004,0.2,1.7000000000000002,0.2,0.9,11.600000000000001,-4.7,17.7,8.4,16
15710,263008.0,-0.30000000000000004,0.2,1.7000000000000002,0.2,0.9,11.600000000000001,-4.7,17.7,8.4,16
15711,263025.0,0.30000000000000004,-0.1,1.9000000000000001,0.7000000000000001,0.5,11.700000000000001,-7.699999999999999,16.3,6.7,16
15712,263042.0,1.1,-0.5,1.9000000000000001,1.4000000000000001,0.1,11.8,-9.9,10.700000000000001,3.2,16
15713,263059.0,1.6,-0.8,1.8,2.2,-0.2,11.5,-7.699999999999999,6.8,-1.0,16
15714,263077.0,2.4000000000000004,-1.1,1.3,2.8000000000000003,-0.5,11.100000000000001,0.1,7.500000000000001,-4.6000000000000005,16
15715,263095.0,2.9000000000000004,-1.3,0.7000000000000001,3.1,-0.7000000000000001,10.600000000000001,9.0,10.4,-7.500000000000001,16
15716,263111.0,2.8000000000000003,-1.3,0.1,3.1,-0.6000000000000001,10.0,15.8,13.3,-7.9,16
15717,263125.0,2.8000000000000003,-1.3,-0.2,3.0,-0.5,9.5,19.1,13.9,-6.000000000000001,16
15718,263142.0,2.9000000000000004,-1.2000000000000002,-1.0,3.0,-0.4,8.9,20.2,13.4,-4.2,16
15719,263158.0,2.6,-1.2000000000000002,-1.1,2.8000000000000003,-0.30000000000000004,8.6,21.0,12.5,-2.5,16
15720,263175.0,2.5,-1.0,-1.7000000000000002,2.5,-0.1,8.0,21.200000000000003,12.700000000000001,-1.5000000000000002,16
15721,263192.0,2.0,-0.8,-2.0,2.0,0.2,7.800000000000001,18.900000000000002,10.3,-2.0,16
15722,263210.0,1.5,-0.4,-2.0,1.6,0.5,7.9,12.5,4.0,-3.9,16
15723,263225.0,1.2000000000000002,-0.30000000000000004,-2.0,1.2000000000000002,0.7000000000000001,7.9,1.8,-4.800000000000001,-6.3,16
15724,263242.0,0.8,-0.1,-1.8,0.9,0.9,7.9,-9.9,-12.100000000000001,-9.600000000000001,16
15725,263258.0,0.4,0.0,-2.0,0.6000000000000001,0.9,7.800000000000001,-19.3,-14.3,-11.9,16
15726,263275.0,0.30000000000000004,0.1,-1.9000000000000001,0.4,1.0,7.9,-23.700000000000003,-10.600000000000001,-12.000000000000002,16
15727,263293.0,0.0,0.2,-1.7000000000000002,0.2,1.0,8.1,-23.6,-4.2,-11.4,16
15728,263309.0,-0.2,0.2,-1.5,-0.1,1.0,8.4,-21.6,0.0,-11.1,16
15729,263325.0,-0.6000000000000001,0.30000000000000004,-1.2000000000000002,-0.5,1.0,8.5,-18.400000000000002,0.7,-11.2,16
15730,263342.0,-1.1,0.4,-1.1,-0.9,1.1,8.6,-15.399999999999999,-1.3,-10.4,16
15731,263358.0,-1.4000000000000001,0.5,-1.0,-1.2000000000000002,1.1,8.700000000000001,-12.9,-4.9,-8.600000000000001,16
15732,263375.0,-1.6,0.6000000000000001,-0.9,-1.4000000000000001,1.2000000000000002,8.9,-10.9,-11.4,-4.7,16
15733,263392.0,-1.7000000000000002,0.6000000000000001,-0.7000000000000001,-1.3,1.1,9.1,-10.1,-19.9,0.5,16
15734,263408.0,-1.7000000000000002,0.6000000000000001,-0.7000000000000001,-1.3,1.1,9.1,-10.1,-19.9,0.5,16
15735,263425.0,-1.3,0.6000000000000001,-0.5,-0.7000000000000001,1.0,9.3,-10.4,-31.0,11.2,16
15736,263442.0,-0.8,0.5,-0.2,-0.30000000000000004,1.0,9.600000000000001,-7.0,-26.6,15.7,16
15737,263458.0,-0.6000000000000001,0.5,0.1,0.0,1.0,9.9,0.7,-15.6,19.1,16
15738,263475.0,-0.4,0.5,0.5,0.2,1.0,10.3,11.6,-4.1000000000000005,19.9,16
15739,263492.0,-0.4,0.7000000000000001,0.6000000000000001,0.1,1.3,10.3,20.0,5.500000000000001,19.400000000000002,16
15740,263508.0,-0.4,0.9,0.5,0.1,1.5,10.200000000000001,22.000000000000004,10.1,19.0,16
15741,263527.0,-0.2,1.0,0.2,0.30000000000000004,1.7000000000000002,9.9,20.0,13.5,17.9,16
15742,263542.0,-0.1,1.0,0.0,0.5,1.7000000000000002,9.8,16.2,18.400000000000002,15.299999999999999,16
15743,263558.0,0.1,0.9,0.30000000000000004,0.5,1.7000000000000002,10.0,12.3,18.8,11.3,16
15744,263575.0,0.4,0.9,0.4,0.7000000000000001,1.8,10.100000000000001,9.9,18.8,9.600000000000001,16
15745,263592.0,0.5,0.9,0.4,0.9,1.8,10.200000000000001,3.3000000000000003,15.000000000000002,7.8,16
15746,263608.0,0.6000000000000001,1.0,0.4,0.9,1.8,10.200000000000001,-3.0000000000000004,10.4,7.2,16
15747,263625.0,0.7000000000000001,1.1,0.5,0.9,1.9000000000000001,10.200000000000001,-5.7,10.9,7.2,16
15748,263642.0,0.5,1.2000000000000002,0.6000000000000001,0.6000000000000001,2.1,10.5,-3.5,12.5,7.0,16
15749,263658.0,0.2,1.4000000000000001,1.4000000000000001,0.4,2.2,11.3,-1.4,7.699999999999999,5.6,16
15750,263694.0,0.2,1.6,2.2,0.5,2.5,12.100000000000001,2.7,-8.700000000000001,-1.2000000000000002,16
15751,263713.0,0.4,1.6,2.5,0.7000000000000001,2.5,12.200000000000001,3.9,-16.6,-3.5,16
15752,263728.0,1.0,1.3,2.3000000000000003,1.3,2.2,12.100000000000001,1.8,-23.400000000000002,-6.2,16
15753,263743.0,1.2000000000000002,1.0,2.1,1.7000000000000002,1.8,11.700000000000001,2.3000000000000003,-18.7,-9.0,16
15754,263758.0,1.4000000000000001,0.7000000000000001,1.6,1.8,1.5,11.4,6.8,-10.1,-10.5,16
15755,263775.0,1.1,0.30000000000000004,1.0,1.6,1.3,10.8,13.0,-5.1,-10.5,16
15756,263791.0,1.2000000000000002,0.1,0.8,1.9000000000000001,0.9,10.5,17.5,2.9,-9.8,16
15757,263809.0,1.7000000000000002,-0.6000000000000001,0.4,2.1,0.4,10.100000000000001,20.1,9.600000000000001,-13.0,16
15758,263825.0,1.3,-0.9,-0.1,1.7000000000000002,0.30000000000000004,9.700000000000001,22.6,13.3,-15.8,16
15759,263841.0,1.3,-1.1,-0.2,1.6,0.0,9.5,23.6,14.3,-17.5,16
15760,263858.0,1.0,-1.3,-0.6000000000000001,1.3,-0.1,9.1,24.5,14.900000000000002,-18.5,16
15761,263875.0,0.8,-1.6,-1.0,1.1,-0.30000000000000004,8.700000000000001,24.6,15.8,-19.400000000000002,16
15762,263892.0,0.7000000000000001,-1.7000000000000002,-1.1,0.9,-0.4,8.6,20.900000000000002,13.9,-21.8,16
15763,263908.0,0.6000000000000001,-1.8,-1.2000000000000002,0.8,-0.4,8.6,13.3,8.700000000000001,-25.0,16
15764,263925.0,0.6000000000000001,-1.9000000000000001,-1.2000000000000002,0.8,-0.5,8.6,3.4,2.3000000000000003,-27.6,16
15765,263943.0,0.5,-1.9000000000000001,-1.1,0.7000000000000001,-0.5,8.700000000000001,-5.9,-4.0,-28.400000000000002,16
15766,263958.0,0.5,-1.8,-0.9,0.8,-0.5,8.9,-14.100000000000001,-9.200000000000001,-26.500000000000004,16
15767,263975.0,0.5,-1.7000000000000002,-0.8,0.8,-0.4,9.0,-21.0,-14.700000000000001,-22.5,16
15768,263992.0,0.4,-1.6,-0.7000000000000001,0.7000000000000001,-0.30000000000000004,9.1,-24.7,-17.3,-17.400000000000002,16
15769,264020.0,0.1,-1.2000000000000002,-0.6000000000000001,0.6000000000000001,-0.1,9.1,-23.8,-16.6,-13.4,16
15770,264025.0,-0.1,-1.0,-0.6000000000000001,0.30000000000000004,0.1,9.200000000000001,-19.500000000000004,-14.100000000000001,-9.700000000000001,16
15771,264041.0,-0.4,-0.7000000000000001,-0.7000000000000001,0.0,0.30000000000000004,9.0,-12.3,-12.100000000000001,-6.000000000000001,16
15772,264058.0,-0.6000000000000001,-0.5,-0.8,-0.2,0.5,8.8,-4.9,-9.8,-3.5,16
15773,264075.0,-0.9,-0.30000000000000004,-1.1,-0.4,0.7000000000000001,8.6,2.0,-7.0,-1.7,16
15774,264091.0,-1.0,-0.1,-1.3,-0.5,0.9,8.4,6.5,-4.5,-1.7,16
15775,264108.0,-1.1,0.0,-1.4000000000000001,-0.7000000000000001,1.1,8.3,7.1000000000000005,-4.0,-3.1,16
15776,264125.0,-1.1,0.2,-1.4000000000000001,-0.6000000000000001,1.2000000000000002,8.3,3.3000000000000003,-7.2,-5.2,16
15777,264142.0,-0.9,0.30000000000000004,-1.3,-0.4,1.3,8.4,-4.7,-12.200000000000001,-8.1,16
15778,264158.0,-0.7000000000000001,0.2,-1.2000000000000002,-0.1,1.2000000000000002,8.5,-13.100000000000001,-15.9,-11.2,16
15779,264175.0,-0.4,0.2,-1.1,0.30000000000000004,1.2000000000000002,8.6,-17.7,-14.200000000000001,-13.8,16
15780,264191.0,-0.1,0.2,-1.0,0.4,1.1,8.8,-16.900000000000002,-4.9,-16.1,16
15781,264209.0,-0.30000000000000004,0.2,-0.8,0.2,1.2000000000000002,9.0,-11.8,4.0,-18.1,16
15782,264225.0,-0.7000000000000001,0.4,-0.30000000000000004,-0.30000000000000004,1.3,9.5,-7.1000000000000005,8.600000000000001,-19.3,16
15783,264242.0,-1.3,0.6000000000000001,0.0,-0.8,1.4000000000000001,9.700000000000001,-4.0,5.4,-20.2,16
15784,264258.0,-1.4000000000000001,0.6000000000000001,0.1,-1.0,1.5,9.700000000000001,-3.1,1.3,-20.6,16
15785,264283.0,-1.8,0.5,0.1,-1.2000000000000002,1.4000000000000001,9.700000000000001,-5.2,-0.5,-19.700000000000003,16
15786,264292.0,-1.8,0.4,0.1,-1.3,1.3,9.8,-7.400000000000001,-2.0,-16.2,16
15787,264308.0,-1.8,0.30000000000000004,0.2,-1.3,1.1,10.0,-8.1,-0.9,-11.1,16
15788,264325.0,-1.8,0.1,0.4,-1.4000000000000001,0.9,10.200000000000001,-7.2,-1.4,-6.4,16
15789,264342.0,-1.9000000000000001,0.0,0.9,-1.5,0.8,10.600000000000001,-4.9,-2.8,-3.2,16
15790,264359.0,-2.0,0.0,1.1,-1.7000000000000002,0.9,11.0,-1.0999999999999999,-5.6,-1.9,16
15791,264384.0,-2.5,0.5,1.9000000000000001,-2.0,1.2000000000000002,11.5,1.0,-9.5,-0.6000000000000001,16
15792,264391.0,-2.5,0.7000000000000001,2.1,-2.0,1.6,11.8,2.0,-12.700000000000001,2.0,16
15793,264409.0,-2.4000000000000004,0.9,2.1,-1.7000000000000002,1.8,12.0,2.4000000000000004,-10.5,4.7,16
15794,264425.0,-2.0,1.1,2.5,-1.5,1.9000000000000001,12.4,6.6000000000000005,-3.6,5.300000000000001,16
15795,264442.0,-1.9000000000000001,1.1,2.7,-1.0,2.0,12.8,13.5,2.7,5.7,16
15796,264458.0,-1.1,1.1,3.2,-0.1,1.9000000000000001,13.100000000000001,15.100000000000001,0.4,6.1000000000000005,16
15797,264482.0,0.6000000000000001,0.7000000000000001,2.8000000000000003,0.8,1.7000000000000002,12.8,18.0,4.5,6.3,16
15798,264491.0,0.9,0.4,2.5,1.4000000000000001,1.4000000000000001,12.3,25.1,14.900000000000002,6.9,16
15799,264509.0,1.3,0.1,1.9000000000000001,1.6,1.2000000000000002,11.8,28.900000000000002,21.700000000000003,7.1000000000000005,16
15800,264525.0,1.4000000000000001,0.0,1.6,1.7000000000000002,1.1,11.3,30.9,26.400000000000002,8.600000000000001,16
15801,264542.0,1.4000000000000001,-0.30000000000000004,1.1,1.7000000000000002,0.9,10.8,33.900000000000006,28.900000000000002,9.9,16
15802,264558.0,1.5,-0.5,0.7000000000000001,1.8,0.7000000000000001,10.4,35.8,28.200000000000003,8.1,16
15803,264581.0,1.7000000000000002,-1.0,0.1,1.8,0.5,10.0,37.800000000000004,25.0,2.9,16
15804,264592.0,1.7000000000000002,-1.1,-0.1,1.8,0.5,9.600000000000001,35.4,18.400000000000002,-4.2,16
15805,264608.0,1.8,-1.2000000000000002,-0.30000000000000004,1.9000000000000001,0.4,9.200000000000001,28.200000000000003,10.1,-12.100000000000001,16
15806,264625.0,2.0,-1.3,-0.9,2.0,0.4,8.700000000000001,17.1,5.7,-17.7,16
15807,264641.0,2.0,-1.4000000000000001,-1.5,2.0,0.30000000000000004,8.200000000000001,6.5,7.0,-19.6,16
15808,264659.0,1.8,-1.4000000000000001,-1.8,1.8,0.30000000000000004,7.9,-1.6,12.200000000000001,-17.9,16
15809,264677.0,1.3,-1.4000000000000001,-1.9000000000000001,1.3,0.30000000000000004,7.800000000000001,-6.6000000000000005,15.6,-13.700000000000001,16
15810,264693.0,0.9,-1.4000000000000001,-2.0,0.7000000000000001,0.30000000000000004,7.7,-9.0,15.9,-9.4,16
15811,264710.0,0.1,-1.0,-1.8,-0.1,0.6000000000000001,7.9,-9.700000000000001,10.2,-5.1,16
15812,264725.0,-0.30000000000000004,-0.9,-1.7000000000000002,-0.6000000000000001,0.8,8.1,-12.000000000000002,-0.5,-1.2000000000000002,16
15813,264742.0,-0.6000000000000001,-0.8,-1.4000000000000001,-0.8,0.8,8.3,-16.1,-12.9,1.5000000000000002,16
15814,264760.0,-0.8,-0.6000000000000001,-1.3,-0.9,0.8,8.4,-18.7,-20.1,3.7000000000000006,16
15815,264779.0,-1.0,-0.5,-1.3,-1.0,0.9,8.3,-17.9,-21.6,6.1000000000000005,16
15816,264792.0,-1.1,-0.4,-1.2000000000000002,-1.1,1.0,8.5,-15.8,-19.500000000000004,9.0,16
15817,264812.0,-1.3,-0.30000000000000004,-1.0,-1.2000000000000002,1.1,8.700000000000001,-14.200000000000001,-18.0,11.8,16
15818,264828.0,-1.2000000000000002,-0.2,-0.9,-1.1,1.0,8.700000000000001,-13.5,-16.2,13.9,16
15819,264844.0,-1.2000000000000002,-0.2,-0.9,-1.1,1.1,8.8,-14.600000000000001,-15.000000000000002,15.399999999999999,16
15820,264858.0,-1.2000000000000002,0.0,-0.9,-1.0,1.2000000000000002,8.8,-17.1,-14.500000000000002,17.7,16
15821,264876.0,-1.3,0.1,-0.8,-0.9,1.3,8.9,-18.8,-12.3,21.8,16
15822,264891.0,-1.1,0.1,-0.6000000000000001,-0.7000000000000001,1.2000000000000002,9.1,-17.8,-7.8,25.2,16
15823,264908.0,-1.1,0.0,-0.5,-0.8,1.1,9.200000000000001,-15.6,-3.9,27.7,16
15824,264925.0,-1.2000000000000002,0.4,-0.30000000000000004,-0.9,1.4000000000000001,9.3,-14.0,-4.300000000000001,31.4,16
15825,264941.0,-1.3,0.6000000000000001,-0.2,-1.0,1.7000000000000002,9.5,-13.3,-9.1,34.400000000000006,16
15826,264959.0,-1.2000000000000002,0.8,0.0,-0.8,1.7000000000000002,9.700000000000001,-11.700000000000001,-14.3,36.1,16
15827,264976.0,-0.9,0.7000000000000001,0.1,-0.5,1.6,9.8,-8.799999999999999,-14.500000000000002,37.0,16
15828,264992.0,-0.7000000000000001,0.7000000000000001,0.1,-0.2,1.7000000000000002,9.8,-2.8,-8.600000000000001,36.9,16
15829,265014.0,-0.4,0.8,0.1,0.0,1.8,9.8,4.6000000000000005,0.5,36.7,16
15830,265025.0,-0.30000000000000004,0.9,0.2,0.2,1.8,9.9,10.600000000000001,9.0,37.5,16
15831,265041.0,-0.1,0.9,0.30000000000000004,0.30000000000000004,1.9000000000000001,9.9,11.8,11.4,35.3,16
15832,265058.0,-0.1,0.9,0.2,0.30000000000000004,1.9000000000000001,9.9,11.000000000000002,12.3,32.6,16
15833,265078.0,0.1,0.9,0.4,0.5,1.9000000000000001,10.100000000000001,8.799999999999999,11.4,30.7,16
15834,265093.0,0.30000000000000004,0.8,0.4,1.0,1.8,10.200000000000001,2.4000000000000004,8.3,28.6,16
15835,265108.0,1.1,0.6000000000000001,0.7000000000000001,1.5,1.7000000000000002,10.3,-1.7,7.699999999999999,23.2,16
15836,265125.0,1.4000000000000001,0.5,0.6000000000000001,1.7000000000000002,1.6,10.3,0.6000000000000001,13.4,18.5,16
15837,265141.0,1.4000000000000001,0.5,0.6000000000000001,1.7000000000000002,1.6,10.3,0.6000000000000001,13.4,18.5,16
15838,265160.0,0.5,0.9,0.6000000000000001,0.5,2.1,10.4,7.699999999999999,29.200000000000003,16.8,16
15839,265177.0,-0.4,1.1,1.1,-0.30000000000000004,2.2,10.9,11.6,27.1,18.1,16
15840,265196.0,-0.7000000000000001,1.1,1.6,-0.6000000000000001,2.3000000000000003,11.600000000000001,9.4,6.4,17.3,16
15841,265209.0,-0.30000000000000004,1.0,2.0,0.0,2.2,11.700000000000001,4.9,-8.0,13.9,16
15842,265225.0,0.1,0.9,2.1,0.30000000000000004,2.1,11.9,5.0,-13.700000000000001,10.1,16
15843,265241.0,0.30000000000000004,0.8,2.1,0.8,1.8,11.8,4.7,-14.3,8.0,16
15844,265258.0,0.7000000000000001,0.4,2.0,1.1,1.6,11.8,7.6,-12.9,7.8,16
15845,265280.0,1.1,0.1,1.9000000000000001,1.4000000000000001,1.4000000000000001,11.700000000000001,12.8,-2.5,10.5,16
15846,265294.0,1.4000000000000001,-0.30000000000000004,1.8,1.7000000000000002,1.0,11.600000000000001,16.400000000000002,-5.2,11.5,16
15847,265309.0,1.7000000000000002,-0.5,1.6,2.0,0.8,11.3,19.700000000000003,-5.7,11.8,16
15848,265325.0,1.7000000000000002,-0.7000000000000001,1.2000000000000002,2.2,0.7000000000000001,11.0,25.700000000000003,-8.5,10.2,16
15849,265342.0,1.9000000000000001,-0.9,1.0,2.6,0.4,10.4,29.800000000000004,-11.1,6.4,16
15850,265358.0,2.3000000000000003,-1.2000000000000002,0.2,2.8000000000000003,0.4,9.600000000000001,33.300000000000004,-7.6,-0.1,16
15851,265379.0,2.2,-1.3,-0.8,2.6,0.4,8.9,36.4,1.6,-6.4,16
15852,265399.0,1.5,-1.3,-1.4000000000000001,2.0,0.5,8.4,32.300000000000004,5.0,-11.3,16
15853,265408.0,1.1,-1.3,-1.6,1.5,0.5,8.0,21.700000000000003,-1.2000000000000002,-13.8,16
15854,265425.0,0.8,-1.4000000000000001,-1.8,1.2000000000000002,0.4,7.9,10.2,-7.300000000000001,-14.600000000000001,16
15855,265441.0,0.7000000000000001,-1.5,-1.8,1.1,0.30000000000000004,7.9,1.4,-12.700000000000001,-15.299999999999999,16
15856,265458.0,0.6000000000000001,-1.6,-1.5,1.2000000000000002,0.30000000000000004,8.3,-6.8,-19.500000000000004,-16.1,16
15857,265478.0,0.8,-1.5,-1.2000000000000002,1.4000000000000001,0.30000000000000004,8.4,-13.8,-21.200000000000003,-17.1,16
15858,265495.0,0.5,-1.3,-1.0,1.2000000000000002,0.5,8.700000000000001,-15.100000000000001,-17.599999999999998,-15.9,16
15859,265508.0,0.30000000000000004,-1.0,-0.8,0.8,0.8,8.9,-11.6,-16.6,-12.5,16
15860,265525.0,-0.1,-0.7000000000000001,-0.8,0.6000000000000001,1.1,8.8,-7.6,-14.100000000000001,-8.0,16
15861,265541.0,-0.30000000000000004,-0.4,-1.0,0.4,1.2000000000000002,8.6,-3.2,-12.8,-4.300000000000001,16
15862,265558.0,-0.5,-0.30000000000000004,-1.1,0.30000000000000004,1.4000000000000001,8.4,2.1,-13.5,-2.0,16
15863,265575.0,-0.7000000000000001,-0.2,-1.4000000000000001,0.2,1.5,8.200000000000001,6.1000000000000005,-16.700000000000003,-0.6000000000000001,16
15864,265595.0,-0.6000000000000001,-0.1,-1.7000000000000002,0.30000000000000004,1.6,7.9,6.4,-20.6,-0.9,16
15865,265609.0,-0.4,-0.1,-1.8,0.7000000000000001,1.7000000000000002,7.800000000000001,5.0,-20.5,-3.0000000000000004,16
15866,265625.0,-0.30000000000000004,0.0,-1.7000000000000002,0.7000000000000001,1.8,7.9,3.9,-18.5,-7.1000000000000005,16
15867,265642.0,-0.6000000000000001,0.1,-1.4000000000000001,0.5,1.8,8.1,0.9,-19.500000000000004,-11.5,16
15868,265658.0,-0.6000000000000001,0.2,-1.3,0.5,1.9000000000000001,8.3,-6.2,-22.7,-15.8,16
15869,265675.0,-0.6000000000000001,0.30000000000000004,-1.2000000000000002,0.5,2.0,8.4,-12.9,-18.3,-19.700000000000003,16
15870,265691.0,-0.7000000000000001,0.30000000000000004,-1.0,0.5,2.0,8.4,-12.9,-18.3,-19.700000000000003,16
15871,265710.0,-1.3,0.4,-0.5,-0.1,2.0,9.0,-17.3,-5.9,-27.5,16
15872,265725.0,-1.6,0.4,-0.2,-0.6000000000000001,2.0,9.4,-20.0,-3.8,-31.099999999999998,16
15873,265741.0,-2.1,0.5,0.30000000000000004,-0.9,2.1,9.9,-22.5,-6.1000000000000005,-32.4,16
15874,265758.0,-2.0,0.5,0.5,-0.7000000000000001,1.9000000000000001,10.200000000000001,-25.0,-9.8,-31.4,16
15875,265776.0,-1.7000000000000002,0.30000000000000004,0.8,-0.5,1.7000000000000002,10.4,-23.6,-8.200000000000001,-28.6,16
15876,265791.0,-1.4000000000000001,0.2,1.1,-0.30000000000000004,1.6,10.700000000000001,-18.2,-3.0000000000000004,-23.700000000000003,16
15877,265809.0,-1.2000000000000002,0.30000000000000004,1.3,0.0,1.6,10.9,-11.700000000000001,3.8,-21.6,16
15878,265825.0,-1.1,0.1,1.4000000000000001,0.0,1.5,11.0,-4.300000000000001,11.1,-19.0,16
15879,265842.0,-1.0,0.0,1.5,-0.1,1.4000000000000001,11.100000000000001,0.5,17.5,-16.3,16
15880,265858.0,-1.3,0.1,1.5,-0.4,1.5,11.100000000000001,4.2,21.5,-11.8,16
15881,265877.0,-1.5,0.30000000000000004,1.4000000000000001,-0.6000000000000001,1.7000000000000002,11.0,8.700000000000001,28.700000000000003,-5.9,16
15882,265895.0,-1.7000000000000002,0.4,1.5,-1.0,1.9000000000000001,11.200000000000001,11.4,35.4,-0.5,16
15883,265911.0,-2.1,0.8,2.1,-1.5,2.3000000000000003,11.700000000000001,12.200000000000001,36.9,2.5,16
15884,265926.0,-2.3000000000000003,0.9,2.6,-1.6,2.5,12.700000000000001,9.5,21.1,1.3,16
15885,265941.0,-1.4000000000000001,1.1,3.9000000000000004,-0.5,2.6,13.700000000000001,-3.3000000000000003,-4.800000000000001,0.2,16
15886,265958.0,0.6000000000000001,1.1,3.9000000000000004,1.1,2.6,13.700000000000001,-7.8,-8.0,0.4,16
15887,265978.0,1.1,0.8,3.7,1.8,1.9000000000000001,12.9,12.5,3.3000000000000003,-0.6000000000000001,16
15888,265992.0,1.4000000000000001,0.30000000000000004,2.9000000000000004,1.8,1.9000000000000001,12.9,12.5,3.3000000000000003,-0.6000000000000001,16
15889,266009.0,1.9000000000000001,0.1,0.5,2.3000000000000003,1.8,10.200000000000001,42.400000000000006,28.3,-12.000000000000002,16
15890,266025.0,1.8,0.1,0.0,2.1,1.8,9.3,36.7,32.0,-14.3,16
15891,266042.0,1.7000000000000002,-0.30000000000000004,-1.0,2.0,1.5,8.6,25.8,28.500000000000004,-16.400000000000002,16
15892,266058.0,1.8,-0.9,-1.2000000000000002,2.0,1.1,8.6,15.299999999999999,20.6,-20.2,16
15893,266077.0,1.9000000000000001,-1.0,-1.0,2.0,1.0,8.700000000000001,9.5,14.700000000000001,-25.1,16
15894,266092.0,1.9000000000000001,-1.1,-1.0,2.0,1.0,8.6,6.000000000000001,8.4,-29.400000000000002,16
15895,266108.0,1.8,-1.0,-1.4000000000000001,1.9000000000000001,1.0,8.3,0.7,1.7,-31.4,16
15896,266125.0,1.8,-1.0,-1.6,1.9000000000000001,1.1,8.1,-8.799999999999999,-4.800000000000001,-31.900000000000002,16
15897,266141.0,1.6,-0.8,-1.5,1.6,1.2000000000000002,8.200000000000001,-17.5,-9.3,-30.000000000000004,16
15898,266158.0,1.2000000000000002,-0.6000000000000001,-1.1,1.4000000000000001,1.3,8.6,-23.5,-12.8,-25.400000000000002,16
15899,266176.0,1.0,-0.5,-0.6000000000000001,1.2000000000000002,1.3,9.0,-25.900000000000002,-17.400000000000002,-19.9,16
15900,266192.0,0.9,-0.4,-0.30000000000000004,1.2000000000000002,1.3,9.4,-23.400000000000002,-19.700000000000003,-15.6,16
15901,266208.0,0.8,-0.4,-0.2,1.0,1.3,9.5,-16.900000000000002,-18.400000000000002,-13.5,16
15902,266225.0,0.30000000000000004,-0.2,-0.30000000000000004,0.7000000000000001,1.5,9.4,-7.500000000000001,-14.900000000000002,-11.1,16
15903,266241.0,0.1,-0.1,-0.5,0.4,1.6,9.0,1.8,-9.8,-7.9,16
15904,266258.0,-0.30000000000000004,0.1,-1.1,0.1,1.7000000000000002,8.5,7.400000000000001,-5.2,-6.3,16
15905,266275.0,-0.6000000000000001,0.1,-1.6,-0.2,1.8,8.1,8.5,-3.1,-6.5,16
15906,266292.0,-0.8,0.1,-1.7000000000000002,-0.6000000000000001,1.9000000000000001,7.800000000000001,4.0,-2.8,-6.7,16
15907,266310.0,-1.4000000000000001,0.2,-1.8,-1.0,1.9000000000000001,7.9,-2.1,-4.1000000000000005,-5.2,16
15908,266325.0,-1.6,0.1,-1.8,-1.2000000000000002,1.8,7.800000000000001,-6.1000000000000005,-6.2,-2.1999999999999997,16
15909,266341.0,-1.7000000000000002,0.1,-1.7000000000000002,-1.4000000000000001,1.7000000000000002,8.0,-10.4,-9.8,0.6000000000000001,16
15910,266358.0,-1.8,0.0,-1.3,-1.3,1.6,8.3,-15.100000000000001,-17.3,3.7000000000000006,16
15911,266375.0,-1.8,-0.1,-1.1,-1.3,1.4000000000000001,8.6,-18.6,-24.200000000000003,7.8,16
15912,266393.0,-1.6,-0.1,-0.8,-1.0,1.4000000000000001,8.9,-18.2,-25.2,12.6,16
15913,266410.0,-1.6,-0.1,-0.8,-1.0,1.4000000000000001,8.9,-18.2,-25.2,12.6,16
15914,266425.0,-1.3,0.1,0.0,-0.6000000000000001,1.5,9.600000000000001,-6.000000000000001,-16.3,24.6,16
15915,266441.0,-1.3,0.2,0.1,-0.6000000000000001,1.7000000000000002,9.700000000000001,2.0,-10.2,30.299999999999997,16
15916,266458.0,-1.2000000000000002,0.4,0.2,-0.4,1.9000000000000001,9.8,9.0,-4.800000000000001,34.50000000000001,16
15917,266475.0,-1.0,0.6000000000000001,0.1,-0.30000000000000004,2.1,9.700000000000001,12.9,-0.1,36.6,16
15918,266492.0,-0.9,0.7000000000000001,0.1,0.1,2.3000000000000003,9.700000000000001,11.5,-0.30000000000000004,36.2,16
15919,266508.0,-0.4,0.8,0.1,0.6000000000000001,2.4000000000000004,9.700000000000001,6.8,-1.8,34.1,16
15920,266525.0,0.4,0.8,0.30000000000000004,1.3,2.4000000000000004,9.9,0.5,-0.5,29.900000000000006,16
15921,266541.0,0.8,0.8,0.4,1.8,2.4000000000000004,10.0,-4.800000000000001,-0.6000000000000001,24.200000000000003,16
15922,266558.0,1.2000000000000002,0.9,0.5,2.1,2.4000000000000004,10.100000000000001,-9.9,0.5,19.8,16
15923,266575.0,1.4000000000000001,0.9,0.7000000000000001,2.3000000000000003,2.4000000000000004,10.3,-11.9,4.6000000000000005,16.700000000000003,16
15924,266593.0,1.3,1.0,0.7000000000000001,2.1,2.4000000000000004,10.3,-9.1,12.3,14.700000000000001,16
15925,266608.0,1.0,1.1,0.8,1.5,2.7,10.5,-4.6000000000000005,18.5,13.6,16
15926,266625.0,0.1,1.6,1.2000000000000002,0.7000000000000001,3.1,10.9,1.9,18.3,13.8,16
15927,266642.0,-0.1,2.1,2.5,0.6000000000000001,3.5,12.100000000000001,6.7,5.6,13.5,16
15928,266658.0,0.1,2.2,3.0,1.0,3.6,12.9,12.8,-13.200000000000001,10.0,16
15929,266676.0,0.7000000000000001,2.0,3.5,1.5,3.5,13.100000000000001,28.6,-22.6,4.6000000000000005,16
15930,266691.0,0.7000000000000001,1.8,3.4000000000000004,1.7000000000000002,3.2,12.9,51.2,-22.3,-0.6000000000000001,16
15931,266708.0,1.0,1.1,3.0,2.0,2.9000000000000004,12.3,69.60000000000001,-19.1,-7.699999999999999,16
15932,266725.0,1.4000000000000001,0.6000000000000001,2.1,2.4000000000000004,2.7,11.600000000000001,80.6,-11.1,-14.200000000000001,16
15933,266742.0,1.7000000000000002,0.2,1.2000000000000002,2.7,2.6,10.8,76.2,-4.0,-19.700000000000003,16
15934,266758.0,1.7000000000000002,0.1,0.8,2.6,2.6,10.100000000000001,59.1,-1.8,-21.6,16
15935,266776.0,1.3,-0.1,0.2,2.2,2.6,9.700000000000001,40.8,1.4,-17.599999999999998,16
15936,266792.0,1.0,-0.6000000000000001,-0.1,2.0,2.2,9.3,24.1,4.5,-9.3,16
15937,266808.0,1.3,-0.8,-0.2,2.1,1.8,9.1,10.1,6.9,-7.500000000000001,16
15938,266825.0,0.8,-1.5,-0.7000000000000001,1.7000000000000002,1.2000000000000002,8.700000000000001,1.3,9.0,-5.7,16
15939,266842.0,0.6000000000000001,-1.9000000000000001,-1.1,1.5,0.8,8.4,-1.9,9.0,-6.9,16
15940,266858.0,0.5,-2.1,-1.2000000000000002,1.3,0.6000000000000001,8.200000000000001,-2.9,9.1,-7.2,16
15941,266875.0,0.2,-2.3000000000000003,-1.3,1.1,0.4,8.1,-3.1,6.000000000000001,-8.700000000000001,16
15942,266891.0,0.2,-2.2,-1.5,1.1,0.5,8.0,-2.9,0.8,-9.9,16
15943,266908.0,0.2,-2.2,-1.4000000000000001,1.0,0.6000000000000001,8.0,-2.5,-4.300000000000001,-10.1,16
15944,266925.0,0.2,-2.0,-1.3,1.1,0.7000000000000001,8.1,-6.5,-11.700000000000001,-9.0,16
15945,266941.0,0.2,-1.9000000000000001,-1.6,1.1,0.8,7.800000000000001,-12.700000000000001,-17.0,-6.4,16
15946,266958.0,0.2,-1.8,-1.8,1.1,0.9,7.6000000000000005,-18.400000000000002,-16.5,-3.0000000000000004,16
15947,266976.0,0.1,-1.5,-1.9000000000000001,1.0,1.1,7.6000000000000005,-23.0,-11.6,1.4,16
15948,266996.0,-0.30000000000000004,-1.2000000000000002,-1.8,0.7000000000000001,1.2000000000000002,7.6000000000000005,-27.400000000000002,-7.8,6.1000000000000005,16
15949,267008.0,-0.5,-1.1,-1.8,0.5,1.3,7.7,-29.800000000000004,-5.6,10.8,16
15950,267024.0,-0.5,-1.0,-1.5,0.5,1.3,7.9,-28.900000000000002,-5.0,13.100000000000001,16
15951,267041.0,-0.5,-0.9,-1.3,0.6000000000000001,1.3,8.1,-25.700000000000003,-6.9,12.6,16
15952,267058.0,-0.6000000000000001,-0.7000000000000001,-1.2000000000000002,0.5,1.5,8.4,-21.5,-10.4,11.1,16
15953,267075.0,-0.6000000000000001,-0.4,-1.0,0.7000000000000001,1.7000000000000002,8.5,-17.8,-13.9,9.700000000000001,16
15954,267091.0,-0.1,-0.30000000000000004,-0.9,1.1,1.7000000000000002,8.5,-16.3,-12.8,5.9,16
15955,267108.0,0.0,-0.2,-1.0,1.2000000000000002,2.0,8.6,-15.6,-9.9,1.0,16
15956,267125.0,0.0,0.2,-0.5,1.2000000000000002,2.2,8.9,-17.0,-6.1000000000000005,-2.1,16
15957,267142.0,-0.30000000000000004,0.6000000000000001,-0.30000000000000004,1.0,2.5,9.200000000000001,-21.1,-7.400000000000001,-2.9,16
15958,267158.0,-0.1,0.7000000000000001,-0.2,1.3,2.7,9.3,-25.700000000000003,-5.300000000000001,-3.8,16
15959,267174.0,0.0,1.0,0.0,1.1,2.8000000000000003,9.600000000000001,-26.400000000000002,7.0,-3.9,16
15960,267191.0,-0.4,1.2000000000000002,0.30000000000000004,0.8,2.9000000000000004,9.8,-23.900000000000002,13.8,-4.7,16
15961,267210.0,-0.6000000000000001,1.3,0.4,0.8,2.9000000000000004,9.8,-23.900000000000002,13.8,-4.7,16
15962,267225.0,-1.0,1.4000000000000001,1.0,0.1,2.9000000000000004,10.700000000000001,-26.700000000000003,7.2,-9.200000000000001,16
15963,267242.0,-1.1,1.4000000000000001,1.5,0.0,2.9000000000000004,11.200000000000001,-24.8,2.1,-12.200000000000001,16
15964,267259.0,-1.1,1.3,2.0,-0.1,2.7,11.600000000000001,-17.3,0.2,-15.100000000000001,16
15965,267275.0,-1.2000000000000002,1.2000000000000002,2.2,-0.30000000000000004,2.5,11.9,-6.1000000000000005,2.7,-18.2,16
15966,267291.0,-1.6,1.0,2.3000000000000003,-0.6000000000000001,2.4000000000000004,11.9,6.9,5.8,-19.400000000000002,16
15967,267310.0,-1.7000000000000002,0.8,1.8,-0.8,2.3000000000000003,11.4,17.9,11.4,-19.200000000000003,16
15968,267325.0,-1.9000000000000001,0.6000000000000001,1.6,-1.0,2.1,11.100000000000001,21.5,11.9,-18.400000000000002,16
15969,267342.0,-1.9000000000000001,0.4,1.3,-1.0,2.0,11.0,17.5,9.5,-17.0,16
15970,267358.0,-1.9000000000000001,0.2,1.4000000000000001,-1.1,1.9000000000000001,11.100000000000001,11.4,6.000000000000001,-15.5,16
15971,267381.0,-1.9000000000000001,0.2,1.4000000000000001,-1.1,1.9000000000000001,11.100000000000001,11.4,6.000000000000001,-15.5,16
15972,267391.0,-1.6,0.0,2.2,-0.5,1.7000000000000002,11.8,-13.4,-15.6,-11.1,16
15973,267408.0,-0.9,0.0,2.1,-0.1,1.6,11.700000000000001,-18.5,-14.4,-3.8,16
15974,267425.0,-0.9,0.0,1.9000000000000001,-0.1,1.5,11.5,-11.8,-2.9,3.6,16
15975,267441.0,-1.1,-0.1,1.6,-0.2,1.5,11.3,-3.9,3.0000000000000004,9.4,16
15976,267458.0,-1.1,0.0,1.6,-0.2,1.5,11.3,0.1,0.2,13.5,16
15977,267475.0,-1.0,-0.1,1.6,0.1,1.4000000000000001,11.3,3.0000000000000004,-7.1000000000000005,17.1,16
15978,267491.0,-0.30000000000000004,-0.30000000000000004,1.3,0.9,1.2000000000000002,10.9,8.3,-8.600000000000001,19.200000000000003,16
15979,267508.0,0.30000000000000004,-0.6000000000000001,0.6000000000000001,1.4000000000000001,1.0,10.3,15.5,-5.8,19.1,16
15980,267525.0,1.0,-0.8,-0.2,1.9000000000000001,0.8,9.600000000000001,20.7,0.1,18.6,16
15981,267541.0,1.3,-0.9,-0.5,2.4000000000000004,0.7000000000000001,9.1,20.8,6.2,17.8,16
15982,267559.0,1.8,-1.2000000000000002,-0.7000000000000001,2.8000000000000003,0.5,9.0,16.900000000000002,7.2,16.3,16
15983,267584.0,2.3000000000000003,-1.5,-0.8,3.6,0.2,8.3,9.9,9.8,13.3,16
15984,267591.0,2.4000000000000004,-1.5,-1.2000000000000002,3.6,0.2,8.3,9.9,9.8,13.3,16
15985,267608.0,2.7,-1.7000000000000002,-1.7000000000000002,3.6,0.1,7.9,9.1,15.9,10.4,16
15986,267625.0,2.3000000000000003,-1.5,-1.9000000000000001,3.2,0.30000000000000004,7.7,7.699999999999999,19.0,7.9,16
15987,267642.0,2.0,-1.3,-2.1,2.8000000000000003,0.6000000000000001,7.5,5.2,17.599999999999998,8.3,16
15988,267658.0,1.5,-1.0,-2.2,2.3000000000000003,0.9,7.5,-0.30000000000000004,14.600000000000001,10.2,16
15989,267678.0,1.0,-0.6000000000000001,-2.0,1.9000000000000001,1.2000000000000002,7.6000000000000005,-7.500000000000001,5.9,12.9,16
15990,267691.0,0.8,-0.5,-1.9000000000000001,1.6,1.3,7.9,-14.0,-5.500000000000001,16.400000000000002,16
15991,267710.0,0.7000000000000001,-0.4,-1.5,1.6,1.3,8.200000000000001,-17.400000000000002,-16.3,19.3,16
15992,267725.0,0.8,-0.30000000000000004,-1.1,1.8,1.3,8.5,-18.2,-23.900000000000002,19.8,16
15993,267741.0,0.9,-0.30000000000000004,-1.0,2.0,1.3,8.700000000000001,-16.900000000000002,-26.9,17.200000000000003,16
15994,267758.0,0.8,-0.1,-0.8,1.9000000000000001,1.6,8.8,-12.5,-25.6,14.600000000000001,16
15995,267780.0,0.30000000000000004,0.30000000000000004,-0.7000000000000001,1.6,1.9000000000000001,8.9,-7.9,-22.3,14.100000000000001,16
15996,267791.0,0.2,0.5,-0.6000000000000001,1.4000000000000001,2.0,8.9,-7.9,-19.8,14.100000000000001,16
15997,267809.0,0.1,0.7000000000000001,-0.7000000000000001,1.4000000000000001,2.1,8.9,-11.3,-16.8,12.000000000000002,16
15998,267825.0,0.0,0.9,-0.6000000000000001,1.3,2.3000000000000003,9.0,-14.700000000000001,-11.5,8.200000000000001,16
15999,267841.0,-0.4,0.9,-0.4,0.9,2.3000000000000003,9.1,-16.900000000000002,-7.300000000000001,6.9,16
16000,267858.0,-0.5,1.0,-0.2,0.9,2.4000000000000004,9.4,-18.3,-5.4,5.8,16
16001,267883.0,-0.4,1.0,-0.2,0.9,2.4000000000000004,9.3,-16.2,-0.8,1.8,16
16002,267892.0,-0.5,1.1,-0.2,0.9,2.4000000000000004,9.3,-16.2,-0.8,1.8,16
16003,267908.0,-0.6000000000000001,1.2000000000000002,-0.30000000000000004,0.7000000000000001,2.5,9.3,-14.100000000000001,2.6,2.1,16
16004,267925.0,-0.9,1.3,-0.30000000000000004,0.5,2.5,9.3,-11.5,5.1,4.300000000000001,16
16005,267941.0,-0.9,1.3,-0.2,0.5,2.5,9.4,-7.500000000000001,8.4,6.4,16
16006,267958.0,-0.9,1.3,0.0,0.5,2.5,9.700000000000001,-3.9,8.9,6.8,16
16007,267989.0,-1.0,1.4000000000000001,0.1,0.30000000000000004,2.5,9.600000000000001,3.8,10.1,8.799999999999999,16
16008,267992.0,-1.0,1.4000000000000001,0.0,0.30000000000000004,2.5,9.600000000000001,3.8,10.1,8.799999999999999,16
16009,268008.0,-0.8,1.3,0.1,0.5,2.5,9.8,7.2,11.3,9.600000000000001,16
16010,268024.0,-0.6000000000000001,1.2000000000000002,0.2,0.7000000000000001,2.3000000000000003,9.8,8.1,12.9,9.200000000000001,16
16011,268041.0,-0.30000000000000004,0.9,0.5,0.9,2.1,10.100000000000001,5.2,14.700000000000001,8.0,16
16012,268059.0,-0.30000000000000004,0.8,0.6000000000000001,0.9,2.0,10.100000000000001,-0.30000000000000004,18.2,7.8,16
16013,268078.0,-0.1,0.5,0.6000000000000001,1.0,1.7000000000000002,10.3,-10.700000000000001,21.3,8.9,16
16014,268093.0,0.4,0.0,0.8,1.4000000000000001,1.2000000000000002,10.5,-20.6,22.8,10.1,16
16015,268109.0,0.6000000000000001,-0.4,0.7000000000000001,1.5,0.6000000000000001,10.5,-21.1,33.400000000000006,9.600000000000001,16
16016,268125.0,0.30000000000000004,-0.7000000000000001,0.9,1.0,0.4,10.700000000000001,-14.500000000000002,41.4,10.1,16
16017,268141.0,0.1,-0.5,1.8,0.8,0.6000000000000001,11.5,-12.100000000000001,35.199999999999996,12.8,16
16018,268158.0,-0.30000000000000004,-0.2,2.1,0.6000000000000001,0.8,12.100000000000001,-15.000000000000002,17.5,19.3,16
16019,268176.0,0.4,0.0,2.4000000000000004,1.4000000000000001,1.0,12.200000000000001,-12.9,3.8,24.7,16
16020,268194.0,1.5,0.0,2.1,2.2,0.9,11.9,-3.7000000000000006,5.8,24.000000000000004,16
16021,268211.0,1.5,0.2,1.6,2.2,1.1,11.5,7.8,16.2,17.9,16
16022,268226.0,1.2000000000000002,0.30000000000000004,1.4000000000000001,1.8,1.3,11.200000000000001,10.9,20.1,12.5,16
16023,268241.0,0.8,0.4,1.6,1.4000000000000001,1.4000000000000001,11.4,4.5,16.5,9.8,16
16024,268258.0,0.7000000000000001,0.4,1.3,1.3,1.2000000000000002,11.100000000000001,-2.5,12.6,11.3,16
16025,268280.0,1.0,-0.2,0.8,1.4000000000000001,0.9,10.8,-2.4000000000000004,13.6,13.6,16
16026,268291.0,1.1,-0.4,0.7000000000000001,1.6,0.5,10.600000000000001,5.7,18.6,13.4,16
16027,268309.0,1.2000000000000002,-0.7000000000000001,0.5,1.6,0.1,10.200000000000001,16.400000000000002,22.1,9.3,16
16028,268325.0,1.1,-1.0,-0.1,1.4000000000000001,0.0,9.600000000000001,25.400000000000002,21.900000000000002,3.3000000000000003,16
16029,268341.0,0.7000000000000001,-1.2000000000000002,-0.8,1.0,-0.1,9.0,30.100000000000005,20.900000000000002,-1.7,16
16030,268358.0,0.4,-1.4000000000000001,-1.4000000000000001,0.7000000000000001,-0.1,8.5,28.6,17.200000000000003,-5.1,16
16031,268381.0,0.2,-1.5,-1.8,0.4,-0.2,8.1,22.7,12.9,-7.1000000000000005,16
16032,268398.0,0.1,-1.6,-2.0,0.30000000000000004,-0.2,7.800000000000001,12.8,8.700000000000001,-8.5,16
16033,268408.0,0.0,-1.6,-2.1,0.1,-0.30000000000000004,7.800000000000001,12.8,8.700000000000001,-8.5,16
16034,268425.0,-0.1,-1.6,-1.9000000000000001,0.0,-0.2,7.9,6.000000000000001,3.3000000000000003,-9.1,16
16035,268441.0,-0.2,-1.6,-1.7000000000000002,0.0,-0.2,8.1,-3.9,-5.9,-9.200000000000001,16
16036,268458.0,-0.1,-1.6,-1.7000000000000002,0.0,-0.2,8.1,-15.6,-13.5,-8.600000000000001,16
16037,268481.0,-0.30000000000000004,-1.3,-1.4000000000000001,0.0,-0.1,8.3,-21.5,-15.6,-5.1,16
16038,268493.0,-0.30000000000000004,-1.2000000000000002,-1.2000000000000002,-0.1,0.0,8.6,-20.4,-11.2,0.7,16
16039,268509.0,-0.5,-1.1,-0.8,-0.2,0.0,9.0,-14.500000000000002,-7.1000000000000005,6.9,16
16040,268525.0,-0.5,-1.1,-0.7000000000000001,-0.30000000000000004,0.0,9.1,-6.8,-4.5,10.700000000000001,16
16041,268541.0,-0.7000000000000001,-1.0,-0.6000000000000001,-0.4,0.1,9.1,1.9,-3.3000000000000003,13.0,16
16042,268559.0,-1.1,-0.8,-0.8,-0.7000000000000001,0.2,8.9,8.0,-4.1000000000000005,15.2,16
16043,268578.0,-1.2000000000000002,-0.6000000000000001,-1.0,-0.9,0.4,8.700000000000001,9.1,-6.4,17.9,16
16044,268595.0,-1.2000000000000002,-0.5,-1.1,-0.9,0.6000000000000001,8.6,7.2,-7.6,20.2,16
16045,268608.0,-1.3,-0.30000000000000004,-1.1,-0.9,0.8,8.6,4.6000000000000005,-8.3,22.1,16
16046,268625.0,-1.2000000000000002,-0.2,-1.0,-0.8,1.0,8.700000000000001,1.8,-8.3,22.8,16
16047,268642.0,-1.1,0.0,-0.8,-0.7000000000000001,1.2000000000000002,9.0,-2.0,-8.1,21.5,16
16048,268659.0,-1.1,0.2,-0.5,-0.7000000000000001,1.4000000000000001,9.3,-5.500000000000001,-7.6,19.1,16
16049,268680.0,-1.2000000000000002,0.6000000000000001,0.1,-0.8,1.7000000000000002,9.700000000000001,-5.9,-5.6,17.7,16
16050,268693.0,-1.2000000000000002,0.8,0.30000000000000004,-0.7000000000000001,1.9000000000000001,10.100000000000001,-3.6,-2.8,15.7,16
16051,268710.0,-1.0,0.9,0.8,-0.5,2.0,10.5,-0.9,-1.9,12.3,16
16052,268725.0,-0.9,1.0,1.0,-0.30000000000000004,2.1,10.8,1.7,-3.8,8.200000000000001,16
16053,268741.0,-0.6000000000000001,1.0,1.2000000000000002,-0.1,2.1,10.9,4.6000000000000005,-4.7,3.5,16
16054,268758.0,-0.6000000000000001,1.1,1.2000000000000002,-0.1,2.2,10.9,8.5,-3.9,-0.4,16
16055,268777.0,-0.8,1.2000000000000002,1.1,-0.30000000000000004,2.4000000000000004,10.9,13.4,0.1,-1.0999999999999999,16
16056,268792.0,-1.1,1.2000000000000002,1.1,-0.7000000000000001,2.5,10.700000000000001,18.2,5.2,0.8,16
16057,268809.0,-1.4000000000000001,1.3,1.0,-0.7000000000000001,2.5,10.700000000000001,20.900000000000002,9.9,3.8,16
16058,268825.0,-1.7000000000000002,1.2000000000000002,1.0,-1.3,2.6,10.8,21.700000000000003,13.100000000000001,5.4,16
16059,268842.0,-1.9000000000000001,1.3,1.1,-1.6,2.7,10.8,23.0,17.0,6.1000000000000005,16
16060,268859.0,-2.2,1.1,1.2000000000000002,-1.9000000000000001,2.6,11.0,22.7,19.9,4.800000000000001,16
16061,268874.0,-2.2,1.0,1.3,-1.9000000000000001,2.6,11.0,22.7,19.9,4.800000000000001,16
16062,268896.0,-1.6,0.8,2.5,-1.6,2.5,12.100000000000001,8.9,6.3,-1.3,16
16063,268909.0,-1.1,0.7000000000000001,2.6,-0.7000000000000001,2.3000000000000003,12.3,-4.2,-5.2,-0.6000000000000001,16
16064,268926.0,0.30000000000000004,0.1,2.4000000000000004,0.5,1.7000000000000002,12.200000000000001,-9.600000000000001,-8.4,0.5,16
16065,268941.0,1.0,-0.30000000000000004,2.3000000000000003,1.4000000000000001,1.1,12.0,-5.1,4.9,-1.8,16
16066,268958.0,1.6,-0.7000000000000001,2.1,1.8,0.9,11.9,6.000000000000001,20.0,-4.1000000000000005,16
16067,268975.0,1.6,-0.9,2.1,1.7000000000000002,0.7000000000000001,11.9,14.600000000000001,31.0,-5.4,16
16068,269006.0,1.8,-1.1,0.6000000000000001,1.7000000000000002,0.6000000000000001,10.200000000000001,16.400000000000002,29.900000000000006,-8.0,16
16069,269009.0,1.8,-1.1,0.6000000000000001,1.7000000000000002,0.6000000000000001,10.200000000000001,16.400000000000002,29.900000000000006,-8.0,16
16070,269024.0,1.7000000000000002,-1.2000000000000002,-0.2,1.5,0.5,9.5,15.2,27.400000000000002,-7.2,16
16071,269041.0,1.7000000000000002,-1.2000000000000002,-0.5,1.5,0.6000000000000001,9.0,13.100000000000001,22.8,-5.300000000000001,16
16072,269058.0,1.7000000000000002,-1.1,-1.1,1.5,0.7000000000000001,8.6,10.5,17.7,-2.7,16
16073,269074.0,1.9000000000000001,-0.9,-1.5,1.6,0.9,8.200000000000001,8.700000000000001,12.000000000000002,0.7,16
16074,269091.0,1.9000000000000001,-0.8,-1.7000000000000002,1.7000000000000002,1.0,7.9,7.9,8.0,2.6,16
16075,269108.0,1.9000000000000001,-0.7000000000000001,-1.9000000000000001,1.6,1.2000000000000002,7.800000000000001,7.1000000000000005,3.4,2.4000000000000004,16
16076,269124.0,1.8,-0.4,-1.9000000000000001,1.5,1.5,7.800000000000001,5.7,-1.8,1.4,16
16077,269141.0,1.7000000000000002,-0.2,-1.9000000000000001,1.4000000000000001,1.8,7.800000000000001,4.5,-7.300000000000001,-0.30000000000000004,16
16078,269159.0,1.6,0.0,-1.8,1.3,2.0,8.0,2.3000000000000003,-13.8,-3.3000000000000003,16
16079,269176.0,1.2000000000000002,0.2,-1.6,1.0,2.1,8.0,-2.5,-22.3,-7.400000000000001,16
16080,269192.0,1.0,0.30000000000000004,-1.6,0.6000000000000001,2.3000000000000003,8.0,-9.8,-28.700000000000003,-10.9,16
16081,269208.0,0.4,0.5,-1.7000000000000002,0.30000000000000004,2.3000000000000003,8.0,-17.9,-30.4,-12.100000000000001,16
16082,269225.0,0.0,0.6000000000000001,-1.5,0.1,2.4000000000000004,8.200000000000001,-23.0,-26.700000000000003,-11.8,16
16083,269241.0,-0.2,0.6000000000000001,-1.1,-0.1,2.2,8.5,-23.700000000000003,-19.500000000000004,-11.1,16
16084,269258.0,-0.30000000000000004,0.5,-0.9,-0.2,2.1,8.8,-20.3,-13.700000000000001,-11.3,16
16085,269275.0,-0.5,0.4,-0.7000000000000001,-0.4,2.0,9.0,-16.400000000000002,-11.1,-12.6,16
16086,269293.0,-0.8,0.30000000000000004,-0.8,-0.6000000000000001,1.9000000000000001,8.9,-13.700000000000001,-9.600000000000001,-14.100000000000001,16
16087,269310.0,-1.0,0.2,-1.1,-0.8,1.8,8.6,-10.4,-7.0,-14.4,16
16088,269324.0,-1.1,0.2,-1.3,-1.0,1.6,8.4,-8.9,-3.7000000000000006,-14.4,16
16089,269341.0,-1.3,0.1,-1.3,-1.0,1.6,8.4,-8.9,-3.7000000000000006,-14.4,16
16090,269359.0,-1.7000000000000002,0.1,-1.5,-1.7000000000000002,1.6,8.200000000000001,-13.0,-0.6000000000000001,-9.4,16
16091,269374.0,-2.0,0.30000000000000004,-1.4000000000000001,-1.9000000000000001,1.7000000000000002,8.3,-16.700000000000003,-0.5,-1.9,16
16092,269391.0,-2.0,0.30000000000000004,-1.1,-1.8,1.7000000000000002,8.6,-19.3,-1.5000000000000002,6.3,16
16093,269408.0,-1.8,0.30000000000000004,-0.8,-1.5,1.6,9.1,-18.900000000000002,-1.2000000000000002,12.6,16
16094,269425.0,-1.3,0.4,-0.30000000000000004,-1.0,1.6,9.5,-14.700000000000001,-0.1,16.8,16
16095,269443.0,-0.9,0.5,0.2,-0.7000000000000001,1.8,9.9,-7.8,4.3999999999999995,19.1,16
16096,269460.0,-0.5,0.7000000000000001,0.4,-0.4,1.9000000000000001,10.0,0.1,9.1,20.900000000000002,16
16097,269476.0,-0.4,0.9,0.5,-0.2,2.2,10.3,6.3,12.000000000000002,22.2,16
16098,269491.0,0.1,1.0,0.8,0.30000000000000004,2.3000000000000003,10.5,8.0,10.4,21.400000000000002,16
16099,269508.0,0.5,1.0,1.0,0.9,2.3000000000000003,10.700000000000001,3.8,6.3,16.8,16
16100,269525.0,1.3,1.0,1.1,1.5,2.3000000000000003,10.8,-2.7,6.6000000000000005,11.2,16
16101,269541.0,1.6,0.9,1.1,1.7000000000000002,2.2,10.700000000000001,-6.5,10.8,7.9,16
16102,269558.0,1.6,1.0,1.0,1.3,2.3000000000000003,10.700000000000001,-6.2,19.8,7.400000000000001,16
16103,269575.0,0.9,1.2000000000000002,1.4000000000000001,0.8,2.5,11.4,-4.1000000000000005,22.1,8.3,16
16104,269595.0,0.4,1.3,2.3000000000000003,0.30000000000000004,2.5,12.100000000000001,-6.5,14.3,7.300000000000001,16
16105,269609.0,0.2,1.2000000000000002,2.4000000000000004,0.1,2.4000000000000004,12.200000000000001,-11.000000000000002,-1.5000000000000002,5.4,16
16106,269625.0,0.2,1.1,2.5,0.2,2.1,12.200000000000001,-14.900000000000002,-11.4,3.8,16
16107,269641.0,0.5,0.4,2.2,0.5,1.5,12.0,-16.400000000000002,-14.100000000000001,2.6,16
16108,269658.0,0.4,-0.1,2.1,0.5,1.0,11.9,-10.8,-8.0,3.4,16
16109,269676.0,0.4,-0.30000000000000004,2.3000000000000003,0.5,0.7000000000000001,12.3,-2.1,-5.300000000000001,5.1,16
16110,269692.0,0.7000000000000001,-0.8,2.6,0.9,0.30000000000000004,12.4,5.1,-7.1000000000000005,6.5,16
16111,269708.0,1.3,-1.1,2.0,1.4000000000000001,0.0,11.9,14.3,-10.600000000000001,7.500000000000001,16
16112,269725.0,1.5,-1.3,1.6,1.8,-0.1,11.100000000000001,23.6,-7.9,7.1000000000000005,16
16113,269741.0,1.8,-1.5,0.4,2.0,-0.2,10.0,28.6,-3.7000000000000006,4.5,16
16114,269758.0,2.0,-1.6,-0.6000000000000001,2.2,-0.30000000000000004,9.200000000000001,28.200000000000003,5.300000000000001,-0.5,16
16115,269775.0,1.9000000000000001,-1.7000000000000002,-0.9,1.9000000000000001,-0.2,8.8,23.1,11.700000000000001,-7.1000000000000005,16
16116,269792.0,1.3,-1.5,-1.2000000000000002,1.3,0.0,8.5,16.400000000000002,15.6,-10.3,16
16117,269808.0,0.8,-1.4000000000000001,-1.4000000000000001,0.9,0.0,8.4,10.0,15.7,-10.3,16
16118,269824.0,0.7000000000000001,-1.4000000000000001,-1.3,0.8,0.0,8.5,4.1000000000000005,8.5,-10.8,16
16119,269841.0,0.8,-1.6,-1.4000000000000001,1.0,-0.1,8.4,-1.5000000000000002,0.4,-13.200000000000001,16
16120,269858.0,0.9,-1.4000000000000001,-1.5,1.0,0.0,8.200000000000001,-8.600000000000001,-4.800000000000001,-16.3,16
16121,269874.0,0.8,-1.3,-1.7000000000000002,0.9,0.2,7.9,-13.4,-8.5,-15.9,16
16122,269892.0,0.6000000000000001,-1.0,-2.0,0.6000000000000001,0.4,7.800000000000001,-15.7,-6.000000000000001,-11.9,16
16123,269908.0,0.30000000000000004,-0.7000000000000001,-2.0,0.4,0.6000000000000001,7.800000000000001,-15.5,-3.7000000000000006,-6.4,16
16124,269924.0,0.1,-0.6000000000000001,-2.0,0.2,0.7000000000000001,7.800000000000001,-14.200000000000001,-4.800000000000001,-2.3000000000000003,16
16125,269941.0,-0.1,-0.4,-1.9000000000000001,0.0,0.9,7.800000000000001,-13.4,-10.700000000000001,0.2,16
16126,269958.0,-0.1,-0.2,-1.9000000000000001,0.1,0.9,7.9,-13.3,-17.8,1.3,16
16127,269974.0,-0.1,-0.2,-1.8,0.2,0.9,8.0,-15.000000000000002,-23.6,0.1,16
16128,269994.0,0.1,-0.2,-1.6,0.4,0.9,8.200000000000001,-16.5,-27.2,-4.2,16
16129,270018.0,0.0,0.2,-1.1,0.30000000000000004,1.3,8.700000000000001,-13.9,-24.6,-12.4,16
16130,270026.0,-0.2,0.30000000000000004,-1.0,0.30000000000000004,1.3,8.700000000000001,-13.9,-24.6,-12.4,16
16131,270041.0,-0.4,0.4,-0.9,0.1,1.5,8.8,-12.700000000000001,-22.1,-14.800000000000002,16
16132,270058.0,-0.7000000000000001,0.6000000000000001,-0.7000000000000001,-0.2,1.6,9.0,-12.100000000000001,-18.5,-17.3,16
16133,270074.0,-1.1,0.7000000000000001,-0.5,-0.5,1.6,9.200000000000001,-12.6,-16.3,-20.3,16
16134,270091.0,-1.4000000000000001,0.8,-0.30000000000000004,-1.0,1.7000000000000002,9.4,-14.0,-15.399999999999999,-22.4,16
16135,270109.0,-2.0,0.9,0.0,-1.4000000000000001,1.8,9.8,-14.700000000000001,-13.9,-22.8,16
16136,270126.0,-2.6,1.0,0.8,-1.9000000000000001,1.8,10.5,-14.4,-14.4,-21.3,16
16137,270145.0,-2.7,1.0,2.0,-2.0,1.8,11.5,-9.4,-18.3,-16.3,16
16138,270158.0,-2.7,0.9,2.6,-1.9000000000000001,1.7000000000000002,12.4,0.30000000000000004,-25.900000000000002,-10.0,16
16139,270174.0,-2.4000000000000004,0.8,3.0,-1.1,1.4000000000000001,12.8,14.200000000000001,-27.6,-5.0,16
16140,270191.0,-1.5,0.30000000000000004,3.0,-0.4,1.1,12.5,29.200000000000003,-20.3,-5.9,16
16141,270208.0,-0.9,0.0,2.2,-0.1,1.1,11.8,41.300000000000004,-5.300000000000001,-8.5,16
16142,270224.0,-1.3,0.30000000000000004,1.7000000000000002,-0.5,1.4000000000000001,11.4,47.300000000000004,10.700000000000001,-8.5,16
16143,270241.0,-1.6,0.4,1.5,-0.9,1.8,11.100000000000001,43.300000000000004,19.8,-4.2,16
16144,270258.0,-1.6,0.5,1.1,-0.8,1.9000000000000001,10.700000000000001,32.7,23.400000000000002,1.5000000000000002,16
16145,270275.0,-1.2000000000000002,0.4,0.7000000000000001,-0.6000000000000001,1.9000000000000001,10.4,21.400000000000002,28.500000000000004,5.6,16
16146,270292.0,-1.1,0.4,0.7000000000000001,-0.6000000000000001,2.0,10.5,15.000000000000002,33.7,8.0,16
16147,270309.0,-1.1,0.6000000000000001,1.0,-0.6000000000000001,2.1,10.9,14.0,34.900000000000006,8.9,16
16148,270325.0,-0.5,0.6000000000000001,1.8,-0.1,2.2,11.600000000000001,9.5,22.900000000000002,7.400000000000001,16
16149,270341.0,0.0,0.5,1.9000000000000001,0.6000000000000001,2.1,11.4,-0.30000000000000004,11.5,4.5,16
16150,270358.0,0.7000000000000001,0.4,1.4000000000000001,1.3,1.9000000000000001,11.100000000000001,-2.8,6.9,4.7,16
16151,270375.0,1.6,0.0,1.1,1.9000000000000001,1.5,10.8,-1.2000000000000002,9.600000000000001,4.0,16
16152,270391.0,1.8,-0.2,0.8,2.2,1.2000000000000002,10.3,1.0,18.3,2.4000000000000004,16
16153,270409.0,2.0,-0.5,0.2,2.2,1.0,9.9,8.600000000000001,29.400000000000002,1.5000000000000002,16
16154,270425.0,2.0,-0.9,0.2,2.1,0.8,9.9,18.3,32.6,-1.2000000000000002,16
16155,270441.0,2.1,-1.0,0.0,2.4000000000000004,0.6000000000000001,9.5,26.200000000000003,29.700000000000003,-7.500000000000001,16
16156,270458.0,2.5,-1.2000000000000002,-0.6000000000000001,2.5,0.6000000000000001,8.9,27.0,26.1,-17.200000000000003,16
16157,270475.0,2.5,-1.1,-1.0,2.3000000000000003,0.8,8.3,21.400000000000002,19.700000000000003,-25.700000000000003,16
16158,270491.0,2.1,-0.8,-1.7000000000000002,2.0,1.0,8.0,8.700000000000001,12.4,-30.4,16
16159,270510.0,1.9000000000000001,-0.7000000000000001,-1.8,1.6,1.2000000000000002,7.9,-8.200000000000001,5.1,-30.200000000000003,16
16160,270525.0,1.5,-0.5,-1.6,1.3,1.3,8.200000000000001,-23.400000000000002,-0.7,-25.700000000000003,16
16161,270541.0,1.3,-0.2,-0.9,1.1,1.5,8.8,-33.800000000000004,-5.300000000000001,-19.3,16
16162,270558.0,1.2000000000000002,-0.1,-0.6000000000000001,1.0,1.6,9.3,-36.800000000000004,-10.3,-14.100000000000001,16
16163,270575.0,1.0,0.1,0.0,0.8,1.6,9.8,-33.800000000000004,-17.3,-11.3,16
16164,270591.0,0.5,0.30000000000000004,0.5,0.5,1.7000000000000002,10.3,-25.5,-27.5,-9.8,16
16165,270608.0,0.4,0.2,0.7000000000000001,0.4,1.5,10.3,-15.5,-36.4,-11.9,16
16166,270625.0,0.1,0.1,0.30000000000000004,0.2,1.4000000000000001,10.0,-7.500000000000001,-41.9,-15.100000000000001,16
16167,270641.0,-0.30000000000000004,0.2,-0.2,0.0,1.5,9.5,-2.7,-41.9,-15.6,16
16168,270658.0,-0.30000000000000004,0.1,-0.4,0.0,1.4000000000000001,9.4,-0.7,-33.900000000000006,-14.500000000000002,16
16169,270682.0,-0.9,-0.1,-0.8,-0.30000000000000004,1.3,9.0,-1.9,-23.8,-12.9,16
16170,270691.0,-1.1,-0.1,-0.8,-0.6000000000000001,1.2000000000000002,8.9,-5.6,-15.399999999999999,-9.8,16
16171,270708.0,-1.2000000000000002,-0.1,-0.9,-0.8,1.1,8.8,-9.600000000000001,-9.5,-5.8,16
16172,270725.0,-1.3,-0.2,-1.0,-0.8,1.1,8.8,-11.700000000000001,-1.9,-2.3000000000000003,16
16173,270741.0,-1.3,-0.2,-0.9,-0.8,1.0,8.8,-10.8,6.4,0.5,16
16174,270758.0,-1.3,-0.2,-0.9,-0.9,1.0,8.8,-7.2,12.700000000000001,3.0000000000000004,16
16175,270783.0,-1.3,-0.1,-1.0,-0.9,1.1,8.8,-2.5,15.6,6.2,16
16176,270791.0,-1.3,0.0,-1.1,-0.9,1.2000000000000002,8.6,1.0999999999999999,15.8,9.4,16
16177,270808.0,-1.3,0.1,-1.1,-0.9,1.3,8.5,2.9,14.4,12.3,16
16178,270824.0,-1.2000000000000002,0.2,-1.3,-0.8,1.5,8.4,1.7,11.3,15.7,16
16179,270841.0,-1.0,0.5,-1.2000000000000002,-0.8,1.7000000000000002,8.5,0.30000000000000004,9.3,20.1,16
16180,270858.0,-1.0,0.6000000000000001,-1.1,-0.7000000000000001,1.9000000000000001,8.6,-0.30000000000000004,9.700000000000001,24.5,16
16181,270881.0,-1.1,1.0,-0.6000000000000001,-0.9,2.1,9.0,-0.7,10.4,28.3,16
16182,270891.0,-1.1,1.1,-0.30000000000000004,-0.9,2.3000000000000003,9.4,-1.0999999999999999,9.700000000000001,31.900000000000002,16
16183,270908.0,-0.8,1.2000000000000002,0.1,-0.6000000000000001,2.4000000000000004,9.8,-2.1,8.3,33.5,16
16184,270925.0,-0.7000000000000001,1.3,0.2,-0.4,2.4000000000000004,9.9,-4.6000000000000005,6.5,32.800000000000004,16
16185,270941.0,-0.2,1.1,0.5,0.0,2.3000000000000003,10.3,-6.8,4.5,29.600000000000005,16
16186,270958.0,0.30000000000000004,1.1,1.0,0.5,2.3000000000000003,10.700000000000001,-6.3,5.0,25.5,16
16187,270982.0,0.8,1.1,1.4000000000000001,0.8,2.3000000000000003,11.100000000000001,-4.9,6.9,21.900000000000002,16
16188,270991.0,1.1,1.1,1.5,1.4000000000000001,2.2,11.200000000000001,-0.6000000000000001,12.9,18.6,16
16189,271009.0,1.7000000000000002,0.9,1.5,1.8,2.1,11.200000000000001,2.7,18.0,13.200000000000001,16
16190,271024.0,1.8,0.9,1.4000000000000001,1.7000000000000002,2.2,11.0,5.8,25.2,7.9,16
16191,271041.0,1.2000000000000002,1.3,1.3,0.9,2.6,11.100000000000001,11.4,32.7,6.4,16
16192,271058.0,0.2,1.7000000000000002,1.6,0.0,3.0,11.4,17.400000000000002,33.1,8.5,16
16193,271081.0,0.2,1.8,2.1,0.0,3.2,11.8,16.900000000000002,18.900000000000002,9.9,16
16194,271091.0,0.7000000000000001,1.7000000000000002,2.2,0.7000000000000001,3.1,11.9,12.3,2.1999999999999997,7.0,16
16195,271108.0,1.4000000000000001,1.3,1.8,1.2000000000000002,2.7,11.600000000000001,11.000000000000002,-3.9,3.4,16
16196,271125.0,1.7000000000000002,1.1,1.5,1.6,2.4000000000000004,10.9,17.5,5.2,0.9,16
16197,271143.0,1.8,0.5,0.6000000000000001,1.5,2.0,10.3,25.8,13.8,-1.8,16
16198,271158.0,1.3,0.30000000000000004,0.30000000000000004,1.1,2.0,10.100000000000001,32.300000000000004,15.2,-3.4,16
16199,271180.0,1.4000000000000001,0.1,-0.1,1.2000000000000002,1.9000000000000001,9.700000000000001,33.6,9.8,-6.5,16
16200,271195.0,1.4000000000000001,0.0,-0.30000000000000004,1.0,1.8,9.200000000000001,30.299999999999997,3.7000000000000006,-12.200000000000001,16
16201,271208.0,1.2000000000000002,-0.30000000000000004,-0.6000000000000001,0.9,1.6,9.1,20.5,-7.500000000000001,-17.3,16
16202,271224.0,1.2000000000000002,-0.4,-0.6000000000000001,1.1,1.3,9.1,8.600000000000001,-19.1,-21.8,16
16203,271241.0,1.4000000000000001,-1.0,-0.6000000000000001,1.4000000000000001,0.8,9.0,-0.8,-27.1,-25.400000000000002,16
16204,271258.0,1.6,-1.4000000000000001,-0.7000000000000001,1.6,0.5,9.0,-5.300000000000001,-27.8,-27.7,16
16205,271279.0,1.3,-1.7000000000000002,-0.5,1.3,0.2,9.1,-4.5,-24.6,-28.6,16
16206,271292.0,1.1,-1.8,-0.5,1.0,0.0,9.1,-1.4,-21.6,-28.3,16
16207,271309.0,0.6000000000000001,-1.9000000000000001,-0.5,0.7000000000000001,0.0,9.200000000000001,0.5,-20.900000000000002,-28.3,16
16208,271325.0,0.4,-1.9000000000000001,-0.6000000000000001,0.5,-0.1,9.1,1.0,-22.5,-28.8,16
16209,271342.0,0.30000000000000004,-1.9000000000000001,-0.6000000000000001,0.4,0.0,9.0,1.0999999999999999,-25.0,-29.400000000000002,16
16210,271359.0,0.2,-1.7000000000000002,-0.7000000000000001,0.5,0.1,8.9,-1.4,-27.400000000000002,-30.200000000000003,16
16211,271377.0,0.1,-1.6,-0.9,0.5,0.2,8.8,-7.699999999999999,-29.700000000000003,-30.4,16
16212,271396.0,-0.1,-1.2000000000000002,-0.8,0.30000000000000004,0.5,8.8,-15.5,-29.700000000000003,-28.200000000000003,16
16213,271409.0,-0.2,-1.1,-0.7000000000000001,0.2,0.7000000000000001,8.9,-20.6,-27.0,-24.1,16
16214,271425.0,-0.4,-0.8,-0.6000000000000001,0.1,0.8,9.1,-22.000000000000004,-21.6,-20.4,16
16215,271441.0,-0.5,-0.7000000000000001,-0.4,-0.1,0.9,9.3,-21.200000000000003,-17.599999999999998,-18.8,16
16216,271459.0,-0.5,-0.7000000000000001,-0.4,-0.1,0.9,9.3,-21.200000000000003,-17.599999999999998,-18.8,16
16217,271475.0,-0.9,-0.4,-0.30000000000000004,-0.30000000000000004,1.1,9.4,-17.5,-15.8,-18.1,16
16218,271491.0,-1.0,-0.30000000000000004,-0.4,-0.30000000000000004,1.1,9.1,-7.8,-15.399999999999999,-18.6,16
16219,271508.0,-0.8,-0.30000000000000004,-0.7000000000000001,-0.1,1.1,8.8,-4.3999999999999995,-16.3,-19.3,16
16220,271525.0,-0.6000000000000001,-0.30000000000000004,-1.2000000000000002,0.1,1.1,8.5,-2.8,-16.2,-19.9,16
16221,271542.0,-0.6000000000000001,-0.30000000000000004,-1.3,0.2,1.1,8.200000000000001,-2.7,-14.700000000000001,-19.8,16
16222,271560.0,-0.5,-0.30000000000000004,-1.5,0.2,1.2000000000000002,8.1,-4.3999999999999995,-13.0,-20.0,16
16223,271584.0,-0.6000000000000001,-0.2,-1.4000000000000001,0.2,1.2000000000000002,8.200000000000001,-7.300000000000001,-13.100000000000001,-20.0,16
16224,271591.0,-0.7000000000000001,-0.1,-1.4000000000000001,0.1,1.3,8.3,-9.4,-12.700000000000001,-19.6,16
16225,271608.0,-0.8,0.1,-1.2000000000000002,0.0,1.5,8.4,-9.3,-10.8,-19.8,16
16226,271625.0,-1.1,0.2,-0.8,-0.30000000000000004,1.6,8.8,-7.6,-7.400000000000001,-22.1,16
16227,271641.0,-1.4000000000000001,0.4,-0.6000000000000001,-0.8,1.8,9.1,-7.2,-6.6000000000000005,-25.3,16
16228,271660.0,-2.0,0.6000000000000001,-0.2,-1.2000000000000002,2.0,9.5,-9.9,-10.5,-26.8,16
16229,271680.0,-2.2,0.7000000000000001,0.30000000000000004,-1.4000000000000001,2.0,9.9,-12.5,-13.5,-25.900000000000002,16
16230,271692.0,-2.3000000000000003,0.6000000000000001,0.5,-1.4000000000000001,1.9000000000000001,10.4,-14.900000000000002,-13.6,-23.1,16
16231,271709.0,-2.2,0.5,1.1,-1.3,1.7000000000000002,10.9,-16.1,-12.700000000000001,-19.3,16
16232,271725.0,-2.0,0.30000000000000004,1.7000000000000002,-1.1,1.4000000000000001,11.3,-15.2,-10.8,-15.5,16
16233,271741.0,-1.9000000000000001,0.1,2.0,-1.0,1.3,11.700000000000001,-11.1,-6.6000000000000005,-11.700000000000001,16
16234,271758.0,-1.9000000000000001,0.1,2.1,-1.0,1.3,11.8,-3.1,-0.5,-7.699999999999999,16
16235,271777.0,-1.9000000000000001,0.1,2.1,-1.0,1.2000000000000002,11.8,4.0,4.6000000000000005,-3.4,16
16236,271792.0,-1.8,0.1,1.9000000000000001,-1.0,1.3,11.600000000000001,9.1,8.5,0.30000000000000004,16
16237,271809.0,-1.8,0.2,1.9000000000000001,-1.0,1.5,11.5,14.500000000000002,14.600000000000001,3.5,16
16238,271826.0,-1.7000000000000002,0.4,1.7000000000000002,-0.9,1.7000000000000002,11.4,19.200000000000003,21.6,5.1,16
16239,271841.0,-1.6,0.6000000000000001,1.6,-1.0,2.0,11.4,22.7,28.3,4.1000000000000005,16
16240,271858.0,-1.5,0.8,1.8,-0.9,2.2,11.700000000000001,18.1,19.9,1.4,16
16241,271879.0,-1.0,0.9,2.1,-0.30000000000000004,2.3000000000000003,11.8,4.300000000000001,7.0,0.7,16
16242,271892.0,-0.1,0.7000000000000001,1.7000000000000002,0.5,2.1,11.5,-1.5000000000000002,7.2,0.2,16
16243,271908.0,0.2,0.5,1.6,0.9,1.8,11.200000000000001,-0.2,14.100000000000001,0.0,16
16244,271924.0,0.7000000000000001,0.1,1.2000000000000002,1.2000000000000002,1.4000000000000001,11.0,-1.0,16.700000000000003,-1.6,16
16245,271941.0,1.1,-0.30000000000000004,1.2000000000000002,1.5,1.1,10.9,0.7,17.9,-2.0,16
16246,271958.0,1.2000000000000002,-0.5,1.2000000000000002,1.7000000000000002,0.7000000000000001,10.8,4.3999999999999995,18.6,-2.1,16
16247,271981.0,1.7000000000000002,-1.1,0.5,1.9000000000000001,0.4,10.4,5.4,13.9,-2.7,16
16248,272000.0,2.0,-1.4000000000000001,0.0,2.3000000000000003,0.1,9.700000000000001,7.400000000000001,7.300000000000001,-3.9,16
16249,272009.0,2.1,-1.4000000000000001,-0.2,2.3000000000000003,0.1,9.700000000000001,7.400000000000001,7.300000000000001,-3.9,16
16250,272024.0,2.1,-1.4000000000000001,-0.4,2.3000000000000003,0.1,9.3,6.000000000000001,3.3000000000000003,-2.1,16
16251,272041.0,2.0,-1.4000000000000001,-0.8,2.3000000000000003,0.1,8.9,4.1000000000000005,1.4,1.3,16
16252,272058.0,2.0,-1.4000000000000001,-0.9,2.2,0.2,8.8,3.2,0.6000000000000001,4.800000000000001,16
16253,272080.0,1.5,-1.0,-1.1,1.9000000000000001,0.4,8.700000000000001,2.5,-1.0,8.0,16
16254,272091.0,1.3,-0.8,-1.2000000000000002,1.6,0.7000000000000001,8.6,2.1,-3.6,11.1,16
16255,272108.0,1.2000000000000002,-0.6000000000000001,-1.2000000000000002,1.4000000000000001,1.0,8.4,2.1,-6.6000000000000005,13.3,16
16256,272125.0,0.9,-0.30000000000000004,-1.4000000000000001,1.2000000000000002,1.2000000000000002,8.3,0.2,-9.1,12.9,16
16257,272142.0,0.5,-0.1,-1.4000000000000001,0.9,1.4000000000000001,8.3,-3.4,-12.6,10.5,16
16258,272158.0,0.30000000000000004,0.0,-1.4000000000000001,0.7000000000000001,1.5,8.3,-5.1,-15.000000000000002,7.500000000000001,16
16259,272176.0,0.0,0.1,-1.5,0.5,1.6,8.1,-4.6000000000000005,-14.600000000000001,4.2,16
16260,272194.0,-0.2,0.1,-1.6,0.30000000000000004,1.6,8.0,-2.7,-9.8,0.5,16
16261,272208.0,-0.7000000000000001,0.2,-2.0,-0.1,1.7000000000000002,7.7,-1.2000000000000002,-3.4,-2.8,16
16262,272224.0,-1.0,0.30000000000000004,-2.1,-0.5,1.8,7.6000000000000005,-5.0,-1.7,-4.7,16
16263,272241.0,-1.4000000000000001,0.4,-2.0,-0.9,1.8,7.7,-11.9,-3.3000000000000003,-4.9,16
16264,272258.0,-1.4000000000000001,0.4,-1.6,-0.9,1.7000000000000002,8.1,-17.8,-7.6,-3.7000000000000006,16
16265,272275.0,-1.4000000000000001,0.30000000000000004,-1.5,-0.8,1.6,8.3,-23.0,-9.4,-2.4000000000000004,16
16266,272294.0,-1.3,0.2,-1.0,-0.7000000000000001,1.5,8.700000000000001,-24.7,-10.0,-0.7,16
16267,272308.0,-1.3,0.2,-0.8,-0.7000000000000001,1.5,8.700000000000001,-24.7,-10.0,-0.7,16
16268,272325.0,-1.3,0.30000000000000004,-0.5,-0.6000000000000001,1.4000000000000001,9.3,-20.3,-12.8,7.699999999999999,16
16269,272341.0,-1.1,0.4,-0.1,-0.4,1.5,9.600000000000001,-13.100000000000001,-10.700000000000001,12.000000000000002,16
16270,272358.0,-1.1,0.6000000000000001,0.30000000000000004,-0.4,1.7000000000000002,9.9,-4.9,-8.200000000000001,15.6,16
16271,272375.0,-1.0,0.7000000000000001,0.30000000000000004,-0.2,1.8,10.0,1.9,-6.6000000000000005,18.6,16
16272,272391.0,-0.8,1.0,0.4,0.0,2.1,10.0,9.4,-3.4,20.5,16
16273,272408.0,-0.6000000000000001,1.3,0.4,0.1,2.4000000000000004,10.100000000000001,15.7,0.1,21.200000000000003,16
16274,272425.0,-0.5,1.5,0.6000000000000001,0.4,2.8000000000000003,10.3,19.500000000000004,1.0,19.700000000000003,16
16275,272441.0,0.1,1.7000000000000002,0.7000000000000001,1.0,2.9000000000000004,10.4,21.0,1.9,14.800000000000002,16
16276,272458.0,0.9,1.5,0.7000000000000001,1.7000000000000002,2.8000000000000003,10.3,18.900000000000002,2.8,5.9,16
16277,272475.0,1.1,1.4000000000000001,0.7000000000000001,1.9000000000000001,2.8000000000000003,10.4,17.0,8.200000000000001,-4.1000000000000005,16
16278,272492.0,1.2000000000000002,1.4000000000000001,0.9,1.9000000000000001,2.8000000000000003,10.5,13.700000000000001,13.200000000000001,-10.0,16
16279,272509.0,1.3,1.2000000000000002,0.9,1.9000000000000001,2.6,10.600000000000001,7.300000000000001,15.5,-12.9,16
16280,272524.0,1.2000000000000002,0.8,1.0,1.8,2.3000000000000003,10.700000000000001,-0.1,16.8,-13.0,16
16281,272541.0,0.9,0.8,1.1,1.2000000000000002,2.3000000000000003,10.8,-4.300000000000001,19.6,-11.6,16
16282,272558.0,-0.1,1.0,1.5,0.30000000000000004,2.4000000000000004,11.3,-0.4,22.4,-7.500000000000001,16
16283,272574.0,-0.4,0.6000000000000001,2.6,0.1,2.1,12.200000000000001,1.0999999999999999,10.600000000000001,-5.4,16
16284,272592.0,-0.4,0.4,2.7,0.2,1.8,12.5,-1.6,-7.699999999999999,-7.500000000000001,16
16285,272608.0,-0.1,0.2,2.8000000000000003,0.5,1.6,12.5,2.9,-13.8,-9.5,16
16286,272624.0,0.4,-0.30000000000000004,2.5,0.9,1.2000000000000002,12.200000000000001,5.300000000000001,-12.3,-11.8,16
16287,272641.0,0.5,-0.5,2.1,1.1,0.9,11.700000000000001,5.500000000000001,-4.1000000000000005,-12.5,16
16288,272658.0,0.6000000000000001,-0.8,1.6,1.2000000000000002,0.7000000000000001,11.3,6.7,8.1,-10.1,16
16289,272674.0,0.7000000000000001,-1.1,1.5,1.4000000000000001,0.30000000000000004,11.100000000000001,7.2,16.6,-5.6,16
16290,272693.0,0.8,-1.2000000000000002,1.3,1.2000000000000002,0.30000000000000004,11.100000000000001,11.2,19.1,0.6000000000000001,16
16291,272708.0,0.9,-1.5,1.3,1.4000000000000001,0.1,11.0,15.000000000000002,15.8,6.5,16
16292,272725.0,1.4000000000000001,-1.7000000000000002,0.7000000000000001,1.8,-0.1,10.5,18.6,10.9,8.9,16
16293,272744.0,1.6,-1.9000000000000001,-0.2,2.0,-0.2,9.700000000000001,25.400000000000002,12.8,8.700000000000001,16
16294,272758.0,1.6,-1.9000000000000001,-0.5,1.8,-0.1,9.1,30.9,16.900000000000002,8.0,16
16295,272775.0,1.3,-1.8,-1.3,1.5,0.0,8.4,32.5,19.6,8.0,16
16296,272791.0,1.2000000000000002,-1.8,-1.6,1.3,0.2,7.9,30.000000000000004,19.400000000000002,8.3,16
16297,272808.0,0.8,-1.6,-2.0,1.0,0.4,7.6000000000000005,24.3,15.9,8.600000000000001,16
16298,272824.0,0.7000000000000001,-1.5,-2.2,0.9,0.5,7.5,15.7,8.799999999999999,8.700000000000001,16
16299,272841.0,0.7000000000000001,-1.5,-2.3000000000000003,0.9,0.6000000000000001,7.300000000000001,5.4,0.2,7.9,16
16300,272858.0,0.8,-1.4000000000000001,-2.4000000000000004,1.0,0.6000000000000001,7.300000000000001,-4.300000000000001,-6.7,6.2,16
16301,272875.0,0.7000000000000001,-1.2000000000000002,-2.4000000000000004,0.9,0.8,7.300000000000001,-11.5,-10.600000000000001,4.9,16
16302,272891.0,0.4,-1.0,-2.3000000000000003,0.5,1.1,7.4,-15.000000000000002,-11.9,5.9,16
16303,272908.0,-0.1,-0.7000000000000001,-2.0,0.2,1.2000000000000002,7.6000000000000005,-17.7,-15.100000000000001,8.4,16
16304,272924.0,-0.30000000000000004,-0.5,-1.9000000000000001,0.0,1.3,7.7,-19.8,-20.6,10.4,16
16305,272941.0,-0.4,-0.4,-1.8,0.0,1.4000000000000001,7.9,-20.2,-24.7,11.2,16
16306,272958.0,-0.4,-0.30000000000000004,-1.6,0.1,1.4000000000000001,8.1,-18.8,-26.9,11.000000000000002,16
16307,272974.0,-0.5,-0.2,-1.4000000000000001,0.1,1.5,8.200000000000001,-16.1,-26.1,9.9,16
16308,273006.0,-0.8,0.1,-1.2000000000000002,-0.1,1.7000000000000002,8.4,-12.000000000000002,-21.200000000000003,8.600000000000001,16
16309,273008.0,-0.8,0.1,-1.2000000000000002,-0.1,1.7000000000000002,8.4,-12.000000000000002,-21.200000000000003,8.600000000000001,16
16310,273024.0,-1.0,0.2,-1.0,-0.2,1.8,8.6,-11.700000000000001,-18.2,8.200000000000001,16
16311,273041.0,-1.0,0.4,-0.5,-0.2,1.8,9.0,-12.200000000000001,-15.6,6.6000000000000005,16
16312,273058.0,-1.0,0.4,-0.30000000000000004,0.0,1.8,9.5,-14.500000000000002,-16.2,3.7000000000000006,16
16313,273075.0,-0.6000000000000001,0.30000000000000004,0.30000000000000004,0.30000000000000004,1.7000000000000002,10.0,-20.7,-20.900000000000002,-0.1,16
16314,273091.0,-0.1,0.2,0.8,0.9,1.6,10.3,-27.0,-25.700000000000003,-3.5,16
16315,273108.0,0.1,0.2,1.0,1.2000000000000002,1.5,10.600000000000001,-28.400000000000002,-23.5,-6.4,16
16316,273125.0,0.30000000000000004,0.2,1.1,1.4000000000000001,1.4000000000000001,10.700000000000001,-23.400000000000002,-15.9,-7.9,16
16317,273141.0,0.1,0.4,1.1,1.2000000000000002,1.5,10.700000000000001,-13.5,-4.2,-7.0,16
16318,273158.0,-0.2,0.5,1.1,0.6000000000000001,1.8,10.700000000000001,-2.6,5.4,-4.1000000000000005,16
16319,273174.0,-0.9,0.8,1.1,0.0,2.1,10.700000000000001,5.0,8.4,-2.0,16
16320,273191.0,-1.3,1.0,1.1,-0.30000000000000004,2.2,10.700000000000001,8.4,5.2,-1.2000000000000002,16
16321,273208.0,-1.4000000000000001,1.1,1.0,-0.4,2.3000000000000003,10.700000000000001,7.6,0.9,-1.0999999999999999,16
16322,273229.0,-1.5,1.0,1.1,-0.4,2.3000000000000003,10.8,4.6000000000000005,-3.4,-1.5000000000000002,16
16323,273241.0,-1.5,1.1,1.2000000000000002,-0.4,2.3000000000000003,10.9,1.6,-5.2,-1.0,16
16324,273258.0,-1.3,1.0,1.3,-0.1,2.2,11.0,-0.8,-3.7000000000000006,-0.1,16
16325,273275.0,-0.9,0.8,1.5,0.2,2.0,11.200000000000001,-0.9,1.5000000000000002,-1.0,16
16326,273294.0,-0.6000000000000001,0.6000000000000001,1.6,0.4,1.9000000000000001,11.3,1.4,9.700000000000001,-4.0,16
16327,273319.0,-0.5,0.6000000000000001,1.8,0.6000000000000001,1.8,11.700000000000001,3.6,12.9,-8.700000000000001,16
16328,273324.0,-0.30000000000000004,0.5,2.1,0.6000000000000001,1.8,11.700000000000001,3.6,12.9,-8.700000000000001,16
16329,273341.0,0.4,0.4,2.3000000000000003,1.3,1.7000000000000002,12.0,-10.700000000000001,1.0999999999999999,-19.1,16
16330,273358.0,0.4,0.5,2.0,1.5,1.7000000000000002,11.600000000000001,-7.400000000000001,9.9,-18.7,16
16331,273374.0,0.7000000000000001,0.2,1.9000000000000001,1.5,1.4000000000000001,11.600000000000001,-1.4,21.8,-19.0,16
16332,273392.0,0.6000000000000001,0.1,1.6,1.4000000000000001,1.3,11.3,4.0,28.700000000000003,-19.3,16
16333,273408.0,0.6000000000000001,0.0,1.5,1.2000000000000002,1.2000000000000002,11.200000000000001,8.4,30.200000000000003,-19.400000000000002,16
16334,273425.0,0.6000000000000001,-0.30000000000000004,1.2000000000000002,1.3,1.0,10.8,10.2,25.900000000000002,-20.900000000000002,16
16335,273441.0,0.9,-0.5,0.6000000000000001,1.5,0.8,10.4,11.3,20.2,-22.7,16
16336,273458.0,1.2000000000000002,-0.9,0.0,1.7000000000000002,0.5,9.9,10.3,16.1,-24.200000000000003,16
16337,273474.0,1.3,-1.0,-0.4,1.8,0.4,9.200000000000001,9.9,14.200000000000001,-23.400000000000002,16
16338,273491.0,1.4000000000000001,-1.2000000000000002,-1.0,1.8,0.2,8.700000000000001,9.200000000000001,15.399999999999999,-20.900000000000002,16
16339,273509.0,1.3,-1.2000000000000002,-1.2000000000000002,1.6,0.2,8.6,6.6000000000000005,14.200000000000001,-16.3,16
16340,273525.0,1.2000000000000002,-1.2000000000000002,-1.3,1.6,0.30000000000000004,8.4,4.300000000000001,10.5,-9.4,16
16341,273543.0,1.3,-1.2000000000000002,-1.4000000000000001,1.7000000000000002,0.2,8.3,4.0,7.1000000000000005,-3.2,16
16342,273560.0,1.4000000000000001,-1.2000000000000002,-1.5,1.7000000000000002,0.30000000000000004,8.3,4.6000000000000005,4.0,0.4,16
16343,273575.0,1.4000000000000001,-1.1,-1.6,1.7000000000000002,0.5,8.1,5.9,0.9,2.4000000000000004,16
16344,273591.0,1.2000000000000002,-0.8,-1.7000000000000002,1.4000000000000001,0.8,8.0,6.6000000000000005,-1.3,4.6000000000000005,16
16345,273608.0,0.8,-0.5,-1.8,1.1,1.0,7.9,6.6000000000000005,-1.3,4.6000000000000005,16
16346,273625.0,0.6000000000000001,-0.30000000000000004,-1.8,0.8,1.3,7.9,2.6,-7.9,8.1,16
16347,273641.0,0.2,0.0,-1.7000000000000002,0.5,1.5,8.0,-4.300000000000001,-12.9,7.699999999999999,16
16348,273658.0,-0.2,0.2,-1.6,0.30000000000000004,1.7000000000000002,8.1,-12.700000000000001,-17.3,6.000000000000001,16
16349,273676.0,-0.30000000000000004,0.2,-1.5,0.1,1.6,8.200000000000001,-18.400000000000002,-18.1,4.1000000000000005,16
16350,273692.0,-0.7000000000000001,0.30000000000000004,-1.4000000000000001,-0.2,1.6,8.3,-20.7,-15.6,3.1,16
16351,273708.0,-1.2000000000000002,0.30000000000000004,-1.2000000000000002,-0.6000000000000001,1.6,8.5,-20.3,-11.700000000000001,3.5,16
16352,273725.0,-1.4000000000000001,0.2,-1.1,-0.9,1.5,8.700000000000001,-18.7,-10.700000000000001,4.800000000000001,16
16353,273741.0,-1.7000000000000002,0.2,-0.9,-1.1,1.4000000000000001,8.8,-17.1,-12.3,6.4,16
16354,273758.0,-1.8,0.2,-0.6000000000000001,-1.1,1.3,9.0,-16.700000000000003,-16.2,8.0,16
16355,273774.0,-1.7000000000000002,0.1,-0.5,-0.9,1.2000000000000002,9.3,-18.400000000000002,-19.200000000000003,9.3,16
16356,273791.0,-1.6,0.1,-0.30000000000000004,-0.8,1.2000000000000002,9.4,-18.400000000000002,-20.6,12.000000000000002,16
16357,273810.0,-1.4000000000000001,0.2,0.0,-0.6000000000000001,1.2000000000000002,9.700000000000001,-16.2,-18.2,17.400000000000002,16
16358,273826.0,-1.2000000000000002,0.30000000000000004,0.2,-0.4,1.2000000000000002,9.9,-12.6,-14.900000000000002,24.400000000000002,16
16359,273841.0,-1.1,0.30000000000000004,0.30000000000000004,-0.2,1.2000000000000002,10.0,-8.799999999999999,-12.100000000000001,30.4,16
16360,273858.0,-1.0,0.4,0.4,0.0,1.3,10.100000000000001,-4.800000000000001,-8.5,34.300000000000004,16
16361,273874.0,-0.9,0.6000000000000001,0.4,0.0,1.5,10.0,-0.7,-2.9,36.4,16
16362,273891.0,-0.9,0.8,0.30000000000000004,0.0,1.8,9.9,4.3999999999999995,4.0,38.2,16
16363,273909.0,-1.0,1.0,0.1,-0.1,2.0,9.700000000000001,7.8,10.5,39.1,16
16364,273924.0,-0.9,1.2000000000000002,0.0,0.0,2.1,9.600000000000001,9.4,14.500000000000002,38.7,16
16365,273941.0,-0.8,1.2000000000000002,-0.1,0.0,2.2,9.600000000000001,8.9,15.7,36.5,16
16366,273958.0,-0.6000000000000001,1.3,-0.1,0.2,2.3000000000000003,9.600000000000001,7.300000000000001,14.500000000000002,33.800000000000004,16
16367,273974.0,-0.2,1.3,0.30000000000000004,0.6000000000000001,2.3000000000000003,10.0,4.800000000000001,10.3,30.299999999999997,16
16368,273991.0,0.2,1.3,0.7000000000000001,1.3,2.2,10.600000000000001,1.0,1.7,24.7,16
16369,274008.0,1.4000000000000001,1.0,1.2000000000000002,2.4000000000000004,2.0,11.0,-1.8,-4.0,16.700000000000003,16
16370,274025.0,2.4000000000000004,0.7000000000000001,1.3,3.2,1.7000000000000002,11.0,-2.0,-1.2000000000000002,7.2,16
16371,274041.0,2.6,0.6000000000000001,1.2000000000000002,3.4000000000000004,1.6,10.600000000000001,1.0,9.700000000000001,-0.5,16
16372,274058.0,2.2,0.7000000000000001,0.5,2.8000000000000003,1.8,10.100000000000001,6.4,25.8,-3.3000000000000003,16
16373,274077.0,1.1,1.2000000000000002,0.8,1.8,2.2,10.600000000000001,9.600000000000001,36.9,-1.7,16
16374,274092.0,0.7000000000000001,1.3,1.4000000000000001,1.2000000000000002,2.4000000000000004,11.4,3.3000000000000003,26.700000000000003,-0.30000000000000004,16
16375,274110.0,0.5,1.3,1.8,1.1,2.4000000000000004,11.700000000000001,-3.9,12.200000000000001,-0.9,16
16376,274132.0,0.7000000000000001,1.2000000000000002,2.4000000000000004,1.3,2.3000000000000003,12.200000000000001,-4.3999999999999995,-0.7,-2.5,16
16377,274141.0,1.0,1.0,2.5,1.8,2.0,12.3,-0.2,-7.0,-5.8,16
16378,274159.0,1.4000000000000001,0.7000000000000001,2.3000000000000003,2.0,1.7000000000000002,12.0,6.2,-5.300000000000001,-9.3,16
16379,274181.0,1.2000000000000002,0.4,2.1,1.8,1.6,11.9,13.700000000000001,-0.7,-11.3,16
16380,274199.0,1.1,0.4,2.0,1.7000000000000002,1.5,11.700000000000001,20.0,4.3999999999999995,-10.5,16
16381,274215.0,1.0,0.0,1.3,1.6,1.3,11.3,24.5,7.0,-9.0,16
16382,274224.0,1.2000000000000002,-0.30000000000000004,1.0,1.7000000000000002,1.0,10.8,27.3,7.500000000000001,-9.600000000000001,16
16383,274241.0,1.2000000000000002,-0.7000000000000001,0.2,1.8,0.7000000000000001,10.100000000000001,27.900000000000002,7.500000000000001,-12.9,16
16384,274257.0,1.2000000000000002,-0.9,-0.1,1.6,0.5,9.4,27.0,7.2,-15.399999999999999,16
16385,274275.0,0.9,-1.2000000000000002,-1.0,1.4000000000000001,0.30000000000000004,8.700000000000001,24.9,8.4,-16.3,16
16386,274291.0,0.5,-1.4000000000000001,-1.8,1.0,0.2,8.0,22.4,11.3,-16.0,16
16387,274308.0,0.30000000000000004,-1.6,-2.0,0.6000000000000001,0.1,7.6000000000000005,18.400000000000002,12.000000000000002,-16.0,16
16388,274324.0,-0.1,-1.7000000000000002,-2.3000000000000003,0.30000000000000004,0.0,7.4,12.4,8.4,-16.0,16
16389,274341.0,-0.30000000000000004,-1.8,-2.3000000000000003,0.1,0.0,7.4,4.0,1.7,-15.7,16
16390,274358.0,-0.4,-1.8,-2.2,0.1,-0.1,7.5,-5.0,-8.200000000000001,-15.6,16
16391,274375.0,-0.2,-1.8,-2.0,0.30000000000000004,-0.2,7.7,-12.8,-17.0,-16.400000000000002,16
16392,274391.0,0.0,-1.8,-1.8,0.5,-0.2,7.9,-19.3,-23.700000000000003,-16.6,16
16393,274408.0,0.0,-1.7000000000000002,-1.6,0.5,-0.1,8.1,-24.000000000000004,-25.8,-14.4,16
16394,274425.0,-0.2,-1.5,-1.4000000000000001,0.4,0.0,8.3,-26.1,-24.7,-9.8,16
16395,274443.0,-0.5,-1.1,-1.1,0.2,0.2,8.6,-25.2,-21.8,-4.300000000000001,16
16396,274462.0,-0.6000000000000001,-0.8,-0.7000000000000001,0.1,0.4,8.9,-21.200000000000003,-19.200000000000003,0.7,16
16397,274478.0,-0.7000000000000001,-0.6000000000000001,-0.5,0.0,0.7000000000000001,9.200000000000001,-15.100000000000001,-17.5,4.3999999999999995,16
16398,274496.0,-0.8,-0.4,-0.4,0.0,0.8,9.200000000000001,-7.6,-16.900000000000002,6.5,16
16399,274508.0,-0.9,-0.30000000000000004,-0.4,-0.1,1.0,9.200000000000001,-1.4,-16.6,6.9,16
16400,274524.0,-0.9,-0.1,-0.6000000000000001,-0.1,1.2000000000000002,9.0,3.4,-15.399999999999999,6.6000000000000005,16
16401,274541.0,-1.0,0.1,-0.7000000000000001,-0.1,1.3,8.9,6.7,-13.0,6.1000000000000005,16
16402,274558.0,-1.1,0.2,-0.8,-0.2,1.5,8.9,7.6,-9.9,5.0,16
16403,274579.0,-1.3,0.5,-0.6000000000000001,-0.30000000000000004,1.7000000000000002,9.0,7.1000000000000005,-8.5,3.2,16
16404,274592.0,-1.3,0.6000000000000001,-0.30000000000000004,-0.30000000000000004,1.9000000000000001,9.3,4.3999999999999995,-9.600000000000001,0.4,16
16405,274609.0,-1.0,0.7000000000000001,0.1,-0.1,1.9000000000000001,9.700000000000001,-1.2000000000000002,-13.4,-4.2,16
16406,274624.0,-0.8,0.6000000000000001,0.30000000000000004,0.4,1.9000000000000001,10.0,-7.2,-16.5,-9.9,16
16407,274641.0,-0.4,0.6000000000000001,0.5,0.6000000000000001,1.9000000000000001,10.100000000000001,-8.4,-11.1,-14.900000000000002,16
16408,274658.0,-0.5,0.6000000000000001,0.5,0.5,1.8,10.200000000000001,-4.0,-0.1,-17.599999999999998,16
16409,274677.0,-0.8,0.6000000000000001,0.7000000000000001,0.0,2.0,10.4,2.1999999999999997,9.1,-17.3,16
16410,274691.0,-1.3,0.8,0.8,-0.4,2.1,10.4,7.2,15.299999999999999,-15.2,16
16411,274710.0,-1.6,0.7000000000000001,0.8,-0.6000000000000001,2.1,10.4,11.000000000000002,16.0,-13.5,16
16412,274724.0,-1.6,0.7000000000000001,0.8,-0.8,2.0,10.4,11.9,12.700000000000001,-13.4,16
16413,274741.0,-1.8,0.7000000000000001,0.9,-1.0,2.1,10.5,10.4,7.8,-12.4,16
16414,274759.0,-1.9000000000000001,0.6000000000000001,0.9,-1.1,2.1,10.5,9.200000000000001,5.1,-9.600000000000001,16
16415,274779.0,-1.7000000000000002,0.4,1.3,-1.0,1.9000000000000001,10.9,5.2,2.1,-7.2,16
16416,274791.0,-1.6,0.30000000000000004,1.7000000000000002,-0.8,1.7000000000000002,11.4,-2.1999999999999997,-4.6000000000000005,-4.7,16
16417,274808.0,-1.2000000000000002,0.2,2.3000000000000003,-0.4,1.6,12.0,-8.3,-9.8,-0.9,16
16418,274824.0,-1.0,0.2,2.6,0.0,1.6,12.600000000000001,-9.200000000000001,-9.0,4.9,16
16419,274841.0,-0.6000000000000001,0.2,3.2,0.30000000000000004,1.6,12.9,-5.8,-7.699999999999999,11.5,16
16420,274861.0,0.0,0.1,3.3000000000000003,0.9,1.5,13.0,2.1,-0.8,16.2,16
16421,274876.0,0.4,0.0,3.1,1.5,1.3,12.700000000000001,13.3,8.700000000000001,15.8,16
16422,274891.0,1.1,-0.30000000000000004,2.6,1.9000000000000001,1.2000000000000002,12.3,23.0,16.700000000000003,10.5,16
16423,274908.0,1.4000000000000001,-0.4,2.1,2.2,1.2000000000000002,11.8,27.2,20.0,3.0000000000000004,16
16424,274924.0,1.5,-0.30000000000000004,1.7000000000000002,2.4000000000000004,1.3,11.100000000000001,25.2,18.900000000000002,-2.9,16
16425,274941.0,2.0,-0.5,0.6000000000000001,2.7,1.1,10.200000000000001,19.9,19.3,-6.4,16
16426,274958.0,2.3000000000000003,-0.8,-0.6000000000000001,2.9000000000000004,0.9,9.200000000000001,14.200000000000001,22.1,-8.600000000000001,16
16427,274974.0,2.3000000000000003,-0.9,-1.0,2.8000000000000003,0.7000000000000001,8.5,10.4,28.0,-10.600000000000001,16
16428,274991.0,2.2,-1.1,-1.5,2.6,0.6000000000000001,8.200000000000001,7.400000000000001,30.5,-11.3,16
16429,275012.0,1.8,-1.1,-1.8,2.2,0.7000000000000001,7.9,5.8,27.900000000000002,-9.4,16
16430,275025.0,1.7000000000000002,-1.0,-1.9000000000000001,2.0,0.8,7.7,5.6,22.3,-4.9,16
16431,275041.0,1.6,-1.0,-2.2,1.9000000000000001,0.8,7.5,5.300000000000001,14.700000000000001,-1.8,16
16432,275058.0,1.5,-0.9,-2.4000000000000004,1.7000000000000002,0.9,7.300000000000001,4.7,6.6000000000000005,-1.0,16
16433,275077.0,1.0,-0.6000000000000001,-2.3000000000000003,1.3,1.2000000000000002,7.4,3.1,-1.7,-1.0,16
16434,275093.0,0.7000000000000001,-0.4,-2.2,0.8,1.5,7.5,0.0,-10.700000000000001,-0.30000000000000004,16
16435,275109.0,0.1,-0.1,-1.9000000000000001,0.4,1.7000000000000002,7.7,-5.500000000000001,-21.200000000000003,1.0,16
16436,275132.0,-0.2,0.1,-1.6,0.2,1.9000000000000001,8.0,-12.9,-30.5,1.9,16
16437,275145.0,-0.4,0.2,-1.3,0.2,1.9000000000000001,8.200000000000001,-18.7,-33.6,2.4000000000000004,16
16438,275158.0,-0.5,0.2,-1.2000000000000002,0.1,1.9000000000000001,8.5,-20.900000000000002,-30.4,2.4000000000000004,16
16439,275175.0,-0.6000000000000001,0.2,-1.0,0.0,1.9000000000000001,8.8,-18.7,-21.8,2.1,16
16440,275197.0,-1.0,0.30000000000000004,-0.6000000000000001,-0.4,1.9000000000000001,9.1,-16.1,-14.700000000000001,2.4000000000000004,16
16441,275208.0,-1.3,0.4,-0.4,-0.6000000000000001,1.9000000000000001,9.3,-14.800000000000002,-9.9,3.1,16
16442,275225.0,-1.6,0.4,-0.30000000000000004,-0.8,1.9000000000000001,9.4,-14.4,-6.9,4.1000000000000005,16
16443,275243.0,-1.6,0.4,-0.30000000000000004,-0.9,1.8,9.3,-12.9,-3.8,5.7,16
16444,275258.0,-1.6,0.30000000000000004,-0.30000000000000004,-0.8,1.7000000000000002,9.3,-9.4,0.0,8.1,16
16445,275275.0,-1.4000000000000001,0.2,-0.4,-0.7000000000000001,1.6,9.200000000000001,-5.300000000000001,4.300000000000001,10.700000000000001,16
16446,275294.0,-1.4000000000000001,0.2,-0.5,-0.7000000000000001,1.6,9.0,-1.6,7.500000000000001,13.9,16
16447,275317.0,-1.5,0.30000000000000004,-0.7000000000000001,-0.8,1.7000000000000002,9.0,1.7,10.1,18.0,16
16448,275326.0,-1.5,0.4,-0.7000000000000001,-0.9,1.8,8.9,5.0,11.3,22.4,16
16449,275341.0,-1.5,0.5,-0.7000000000000001,-0.9,2.0,8.9,6.7,11.000000000000002,26.400000000000002,16
16450,275358.0,-1.4000000000000001,0.7000000000000001,-0.8,-0.7000000000000001,2.1,8.8,6.5,10.8,28.500000000000004,16
16451,275374.0,-1.0,0.7000000000000001,-0.8,-0.4,2.2,8.8,5.0,10.8,29.1,16
16452,275391.0,-0.8,0.7000000000000001,-0.7000000000000001,-0.2,2.2,9.0,3.0000000000000004,10.700000000000001,28.8,16
16453,275408.0,-0.6000000000000001,0.7000000000000001,-0.30000000000000004,0.1,2.2,9.4,0.5,8.1,29.000000000000004,16
16454,275424.0,-0.2,0.8,0.30000000000000004,0.4,2.3000000000000003,10.0,-4.0,0.5,29.600000000000005,16
16455,275441.0,0.2,0.9,0.6000000000000001,1.2000000000000002,2.3000000000000003,10.5,-9.8,-10.2,28.6,16
16456,275458.0,1.3,0.7000000000000001,1.2000000000000002,2.2,2.0,10.9,-16.0,-17.5,24.3,16
16457,275476.0,2.0,0.5,1.4000000000000001,2.6,1.9000000000000001,11.0,-21.1,-15.2,16.700000000000003,16
16458,275492.0,1.7000000000000002,0.7000000000000001,1.3,2.0,2.2,11.100000000000001,-17.9,1.8,11.4,16
16459,275508.0,0.5,1.3,1.9000000000000001,0.9,2.7,11.9,-6.4,12.8,14.4,16
16460,275524.0,-0.4,1.5,3.3000000000000003,0.30000000000000004,2.8000000000000003,13.100000000000001,-2.7,10.700000000000001,19.8,16
16461,275541.0,-0.2,1.5,3.4000000000000004,0.4,2.8000000000000003,13.100000000000001,-3.7000000000000006,1.6,23.400000000000002,16
16462,275558.0,0.0,1.3,3.4000000000000004,0.8,2.4000000000000004,13.200000000000001,-2.1999999999999997,-2.4000000000000004,22.000000000000004,16
16463,275575.0,0.4,0.8,3.2,1.1,2.1,13.0,5.2,-0.5,18.0,16
16464,275593.0,0.30000000000000004,0.5,2.7,1.0,1.9000000000000001,12.5,17.8,9.200000000000001,15.8,16
16465,275612.0,0.2,0.2,2.0,0.9,1.7000000000000002,11.9,28.200000000000003,16.900000000000002,15.299999999999999,16
16466,275624.0,0.2,0.1,1.6,0.9,1.5,11.3,34.0,20.8,16.1,16
16467,275641.0,0.7000000000000001,-0.5,0.7000000000000001,1.3,1.1,10.5,35.8,20.5,17.5,16
16468,275658.0,0.9,-0.6000000000000001,0.4,1.4000000000000001,1.0,10.0,35.0,18.900000000000002,18.400000000000002,16
16469,275676.0,1.0,-0.9,-0.1,1.6,0.8,9.600000000000001,34.400000000000006,17.200000000000003,18.8,16
16470,275691.0,1.3,-1.3,-0.7000000000000001,1.8,0.6000000000000001,9.0,34.0,16.1,17.1,16
16471,275708.0,1.3,-1.4000000000000001,-1.0,1.7000000000000002,0.5,8.5,32.6,15.6,13.700000000000001,16
16472,275724.0,1.3,-1.5,-1.6,1.7000000000000002,0.5,8.1,30.299999999999997,16.1,9.9,16
16473,275741.0,1.1,-1.5,-1.8,1.5,0.5,7.9,25.2,14.4,6.4,16
16474,275758.0,1.0,-1.6,-1.9000000000000001,1.4000000000000001,0.5,7.6000000000000005,17.400000000000002,9.600000000000001,3.4,16
16475,275774.0,1.0,-1.6,-2.0,1.3,0.5,7.6000000000000005,7.9,5.9,0.30000000000000004,16
16476,275791.0,0.7000000000000001,-1.6,-1.8,1.1,0.5,7.800000000000001,-1.3,-0.30000000000000004,-1.7,16
16477,275808.0,0.8,-1.6,-1.7000000000000002,1.2000000000000002,0.5,8.1,-10.5,-8.4,-2.6,16
16478,275826.0,0.9,-1.5,-1.4000000000000001,1.4000000000000001,0.5,8.200000000000001,-18.3,-14.900000000000002,-3.5,16
16479,275841.0,1.0,-1.4000000000000001,-1.2000000000000002,1.4000000000000001,0.6000000000000001,8.4,-22.5,-17.9,-4.300000000000001,16
16480,275858.0,0.9,-1.2000000000000002,-1.1,1.2000000000000002,0.8,8.5,-23.0,-16.3,-3.6,16
16481,275874.0,0.4,-0.8,-1.0,0.9,1.1,8.6,-19.6,-12.5,-0.9,16
16482,275892.0,0.1,-0.5,-1.0,0.6000000000000001,1.3,8.6,-14.600000000000001,-8.799999999999999,2.1,16
16483,275908.0,-0.1,-0.30000000000000004,-1.0,0.4,1.5,8.6,-10.3,-8.4,3.8,16
16484,275924.0,-0.4,0.0,-1.1,0.2,1.7000000000000002,8.4,-7.0,-10.1,5.0,16
16485,275941.0,-0.6000000000000001,0.2,-1.3,0.1,1.9000000000000001,8.3,-3.7000000000000006,-11.700000000000001,6.000000000000001,16
16486,275958.0,-0.6000000000000001,0.30000000000000004,-1.3,0.1,2.1,8.200000000000001,-0.2,-13.100000000000001,6.3,16
16487,275975.0,-0.5,0.5,-1.3,0.2,2.2,8.3,0.6000000000000001,-14.500000000000002,4.3999999999999995,16
16488,276006.0,-0.30000000000000004,0.7000000000000001,-1.2000000000000002,0.5,2.4000000000000004,8.4,-3.8,-13.6,-4.6000000000000005,16
16489,276007.0,-0.30000000000000004,0.7000000000000001,-1.2000000000000002,0.5,2.4000000000000004,8.4,-3.8,-13.6,-4.6000000000000005,16
16490,276026.0,-0.30000000000000004,0.8,-1.0,0.4,2.5,8.6,-6.3,-9.3,-10.8,16
16491,276041.0,-0.5,0.8,-0.7000000000000001,0.2,2.5,8.9,-9.1,-4.5,-16.6,16
16492,276057.0,-0.8,0.8,-0.30000000000000004,0.0,2.5,9.200000000000001,-12.6,-2.0,-20.900000000000002,16
16493,276074.0,-0.9,0.8,-0.1,-0.1,2.3000000000000003,9.5,-15.9,-2.5,-23.8,16
16494,276091.0,-0.9,0.6000000000000001,0.2,0.0,2.1,9.8,-18.6,-3.9,-26.400000000000002,16
16495,276112.0,-0.7000000000000001,0.4,0.6000000000000001,0.1,2.0,10.200000000000001,-19.1,-4.2,-29.000000000000004,16
16496,276125.0,-0.8,0.4,0.8,-0.1,1.9000000000000001,10.600000000000001,-16.700000000000003,-3.6,-31.0,16
16497,276141.0,-1.0,0.4,1.2000000000000002,-0.30000000000000004,1.8,10.9,-13.100000000000001,-5.1,-31.099999999999998,16
16498,276159.0,-1.3,0.4,1.3,-0.6000000000000001,1.8,11.0,-9.0,-7.699999999999999,-29.700000000000003,16
16499,276177.0,-1.7000000000000002,0.5,1.5,-0.9,2.0,11.100000000000001,-5.2,-9.9,-25.6,16
16500,276193.0,-1.8,0.6000000000000001,1.7000000000000002,-1.0,2.1,11.4,-0.7,-11.6,-20.0,16
16501,276208.0,-1.5,0.5,2.2,-0.7000000000000001,2.0,11.8,4.7,-9.9,-17.1,16
16502,276225.0,-1.2000000000000002,0.30000000000000004,2.5,-0.2,1.8,12.5,6.4,-11.3,-20.900000000000002,16
16503,276241.0,-0.7000000000000001,0.30000000000000004,3.2,0.2,1.9000000000000001,12.8,1.7,-18.1,-25.0,16
16504,276258.0,-0.30000000000000004,0.4,3.1,0.7000000000000001,1.9000000000000001,12.8,-5.4,-17.8,-25.1,16
16505,276274.0,0.1,0.30000000000000004,3.1,1.1,1.8,12.5,-5.9,-0.6000000000000001,-20.5,16
16506,276291.0,0.0,0.1,2.5,1.1,1.6,12.0,-5.1,2.1,-16.1,16
16507,276309.0,0.6000000000000001,0.0,1.6,1.5,1.5,11.4,-5.4,10.8,-11.3,16
16508,276326.0,1.0,-0.4,1.4000000000000001,1.8,1.1,11.200000000000001,0.7,23.700000000000003,-8.9,16
16509,276341.0,1.0,-0.5,1.4000000000000001,1.7000000000000002,0.9,11.200000000000001,3.0000000000000004,26.8,-10.700000000000001,16
16510,276358.0,1.1,-0.6000000000000001,1.0,1.8,0.9,10.700000000000001,5.0,23.700000000000003,-13.5,16
16511,276374.0,1.3,-0.7000000000000001,0.30000000000000004,1.9000000000000001,0.8,10.100000000000001,6.7,22.900000000000002,-15.9,16
16512,276391.0,1.5,-0.8,-0.1,2.1,0.7000000000000001,9.4,7.8,22.3,-18.1,16
16513,276408.0,1.8,-1.0,-1.0,2.2,0.6000000000000001,8.700000000000001,7.500000000000001,24.9,-20.1,16
16514,276424.0,1.6,-1.0,-1.5,2.0,0.6000000000000001,8.3,5.0,27.900000000000002,-20.6,16
16515,276441.0,1.5,-0.9,-1.6,1.7000000000000002,0.8,8.1,0.8,25.400000000000002,-18.1,16
16516,276458.0,1.2000000000000002,-0.7000000000000001,-1.8,1.5,0.9,7.9,-4.1000000000000005,20.2,-13.6,16
16517,276474.0,1.1,-0.6000000000000001,-1.9000000000000001,1.2000000000000002,0.9,7.800000000000001,-8.9,12.8,-9.600000000000001,16
16518,276491.0,1.0,-0.6000000000000001,-2.0,1.2000000000000002,0.9,7.800000000000001,-8.9,12.8,-9.600000000000001,16
16519,276508.0,0.7000000000000001,-0.5,-1.6,0.9,1.0,8.1,-13.9,-8.799999999999999,-4.800000000000001,16
16520,276524.0,0.4,-0.30000000000000004,-1.4000000000000001,0.7000000000000001,1.1,8.3,-14.500000000000002,-21.400000000000002,-3.9,16
16521,276541.0,0.30000000000000004,-0.2,-1.4000000000000001,0.7000000000000001,1.2000000000000002,8.4,-15.2,-28.3,-4.7,16
16522,276558.0,0.1,0.0,-1.4000000000000001,0.5,1.3,8.3,-14.100000000000001,-29.900000000000006,-5.500000000000001,16
16523,276574.0,-0.30000000000000004,0.2,-1.3,0.2,1.5,8.4,-12.8,-26.700000000000003,-4.9,16
16524,276591.0,-0.5,0.30000000000000004,-1.3,0.0,1.6,8.5,-12.700000000000001,-21.700000000000003,-3.0000000000000004,16
16525,276608.0,-0.7000000000000001,0.30000000000000004,-1.1,-0.1,1.6,8.6,-12.5,-16.1,-2.0,16
16526,276624.0,-0.8,0.30000000000000004,-0.8,-0.1,1.5,8.8,-11.5,-11.700000000000001,-2.0,16
16527,276641.0,-0.7000000000000001,0.2,-0.7000000000000001,0.1,1.3,9.1,-10.1,-5.9,-4.5,16
16528,276658.0,-0.6000000000000001,0.0,-0.5,0.0,1.2000000000000002,9.200000000000001,-6.2,0.7,-8.1,16
16529,276676.0,-0.8,0.1,-0.5,-0.2,1.3,9.200000000000001,-0.8,9.200000000000001,-9.5,16
16530,276691.0,-1.1,0.30000000000000004,-0.6000000000000001,-0.7000000000000001,1.5,9.0,3.3000000000000003,13.0,-5.300000000000001,16
16531,276708.0,-1.4000000000000001,0.4,-0.8,-0.9,1.6,8.9,4.0,15.9,2.1999999999999997,16
16532,276725.0,-1.6,0.6000000000000001,-0.9,-1.1,1.8,8.8,4.0,17.7,10.2,16
16533,276742.0,-1.6,0.7000000000000001,-0.7000000000000001,-1.2000000000000002,1.9000000000000001,8.9,4.2,17.599999999999998,16.700000000000003,16
16534,276758.0,-1.6,0.8,-0.5,-1.2000000000000002,2.0,9.200000000000001,5.7,16.2,20.4,16
16535,276774.0,-1.4000000000000001,0.8,-0.30000000000000004,-1.1,2.1,9.4,7.1000000000000005,13.6,21.0,16
16536,276791.0,-1.3,1.0,-0.1,-1.0,2.2,9.5,7.6,10.600000000000001,20.0,16
16537,276808.0,-1.2000000000000002,1.0,-0.1,-0.9,2.4000000000000004,9.600000000000001,6.9,8.1,19.500000000000004,16
16538,276825.0,-1.1,1.2000000000000002,-0.1,-0.7000000000000001,2.5,9.600000000000001,5.1,6.7,20.900000000000002,16
16539,276841.0,-0.8,1.2000000000000002,0.0,-0.2,2.4000000000000004,9.8,0.8,5.9,21.900000000000002,16
16540,276858.0,0.1,1.0,0.4,0.6000000000000001,2.2,10.200000000000001,-5.2,6.7,19.1,16
16541,276875.0,0.9,0.8,0.9,1.2000000000000002,2.1,10.600000000000001,-11.1,9.5,12.6,16
16542,276891.0,1.4000000000000001,0.7000000000000001,1.1,1.6,2.0,10.8,-15.399999999999999,10.4,5.7,16
16543,276908.0,1.4000000000000001,0.7000000000000001,1.1,1.5,2.0,10.8,-18.6,15.299999999999999,2.0,16
16544,276925.0,0.9,0.9,1.1,0.8,2.2,10.9,-18.6,23.6,2.8,16
16545,276941.0,-0.1,1.4000000000000001,2.0,-0.1,2.6,11.8,-8.4,32.300000000000004,8.4,16
16546,276957.0,-0.4,1.5,2.3000000000000003,-0.4,2.5,12.4,-4.0,22.4,13.700000000000001,16
16547,276974.0,-0.2,1.2000000000000002,3.3000000000000003,-0.1,2.3000000000000003,13.0,-1.9,5.0,12.5,16
16548,276993.0,0.30000000000000004,0.9,3.0,0.30000000000000004,2.0,12.8,0.6000000000000001,-8.5,7.400000000000001,16
16549,277008.0,0.6000000000000001,0.6000000000000001,2.8000000000000003,0.8,1.6,12.3,2.1999999999999997,-13.5,1.0999999999999999,16
16550,277024.0,1.0,0.2,2.0,1.0,1.3,11.700000000000001,3.3000000000000003,-9.5,-2.0,16
16551,277041.0,1.3,-0.2,1.5,1.4000000000000001,1.0,11.3,5.6,-5.0,-0.6000000000000001,16
16552,277058.0,1.5,-0.4,1.2000000000000002,1.7000000000000002,0.7000000000000001,10.9,8.5,1.2000000000000002,3.2,16
16553,277075.0,1.7000000000000002,-0.7000000000000001,0.9,1.9000000000000001,0.5,10.600000000000001,14.700000000000001,7.500000000000001,6.7,16
16554,277091.0,2.1,-1.0,0.5,2.2,0.2,10.3,20.3,11.1,5.7,16
16555,277108.0,2.2,-1.2000000000000002,0.4,2.3000000000000003,0.1,10.0,23.900000000000002,11.8,-0.6000000000000001,16
16556,277124.0,2.0,-1.3,-0.30000000000000004,1.9000000000000001,0.1,9.3,27.0,11.8,-7.8,16
16557,277141.0,1.5,-1.3,-0.9,1.5,0.2,8.9,27.8,13.0,-12.3,16
16558,277158.0,1.3,-1.3,-1.1,1.1,0.2,8.4,23.2,11.5,-14.800000000000002,16
16559,277177.0,1.0,-1.3,-1.6,0.9,0.30000000000000004,8.1,14.4,7.500000000000001,-16.8,16
16560,277192.0,0.8,-1.3,-1.7000000000000002,0.7000000000000001,0.30000000000000004,8.1,3.0000000000000004,1.4,-18.900000000000002,16
16561,277209.0,0.8,-1.3,-1.4000000000000001,0.7000000000000001,0.30000000000000004,8.3,-9.3,-6.3,-20.8,16
16562,277224.0,0.8,-1.2000000000000002,-1.2000000000000002,0.7000000000000001,0.30000000000000004,8.6,-20.2,-13.5,-20.7,16
16563,277241.0,0.8,-1.1,-1.0,0.8,0.4,8.700000000000001,-24.200000000000003,-16.900000000000002,-18.3,16
16564,277258.0,0.9,-1.0,-1.0,0.9,0.4,8.700000000000001,-20.5,-12.700000000000001,-15.6,16
16565,277288.0,0.5,-0.7000000000000001,-0.9,0.7000000000000001,0.5,8.8,-12.4,-7.2,-14.500000000000002,16
16566,277300.0,0.30000000000000004,-0.5,-0.9,0.30000000000000004,0.8,8.9,-4.7,-4.800000000000001,-14.600000000000001,16
16567,277309.0,-0.2,-0.30000000000000004,-0.9,-0.1,1.0,8.8,-1.6,-6.4,-15.299999999999999,16
16568,277324.0,-0.4,-0.2,-1.0,-0.30000000000000004,1.1,8.700000000000001,-2.3000000000000003,-9.600000000000001,-15.6,16
16569,277341.0,-0.5,-0.1,-1.0,-0.30000000000000004,1.1,8.700000000000001,-4.9,-11.700000000000001,-15.9,16
16570,277359.0,-0.30000000000000004,-0.2,-1.1,-0.1,1.1,8.6,-5.6,-11.700000000000001,-16.2,16
16571,277380.0,-0.1,-0.2,-1.1,0.0,1.0,8.5,-3.7000000000000006,-7.699999999999999,-16.900000000000002,16
16572,277391.0,-0.1,-0.30000000000000004,-1.2000000000000002,0.1,0.9,8.5,-0.1,-4.2,-19.200000000000003,16
16573,277408.0,-0.30000000000000004,-0.2,-1.3,-0.2,1.0,8.4,2.6,-2.7,-23.1,16
16574,277424.0,-0.6000000000000001,-0.2,-1.4000000000000001,-0.6000000000000001,1.1,8.3,2.5,-5.6,-27.2,16
16575,277441.0,-1.0,0.0,-1.3,-1.0,1.3,8.4,-2.0,-8.700000000000001,-30.100000000000005,16
16576,277458.0,-1.6,0.2,-1.1,-1.4000000000000001,1.4000000000000001,8.5,-8.600000000000001,-11.1,-31.0,16
16577,277476.0,-1.8,0.30000000000000004,-1.0,-1.7000000000000002,1.4000000000000001,8.8,-12.200000000000001,-11.5,-28.8,16
16578,277497.0,-2.0,0.2,-0.2,-1.7000000000000002,1.3,9.3,-13.0,-10.600000000000001,-26.0,16
16579,277508.0,-2.0,0.1,0.2,-1.7000000000000002,1.3,9.9,-11.5,-10.9,-23.700000000000003,16
16580,277525.0,-1.9000000000000001,0.1,0.6000000000000001,-1.6,1.2000000000000002,10.5,-9.0,-14.200000000000001,-21.200000000000003,16
16581,277543.0,-1.7000000000000002,0.1,1.1,-1.3,1.2000000000000002,10.8,-4.2,-16.8,-17.599999999999998,16
16582,277558.0,-1.4000000000000001,0.1,1.2000000000000002,-1.1,1.2000000000000002,10.9,2.3000000000000003,-13.9,-13.3,16
16583,277576.0,-1.5,0.2,1.2000000000000002,-1.2000000000000002,1.3,10.8,9.5,-7.2,-9.3,16
16584,277591.0,-1.5,0.2,1.1,-1.3,1.3,10.700000000000001,14.0,-0.4,-6.2,16
16585,277608.0,-1.8,0.30000000000000004,1.0,-1.6,1.5,10.700000000000001,14.600000000000001,6.2,-3.8,16
16586,277626.0,-2.2,0.4,1.0,-1.9000000000000001,1.6,10.700000000000001,13.3,10.3,-0.8,16
16587,277642.0,-2.3000000000000003,0.5,1.1,-2.1,1.8,10.8,12.100000000000001,12.700000000000001,2.5,16
16588,277658.0,-2.2,0.5,1.3,-2.1,1.8,11.0,10.8,14.600000000000001,3.8,16
16589,277679.0,-2.1,0.7000000000000001,1.4000000000000001,-2.0,2.0,11.100000000000001,11.3,17.599999999999998,3.3000000000000003,16
16590,277691.0,-1.9000000000000001,0.8,1.5,-1.9000000000000001,2.2,11.3,11.700000000000001,22.4,1.0,16
16591,277709.0,-1.6,0.9,2.0,-1.6,2.3000000000000003,11.8,8.799999999999999,20.4,-3.3000000000000003,16
16592,277724.0,-0.5,0.7000000000000001,2.4000000000000004,-0.6000000000000001,2.2,12.100000000000001,-2.1,10.1,-7.400000000000001,16
16593,277741.0,0.1,0.6000000000000001,1.9000000000000001,0.4,1.9000000000000001,11.3,-8.700000000000001,12.4,-8.0,16
16594,277758.0,1.3,0.0,0.8,1.1,1.3,10.4,-3.7000000000000006,26.6,-7.500000000000001,16
16595,277781.0,1.5,-0.4,0.30000000000000004,1.2000000000000002,1.0,10.0,6.3,40.3,-8.9,16
16596,277791.0,1.5,-0.4,0.30000000000000004,1.0,1.0,10.0,11.700000000000001,44.1,-10.2,16
16597,277808.0,1.4000000000000001,-0.5,0.1,0.9,1.0,9.9,11.6,35.1,-11.5,16
16598,277825.0,1.7000000000000002,-0.5,0.0,1.1,1.0,9.8,7.0,21.400000000000002,-12.3,16
16599,277841.0,1.9000000000000001,-0.4,-0.1,1.5,1.0,9.5,1.3,7.500000000000001,-13.100000000000001,16
16600,277858.0,2.5,-0.5,-0.5,2.0,1.0,9.200000000000001,-3.0000000000000004,-2.4000000000000004,-15.5,16
16601,277879.0,2.9000000000000004,-0.6000000000000001,-0.7000000000000001,2.3000000000000003,0.9,9.1,-6.5,-6.6000000000000005,-18.8,16
16602,277891.0,2.9000000000000004,-0.6000000000000001,-0.6000000000000001,2.4000000000000004,0.9,9.200000000000001,-9.1,-9.8,-22.2,16
16603,277908.0,2.7,-0.4,-0.30000000000000004,2.1,1.0,9.4,-10.9,-12.6,-24.8,16
16604,277924.0,2.1,-0.2,-0.30000000000000004,1.6,1.2000000000000002,9.5,-12.700000000000001,-14.800000000000002,-25.5,16
16605,277943.0,1.4000000000000001,0.1,-0.30000000000000004,1.1,1.3,9.5,-13.200000000000001,-15.8,-23.700000000000003,16
16606,277960.0,1.0,0.2,-0.1,0.5,1.5,9.700000000000001,-12.9,-17.7,-20.8,16
16607,277999.0,0.30000000000000004,0.30000000000000004,0.1,0.1,1.5,9.9,-8.4,-26.500000000000004,-19.400000000000002,16
16608,278008.0,0.1,0.2,-0.1,-0.1,1.4000000000000001,9.5,-3.7000000000000006,-26.0,-20.7,16
16609,278024.0,-0.2,0.2,-0.6000000000000001,-0.4,1.4000000000000001,9.1,0.9,-21.0,-21.900000000000002,16
16610,278041.0,-0.7000000000000001,0.2,-1.0,-0.7000000000000001,1.3,8.8,3.3000000000000003,-14.700000000000001,-23.3,16
16611,278057.0,-0.9,0.1,-1.2000000000000002,-1.1,1.3,8.5,2.3000000000000003,-10.3,-23.700000000000003,16
16612,278074.0,-1.4000000000000001,0.0,-1.4000000000000001,-1.5,1.2000000000000002,8.3,-1.2000000000000002,-7.6,-22.7,16
16613,278101.0,-1.7000000000000002,0.0,-1.5,-1.7000000000000002,1.2000000000000002,8.3,-4.7,-6.5,-19.8,16
16614,278107.0,-1.7000000000000002,-0.1,-1.4000000000000001,-1.8,1.0,8.200000000000001,-6.6000000000000005,-5.8,-15.299999999999999,16
16615,278124.0,-1.7000000000000002,-0.2,-1.6,-1.8,0.9,8.200000000000001,-7.300000000000001,-4.9,-10.9,16
16616,278141.0,-1.7000000000000002,-0.30000000000000004,-1.4000000000000001,-1.7000000000000002,0.8,8.3,-6.4,-5.6,-6.5,16
16617,278157.0,-1.7000000000000002,-0.30000000000000004,-1.4000000000000001,-1.7000000000000002,0.9,8.3,-4.6000000000000005,-6.8,-1.0999999999999999,16
16618,278174.0,-1.5,-0.2,-1.2000000000000002,-1.5,0.9,8.5,-2.7,-8.700000000000001,5.0,16
16619,278195.0,-1.4000000000000001,-0.2,-1.2000000000000002,-1.4000000000000001,1.0,8.5,-2.0,-10.4,11.000000000000002,16
16620,278216.0,-1.2000000000000002,0.1,-1.1,-1.2000000000000002,1.1,8.6,-0.30000000000000004,-8.3,17.400000000000002,16
16621,278224.0,-1.2000000000000002,0.2,-1.0,-1.2000000000000002,1.3,8.8,2.4000000000000004,-4.1000000000000005,23.400000000000002,16
16622,278241.0,-0.9,0.4,-0.6000000000000001,-0.9,1.5,9.1,5.1,0.30000000000000004,28.0,16
16623,278258.0,-0.8,0.5,-0.4,-0.7000000000000001,1.7000000000000002,9.3,6.7,5.7,29.900000000000006,16
16624,278277.0,-0.4,0.6000000000000001,-0.2,-0.30000000000000004,1.8,9.5,8.799999999999999,10.700000000000001,29.600000000000005,16
16625,278292.0,-0.1,0.7000000000000001,-0.1,-0.1,1.9000000000000001,9.5,9.600000000000001,15.6,27.3,16
16626,278308.0,0.0,0.7000000000000001,0.0,0.1,1.9000000000000001,9.700000000000001,5.1,15.100000000000001,23.3,16
16627,278325.0,0.4,0.6000000000000001,0.2,0.4,1.8,9.8,-6.5,10.3,17.8,16
16628,278341.0,0.8,0.6000000000000001,0.2,0.7000000000000001,1.7000000000000002,9.8,-18.7,7.300000000000001,12.9,16
16629,278358.0,0.7000000000000001,0.5,0.1,0.4,1.7000000000000002,9.8,-28.400000000000002,8.600000000000001,10.5,16
16630,278377.0,-0.1,0.8,0.4,-0.5,1.9000000000000001,10.200000000000001,-32.5,13.4,13.8,16
16631,278393.0,-1.4000000000000001,1.2000000000000002,1.3,-1.7000000000000002,2.2,11.100000000000001,-27.3,15.9,23.0,16
16632,278408.0,-2.0,1.5,2.2,-2.4000000000000004,2.5,12.9,-16.3,4.300000000000001,34.2,16
16633,278424.0,-1.8,1.5,4.4,-1.6,2.2,14.200000000000001,-7.8,-23.900000000000002,37.6,16
16634,278441.0,-0.4,0.8,4.2,-0.30000000000000004,1.6,13.9,-2.1999999999999997,-44.3,30.000000000000004,16
16635,278459.0,0.8,0.4,3.5,0.8,1.3,13.4,8.1,-47.7,17.599999999999998,16
16636,278476.0,1.0,0.2,2.9000000000000004,1.1,1.2000000000000002,12.4,20.1,-34.50000000000001,8.600000000000001,16
16637,278491.0,0.8,0.2,2.0,1.0,1.3,11.8,29.900000000000006,-16.2,7.400000000000001,16
16638,278508.0,0.5,0.1,1.9000000000000001,0.8,1.2000000000000002,11.700000000000001,32.6,-5.0,11.1,16
16639,278524.0,0.6000000000000001,0.1,1.5,1.0,1.3,11.200000000000001,31.6,1.0,16.2,16
16640,278541.0,1.0,-0.30000000000000004,1.2000000000000002,1.4000000000000001,1.0,11.0,27.400000000000002,2.8,18.1,16
16641,278558.0,1.3,-0.5,1.0,1.9000000000000001,0.7000000000000001,10.700000000000001,26.6,6.3,14.900000000000002,16
16642,278574.0,1.8,-0.9,0.9,2.2,0.5,10.700000000000001,30.4,10.700000000000001,8.5,16
16643,278593.0,2.0,-1.1,0.8,2.3000000000000003,0.4,10.5,34.7,12.100000000000001,2.1999999999999997,16
16644,278613.0,2.1,-1.4000000000000001,0.30000000000000004,2.4000000000000004,0.2,10.100000000000001,37.5,10.9,-3.5,16
16645,278626.0,2.1,-1.5,0.0,2.2,0.2,9.4,37.800000000000004,11.6,-8.5,16
16646,278641.0,1.7000000000000002,-1.5,-1.0,1.8,0.30000000000000004,8.6,35.1,12.6,-11.700000000000001,16
16647,278658.0,1.2000000000000002,-1.4000000000000001,-1.6,1.4000000000000001,0.5,8.1,29.300000000000004,13.100000000000001,-12.6,16
16648,278674.0,1.1,-1.4000000000000001,-1.9000000000000001,1.1,0.6000000000000001,7.6000000000000005,21.3,10.2,-11.700000000000001,16
16649,278691.0,0.8,-1.3,-2.4000000000000004,0.9,0.7000000000000001,7.2,12.700000000000001,8.3,-10.2,16
16650,278708.0,0.7000000000000001,-1.2000000000000002,-2.9000000000000004,0.8,0.8,6.7,5.4,6.5,-8.1,16
16651,278724.0,0.5,-1.1,-3.1,0.5,1.0,6.6000000000000005,-2.0,5.300000000000001,-5.1,16
16652,278741.0,0.30000000000000004,-0.9,-2.9000000000000004,0.5,1.0,6.7,-8.9,0.0,-2.4000000000000004,16
16653,278758.0,0.5,-0.9,-2.7,0.6000000000000001,1.1,6.9,-14.3,-5.500000000000001,-2.1,16
16654,278775.0,0.5,-0.8,-2.5,0.6000000000000001,1.1,7.2,-18.0,-12.100000000000001,-3.3000000000000003,16
16655,278791.0,0.6000000000000001,-0.6000000000000001,-2.2,0.8,1.2000000000000002,7.4,-20.5,-17.200000000000003,-5.0,16
16656,278808.0,0.8,-0.6000000000000001,-2.0,1.0,1.2000000000000002,7.5,-20.7,-17.200000000000003,-8.0,16
16657,278824.0,0.7000000000000001,-0.5,-2.0,0.8,1.3,7.7,-18.3,-13.8,-11.5,16
16658,278841.0,0.30000000000000004,-0.2,-1.7000000000000002,0.5,1.5,8.0,-16.900000000000002,-11.6,-14.700000000000001,16
16659,278858.0,-0.1,0.0,-1.5,0.1,1.6,8.1,-19.6,-13.3,-18.900000000000002,16
16660,278874.0,-0.7000000000000001,0.2,-1.2000000000000002,-0.30000000000000004,1.7000000000000002,8.3,-26.6,-16.0,-23.900000000000002,16
16661,278892.0,-1.0,0.30000000000000004,-1.0,-0.8,1.8,8.700000000000001,-31.8,-16.3,-27.5,16
16662,278908.0,-1.5,0.4,-0.4,-1.1,1.8,9.3,-31.4,-14.200000000000001,-27.5,16
16663,278924.0,-1.6,0.5,0.1,-1.2000000000000002,1.8,10.0,-27.1,-13.0,-25.400000000000002,16
16664,278941.0,-1.5,0.4,0.8,-1.0,1.6,10.5,-23.2,-15.399999999999999,-25.6,16
16665,278958.0,-1.3,0.30000000000000004,1.3,-0.8,1.5,11.0,-20.4,-18.5,-27.5,16
16666,278975.0,-1.2000000000000002,0.30000000000000004,1.8,-0.7000000000000001,1.4000000000000001,11.4,-16.8,-21.6,-28.900000000000002,16
16667,279001.0,-1.3,0.30000000000000004,1.9000000000000001,-0.7000000000000001,1.4000000000000001,11.5,-11.4,-21.6,-26.6,16
16668,279012.0,-1.5,0.4,1.7000000000000002,-0.9,1.5,11.3,-3.2,-14.800000000000002,-19.700000000000003,16
16669,279024.0,-1.8,0.4,1.3,-1.2000000000000002,1.6,11.0,7.400000000000001,-3.8,-9.8,16
16670,279041.0,-1.9000000000000001,0.5,1.2000000000000002,-1.5,1.6,10.9,17.400000000000002,4.3999999999999995,-0.7,16
16671,279059.0,-2.3000000000000003,0.6000000000000001,1.2000000000000002,-1.9000000000000001,1.8,10.9,22.6,3.9,5.300000000000001,16
16672,279074.0,-2.6,0.7000000000000001,1.1,-1.9000000000000001,1.8,10.9,23.3,0.0,10.1,16
16673,279094.0,-2.5,0.9,1.2000000000000002,-2.0,2.3000000000000003,10.9,22.4,-4.0,14.700000000000001,16
16674,279108.0,-2.2,0.9,1.2000000000000002,-1.6,2.3000000000000003,10.8,22.2,-5.2,17.7,16
16675,279124.0,-1.7000000000000002,0.8,1.4000000000000001,-1.1,2.3000000000000003,11.100000000000001,23.900000000000002,-6.1000000000000005,19.0,16
16676,279141.0,-1.3,0.6000000000000001,1.8,-0.30000000000000004,2.1,11.600000000000001,18.900000000000002,-15.8,19.0,16
16677,279158.0,-0.30000000000000004,0.4,2.0,0.6000000000000001,2.0,11.700000000000001,11.6,-23.6,19.6,16
16678,279177.0,0.8,0.30000000000000004,2.0,1.6,1.9000000000000001,11.600000000000001,12.100000000000001,-28.400000000000002,22.000000000000004,16
16679,279194.0,1.3,0.0,1.9000000000000001,2.5,1.5,11.3,12.9,-27.900000000000002,20.1,16
16680,279212.0,2.0,-0.4,1.1,2.9000000000000004,1.2000000000000002,10.600000000000001,8.600000000000001,-24.3,14.700000000000001,16
16681,279224.0,1.8,-0.5,0.30000000000000004,2.8000000000000003,1.1,9.9,1.6,-18.5,9.8,16
16682,279241.0,1.6,-0.5,0.0,2.4000000000000004,1.1,9.600000000000001,-5.7,-10.3,9.200000000000001,16
16683,279259.0,1.1,-0.5,-0.2,2.2,1.1,9.5,-9.8,-3.7000000000000006,12.9,16
16684,279274.0,1.1,-0.7000000000000001,-0.2,2.2,0.9,9.5,-8.9,1.6,16.8,16
16685,279291.0,1.4000000000000001,-0.9,0.2,2.5,0.6000000000000001,9.9,-5.4,2.3000000000000003,15.399999999999999,16
16686,279308.0,1.7000000000000002,-1.1,0.4,3.0,0.30000000000000004,10.100000000000001,-2.5,-0.2,6.3,16
16687,279324.0,2.0,-1.3,0.30000000000000004,3.0,0.30000000000000004,9.9,1.0,-0.7,-7.0,16
16688,279341.0,1.7000000000000002,-1.2000000000000002,0.0,2.4000000000000004,0.5,9.3,5.0,3.6,-16.3,16
16689,279358.0,0.7000000000000001,-0.8,-0.7000000000000001,1.5,0.8,8.8,5.500000000000001,9.8,-16.8,16
16690,279374.0,-0.2,-0.5,-1.1,0.8,1.1,8.5,1.8,12.9,-12.6,16
16691,279392.0,-0.7000000000000001,-0.4,-1.2000000000000002,0.30000000000000004,1.2000000000000002,8.5,-4.9,11.1,-6.2,16
16692,279412.0,-0.8,-0.4,-1.0,0.2,1.1,8.6,-10.600000000000001,4.800000000000001,-1.0,16
16693,279426.0,-0.7000000000000001,-0.5,-1.1,0.30000000000000004,1.0,8.6,-12.4,0.9,1.0999999999999999,16
16694,279441.0,-0.7000000000000001,-0.5,-1.1,0.2,1.0,8.6,-10.3,-0.2,1.0999999999999999,16
16695,279458.0,-0.9,-0.4,-1.1,-0.1,1.2000000000000002,8.6,-6.5,0.2,2.8,16
16696,279474.0,-1.2000000000000002,-0.1,-1.1,-0.2,1.4000000000000001,8.6,-1.7,0.0,7.2,16
16697,279491.0,-1.2000000000000002,0.1,-1.0,-0.2,1.5,8.6,2.9,-3.1,12.000000000000002,16
16698,279508.0,-1.0,0.1,-1.2000000000000002,0.1,1.6,8.3,6.2,-7.1000000000000005,14.700000000000001,16
16699,279524.0,-0.7000000000000001,0.2,-1.6,0.30000000000000004,1.7000000000000002,8.0,8.200000000000001,-8.3,15.8,16
16700,279541.0,-0.6000000000000001,0.2,-1.7000000000000002,0.5,1.7000000000000002,7.9,9.9,-10.0,15.7,16
16701,279557.0,-0.4,0.2,-1.7000000000000002,0.7000000000000001,1.8,7.9,8.1,-11.700000000000001,13.3,16
16702,279574.0,-0.5,0.30000000000000004,-1.4000000000000001,0.6000000000000001,1.9000000000000001,8.3,1.6,-16.2,10.1,16
16703,279591.0,-0.7000000000000001,0.5,-0.8,0.5,2.0,8.8,-6.7,-21.900000000000002,9.700000000000001,16
16704,279608.0,-0.7000000000000001,0.6000000000000001,-0.30000000000000004,0.6000000000000001,2.0,9.5,-10.4,-22.3,13.6,16
16705,279624.0,-0.4,0.4,0.5,1.0,1.8,10.200000000000001,-8.600000000000001,-16.700000000000003,17.3,16
16706,279641.0,0.0,0.2,1.1,1.4000000000000001,1.6,10.700000000000001,-2.9,-8.799999999999999,19.8,16
16707,279658.0,0.2,0.1,1.3,1.7000000000000002,1.5,10.8,6.7,2.1,20.0,16
16708,279674.0,0.4,0.0,1.3,1.6,1.5,10.8,18.7,15.5,18.1,16
16709,279691.0,0.1,0.1,1.2000000000000002,1.3,1.6,10.700000000000001,27.6,23.6,14.900000000000002,16
16710,279708.0,-0.1,0.2,1.1,1.0,1.9000000000000001,10.600000000000001,29.300000000000004,23.2,11.700000000000001,16
16711,279724.0,-0.30000000000000004,0.30000000000000004,0.9,0.9,2.0,10.4,23.6,17.3,8.5,16
16712,279741.0,-0.2,0.4,0.7000000000000001,1.0,2.1,10.3,11.8,6.6000000000000005,5.2,16
16713,279757.0,0.0,0.4,0.6000000000000001,1.2000000000000002,2.2,10.0,-0.2,-2.4000000000000004,3.2,16
16714,279774.0,-0.1,0.5,0.2,0.9,2.3000000000000003,9.600000000000001,-6.1000000000000005,-4.5,4.3999999999999995,16
16715,279791.0,-0.6000000000000001,0.6000000000000001,-0.2,0.6000000000000001,2.3000000000000003,9.4,-7.300000000000001,-5.9,8.5,16
16716,279808.0,-0.5,0.6000000000000001,0.1,1.0,2.2,10.0,-10.600000000000001,-13.3,11.4,16
16717,279824.0,0.2,0.4,0.6000000000000001,1.5,1.9000000000000001,10.200000000000001,-14.4,-14.200000000000001,7.500000000000001,16
16718,279841.0,0.30000000000000004,0.30000000000000004,0.9,1.5,1.9000000000000001,10.600000000000001,-12.4,-11.8,1.0,16
16719,279858.0,0.0,0.4,1.3,1.1,2.0,11.3,-10.700000000000001,-13.9,-2.5,16
16720,279878.0,-0.30000000000000004,0.5,2.1,1.1,2.1,11.9,-16.1,-22.5,-1.5000000000000002,16
16721,279892.0,-0.1,0.5,2.5,1.5,1.9000000000000001,12.0,-21.400000000000002,-27.1,2.5,16
16722,279908.0,0.7000000000000001,0.0,2.2,2.2,1.4000000000000001,11.9,-20.900000000000002,-20.0,6.1000000000000005,16
16723,279924.0,1.1,-0.4,2.0,2.9000000000000004,0.8,11.4,-12.8,-9.200000000000001,6.000000000000001,16
16724,279941.0,1.3,-0.8,1.3,2.8000000000000003,0.6000000000000001,10.8,2.3000000000000003,9.4,5.8,16
16725,279958.0,0.6000000000000001,-0.7000000000000001,0.7000000000000001,2.8000000000000003,0.6000000000000001,10.8,2.3000000000000003,9.4,5.8,16
16726,279974.0,0.30000000000000004,-0.8,0.5,1.4000000000000001,0.7000000000000001,10.0,32.300000000000004,34.2,10.1,16
16727,279992.0,-0.2,-0.7000000000000001,0.0,1.0,0.9,9.600000000000001,33.7,30.100000000000005,12.6,16
16728,280008.0,-0.4,-0.7000000000000001,-0.30000000000000004,0.8,1.0,9.3,29.900000000000006,20.8,14.700000000000001,16
16729,280024.0,-0.30000000000000004,-0.7000000000000001,-0.4,1.1,1.0,9.3,22.8,7.2,16.2,16
16730,280041.0,0.1,-0.8,-0.5,1.5,0.9,9.1,15.2,-3.4,16.900000000000002,16
16731,280058.0,0.6000000000000001,-0.8,-0.8,1.9000000000000001,0.9,8.8,10.700000000000001,-9.4,17.3,16
16732,280074.0,0.9,-0.8,-0.9,2.3000000000000003,0.9,8.700000000000001,9.700000000000001,-5.2,17.1,16
16733,280091.0,1.0,-0.8,-1.0,2.3000000000000003,1.0,8.5,10.0,-0.7,16.0,16
16734,280109.0,0.8,-0.7000000000000001,-1.2000000000000002,2.1,1.2000000000000002,8.3,11.4,4.3999999999999995,15.000000000000002,16
16735,280124.0,0.6000000000000001,-0.6000000000000001,-1.3,1.7000000000000002,1.2000000000000002,8.200000000000001,11.5,7.9,14.0,16
16736,280141.0,0.1,-0.5,-1.6,1.4000000000000001,1.4000000000000001,7.9,11.2,9.0,13.3,16
16737,280158.0,-0.1,-0.5,-1.7000000000000002,1.2000000000000002,1.4000000000000001,7.800000000000001,9.9,11.000000000000002,12.200000000000001,16
16738,280187.0,-0.5,-0.4,-1.8,0.6000000000000001,1.6,7.7,4.3999999999999995,9.8,7.0,16
16739,280191.0,-0.5,-0.4,-1.8,0.6000000000000001,1.6,7.7,4.3999999999999995,9.8,7.0,16
16740,280208.0,-0.8,-0.1,-1.7000000000000002,0.30000000000000004,1.8,7.800000000000001,3.3000000000000003,9.4,6.9,16
16741,280224.0,-0.9,0.0,-1.5,0.30000000000000004,1.9000000000000001,8.0,2.0,6.8,7.500000000000001,16
16742,280241.0,-0.8,-0.1,-1.4000000000000001,0.4,1.8,8.200000000000001,0.4,6.8,5.6,16
16743,280258.0,-0.7000000000000001,-0.1,-1.2000000000000002,0.4,1.8,8.3,-0.30000000000000004,8.5,1.6,16
16744,280274.0,-0.8,0.0,-1.0,0.30000000000000004,1.9000000000000001,8.5,-1.9,12.3,-2.8,16
16745,280291.0,-0.8,0.0,-0.9,0.2,1.8,8.8,-4.2,16.700000000000003,-6.2,16
16746,280308.0,-0.9,0.0,-0.4,0.0,1.9000000000000001,9.200000000000001,-4.1000000000000005,20.8,-8.5,16
16747,280324.0,-1.0,0.0,0.0,-0.1,1.9000000000000001,9.5,-0.6000000000000001,22.6,-7.699999999999999,16
16748,280341.0,-1.1,0.0,0.1,-0.2,1.9000000000000001,9.700000000000001,1.8,21.8,-6.000000000000001,16
16749,280357.0,-1.0,0.1,0.30000000000000004,-0.2,1.9000000000000001,9.8,-0.1,16.2,-4.9,16
16750,280381.0,-1.0,0.0,0.2,-0.2,1.9000000000000001,9.8,-7.8,6.7,-4.800000000000001,16
16751,280391.0,-1.0,0.1,0.30000000000000004,-0.30000000000000004,2.0,9.8,-17.3,-1.0,-1.7,16
16752,280408.0,-0.9,0.30000000000000004,0.4,-0.1,2.2,10.0,-22.2,-1.7,7.0,16
16753,280424.0,-0.30000000000000004,0.5,0.8,0.5,2.2,10.4,-20.0,2.0,16.6,16
16754,280441.0,0.2,0.4,1.1,1.3,1.9000000000000001,10.9,-15.5,0.5,17.8,16
16755,280458.0,1.0,0.1,1.8,1.8,1.8,11.5,-18.400000000000002,-14.200000000000001,10.2,16
16756,280483.0,0.9,0.4,2.1,1.7000000000000002,2.0,11.700000000000001,-25.700000000000003,-31.7,2.5,16
16757,280492.0,0.5,0.7000000000000001,2.5,1.5,2.2,12.100000000000001,-30.000000000000004,-45.7,2.4000000000000004,16
16758,280507.0,0.5,0.8,2.6,1.8,2.2,12.3,-31.6,-50.6,6.2,16
16759,280524.0,1.2000000000000002,0.7000000000000001,2.8000000000000003,2.5,2.0,12.5,-28.8,-44.4,10.3,16
16760,280541.0,1.7000000000000002,0.5,2.9000000000000004,3.4000000000000004,1.6,12.5,-20.4,-31.6,9.0,16
16761,280558.0,2.4000000000000004,0.1,2.6,3.9000000000000004,1.3,12.200000000000001,-8.600000000000001,-16.1,2.4000000000000004,16
16762,280578.0,2.3000000000000003,0.1,2.0,3.7,1.3,11.600000000000001,5.4,0.9,-4.7,16
16763,280591.0,2.1,0.1,1.5,3.4000000000000004,1.5,10.8,19.1,17.5,-10.3,16
16764,280608.0,1.7000000000000002,0.2,0.4,3.0,1.6,9.8,28.0,28.3,-15.6,16
16765,280624.0,1.6,0.30000000000000004,-0.6000000000000001,2.8000000000000003,1.7000000000000002,9.0,28.8,31.900000000000002,-19.8,16
16766,280641.0,1.3,0.30000000000000004,-0.9,2.6,1.8,8.8,21.900000000000002,28.6,-22.3,16
16767,280657.0,1.4000000000000001,0.2,-1.1,2.6,1.6,8.5,12.6,21.8,-24.1,16
16768,280680.0,1.5,-0.1,-1.3,2.6,1.5,8.5,6.6000000000000005,20.0,-25.900000000000002,16
16769,280691.0,1.1,-0.2,-0.9,2.1,1.4000000000000001,8.8,5.500000000000001,16.900000000000002,-26.200000000000003,16
16770,280708.0,0.8,-0.2,-0.6000000000000001,1.6,1.4000000000000001,9.3,5.9,9.0,-24.3,16
16771,280725.0,0.5,-0.2,-0.1,1.6,1.4000000000000001,9.600000000000001,5.8,-4.5,-21.6,16
16772,280741.0,0.8,-0.30000000000000004,-0.30000000000000004,1.9000000000000001,1.3,9.4,3.5,-17.9,-19.400000000000002,16
16773,280757.0,0.8,-0.30000000000000004,-0.6000000000000001,2.0,1.4000000000000001,8.8,4.1000000000000005,-20.3,-16.400000000000002,16
16774,280778.0,1.0,-0.30000000000000004,-1.5,2.0,1.4000000000000001,8.0,10.1,-9.0,-13.9,16
16775,280791.0,0.5,-0.30000000000000004,-2.3000000000000003,1.6,1.5,7.300000000000001,18.7,4.7,-13.6,16
16776,280808.0,0.1,-0.1,-2.6,0.9,1.9000000000000001,6.9,21.6,13.5,-13.5,16
16777,280825.0,-0.7000000000000001,0.30000000000000004,-2.9000000000000004,0.30000000000000004,2.1,6.6000000000000005,16.3,9.1,-11.9,16
16778,280841.0,-0.8,0.1,-3.3000000000000003,0.2,2.0,6.2,3.2,-4.1000000000000005,-13.3,16
16779,280857.0,-1.0,0.1,-3.2,0.0,2.1,6.4,-16.0,-20.8,-17.3,16
16780,280879.0,-1.0,0.1,-2.9000000000000004,0.0,2.0,6.800000000000001,-32.1,-33.1,-18.5,16
16781,280891.0,-1.4000000000000001,0.2,-2.2,-0.2,1.9000000000000001,7.300000000000001,-39.1,-40.0,-16.3,16
16782,280908.0,-1.7000000000000002,0.2,-1.7000000000000002,-0.5,1.9000000000000001,8.200000000000001,-41.800000000000004,-45.6,-10.5,16
16783,280925.0,-2.0,0.5,-0.8,-0.5,2.0,8.9,-39.2,-47.0,-2.6,16
16784,280941.0,-1.9000000000000001,0.6000000000000001,-0.4,-0.5,2.0,8.9,-39.2,-47.0,-2.6,16
16785,280957.0,-1.5,0.5,0.2,0.4,1.8,9.8,-23.1,-41.0,8.9,16
16786,280987.0,-0.7000000000000001,0.4,0.7000000000000001,1.0,1.7000000000000002,10.100000000000001,-14.100000000000001,-29.800000000000004,7.1000000000000005,16
16787,280995.0,-0.6000000000000001,0.4,0.8,1.2000000000000002,1.7000000000000002,10.3,-3.0000000000000004,-14.4,3.2,16
16788,281007.0,-0.6000000000000001,0.4,1.0,1.1,1.8,10.600000000000001,7.1000000000000005,0.9,0.0,16
16789,281024.0,-0.7000000000000001,0.6000000000000001,1.4000000000000001,1.0,1.9000000000000001,10.9,11.6,13.100000000000001,-0.5,16
16790,281042.0,-0.7000000000000001,0.6000000000000001,1.6,1.1,2.0,11.100000000000001,12.9,23.5,0.7,16
16791,281057.0,-0.5,0.6000000000000001,1.7000000000000002,1.3,1.9000000000000001,11.200000000000001,13.5,33.2,1.5000000000000002,16
16792,281075.0,-0.2,0.4,1.7000000000000002,1.3,1.9000000000000001,11.100000000000001,14.3,40.8,0.4,16
16793,281091.0,-0.2,0.4,1.4000000000000001,1.1,2.0,10.9,12.700000000000001,44.4,-0.8,16
16794,281107.0,-0.5,0.6000000000000001,1.2000000000000002,0.8,2.1,10.8,5.6,39.300000000000004,-0.1,16
16795,281124.0,-0.5,0.7000000000000001,1.1,0.7000000000000001,2.2,10.700000000000001,-4.3999999999999995,29.800000000000004,3.2,16
16796,281141.0,-0.4,0.7000000000000001,1.1,0.7000000000000001,2.2,10.8,-10.8,21.200000000000003,8.200000000000001,16
16797,281159.0,-0.1,0.8,1.6,0.9,2.3000000000000003,11.200000000000001,-12.4,13.5,13.6,16
16798,281177.0,0.1,0.8,1.8,1.3,2.3000000000000003,11.600000000000001,-9.0,5.7,17.599999999999998,16
16799,281194.0,0.5,0.9,2.0,1.7000000000000002,2.3000000000000003,11.700000000000001,-2.8,-0.6000000000000001,20.0,16
16800,281211.0,1.0,0.7000000000000001,2.0,2.1,2.1,11.700000000000001,2.3000000000000003,-7.1000000000000005,19.9,16
16801,281226.0,1.2000000000000002,0.5,1.8,2.4000000000000004,1.8,11.3,4.7,-10.2,17.200000000000003,16
16802,281242.0,1.3,0.2,1.3,2.5,1.6,10.9,6.5,-7.400000000000001,14.700000000000001,16
16803,281262.0,1.2000000000000002,0.1,1.1,2.3000000000000003,1.5,10.5,8.700000000000001,-1.7,14.600000000000001,16
16804,281281.0,0.8,-0.1,0.1,2.1,1.4000000000000001,9.9,12.8,6.5,17.599999999999998,16
16805,281291.0,0.8,-0.30000000000000004,-0.2,2.0,1.2000000000000002,9.4,16.700000000000003,12.9,21.200000000000003,16
16806,281307.0,0.8,-0.4,-0.4,2.0,1.1,9.200000000000001,17.3,12.6,22.8,16
16807,281325.0,1.0,-0.5,-0.6000000000000001,2.3000000000000003,1.0,9.0,18.6,10.8,20.900000000000002,16
16808,281342.0,1.3,-0.7000000000000001,-0.9,2.4000000000000004,0.9,8.8,23.5,11.4,14.600000000000001,16
16809,281358.0,1.2000000000000002,-0.8,-1.2000000000000002,2.3000000000000003,0.9,8.5,29.1,12.700000000000001,5.300000000000001,16
16810,281376.0,0.6000000000000001,-0.6000000000000001,-1.1,1.8,1.2000000000000002,8.5,29.600000000000005,9.600000000000001,-2.9,16
16811,281393.0,0.4,-0.5,-1.0,1.5,1.4000000000000001,8.6,21.400000000000002,0.30000000000000004,-6.6000000000000005,16
16812,281407.0,0.5,-0.6000000000000001,-1.1,1.6,1.3,8.5,7.400000000000001,-9.8,-8.0,16
16813,281424.0,0.7000000000000001,-0.6000000000000001,-1.2000000000000002,1.9000000000000001,1.2000000000000002,8.3,-5.6,-13.0,-9.600000000000001,16
16814,281441.0,0.9,-0.8,-1.2000000000000002,2.1,1.0,8.5,-15.000000000000002,-9.700000000000001,-11.4,16
16815,281460.0,0.9,-0.9,-0.7000000000000001,2.0,0.9,8.9,-21.900000000000002,-7.0,-13.6,16
16816,281476.0,0.5,-0.8,-0.4,1.7000000000000002,0.9,9.1,-24.7,-5.9,-13.9,16
16817,281493.0,0.30000000000000004,-0.8,-0.4,1.3,0.9,9.200000000000001,-23.400000000000002,-4.3999999999999995,-11.6,16
16818,281508.0,-0.2,-0.6000000000000001,-0.5,1.0,1.0,9.1,-18.5,-3.0000000000000004,-8.200000000000001,16
16819,281524.0,-0.4,-0.5,-0.8,0.8,1.0,8.8,-11.8,-2.4000000000000004,-5.500000000000001,16
16820,281541.0,-0.4,-0.5,-0.8,0.8,1.0,8.8,-11.8,-2.4000000000000004,-5.500000000000001,16
16821,281558.0,-0.8,-0.30000000000000004,-1.4000000000000001,0.4,1.2000000000000002,8.200000000000001,-2.9,-6.3,-3.4,16
16822,281577.0,-1.0,-0.2,-1.7000000000000002,0.30000000000000004,1.4000000000000001,7.9,-2.3000000000000003,-9.5,-2.0,16
16823,281592.0,-1.0,-0.1,-1.8,0.2,1.4000000000000001,7.7,-4.6000000000000005,-10.8,-1.3,16
16824,281614.0,-1.1,0.0,-1.7000000000000002,0.1,1.5,7.9,-8.1,-12.000000000000002,-1.4,16
16825,281625.0,-1.2000000000000002,0.2,-1.2000000000000002,0.1,1.6,8.3,-12.000000000000002,-13.6,-2.1,16
16826,281641.0,-1.2000000000000002,0.2,-0.8,0.1,1.7000000000000002,8.9,-16.400000000000002,-17.0,-3.2,16
16827,281657.0,-1.2000000000000002,0.4,-0.2,0.30000000000000004,1.7000000000000002,9.4,-19.500000000000004,-19.400000000000002,-3.6,16
16828,281674.0,-1.1,0.4,0.1,0.30000000000000004,1.7000000000000002,9.4,-19.500000000000004,-19.400000000000002,-3.6,16
16829,281692.0,-0.9,0.30000000000000004,0.4,0.7000000000000001,1.6,10.200000000000001,-16.400000000000002,-8.200000000000001,-4.5,16
16830,281708.0,-0.9,0.30000000000000004,1.0,0.4,1.6,10.700000000000001,-7.2,3.5,-5.2,16
16831,281724.0,-1.3,0.5,1.7000000000000002,0.1,1.7000000000000002,11.200000000000001,2.5,8.600000000000001,-3.8,16
16832,281741.0,-1.4000000000000001,0.5,1.8,0.0,1.8,11.5,8.9,9.700000000000001,-1.6,16
16833,281758.0,-1.3,0.4,1.8,0.2,1.7000000000000002,11.4,14.0,8.1,-0.4,16
16834,281775.0,-0.9,0.30000000000000004,1.6,0.4,1.7000000000000002,11.200000000000001,17.7,7.6,-0.7,16
16835,281793.0,-0.7000000000000001,0.2,1.3,0.6000000000000001,1.7000000000000002,10.9,20.8,10.4,-1.5000000000000002,16
16836,281809.0,-0.7000000000000001,0.2,1.1,0.5,1.7000000000000002,10.600000000000001,24.200000000000003,16.400000000000002,-0.9,16
16837,281824.0,-0.9,0.2,0.7000000000000001,0.30000000000000004,1.7000000000000002,10.3,25.5,21.1,0.9,16
16838,281841.0,-0.9,0.1,0.7000000000000001,0.2,1.7000000000000002,10.3,23.1,21.6,2.1999999999999997,16
16839,281857.0,-0.9,0.1,0.7000000000000001,0.2,1.8,10.4,19.200000000000003,18.7,2.6,16
16840,281875.0,-0.8,0.1,0.8,0.30000000000000004,1.8,10.5,15.6,15.5,1.8,16
16841,281891.0,-0.4,0.1,1.2000000000000002,0.5,1.9000000000000001,10.8,9.3,8.0,-0.30000000000000004,16
16842,281909.0,-0.2,0.1,1.3,0.9,1.8,11.0,-1.2000000000000002,-4.5,-1.4,16
16843,281924.0,0.5,0.0,1.4000000000000001,1.6,1.7000000000000002,11.0,-10.600000000000001,-14.200000000000001,-1.2000000000000002,16
16844,281941.0,1.1,-0.30000000000000004,1.3,2.1,1.5,10.9,-16.900000000000002,-15.8,-0.8,16
16845,281958.0,1.3,-0.4,1.1,2.4000000000000004,1.2000000000000002,10.8,-19.200000000000003,-9.700000000000001,0.2,16
16846,281974.0,1.3,-0.6000000000000001,1.0,2.4000000000000004,1.0,10.600000000000001,-15.8,-0.5,2.0,16
16847,281995.0,1.2000000000000002,-0.7000000000000001,0.7000000000000001,2.3000000000000003,0.8,10.4,-8.4,10.1,4.3999999999999995,16
16848,282008.0,1.1,-0.8,0.6000000000000001,2.2,0.7000000000000001,10.100000000000001,0.5,17.7,6.1000000000000005,16
16849,282024.0,1.0,-0.8,0.1,2.0,0.7000000000000001,9.700000000000001,8.200000000000001,21.0,6.3,16
16850,282041.0,0.9,-0.9,-0.5,1.9000000000000001,0.7000000000000001,9.200000000000001,13.8,21.700000000000003,5.4,16
16851,282057.0,0.9,-0.9,-0.7000000000000001,1.9000000000000001,0.7000000000000001,8.8,15.299999999999999,19.700000000000003,3.3000000000000003,16
16852,282074.0,1.0,-0.9,-1.1,1.8,0.8,8.5,13.3,15.9,0.6000000000000001,16
16853,282092.0,0.9,-0.8,-1.3,1.7000000000000002,0.9,8.4,7.9,10.4,-1.8,16
16854,282107.0,0.9,-0.7000000000000001,-1.3,1.6,1.0,8.3,0.9,3.9,-2.5,16
16855,282124.0,0.7000000000000001,-0.5,-1.3,1.5,1.2000000000000002,8.4,-5.0,-1.6,-1.0,16
16856,282141.0,0.6000000000000001,-0.4,-1.2000000000000002,1.5,1.3,8.5,-8.1,-5.6,2.1,16
16857,282157.0,0.7000000000000001,-0.30000000000000004,-1.1,1.7000000000000002,1.3,8.6,-10.0,-7.400000000000001,3.7000000000000006,16
16858,282177.0,0.7000000000000001,-0.30000000000000004,-1.0,1.6,1.3,8.700000000000001,-10.1,-7.9,3.0000000000000004,16
16859,282191.0,0.6000000000000001,-0.2,-1.0,1.6,1.3,8.700000000000001,-10.1,-7.9,3.0000000000000004,16
16860,282207.0,0.2,0.0,-1.0,0.9,1.7000000000000002,8.6,-3.9,1.3,-0.9,16
16861,282224.0,-0.30000000000000004,0.30000000000000004,-1.1,0.5,1.9000000000000001,8.5,-2.8,2.1,-2.1,16
16862,282241.0,-0.6000000000000001,0.4,-1.2000000000000002,0.30000000000000004,1.9000000000000001,8.4,-5.7,-0.6000000000000001,-1.7,16
16863,282258.0,-0.6000000000000001,0.4,-1.2000000000000002,0.4,1.9000000000000001,8.4,-11.8,-3.7000000000000006,-1.4,16
16864,282274.0,-0.6000000000000001,0.4,-1.3,0.30000000000000004,1.8,8.200000000000001,-14.200000000000001,-3.2,-0.30000000000000004,16
16865,282293.0,-0.8,0.30000000000000004,-1.3,0.2,1.8,8.3,-13.100000000000001,-2.1999999999999997,1.8,16
16866,282308.0,-0.8,0.30000000000000004,-1.2000000000000002,0.2,1.7000000000000002,8.5,-11.000000000000002,-3.1,3.8,16
16867,282327.0,-0.7000000000000001,0.30000000000000004,-1.0,0.30000000000000004,1.7000000000000002,8.6,-10.3,-5.4,3.4,16
16868,282341.0,-0.7000000000000001,0.30000000000000004,-0.8,0.30000000000000004,1.7000000000000002,8.9,-10.8,-7.400000000000001,2.0,16
16869,282358.0,-1.0,0.5,-0.5,0.0,1.8,9.1,-10.9,-10.2,2.5,16
16870,282374.0,-1.1,0.6000000000000001,-0.4,-0.1,1.9000000000000001,9.3,-10.1,-11.2,6.2,16
16871,282391.0,-1.1,0.7000000000000001,-0.30000000000000004,0.0,1.9000000000000001,9.4,-9.9,-11.1,10.2,16
16872,282408.0,-0.9,0.6000000000000001,-0.1,0.4,1.8,9.8,-10.700000000000001,-7.400000000000001,11.9,16
16873,282424.0,-0.6000000000000001,0.6000000000000001,0.6000000000000001,0.5,1.9000000000000001,10.5,-7.500000000000001,0.2,12.200000000000001,16
16874,282442.0,-0.6000000000000001,0.8,1.3,0.5,2.0,11.0,0.5,4.2,14.100000000000001,16
16875,282457.0,-0.30000000000000004,0.8,1.7000000000000002,0.7000000000000001,2.1,11.3,7.6,7.6,16.1,16
16876,282475.0,-0.1,0.8,1.7000000000000002,1.0,2.1,11.3,12.000000000000002,8.3,16.2,16
16877,282491.0,0.2,0.8,1.4000000000000001,1.3,2.1,11.0,15.000000000000002,11.8,14.900000000000002,16
16878,282515.0,0.30000000000000004,0.7000000000000001,1.1,1.3,2.1,10.8,15.7,15.2,12.6,16
16879,282524.0,0.4,0.7000000000000001,1.1,1.3,2.1,10.700000000000001,12.200000000000001,16.400000000000002,11.000000000000002,16
16880,282542.0,0.4,0.7000000000000001,1.0,1.3,2.1,10.5,7.0,16.2,10.600000000000001,16
16881,282558.0,0.30000000000000004,0.7000000000000001,0.7000000000000001,1.1,2.1,10.4,3.3000000000000003,16.700000000000003,10.8,16
16882,282574.0,0.30000000000000004,0.7000000000000001,0.8,1.0,2.1,10.5,0.2,16.700000000000003,10.4,16
16883,282593.0,0.0,0.6000000000000001,0.9,0.7000000000000001,2.0,10.600000000000001,-3.1,12.700000000000001,9.8,16
16884,282607.0,-0.30000000000000004,0.5,0.9,0.5,1.9000000000000001,10.600000000000001,-4.7,9.3,9.600000000000001,16
16885,282624.0,-0.4,0.5,1.0,0.4,1.8,10.700000000000001,-5.4,6.1000000000000005,10.2,16
16886,282641.0,-0.30000000000000004,0.30000000000000004,1.0,0.4,1.6,10.600000000000001,-5.8,3.8,11.700000000000001,16
16887,282659.0,-0.2,0.0,0.7000000000000001,0.6000000000000001,1.3,10.4,-4.800000000000001,4.6000000000000005,13.700000000000001,16
16888,282675.0,0.0,-0.30000000000000004,0.6000000000000001,0.7000000000000001,1.1,10.3,-2.3000000000000003,8.0,14.700000000000001,16
16889,282692.0,0.1,-0.5,0.6000000000000001,0.8,0.8,10.3,1.5000000000000002,9.4,14.800000000000002,16
16890,282708.0,0.4,-0.8,0.6000000000000001,1.0,0.5,10.3,5.0,7.1000000000000005,14.3,16
16891,282724.0,0.7000000000000001,-1.1,0.4,1.3,0.30000000000000004,10.200000000000001,9.700000000000001,5.4,14.100000000000001,16
16892,282741.0,0.8,-1.2000000000000002,0.2,1.5,0.2,9.8,16.3,7.699999999999999,14.3,16
16893,282758.0,1.0,-1.3,-0.2,1.6,0.1,9.5,22.7,10.9,14.100000000000001,16
16894,282774.0,1.0,-1.4000000000000001,-0.4,1.6,0.1,9.1,25.900000000000002,12.6,12.9,16
16895,282791.0,0.9,-1.4000000000000001,-0.7000000000000001,1.4000000000000001,0.2,8.9,22.1,9.4,11.5,16
16896,282808.0,0.8,-1.4000000000000001,-0.8,1.4000000000000001,0.2,8.9,14.0,2.1,10.4,16
16897,282824.0,0.9,-1.5,-0.6000000000000001,1.5,0.1,9.1,4.9,-5.300000000000001,9.9,16
16898,282841.0,1.0,-1.5,-0.6000000000000001,1.7000000000000002,0.1,9.200000000000001,-3.8,-11.000000000000002,10.1,16
16899,282858.0,1.2000000000000002,-1.5,-0.4,1.9000000000000001,0.0,9.3,-11.5,-15.100000000000001,10.5,16
16900,282874.0,1.2000000000000002,-1.6,-0.4,2.0,-0.1,9.3,-18.400000000000002,-17.200000000000003,10.9,16
16901,282891.0,1.0,-1.5,-0.5,1.8,0.0,9.1,-23.3,-16.900000000000002,11.8,16
16902,282908.0,0.6000000000000001,-1.3,-0.8,1.4000000000000001,0.1,8.9,-24.8,-12.000000000000002,14.0,16
16903,282924.0,0.1,-1.0,-0.9,1.1,0.2,8.700000000000001,-24.000000000000004,-7.8,17.400000000000002,16
16904,282941.0,0.0,-0.9,-1.0,0.8,0.30000000000000004,8.700000000000001,-21.400000000000002,-5.8,20.5,16
16905,282958.0,-0.30000000000000004,-0.7000000000000001,-1.1,0.7000000000000001,0.4,8.6,-18.0,-6.5,21.700000000000003,16
16906,282976.0,-0.30000000000000004,-0.6000000000000001,-1.2000000000000002,0.5,0.5,8.4,-13.8,-6.7,21.200000000000003,16
16907,282994.0,-0.6000000000000001,-0.2,-1.4000000000000001,0.4,0.8,8.3,-10.3,-7.2,20.3,16
16908,283007.0,-0.8,0.0,-1.4000000000000001,0.2,1.0,8.200000000000001,-8.1,-6.2,19.200000000000003,16
16909,283024.0,-1.0,0.30000000000000004,-1.4000000000000001,0.1,1.2000000000000002,8.200000000000001,-7.2,-5.0,17.8,16
16910,283041.0,-1.0,0.4,-1.3,0.1,1.4000000000000001,8.4,-8.4,-4.3999999999999995,16.1,16
16911,283057.0,-1.0,0.6000000000000001,-1.1,0.1,1.5,8.6,-10.4,-4.7,14.500000000000002,16
16912,283074.0,-0.9,0.7000000000000001,-0.8,0.2,1.6,8.8,-11.8,-4.800000000000001,12.700000000000001,16
16913,283091.0,-0.7000000000000001,0.9,-0.6000000000000001,0.4,1.7000000000000002,9.0,-11.9,-3.5,10.2,16
16914,283108.0,-0.6000000000000001,0.9,-0.4,0.4,1.8,9.200000000000001,-9.200000000000001,-0.1,6.5,16
16915,283124.0,-0.7000000000000001,1.0,-0.2,0.4,1.8,9.4,-5.2,4.0,2.1,16
16916,283141.0,-0.7000000000000001,1.1,-0.1,0.2,2.0,9.700000000000001,-3.1,4.9,-2.1999999999999997,16
16917,283160.0,-0.9,1.2000000000000002,0.2,0.1,2.1,9.8,-5.300000000000001,3.3000000000000003,-5.7,16
16918,283174.0,-0.9,1.3,0.2,0.1,2.1,9.9,-8.9,2.8,-7.699999999999999,16
16919,283191.0,-1.0,1.2000000000000002,0.30000000000000004,0.0,2.0,10.0,-12.4,6.5,-8.3,16
16920,283211.0,-1.1,1.1,0.8,-0.2,1.9000000000000001,10.3,-13.6,9.700000000000001,-6.9,16
16921,283227.0,-1.2000000000000002,1.0,1.0,-0.4,1.7000000000000002,10.700000000000001,-12.4,11.700000000000001,-4.5,16
16922,283242.0,-1.3,0.8,1.4000000000000001,-0.5,1.5,11.100000000000001,-10.0,9.600000000000001,-2.0,16
16923,283257.0,-1.3,0.8,1.6,-0.4,1.5,11.3,-7.1000000000000005,3.8,0.4,16
16924,283274.0,-1.2000000000000002,0.8,1.7000000000000002,-0.4,1.5,11.5,-3.3000000000000003,-0.30000000000000004,3.3000000000000003,16
16925,283291.0,-1.1,0.9,1.8,-0.30000000000000004,1.6,11.5,2.3000000000000003,0.4,6.1000000000000005,16
16926,283307.0,-1.0,1.0,1.8,-0.2,1.8,11.600000000000001,8.9,5.4,6.9,16
16927,283324.0,-1.1,1.2000000000000002,1.9000000000000001,-0.30000000000000004,1.9000000000000001,11.700000000000001,12.200000000000001,8.600000000000001,4.2,16
16928,283341.0,-1.0,1.2000000000000002,2.3000000000000003,-0.30000000000000004,2.0,12.0,9.9,5.6,-1.0999999999999999,16
16929,283357.0,-0.8,1.2000000000000002,2.6,0.1,2.0,12.3,-2.4000000000000004,-5.500000000000001,-6.2,16
16930,283374.0,-0.1,0.9,2.3000000000000003,0.9,1.5,12.0,-15.000000000000002,-12.5,-9.4,16
16931,283392.0,0.8,0.2,2.0,1.6,0.9,11.8,-22.5,-10.1,-11.3,16
16932,283408.0,1.0,-0.1,1.9000000000000001,1.9000000000000001,0.4,11.700000000000001,-24.200000000000003,-2.1,-11.9,16
16933,283424.0,1.1,-0.4,1.7000000000000002,2.0,0.2,11.4,-18.3,6.3,-9.8,16
16934,283441.0,1.2000000000000002,-0.5,1.5,2.0,0.2,11.4,-18.3,6.3,-9.8,16
16935,283457.0,1.3,-0.8,0.9,2.1,-0.4,10.4,4.1000000000000005,21.6,-9.9,16
16936,283481.0,1.2000000000000002,-0.9,-0.2,1.9000000000000001,-0.4,9.9,14.4,24.400000000000002,-12.9,16
16937,283491.0,1.3,-1.0,-0.4,2.0,-0.30000000000000004,9.4,22.900000000000002,23.8,-14.900000000000002,16
16938,283508.0,1.5,-1.0,-0.6000000000000001,2.1,-0.30000000000000004,9.0,28.700000000000003,21.5,-16.6,16
16939,283524.0,1.6,-1.1,-1.1,2.2,-0.30000000000000004,8.700000000000001,28.8,16.5,-20.0,16
16940,283542.0,1.7000000000000002,-1.1,-1.4000000000000001,2.1,-0.2,8.4,23.6,11.4,-23.8,16
16941,283557.0,1.5,-1.1,-1.5,2.0,-0.1,8.200000000000001,15.299999999999999,6.4,-25.1,16
16942,283580.0,1.2000000000000002,-1.0,-1.8,1.8,-0.1,8.1,6.3,4.5,-23.3,16
16943,283591.0,1.0,-0.9,-1.7000000000000002,1.5,0.0,8.1,-1.8,3.9,-18.900000000000002,16
16944,283608.0,0.9,-0.9,-1.6,1.2000000000000002,0.0,8.4,-8.1,0.8,-13.200000000000001,16
16945,283624.0,0.6000000000000001,-0.9,-1.2000000000000002,1.0,-0.1,8.8,-10.700000000000001,-5.500000000000001,-9.9,16
16946,283641.0,0.4,-1.0,-0.8,0.8,-0.1,9.0,-8.4,-11.2,-9.0,16
16947,283657.0,0.2,-0.9,-0.6000000000000001,0.7000000000000001,0.0,9.1,-3.2,-14.700000000000001,-9.1,16
16948,283680.0,-0.1,-0.7000000000000001,-0.7000000000000001,0.5,0.1,9.1,0.7,-16.3,-9.0,16
16949,283691.0,-0.30000000000000004,-0.6000000000000001,-0.9,0.30000000000000004,0.30000000000000004,8.9,0.9,-17.0,-7.9,16
16950,283708.0,-0.5,-0.4,-0.9,0.2,0.4,8.8,-3.0000000000000004,-15.9,-5.6,16
16951,283724.0,-0.6000000000000001,-0.30000000000000004,-1.0,0.0,0.5,8.8,-8.0,-14.3,-2.8,16
16952,283741.0,-0.8,-0.2,-0.8,0.0,0.6000000000000001,9.0,-12.000000000000002,-12.000000000000002,0.30000000000000004,16
16953,283759.0,-0.9,0.0,-0.4,-0.1,0.7000000000000001,9.3,-14.500000000000002,-11.000000000000002,2.9,16
16954,283782.0,-0.9,0.1,-0.2,-0.1,0.8,9.5,-11.5,-10.0,5.8,16
16955,283791.0,-0.8,0.2,-0.1,0.0,0.8,9.600000000000001,-6.4,-9.700000000000001,7.1000000000000005,16
16956,283808.0,-0.8,0.30000000000000004,0.0,0.1,0.9,9.700000000000001,-1.9,-11.1,7.2,16
16957,283824.0,-0.7000000000000001,0.4,-0.1,0.2,1.1,9.5,2.6,-10.700000000000001,8.5,16
16958,283842.0,-0.5,0.5,-0.30000000000000004,0.4,1.2000000000000002,9.4,6.5,-7.9,10.3,16
16959,283858.0,-0.5,0.8,-0.30000000000000004,0.4,1.5,9.4,9.600000000000001,-4.9,12.200000000000001,16
16960,283879.0,-0.6000000000000001,1.1,-0.30000000000000004,0.30000000000000004,1.8,9.4,12.4,-2.6,14.800000000000002,16
16961,283891.0,-0.6000000000000001,1.3,-0.30000000000000004,0.4,2.1,9.4,13.700000000000001,-2.3000000000000003,16.3,16
16962,283907.0,-0.5,1.4000000000000001,-0.4,0.4,2.2,9.3,14.900000000000002,-2.1999999999999997,16.1,16
16963,283925.0,-0.4,1.4000000000000001,-0.5,0.7000000000000001,2.3000000000000003,9.200000000000001,16.900000000000002,0.4,14.200000000000001,16
16964,283941.0,-0.1,1.3,-0.4,0.8,2.3000000000000003,9.200000000000001,16.8,2.3000000000000003,9.9,16
16965,283957.0,-0.1,1.4000000000000001,-0.5,0.8,2.4000000000000004,9.200000000000001,15.7,3.8,5.300000000000001,16
16966,283982.0,-0.1,1.3,-0.30000000000000004,0.8,2.4000000000000004,9.4,12.4,5.8,1.0,16
16967,283993.0,-0.1,1.3,-0.1,0.8,2.4000000000000004,9.700000000000001,7.400000000000001,4.300000000000001,-2.3000000000000003,16
16968,284008.0,0.0,1.2000000000000002,0.4,0.9,2.3000000000000003,10.100000000000001,0.9,0.6000000000000001,-3.8,16
16969,284024.0,0.4,1.0,1.0,1.2000000000000002,2.1,10.600000000000001,-3.9,-1.9,-4.3999999999999995,16
16970,284041.0,0.5,1.0,1.2000000000000002,1.3,2.1,10.9,-3.2,1.2000000000000002,-4.1000000000000005,16
16971,284057.0,0.30000000000000004,1.0,1.3,1.1,2.0,10.9,2.1,10.5,-3.3000000000000003,16
16972,284079.0,-0.1,0.9,1.3,0.7000000000000001,2.0,11.0,9.700000000000001,17.599999999999998,-3.4,16
16973,284091.0,-0.4,0.9,1.8,0.2,1.9000000000000001,11.700000000000001,9.4,13.700000000000001,-4.9,16
16974,284107.0,-0.8,0.7000000000000001,2.0,-0.1,1.8,11.8,2.5,0.0,-6.7,16
16975,284124.0,-0.7000000000000001,0.6000000000000001,2.5,0.1,1.7000000000000002,12.3,-6.2,-15.5,-5.7,16
16976,284141.0,-0.30000000000000004,0.30000000000000004,2.6,0.9,1.2000000000000002,12.4,-16.5,-28.500000000000004,-4.7,16
16977,284157.0,0.8,-0.2,2.8000000000000003,1.8,0.8,12.700000000000001,-20.5,-31.2,-4.2,16
16978,284174.0,1.7000000000000002,-0.6000000000000001,3.0,2.7,0.4,12.8,-20.5,-31.2,-4.2,16
16979,284193.0,2.1,-0.8,2.8000000000000003,3.2,0.1,12.200000000000001,-1.9,-12.000000000000002,-3.8,16
16980,284223.0,1.6,-0.7000000000000001,0.8,2.6,0.4,10.600000000000001,29.200000000000003,19.500000000000004,-2.5,16
16981,284241.0,1.4000000000000001,-0.7000000000000001,0.2,2.3000000000000003,0.5,9.5,37.800000000000004,29.800000000000004,-2.3000000000000003,16
16982,284257.0,1.0,-0.7000000000000001,-1.0,1.8,0.6000000000000001,8.6,44.7,39.50000000000001,-2.3000000000000003,16
16983,284274.0,0.7000000000000001,-0.7000000000000001,-1.5,1.8,0.6000000000000001,8.6,48.800000000000004,44.3,-2.5,16
16984,284291.0,0.6000000000000001,-0.8,-1.6,1.2000000000000002,0.7000000000000001,8.1,46.6,39.400000000000006,-3.9,16
16985,284307.0,0.6000000000000001,-1.0,-1.8,1.2000000000000002,0.7000000000000001,8.0,39.9,29.1,-6.7,16
16986,284324.0,0.7000000000000001,-1.1,-1.6,1.2000000000000002,0.7000000000000001,8.1,30.000000000000004,15.2,-9.9,16
16987,284341.0,0.9,-1.1,-1.6,1.6,0.6000000000000001,8.1,16.900000000000002,0.7,-12.700000000000001,16
16988,284357.0,1.4000000000000001,-1.3,-1.6,2.0,0.5,8.0,5.0,-6.9,-15.299999999999999,16
16989,284376.0,1.8,-1.5,-1.7000000000000002,2.3000000000000003,0.30000000000000004,8.0,-3.1,-5.0,-17.7,16
16990,284400.0,1.6,-1.6,-2.0,2.1,0.2,7.7,-5.7,0.9,-19.3,16
16991,284407.0,1.3,-1.6,-2.0,1.6,0.2,7.6000000000000005,-5.7,8.3,-19.200000000000003,16
16992,284424.0,0.6000000000000001,-1.4000000000000001,-1.8,1.0,0.30000000000000004,7.800000000000001,-6.7,11.3,-18.3,16
16993,284441.0,0.2,-1.4000000000000001,-1.7000000000000002,0.5,0.5,7.9,-7.1000000000000005,8.4,-16.6,16
16994,284457.0,-0.2,-1.1,-1.7000000000000002,0.2,0.6000000000000001,8.1,-7.300000000000001,4.800000000000001,-14.100000000000001,16
16995,284478.0,-0.2,-1.0,-1.3,0.2,0.7000000000000001,8.3,-8.1,0.6000000000000001,-12.200000000000001,16
16996,284491.0,-0.2,-0.9,-1.2000000000000002,0.1,0.9,8.5,-10.3,-3.3000000000000003,-11.5,16
16997,284507.0,-0.5,-0.5,-0.9,-0.2,1.2000000000000002,8.8,-14.900000000000002,-7.699999999999999,-10.2,16
16998,284524.0,-0.8,-0.1,-0.7000000000000001,-0.30000000000000004,1.5,9.0,-21.6,-11.9,-8.0,16
16999,284541.0,-0.8,0.1,-0.5,-0.30000000000000004,1.6,9.1,-28.900000000000002,-13.9,-6.2,16
17000,284557.0,-0.7000000000000001,0.2,-0.30000000000000004,-0.1,1.6,9.5,-33.400000000000006,-12.000000000000002,-6.5,16
17001,284576.0,-0.5,0.4,0.1,0.0,1.7000000000000002,9.8,-32.4,-6.8,-8.200000000000001,16
17002,284591.0,-0.4,0.6000000000000001,0.30000000000000004,0.1,1.8,10.0,-26.500000000000004,-1.6,-10.0,16
17003,284607.0,-0.4,0.6000000000000001,0.4,0.1,1.8,10.200000000000001,-19.1,5.8,-11.5,16
17004,284624.0,-0.4,0.6000000000000001,0.4,0.1,1.8,10.100000000000001,-10.700000000000001,10.0,-13.4,16
17005,284642.0,-0.5,0.7000000000000001,0.30000000000000004,-0.1,1.8,10.0,-3.9,12.700000000000001,-15.2,16
17006,284658.0,-0.7000000000000001,0.7000000000000001,0.30000000000000004,-0.4,1.8,9.9,-0.8,10.4,-16.700000000000003,16
17007,284675.0,-0.9,0.7000000000000001,0.2,-0.6000000000000001,1.8,9.9,0.7,6.9,-17.0,16
17008,284695.0,-1.1,0.7000000000000001,0.2,-0.8,1.9000000000000001,9.9,1.5000000000000002,3.3000000000000003,-16.0,16
17009,284708.0,-1.1,0.7000000000000001,0.30000000000000004,-0.8,1.8,10.0,0.30000000000000004,-1.3,-15.5,16
17010,284724.0,-1.2000000000000002,0.7000000000000001,0.5,-0.9,1.8,10.200000000000001,-2.7,-6.2,-15.5,16
17011,284740.0,-1.2000000000000002,0.6000000000000001,0.7000000000000001,-0.9,1.8,10.5,-7.0,-11.4,-15.5,16
17012,284758.0,-1.2000000000000002,0.6000000000000001,0.9,-0.8,1.7000000000000002,10.8,-12.3,-14.600000000000001,-15.9,16
17013,284774.0,-1.1,0.5,1.4000000000000001,-0.7000000000000001,1.6,11.3,-16.400000000000002,-15.7,-15.8,16
17014,284791.0,-1.1,0.6000000000000001,1.8,-0.6000000000000001,1.6,11.600000000000001,-18.3,-13.5,-14.100000000000001,16
17015,284807.0,-1.0,0.6000000000000001,2.0,-0.6000000000000001,1.6,11.9,-15.399999999999999,-8.5,-10.9,16
17016,284824.0,-0.9,0.6000000000000001,2.3000000000000003,-0.5,1.6,12.100000000000001,-9.3,-3.0000000000000004,-8.0,16
17017,284841.0,-1.0,0.7000000000000001,2.3000000000000003,-0.5,1.6,12.100000000000001,-0.8,1.9,-6.6000000000000005,16
17018,284857.0,-1.0,0.6000000000000001,2.4000000000000004,-0.5,1.7000000000000002,12.4,6.4,0.7,-6.9,16
17019,284874.0,-0.9,0.7000000000000001,2.8000000000000003,-0.4,1.7000000000000002,12.3,4.5,-6.4,-6.3,16
17020,284891.0,-0.7000000000000001,0.6000000000000001,1.4000000000000001,-0.2,1.6,11.100000000000001,5.300000000000001,-6.000000000000001,-2.7,16
17021,284907.0,-0.4,0.30000000000000004,0.6000000000000001,0.0,1.4000000000000001,10.5,12.6,4.7,0.8,16
17022,284924.0,-0.5,0.0,0.6000000000000001,-0.1,1.1,10.4,13.5,8.799999999999999,1.0,16
17023,284943.0,-0.4,-0.2,0.2,0.0,0.9,10.0,13.3,5.500000000000001,1.8,16
17024,284957.0,-0.1,-0.5,0.0,0.30000000000000004,0.7000000000000001,9.8,14.700000000000001,3.7000000000000006,3.4,16
17025,284985.0,0.6000000000000001,-1.0,-0.30000000000000004,0.8,0.30000000000000004,9.5,15.6,0.0,2.6,16
17026,284997.0,0.9,-1.1,-0.5,1.3,0.1,9.3,17.1,-1.0999999999999999,-0.8,16
17027,285009.0,1.1,-1.3,-0.7000000000000001,1.5,0.0,9.1,17.1,-0.4,-5.2,16
17028,285024.0,1.1,-1.3,-0.7000000000000001,1.5,0.1,9.200000000000001,11.5,-3.0000000000000004,-6.9,16
17029,285040.0,1.3,-1.3,-0.6000000000000001,1.8,0.0,9.200000000000001,3.1,-6.2,-5.9,16
17030,285058.0,1.7000000000000002,-1.4000000000000001,-0.7000000000000001,2.1,-0.1,9.1,-2.8,-4.9,-4.300000000000001,16
17031,285074.0,1.7000000000000002,-1.4000000000000001,-0.8,2.1,0.0,9.0,-2.7,3.5,-2.1,16
17032,285091.0,1.5,-1.2000000000000002,-0.7000000000000001,1.8,0.1,9.0,1.6,11.700000000000001,1.0,16
17033,285108.0,1.1,-1.0,-0.8,1.5,0.30000000000000004,8.9,7.400000000000001,15.100000000000001,3.8,16
17034,285125.0,0.9,-0.9,-0.9,1.2000000000000002,0.5,8.8,11.9,11.9,5.2,16
17035,285140.0,0.6000000000000001,-0.7000000000000001,-1.0,0.8,0.7000000000000001,8.700000000000001,11.5,6.3,5.0,16
17036,285157.0,0.1,-0.4,-1.2000000000000002,0.4,0.9,8.6,7.400000000000001,-3.0000000000000004,5.2,16
17037,285174.0,0.0,-0.30000000000000004,-1.2000000000000002,0.4,1.1,8.5,2.1999999999999997,-9.8,6.4,16
17038,285191.0,-0.1,-0.1,-1.3,0.30000000000000004,1.3,8.4,-2.5,-13.8,7.2,16
17039,285211.0,-0.1,0.0,-1.4000000000000001,0.4,1.4000000000000001,8.4,-5.1,-15.2,7.6,16
17040,285224.0,0.0,0.0,-1.2000000000000002,0.5,1.3,8.6,-6.7,-13.3,5.9,16
17041,285241.0,0.1,0.0,-1.1,0.6000000000000001,1.3,8.6,-7.8,-11.9,2.0,16
17042,285257.0,0.0,0.1,-1.1,0.5,1.4000000000000001,8.6,-9.600000000000001,-9.1,-1.6,16
17043,285274.0,-0.2,0.2,-1.0,0.1,1.5,8.6,-14.3,-8.5,-3.1,16
17044,285296.0,-0.8,0.4,-1.1,-0.1,1.6,8.6,-18.7,-7.500000000000001,-1.3,16
17045,285310.0,-0.9,0.30000000000000004,-0.9,-0.30000000000000004,1.5,8.8,-21.400000000000002,-6.3,0.8,16
17046,285325.0,-0.9,0.30000000000000004,-0.7000000000000001,-0.30000000000000004,1.4000000000000001,9.0,-22.2,-6.7,2.1999999999999997,16
17047,285341.0,-0.9,0.30000000000000004,-0.5,-0.30000000000000004,1.4000000000000001,9.3,-18.7,-6.8,3.8,16
17048,285357.0,-1.1,0.4,-0.2,-0.4,1.4000000000000001,9.5,-12.8,-6.9,5.8,16
17049,285374.0,-1.2000000000000002,0.6000000000000001,-0.2,-0.5,1.5,9.5,-5.300000000000001,-7.500000000000001,8.1,16
17050,285391.0,-1.2000000000000002,0.6000000000000001,-0.1,-0.5,1.7000000000000002,9.600000000000001,0.5,-9.200000000000001,9.700000000000001,16
17051,285408.0,-1.2000000000000002,0.8,-0.1,-0.5,1.9000000000000001,9.5,3.1,-11.6,10.9,16
17052,285424.0,-1.0,1.0,-0.1,-0.2,2.0,9.600000000000001,4.2,-11.3,11.6,16
17053,285441.0,-0.9,1.1,0.0,-0.1,2.2,9.700000000000001,5.6,-8.1,11.8,16
17054,285457.0,-0.7000000000000001,1.3,0.2,0.1,2.4000000000000004,9.9,6.3,-5.500000000000001,11.1,16
17055,285474.0,-0.6000000000000001,1.4000000000000001,0.2,0.1,2.4000000000000004,9.9,6.3,-5.500000000000001,11.1,16
17056,285492.0,-0.30000000000000004,1.5,0.4,0.6000000000000001,2.6,10.200000000000001,4.6000000000000005,-0.8,5.4,16
17057,285508.0,0.1,1.4000000000000001,0.6000000000000001,1.0,2.5,10.3,3.5,2.9,0.8,16
17058,285524.0,0.4,1.4000000000000001,1.0,1.1,2.5,10.600000000000001,1.6,7.500000000000001,-2.9,16
17059,285541.0,0.5,1.4000000000000001,1.1,1.4000000000000001,2.5,10.700000000000001,-0.7,10.2,-4.1000000000000005,16
17060,285557.0,0.7000000000000001,1.2000000000000002,1.0,1.5,2.4000000000000004,10.600000000000001,-1.6,15.2,-4.300000000000001,16
17061,285574.0,0.6000000000000001,1.1,0.7000000000000001,1.2000000000000002,2.3000000000000003,10.4,0.0,21.900000000000002,-4.1000000000000005,16
17062,285591.0,0.30000000000000004,1.1,0.6000000000000001,0.6000000000000001,2.3000000000000003,10.3,4.9,30.100000000000005,-3.7000000000000006,16
17063,285608.0,-0.4,1.2000000000000002,0.8,-0.1,2.4000000000000004,10.700000000000001,8.0,30.4,-2.9,16
17064,285624.0,-1.1,1.4000000000000001,1.6,-0.6000000000000001,2.6,11.3,4.1000000000000005,15.399999999999999,-0.4,16
17065,285641.0,-0.9,1.2000000000000002,1.6,-0.30000000000000004,2.3000000000000003,11.200000000000001,-4.300000000000001,-0.7,2.1,16
17066,285658.0,-0.5,0.8,1.3,0.1,1.9000000000000001,11.0,-7.500000000000001,-8.600000000000001,2.5,16
17067,285674.0,-0.1,0.4,1.4000000000000001,0.4,1.6,11.200000000000001,-7.0,-8.3,2.1,16
17068,285691.0,0.1,0.30000000000000004,1.5,0.7000000000000001,1.4000000000000001,11.3,-6.8,-8.4,2.3000000000000003,16
17069,285708.0,0.30000000000000004,0.1,1.6,1.0,1.2000000000000002,11.4,-7.2,-7.1000000000000005,2.9,16
17070,285725.0,0.9,-0.2,1.7000000000000002,1.5,0.9,11.5,-7.2,-5.0,2.8,16
17071,285741.0,1.8,-0.6000000000000001,1.6,2.3000000000000003,0.6000000000000001,11.5,-6.9,-2.4000000000000004,0.2,16
17072,285757.0,2.0,-0.7000000000000001,1.6,2.6,0.4,11.4,-6.4,1.2000000000000002,-4.3999999999999995,16
17073,285774.0,2.0,-0.7000000000000001,1.6,2.6,0.30000000000000004,11.5,-5.2,2.8,-7.500000000000001,16
17074,285791.0,2.1,-0.9,1.4000000000000001,2.6,0.2,11.3,-1.5000000000000002,2.7,-7.9,16
17075,285807.0,2.1,-1.0,1.1,2.6,0.0,10.700000000000001,7.0,6.1000000000000005,-7.6,16
17076,285824.0,1.9000000000000001,-1.2000000000000002,0.30000000000000004,2.4000000000000004,-0.2,10.0,20.6,13.3,-8.5,16
17077,285841.0,1.6,-1.4000000000000001,-0.5,2.1,-0.2,9.3,35.0,19.3,-12.4,16
17078,285857.0,1.3,-1.4000000000000001,-0.8,1.4000000000000001,-0.1,8.8,43.2,17.8,-18.0,16
17079,285874.0,0.5,-1.3,-1.6,0.8,0.1,8.1,43.400000000000006,12.200000000000001,-22.3,16
17080,285891.0,0.0,-1.3,-2.1,0.30000000000000004,0.30000000000000004,7.6000000000000005,35.9,3.7000000000000006,-24.5,16
17081,285907.0,-0.2,-1.3,-2.2,0.1,0.30000000000000004,7.5,22.000000000000004,-7.699999999999999,-24.6,16
17082,285924.0,-0.4,-1.2000000000000002,-2.2,0.0,0.4,7.4,9.4,-15.7,-22.6,16
17083,285941.0,-0.4,-1.2000000000000002,-2.4000000000000004,0.0,0.4,7.4,0.6000000000000001,-14.800000000000002,-18.5,16
17084,285959.0,-0.7000000000000001,-1.2000000000000002,-2.2,-0.2,0.4,7.4,-7.400000000000001,-12.3,-14.4,16
17085,285974.0,-0.9,-1.1,-2.1,-0.5,0.5,7.7,-14.600000000000001,-11.9,-10.0,16
17086,286002.0,-1.4000000000000001,-1.0,-1.4000000000000001,-0.9,0.4,8.4,-20.5,-14.900000000000002,0.6000000000000001,16
17087,286007.0,-1.4000000000000001,-1.0,-1.4000000000000001,-0.9,0.4,8.4,-20.5,-14.900000000000002,0.6000000000000001,16
17088,286024.0,-1.4000000000000001,-1.1,-1.0,-0.7000000000000001,0.30000000000000004,8.700000000000001,-18.400000000000002,-17.200000000000003,4.6000000000000005,16
17089,286040.0,-1.1,-1.1,-0.7000000000000001,-0.4,0.2,9.0,-13.5,-17.200000000000003,6.7,16
17090,286058.0,-0.9,-1.1,-0.6000000000000001,-0.2,0.30000000000000004,9.1,-5.7,-13.700000000000001,8.1,16
17091,286074.0,-0.9,-0.9,-0.5,-0.2,0.5,9.200000000000001,1.4,-10.4,8.9,16
17092,286090.0,-0.8,-0.7000000000000001,-0.6000000000000001,-0.1,0.7000000000000001,9.1,5.9,-7.6,9.4,16
17093,286107.0,-0.9,-0.5,-0.6000000000000001,-0.1,0.9,9.0,7.0,-5.6,9.600000000000001,16
17094,286124.0,-0.8,-0.30000000000000004,-0.7000000000000001,-0.2,1.1,8.9,6.1000000000000005,-2.4000000000000004,9.0,16
17095,286141.0,-1.0,0.0,-0.8,-0.30000000000000004,1.4000000000000001,8.8,4.5,1.3,8.0,16
17096,286157.0,-1.1,0.1,-0.7000000000000001,-0.5,1.6,9.0,2.1999999999999997,5.8,7.500000000000001,16
17097,286174.0,-1.3,0.4,-0.5,-0.6000000000000001,1.8,9.200000000000001,1.2000000000000002,9.200000000000001,7.6,16
17098,286190.0,-1.5,0.7000000000000001,-0.1,-0.8,2.0,9.600000000000001,0.8,11.3,7.9,16
17099,286207.0,-1.6,0.7000000000000001,0.2,-1.0,2.2,10.100000000000001,-0.5,8.600000000000001,7.9,16
17100,286225.0,-1.6,0.8,0.8,-0.9,2.2,10.600000000000001,-3.6,0.30000000000000004,7.400000000000001,16
17101,286241.0,-1.2000000000000002,0.8,1.3,-0.5,2.1,11.0,-5.8,-6.8,7.1000000000000005,16
17102,286259.0,-0.7000000000000001,0.7000000000000001,1.6,-0.1,2.0,11.200000000000001,-4.300000000000001,-8.200000000000001,7.300000000000001,16
17103,286277.0,-0.4,0.6000000000000001,1.6,0.2,1.9000000000000001,11.3,0.30000000000000004,-3.8,7.699999999999999,16
17104,286291.0,-0.4,0.5,1.7000000000000002,0.2,1.8,11.3,6.4,2.9,7.400000000000001,16
17105,286307.0,-0.6000000000000001,0.4,1.6,0.0,1.8,11.3,13.0,8.9,7.300000000000001,16
17106,286324.0,-0.7000000000000001,0.4,1.6,-0.30000000000000004,1.9000000000000001,11.3,16.5,12.4,8.3,16
17107,286341.0,-1.1,0.5,1.6,-0.6000000000000001,2.0,11.3,16.900000000000002,9.9,9.600000000000001,16
17108,286357.0,-1.2000000000000002,0.6000000000000001,1.6,-0.7000000000000001,2.1,11.3,15.5,4.9,11.3,16
17109,286374.0,-1.1,0.6000000000000001,1.7000000000000002,-0.5,2.1,11.5,12.5,-0.2,11.1,16
17110,286391.0,-0.8,0.6000000000000001,2.0,-0.30000000000000004,2.2,11.8,9.1,-6.9,8.4,16
17111,286408.0,-0.5,0.7000000000000001,2.4000000000000004,0.1,2.3000000000000003,12.200000000000001,2.6,-15.399999999999999,5.300000000000001,16
17112,286424.0,-0.30000000000000004,0.6000000000000001,2.3000000000000003,0.6000000000000001,2.1,11.9,-4.5,-19.700000000000003,4.1000000000000005,16
17113,286441.0,0.4,0.2,2.1,1.2000000000000002,1.8,11.8,-5.6,-14.3,3.1,16
17114,286459.0,0.8,-0.1,1.7000000000000002,1.5,1.4000000000000001,11.4,-2.1999999999999997,-0.30000000000000004,1.8,16
17115,286474.0,0.8,-0.30000000000000004,1.5,1.4000000000000001,1.3,11.100000000000001,5.1,11.3,2.0,16
17116,286491.0,0.7000000000000001,-0.5,1.0,1.3,1.0,10.600000000000001,12.9,20.6,3.0000000000000004,16
17117,286507.0,0.6000000000000001,-0.8,0.0,1.2000000000000002,0.9,9.700000000000001,19.400000000000002,25.900000000000002,3.7000000000000006,16
17118,286525.0,0.6000000000000001,-1.0,-1.0,1.1,0.7000000000000001,8.9,24.7,30.000000000000004,4.3999999999999995,16
17119,286541.0,0.6000000000000001,-1.2000000000000002,-1.3,0.9,0.6000000000000001,8.3,27.7,32.300000000000004,4.800000000000001,16
17120,286557.0,0.5,-1.3,-1.7000000000000002,0.9,0.5,8.0,26.8,28.6,6.1000000000000005,16
17121,286583.0,0.7000000000000001,-1.4000000000000001,-1.8,1.1,0.4,7.800000000000001,20.1,20.5,8.5,16
17122,286591.0,0.7000000000000001,-1.4000000000000001,-1.8,1.1,0.4,7.800000000000001,20.1,20.5,8.5,16
17123,286607.0,1.5,-1.5,-2.0,1.7000000000000002,0.4,7.6000000000000005,8.600000000000001,7.1000000000000005,13.9,16
17124,286624.0,1.8,-1.4000000000000001,-2.0,2.0,0.5,7.6000000000000005,7.2,7.500000000000001,15.299999999999999,16
17125,286641.0,1.8,-1.3,-1.9000000000000001,2.1,0.7000000000000001,7.800000000000001,7.9,7.6,16.3,16
17126,286658.0,1.9000000000000001,-1.1,-1.6,2.1,0.9,8.1,6.4,5.1,16.2,16
17127,286683.0,1.8,-0.9,-1.2000000000000002,2.0,1.1,8.4,3.2,-1.4,14.900000000000002,16
17128,286690.0,1.7000000000000002,-0.7000000000000001,-1.0,2.0,1.3,8.700000000000001,-1.7,-9.1,13.100000000000001,16
17129,286708.0,1.5,-0.5,-0.9,1.9000000000000001,1.5,8.700000000000001,-6.9,-14.200000000000001,11.4,16
17130,286724.0,1.3,-0.30000000000000004,-1.0,1.7000000000000002,1.6,8.6,-10.700000000000001,-14.500000000000002,9.700000000000001,16
17131,286747.0,0.9,-0.2,-1.2000000000000002,1.4000000000000001,1.7000000000000002,8.4,-12.8,-10.1,8.700000000000001,16
17132,286765.0,0.6000000000000001,-0.2,-1.4000000000000001,1.2000000000000002,1.7000000000000002,8.3,-14.900000000000002,-5.6,7.300000000000001,16
17133,286781.0,0.30000000000000004,-0.2,-1.4000000000000001,0.8,1.7000000000000002,8.200000000000001,-18.0,-2.6,5.7,16
17134,286790.0,0.2,-0.2,-1.2000000000000002,0.6000000000000001,1.6,8.4,-22.5,-5.7,4.3999999999999995,16
17135,286807.0,-0.2,-0.2,-1.2000000000000002,0.30000000000000004,1.5,8.4,-27.6,-9.600000000000001,3.9,16
17136,286824.0,-0.6000000000000001,0.1,-1.1,0.0,1.7000000000000002,8.5,-31.900000000000002,-11.5,6.1000000000000005,16
17137,286841.0,-0.6000000000000001,0.2,-1.1,0.0,1.7000000000000002,8.6,-31.099999999999998,-9.4,10.3,16
17138,286857.0,-0.6000000000000001,0.4,-0.8,0.0,1.8,8.9,-26.6,-5.0,12.8,16
17139,286882.0,-0.7000000000000001,0.7000000000000001,-0.4,-0.1,2.0,9.200000000000001,-22.2,-4.800000000000001,13.100000000000001,16
17140,286891.0,-0.8,0.8,-0.2,-0.2,2.4000000000000004,9.4,-20.0,-7.9,11.8,16
17141,286907.0,-1.0,1.3,-0.2,-0.4,2.7,9.5,-18.2,-9.4,12.000000000000002,16
17142,286924.0,-1.0,1.7000000000000002,0.0,-0.30000000000000004,2.9000000000000004,9.600000000000001,-15.8,-7.699999999999999,13.4,16
17143,286942.0,-0.9,1.9000000000000001,0.30000000000000004,-0.2,3.1,9.9,-10.4,-3.2,15.299999999999999,16
17144,286958.0,-0.8,2.0,0.5,-0.1,3.3000000000000003,10.200000000000001,-3.5,0.7,16.8,16
17145,286986.0,-0.5,2.1,0.7000000000000001,0.30000000000000004,3.3000000000000003,10.3,8.600000000000001,6.9,14.4,16
17146,286994.0,-0.30000000000000004,2.0,0.7000000000000001,0.30000000000000004,3.3000000000000003,10.3,8.600000000000001,6.9,14.4,16
17147,287007.0,-0.1,1.9000000000000001,0.7000000000000001,0.7000000000000001,3.1,10.4,11.3,8.0,8.200000000000001,16
17148,287024.0,0.30000000000000004,1.7000000000000002,0.9,1.0,3.0,10.600000000000001,9.4,7.1000000000000005,0.0,16
17149,287040.0,0.7000000000000001,1.5,1.1,1.3,2.8000000000000003,10.8,2.1999999999999997,3.4,-8.5,16
17150,287057.0,0.8,1.4000000000000001,1.2000000000000002,1.5,2.6,10.8,-6.6000000000000005,2.4000000000000004,-15.000000000000002,16
17151,287078.0,1.2000000000000002,1.1,1.1,1.9000000000000001,2.4000000000000004,10.8,-12.4,8.5,-19.6,16
17152,287095.0,1.4000000000000001,0.8,0.8,1.9000000000000001,2.1,10.5,-13.6,17.8,-23.400000000000002,16
17153,287108.0,1.1,0.9,0.8,1.2000000000000002,2.2,10.5,-9.3,30.299999999999997,-25.8,16
17154,287124.0,-0.1,1.2000000000000002,1.0,0.1,2.6,10.8,-2.9,39.2,-26.200000000000003,16
17155,287143.0,-1.3,1.6,1.4000000000000001,-1.0,2.9000000000000004,11.200000000000001,0.8,36.1,-25.6,16
17156,287157.0,-1.6,1.7000000000000002,1.9000000000000001,-1.4000000000000001,3.0,11.9,-1.6,18.8,-23.2,16
17157,287175.0,-1.4000000000000001,1.6,2.4000000000000004,-1.2000000000000002,2.8000000000000003,12.100000000000001,-6.9,3.0000000000000004,-20.3,16
17158,287191.0,-1.1,1.3,2.2,-1.2000000000000002,2.8000000000000003,12.100000000000001,-6.9,3.0000000000000004,-20.3,16
17159,287207.0,-0.30000000000000004,0.6000000000000001,2.1,0.0,1.7000000000000002,12.0,-8.3,-2.1999999999999997,-15.399999999999999,16
17160,287224.0,0.1,0.1,2.2,0.30000000000000004,1.3,12.100000000000001,-3.1,5.300000000000001,-11.8,16
17161,287241.0,0.5,-0.30000000000000004,2.6,0.6000000000000001,0.9,12.4,4.7,12.6,-7.9,16
17162,287257.0,0.8,-0.6000000000000001,2.6,1.0,0.4,12.200000000000001,11.2,15.299999999999999,-6.000000000000001,16
17163,287274.0,1.3,-1.2000000000000002,1.9000000000000001,1.3,0.1,11.600000000000001,19.1,19.1,-6.000000000000001,16
17164,287294.0,1.4000000000000001,-1.4000000000000001,1.0,1.3,-0.1,10.8,28.0,24.1,-5.6,16
17165,287308.0,1.3,-1.5,0.5,1.1,0.0,9.9,34.6,26.0,-3.4,16
17166,287324.0,1.1,-1.5,-0.4,0.9,0.1,9.200000000000001,37.0,24.400000000000002,-0.7,16
17167,287341.0,1.0,-1.6,-1.3,0.7000000000000001,0.1,8.4,34.900000000000006,21.3,1.2000000000000002,16
17168,287357.0,0.9,-1.6,-1.7000000000000002,0.5,0.1,7.800000000000001,29.500000000000004,18.6,1.9,16
17169,287378.0,0.7000000000000001,-1.7000000000000002,-2.5,0.4,0.1,7.300000000000001,23.400000000000002,17.1,2.0,16
17170,287391.0,0.6000000000000001,-1.7000000000000002,-2.7,0.1,0.1,7.0,17.0,16.1,1.3,16
17171,287408.0,0.30000000000000004,-1.6,-2.7,-0.1,0.2,6.9,10.700000000000001,12.3,0.4,16
17172,287424.0,0.30000000000000004,-1.6,-2.6,-0.2,0.30000000000000004,7.1000000000000005,3.8,4.9,0.30000000000000004,16
17173,287441.0,0.2,-1.5,-2.4000000000000004,-0.2,0.4,7.2,-4.7,-4.5,0.8,16
17174,287458.0,0.2,-1.4000000000000001,-2.3000000000000003,-0.2,0.5,7.300000000000001,-12.5,-13.0,2.1,16
17175,287474.0,0.30000000000000004,-1.2000000000000002,-2.2,-0.1,0.6000000000000001,7.5,-16.900000000000002,-16.6,3.9,16
17176,287492.0,0.1,-1.0,-1.9000000000000001,-0.2,0.8,7.800000000000001,-16.6,-16.400000000000002,6.2,16
17177,287507.0,-0.1,-0.7000000000000001,-1.3,-0.30000000000000004,1.0,8.3,-14.3,-15.9,8.799999999999999,16
17178,287525.0,-0.2,-0.6000000000000001,-1.1,-0.4,1.1,8.700000000000001,-12.5,-20.6,10.5,16
17179,287542.0,0.0,-0.5,-0.8,-0.1,1.0,8.9,-13.700000000000001,-28.900000000000002,9.8,16
17180,287558.0,0.30000000000000004,-0.5,-0.6000000000000001,0.30000000000000004,1.0,9.0,-17.400000000000002,-36.5,7.0,16
17181,287578.0,0.4,-0.4,-0.6000000000000001,0.5,1.1,9.0,-20.900000000000002,-40.3,5.300000000000001,16
17182,287594.0,0.4,-0.30000000000000004,-0.7000000000000001,0.6000000000000001,1.2000000000000002,8.9,-22.5,-38.300000000000004,4.3999999999999995,16
17183,287609.0,0.1,0.0,-0.7000000000000001,0.4,1.4000000000000001,9.0,-20.2,-29.700000000000003,4.7,16
17184,287625.0,-0.2,0.2,-0.4,0.0,1.6,9.3,-15.100000000000001,-22.8,5.0,16
17185,287641.0,-0.7000000000000001,0.6000000000000001,-0.1,-0.4,1.9000000000000001,9.600000000000001,-11.4,-19.1,4.3999999999999995,16
17186,287657.0,-1.2000000000000002,0.9,0.30000000000000004,-0.7000000000000001,2.1,10.0,-8.9,-19.700000000000003,3.8,16
17187,287677.0,-1.3,1.0,0.5,-0.7000000000000001,2.3000000000000003,10.100000000000001,-7.1000000000000005,-20.7,2.3000000000000003,16
17188,287691.0,-1.1,1.0,0.6000000000000001,-0.5,2.2,10.3,-4.6000000000000005,-18.7,-0.4,16
17189,287708.0,-0.7000000000000001,0.8,0.8,-0.1,2.0,10.4,-2.3000000000000003,-14.100000000000001,-5.300000000000001,16
17190,287724.0,-0.6000000000000001,0.7000000000000001,0.8,0.1,1.9000000000000001,10.4,-1.6,-9.200000000000001,-10.1,16
17191,287742.0,-0.5,0.6000000000000001,0.8,0.2,1.8,10.3,-1.0999999999999999,-3.6,-12.8,16
17192,287757.0,-0.5,0.6000000000000001,0.6000000000000001,0.1,1.8,10.3,-1.4,2.1999999999999997,-13.8,16
17193,287774.0,-0.6000000000000001,0.5,0.6000000000000001,0.1,1.6,10.200000000000001,-1.6,4.0,-14.100000000000001,16
17194,287791.0,-0.5,0.30000000000000004,0.5,0.1,1.5,10.200000000000001,-2.4000000000000004,5.0,-14.900000000000002,16
17195,287807.0,-0.4,0.2,0.6000000000000001,0.2,1.4000000000000001,10.3,-2.8,3.9,-15.8,16
17196,287824.0,-0.4,0.2,0.6000000000000001,0.1,1.4000000000000001,10.3,-1.8,3.8,-15.8,16
17197,287841.0,-0.5,0.2,0.8,0.0,1.4000000000000001,10.600000000000001,0.1,3.8,-14.100000000000001,16
17198,287858.0,-0.7000000000000001,0.30000000000000004,1.4000000000000001,-0.1,1.5,11.100000000000001,-0.5,-1.7,-11.4,16
17199,287874.0,-0.7000000000000001,0.30000000000000004,1.6,-0.2,1.6,11.5,-3.7000000000000006,-9.9,-8.4,16
17200,287890.0,-0.7000000000000001,0.5,2.1,0.0,1.7000000000000002,12.100000000000001,-7.2,-18.5,-7.0,16
17201,287907.0,-0.30000000000000004,0.7000000000000001,2.8000000000000003,0.30000000000000004,1.9000000000000001,12.600000000000001,-12.100000000000001,-25.900000000000002,-7.0,16
17202,287924.0,-0.1,0.9,2.9000000000000004,0.6000000000000001,2.1,12.600000000000001,-18.3,-26.1,-7.0,16
17203,287941.0,-0.1,1.0,2.8000000000000003,0.7000000000000001,2.1,12.5,-16.5,-16.1,-7.6,16
17204,287957.0,-0.1,0.9,2.6,0.6000000000000001,2.0,12.3,-7.2,-0.5,-9.8,16
17205,287981.0,-0.30000000000000004,0.8,2.2,0.4,1.9000000000000001,12.0,3.7000000000000006,14.900000000000002,-13.0,16
17206,288000.0,-0.6000000000000001,0.5,1.4000000000000001,0.1,1.7000000000000002,11.3,10.9,23.3,-15.100000000000001,16
17207,288007.0,-0.6000000000000001,0.30000000000000004,0.8,-0.1,1.5,10.4,15.299999999999999,26.9,-15.399999999999999,16
17208,288024.0,-0.5,0.0,-0.30000000000000004,0.0,1.2000000000000002,9.5,18.7,31.5,-14.700000000000001,16
17209,288040.0,-0.4,-0.30000000000000004,-0.8,0.0,0.9,8.8,22.4,35.3,-14.500000000000002,16
17210,288057.0,-0.2,-0.7000000000000001,-1.4000000000000001,0.2,0.6000000000000001,8.3,25.2,36.0,-15.100000000000001,16
17211,288074.0,0.1,-1.0,-1.8,0.30000000000000004,0.4,8.0,25.900000000000002,33.2,-16.3,16
17212,288090.0,0.2,-1.2000000000000002,-1.9000000000000001,0.30000000000000004,0.30000000000000004,7.9,24.3,24.8,-16.6,16
17213,288107.0,0.4,-1.3,-1.8,0.5,0.2,7.9,18.5,12.6,-14.800000000000002,16
17214,288124.0,0.9,-1.6,-1.9000000000000001,1.0,0.0,7.800000000000001,9.700000000000001,1.0999999999999999,-11.700000000000001,16
17215,288140.0,1.2000000000000002,-1.7000000000000002,-1.9000000000000001,1.5,-0.2,7.800000000000001,2.1999999999999997,-5.300000000000001,-9.0,16
17216,288162.0,1.8,-1.9000000000000001,-1.5,1.8,-0.4,8.1,-2.4000000000000004,-2.3000000000000003,-6.8,16
17217,288174.0,1.7000000000000002,-1.9000000000000001,-1.3,1.8,-0.4,8.4,-4.1000000000000005,0.30000000000000004,-3.1,16
17218,288190.0,1.7000000000000002,-1.9000000000000001,-1.1,1.6,-0.30000000000000004,8.8,-5.4,1.0999999999999999,2.5,16
17219,288207.0,1.4000000000000001,-1.7000000000000002,-0.6000000000000001,1.4000000000000001,-0.2,9.200000000000001,-8.5,-4.0,10.0,16
17220,288224.0,1.2000000000000002,-1.5,-0.2,1.3,-0.1,9.5,-14.500000000000002,-13.5,17.7,16
17221,288241.0,1.1,-1.4000000000000001,-0.2,1.3,-0.1,9.5,-19.200000000000003,-20.1,24.200000000000003,16
17222,288257.0,1.2000000000000002,-1.4000000000000001,-0.30000000000000004,1.4000000000000001,-0.1,9.4,-18.3,-18.2,27.2,16
17223,288274.0,0.8,-1.2000000000000002,-0.5,1.1,0.1,9.200000000000001,-14.0,-12.9,27.8,16
17224,288292.0,0.1,-0.8,-0.7000000000000001,0.5,0.4,9.0,-9.200000000000001,-8.3,28.700000000000003,16
17225,288310.0,-0.30000000000000004,-0.5,-0.8,-0.1,0.7000000000000001,8.8,-7.2,-6.6000000000000005,30.799999999999997,16
17226,288325.0,-0.9,-0.1,-1.1,-0.5,1.0,8.5,-7.699999999999999,-7.2,32.5,16
17227,288341.0,-1.1,0.0,-1.2000000000000002,-0.8,1.3,8.5,-11.700000000000001,-9.1,32.9,16
17228,288357.0,-1.4000000000000001,0.4,-1.2000000000000002,-1.0,1.5,8.5,-16.5,-11.3,33.1,16
17229,288374.0,-1.6,0.6000000000000001,-1.1,-1.1,1.7000000000000002,8.6,-20.6,-14.100000000000001,33.800000000000004,16
17230,288391.0,-1.5,0.8,-0.8,-0.9,1.7000000000000002,8.9,-24.400000000000002,-17.9,34.400000000000006,16
17231,288415.0,-1.3,0.9,-0.30000000000000004,-0.7000000000000001,1.7000000000000002,9.3,-26.8,-20.4,35.1,16
17232,288424.0,-1.2000000000000002,1.0,-0.1,-0.5,1.8,9.600000000000001,-24.6,-20.3,37.6,16
17233,288440.0,-1.1,1.0,0.1,-0.5,1.8,9.600000000000001,-24.6,-20.3,37.6,16
17234,288457.0,-0.8,1.0,0.4,0.1,1.7000000000000002,10.200000000000001,-11.1,-13.3,42.800000000000004,16
17235,288474.0,-0.6000000000000001,1.0,0.6000000000000001,0.30000000000000004,1.7000000000000002,10.3,-1.7,-8.3,44.3,16
17236,288492.0,-0.5,1.0,0.5,0.4,1.7000000000000002,10.100000000000001,8.0,-1.7,45.3,16
17237,288508.0,-0.5,1.0,0.4,0.30000000000000004,1.7000000000000002,9.9,16.2,5.300000000000001,46.0,16
17238,288524.0,-0.5,1.0,0.0,0.30000000000000004,1.7000000000000002,9.600000000000001,20.7,11.3,45.5,16
17239,288541.0,-0.5,0.9,-0.30000000000000004,0.2,1.7000000000000002,9.3,20.7,14.3,44.3,16
17240,288557.0,-0.5,0.8,-0.5,0.30000000000000004,1.7000000000000002,9.200000000000001,17.400000000000002,13.700000000000001,43.2,16
17241,288574.0,-0.30000000000000004,0.8,-0.30000000000000004,0.5,1.7000000000000002,9.4,11.3,9.9,41.7,16
17242,288591.0,0.1,0.8,0.0,0.8,1.7000000000000002,9.700000000000001,3.5,3.3000000000000003,38.900000000000006,16
17243,288614.0,0.7000000000000001,0.8,0.7000000000000001,1.3,1.7000000000000002,10.3,-4.1000000000000005,-1.7,34.800000000000004,16
17244,288624.0,0.9,0.8,1.1,1.8,1.7000000000000002,11.0,-10.9,-5.8,30.000000000000004,16
17245,288641.0,1.6,0.8,1.8,2.5,1.6,11.5,-15.299999999999999,-6.4,25.2,16
17246,288657.0,1.9000000000000001,0.8,1.8,2.8000000000000003,1.7000000000000002,11.5,-15.299999999999999,-1.6,21.5,16
17247,288674.0,1.9000000000000001,1.0,1.8,2.6,1.9000000000000001,11.5,-10.3,5.8,19.200000000000003,16
17248,288691.0,1.6,1.5,2.0,2.2,2.4000000000000004,11.700000000000001,2.7,25.900000000000002,17.200000000000003,16
17249,288707.0,0.7000000000000001,1.9000000000000001,1.8,0.7000000000000001,2.9000000000000004,11.8,16.6,28.400000000000002,16.1,16
17250,288725.0,-0.1,2.4000000000000004,2.6,0.5,3.4000000000000004,12.8,20.3,12.8,14.3,16
17251,288741.0,0.0,2.6,2.7,0.7000000000000001,3.5,12.4,20.900000000000002,0.6000000000000001,10.4,16
17252,288757.0,0.4,2.3000000000000003,2.0,1.0,3.3000000000000003,11.9,19.6,-8.5,5.0,16
17253,288774.0,0.7000000000000001,2.1,1.7000000000000002,1.5,3.1,11.200000000000001,20.8,-5.300000000000001,0.8,16
17254,288790.0,1.1,1.5,0.8,1.9000000000000001,2.6,10.5,21.700000000000003,2.1999999999999997,-1.4,16
17255,288808.0,1.4000000000000001,1.0,0.2,2.1,2.2,10.0,22.6,9.9,-1.9,16
17256,288824.0,1.4000000000000001,0.7000000000000001,0.1,2.0,1.8,9.8,24.7,14.4,-2.1,16
17257,288841.0,1.4000000000000001,0.1,-0.1,2.1,1.4000000000000001,9.700000000000001,27.5,14.4,-4.7,16
17258,288857.0,1.7000000000000002,-0.4,-0.2,2.3000000000000003,1.1,9.5,32.6,13.200000000000001,-10.700000000000001,16
17259,288874.0,1.7000000000000002,-0.6000000000000001,-0.5,2.2,0.9,9.1,38.7,11.5,-18.400000000000002,16
17260,288891.0,1.4000000000000001,-0.8,-0.9,1.9000000000000001,0.9,8.8,43.0,9.8,-24.000000000000004,16
17261,288909.0,1.2000000000000002,-1.0,-1.2000000000000002,1.7000000000000002,0.8,8.5,42.400000000000006,5.6,-27.900000000000002,16
17262,288924.0,1.1,-1.1,-1.3,1.6,0.8,8.3,35.8,-1.0,-31.0,16
17263,288940.0,1.2000000000000002,-1.3,-1.3,1.8,0.7000000000000001,8.3,24.200000000000003,-7.9,-33.2,16
17264,288957.0,1.5,-1.6,-1.5,2.0,0.4,8.1,12.3,-11.6,-35.7,16
17265,288974.0,1.5,-1.7000000000000002,-1.7000000000000002,1.9000000000000001,0.2,7.800000000000001,6.000000000000001,-4.5,-38.800000000000004,16
17266,288993.0,1.1,-1.9000000000000001,-1.7000000000000002,1.5,0.1,8.0,2.8,3.8,-41.1,16
17267,289013.0,0.5,-2.0,-1.4000000000000001,0.9,0.0,8.200000000000001,-1.0999999999999999,5.9,-42.900000000000006,16
17268,289027.0,-0.1,-1.9000000000000001,-1.1,0.4,0.1,8.4,-6.2,0.9,-43.6,16
17269,289040.0,-0.2,-1.9000000000000001,-0.9,0.2,0.2,8.700000000000001,-12.100000000000001,-8.600000000000001,-41.7,16
17270,289057.0,-0.30000000000000004,-1.7000000000000002,-0.7000000000000001,0.2,0.2,8.9,-17.8,-18.8,-38.400000000000006,16
17271,289074.0,-0.2,-1.7000000000000002,-0.6000000000000001,0.4,0.2,8.9,-20.4,-25.400000000000002,-35.1,16
17272,289090.0,0.0,-1.6,-0.7000000000000001,0.5,0.4,9.0,-19.200000000000003,-25.900000000000002,-32.5,16
17273,289107.0,-0.2,-1.2000000000000002,-0.6000000000000001,0.30000000000000004,0.7000000000000001,9.0,-16.2,-23.6,-29.400000000000002,16
17274,289124.0,-0.4,-0.9,-0.6000000000000001,0.1,1.1,9.1,-14.100000000000001,-22.2,-25.900000000000002,16
17275,289140.0,-0.7000000000000001,-0.5,-0.5,-0.1,1.3,9.1,-13.6,-22.2,-23.3,16
17276,289157.0,-0.9,-0.2,-0.4,-0.2,1.5,9.200000000000001,-13.6,-22.7,-22.3,16
17277,289174.0,-1.1,0.0,-0.2,-0.30000000000000004,1.7000000000000002,9.3,-12.8,-21.8,-22.000000000000004,16
17278,289190.0,-1.2000000000000002,0.1,-0.1,-0.30000000000000004,1.8,9.600000000000001,-11.2,-21.0,-21.6,16
17279,289207.0,-1.2000000000000002,0.1,-0.1,-0.30000000000000004,1.8,9.600000000000001,-11.2,-21.0,-21.6,16
17280,289224.0,-0.8,0.1,0.30000000000000004,0.1,1.7000000000000002,9.9,-8.9,-19.3,-24.000000000000004,16
17281,289241.0,-0.8,0.1,0.30000000000000004,0.1,1.6,9.9,-7.1000000000000005,-15.5,-26.3,16
17282,289258.0,-0.8,0.1,0.2,0.1,1.6,9.8,-4.7,-10.0,-26.8,16
17283,289277.0,-1.0,0.1,0.1,0.0,1.7000000000000002,9.700000000000001,-1.6,-3.2,-26.200000000000003,16
17284,289290.0,-1.0,0.2,0.0,-0.2,1.7000000000000002,9.5,1.7,3.2,-25.1,16
17285,289310.0,-1.3,0.30000000000000004,-0.1,-0.5,1.8,9.5,4.9,7.699999999999999,-24.200000000000003,16
17286,289325.0,-1.6,0.30000000000000004,-0.1,-0.8,1.8,9.5,5.8,9.200000000000001,-24.5,16
17287,289340.0,-1.8,0.30000000000000004,0.0,-1.1,1.9000000000000001,9.600000000000001,5.7,7.699999999999999,-25.2,16
17288,289357.0,-2.0,0.30000000000000004,0.2,-1.3,1.9000000000000001,9.9,5.7,5.9,-24.6,16
17289,289374.0,-2.1,0.4,0.6000000000000001,-1.4000000000000001,2.0,10.200000000000001,5.8,3.5,-22.000000000000004,16
17290,289391.0,-2.1,0.30000000000000004,0.6000000000000001,-1.3,2.0,10.3,7.400000000000001,2.6,-18.3,16
17291,289407.0,-1.8,0.2,0.8,-1.2000000000000002,1.9000000000000001,10.4,9.9,3.8,-15.5,16
17292,289424.0,-1.7000000000000002,0.0,0.9,-1.0,1.8,10.4,12.4,5.500000000000001,-13.6,16
17293,289440.0,-1.6,0.0,0.8,-1.0,1.8,10.3,14.100000000000001,8.0,-11.8,16
17294,289457.0,-1.6,0.0,0.7000000000000001,-1.0,1.8,10.3,15.2,11.8,-8.5,16
17295,289474.0,-1.5,-0.1,0.7000000000000001,-1.1,1.8,10.200000000000001,16.5,15.6,-4.800000000000001,16
17296,289490.0,-1.5,0.0,0.6000000000000001,-1.1,1.9000000000000001,10.3,19.200000000000003,19.1,-2.7,16
17297,289507.0,-1.5,0.0,1.1,-1.0,2.0,10.9,16.5,13.0,-3.3000000000000003,16
17298,289524.0,-1.1,0.1,1.8,-0.6000000000000001,2.1,11.4,4.3999999999999995,-6.000000000000001,-4.800000000000001,16
17299,289541.0,-0.4,0.2,1.6,0.0,2.2,11.200000000000001,-10.700000000000001,-19.9,-3.7000000000000006,16
17300,289557.0,-0.2,0.1,1.4000000000000001,0.4,2.0,10.9,-17.7,-16.900000000000002,0.0,16
17301,289574.0,0.0,0.0,1.1,0.5,1.9000000000000001,10.8,-16.3,-0.4,4.7,16
17302,289591.0,0.30000000000000004,-0.1,1.4000000000000001,0.7000000000000001,1.8,11.100000000000001,-7.6,12.8,9.5,16
17303,289607.0,0.4,-0.2,1.5,0.9,1.6,11.200000000000001,0.8,16.8,9.600000000000001,16
17304,289625.0,0.8,-0.4,1.4000000000000001,1.2000000000000002,1.5,11.0,5.2,10.9,5.9,16
17305,289641.0,1.2000000000000002,-0.5,1.0,1.5,1.4000000000000001,10.600000000000001,6.3,4.7,1.0999999999999999,16
17306,289657.0,1.3,-0.6000000000000001,0.6000000000000001,1.8,1.3,10.0,7.2,1.0999999999999999,-1.5000000000000002,16
17307,289681.0,1.9000000000000001,-0.8,-0.30000000000000004,2.1,1.2000000000000002,9.5,8.1,3.9,-2.1,16
17308,289690.0,2.0,-0.8,-0.30000000000000004,2.4000000000000004,1.1,9.3,6.5,7.0,-2.0,16
17309,289714.0,2.3000000000000003,-0.8,-0.4,2.6,1.1,9.3,2.8,6.3,-1.2000000000000002,16
17310,289724.0,2.4000000000000004,-0.8,-0.5,2.8000000000000003,1.1,9.200000000000001,0.5,6.1000000000000005,0.2,16
17311,289740.0,2.5,-0.9,-0.6000000000000001,2.9000000000000004,1.1,9.0,0.7,8.5,0.8,16
17312,289758.0,2.5,-0.8,-0.6000000000000001,2.7,1.2000000000000002,9.0,1.5000000000000002,9.700000000000001,0.6000000000000001,16
17313,289783.0,1.9000000000000001,-0.4,-0.7000000000000001,2.4000000000000004,1.4000000000000001,9.0,1.9,8.3,0.4,16
17314,289790.0,1.7000000000000002,-0.30000000000000004,-0.8,2.0,1.7000000000000002,8.9,1.8,4.9,0.4,16
17315,289807.0,1.4000000000000001,-0.1,-0.8,1.6,1.9000000000000001,8.9,0.4,1.3,-0.2,16
17316,289825.0,1.0,0.2,-0.6000000000000001,1.2000000000000002,2.1,9.0,-2.9,-5.9,-1.0,16
17317,289840.0,0.6000000000000001,0.4,-0.8,1.0,2.3000000000000003,8.8,-6.3,-10.3,-2.1,16
17318,289860.0,0.4,0.4,-1.0,0.8,2.3000000000000003,8.6,-8.200000000000001,-8.9,-4.3999999999999995,16
17319,289876.0,0.2,0.4,-1.1,0.4,2.3000000000000003,8.5,-8.3,-4.6000000000000005,-7.699999999999999,16
17320,289890.0,-0.6000000000000001,0.6000000000000001,-1.2000000000000002,-0.2,2.4000000000000004,8.4,-7.699999999999999,-0.6000000000000001,-9.200000000000001,16
17321,289907.0,-1.0,0.6000000000000001,-1.2000000000000002,-0.8,2.5,8.4,-8.200000000000001,-0.9,-8.1,16
17322,289924.0,-1.3,0.6000000000000001,-1.2000000000000002,-0.9,2.3000000000000003,8.4,-9.9,-2.6,-6.6000000000000005,16
17323,289940.0,-1.4000000000000001,0.4,-1.2000000000000002,-1.0,2.2,8.4,-11.700000000000001,-4.800000000000001,-6.000000000000001,16
17324,289957.0,-1.4000000000000001,0.4,-1.2000000000000002,-1.0,2.1,8.4,-12.6,-3.9,-5.4,16
17325,289983.0,-1.3,0.2,-1.1,-0.9,1.9000000000000001,8.5,-11.8,-3.1,-4.0,16
17326,289999.0,-1.1,0.0,-1.0,-0.6000000000000001,1.7000000000000002,8.6,-8.3,1.3,0.30000000000000004,16
17327,290011.0,-1.0,0.0,-1.0,-0.6000000000000001,1.7000000000000002,8.6,-8.3,1.3,0.30000000000000004,16
17328,290024.0,-1.0,0.0,-0.9,-0.7000000000000001,1.8,8.700000000000001,-6.3,4.3999999999999995,4.5,16
17329,290040.0,-1.2000000000000002,0.30000000000000004,-0.8,-0.9,2.0,8.9,-3.6,7.1000000000000005,10.8,16
17330,290057.0,-1.1,0.5,-0.5,-0.8,2.2,9.1,-0.7,8.799999999999999,17.1,16
17331,290074.0,-0.9,0.6000000000000001,-0.4,-0.4,2.3000000000000003,9.3,1.3,8.700000000000001,19.1,16
17332,290090.0,-0.5,0.9,-0.2,-0.2,2.6,9.5,3.4,9.600000000000001,18.7,16
17333,290107.0,-0.30000000000000004,1.1,0.2,-0.1,2.8000000000000003,9.700000000000001,5.300000000000001,10.5,17.8,16
17334,290124.0,-0.1,1.2000000000000002,0.30000000000000004,0.2,2.9000000000000004,10.0,5.300000000000001,10.700000000000001,15.7,16
17335,290140.0,0.30000000000000004,1.2000000000000002,0.6000000000000001,0.5,2.9000000000000004,10.200000000000001,3.3000000000000003,9.5,12.000000000000002,16
17336,290157.0,0.7000000000000001,1.1,1.0,1.0,2.8000000000000003,10.600000000000001,-1.9,5.2,7.8,16
17337,290174.0,1.2000000000000002,1.0,1.1,1.7000000000000002,2.6,10.700000000000001,-6.8,4.5,2.4000000000000004,16
17338,290190.0,1.8,0.7000000000000001,1.0,2.0,2.4000000000000004,10.5,-6.8,11.5,-2.9,16
17339,290210.0,1.7000000000000002,0.6000000000000001,0.30000000000000004,1.7000000000000002,2.3000000000000003,9.9,-0.30000000000000004,25.900000000000002,-6.6000000000000005,16
17340,290225.0,1.2000000000000002,0.6000000000000001,0.0,0.7000000000000001,2.4000000000000004,9.5,8.9,41.300000000000004,-7.6,16
17341,290240.0,-0.1,0.9,0.0,-0.5,2.7,9.8,14.0,46.2,-7.699999999999999,16
17342,290257.0,-1.0,1.2000000000000002,1.0,-1.2000000000000002,3.0,10.700000000000001,10.5,28.700000000000003,-8.799999999999999,16
17343,290278.0,-0.7000000000000001,1.0,1.2000000000000002,-1.0,2.8000000000000003,10.8,-3.4,6.000000000000001,-12.8,16
17344,290290.0,-0.6000000000000001,0.8,0.9,-0.9,2.6,10.5,-10.9,-4.300000000000001,-17.200000000000003,16
17345,290308.0,-0.6000000000000001,0.5,0.8,-0.9,2.2,10.4,-10.9,-2.1,-18.8,16
17346,290324.0,-0.8,0.30000000000000004,0.9,-1.1,2.0,10.700000000000001,-9.600000000000001,2.1,-17.1,16
17347,290340.0,-0.9,0.1,1.5,-1.2000000000000002,1.8,11.3,-9.9,1.2000000000000002,-12.3,16
17348,290357.0,-0.8,-0.1,2.1,-1.0,1.5,11.8,-12.8,-6.5,-5.8,16
17349,290378.0,0.4,-0.7000000000000001,2.2,0.1,0.9,11.9,-15.7,-16.900000000000002,-0.8,16
17350,290391.0,1.0,-1.0,2.1,1.0,0.4,11.8,-14.700000000000001,-19.0,1.5000000000000002,16
17351,290408.0,1.4000000000000001,-1.3,1.8,1.3,0.2,11.5,-5.6,-15.2,3.5,16
17352,290424.0,1.5,-1.5,1.1,1.4000000000000001,0.1,10.9,8.9,-4.800000000000001,6.4,16
17353,290442.0,1.5,-1.5,0.8,1.3,0.1,10.3,19.400000000000002,4.800000000000001,8.200000000000001,16
17354,290457.0,1.2000000000000002,-1.4000000000000001,0.0,1.1,0.2,9.600000000000001,26.0,11.3,9.0,16
17355,290477.0,0.9,-1.3,-0.8,0.8,0.4,8.9,29.800000000000004,15.000000000000002,9.4,16
17356,290498.0,0.7000000000000001,-1.2000000000000002,-1.3,0.6000000000000001,0.6000000000000001,8.5,27.7,15.299999999999999,9.200000000000001,16
17357,290507.0,0.7000000000000001,-1.2000000000000002,-1.6,0.5,0.7000000000000001,8.1,23.1,11.700000000000001,9.0,16
17358,290524.0,0.7000000000000001,-1.1,-1.8,0.5,0.8,7.9,18.1,6.7,7.699999999999999,16
17359,290540.0,0.8,-1.0,-1.9000000000000001,0.6000000000000001,1.0,7.800000000000001,12.4,0.7,5.2,16
17360,290557.0,0.8,-0.8,-1.8,0.6000000000000001,1.2000000000000002,7.800000000000001,5.4,-7.2,3.1,16
17361,290577.0,0.7000000000000001,-0.6000000000000001,-2.0,0.6000000000000001,1.3,7.6000000000000005,-0.9,-13.5,2.1999999999999997,16
17362,290591.0,0.6000000000000001,-0.5,-2.2,0.30000000000000004,1.5,7.4,-4.6000000000000005,-15.100000000000001,2.4000000000000004,16
17363,290607.0,-0.1,-0.2,-2.1,-0.2,1.8,7.6000000000000005,-7.699999999999999,-15.100000000000001,3.8,16
17364,290624.0,-0.4,0.0,-1.8,-0.4,1.9000000000000001,7.800000000000001,-9.1,-16.0,5.300000000000001,16
17365,290641.0,-0.6000000000000001,0.0,-1.4000000000000001,-0.5,1.8,8.1,-9.200000000000001,-17.200000000000003,4.9,16
17366,290658.0,-0.6000000000000001,0.0,-1.2000000000000002,-0.5,1.8,8.4,-9.8,-21.700000000000003,2.5,16
17367,290680.0,-0.5,0.0,-0.9,-0.30000000000000004,1.8,8.700000000000001,-11.700000000000001,-26.9,-0.4,16
17368,290691.0,-0.4,0.0,-0.8,0.0,1.7000000000000002,8.8,-14.500000000000002,-28.500000000000004,-3.4,16
17369,290708.0,-0.1,-0.1,-0.6000000000000001,0.2,1.6,9.1,-16.2,-24.3,-6.2,16
17370,290724.0,-0.1,-0.2,-0.2,0.2,1.5,9.4,-16.5,-18.3,-8.5,16
17371,290740.0,-0.2,-0.2,0.0,0.1,1.5,9.700000000000001,-16.5,-14.3,-9.9,16
17372,290757.0,-0.4,-0.1,0.30000000000000004,0.0,1.5,10.0,-17.9,-12.200000000000001,-10.700000000000001,16
17373,290778.0,-0.5,0.0,0.5,-0.1,1.5,10.100000000000001,-18.3,-10.1,-10.5,16
17374,290794.0,-0.5,0.0,0.5,-0.1,1.5,10.100000000000001,-13.700000000000001,-4.7,-9.8,16
17375,290810.0,-0.5,0.0,0.5,-0.1,1.5,10.100000000000001,-4.6000000000000005,2.3000000000000003,-10.5,16
17376,290825.0,-0.6000000000000001,0.1,0.30000000000000004,-0.2,1.6,9.9,5.0,7.1000000000000005,-12.9,16
17377,290841.0,-0.9,0.2,0.2,-0.6000000000000001,1.7000000000000002,9.8,10.9,6.2,-16.1,16
17378,290857.0,-1.1,0.2,0.0,-0.8,1.8,9.5,11.2,2.6,-17.3,16
17379,290878.0,-1.2000000000000002,0.30000000000000004,-0.2,-0.9,1.9000000000000001,9.4,8.4,-1.7,-16.3,16
17380,290890.0,-1.2000000000000002,0.2,-0.1,-0.8,1.8,9.5,3.1,-4.9,-14.700000000000001,16
17381,290907.0,-1.1,0.2,0.0,-0.7000000000000001,1.7000000000000002,9.8,-3.2,-7.8,-13.6,16
17382,290926.0,-1.0,0.0,0.6000000000000001,-0.7000000000000001,1.6,10.3,-7.1000000000000005,-9.0,-12.6,16
17383,290942.0,-1.0,-0.1,1.2000000000000002,-0.7000000000000001,1.5,10.8,-8.200000000000001,-8.600000000000001,-11.3,16
17384,290957.0,-1.1,0.0,1.4000000000000001,-0.9,1.6,11.100000000000001,-5.1,-4.3999999999999995,-9.9,16
17385,290975.0,-1.5,0.1,1.9000000000000001,-1.2000000000000002,1.7000000000000002,11.700000000000001,-2.0,-2.0,-9.1,16
17386,290991.0,-1.6,0.30000000000000004,2.8000000000000003,-1.2000000000000002,1.9000000000000001,12.5,-5.2,-5.9,-9.200000000000001,16
17387,291009.0,-1.4000000000000001,0.5,3.2,-0.8,2.1,12.9,-12.000000000000002,-14.3,-7.500000000000001,16
17388,291024.0,-1.1,0.6000000000000001,3.2,-0.30000000000000004,2.1,12.700000000000001,-16.1,-10.4,-4.0,16
17389,291040.0,-0.2,0.30000000000000004,2.9000000000000004,0.2,1.7000000000000002,12.600000000000001,-13.4,4.1000000000000005,-0.8,16
17390,291058.0,0.0,0.2,2.8000000000000003,0.5,1.5,12.5,-0.9,20.3,1.8,16
17391,291076.0,0.4,0.0,2.7,0.7000000000000001,1.4000000000000001,12.4,14.600000000000001,35.0,4.0,16
17392,291098.0,0.6000000000000001,-0.30000000000000004,2.1,0.8,1.2000000000000002,11.9,24.400000000000002,36.3,3.8,16
17393,291107.0,0.9,-0.30000000000000004,1.5,1.1,1.2000000000000002,10.700000000000001,30.299999999999997,36.0,2.6,16
17394,291124.0,1.2000000000000002,-0.6000000000000001,0.0,1.2000000000000002,1.1,9.4,33.7,38.900000000000006,1.7,16
17395,291140.0,1.4000000000000001,-0.7000000000000001,-1.3,1.2000000000000002,1.1,8.3,34.6,43.1,2.3000000000000003,16
17396,291157.0,1.4000000000000001,-0.7000000000000001,-1.8,1.1,1.2000000000000002,7.7,31.900000000000002,46.1,4.6000000000000005,16
17397,291174.0,1.4000000000000001,-0.7000000000000001,-2.2,1.0,1.2000000000000002,7.4,26.200000000000003,42.800000000000004,7.2,16
17398,291193.0,1.4000000000000001,-0.8,-2.4000000000000004,0.9,1.2000000000000002,7.2,17.400000000000002,34.2,8.5,16
17399,291207.0,1.4000000000000001,-0.8,-2.4000000000000004,0.9,1.3,7.300000000000001,5.6,21.6,8.0,16
17400,291224.0,1.4000000000000001,-0.6000000000000001,-2.3000000000000003,0.8,1.4000000000000001,7.4,-5.2,7.6,7.1000000000000005,16
17401,291240.0,1.2000000000000002,-0.4,-1.9000000000000001,0.7000000000000001,1.6,7.7,-12.700000000000001,-6.8,7.500000000000001,16
17402,291257.0,1.0,-0.1,-1.5,0.6000000000000001,1.8,8.0,-16.900000000000002,-19.6,8.799999999999999,16
17403,291274.0,1.0,0.0,-1.3,0.6000000000000001,1.9000000000000001,8.5,-18.2,-29.400000000000002,9.3,16
17404,291290.0,0.9,0.2,-0.6000000000000001,0.6000000000000001,2.0,9.1,-19.3,-38.6,8.600000000000001,16
17405,291308.0,0.9,0.30000000000000004,-0.2,0.8,2.0,9.4,-21.1,-44.9,5.300000000000001,16
17406,291324.0,0.8,0.4,0.0,0.8,2.1,9.700000000000001,-21.400000000000002,-45.0,1.0999999999999999,16
17407,291341.0,0.7000000000000001,0.4,0.1,0.8,2.0,9.8,-20.0,-40.9,-2.5,16
17408,291358.0,0.30000000000000004,0.4,0.0,0.5,2.0,9.700000000000001,-17.0,-30.100000000000005,-5.1,16
17409,291377.0,-0.30000000000000004,0.4,-0.30000000000000004,0.1,2.0,9.4,-12.100000000000001,-16.900000000000002,-5.2,16
17410,291393.0,-0.6000000000000001,0.5,-0.5,-0.4,2.0,9.200000000000001,-7.699999999999999,-5.4,-3.1,16
17411,291408.0,-1.0,0.4,-0.6000000000000001,-0.7000000000000001,1.9000000000000001,9.1,-5.500000000000001,3.5,-0.30000000000000004,16
17412,291424.0,-1.2000000000000002,0.30000000000000004,-0.6000000000000001,-1.0,1.8,8.9,-4.6000000000000005,5.2,1.9,16
17413,291440.0,-1.4000000000000001,0.2,-0.9,-1.2000000000000002,1.7000000000000002,8.700000000000001,-4.2,3.4,3.9,16
17414,291457.0,-1.5,0.1,-1.1,-1.3,1.6,8.6,-4.300000000000001,1.4,6.7,16
17415,291474.0,-1.5,0.0,-1.1,-1.3,1.5,8.5,-4.9,-2.0,11.4,16
17416,291491.0,-1.5,0.1,-1.2000000000000002,-1.3,1.5,8.5,-4.9,-5.4,18.400000000000002,16
17417,291509.0,-1.4000000000000001,0.1,-1.1,-1.1,1.5,8.6,-3.7000000000000006,-7.300000000000001,24.9,16
17418,291524.0,-1.3,0.1,-1.0,-0.9,1.6,8.700000000000001,-0.4,-6.1000000000000005,29.400000000000002,16
17419,291540.0,-1.1,0.2,-0.7000000000000001,-0.8,1.6,8.9,2.4000000000000004,-4.2,31.7,16
17420,291557.0,-1.1,0.30000000000000004,-0.5,-0.8,1.8,9.1,4.0,-2.8,32.5,16
17421,291574.0,-1.1,0.4,-0.4,-0.8,1.9000000000000001,9.4,3.5,-3.0000000000000004,32.6,16
17422,291590.0,-0.9,0.6000000000000001,0.0,-0.5,2.0,9.700000000000001,0.4,-3.8,32.4,16
17423,291612.0,-0.5,0.6000000000000001,0.30000000000000004,-0.1,2.1,10.0,-2.8,-3.1,31.6,16
17424,291624.0,-0.30000000000000004,0.6000000000000001,0.5,0.4,2.1,10.200000000000001,-2.6,-2.0,30.100000000000005,16
17425,291640.0,-0.30000000000000004,0.6000000000000001,0.5,0.4,2.1,10.200000000000001,-2.6,-2.0,30.100000000000005,16
17426,291657.0,0.9,0.6000000000000001,1.4000000000000001,1.4000000000000001,2.0,11.0,-3.9,-0.30000000000000004,23.400000000000002,16
17427,291674.0,1.5,0.6000000000000001,1.6,1.9000000000000001,2.0,11.200000000000001,-4.1000000000000005,1.8,19.200000000000003,16
17428,291690.0,1.8,0.6000000000000001,1.7000000000000002,2.1,2.1,11.3,2.0,11.6,15.2,16
17429,291707.0,1.3,1.0,1.2000000000000002,1.5,2.5,10.8,13.200000000000001,26.200000000000003,13.6,16
17430,291724.0,0.30000000000000004,1.5,1.1,0.6000000000000001,3.0,10.8,21.1,29.500000000000004,14.900000000000002,16
17431,291740.0,0.30000000000000004,1.5,1.2000000000000002,0.6000000000000001,3.1,11.200000000000001,20.4,24.5,13.3,16
17432,291757.0,0.1,1.5,1.5,0.30000000000000004,3.2,11.3,17.7,16.700000000000003,8.700000000000001,16
17433,291774.0,0.1,1.4000000000000001,1.7000000000000002,0.2,3.1,11.4,12.000000000000002,6.8,3.8,16
17434,291791.0,0.0,1.3,1.6,0.2,3.0,11.3,6.4,1.0,0.8,16
17435,291809.0,0.0,1.0,1.6,0.2,2.7,11.4,2.1999999999999997,0.2,0.4,16
17436,291824.0,0.1,0.7000000000000001,1.9000000000000001,0.30000000000000004,2.5,11.600000000000001,-0.4,-0.7,2.3000000000000003,16
17437,291840.0,0.30000000000000004,0.5,2.1,0.7000000000000001,2.1,11.8,-0.7,-1.3,5.7,16
17438,291858.0,1.1,-0.2,2.1,1.5,1.5,11.700000000000001,3.9,-1.6,8.4,16
17439,291875.0,1.8,-0.8,1.7000000000000002,2.0,1.0,11.4,12.700000000000001,0.7,8.9,16
17440,291891.0,2.0,-1.0,1.4000000000000001,2.2,0.7000000000000001,10.8,23.400000000000002,6.6000000000000005,7.699999999999999,16
17441,291908.0,1.9000000000000001,-1.3,0.30000000000000004,2.1,0.6000000000000001,9.8,33.400000000000006,14.3,6.1000000000000005,16
17442,291924.0,1.5,-1.4000000000000001,-0.7000000000000001,1.6,0.6000000000000001,8.9,39.50000000000001,22.1,4.3999999999999995,16
17443,291940.0,1.3,-1.4000000000000001,-1.2000000000000002,1.2000000000000002,0.7000000000000001,8.1,39.2,25.0,2.1999999999999997,16
17444,291957.0,0.8,-1.4000000000000001,-2.0,0.7000000000000001,0.8,7.5,32.9,24.7,0.5,16
17445,291974.0,0.4,-1.4000000000000001,-2.3000000000000003,0.4,0.8,7.300000000000001,22.2,19.9,-0.7,16
17446,291990.0,0.30000000000000004,-1.5,-2.2,0.30000000000000004,0.8,7.300000000000001,8.9,10.9,-2.4000000000000004,16
17447,292008.0,0.30000000000000004,-1.5,-2.2,0.2,0.8,7.5,-4.1000000000000005,1.8,-4.7,16
17448,292023.0,0.30000000000000004,-1.5,-1.9000000000000001,0.2,0.8,7.7,-16.3,-9.600000000000001,-6.5,16
17449,292040.0,0.30000000000000004,-1.4000000000000001,-1.7000000000000002,0.2,0.9,8.0,-25.5,-19.3,-6.1000000000000005,16
17450,292057.0,0.2,-1.1,-1.4000000000000001,0.2,1.0,8.3,-30.100000000000005,-24.400000000000002,-3.5,16
17451,292074.0,0.1,-0.9,-1.1,0.2,1.2000000000000002,8.6,-29.400000000000002,-22.3,0.4,16
17452,292092.0,-0.2,-0.5,-0.8,0.0,1.4000000000000001,8.8,-21.6,-15.9,5.500000000000001,16
17453,292107.0,-0.4,-0.4,-0.7000000000000001,-0.2,1.5,8.9,-11.8,-11.000000000000002,10.2,16
17454,292124.0,-0.7000000000000001,-0.2,-0.6000000000000001,-0.5,1.7000000000000002,9.0,-5.500000000000001,-8.700000000000001,12.5,16
17455,292140.0,-0.9,0.0,-0.7000000000000001,-0.7000000000000001,1.8,8.9,-2.1,-9.9,13.200000000000001,16
17456,292157.0,-1.0,0.0,-0.7000000000000001,-0.7000000000000001,1.9000000000000001,8.9,-0.4,-10.1,13.0,16
17457,292174.0,-0.9,0.1,-0.6000000000000001,-0.5,2.0,8.9,1.0,-10.4,12.3,16
17458,292190.0,-0.5,0.2,-0.6000000000000001,-0.2,2.0,9.0,1.3,-10.8,10.700000000000001,16
17459,292207.0,-0.4,0.2,-0.4,0.1,2.0,9.200000000000001,-2.9,-15.8,7.300000000000001,16
17460,292224.0,0.0,0.2,-0.4,0.5,2.0,9.200000000000001,-9.4,-21.0,3.0000000000000004,16
17461,292241.0,0.4,0.2,-0.4,0.9,2.0,9.1,-16.0,-22.900000000000002,-0.8,16
17462,292258.0,0.5,0.2,-0.5,1.1,2.0,9.0,-18.1,-17.3,-3.2,16
17463,292277.0,0.4,0.4,-0.5,0.9,2.1,9.0,-13.200000000000001,-5.2,-3.3000000000000003,16
17464,292291.0,-0.4,0.8,-0.4,0.2,2.5,9.200000000000001,-2.7,6.3,-1.9,16
17465,292308.0,-0.8,0.9,-0.1,-0.6000000000000001,2.7,9.600000000000001,5.300000000000001,10.3,-2.3000000000000003,16
17466,292324.0,-1.4000000000000001,1.1,0.1,-0.9,2.9000000000000004,9.700000000000001,8.1,6.3,-4.9,16
17467,292341.0,-1.6,1.3,0.2,-1.1,3.0,9.8,7.9,1.8,-8.200000000000001,16
17468,292357.0,-1.6,1.2000000000000002,0.2,-1.1,2.9000000000000004,9.9,6.1000000000000005,-2.0,-9.5,16
17469,292374.0,-1.7000000000000002,1.0,0.30000000000000004,-0.8,2.7,9.700000000000001,5.7,-8.799999999999999,-7.0,16
17470,292390.0,-0.8,0.7000000000000001,0.6000000000000001,-0.4,2.5,10.200000000000001,1.8,1.5000000000000002,-3.8,16
17471,292407.0,-0.8,0.6000000000000001,0.7000000000000001,-0.30000000000000004,2.2,10.600000000000001,1.0,10.8,0.30000000000000004,16
17472,292424.0,-0.8,0.30000000000000004,1.6,-0.4,2.0,11.3,-2.0,13.5,0.7,16
17473,292440.0,-1.0,0.0,2.2,-0.7000000000000001,1.9000000000000001,11.8,-1.5000000000000002,12.200000000000001,-0.8,16
17474,292457.0,-1.2000000000000002,0.0,2.4000000000000004,-1.0,1.9000000000000001,12.0,8.5,8.799999999999999,-2.8,16
17475,292475.0,-1.4000000000000001,0.1,2.4000000000000004,-1.1,2.0,12.200000000000001,22.5,8.700000000000001,-5.500000000000001,16
17476,292490.0,-1.6,0.4,2.5,-1.3,2.5,12.0,27.1,0.2,-5.9,16
17477,292507.0,-1.2000000000000002,0.6000000000000001,2.1,-0.6000000000000001,2.8000000000000003,11.5,21.1,-0.7,-1.5000000000000002,16
17478,292524.0,-0.4,0.7000000000000001,1.8,-0.2,2.8000000000000003,11.5,17.5,2.0,2.9,16
17479,292540.0,-0.4,0.6000000000000001,1.8,0.0,2.8000000000000003,11.3,22.000000000000004,12.6,9.4,16
17480,292557.0,0.1,0.5,1.5,0.6000000000000001,2.6,11.0,23.400000000000002,24.8,10.600000000000001,16
17481,292574.0,0.4,0.2,1.2000000000000002,0.5,2.4000000000000004,10.700000000000001,17.200000000000003,21.400000000000002,6.7,16
17482,292590.0,0.6000000000000001,-0.1,0.9,0.8,2.2,10.5,14.200000000000001,18.7,3.0000000000000004,16
17483,292607.0,0.9,-0.5,0.5,1.0,1.8,10.100000000000001,13.0,14.900000000000002,-3.0000000000000004,16
17484,292624.0,1.0,-0.6000000000000001,0.30000000000000004,1.0,1.7000000000000002,9.700000000000001,10.2,15.100000000000001,-8.600000000000001,16
17485,292641.0,1.2000000000000002,-0.8,-0.30000000000000004,1.2000000000000002,1.5,9.200000000000001,6.3,15.000000000000002,-12.8,16
17486,292657.0,1.5,-1.0,-0.7000000000000001,1.4000000000000001,1.4000000000000001,8.8,0.9,17.8,-14.900000000000002,16
17487,292674.0,1.5,-1.1,-0.8,1.3,1.2000000000000002,8.8,-4.7,16.6,-15.000000000000002,16
17488,292690.0,1.3,-1.1,-0.7000000000000001,1.1,1.2000000000000002,9.0,-6.7,14.200000000000001,-12.100000000000001,16
17489,292707.0,1.3,-1.1,-0.30000000000000004,1.1,1.3,9.3,-3.9,10.4,-7.9,16
17490,292724.0,1.4000000000000001,-1.1,-0.1,1.3,1.3,9.5,2.6,5.300000000000001,-5.8,16
17491,292740.0,1.6,-1.0,0.0,1.4000000000000001,1.4000000000000001,9.600000000000001,12.6,4.800000000000001,-5.500000000000001,16
17492,292758.0,1.4000000000000001,-0.8,0.0,1.2000000000000002,1.7000000000000002,9.600000000000001,21.900000000000002,1.8,-5.300000000000001,16
17493,292774.0,1.2000000000000002,-0.6000000000000001,-0.1,0.9,1.9000000000000001,9.3,25.2,-5.7,-5.1,16
17494,292790.0,0.8,-0.5,-0.4,0.6000000000000001,2.1,9.1,25.6,-16.900000000000002,-5.8,16
17495,292807.0,0.6000000000000001,-0.2,-0.9,0.5,2.4000000000000004,8.5,25.0,-19.9,-5.300000000000001,16
17496,292824.0,0.5,-0.1,-1.2000000000000002,0.4,2.6,8.200000000000001,20.0,-14.100000000000001,-2.7,16
17497,292841.0,0.1,0.0,-1.4000000000000001,0.0,2.8000000000000003,7.9,13.4,-11.000000000000002,-1.9,16
17498,292857.0,-0.30000000000000004,0.2,-1.9000000000000001,-0.4,2.9000000000000004,7.5,8.0,-1.3,-1.7,16
17499,292874.0,-0.5,0.30000000000000004,-2.0,-0.8,3.0,7.5,0.2,2.7,-2.1,16
17500,292890.0,-1.0,0.30000000000000004,-1.9000000000000001,-1.1,3.0,7.5,-6.4,1.3,-1.5000000000000002,16
17501,292907.0,-0.8,0.2,-1.7000000000000002,-0.9,2.9000000000000004,7.7,-11.4,-0.30000000000000004,-0.9,16
17502,292924.0,-0.9,0.0,-1.6,-1.0,2.6,7.800000000000001,-15.100000000000001,0.6000000000000001,-0.5,16
17503,292940.0,-0.8,-0.1,-1.5,-0.8,2.5,8.0,-15.9,0.0,1.0999999999999999,16
17504,292957.0,-0.6000000000000001,0.0,-1.1,-0.7000000000000001,2.6,8.3,-14.500000000000002,1.5000000000000002,2.1999999999999997,16
17505,292974.0,-0.7000000000000001,0.0,-0.9,-0.7000000000000001,2.5,8.5,-14.100000000000001,0.0,3.0000000000000004,16
17506,292994.0,-0.7000000000000001,0.1,-0.8,-0.8,2.5,8.6,-11.8,-1.3,5.7,16
17507,293010.0,-0.5,0.2,-0.8,-0.6000000000000001,2.7,8.6,-8.0,1.4,8.200000000000001,16
17508,293024.0,-0.8,0.5,-0.6000000000000001,-0.8,2.9000000000000004,8.8,-3.8,4.2,10.5,16
17509,293040.0,-0.9,0.6000000000000001,-0.6000000000000001,-1.0,3.0,8.9,0.0,3.5,13.3,16
17510,293057.0,-0.9,0.7000000000000001,-0.5,-1.0,3.2,8.9,3.2,4.1000000000000005,15.000000000000002,16
17511,293074.0,-0.9,0.8,-0.6000000000000001,-1.0,3.2,8.9,3.2,4.1000000000000005,15.000000000000002,16
17512,293090.0,-0.8,1.0,-0.5,-1.0,3.6,9.1,2.1,12.4,18.400000000000002,16
17513,293107.0,-0.9,1.1,0.1,-1.0,3.6,9.600000000000001,-0.30000000000000004,12.4,19.200000000000003,16
17514,293124.0,-0.6000000000000001,1.1,0.7000000000000001,-0.8,3.6,10.100000000000001,-4.3999999999999995,8.200000000000001,18.0,16
17515,293141.0,-0.30000000000000004,1.1,0.9,-0.30000000000000004,3.5,10.4,-8.1,4.3999999999999995,15.000000000000002,16
17516,293158.0,0.30000000000000004,0.9,1.2000000000000002,0.2,3.4000000000000004,10.700000000000001,-9.600000000000001,6.000000000000001,11.2,16
17517,293183.0,1.1,0.7000000000000001,1.6,1.0,3.1,11.100000000000001,-9.0,7.300000000000001,7.400000000000001,16
17518,293190.0,1.1,0.7000000000000001,1.6,1.0,3.1,11.100000000000001,-4.7,17.0,3.8,16
17519,293207.0,1.1,0.7000000000000001,1.6,0.6000000000000001,3.2,11.200000000000001,2.9,27.7,0.5,16
17520,293224.0,0.2,0.8,1.9000000000000001,-0.2,3.3000000000000003,11.4,7.6,28.6,-1.0999999999999999,16
17521,293241.0,-0.30000000000000004,1.0,1.9000000000000001,-0.7000000000000001,3.5,11.4,9.0,20.2,0.30000000000000004,16
17522,293257.0,-0.30000000000000004,1.0,1.7000000000000002,-0.8,3.6,11.100000000000001,9.8,15.100000000000001,2.3000000000000003,16
17523,293280.0,-0.4,0.9,1.3,-0.9,3.5,10.8,11.000000000000002,14.700000000000001,4.0,16
17524,293290.0,-0.4,0.7000000000000001,1.2000000000000002,-1.0,3.2,10.600000000000001,8.4,13.8,4.300000000000001,16
17525,293307.0,-0.4,0.4,1.1,-0.9,2.9000000000000004,10.600000000000001,2.8,8.799999999999999,5.0,16
17526,293324.0,0.1,0.0,1.0,-0.4,2.5,10.5,-2.5,5.4,6.4,16
17527,293340.0,0.4,-0.30000000000000004,0.9,0.2,2.0,10.4,-3.5,5.9,7.8,16
17528,293357.0,1.1,-1.0,0.8,0.6000000000000001,1.5,10.200000000000001,0.8,7.8,7.500000000000001,16
17529,293380.0,1.4000000000000001,-1.3,0.5,0.8,1.3,10.0,9.4,10.0,7.0,16
17530,293390.0,1.5,-1.4000000000000001,0.30000000000000004,1.0,1.2000000000000002,9.4,19.3,11.700000000000001,6.8,16
17531,293407.0,1.6,-1.5,-0.5,0.9,1.3,8.8,27.3,13.3,5.9,16
17532,293424.0,1.3,-1.3,-1.0,0.6000000000000001,1.5,8.4,31.0,10.600000000000001,5.300000000000001,16
17533,293440.0,1.2000000000000002,-1.2000000000000002,-1.2000000000000002,0.6000000000000001,1.7000000000000002,8.0,30.000000000000004,3.2,4.6000000000000005,16
17534,293457.0,1.2000000000000002,-1.2000000000000002,-1.6,0.6000000000000001,1.8,7.7,22.8,-4.800000000000001,2.4000000000000004,16
17535,293481.0,1.2000000000000002,-1.0,-1.6,0.6000000000000001,2.1,7.9,1.4,-17.599999999999998,-1.4,16
17536,293490.0,1.2000000000000002,-0.9,-1.4000000000000001,0.6000000000000001,2.1,7.9,1.4,-17.599999999999998,-1.4,16
17537,293507.0,1.2000000000000002,-0.8,-1.3,0.7000000000000001,2.1,8.200000000000001,-9.0,-23.3,-2.9,16
17538,293524.0,1.2000000000000002,-0.7000000000000001,-0.8,0.8,2.2,8.6,-17.9,-29.900000000000006,-4.300000000000001,16
17539,293540.0,1.3,-0.6000000000000001,-0.30000000000000004,0.9,2.2,9.0,-22.900000000000002,-33.5,-5.9,16
17540,293557.0,1.2000000000000002,-0.5,-0.30000000000000004,0.8,2.3000000000000003,9.1,-21.8,-30.200000000000003,-7.300000000000001,16
17541,293581.0,0.8,-0.30000000000000004,-0.30000000000000004,0.8,2.4000000000000004,9.1,-18.0,-26.1,-9.1,16
17542,293590.0,0.6000000000000001,-0.2,-0.30000000000000004,0.5,2.4000000000000004,9.1,-14.200000000000001,-23.5,-11.6,16
17543,293607.0,0.4,-0.2,-0.4,0.2,2.4000000000000004,8.9,-11.6,-23.1,-14.0,16
17544,293624.0,0.0,-0.2,-0.7000000000000001,-0.1,2.4000000000000004,8.700000000000001,-9.9,-22.3,-15.000000000000002,16
17545,293640.0,-0.30000000000000004,-0.2,-0.7000000000000001,-0.2,2.4000000000000004,8.700000000000001,-9.4,-21.200000000000003,-14.900000000000002,16
17546,293657.0,-0.30000000000000004,-0.2,-0.6000000000000001,-0.30000000000000004,2.3000000000000003,8.8,-8.1,-19.9,-15.5,16
17547,293678.0,-0.6000000000000001,-0.4,-0.5,-0.4,2.2,8.9,-5.6,-18.2,-16.6,16
17548,293690.0,-0.8,-0.4,-0.4,-0.7000000000000001,2.2,9.0,-3.7000000000000006,-17.7,-16.900000000000002,16
17549,293708.0,-1.0,-0.30000000000000004,-0.4,-0.8,2.2,9.0,-4.2,-19.8,-16.0,16
17550,293724.0,-0.9,-0.4,-0.5,-0.6000000000000001,2.1,8.9,-7.400000000000001,-20.900000000000002,-15.000000000000002,16
17551,293740.0,-0.8,-0.4,-0.6000000000000001,-0.5,2.1,8.9,-9.700000000000001,-17.3,-14.500000000000002,16
17552,293757.0,-0.8,-0.4,-0.5,-0.5,2.1,8.9,-8.799999999999999,-8.4,-14.3,16
17553,293779.0,-1.0,-0.2,-0.1,-0.7000000000000001,2.1,9.200000000000001,-7.400000000000001,-3.3000000000000003,-15.299999999999999,16
17554,293794.0,-1.1,-0.2,0.0,-0.9,2.2,9.5,-6.4,-4.800000000000001,-17.400000000000002,16
17555,293807.0,-1.3,-0.1,0.1,-1.0,2.4000000000000004,9.5,-7.9,-12.100000000000001,-18.7,16
17556,293824.0,-1.3,0.2,0.1,-1.0,2.6,9.4,-12.6,-17.200000000000003,-18.2,16
17557,293840.0,-1.3,0.4,-0.1,-1.0,2.8000000000000003,9.4,-20.1,-18.2,-16.0,16
17558,293857.0,-1.3,0.6000000000000001,0.30000000000000004,-1.0,2.8000000000000003,9.700000000000001,-25.3,-17.8,-11.9,16
17559,293877.0,-1.3,0.7000000000000001,0.7000000000000001,-0.9,2.9000000000000004,10.100000000000001,-25.700000000000003,-14.500000000000002,-7.0,16
17560,293894.0,-1.3,0.7000000000000001,0.9,-0.9,2.8000000000000003,10.4,-21.400000000000002,-10.0,-3.5,16
17561,293907.0,-1.5,0.6000000000000001,1.0,-1.1,2.7,10.5,-16.0,-10.5,-2.1999999999999997,16
17562,293924.0,-1.4000000000000001,0.6000000000000001,1.0,-1.0,2.7,10.5,-9.9,-12.100000000000001,-2.6,16
17563,293942.0,-1.3,0.6000000000000001,0.9,-0.9,2.6,10.5,-2.5,-9.700000000000001,-2.6,16
17564,293957.0,-1.3,0.6000000000000001,0.9,-0.8,2.7,10.4,4.0,-5.9,-2.1999999999999997,16
17565,293976.0,-1.2000000000000002,0.7000000000000001,0.8,-0.7000000000000001,2.8000000000000003,10.4,8.700000000000001,-2.1,-1.3,16
17566,293990.0,-1.0,0.7000000000000001,0.6000000000000001,-0.5,2.8000000000000003,10.100000000000001,11.8,3.7000000000000006,-1.3,16
17567,294010.0,-1.0,0.6000000000000001,0.5,-0.6000000000000001,2.8000000000000003,10.100000000000001,10.5,7.8,-2.8,16
17568,294024.0,-1.1,0.7000000000000001,0.5,-0.7000000000000001,2.9000000000000004,9.9,9.5,11.000000000000002,-5.300000000000001,16
17569,294040.0,-1.1,0.7000000000000001,0.6000000000000001,-0.8,2.8000000000000003,10.3,6.000000000000001,9.9,-9.0,16
17570,294059.0,-1.0,0.5,1.3,-0.7000000000000001,2.7,10.8,-6.3,-5.7,-13.5,16
17571,294083.0,-0.30000000000000004,0.4,1.0,-0.1,2.7,10.700000000000001,-19.6,-9.3,-11.8,16
17572,294090.0,-0.2,0.4,1.3,0.1,2.4000000000000004,11.0,-22.2,-3.5,-6.9,16
17573,294107.0,-0.2,-0.1,1.5,0.1,2.0,11.200000000000001,-15.8,3.4,-7.2,16
17574,294125.0,-0.2,-0.1,1.8,0.1,2.0,11.5,-8.4,6.3,-8.600000000000001,16
17575,294142.0,-0.2,-0.1,1.5,0.1,2.0,11.0,-3.0000000000000004,9.3,-6.8,16
17576,294157.0,-0.1,-0.30000000000000004,0.8,0.2,1.8,10.5,-1.9,9.0,-3.9,16
17577,294182.0,0.5,-0.6000000000000001,0.1,0.6000000000000001,1.5,9.9,1.7,11.5,-2.3000000000000003,16
17578,294194.0,0.7000000000000001,-0.7000000000000001,-0.1,0.8,1.3,9.700000000000001,6.4,17.200000000000003,-3.4,16
17579,294207.0,0.8,-1.0,0.1,1.0,1.1,9.9,8.3,14.200000000000001,-5.300000000000001,16
17580,294224.0,1.2000000000000002,-1.2000000000000002,0.1,1.3,0.9,9.8,8.5,5.4,-7.0,16
17581,294240.0,1.4000000000000001,-1.3,-0.1,1.5,0.8,9.600000000000001,7.400000000000001,2.6,-7.400000000000001,16
17582,294257.0,1.5,-1.4000000000000001,-0.30000000000000004,1.6,0.7000000000000001,9.4,6.4,2.7,-5.6,16
17583,294275.0,1.5,-1.4000000000000001,-0.6000000000000001,1.5,0.7000000000000001,9.1,4.800000000000001,5.9,-1.5000000000000002,16
17584,294292.0,1.3,-1.4000000000000001,-0.9,1.2000000000000002,0.8,8.8,4.9,12.4,4.2,16
17585,294307.0,0.9,-1.2000000000000002,-0.9,0.8,0.9,8.9,7.400000000000001,15.8,9.0,16
17586,294324.0,0.4,-1.1,-0.7000000000000001,0.4,1.1,9.0,10.9,11.3,12.000000000000002,16
17587,294340.0,0.30000000000000004,-1.0,-0.7000000000000001,0.30000000000000004,1.3,9.0,13.9,3.1,13.0,16
17588,294357.0,0.30000000000000004,-0.8,-0.8,0.30000000000000004,1.4000000000000001,8.8,13.8,-4.9,12.700000000000001,16
17589,294374.0,0.30000000000000004,-0.8,-0.9,0.30000000000000004,1.4000000000000001,8.8,13.8,-4.9,12.700000000000001,16
17590,294390.0,0.4,-0.7000000000000001,-1.1,0.5,1.6,8.700000000000001,3.9,-6.5,12.9,16
17591,294408.0,0.2,-0.6000000000000001,-1.0,0.30000000000000004,1.7000000000000002,8.6,1.4,-1.0,14.0,16
17592,294423.0,0.0,-0.5,-1.0,-0.1,1.9000000000000001,8.6,-2.6,2.1,15.2,16
17593,294440.0,-0.4,-0.30000000000000004,-1.1,-0.30000000000000004,2.0,8.6,-9.3,-0.5,16.3,16
17594,294457.0,-0.4,-0.2,-1.0,-0.30000000000000004,2.0,8.700000000000001,-15.2,-1.2000000000000002,16.900000000000002,16
17595,294473.0,-0.5,-0.2,-0.7000000000000001,-0.30000000000000004,1.9000000000000001,9.0,-16.1,-0.1,16.400000000000002,16
17596,294490.0,-0.5,-0.2,-0.6000000000000001,-0.4,1.9000000000000001,9.1,-14.900000000000002,-0.6000000000000001,14.900000000000002,16
17597,294507.0,-0.7000000000000001,0.0,-0.6000000000000001,-0.6000000000000001,2.1,9.0,-12.3,0.8,15.6,16
17598,294524.0,-0.8,0.1,-0.7000000000000001,-0.7000000000000001,2.2,9.0,-8.9,2.1,17.3,16
17599,294540.0,-0.8,0.2,-0.7000000000000001,-0.7000000000000001,2.3000000000000003,8.9,-7.2,1.8,19.3,16
17600,294557.0,-0.9,0.4,-0.9,-0.7000000000000001,2.4000000000000004,8.700000000000001,-8.1,0.1,21.8,16
17601,294573.0,-1.0,0.6000000000000001,-1.2000000000000002,-0.8,2.5,8.4,-12.000000000000002,-4.2,25.1,16
17602,294591.0,-0.6000000000000001,0.6000000000000001,-1.0,-0.4,2.5,8.6,-17.8,-8.600000000000001,28.3,16
17603,294607.0,-0.30000000000000004,0.7000000000000001,-0.7000000000000001,0.0,2.5,9.200000000000001,-14.900000000000002,-6.6000000000000005,31.0,16
17604,294625.0,0.1,0.6000000000000001,0.0,0.4,2.5,9.600000000000001,-4.7,-3.2,31.5,16
17605,294640.0,0.4,0.6000000000000001,0.1,0.9,2.5,9.700000000000001,7.400000000000001,0.30000000000000004,27.8,16
17606,294657.0,0.6000000000000001,0.8,-0.2,1.0,2.8000000000000003,9.4,15.5,1.9,21.6,16
17607,294674.0,0.7000000000000001,1.2000000000000002,-0.5,1.0,3.2,9.1,18.0,5.4,16.0,16
17608,294692.0,0.6000000000000001,1.3,-0.5,0.9,3.3000000000000003,9.1,14.4,6.4,11.9,16
17609,294709.0,0.6000000000000001,1.3,-0.5,0.9,3.4000000000000004,9.200000000000001,7.1000000000000005,5.2,7.400000000000001,16
17610,294725.0,0.7000000000000001,1.3,-0.1,1.0,3.4000000000000004,9.600000000000001,1.4,4.9,2.8,16
17611,294740.0,0.8,1.3,0.2,1.0,3.4000000000000004,9.600000000000001,1.4,4.9,2.8,16
17612,294757.0,0.8,1.2000000000000002,0.6000000000000001,1.1,3.3000000000000003,10.4,0.8,5.2,-7.1000000000000005,16
17613,294775.0,0.8,1.1,1.0,0.9,3.2,10.700000000000001,4.9,7.0,-11.5,16
17614,294792.0,0.30000000000000004,1.0,1.0,0.5,3.2,10.700000000000001,12.5,10.600000000000001,-14.900000000000002,16
17615,294811.0,0.1,1.0,1.1,0.1,3.2,10.9,15.6,8.0,-18.6,16
17616,294824.0,-0.30000000000000004,0.9,1.6,-0.2,3.1,11.200000000000001,11.3,-2.1,-21.900000000000002,16
17617,294840.0,-0.30000000000000004,0.6000000000000001,1.5,-0.2,2.8000000000000003,11.100000000000001,3.2,-9.600000000000001,-23.5,16
17618,294858.0,-0.4,0.4,1.4000000000000001,-0.2,2.5,11.100000000000001,-5.500000000000001,-9.1,-22.5,16
17619,294876.0,-0.5,0.0,1.5,-0.30000000000000004,2.1,11.200000000000001,-13.0,-5.2,-18.5,16
17620,294891.0,-0.30000000000000004,-0.30000000000000004,1.7000000000000002,-0.2,1.9000000000000001,11.4,-16.3,0.9,-13.0,16
17621,294916.0,-0.1,-0.5,1.9000000000000001,-0.1,1.6,11.600000000000001,-10.5,7.500000000000001,-6.9,16
17622,294924.0,-0.1,-0.6000000000000001,1.8,0.1,1.5,11.4,-1.0,11.6,-3.4,16
17623,294940.0,0.4,-0.9,1.4000000000000001,0.5,1.2000000000000002,11.0,8.1,12.100000000000001,-3.2,16
17624,294957.0,0.7000000000000001,-1.0,1.0,0.7000000000000001,1.3,10.4,16.8,11.6,-1.8,16
17625,294974.0,0.8,-0.8,0.30000000000000004,0.8,1.5,9.9,22.7,12.6,3.0000000000000004,16
17626,294994.0,1.1,-0.8,-0.30000000000000004,1.1,1.5,9.3,27.6,14.700000000000001,7.0,16
17627,295008.0,1.2000000000000002,-0.9,-0.7000000000000001,1.1,1.5,8.8,30.4,18.2,7.699999999999999,16
17628,295023.0,1.0,-0.8,-1.2000000000000002,0.8,1.6,8.4,29.800000000000004,20.3,7.1000000000000005,16
17629,295040.0,0.7000000000000001,-0.8,-1.3,0.6000000000000001,1.7000000000000002,8.3,23.900000000000002,16.6,5.4,16
17630,295058.0,0.6000000000000001,-0.9,-1.1,0.5,1.7000000000000002,8.4,14.3,10.8,4.1000000000000005,16
17631,295074.0,0.6000000000000001,-0.8,-1.1,0.4,1.8,8.5,6.7,5.300000000000001,3.3000000000000003,16
17632,295090.0,0.5,-0.8,-0.9,0.30000000000000004,1.8,8.700000000000001,0.1,0.6000000000000001,2.5,16
17633,295107.0,0.30000000000000004,-0.8,-0.6000000000000001,0.2,1.8,9.0,-2.6,-2.1,1.9,16
17634,295124.0,0.30000000000000004,-0.8,-0.30000000000000004,0.1,1.7000000000000002,9.3,-6.1000000000000005,-7.6,2.4000000000000004,16
17635,295141.0,0.30000000000000004,-0.9,-0.30000000000000004,0.2,1.7000000000000002,9.200000000000001,-9.5,-11.700000000000001,4.800000000000001,16
17636,295157.0,0.2,-0.8,-0.6000000000000001,0.1,1.7000000000000002,8.9,-7.6,-8.3,9.3,16
17637,295173.0,0.0,-0.7000000000000001,-0.7000000000000001,-0.1,1.8,8.8,-1.2000000000000002,-3.9,14.0,16
17638,295190.0,0.0,-0.5,-0.7000000000000001,-0.1,2.0,8.8,5.4,-2.0,16.900000000000002,16
17639,295207.0,-0.2,-0.4,-0.7000000000000001,-0.30000000000000004,2.1,8.8,10.1,-3.3000000000000003,18.8,16
17640,295223.0,-0.30000000000000004,-0.30000000000000004,-0.8,-0.2,2.2,8.6,10.8,-9.0,16.400000000000002,16
17641,295240.0,-0.30000000000000004,-0.2,-1.1,-0.30000000000000004,2.4000000000000004,8.4,9.1,-12.3,13.8,16
17642,295257.0,-0.6000000000000001,0.0,-1.3,-0.5,2.6,8.200000000000001,6.8,-14.900000000000002,12.4,16
17643,295276.0,-0.6000000000000001,0.0,-1.8,-0.5,2.7,7.800000000000001,6.1000000000000005,-12.8,13.6,16
17644,295290.0,-0.4,0.2,-2.0,-0.2,2.8000000000000003,7.6000000000000005,0.5,-1.7,13.5,16
17645,295308.0,-0.5,0.2,-1.3,-0.30000000000000004,2.8000000000000003,8.200000000000001,-7.699999999999999,-1.8,13.100000000000001,16
17646,295324.0,-0.4,0.2,-1.1,-0.2,2.7,8.5,-13.700000000000001,-3.3000000000000003,11.000000000000002,16
17647,295340.0,-0.30000000000000004,0.2,-0.8,-0.1,2.7,8.700000000000001,-16.5,-2.7,7.500000000000001,16
17648,295358.0,-0.30000000000000004,0.2,-0.5,-0.1,2.7,9.0,-15.6,-1.5000000000000002,3.7000000000000006,16
17649,295375.0,-0.2,0.2,-0.2,0.0,2.7,9.200000000000001,-10.8,-1.0,-0.7,16
17650,295390.0,-0.30000000000000004,0.30000000000000004,-0.2,-0.1,2.8000000000000003,9.4,-6.3,-1.3,-4.2,16
17651,295407.0,-0.30000000000000004,0.4,-0.1,-0.1,2.8000000000000003,9.4,-4.800000000000001,-4.6000000000000005,-6.1000000000000005,16
17652,295424.0,-0.2,0.5,0.0,0.0,2.9000000000000004,9.5,-6.2,-6.2,-6.1000000000000005,16
17653,295440.0,-0.2,0.5,0.1,0.0,2.9000000000000004,9.600000000000001,-5.500000000000001,-3.7000000000000006,-4.7,16
17654,295457.0,-0.4,0.6000000000000001,0.2,-0.2,3.0,9.700000000000001,-3.1,2.7,-3.6,16
17655,295476.0,-1.1,0.6000000000000001,0.30000000000000004,-0.9,3.0,9.8,-2.6,5.300000000000001,-2.9,16
17656,295491.0,-1.3,0.8,0.30000000000000004,-1.1,3.2,9.9,-7.500000000000001,3.9,0.0,16
17657,295507.0,-1.3,0.9,0.9,-1.1,3.2,10.5,-14.500000000000002,0.2,4.0,16
17658,295524.0,-1.0,0.7000000000000001,1.3,-0.8,3.0,10.8,-10.8,3.9,7.400000000000001,16
17659,295540.0,-0.8,0.6000000000000001,1.4000000000000001,-0.8,2.9000000000000004,11.100000000000001,3.8,15.299999999999999,6.3,16
17660,295558.0,-1.1,0.6000000000000001,1.8,-1.0,2.9000000000000004,11.5,14.800000000000002,15.5,2.3000000000000003,16
17661,295574.0,-0.6000000000000001,0.7000000000000001,1.9000000000000001,-0.6000000000000001,3.1,11.5,9.4,5.0,-1.7,16
17662,295590.0,-0.4,0.6000000000000001,2.0,-0.4,3.0,11.4,1.9,-2.4000000000000004,-2.4000000000000004,16
17663,295607.0,0.1,0.4,1.6,0.1,2.8000000000000003,11.200000000000001,0.6000000000000001,-0.9,-0.1,16
17664,295624.0,0.4,0.2,1.4000000000000001,0.5,2.6,11.0,-1.2000000000000002,2.6,1.6,16
17665,295640.0,0.6000000000000001,0.1,1.3,0.8,2.4000000000000004,10.8,0.30000000000000004,10.0,3.7000000000000006,16
17666,295657.0,0.8,-0.1,0.9,0.9,2.2,10.5,4.800000000000001,14.900000000000002,3.5,16
17667,295674.0,0.9,-0.30000000000000004,0.9,0.9,2.2,10.5,4.800000000000001,14.900000000000002,3.5,16
17668,295692.0,1.0,-0.30000000000000004,0.8,1.0,2.1,10.3,7.8,6.9,-2.7,16
17669,295709.0,1.1,-0.4,0.6000000000000001,1.0,2.1,10.3,7.8,6.9,-2.7,16
17670,295724.0,1.6,-0.4,-0.5,1.5,2.1,9.1,11.8,2.1,-7.300000000000001,16
17671,295740.0,1.7000000000000002,-0.4,-0.8,1.7000000000000002,2.2,8.6,13.4,4.300000000000001,-10.9,16
17672,295757.0,2.0,-0.4,-1.2000000000000002,2.0,2.2,8.3,9.1,3.2,-16.3,16
17673,295782.0,2.3000000000000003,-0.30000000000000004,-1.5,2.2,2.3000000000000003,8.1,-12.3,-6.2,-25.900000000000002,16
17674,295791.0,2.3000000000000003,-0.30000000000000004,-1.4000000000000001,2.2,2.3000000000000003,8.1,-12.3,-6.2,-25.900000000000002,16
17675,295807.0,2.3000000000000003,-0.30000000000000004,-1.4000000000000001,2.3000000000000003,2.1,8.200000000000001,-19.0,-8.4,-27.3,16
17676,295824.0,2.4000000000000004,-0.4,-1.2000000000000002,2.3000000000000003,2.1,8.4,-21.200000000000003,-7.699999999999999,-27.3,16
17677,295840.0,2.3000000000000003,-0.4,-1.1,2.2,2.0,8.6,-18.400000000000002,-5.2,-26.700000000000003,16
17678,295858.0,1.9000000000000001,-0.30000000000000004,-0.8,1.7000000000000002,2.0,8.9,-13.8,-5.7,-26.200000000000003,16
17679,295875.0,1.3,-0.2,-0.4,1.2000000000000002,2.1,9.200000000000001,-10.2,-11.5,-25.1,16
17680,295890.0,1.0,-0.1,-0.30000000000000004,1.0,2.2,9.3,-8.600000000000001,-21.200000000000003,-23.700000000000003,16
17681,295908.0,0.8,0.0,-0.4,1.0,2.3000000000000003,9.200000000000001,-8.600000000000001,-27.5,-23.3,16
17682,295924.0,0.8,0.1,-0.7000000000000001,0.9,2.3000000000000003,8.8,-7.8,-26.6,-23.8,16
17683,295940.0,0.6000000000000001,0.1,-0.9,0.6000000000000001,2.5,8.700000000000001,-5.9,-19.0,-24.5,16
17684,295957.0,0.0,0.4,-1.0,0.1,2.7,8.5,-4.6000000000000005,-11.9,-23.5,16
17685,295973.0,-0.5,0.6000000000000001,-1.0,-0.30000000000000004,2.8000000000000003,8.5,-5.7,-9.600000000000001,-22.6,16
17686,295995.0,-0.8,0.6000000000000001,-1.0,-0.5,2.8000000000000003,8.5,-8.700000000000001,-11.9,-23.5,16
17687,296007.0,-0.8,0.6000000000000001,-1.1,-0.6000000000000001,2.8000000000000003,8.4,-11.5,-14.4,-24.7,16
17688,296024.0,-0.8,0.6000000000000001,-1.2000000000000002,-0.5,2.7,8.4,-13.6,-16.1,-25.3,16
17689,296040.0,-0.7000000000000001,0.5,-1.2000000000000002,-0.4,2.6,8.4,-15.6,-16.2,-25.2,16
17690,296057.0,-0.8,0.5,-1.2000000000000002,-0.5,2.5,8.4,-16.900000000000002,-15.9,-23.6,16
17691,296073.0,-0.9,0.5,-0.9,-0.5,2.5,8.700000000000001,-17.599999999999998,-16.3,-20.2,16
17692,296090.0,-0.9,0.8,-0.5,-0.5,2.7,9.1,-17.3,-18.6,-15.2,16
17693,296107.0,-0.8,0.9,-0.30000000000000004,-0.2,2.9000000000000004,9.4,-13.700000000000001,-20.6,-9.8,16
17694,296123.0,-0.5,1.1,-0.1,0.1,3.0,9.5,-8.9,-20.8,-7.8,16
17695,296141.0,-0.4,1.3,0.0,0.2,3.2,9.600000000000001,-4.9,-19.8,-8.600000000000001,16
17696,296157.0,-0.4,1.4000000000000001,0.0,0.1,3.3000000000000003,9.600000000000001,-1.4,-16.400000000000002,-9.4,16
17697,296180.0,-0.9,1.6,0.0,-0.1,3.5,9.600000000000001,2.1,-12.3,-7.300000000000001,16
17698,296190.0,-0.9,1.7000000000000002,0.0,-0.30000000000000004,3.6,9.600000000000001,4.6000000000000005,-7.9,-3.7000000000000006,16
17699,296207.0,-1.0,1.6,0.1,-0.30000000000000004,3.5,9.700000000000001,6.5,-4.300000000000001,-1.7,16
17700,296224.0,-0.9,1.4000000000000001,0.30000000000000004,-0.2,3.4000000000000004,9.9,7.8,-0.7,-2.4000000000000004,16
17701,296240.0,-0.8,1.2000000000000002,0.6000000000000001,-0.2,3.2,10.200000000000001,8.799999999999999,1.2000000000000002,-4.3999999999999995,16
17702,296257.0,-0.7000000000000001,1.1,0.8,0.1,3.0,10.5,8.5,3.0000000000000004,-6.4,16
17703,296280.0,-0.1,0.5,1.1,0.4,2.7,10.700000000000001,7.1000000000000005,6.3,-8.799999999999999,16
17704,296290.0,0.0,0.30000000000000004,1.3,0.6000000000000001,2.4000000000000004,10.8,7.8,13.6,-10.4,16
17705,296307.0,0.0,0.2,1.4000000000000001,0.5,2.3000000000000003,11.0,11.4,16.2,-12.100000000000001,16
17706,296324.0,0.0,0.1,1.7000000000000002,0.5,2.2,11.600000000000001,5.7,11.9,-12.4,16
17707,296340.0,0.2,-0.1,2.3000000000000003,0.7000000000000001,2.0,11.9,-4.300000000000001,0.4,-10.2,16
17708,296357.0,0.7000000000000001,-0.4,2.2,1.2000000000000002,1.7000000000000002,11.9,-14.600000000000001,-9.0,-6.000000000000001,16
17709,296381.0,1.3,-0.8,2.2,1.7000000000000002,1.4000000000000001,11.9,-21.3,-11.2,-1.7,16
17710,296390.0,1.5,-0.9,2.0,2.0,1.1,11.600000000000001,-20.0,-5.500000000000001,2.7,16
17711,296407.0,1.4000000000000001,-1.0,1.7000000000000002,1.9000000000000001,1.0,11.200000000000001,-10.4,4.1000000000000005,7.8,16
17712,296424.0,1.2000000000000002,-1.0,1.2000000000000002,1.7000000000000002,0.9,10.8,1.4,12.6,13.0,16
17713,296440.0,1.0,-1.1,0.9,1.5,0.9,10.5,11.4,17.8,17.400000000000002,16
17714,296457.0,0.8,-1.2000000000000002,0.2,1.2000000000000002,0.8,9.9,19.3,17.3,18.8,16
17715,296482.0,0.6000000000000001,-1.2000000000000002,-0.5,1.1,0.9,9.3,24.400000000000002,16.8,18.400000000000002,16
17716,296490.0,0.5,-1.2000000000000002,-0.8,1.0,0.9,8.8,27.1,14.800000000000002,16.6,16
17717,296507.0,0.5,-1.3,-1.5,0.9,0.9,8.200000000000001,27.7,13.8,13.100000000000001,16
17718,296524.0,0.30000000000000004,-1.3,-1.7000000000000002,0.6000000000000001,0.9,7.800000000000001,25.0,12.6,8.5,16
17719,296540.0,0.1,-1.3,-1.9000000000000001,0.4,1.0,7.7,18.7,9.8,3.7000000000000006,16
17720,296557.0,-0.1,-1.2000000000000002,-1.9000000000000001,0.2,1.1,7.7,9.9,5.7,-0.5,16
17721,296580.0,-0.2,-1.3,-1.8,0.1,1.1,7.800000000000001,-0.6000000000000001,1.3,-4.0,16
17722,296591.0,-0.2,-1.2000000000000002,-1.6,0.1,1.1,8.1,-11.1,-5.0,-6.3,16
17723,296607.0,0.1,-1.3,-0.9,0.5,0.9,8.700000000000001,-21.400000000000002,-12.000000000000002,-8.700000000000001,16
17724,296624.0,0.30000000000000004,-1.4000000000000001,-0.7000000000000001,0.7000000000000001,0.7000000000000001,8.9,-28.500000000000004,-16.2,-12.000000000000002,16
17725,296640.0,0.30000000000000004,-1.4000000000000001,-0.6000000000000001,0.6000000000000001,0.7000000000000001,9.0,-31.2,-15.5,-13.5,16
17726,296657.0,-0.2,-1.1,-0.6000000000000001,0.2,0.9,9.0,-32.1,-10.8,-11.000000000000002,16
17727,296678.0,-0.5,-0.9,-0.5,-0.2,1.0,9.1,-28.200000000000003,-6.5,-4.5,16
17728,296690.0,-0.5,-0.9,-0.5,-0.2,1.0,9.1,-28.200000000000003,-6.5,-4.5,16
17729,296714.0,-1.0,-0.6000000000000001,-0.30000000000000004,-0.5,1.1,9.3,-22.900000000000002,-7.500000000000001,5.300000000000001,16
17730,296726.0,-1.0,-0.5,-0.1,-0.5,1.2000000000000002,9.5,-20.900000000000002,-12.4,7.2,16
17731,296740.0,-0.8,-0.4,0.1,-0.2,1.2000000000000002,9.8,-17.400000000000002,-17.7,8.0,16
17732,296757.0,-0.5,-0.4,0.30000000000000004,0.1,1.2000000000000002,10.0,-12.4,-21.700000000000003,8.200000000000001,16
17733,296775.0,-0.4,-0.2,0.4,0.30000000000000004,1.3,10.100000000000001,-8.200000000000001,-23.5,8.0,16
17734,296793.0,-0.30000000000000004,-0.2,0.4,0.5,1.4000000000000001,10.0,-5.500000000000001,-24.000000000000004,7.8,16
17735,296809.0,-0.1,0.0,0.2,0.7000000000000001,1.5,9.9,-4.6000000000000005,-20.7,7.0,16
17736,296824.0,-0.1,0.0,0.1,0.8,1.5,9.700000000000001,-3.1,-15.9,5.4,16
17737,296840.0,-0.2,0.0,-0.1,0.6000000000000001,1.6,9.4,-1.0999999999999999,-8.4,2.4000000000000004,16
17738,296857.0,-0.6000000000000001,0.1,-0.30000000000000004,0.2,1.6,9.3,1.0999999999999999,0.0,-0.4,16
17739,296878.0,-1.2000000000000002,0.2,-0.30000000000000004,-0.30000000000000004,1.7000000000000002,9.3,0.6000000000000001,4.2,-2.7,16
17740,296890.0,-1.5,0.2,-0.1,-0.8,1.8,9.600000000000001,-0.5,1.8,-3.8,16
17741,296907.0,-1.7000000000000002,0.4,0.2,-0.8,1.9000000000000001,9.9,0.8,-1.9,-2.9,16
17742,296924.0,-1.5,0.30000000000000004,0.4,-0.7000000000000001,1.8,10.0,3.3000000000000003,-6.6000000000000005,-3.1,16
17743,296940.0,-1.4000000000000001,0.30000000000000004,0.4,-0.5,1.9000000000000001,10.100000000000001,6.1000000000000005,-9.200000000000001,-4.6000000000000005,16
17744,296959.0,-1.4000000000000001,0.4,0.6000000000000001,-0.5,2.0,10.3,7.6,-10.0,-4.5,16
17745,296979.0,-1.5,0.6000000000000001,0.7000000000000001,-0.7000000000000001,2.2,10.4,7.400000000000001,-8.5,-1.9,16
17746,296991.0,-1.7000000000000002,0.7000000000000001,0.8,-0.9,2.3000000000000003,10.600000000000001,6.8,-5.2,2.9,16
17747,297008.0,-1.9000000000000001,0.8,1.1,-1.0,2.4000000000000004,10.8,8.0,-1.4,7.500000000000001,16
17748,297024.0,-1.9000000000000001,0.7000000000000001,1.3,-1.1,2.3000000000000003,11.0,11.700000000000001,2.6,10.5,16
17749,297040.0,-1.9000000000000001,0.6000000000000001,1.3,-1.0,2.3000000000000003,10.9,16.900000000000002,9.600000000000001,10.700000000000001,16
17750,297057.0,-1.9000000000000001,0.5,1.1,-1.1,2.2,10.700000000000001,23.2,18.900000000000002,9.200000000000001,16
17751,297078.0,-2.1,0.5,0.8,-1.5,2.3000000000000003,10.4,26.3,29.400000000000002,7.300000000000001,16
17752,297090.0,-2.4000000000000004,0.4,0.7000000000000001,-2.0,2.2,10.3,24.1,33.900000000000006,6.2,16
17753,297107.0,-2.5,0.30000000000000004,1.1,-1.9000000000000001,2.2,10.8,13.0,27.3,7.300000000000001,16
17754,297124.0,-1.8,0.1,1.3,-1.3,2.1,11.0,1.3,19.1,12.3,16
17755,297140.0,-0.9,-0.30000000000000004,1.2000000000000002,-0.6000000000000001,1.7000000000000002,10.8,-5.500000000000001,16.5,18.6,16
17756,297157.0,-0.30000000000000004,-0.5,1.2000000000000002,0.2,1.3,10.8,-5.9,17.400000000000002,23.700000000000003,16
17757,297176.0,0.4,-0.8,1.0,0.7000000000000001,1.1,10.700000000000001,-2.0,19.1,28.400000000000002,16
17758,297191.0,0.8,-1.0,0.8,1.0,0.9,10.5,3.6,21.6,32.0,16
17759,297208.0,0.9,-1.1,0.7000000000000001,1.3,0.8,10.5,6.3,22.2,32.6,16
17760,297224.0,1.2000000000000002,-1.0,0.8,1.5,0.9,10.5,5.8,18.0,31.900000000000002,16
17761,297240.0,1.8,-1.1,0.6000000000000001,1.9000000000000001,0.8,10.3,5.300000000000001,14.900000000000002,29.900000000000006,16
17762,297257.0,2.0,-1.1,0.4,2.3000000000000003,0.8,9.9,6.4,15.100000000000001,25.6,16
17763,297279.0,2.4000000000000004,-1.0,-0.4,2.5,0.9,9.5,7.9,18.0,21.1,16
17764,297290.0,2.4000000000000004,-1.0,-0.4,2.5,0.9,9.5,7.9,18.0,21.1,16
17765,297307.0,2.3000000000000003,-0.8,-0.8,2.4000000000000004,1.3,8.8,3.7000000000000006,18.0,16.400000000000002,16
17766,297324.0,2.2,-0.5,-1.0,2.3000000000000003,1.5,8.700000000000001,-0.5,14.500000000000002,15.7,16
17767,297340.0,2.2,-0.4,-1.0,2.3000000000000003,1.6,8.700000000000001,-5.1,9.8,14.900000000000002,16
17768,297357.0,2.1,-0.30000000000000004,-1.1,2.2,1.7000000000000002,8.6,-7.300000000000001,5.500000000000001,14.100000000000001,16
17769,297377.0,2.0,-0.1,-1.1,2.0,1.8,8.6,-7.0,3.3000000000000003,13.700000000000001,16
17770,297393.0,1.5,0.1,-0.9,1.6,2.0,8.8,-5.300000000000001,0.30000000000000004,13.100000000000001,16
17771,297407.0,1.3,0.2,-0.9,1.2000000000000002,2.1,8.8,-4.2,-3.8,10.5,16
17772,297424.0,0.8,0.30000000000000004,-1.0,0.8,2.2,8.700000000000001,-4.6000000000000005,-6.9,5.9,16
17773,297440.0,0.2,0.30000000000000004,-1.1,0.30000000000000004,2.2,8.6,-8.200000000000001,-9.0,1.0,16
17774,297457.0,-0.1,0.30000000000000004,-1.2000000000000002,0.0,2.2,8.4,-13.0,-8.9,-2.0,16
17775,297474.0,-0.4,0.4,-1.3,-0.2,2.1,8.4,-16.3,-5.0,-2.5,16
17776,297493.0,-0.7000000000000001,0.30000000000000004,-1.2000000000000002,-0.5,2.0,8.5,-17.3,-1.0999999999999999,-1.5000000000000002,16
17777,297511.0,-0.8,0.2,-1.0,-0.6000000000000001,1.9000000000000001,8.6,-16.2,1.3,0.2,16
17778,297524.0,-0.8,0.1,-0.9,-0.6000000000000001,1.7000000000000002,8.700000000000001,-15.000000000000002,1.0999999999999999,1.6,16
17779,297541.0,-0.7000000000000001,-0.1,-1.0,-0.5,1.5,8.700000000000001,-13.200000000000001,-0.5,2.9,16
17780,297557.0,-0.7000000000000001,-0.1,-0.9,-0.4,1.4000000000000001,8.700000000000001,-11.5,-1.0999999999999999,4.3999999999999995,16
17781,297574.0,-0.5,-0.2,-0.9,-0.30000000000000004,1.4000000000000001,8.700000000000001,-8.799999999999999,-0.9,6.7,16
17782,297591.0,-0.5,0.0,-0.9,-0.30000000000000004,1.5,8.8,-5.500000000000001,-0.5,10.600000000000001,16
17783,297607.0,-0.5,0.1,-0.9,-0.2,1.6,8.8,-3.5,-0.7,14.900000000000002,16
17784,297624.0,-0.4,0.1,-0.8,-0.2,1.7000000000000002,8.8,-4.5,-2.0,17.0,16
17785,297640.0,-0.7000000000000001,0.4,-0.8,-0.5,1.9000000000000001,8.9,-5.500000000000001,-1.2000000000000002,18.7,16
17786,297657.0,-1.0,0.6000000000000001,-0.4,-0.7000000000000001,2.1,9.200000000000001,-4.300000000000001,1.6,22.3,16
17787,297677.0,-0.9,0.8,-0.1,-0.7000000000000001,2.2,9.5,-3.5,4.3999999999999995,26.400000000000002,16
17788,297692.0,-0.8,0.8,0.0,-0.5,2.3000000000000003,9.700000000000001,-2.5,7.300000000000001,29.500000000000004,16
17789,297707.0,-0.5,0.9,0.30000000000000004,-0.30000000000000004,2.4000000000000004,10.0,-1.0999999999999999,10.0,30.9,16
17790,297724.0,-0.30000000000000004,0.9,0.4,0.0,2.3000000000000003,10.100000000000001,1.6,14.3,29.500000000000004,16
17791,297740.0,0.0,0.8,0.6000000000000001,0.2,2.3000000000000003,10.3,2.4000000000000004,17.7,25.1,16
17792,297757.0,0.2,0.8,1.0,0.30000000000000004,2.3000000000000003,10.700000000000001,1.8,15.000000000000002,19.6,16
17793,297774.0,0.30000000000000004,0.8,0.9,0.5,2.3000000000000003,10.700000000000001,-4.2,13.6,14.700000000000001,16
17794,297790.0,0.6000000000000001,0.8,1.4000000000000001,0.7000000000000001,2.3000000000000003,11.0,-7.2,11.5,12.700000000000001,16
17795,297807.0,1.0,0.7000000000000001,1.4000000000000001,1.0,2.2,11.0,-5.0,11.1,12.4,16
17796,297824.0,1.0,0.7000000000000001,1.4000000000000001,0.9,2.3000000000000003,10.9,2.8,14.0,12.100000000000001,16
17797,297841.0,0.4,1.2000000000000002,1.2000000000000002,0.2,2.8000000000000003,11.100000000000001,9.200000000000001,18.0,12.9,16
17798,297858.0,-0.30000000000000004,1.6,1.9000000000000001,-0.4,3.2,11.600000000000001,15.000000000000002,12.6,14.700000000000001,16
17799,297873.0,-0.4,1.6,2.1,-0.5,3.1,11.8,16.3,0.6000000000000001,13.6,16
17800,297890.0,-0.30000000000000004,1.5,2.0,-0.30000000000000004,3.1,11.8,17.9,-7.400000000000001,10.5,16
17801,297907.0,-0.1,1.2000000000000002,1.8,-0.1,2.9000000000000004,11.5,20.2,-9.700000000000001,6.9,16
17802,297924.0,0.1,0.9,1.6,0.2,2.6,11.3,18.8,-6.000000000000001,2.8,16
17803,297941.0,0.30000000000000004,0.5,1.4000000000000001,0.2,2.3000000000000003,11.100000000000001,19.400000000000002,1.3,-0.1,16
17804,297957.0,0.30000000000000004,0.1,1.3,0.30000000000000004,2.0,10.9,22.5,7.1000000000000005,-0.30000000000000004,16
17805,297974.0,0.5,-0.2,1.1,0.7000000000000001,1.6,10.600000000000001,24.200000000000003,11.3,-0.5,16
17806,297999.0,1.1,-0.9,0.6000000000000001,1.0,1.3,10.4,25.5,15.2,-2.1,16
17807,298007.0,1.2000000000000002,-1.0,0.30000000000000004,1.1,1.1,9.9,27.8,19.8,-3.6,16
17808,298023.0,1.3,-1.3,-0.4,1.1,1.0,9.3,29.700000000000003,23.400000000000002,-4.7,16
17809,298040.0,1.2000000000000002,-1.4000000000000001,-0.9,0.9,0.8,8.700000000000001,28.1,22.6,-6.000000000000001,16
17810,298057.0,1.0,-1.6,-1.2000000000000002,0.7000000000000001,0.7000000000000001,8.4,25.700000000000003,20.0,-6.6000000000000005,16
17811,298073.0,0.9,-1.7000000000000002,-1.3,0.4,0.6000000000000001,8.200000000000001,22.000000000000004,13.3,-6.6000000000000005,16
17812,298090.0,0.7000000000000001,-1.8,-1.6,0.30000000000000004,0.6000000000000001,7.9,17.5,8.1,-5.6,16
17813,298107.0,0.6000000000000001,-1.8,-1.8,0.2,0.6000000000000001,7.800000000000001,9.4,1.5000000000000002,-3.8,16
17814,298123.0,0.5,-1.8,-1.7000000000000002,0.1,0.7000000000000001,7.800000000000001,-0.1,-6.000000000000001,-1.0999999999999999,16
17815,298140.0,0.6000000000000001,-1.7000000000000002,-1.6,0.30000000000000004,0.6000000000000001,8.1,-9.1,-12.6,0.9,16
17816,298157.0,0.6000000000000001,-1.7000000000000002,-1.1,0.30000000000000004,0.7000000000000001,8.6,-16.900000000000002,-19.700000000000003,2.1999999999999997,16
17817,298173.0,0.5,-1.6,-0.8,0.30000000000000004,0.7000000000000001,8.6,-16.900000000000002,-19.700000000000003,2.1999999999999997,16
17818,298191.0,0.30000000000000004,-1.2000000000000002,-0.4,0.2,1.1,9.200000000000001,-19.200000000000003,-25.0,9.0,16
17819,298209.0,0.2,-1.0,-0.4,0.1,1.2000000000000002,9.200000000000001,-15.100000000000001,-22.1,12.000000000000002,16
17820,298224.0,-0.2,-0.6000000000000001,-0.4,-0.2,1.5,9.200000000000001,-9.5,-17.200000000000003,14.700000000000001,16
17821,298240.0,-0.30000000000000004,-0.6000000000000001,-0.6000000000000001,-0.30000000000000004,1.6,8.9,-6.3,-13.100000000000001,15.5,16
17822,298257.0,-0.5,-0.30000000000000004,-0.8,-0.5,1.8,8.700000000000001,-4.5,-9.5,15.100000000000001,16
17823,298274.0,-0.9,-0.2,-0.9,-0.7000000000000001,1.9000000000000001,8.6,-4.800000000000001,-11.1,13.4,16
17824,298292.0,-1.1,0.1,-0.9,-0.9,2.1,8.6,-6.3,-10.3,13.100000000000001,16
17825,298307.0,-1.0,0.1,-0.9,-0.8,2.1,8.700000000000001,-6.9,-12.5,12.100000000000001,16
17826,298323.0,-0.9,0.1,-0.8,-0.7000000000000001,2.1,8.8,-8.700000000000001,-17.599999999999998,9.700000000000001,16
17827,298340.0,-0.8,0.1,-0.7000000000000001,-0.4,2.1,9.0,-8.9,-24.5,6.1000000000000005,16
17828,298357.0,-0.5,0.2,-0.4,0.0,2.2,9.200000000000001,-8.600000000000001,-22.6,3.0000000000000004,16
17829,298373.0,-0.4,0.4,-0.30000000000000004,0.0,2.3000000000000003,9.200000000000001,-8.9,-17.3,1.4,16
17830,298390.0,-0.5,0.5,-0.30000000000000004,0.0,2.4000000000000004,9.3,-7.500000000000001,-12.000000000000002,2.3000000000000003,16
17831,298407.0,-0.4,0.5,-0.2,0.0,2.5,9.4,-4.9,-6.1000000000000005,2.5,16
17832,298423.0,-0.6000000000000001,0.7000000000000001,0.0,-0.1,2.6,9.600000000000001,-0.2,-0.5,2.5,16
17833,298440.0,-0.7000000000000001,0.8,0.2,-0.30000000000000004,2.7,9.9,5.4,0.0,2.3000000000000003,16
17834,298457.0,-0.8,0.9,0.4,-0.2,2.8000000000000003,10.0,9.5,-2.6,0.7,16
17835,298476.0,-0.6000000000000001,0.8,0.4,-0.1,2.8000000000000003,9.9,11.6,-2.3000000000000003,-2.0,16
17836,298490.0,-0.6000000000000001,0.8,0.2,-0.1,2.9000000000000004,9.700000000000001,12.100000000000001,1.7,-3.3000000000000003,16
17837,298507.0,-0.7000000000000001,0.8,0.2,-0.30000000000000004,2.9000000000000004,9.700000000000001,11.2,6.9,-1.7,16
17838,298524.0,-0.9,0.7000000000000001,0.30000000000000004,-0.5,2.8000000000000003,9.8,7.6,7.0,0.4,16
17839,298540.0,-1.0,0.7000000000000001,0.5,-0.7000000000000001,2.8000000000000003,10.100000000000001,3.2,4.300000000000001,1.4,16
17840,298557.0,-0.9,0.5,0.8,-0.5,2.6,10.5,0.7,2.9,-0.4,16
17841,298573.0,-0.9,0.4,1.3,-0.6000000000000001,2.6,10.9,3.9,4.9,-4.9,16
17842,298590.0,-1.1,0.6000000000000001,1.9000000000000001,-0.8,2.8000000000000003,11.4,8.0,10.5,-7.6,16
17843,298607.0,-1.0,0.7000000000000001,2.1,-0.7000000000000001,2.9000000000000004,11.700000000000001,4.6000000000000005,3.3000000000000003,-9.600000000000001,16
17844,298624.0,-0.8,0.8,2.3000000000000003,-0.4,3.0,11.9,-1.5000000000000002,-0.7,-7.1000000000000005,16
17845,298640.0,-0.2,0.7000000000000001,2.2,0.1,2.9000000000000004,11.8,-5.4,0.30000000000000004,-2.5,16
17846,298657.0,0.0,0.6000000000000001,2.2,0.5,2.7,11.8,-5.6,5.7,0.9,16
17847,298673.0,0.6000000000000001,0.4,2.2,0.9,2.5,11.8,-0.8,13.100000000000001,3.5,16
17848,298690.0,0.8,0.30000000000000004,2.1,0.9,2.5,11.8,-0.8,13.100000000000001,3.5,16
17849,298707.0,1.2000000000000002,0.0,1.6,1.4000000000000001,2.2,10.9,17.0,21.700000000000003,-0.2,16
17850,298724.0,1.3,-0.1,0.8,1.4000000000000001,2.2,10.3,20.6,20.4,-5.500000000000001,16
17851,298740.0,1.5,-0.2,0.1,1.5,2.2,9.600000000000001,18.0,17.1,-10.9,16
17852,298757.0,1.6,-0.30000000000000004,-0.30000000000000004,1.8,2.0,9.0,12.8,15.5,-16.2,16
17853,298774.0,2.0,-0.6000000000000001,-1.0,2.0,1.7000000000000002,8.5,8.4,17.599999999999998,-21.900000000000002,16
17854,298790.0,2.0,-0.8,-1.5,1.9000000000000001,1.6,8.1,3.7000000000000006,19.8,-27.3,16
17855,298807.0,1.9000000000000001,-0.8,-1.5,1.7000000000000002,1.5,8.0,-1.2000000000000002,17.599999999999998,-29.500000000000004,16
17856,298823.0,1.8,-1.0,-1.6,1.6,1.4000000000000001,8.0,-6.000000000000001,12.100000000000001,-29.800000000000004,16
17857,298841.0,1.8,-1.1,-1.6,1.6,1.3,8.0,-8.799999999999999,6.9,-29.700000000000003,16
17858,298857.0,1.8,-1.1,-1.5,1.5,1.2000000000000002,8.1,-9.8,2.3000000000000003,-29.300000000000004,16
17859,298873.0,1.7000000000000002,-1.0,-1.4000000000000001,1.4000000000000001,1.4000000000000001,8.200000000000001,-11.000000000000002,-2.9,-28.200000000000003,16
17860,298890.0,1.6,-0.8,-1.3,1.3,1.5,8.3,-11.4,-6.6000000000000005,-26.700000000000003,16
17861,298907.0,1.3,-0.6000000000000001,-1.1,1.1,1.6,8.5,-13.0,-10.2,-26.200000000000003,16
17862,298924.0,1.1,-0.4,-1.0,0.9,1.8,8.6,-16.6,-15.8,-25.8,16
17863,298941.0,0.9,-0.30000000000000004,-0.9,0.7000000000000001,1.8,8.6,-21.1,-20.7,-25.5,16
17864,298957.0,0.7000000000000001,-0.2,-0.9,0.30000000000000004,1.9000000000000001,8.700000000000001,-22.5,-19.9,-25.1,16
17865,298974.0,0.1,-0.1,-0.8,-0.1,1.8,8.8,-21.700000000000003,-16.2,-24.8,16
17866,298991.0,-0.30000000000000004,0.0,-0.6000000000000001,-0.5,1.9000000000000001,9.0,-21.8,-14.800000000000002,-25.3,16
17867,299007.0,-0.6000000000000001,0.1,-0.6000000000000001,-0.8,2.0,9.0,-20.8,-12.700000000000001,-24.400000000000002,16
17868,299023.0,-1.0,0.2,-0.6000000000000001,-1.0,2.0,9.1,-19.400000000000002,-11.1,-22.4,16
17869,299041.0,-1.0,0.2,-0.6000000000000001,-1.0,1.9000000000000001,9.0,-18.6,-8.799999999999999,-20.7,16
17870,299057.0,-1.1,0.2,-0.6000000000000001,-1.1,1.9000000000000001,9.0,-18.3,-6.5,-18.3,16
17871,299073.0,-1.1,0.1,-0.6000000000000001,-1.1,1.7000000000000002,9.0,-18.900000000000002,-5.4,-14.3,16
17872,299090.0,-1.1,0.1,-0.6000000000000001,-1.1,1.7000000000000002,9.1,-17.8,-4.0,-9.4,16
17873,299109.0,-1.0,0.0,-0.5,-1.0,1.6,9.200000000000001,-17.8,-4.0,-9.4,16
17874,299128.0,-1.1,0.1,-0.5,-1.0,1.5,9.1,-11.1,-5.4,-0.7,16
17875,299140.0,-1.1,0.1,-0.5,-1.1,1.7000000000000002,9.1,-7.699999999999999,-7.0,4.1000000000000005,16
17876,299157.0,-1.1,0.4,-0.5,-1.1,1.9000000000000001,9.200000000000001,-5.8,-9.4,8.799999999999999,16
17877,299175.0,-1.1,0.6000000000000001,-0.4,-1.0,2.0,9.200000000000001,-4.2,-9.700000000000001,12.8,16
17878,299190.0,-1.1,0.7000000000000001,-0.2,-1.0,2.2,9.5,-3.2,-6.9,14.700000000000001,16
17879,299207.0,-1.2000000000000002,1.0,0.1,-1.2000000000000002,2.4000000000000004,9.8,-0.4,-3.0000000000000004,16.0,16
17880,299224.0,-1.3,1.1,0.30000000000000004,-1.1,2.6,10.100000000000001,1.0,-2.7,16.5,16
17881,299240.0,-1.0,1.3,0.5,-0.8,2.7,10.200000000000001,0.2,-2.0,16.0,16
17882,299258.0,-0.6000000000000001,1.2000000000000002,0.8,-0.5,2.7,10.4,-0.7,-0.2,14.200000000000001,16
17883,299273.0,-0.5,1.2000000000000002,0.8,-0.2,2.6,10.600000000000001,-2.0,2.4000000000000004,11.8,16
17884,299290.0,-0.2,0.9,1.1,0.0,2.3000000000000003,10.8,-4.1000000000000005,2.5,10.1,16
17885,299309.0,0.30000000000000004,0.7000000000000001,1.4000000000000001,0.5,2.1,11.100000000000001,-6.2,1.6,9.0,16
17886,299323.0,0.7000000000000001,0.5,1.7000000000000002,0.8,1.9000000000000001,11.3,-3.1,6.5,9.3,16
17887,299340.0,0.6000000000000001,0.4,1.7000000000000002,0.5,1.9000000000000001,11.4,8.3,15.100000000000001,10.9,16
17888,299357.0,0.0,0.7000000000000001,1.9000000000000001,0.0,2.3000000000000003,11.600000000000001,21.200000000000003,17.5,14.0,16
17889,299381.0,-0.30000000000000004,1.1,2.3000000000000003,-0.30000000000000004,2.7,11.9,28.3,9.4,16.900000000000002,16
17890,299390.0,-0.30000000000000004,1.2000000000000002,2.5,-0.1,2.9000000000000004,12.200000000000001,30.7,1.0,18.5,16
17891,299407.0,0.2,1.2000000000000002,2.6,0.2,3.0,12.3,32.1,-3.8,16.8,16
17892,299423.0,0.30000000000000004,1.1,2.3000000000000003,0.4,3.0,12.0,32.300000000000004,-6.4,14.3,16
17893,299441.0,0.6000000000000001,1.1,2.1,0.9,3.0,11.600000000000001,27.5,-2.8,12.9,16
17894,299457.0,1.0,0.9,1.6,1.1,2.9000000000000004,11.200000000000001,22.1,7.1000000000000005,14.0,16
17895,299481.0,1.5,0.4,1.1,1.5,2.5,10.8,19.8,17.5,15.299999999999999,16
17896,299490.0,1.6,0.1,0.8,1.7000000000000002,2.1,10.100000000000001,22.2,22.8,13.0,16
17897,299508.0,1.8,-0.4,0.0,1.7000000000000002,1.8,9.5,26.3,27.5,10.0,16
17898,299523.0,1.7000000000000002,-0.7000000000000001,-0.8,1.6,1.6,8.8,30.299999999999997,32.0,6.2,16
17899,299540.0,1.5,-0.9,-1.2000000000000002,1.2000000000000002,1.4000000000000001,8.3,32.1,30.799999999999997,3.0000000000000004,16
17900,299558.0,1.2000000000000002,-1.2000000000000002,-1.6,1.0,1.3,7.800000000000001,31.099999999999998,26.9,-0.2,16
17901,299577.0,1.0,-1.4000000000000001,-2.0,0.7000000000000001,1.2000000000000002,7.5,28.1,21.1,-4.1000000000000005,16
17902,299590.0,0.9,-1.5,-2.1,0.5,1.1,7.300000000000001,24.5,15.299999999999999,-6.6000000000000005,16
17903,299607.0,0.8,-1.6,-2.3000000000000003,0.4,1.0,7.2,19.500000000000004,9.1,-9.200000000000001,16
17904,299623.0,0.8,-1.7000000000000002,-2.2,0.30000000000000004,1.0,7.300000000000001,12.100000000000001,3.2,-12.4,16
17905,299641.0,0.8,-1.7000000000000002,-1.8,0.30000000000000004,1.0,7.6000000000000005,2.0,-3.8,-15.6,16
17906,299657.0,0.7000000000000001,-1.7000000000000002,-1.5,0.30000000000000004,1.0,8.0,-8.1,-10.600000000000001,-17.8,16
17907,299679.0,0.6000000000000001,-1.5,-1.0,0.2,1.1,8.5,-17.9,-18.400000000000002,-17.599999999999998,16
17908,299690.0,0.7000000000000001,-1.4000000000000001,-0.6000000000000001,0.4,1.1,8.9,-28.500000000000004,-27.3,-15.9,16
17909,299707.0,0.8,-1.4000000000000001,-0.30000000000000004,0.6000000000000001,1.1,9.4,-37.1,-33.2,-14.0,16
17910,299723.0,0.9,-1.2000000000000002,0.30000000000000004,0.7000000000000001,1.1,9.9,-40.0,-34.1,-11.700000000000001,16
17911,299740.0,0.6000000000000001,-0.9,0.7000000000000001,0.5,1.3,10.200000000000001,-35.4,-29.800000000000004,-8.200000000000001,16
17912,299757.0,0.4,-0.7000000000000001,0.7000000000000001,0.4,1.5,10.200000000000001,-24.5,-23.700000000000003,-5.4,16
17913,299779.0,0.2,-0.4,0.5,0.2,1.6,10.0,-14.100000000000001,-18.1,-3.9,16
17914,299790.0,-0.1,-0.2,0.30000000000000004,0.0,1.8,9.8,-6.7,-13.700000000000001,-4.7,16
17915,299807.0,-0.30000000000000004,-0.1,0.1,-0.2,2.0,9.600000000000001,-2.7,-11.700000000000001,-7.500000000000001,16
17916,299824.0,-0.5,0.1,-0.2,-0.4,2.1,9.3,-0.4,-10.1,-10.1,16
17917,299840.0,-0.5,0.1,-0.7000000000000001,-0.30000000000000004,2.1,8.9,-0.1,-7.9,-12.8,16
17918,299857.0,-0.5,0.1,-0.9,-0.4,2.1,8.5,-2.4000000000000004,-4.800000000000001,-15.7,16
17919,299879.0,-0.6000000000000001,0.1,-1.3,-0.4,2.1,8.3,-5.9,-3.2,-17.7,16
17920,299890.0,-0.7000000000000001,0.1,-1.4000000000000001,-0.5,2.1,8.1,-9.9,-3.1,-18.7,16
17921,299907.0,-0.7000000000000001,0.0,-1.4000000000000001,-0.5,2.0,8.200000000000001,-13.100000000000001,-3.8,-19.1,16
17922,299925.0,-0.7000000000000001,0.0,-1.2000000000000002,-0.5,1.9000000000000001,8.4,-16.3,-6.7,-20.5,16
17923,299941.0,-0.8,0.0,-0.9,-0.6000000000000001,1.9000000000000001,8.700000000000001,-17.8,-10.9,-21.3,16
17924,299958.0,-0.7000000000000001,0.1,-0.7000000000000001,-0.5,1.9000000000000001,9.0,-17.400000000000002,-14.700000000000001,-21.5,16
17925,299983.0,-0.8,0.30000000000000004,-0.2,-0.6000000000000001,2.0,9.3,-14.600000000000001,-16.8,-20.900000000000002,16
17926,299990.0,-0.8,0.4,0.0,-0.6000000000000001,2.1,9.600000000000001,-11.4,-17.7,-19.9,16
17927,300006.0,-1.0,0.5,0.2,-0.8,2.3000000000000003,10.0,-9.600000000000001,-20.5,-18.8,16
17928,300023.0,-1.3,0.8,0.7000000000000001,-1.0,2.6,10.3,-8.5,-23.0,-16.8,16
17929,300040.0,-1.4000000000000001,1.1,0.9,-1.0,2.8000000000000003,10.5,-9.700000000000001,-23.400000000000002,-14.900000000000002,16
17930,300056.0,-1.4000000000000001,1.1,1.2000000000000002,-1.0,2.8000000000000003,11.0,-11.5,-23.5,-13.4,16
17931,300160.0,-1.5,0.5,1.0,-1.2000000000000002,2.3000000000000003,10.600000000000001,17.1,25.6,-17.200000000000003,16
17932,300174.0,-1.5,0.4,1.1,-1.3,2.2,10.700000000000001,17.7,23.3,-17.599999999999998,16
17933,300191.0,-1.2000000000000002,0.30000000000000004,1.1,-1.1,2.2,10.700000000000001,11.5,15.6,-18.0,16
17934,300217.0,-1.1,0.2,0.7000000000000001,-1.0,2.1,10.4,5.2,13.100000000000001,-17.599999999999998,16
17935,300226.0,-1.2000000000000002,0.1,0.5,-1.2000000000000002,2.0,10.200000000000001,3.1,13.6,-13.9,16
17936,300240.0,-1.2000000000000002,0.0,0.4,-1.3,1.9000000000000001,10.0,-0.8,13.3,-9.5,16
17937,300256.0,-1.3,-0.2,0.30000000000000004,-1.4000000000000001,1.7000000000000002,10.0,-3.4,13.100000000000001,-5.2,16
17938,300273.0,-1.3,-0.4,0.5,-1.4000000000000001,1.5,10.200000000000001,-2.8,13.8,-1.2000000000000002,16
17939,300290.0,-1.1,-0.5,0.7000000000000001,-1.2000000000000002,1.3,10.4,-0.7,14.500000000000002,1.4,16
17940,300307.0,-0.7000000000000001,-0.7000000000000001,1.0,-0.9,1.2000000000000002,10.700000000000001,-0.5,13.3,2.8,16
17941,300323.0,-0.4,-0.9,1.1,-0.4,0.9,10.8,-1.4,10.8,3.6,16
17942,300340.0,0.5,-1.0,1.0,0.2,0.8,10.600000000000001,-0.4,14.500000000000002,4.7,16
17943,300357.0,0.6000000000000001,-1.3,0.9,0.30000000000000004,0.5,10.600000000000001,-1.7,15.000000000000002,7.1000000000000005,16
17944,300373.0,1.0,-1.4000000000000001,1.1,0.9,0.4,10.700000000000001,2.4000000000000004,16.0,9.700000000000001,16
17945,300391.0,1.5,-1.5,0.9,1.1,0.30000000000000004,10.5,10.600000000000001,19.700000000000003,11.6,16
17946,300407.0,1.7000000000000002,-1.5,0.6000000000000001,1.2000000000000002,0.4,10.3,19.0,20.3,12.4,16
17947,300423.0,1.7000000000000002,-1.4000000000000001,0.4,1.1,0.7000000000000001,9.9,24.7,19.700000000000003,13.6,16
17948,300440.0,1.5,-1.1,-0.1,1.0,1.0,9.4,25.700000000000003,16.6,15.7,16
17949,300457.0,1.5,-0.8,-0.6000000000000001,1.0,1.3,9.0,23.6,13.5,17.8,16
17950,300475.0,1.4000000000000001,-0.7000000000000001,-0.9,0.9,1.5,8.8,19.6,10.3,18.8,16
17951,300490.0,1.4000000000000001,-0.6000000000000001,-1.0,0.8,1.6,8.6,15.9,7.1000000000000005,18.7,16
17952,300507.0,1.2000000000000002,-0.5,-1.2000000000000002,0.7000000000000001,1.7000000000000002,8.4,12.200000000000001,4.3999999999999995,16.8,16
17953,300524.0,0.8,-0.4,-1.2000000000000002,0.30000000000000004,1.9000000000000001,8.4,6.1000000000000005,1.5000000000000002,13.4,16
17954,300540.0,0.4,-0.2,-1.1,-0.30000000000000004,2.1,8.6,-4.2,-3.7000000000000006,10.700000000000001,16
17955,300557.0,-0.2,-0.1,-0.8,-0.7000000000000001,2.1,8.8,-16.8,-9.5,10.0,16
17956,300577.0,-0.4,-0.2,-0.6000000000000001,-0.8,2.0,9.0,-26.8,-10.1,10.2,16
17957,300590.0,-0.4,-0.30000000000000004,-0.5,-0.9,1.7000000000000002,9.200000000000001,-28.900000000000002,-4.300000000000001,11.6,16
17958,300609.0,-0.5,-0.4,-0.30000000000000004,-1.0,1.6,9.4,-25.0,4.5,14.3,16
17959,300625.0,-0.6000000000000001,-0.5,-0.1,-1.1,1.4000000000000001,9.5,-16.1,10.8,19.200000000000003,16
17960,300640.0,-0.6000000000000001,-0.5,-0.2,-1.1,1.5,9.4,-4.300000000000001,14.0,24.6,16
17961,300657.0,-0.5,-0.4,-0.4,-0.9,1.5,9.1,6.7,13.6,28.1,16
17962,300675.0,-0.30000000000000004,-0.30000000000000004,-0.9,-0.8,1.7000000000000002,8.700000000000001,15.000000000000002,11.5,29.1,16
17963,300691.0,-0.30000000000000004,-0.2,-1.1,-0.8,1.9000000000000001,8.4,18.3,8.9,29.600000000000005,16
17964,300707.0,-0.2,0.0,-1.4000000000000001,-0.7000000000000001,2.1,8.1,17.7,5.4,30.799999999999997,16
17965,300724.0,-0.1,0.2,-1.6,-0.6000000000000001,2.3000000000000003,7.9,15.000000000000002,3.9,32.300000000000004,16
17966,300740.0,-0.1,0.30000000000000004,-1.6,-0.6000000000000001,2.5,7.800000000000001,9.5,-0.1,33.1,16
17967,300757.0,0.0,0.4,-1.7000000000000002,-0.5,2.6,7.9,2.9,-2.1,33.2,16
17968,300775.0,-0.1,0.6000000000000001,-1.4000000000000001,-0.5,2.8000000000000003,8.1,-3.2,-4.0,32.7,16
17969,300794.0,-0.2,0.7000000000000001,-0.9,-0.6000000000000001,2.9000000000000004,8.5,-6.9,-3.8,31.900000000000002,16
17970,300807.0,-0.2,0.8,-0.6000000000000001,-0.6000000000000001,3.0,8.9,-6.2,-1.8,31.6,16
17971,300824.0,-0.30000000000000004,0.9,-0.4,-0.7000000000000001,3.1,9.1,-3.9,-0.30000000000000004,31.2,16
17972,300840.0,-0.30000000000000004,0.9,-0.2,-0.6000000000000001,3.1,9.5,-1.0999999999999999,-0.1,29.700000000000003,16
17973,300857.0,-0.2,1.0,0.1,-0.5,3.2,9.600000000000001,1.0999999999999999,0.9,26.9,16
17974,300874.0,-0.2,1.1,0.30000000000000004,-0.5,3.3000000000000003,9.8,1.4,0.5,24.400000000000002,16
17975,300892.0,-0.2,1.2000000000000002,0.6000000000000001,-0.5,3.4000000000000004,10.0,0.30000000000000004,-0.30000000000000004,22.5,16
17976,300908.0,-0.1,1.2000000000000002,0.7000000000000001,-0.4,3.4000000000000004,10.200000000000001,0.30000000000000004,0.9,21.5,16
17977,300923.0,0.0,1.2000000000000002,0.8,-0.30000000000000004,3.4000000000000004,10.3,1.2000000000000002,4.0,20.8,16
17978,300940.0,0.1,1.2000000000000002,0.8,-0.1,3.4000000000000004,10.3,2.5,6.3,19.8,16
17979,300957.0,0.30000000000000004,1.1,0.7000000000000001,0.0,3.4000000000000004,10.200000000000001,5.2,10.1,17.8,16
17980,300974.0,0.30000000000000004,1.1,0.6000000000000001,-0.1,3.4000000000000004,10.100000000000001,9.1,14.500000000000002,16.1,16
17981,301000.0,-0.1,1.3,0.4,-0.6000000000000001,3.7,9.9,12.5,18.8,13.4,16
17982,301006.0,-0.1,1.3,0.4,-0.6000000000000001,3.7,9.9,12.5,18.8,13.4,16
17983,301023.0,-0.30000000000000004,1.4000000000000001,0.5,-0.8,3.8000000000000003,10.0,11.5,16.400000000000002,12.200000000000001,16
17984,301040.0,-0.30000000000000004,1.3,1.0,-0.8,3.8000000000000003,10.5,5.0,5.2,10.3,16
17985,301056.0,0.0,1.1,1.1,-0.30000000000000004,3.5,10.5,-4.3999999999999995,-5.500000000000001,6.8,16
17986,301073.0,0.6000000000000001,0.7000000000000001,0.9,0.1,3.2,10.4,-8.0,-4.800000000000001,3.1,16
17987,301090.0,0.6000000000000001,0.6000000000000001,0.8,0.2,2.9000000000000004,10.3,-6.4,3.2,1.9,16
17988,301119.0,0.4,0.2,0.6000000000000001,0.0,2.6,10.200000000000001,-1.3,13.100000000000001,3.4,16
17989,301123.0,0.4,0.2,0.6000000000000001,0.0,2.6,10.200000000000001,-1.3,13.100000000000001,3.4,16
17990,301140.0,0.30000000000000004,-0.1,0.5,-0.2,2.4000000000000004,10.100000000000001,1.6,13.5,4.300000000000001,16
17991,301157.0,0.30000000000000004,-0.2,0.30000000000000004,-0.1,2.2,9.8,3.9,9.8,4.1000000000000005,16
17992,301173.0,0.4,-0.4,0.0,0.0,2.1,9.5,7.1000000000000005,6.9,3.6,16
17993,301190.0,0.5,-0.5,-0.2,0.0,2.1,9.5,7.1000000000000005,6.9,3.6,16
17994,301207.0,0.8,-0.8,-0.6000000000000001,0.30000000000000004,1.6,8.9,9.8,1.3,1.2000000000000002,16
17995,301224.0,0.9,-1.0,-0.8,0.4,1.5,8.700000000000001,7.699999999999999,-2.1,0.2,16
17996,301240.0,0.8,-1.1,-1.0,0.4,1.4000000000000001,8.5,4.7,-3.6,0.2,16
17997,301257.0,0.8,-1.2000000000000002,-1.1,0.4,1.3,8.4,0.9,-5.0,0.30000000000000004,16
17998,301273.0,0.8,-1.4000000000000001,-1.1,0.4,1.1,8.4,-3.8,-5.500000000000001,-1.4,16
17999,301290.0,0.7000000000000001,-1.5,-1.0,0.2,1.0,8.5,-8.799999999999999,-6.1000000000000005,-4.0,16
18000,301307.0,0.5,-1.5,-0.9,0.0,0.9,8.6,-14.4,-7.400000000000001,-5.7,16
18001,301323.0,0.2,-1.4000000000000001,-0.8,-0.2,0.9,8.8,-21.1,-10.0,-5.300000000000001,16
18002,301340.0,0.0,-1.4000000000000001,-0.6000000000000001,-0.30000000000000004,0.9,9.0,-28.700000000000003,-14.200000000000001,-2.9,16
18003,301357.0,-0.1,-1.3,-0.4,-0.4,0.9,9.4,-36.4,-20.5,0.8,16
18004,301373.0,0.0,-1.2000000000000002,0.0,-0.2,0.9,9.700000000000001,-40.8,-24.9,5.500000000000001,16
18005,301390.0,0.2,-1.0,0.30000000000000004,0.1,0.9,10.0,-38.800000000000004,-24.7,10.2,16
18006,301407.0,0.30000000000000004,-0.9,0.5,0.2,1.0,10.200000000000001,-31.0,-21.400000000000002,13.8,16
18007,301424.0,0.2,-0.6000000000000001,0.5,0.1,1.3,10.100000000000001,-20.3,-18.0,15.2,16
18008,301440.0,0.0,-0.30000000000000004,0.2,0.0,1.5,9.8,-10.700000000000001,-14.700000000000001,15.100000000000001,16
18009,301457.0,-0.30000000000000004,0.1,-0.2,-0.2,1.8,9.5,-4.0,-12.4,14.700000000000001,16
18010,301474.0,-0.4,0.30000000000000004,-0.5,-0.4,2.1,9.1,0.30000000000000004,-9.9,15.100000000000001,16
18011,301493.0,-0.6000000000000001,0.6000000000000001,-0.8,-0.5,2.4000000000000004,8.8,1.8,-7.9,14.3,16
18012,301509.0,-0.7000000000000001,0.8,-1.0,-0.5,2.5,8.6,0.7,-6.9,11.9,16
18013,301523.0,-0.7000000000000001,0.9,-1.1,-0.6000000000000001,2.6,8.6,-2.0,-6.1000000000000005,8.200000000000001,16
18014,301540.0,-0.7000000000000001,0.9,-1.1,-0.5,2.6,8.6,-5.1,-4.7,3.1,16
18015,301557.0,-0.8,0.9,-1.0,-0.6000000000000001,2.6,8.6,-9.200000000000001,-3.4,-2.9,16
18016,301573.0,-0.9,0.9,-1.0,-0.8,2.6,8.700000000000001,-13.200000000000001,-3.3000000000000003,-7.8,16
18017,301590.0,-1.2000000000000002,1.0,-0.9,-1.0,2.6,8.9,-14.600000000000001,-2.8,-10.0,16
18018,301607.0,-1.2000000000000002,1.0,-0.5,-1.0,2.6,9.1,-12.9,-2.8,-10.5,16
18019,301623.0,-1.3,1.0,-0.4,-1.0,2.5,9.4,-11.6,-7.1000000000000005,-11.1,16
18020,301640.0,-1.1,0.8,0.1,-0.8,2.3000000000000003,9.8,-10.9,-14.100000000000001,-12.700000000000001,16
18021,301657.0,-0.8,0.7000000000000001,0.6000000000000001,-0.6000000000000001,2.2,10.3,-8.5,-19.400000000000002,-14.3,16
18022,301673.0,-0.7000000000000001,0.6000000000000001,0.7000000000000001,-0.30000000000000004,2.1,10.4,-3.9,-17.7,-15.299999999999999,16
18023,301690.0,-0.6000000000000001,0.6000000000000001,1.0,-0.4,2.2,10.700000000000001,2.3000000000000003,-9.9,-15.7,16
18024,301709.0,-1.1,0.7000000000000001,1.0,-0.8,2.3000000000000003,10.700000000000001,9.8,0.4,-12.3,16
18025,301724.0,-1.3,0.8,0.9,-1.2000000000000002,2.4000000000000004,10.600000000000001,11.6,6.8,-7.8,16
18026,301740.0,-1.6,0.8,0.9,-1.3,2.4000000000000004,10.600000000000001,8.700000000000001,8.4,-4.7,16
18027,301760.0,-1.6,0.7000000000000001,1.1,-1.4000000000000001,2.4000000000000004,10.9,6.4,10.2,-4.1000000000000005,16
18028,301775.0,-1.8,0.8,1.6,-1.6,2.5,11.3,6.3,10.4,-4.9,16
18029,301790.0,-1.7000000000000002,0.8,1.9000000000000001,-1.4000000000000001,2.6,11.8,0.4,1.5000000000000002,-5.1,16
18030,301807.0,-1.0,0.9,2.3000000000000003,-0.8,2.6,12.0,-10.5,-7.1000000000000005,-4.800000000000001,16
18031,301823.0,-0.4,0.8,2.2,-0.30000000000000004,2.5,12.0,-15.100000000000001,-4.7,-0.30000000000000004,16
18032,301840.0,0.0,0.6000000000000001,2.1,0.30000000000000004,2.1,12.100000000000001,-15.9,2.1999999999999997,4.3999999999999995,16
18033,301857.0,0.5,0.2,2.4000000000000004,0.8,1.8,12.200000000000001,-9.4,8.5,7.2,16
18034,301874.0,1.1,-0.2,2.5,1.2000000000000002,1.4000000000000001,12.4,5.500000000000001,18.0,6.6000000000000005,16
18035,301891.0,1.3,-0.5,2.3000000000000003,1.5,1.1,11.8,19.700000000000003,18.2,1.2000000000000002,16
18036,301908.0,1.8,-0.8,1.2000000000000002,1.8,0.9,10.8,29.500000000000004,16.6,-6.6000000000000005,16
18037,301924.0,2.0,-1.0,-0.30000000000000004,2.0,0.8,9.600000000000001,32.2,14.600000000000001,-14.500000000000002,16
18038,301941.0,2.1,-1.0,-1.0,2.1,0.8,8.5,26.700000000000003,15.8,-20.6,16
18039,301958.0,2.1,-1.1,-1.8,1.9000000000000001,0.8,7.9,16.2,16.900000000000002,-24.7,16
18040,301974.0,2.0,-1.1,-2.0,1.8,0.9,7.800000000000001,2.4000000000000004,14.500000000000002,-26.200000000000003,16
18041,301998.0,1.7000000000000002,-1.0,-1.7000000000000002,1.5,0.9,8.0,-10.0,9.200000000000001,-25.5,16
18042,302007.0,1.6,-1.0,-1.5,1.3,0.8,8.3,-18.0,2.5,-24.400000000000002,16
18043,302023.0,1.4000000000000001,-1.0,-1.2000000000000002,1.2000000000000002,0.7000000000000001,8.6,-21.3,-3.8,-23.5,16
18044,302040.0,1.2000000000000002,-0.9,-1.1,0.9,0.9,8.700000000000001,-20.6,-8.700000000000001,-21.1,16
18045,302056.0,0.8,-0.6000000000000001,-0.9,0.5,1.1,9.0,-17.7,-11.9,-16.400000000000002,16
18046,302073.0,0.30000000000000004,-0.30000000000000004,-0.4,0.1,1.3,9.4,-12.8,-15.8,-10.8,16
18047,302090.0,0.1,-0.2,-0.2,0.0,1.4000000000000001,9.5,-8.799999999999999,-21.1,-7.8,16
18048,302106.0,0.1,-0.2,-0.30000000000000004,0.1,1.4000000000000001,9.4,-6.5,-23.3,-8.4,16
18049,302123.0,0.0,-0.1,-0.6000000000000001,0.1,1.4000000000000001,9.200000000000001,-6.4,-21.3,-11.2,16
18050,302140.0,-0.2,0.0,-0.6000000000000001,-0.2,1.6,9.0,-8.3,-15.399999999999999,-13.200000000000001,16
18051,302156.0,-0.5,0.1,-0.9,-0.4,1.6,8.8,-11.1,-7.400000000000001,-13.700000000000001,16
18052,302173.0,-0.8,0.1,-1.1,-0.7000000000000001,1.6,8.6,-12.3,1.7,-13.0,16
18053,302190.0,-0.9,0.2,-1.2000000000000002,-1.0,1.6,8.6,-12.200000000000001,10.0,-10.9,16
18054,302206.0,-1.1,0.2,-1.2000000000000002,-1.1,1.6,8.6,-12.000000000000002,12.200000000000001,-8.700000000000001,16
18055,302223.0,-1.2000000000000002,0.2,-1.2000000000000002,-1.2000000000000002,1.6,8.5,-12.5,11.3,-6.2,16
18056,302240.0,-1.1,0.2,-1.2000000000000002,-1.1,1.5,8.5,-11.1,8.200000000000001,-3.1,16
18057,302258.0,-1.0,0.2,-1.3,-1.0,1.5,8.4,-7.8,5.4,0.2,16
18058,302273.0,-0.8,0.1,-1.3,-0.9,1.4000000000000001,8.4,-2.8,4.300000000000001,3.8,16
18059,302290.0,-1.0,0.30000000000000004,-1.2000000000000002,-1.1,1.6,8.5,-1.0,1.2000000000000002,7.699999999999999,16
18060,302307.0,-1.1,0.4,-1.0,-1.3,1.8,8.700000000000001,-2.1,-6.7,11.8,16
18061,302324.0,-1.3,0.7000000000000001,-0.8,-1.3,2.0,8.9,-2.5,-13.100000000000001,16.5,16
18062,302341.0,-0.9,0.8,-0.5,-0.9,2.1,9.200000000000001,-0.1,-9.0,19.9,16
18063,302357.0,-0.7000000000000001,0.9,-0.2,-0.8,2.2,9.700000000000001,1.9,-0.7,20.6,16
18064,302374.0,-0.8,1.0,0.4,-0.7000000000000001,2.3000000000000003,10.100000000000001,3.0000000000000004,-0.30000000000000004,21.1,16
18065,302390.0,-0.4,1.1,0.7000000000000001,-0.4,2.4000000000000004,10.4,3.4,4.9,21.3,16
18066,302407.0,-0.30000000000000004,1.0,1.0,-0.30000000000000004,2.4000000000000004,10.8,2.7,13.4,20.4,16
18067,302425.0,-0.1,0.9,1.3,-0.1,2.3000000000000003,11.0,3.6,17.7,19.9,16
18068,302440.0,0.1,0.9,1.4000000000000001,-0.1,2.3000000000000003,11.0,3.6,17.7,19.9,16
18069,302457.0,0.6000000000000001,0.5,1.6,0.5,1.9000000000000001,11.5,7.2,24.6,16.400000000000002,16
18070,302474.0,0.9,0.4,1.6,0.7000000000000001,1.8,11.3,11.700000000000001,26.6,13.700000000000001,16
18071,302490.0,0.7000000000000001,0.4,1.5,0.4,1.9000000000000001,11.200000000000001,17.200000000000003,28.700000000000003,11.9,16
18072,302507.0,0.4,0.5,1.5,-0.2,2.2,11.3,18.6,23.3,12.8,16
18073,302523.0,0.0,0.9,1.7000000000000002,-0.5,2.5,11.5,14.800000000000002,11.700000000000001,14.700000000000001,16
18074,302540.0,-0.1,1.1,1.9000000000000001,-0.5,2.7,11.700000000000001,10.5,-0.4,15.6,16
18075,302557.0,0.0,1.2000000000000002,2.1,-0.30000000000000004,2.9000000000000004,12.0,8.3,-8.5,15.7,16
18076,302583.0,0.6000000000000001,1.0,2.2,0.1,2.8000000000000003,12.0,7.400000000000001,-12.000000000000002,14.500000000000002,16
18077,302590.0,0.8,0.8,2.1,0.5,2.5,11.8,7.1000000000000005,-10.700000000000001,10.9,16
18078,302607.0,0.9,0.6000000000000001,1.9000000000000001,0.7000000000000001,2.2,11.5,8.700000000000001,-4.2,6.6000000000000005,16
18079,302623.0,1.0,0.2,1.4000000000000001,0.8,1.9000000000000001,11.0,11.4,4.5,4.6000000000000005,16
18080,302640.0,1.2000000000000002,-0.4,0.5,1.0,1.4000000000000001,10.200000000000001,14.4,11.4,4.2,16
18081,302657.0,1.4000000000000001,-0.7000000000000001,0.0,1.0,0.9,9.5,19.700000000000003,18.0,3.2,16
18082,302679.0,1.2000000000000002,-1.2000000000000002,-0.9,0.9,0.8,9.0,28.200000000000003,20.5,1.4,16
18083,302690.0,1.2000000000000002,-1.4000000000000001,-1.3,0.7000000000000001,0.6000000000000001,8.4,35.0,18.2,-1.0999999999999999,16
18084,302708.0,1.1,-1.6,-1.9000000000000001,0.6000000000000001,0.5,7.9,39.2,13.3,-5.1,16
18085,302723.0,1.0,-1.7000000000000002,-2.1,0.4,0.5,7.5,38.900000000000006,10.2,-9.3,16
18086,302740.0,0.7000000000000001,-1.7000000000000002,-2.2,0.2,0.6000000000000001,7.4,34.800000000000004,4.6000000000000005,-12.4,16
18087,302757.0,0.5,-1.7000000000000002,-2.2,0.0,0.7000000000000001,7.300000000000001,25.0,-2.0,-14.700000000000001,16
18088,302781.0,0.4,-1.7000000000000002,-2.0,0.0,0.7000000000000001,7.5,9.700000000000001,-12.200000000000001,-16.3,16
18089,302790.0,0.5,-1.7000000000000002,-1.8,0.0,0.6000000000000001,7.800000000000001,-6.2,-20.5,-16.8,16
18090,302807.0,0.4,-1.8,-1.2000000000000002,0.0,0.5,8.4,-19.500000000000004,-24.9,-16.3,16
18091,302823.0,0.30000000000000004,-1.8,-0.8,-0.1,0.5,9.0,-27.400000000000002,-27.400000000000002,-14.600000000000001,16
18092,302840.0,0.0,-1.6,-0.2,-0.30000000000000004,0.6000000000000001,9.5,-30.599999999999998,-28.0,-11.1,16
18093,302857.0,-0.30000000000000004,-1.3,0.30000000000000004,-0.5,0.8,9.9,-28.6,-27.400000000000002,-5.2,16
18094,302884.0,-0.4,-1.2000000000000002,0.4,-0.5,0.8,10.0,-21.400000000000002,-24.200000000000003,0.0,16
18095,302890.0,-0.4,-1.1,0.4,-0.5,0.9,10.0,-12.5,-20.8,3.4,16
18096,302907.0,-0.6000000000000001,-0.8,0.2,-0.6000000000000001,1.1,9.8,-3.7000000000000006,-18.6,5.6,16
18097,302923.0,-0.7000000000000001,-0.6000000000000001,0.0,-0.6000000000000001,1.4000000000000001,9.4,3.7000000000000006,-17.400000000000002,7.400000000000001,16
18098,302940.0,-0.7000000000000001,-0.4,-0.6000000000000001,-0.6000000000000001,1.6,8.9,7.9,-15.6,8.5,16
18099,302957.0,-0.6000000000000001,-0.2,-1.1,-0.4,1.8,8.5,8.700000000000001,-13.9,7.500000000000001,16
18100,302986.0,-0.4,0.0,-1.4000000000000001,-0.30000000000000004,1.9000000000000001,8.200000000000001,5.0,-13.8,4.2,16
18101,302991.0,-0.30000000000000004,0.1,-1.5,-0.1,2.0,8.1,-1.9,-14.200000000000001,0.0,16
18102,303007.0,-0.30000000000000004,0.2,-1.5,-0.1,2.2,8.1,-9.0,-14.800000000000002,-3.2,16
18103,303025.0,-0.4,0.30000000000000004,-1.2000000000000002,-0.1,2.2,8.4,-15.6,-16.3,-4.3999999999999995,16
18104,303040.0,-0.30000000000000004,0.30000000000000004,-1.1,0.1,2.2,8.5,-19.1,-15.399999999999999,-5.300000000000001,16
18105,303057.0,-0.30000000000000004,0.4,-0.7000000000000001,0.0,2.2,8.9,-19.500000000000004,-13.0,-7.2,16
18106,303098.0,-0.7000000000000001,0.6000000000000001,0.30000000000000004,-0.2,2.3000000000000003,9.8,-16.0,-16.0,-13.0,16
18107,303107.0,-0.8,0.7000000000000001,0.4,-0.4,2.4000000000000004,10.100000000000001,-12.4,-19.200000000000003,-15.5,16
18108,303123.0,-0.9,0.8,0.9,-0.4,2.5,10.5,-9.4,-21.200000000000003,-16.8,16
18109,303140.0,-1.0,0.9,1.0,-0.5,2.6,10.700000000000001,-5.0,-19.700000000000003,-16.0,16
18110,303156.0,-1.1,1.0,1.4000000000000001,-0.5,2.7,11.0,1.0,-15.9,-14.0,16
18111,303173.0,-1.1,1.0,1.4000000000000001,-0.6000000000000001,2.7,11.100000000000001,6.8,-11.1,-12.5,16
18112,303190.0,-1.2000000000000002,1.0,1.4000000000000001,-0.7000000000000001,2.7,11.0,10.8,-7.1000000000000005,-12.700000000000001,16
18113,303206.0,-1.3,1.0,1.2000000000000002,-0.7000000000000001,2.7,10.9,13.8,-2.5,-14.0,16
18114,303223.0,-1.4000000000000001,0.8,1.0,-0.8,2.7,10.700000000000001,15.399999999999999,4.2,-16.1,16
18115,303240.0,-1.5,0.8,0.9,-1.1,2.6,10.5,16.1,11.3,-17.1,16
18116,303256.0,-1.8,0.7000000000000001,0.9,-1.4000000000000001,2.6,10.5,17.8,19.0,-16.700000000000003,16
18117,303277.0,-2.0,0.7000000000000001,1.1,-1.7000000000000002,2.7,10.700000000000001,19.6,22.000000000000004,-16.700000000000003,16
18118,303291.0,-1.9000000000000001,0.6000000000000001,1.5,-1.6,2.5,11.3,12.200000000000001,8.9,-18.3,16
18119,303306.0,-1.7000000000000002,0.4,1.6,-1.3,2.4000000000000004,11.200000000000001,-0.2,-4.0,-18.900000000000002,16
18120,303324.0,-1.2000000000000002,0.2,1.4000000000000001,-0.9,2.3000000000000003,11.100000000000001,-4.300000000000001,-4.6000000000000005,-14.3,16
18121,303340.0,-1.0,0.1,1.3,-0.7000000000000001,2.1,11.0,-0.4,7.300000000000001,-8.0,16
18122,303357.0,-0.9,-0.1,1.3,-0.7000000000000001,1.9000000000000001,10.9,5.500000000000001,19.1,-1.3,16
18123,303379.0,-0.7000000000000001,-0.4,1.3,-0.6000000000000001,1.7000000000000002,10.9,9.9,23.700000000000003,3.9,16
18124,303393.0,-0.2,-0.7000000000000001,1.2000000000000002,-0.2,1.5,10.9,11.5,18.6,6.000000000000001,16
18125,303425.0,1.0,-1.0,0.6000000000000001,1.1,1.2000000000000002,10.200000000000001,12.000000000000002,7.1000000000000005,2.6,16
18126,303472.0,2.2,-1.1,-0.1,2.2,1.0,9.5,-1.6,11.700000000000001,-2.1999999999999997,16
18127,303474.0,2.2,-1.1,-0.1,2.2,1.0,9.5,-1.6,11.700000000000001,-2.1999999999999997,16
18128,303490.0,2.7,-1.1,-0.2,2.6,1.0,9.5,-4.1000000000000005,11.700000000000001,-1.8,16
18129,303506.0,2.8000000000000003,-1.1,-0.2,2.8000000000000003,1.0,9.5,-5.0,14.900000000000002,-2.1999999999999997,16
18130,303523.0,2.8000000000000003,-1.1,-0.4,2.8000000000000003,1.0,9.200000000000001,-4.6000000000000005,12.4,-3.5,16
18131,303540.0,2.6,-0.9,-0.9,2.5,1.1,8.8,-2.6,12.9,-4.9,16
18132,303556.0,2.3000000000000003,-0.8,-1.1,2.0,1.4000000000000001,8.4,-1.0,11.9,-4.9,16
18133,303573.0,1.7000000000000002,-0.4,-1.5,1.5,1.7000000000000002,8.200000000000001,-0.5,8.9,-3.0000000000000004,16
18134,303590.0,1.4000000000000001,-0.2,-1.5,1.1,2.0,8.1,-0.8,2.7,-1.0,16
18135,303606.0,1.0,0.0,-1.5,0.8,2.2,8.1,-3.3000000000000003,-6.7,-1.5000000000000002,16
18136,303623.0,0.7000000000000001,0.2,-1.5,0.6000000000000001,2.3000000000000003,8.1,-8.1,-16.5,-4.6000000000000005,16
18137,303640.0,0.5,0.4,-1.4000000000000001,0.5,2.4000000000000004,8.200000000000001,-14.0,-24.000000000000004,-8.4,16
18138,303656.0,0.4,0.4,-1.4000000000000001,0.4,2.4000000000000004,8.200000000000001,-18.7,-25.900000000000002,-10.9,16
18139,303673.0,0.2,0.4,-1.4000000000000001,0.30000000000000004,2.3000000000000003,8.3,-21.200000000000003,-20.4,-11.9,16
18140,303691.0,-0.2,0.4,-1.2000000000000002,0.30000000000000004,2.3000000000000003,8.3,-21.200000000000003,-20.4,-11.9,16
18141,303706.0,-0.5,0.4,-1.1,-0.4,2.2,8.6,-21.400000000000002,-6.5,-11.4,16
18142,303723.0,-0.8,0.4,-0.9,-0.7000000000000001,2.1,8.700000000000001,-20.3,-1.8,-11.000000000000002,16
18143,303740.0,-1.1,0.2,-0.9,-0.9,1.9000000000000001,8.8,-18.5,-0.7,-10.8,16
18144,303757.0,-1.2000000000000002,0.2,-0.9,-1.1,1.8,8.700000000000001,-16.8,-1.3,-9.4,16
18145,303775.0,-1.3,0.1,-0.9,-1.2000000000000002,1.7000000000000002,8.8,-15.8,-4.1000000000000005,-5.9,16
18146,303792.0,-1.3,0.1,-0.9,-1.2000000000000002,1.7000000000000002,8.8,-15.8,-4.1000000000000005,-5.9,16
18147,303807.0,-1.2000000000000002,0.0,-1.0,-1.0,1.5,8.700000000000001,-12.5,-9.600000000000001,6.5,16
18148,303823.0,-1.1,0.0,-0.9,-0.8,1.5,8.8,-10.5,-9.8,13.0,16
18149,303840.0,-1.0,0.1,-0.6000000000000001,-0.7000000000000001,1.6,9.0,-8.600000000000001,-9.8,19.0,16
18150,303857.0,-0.9,0.2,-0.4,-0.7000000000000001,1.8,9.3,-6.6000000000000005,-9.700000000000001,23.2,16
18151,303875.0,-1.0,0.6000000000000001,-0.1,-0.7000000000000001,2.1,9.600000000000001,-4.0,-8.600000000000001,26.1,16
18152,303890.0,-0.9,1.0,0.2,-0.6000000000000001,2.4000000000000004,9.9,-1.9,-6.6000000000000005,28.1,16
18153,303907.0,-0.8,1.1,0.4,-0.30000000000000004,2.6,10.200000000000001,0.30000000000000004,-3.8,27.8,16
18154,303923.0,-0.4,1.3,0.7000000000000001,0.0,2.8000000000000003,10.5,2.5,0.30000000000000004,24.7,16
18155,303940.0,-0.1,1.4000000000000001,1.0,0.30000000000000004,2.9000000000000004,10.600000000000001,5.0,4.300000000000001,20.0,16
18156,303957.0,0.1,1.5,1.0,0.4,3.0,10.700000000000001,6.3,9.1,15.399999999999999,16
18157,303973.0,0.2,1.4000000000000001,1.0,0.6000000000000001,3.0,10.700000000000001,4.0,11.9,11.700000000000001,16
18158,304001.0,0.4,1.3,1.1,0.7000000000000001,2.8000000000000003,10.8,-2.1999999999999997,19.400000000000002,9.200000000000001,16
18159,304006.0,0.4,1.3,1.1,0.7000000000000001,2.8000000000000003,10.8,-2.1999999999999997,19.400000000000002,9.200000000000001,16
18160,304023.0,0.5,1.2000000000000002,1.1,0.6000000000000001,2.7,10.8,1.3,25.900000000000002,9.3,16
18161,304040.0,0.2,1.2000000000000002,1.3,0.2,2.8000000000000003,11.100000000000001,7.2,29.600000000000005,8.799999999999999,16
18162,304056.0,-0.4,1.4000000000000001,2.0,-0.4,3.0,11.700000000000001,11.700000000000001,24.1,8.3,16
18163,304073.0,-0.5,1.5,2.3000000000000003,-0.4,3.1,12.0,11.6,9.600000000000001,7.9,16
18164,304090.0,-0.1,1.4000000000000001,2.2,0.0,3.0,11.9,11.8,-1.0999999999999999,6.6000000000000005,16
18165,304107.0,0.5,1.1,2.2,0.5,2.9000000000000004,12.0,13.200000000000001,-4.6000000000000005,4.300000000000001,16
18166,304123.0,0.7000000000000001,0.9,2.1,0.8,2.6,11.600000000000001,11.2,-6.9,1.0999999999999999,16
18167,304140.0,1.1,0.5,1.6,1.1,2.2,11.3,10.2,-1.3,-1.8,16
18168,304156.0,1.0,-0.1,1.3,1.0,1.8,11.0,13.3,7.8,-2.5,16
18169,304173.0,0.9,-0.4,1.0,1.0,1.3,10.4,15.100000000000001,11.9,-0.5,16
18170,304190.0,1.1,-1.0,0.1,1.0,0.8,9.700000000000001,17.7,15.6,1.3,16
18171,304206.0,0.9,-1.5,-0.8,0.9,0.4,8.9,24.6,19.9,3.3000000000000003,16
18172,304224.0,0.8,-1.7000000000000002,-1.1,0.6000000000000001,0.30000000000000004,8.4,32.6,21.6,4.7,16
18173,304240.0,0.6000000000000001,-1.9000000000000001,-1.7000000000000002,0.30000000000000004,0.2,7.800000000000001,39.1,20.0,5.8,16
18174,304257.0,0.30000000000000004,-2.0,-2.3000000000000003,0.1,0.30000000000000004,7.300000000000001,41.800000000000004,16.6,6.4,16
18175,304274.0,0.2,-2.0,-2.4000000000000004,0.0,0.30000000000000004,7.0,36.9,9.1,5.6,16
18176,304290.0,0.2,-2.1,-2.5,0.0,0.30000000000000004,7.1000000000000005,24.6,-1.8,4.0,16
18177,304308.0,0.5,-2.2,-2.1,0.30000000000000004,0.2,7.4,8.1,-13.6,2.1,16
18178,304324.0,0.9,-2.3000000000000003,-1.6,0.7000000000000001,0.1,7.9,-7.400000000000001,-20.8,0.7,16
18179,304340.0,1.0,-2.3000000000000003,-1.1,1.0,0.0,8.6,-19.0,-23.1,-0.2,16
18180,304357.0,1.2000000000000002,-2.2,-0.4,1.2000000000000002,0.1,9.200000000000001,-29.300000000000004,-21.8,1.3,16
18181,304373.0,1.0,-2.0,0.2,1.2000000000000002,0.2,10.100000000000001,-36.9,-26.1,4.5,16
18182,304394.0,1.1,-1.6,1.2000000000000002,1.3,0.30000000000000004,10.700000000000001,-40.0,-23.400000000000002,9.0,16
18183,304408.0,1.0,-1.5,1.3,1.2000000000000002,0.5,10.9,-36.4,-16.900000000000002,13.9,16
18184,304423.0,0.6000000000000001,-1.0,1.0,0.9,0.8,10.600000000000001,-28.3,-8.200000000000001,19.500000000000004,16
18185,304440.0,0.4,-0.7000000000000001,0.7000000000000001,0.6000000000000001,1.2000000000000002,10.200000000000001,-17.8,-1.6,23.2,16
18186,304457.0,0.1,-0.1,0.30000000000000004,0.30000000000000004,1.7000000000000002,9.9,-8.200000000000001,3.1,24.5,16
18187,304473.0,-0.1,0.2,0.2,0.0,2.2,9.600000000000001,-0.30000000000000004,2.4000000000000004,23.400000000000002,16
18188,304499.0,-0.5,0.9,-0.7000000000000001,-0.1,2.5,9.1,5.1,-1.2000000000000002,20.1,16
18189,304509.0,-0.4,1.0,-1.0,-0.1,2.8000000000000003,8.5,7.1000000000000005,-2.7,14.600000000000001,16
18190,304523.0,-0.5,1.2000000000000002,-1.5,-0.2,3.0,8.1,5.4,-3.8,7.300000000000001,16
18191,304540.0,-0.6000000000000001,1.3,-1.7000000000000002,-0.30000000000000004,3.1,7.9,-0.8,-3.9,0.30000000000000004,16
18192,304557.0,-0.6000000000000001,1.3,-1.8,-0.30000000000000004,3.1,7.800000000000001,-9.200000000000001,-4.6000000000000005,-6.1000000000000005,16
18193,304573.0,-0.6000000000000001,1.2000000000000002,-1.7000000000000002,-0.30000000000000004,2.9000000000000004,7.9,-18.3,-5.1,-10.5,16
18194,304590.0,-0.6000000000000001,1.1,-1.5,-0.2,2.7,8.3,-24.5,-5.0,-13.5,16
18195,304606.0,-0.5,0.9,-1.0,-0.1,2.5,8.8,-26.700000000000003,-4.3999999999999995,-16.400000000000002,16
18196,304623.0,-0.4,0.7000000000000001,-0.30000000000000004,0.0,2.3000000000000003,9.4,-26.3,-5.500000000000001,-19.9,16
18197,304640.0,-0.30000000000000004,0.7000000000000001,0.0,0.0,2.1,9.9,-23.900000000000002,-7.500000000000001,-24.1,16
18198,304657.0,-0.4,0.6000000000000001,0.6000000000000001,-0.1,2.1,10.3,-19.200000000000003,-9.5,-26.500000000000004,16
18199,304673.0,-0.5,0.7000000000000001,0.7000000000000001,-0.1,2.1,10.3,-13.100000000000001,-9.600000000000001,-26.6,16
18200,304690.0,-0.6000000000000001,0.8,0.6000000000000001,-0.30000000000000004,2.2,10.200000000000001,-6.1000000000000005,-3.6,-25.1,16
18201,304707.0,-1.0,0.8,0.4,-0.7000000000000001,2.2,10.0,0.6000000000000001,3.1,-22.7,16
18202,304723.0,-1.4000000000000001,0.7000000000000001,0.30000000000000004,-1.1,2.1,9.9,2.1,5.1,-20.8,16
18203,304740.0,-1.6,0.7000000000000001,0.30000000000000004,-1.4000000000000001,2.0,10.0,-1.0999999999999999,2.5,-19.400000000000002,16
18204,304756.0,-1.9000000000000001,0.5,0.5,-1.7000000000000002,1.9000000000000001,10.200000000000001,-3.3000000000000003,-0.4,-16.6,16
18205,304774.0,-2.1,0.5,0.8,-1.9000000000000001,1.9000000000000001,10.5,-3.0000000000000004,-2.4000000000000004,-13.0,16
18206,304791.0,-2.1,0.5,1.3,-1.9000000000000001,1.9000000000000001,10.9,0.0,-3.4,-8.600000000000001,16
18207,304809.0,-2.0,0.6000000000000001,1.5,-1.7000000000000002,2.0,11.3,4.6000000000000005,-2.1,-4.6000000000000005,16
18208,304823.0,-1.8,0.7000000000000001,1.9000000000000001,-1.6,2.1,11.700000000000001,11.5,2.1999999999999997,-2.1999999999999997,16
18209,304840.0,-1.8,0.8,2.3000000000000003,-1.6,2.3000000000000003,12.0,19.8,7.8,-2.6,16
18210,304856.0,-1.8,0.9,2.5,-1.5,2.5,12.4,21.8,3.5,-3.9,16
18211,304873.0,-1.1,0.9,2.7,-0.8,2.5,12.3,14.900000000000002,-3.7000000000000006,-3.7000000000000006,16
18212,304890.0,-0.4,0.6000000000000001,2.0,-0.30000000000000004,2.3000000000000003,11.700000000000001,13.100000000000001,4.9,-0.8,16
18213,304906.0,-0.4,0.4,1.6,-0.30000000000000004,2.0,11.100000000000001,20.6,21.700000000000003,4.5,16
18214,304923.0,-0.4,0.0,1.0,-0.30000000000000004,1.8,10.700000000000001,23.3,29.700000000000003,8.600000000000001,16
18215,304940.0,-0.2,-0.1,0.8,-0.30000000000000004,1.6,10.5,22.1,29.600000000000005,10.600000000000001,16
18216,304956.0,-0.2,-0.4,0.8,-0.30000000000000004,1.3,10.600000000000001,23.1,25.8,10.700000000000001,16
18217,304974.0,0.1,-0.8,1.2000000000000002,0.0,1.1,11.0,23.6,16.400000000000002,7.500000000000001,16
18218,304990.0,0.7000000000000001,-1.1,1.4000000000000001,0.5,0.9,11.100000000000001,24.1,9.0,2.1,16
18219,305006.0,0.9,-1.1,1.2000000000000002,0.8,0.9,10.700000000000001,28.3,9.200000000000001,-2.5,16
18220,305023.0,1.3,-1.2000000000000002,0.7000000000000001,1.1,1.0,10.4,29.1,12.3,-5.1,16
18221,305040.0,1.6,-1.2000000000000002,0.4,1.3,1.1,10.100000000000001,24.9,14.500000000000002,-6.4,16
18222,305057.0,1.7000000000000002,-1.1,0.30000000000000004,1.3,1.2000000000000002,9.9,20.7,17.5,-6.1000000000000005,16
18223,305076.0,1.6,-1.1,0.1,1.2000000000000002,1.3,9.700000000000001,18.2,18.400000000000002,-4.300000000000001,16
18224,305090.0,1.3,-0.9,-0.2,0.9,1.5,9.4,17.7,17.200000000000003,-1.2000000000000002,16
18225,305106.0,1.3,-0.8,-0.5,0.8,1.6,9.0,17.3,15.000000000000002,1.4,16
18226,305123.0,1.1,-0.8,-0.9,0.6000000000000001,1.7000000000000002,8.6,16.8,11.4,3.2,16
18227,305140.0,0.7000000000000001,-0.7000000000000001,-1.2000000000000002,0.2,1.9000000000000001,8.4,15.5,8.3,4.6000000000000005,16
18228,305156.0,0.5,-0.6000000000000001,-1.3,-0.2,2.0,8.200000000000001,12.8,3.5,6.6000000000000005,16
18229,305173.0,0.0,-0.5,-1.4000000000000001,-0.4,2.1,8.200000000000001,7.400000000000001,-2.5,8.700000000000001,16
18230,305190.0,0.0,-0.5,-1.1,-0.4,2.0,8.5,1.2000000000000002,-8.200000000000001,9.3,16
18231,305206.0,0.0,-0.6000000000000001,-1.0,-0.5,2.0,8.6,1.4,-7.9,10.0,16
18232,305223.0,-0.1,-0.6000000000000001,-1.0,-0.6000000000000001,2.0,8.4,7.400000000000001,0.0,11.6,16
18233,305240.0,-0.4,-0.5,-1.2000000000000002,-0.8,2.1,8.3,13.8,10.4,13.8,16
18234,305256.0,-0.6000000000000001,-0.4,-1.3,-1.2000000000000002,2.3000000000000003,8.200000000000001,17.8,17.599999999999998,17.0,16
18235,305273.0,-0.9,-0.30000000000000004,-1.4000000000000001,-1.4000000000000001,2.5,7.9,19.0,20.2,20.0,16
18236,305290.0,-1.0,-0.2,-1.8,-1.6,2.5,7.6000000000000005,16.2,21.6,22.2,16
18237,305307.0,-1.1,-0.1,-1.9000000000000001,-1.6,2.7,7.5,11.000000000000002,20.3,24.7,16
18238,305324.0,-1.0,-0.1,-1.8,-1.6,2.8000000000000003,7.6000000000000005,5.500000000000001,17.0,27.8,16
18239,305340.0,-0.8,0.0,-1.6,-1.4000000000000001,2.9000000000000004,7.800000000000001,1.9,15.9,31.0,16
18240,305357.0,-0.7000000000000001,0.2,-1.2000000000000002,-1.3,3.0,8.1,0.2,14.4,33.2,16
18241,305373.0,-0.6000000000000001,0.30000000000000004,-1.0,-1.1,3.1,8.4,-1.0999999999999999,9.0,33.800000000000004,16
18242,305390.0,-0.30000000000000004,0.4,-0.7000000000000001,-1.0,3.3000000000000003,8.6,-2.7,6.7,32.6,16
18243,305407.0,-0.30000000000000004,0.6000000000000001,-0.5,-1.0,3.4000000000000004,8.8,-2.3000000000000003,6.5,32.6,16
18244,305423.0,-0.2,0.6000000000000001,-0.4,-0.8,3.6,9.0,0.1,11.3,33.5,16
18245,305441.0,0.0,0.8,-0.1,-0.7000000000000001,3.7,9.200000000000001,4.1000000000000005,19.3,33.900000000000006,16
18246,305457.0,-0.1,1.0,0.30000000000000004,-0.8,4.0,9.600000000000001,9.5,23.900000000000002,34.1,16
18247,305473.0,-0.1,1.1,0.4,-0.7000000000000001,4.1000000000000005,9.8,11.1,21.200000000000003,33.0,16
18248,305490.0,0.2,1.1,0.6000000000000001,-0.4,4.1000000000000005,10.0,9.700000000000001,16.8,29.700000000000003,16
18249,305507.0,0.8,1.0,1.1,0.0,4.0,10.4,7.0,11.000000000000002,24.6,16
18250,305523.0,1.2000000000000002,0.9,1.2000000000000002,0.7000000000000001,3.9000000000000004,10.600000000000001,7.400000000000001,11.5,19.1,16
18251,305540.0,1.6,0.8,1.3,0.8,3.9000000000000004,10.5,13.5,18.8,14.800000000000002,16
18252,305557.0,1.4000000000000001,0.8,0.8,0.5,4.0,10.0,20.2,27.1,12.100000000000001,16
18253,305573.0,1.1,0.9,0.5,-0.1,4.2,9.600000000000001,21.6,30.799999999999997,10.8,16
18254,305590.0,0.5,1.0,0.6000000000000001,-0.5,4.4,9.9,14.200000000000001,25.6,11.1,16
18255,305607.0,0.5,1.1,1.1,-0.5,4.4,10.3,6.9,18.6,11.2,16
18256,305623.0,0.5,0.8,1.4000000000000001,-0.6000000000000001,4.1000000000000005,10.5,6.6000000000000005,15.399999999999999,9.9,16
18257,305640.0,0.4,0.7000000000000001,1.2000000000000002,-0.8,4.0,10.3,10.600000000000001,16.1,7.9,16
18258,305656.0,0.0,0.6000000000000001,0.9,-1.2000000000000002,4.1000000000000005,10.0,14.100000000000001,17.400000000000002,7.400000000000001,16
18259,305677.0,-0.30000000000000004,0.7000000000000001,0.8,-1.5,4.1000000000000005,10.0,15.399999999999999,16.5,9.700000000000001,16
18260,305693.0,-0.2,0.5,1.1,-1.1,4.0,10.3,15.000000000000002,10.700000000000001,12.5,16
18261,305706.0,0.5,0.0,1.3,-0.5,3.6,10.4,15.7,3.4,12.100000000000001,16
18262,305724.0,1.2000000000000002,-0.5,1.1,0.0,3.2,10.200000000000001,17.9,-1.9,9.4,16
18263,305740.0,1.3,-0.6000000000000001,1.0,0.2,3.0,10.0,18.8,-5.1,7.400000000000001,16
18264,305757.0,1.4000000000000001,-0.9,0.7000000000000001,0.4,2.8000000000000003,9.8,21.0,-3.1,8.200000000000001,16
18265,305778.0,1.3,-1.1,0.6000000000000001,0.30000000000000004,2.7,9.600000000000001,25.8,1.8,10.3,16
18266,305790.0,1.2000000000000002,-1.3,0.4,0.1,2.6,9.3,31.7,5.300000000000001,11.6,16
18267,305806.0,0.9,-1.4000000000000001,-0.1,-0.30000000000000004,2.6,8.8,35.7,5.8,11.3,16
18268,305823.0,0.30000000000000004,-1.4000000000000001,-0.6000000000000001,-0.7000000000000001,2.6,8.4,34.300000000000004,2.6,10.0,16
18269,305840.0,0.2,-1.3,-0.6000000000000001,-0.9,2.8000000000000003,8.3,30.000000000000004,-1.7,10.3,16
18270,305857.0,0.1,-1.3,-0.8,-1.0,2.9000000000000004,8.1,23.700000000000003,-7.400000000000001,9.700000000000001,16
18271,305879.0,0.1,-1.2000000000000002,-0.7000000000000001,-0.9,3.0,8.200000000000001,16.2,-12.200000000000001,8.700000000000001,16
18272,305890.0,0.0,-1.2000000000000002,-0.7000000000000001,-0.9,3.0,8.200000000000001,9.5,-16.8,7.300000000000001,16
18273,305910.0,0.0,-1.1,-0.6000000000000001,-0.8,3.1,8.200000000000001,1.8,-21.900000000000002,6.1000000000000005,16
18274,305923.0,0.0,-1.1,-0.6000000000000001,-0.7000000000000001,3.2,8.1,-5.4,-26.200000000000003,5.4,16
18275,305940.0,0.2,-0.8,-0.9,-0.5,3.3000000000000003,8.0,-9.0,-24.8,5.6,16
18276,305957.0,0.30000000000000004,-0.8,-1.0,-0.4,3.4000000000000004,7.800000000000001,-9.0,-15.5,5.1,16
18277,305985.0,-0.2,-0.4,-1.1,-0.9,3.7,7.800000000000001,-4.300000000000001,2.0,3.7000000000000006,16
18278,305994.0,-0.30000000000000004,-0.4,-1.1,-0.9,3.7,7.800000000000001,-4.300000000000001,2.0,3.7000000000000006,16
18279,306006.0,-0.4,-0.30000000000000004,-1.1,-1.1,3.8000000000000003,7.800000000000001,-4.2,1.0,3.1,16
18280,306023.0,-0.4,-0.2,-1.1,-1.0,3.9000000000000004,7.800000000000001,-4.7,-2.3000000000000003,2.1999999999999997,16
18281,306040.0,-0.4,-0.1,-1.1,-1.0,4.0,7.800000000000001,-4.0,-3.4,0.9,16
18282,306056.0,-0.30000000000000004,-0.1,-1.1,-0.9,4.0,7.800000000000001,-2.8,-3.1,-0.9,16
18283,306082.0,-0.1,0.0,-1.1,-0.8,4.1000000000000005,7.9,-4.1000000000000005,-1.3,-7.500000000000001,16
18284,306090.0,-0.2,0.1,-1.0,-0.8,4.1000000000000005,7.9,-4.1000000000000005,-1.3,-7.500000000000001,16
18285,306107.0,-0.30000000000000004,0.2,-0.9,-1.0,4.3,8.0,-5.2,-1.9,-9.200000000000001,16
18286,306124.0,-0.30000000000000004,0.30000000000000004,-0.7000000000000001,-1.0,4.3,8.200000000000001,-6.5,-3.5,-10.2,16
18287,306140.0,-0.30000000000000004,0.4,-0.5,-0.9,4.4,8.3,-7.6,-6.3,-12.000000000000002,16
18288,306156.0,-0.2,0.4,-0.5,-0.8,4.4,8.3,-8.700000000000001,-7.500000000000001,-14.4,16
18289,306177.0,-0.2,0.4,-0.4,-0.8,4.4,8.4,-10.2,-6.7,-16.3,16
18290,306190.0,-0.2,0.4,-0.30000000000000004,-0.9,4.4,8.5,-10.600000000000001,-6.4,-17.5,16
18291,306207.0,-0.30000000000000004,0.4,-0.30000000000000004,-1.0,4.5,8.6,-8.799999999999999,-4.300000000000001,-17.0,16
18292,306223.0,-0.5,0.5,-0.1,-1.3,4.5,8.700000000000001,-6.6000000000000005,-3.8,-15.299999999999999,16
18293,306240.0,-0.7000000000000001,0.5,-0.1,-1.5,4.5,8.8,-5.4,-6.4,-13.9,16
18294,306257.0,-0.7000000000000001,0.5,0.0,-1.6,4.5,8.8,-4.7,-8.799999999999999,-12.9,16
18295,306276.0,-0.9,0.5,0.1,-1.8,4.5,8.9,-3.1,-8.1,-11.5,16
18296,306295.0,-1.0,0.6000000000000001,0.2,-1.9000000000000001,4.6000000000000005,9.1,-1.0,-5.7,-9.4,16
18297,306308.0,-1.0,0.6000000000000001,0.4,-1.9000000000000001,4.6000000000000005,9.3,0.6000000000000001,-3.8,-8.3,16
18298,306323.0,-1.1,0.6000000000000001,0.6000000000000001,-2.0,4.7,9.600000000000001,2.8,-2.7,-7.400000000000001,16
18299,306340.0,-1.0,0.7000000000000001,1.0,-1.9000000000000001,4.800000000000001,9.8,6.1000000000000005,-0.8,-6.6000000000000005,16
18300,306357.0,-1.0,0.8,1.0,-1.9000000000000001,4.9,9.9,10.8,4.1000000000000005,-7.300000000000001,16
18301,306377.0,-1.0,0.8,1.3,-1.8,4.9,10.3,8.9,1.0,-8.799999999999999,16
18302,306390.0,-0.5,0.7000000000000001,1.8,-1.4000000000000001,4.800000000000001,10.600000000000001,-3.3000000000000003,-12.8,-10.0,16
18303,306408.0,-0.30000000000000004,0.8,1.5,-1.1,4.9,10.3,-12.000000000000002,-16.900000000000002,-7.1000000000000005,16
18304,306423.0,0.1,0.8,1.5,-0.7000000000000001,4.800000000000001,10.5,-12.000000000000002,-9.1,-1.3,16
18305,306440.0,0.7000000000000001,0.30000000000000004,1.9000000000000001,-0.1,4.3,10.9,-12.8,-7.300000000000001,0.9,16
18306,306457.0,1.1,0.1,2.1,0.4,4.0,11.100000000000001,-12.700000000000001,-10.5,-0.8,16
18307,306479.0,1.5,-0.4,2.1,0.6000000000000001,3.7,11.100000000000001,-4.2,-7.0,-3.6,16
18308,306492.0,1.6,-0.6000000000000001,1.8,0.8,3.4000000000000004,10.8,6.9,-0.8,-7.400000000000001,16
18309,306511.0,1.6,-0.8,1.2000000000000002,0.8,3.2,10.200000000000001,14.800000000000002,5.0,-13.3,16
18310,306523.0,1.5,-0.8,0.9,0.6000000000000001,3.2,9.700000000000001,17.400000000000002,9.1,-18.7,16
18311,306540.0,1.2000000000000002,-0.9,0.4,0.30000000000000004,3.1,9.4,13.5,8.3,-22.000000000000004,16
18312,306556.0,1.2000000000000002,-1.1,0.1,0.30000000000000004,3.0,9.1,4.800000000000001,2.5,-23.5,16
18313,306573.0,1.2000000000000002,-1.2000000000000002,0.0,0.30000000000000004,2.9000000000000004,8.9,-3.0000000000000004,-2.7,-23.1,16
18314,306592.0,1.4000000000000001,-1.3,-0.30000000000000004,0.4,2.7,8.6,-7.9,-4.3999999999999995,-22.3,16
18315,306606.0,1.3,-1.3,-0.6000000000000001,0.30000000000000004,2.7,8.4,-10.5,-2.4000000000000004,-20.8,16
18316,306623.0,1.1,-1.3,-0.7000000000000001,0.0,2.7,8.200000000000001,-11.4,-1.3,-18.0,16
18317,306640.0,0.6000000000000001,-1.1,-0.8,-0.5,2.8000000000000003,8.200000000000001,-12.8,-3.9,-14.500000000000002,16
18318,306656.0,0.0,-0.9,-0.8,-0.9,3.0,8.200000000000001,-15.399999999999999,-10.9,-10.600000000000001,16
18319,306673.0,0.0,-0.9,-0.7000000000000001,-1.0,2.8000000000000003,8.3,-16.6,-21.3,-6.9,16
18320,306692.0,0.2,-1.0,-0.6000000000000001,-0.5,2.7,8.4,-13.200000000000001,-22.2,-8.4,16
18321,306708.0,0.4,-0.9,-0.8,-0.4,2.8000000000000003,8.200000000000001,-7.500000000000001,-17.0,-14.600000000000001,16
18322,306725.0,0.0,-0.7000000000000001,-0.9,-1.0,3.1,8.0,-1.4,-7.400000000000001,-16.2,16
18323,306740.0,-0.4,-0.4,-1.4000000000000001,-1.2000000000000002,3.3000000000000003,7.6000000000000005,-2.1,-2.5,-15.2,16
18324,306757.0,-0.6000000000000001,-0.30000000000000004,-1.5,-1.4000000000000001,3.4000000000000004,7.5,-10.3,0.6000000000000001,-14.200000000000001,16
18325,306773.0,-0.6000000000000001,-0.30000000000000004,-1.5,-1.4000000000000001,3.4000000000000004,7.5,-10.3,0.6000000000000001,-14.200000000000001,16
18326,306795.0,-0.7000000000000001,-0.4,-1.4000000000000001,-1.6,3.2,7.6000000000000005,-25.0,5.300000000000001,-8.200000000000001,16
18327,306807.0,-0.7000000000000001,-0.4,-1.4000000000000001,-1.6,3.0,7.7,-28.900000000000002,8.3,-6.3,16
18328,306824.0,-0.8,-0.4,-1.0,-1.8,3.0,8.0,-29.400000000000002,9.5,-3.1,16
18329,306840.0,-0.9,-0.2,-0.9,-1.9000000000000001,3.1,8.200000000000001,-28.1,9.4,1.8,16
18330,306856.0,-0.9,-0.1,-0.8,-1.9000000000000001,3.2,8.4,-27.1,8.0,8.0,16
18331,306880.0,-0.9,0.0,-0.4,-1.9000000000000001,3.2,8.700000000000001,-24.9,5.4,14.4,16
18332,306890.0,-0.7000000000000001,0.0,-0.4,-1.7000000000000002,3.2,8.8,-21.200000000000003,4.1000000000000005,18.5,16
18333,306906.0,-0.6000000000000001,0.1,-0.30000000000000004,-1.6,3.2,8.9,-17.200000000000003,6.9,21.1,16
18334,306923.0,-0.6000000000000001,0.30000000000000004,-0.2,-1.6,3.3000000000000003,8.9,-12.700000000000001,11.9,22.8,16
18335,306940.0,-0.7000000000000001,0.4,-0.2,-1.8,3.6,9.0,-7.1000000000000005,16.1,24.5,16
18336,306958.0,-0.8,0.7000000000000001,-0.1,-1.9000000000000001,3.7,9.1,-4.0,17.5,26.200000000000003,16
18337,306976.0,-0.7000000000000001,0.8,-0.1,-1.8,3.8000000000000003,9.1,-6.1000000000000005,17.200000000000003,27.6,16
18338,306990.0,-0.7000000000000001,0.9,0.1,-1.7000000000000002,3.9000000000000004,9.4,-11.1,11.700000000000001,28.200000000000003,16
18339,307008.0,0.1,0.8,0.6000000000000001,-1.0,3.8000000000000003,9.9,-16.0,1.6,27.0,16
18340,307023.0,0.8,0.5,1.1,-0.30000000000000004,3.5,10.3,-17.5,-2.8,24.6,16
18341,307040.0,1.3,0.4,1.4000000000000001,0.5,3.3000000000000003,10.700000000000001,-15.000000000000002,-6.5,20.2,16
18342,307058.0,1.7000000000000002,0.30000000000000004,1.5,0.5,3.3000000000000003,10.700000000000001,-15.000000000000002,-6.5,20.2,16
18343,307074.0,1.5,0.7000000000000001,0.9,0.5,3.6,10.200000000000001,3.7000000000000006,13.100000000000001,14.800000000000002,16
18344,307090.0,1.0,1.0,0.6000000000000001,-0.30000000000000004,4.1000000000000005,9.8,17.9,25.400000000000002,16.8,16
18345,307108.0,0.2,1.3,1.0,-0.9,4.4,10.4,23.3,25.700000000000003,19.3,16
18346,307123.0,0.2,1.3,1.7000000000000002,-0.9,4.4,10.9,19.200000000000003,8.799999999999999,17.9,16
18347,307141.0,0.4,1.2000000000000002,1.5,-0.6000000000000001,4.3,10.600000000000001,13.5,-1.6,12.200000000000001,16
18348,307157.0,0.5,1.0,1.2000000000000002,-0.6000000000000001,4.2,10.5,11.5,-3.0000000000000004,6.2,16
18349,307173.0,0.30000000000000004,0.9,1.3,-0.8,4.2,10.5,9.8,-3.3000000000000003,2.6,16
18350,307191.0,0.2,0.9,1.4000000000000001,-0.9,4.1000000000000005,10.700000000000001,7.6,-3.2,3.3000000000000003,16
18351,307208.0,0.30000000000000004,0.6000000000000001,1.6,-0.7000000000000001,3.8000000000000003,10.8,4.9,-4.5,4.6000000000000005,16
18352,307223.0,0.5,0.2,1.6,-0.5,3.5,10.8,4.1000000000000005,-6.3,5.4,16
18353,307240.0,0.5,0.0,1.6,-0.4,3.2,10.9,7.500000000000001,-7.500000000000001,7.300000000000001,16
18354,307257.0,0.8,-0.30000000000000004,1.6,-0.1,3.0,10.700000000000001,13.3,-7.300000000000001,8.700000000000001,16
18355,307273.0,0.9,-0.6000000000000001,1.1,0.0,2.8000000000000003,10.3,20.6,-4.0,9.4,16
18356,307290.0,0.9,-0.8,0.9,0.0,2.5,9.700000000000001,29.1,1.4,9.3,16
18357,307307.0,0.8,-1.3,0.0,-0.2,2.2,9.0,33.2,4.0,6.3,16
18358,307323.0,0.4,-1.4000000000000001,-0.7000000000000001,-0.5,2.2,8.3,31.8,5.0,3.8,16
18359,307340.0,0.30000000000000004,-1.5,-1.1,-0.8,2.2,7.800000000000001,25.3,6.000000000000001,3.3000000000000003,16
18360,307356.0,0.0,-1.6,-1.5,-1.0,2.2,7.6000000000000005,16.900000000000002,4.5,3.5,16
18361,307374.0,0.0,-1.6,-1.4000000000000001,-0.9,2.2,7.6000000000000005,7.500000000000001,1.3,3.6,16
18362,307397.0,0.1,-1.6,-1.1,-0.8,2.2,7.9,-0.6000000000000001,-1.4,3.2,16
18363,307406.0,0.2,-1.6,-1.0,-0.6000000000000001,2.1,8.1,-6.5,-5.2,0.5,16
18364,307423.0,0.30000000000000004,-1.6,-0.7000000000000001,-0.5,2.1,8.3,-12.5,-9.600000000000001,-3.9,16
18365,307440.0,0.30000000000000004,-1.5,-0.6000000000000001,-0.5,2.2,8.4,-17.9,-11.6,-6.7,16
18366,307456.0,0.2,-1.4000000000000001,-0.6000000000000001,-0.6000000000000001,2.3000000000000003,8.5,-21.700000000000003,-10.9,-5.500000000000001,16
18367,307473.0,0.1,-1.0,-0.6000000000000001,-0.8,2.6,8.5,-22.7,-9.200000000000001,-3.7000000000000006,16
18368,307490.0,-0.2,-0.7000000000000001,-0.5,-1.0,2.8000000000000003,8.6,-19.700000000000003,-4.9,1.4,16
18369,307506.0,-0.2,-0.6000000000000001,-0.5,-1.0,2.8000000000000003,8.6,-13.5,-2.8,4.6000000000000005,16
18370,307523.0,-0.30000000000000004,-0.5,-0.7000000000000001,-1.1,2.9000000000000004,8.4,-7.300000000000001,-4.0,4.7,16
18371,307540.0,-0.30000000000000004,-0.30000000000000004,-0.9,-1.1,3.0,8.3,-3.0000000000000004,-6.7,3.8,16
18372,307557.0,-0.30000000000000004,-0.30000000000000004,-1.0,-1.0,3.1,8.1,-1.9,-10.5,3.5,16
18373,307573.0,-0.2,-0.2,-1.1,-0.9,3.1,8.0,-2.6,-13.8,3.0000000000000004,16
18374,307591.0,-0.1,-0.2,-1.2000000000000002,-0.7000000000000001,3.1,7.9,-3.8,-15.399999999999999,1.7,16
18375,307612.0,0.0,-0.1,-1.0,-0.6000000000000001,3.2,8.0,-5.4,-15.100000000000001,-0.1,16
18376,307624.0,0.1,-0.1,-0.9,-0.5,3.2,8.200000000000001,-7.2,-14.4,-2.5,16
18377,307640.0,0.1,-0.1,-0.6000000000000001,-0.5,3.2,8.4,-9.600000000000001,-13.0,-6.3,16
18378,307656.0,0.0,0.0,-0.5,-0.6000000000000001,3.3000000000000003,8.700000000000001,-11.6,-12.3,-9.1,16
18379,307673.0,-0.2,0.2,-0.30000000000000004,-0.8,3.4000000000000004,8.8,-11.000000000000002,-8.9,-10.2,16
18380,307690.0,-0.5,0.30000000000000004,-0.1,-1.0,3.5,9.0,-7.8,-5.0,-11.6,16
18381,307709.0,-0.8,0.4,0.2,-1.3,3.6,9.200000000000001,-5.0,-5.0,-14.100000000000001,16
18382,307726.0,-0.9,0.4,0.30000000000000004,-1.3,3.6,9.4,-3.6,-9.200000000000001,-15.399999999999999,16
18383,307740.0,-0.7000000000000001,0.4,0.30000000000000004,-1.2000000000000002,3.6,9.3,-3.0000000000000004,-9.700000000000001,-15.8,16
18384,307757.0,-0.7000000000000001,0.4,0.30000000000000004,-1.3,3.6,9.4,-1.6,-9.8,-15.8,16
18385,307773.0,-0.7000000000000001,0.5,0.5,-1.3,3.7,9.700000000000001,-1.2000000000000002,-10.700000000000001,-15.2,16
18386,307790.0,-0.7000000000000001,0.5,0.7000000000000001,-1.2000000000000002,3.7,9.9,-2.5,-13.0,-14.100000000000001,16
18387,307809.0,-0.4,0.5,1.0,-0.9,3.6,10.100000000000001,-3.7000000000000006,-14.900000000000002,-13.5,16
18388,307824.0,-0.4,0.5,1.1,-0.8,3.7,10.3,-1.0,-13.0,-13.9,16
18389,307840.0,-0.4,0.5,1.4000000000000001,-0.8,3.7,10.600000000000001,3.7000000000000006,-10.1,-15.7,16
18390,307856.0,-0.4,0.6000000000000001,2.0,-0.8,3.8000000000000003,11.100000000000001,3.7000000000000006,-13.4,-19.400000000000002,16
18391,307873.0,-0.5,0.6000000000000001,2.1,-0.8,3.8000000000000003,11.3,-4.1000000000000005,-22.000000000000004,-22.5,16
18392,307890.0,-0.2,0.7000000000000001,2.0,-0.5,3.8000000000000003,11.200000000000001,-11.2,-24.400000000000002,-23.1,16
18393,307906.0,0.2,0.7000000000000001,2.0,-0.2,3.8000000000000003,11.200000000000001,-14.3,-19.3,-21.5,16
18394,307923.0,0.30000000000000004,0.7000000000000001,1.9000000000000001,0.2,3.7,11.100000000000001,-11.8,-10.4,-19.6,16
18395,307940.0,0.8,0.4,2.0,0.5,3.5,11.100000000000001,-4.1000000000000005,-0.2,-20.6,16
18396,307956.0,0.9,0.4,1.5,0.5,3.4000000000000004,10.700000000000001,1.0999999999999999,1.0999999999999999,-25.6,16
18397,307973.0,1.0,0.30000000000000004,1.8,0.7000000000000001,3.4000000000000004,11.0,3.8,-1.7,-29.900000000000006,16
18398,307993.0,1.3,0.1,1.3,1.1,3.1,10.4,6.2,-7.699999999999999,-33.7,16
18399,308007.0,1.9000000000000001,-0.2,0.5,1.5,2.9000000000000004,9.8,6.7,-6.4,-38.1,16
18400,308023.0,1.9000000000000001,-0.4,0.2,1.5,2.7,9.3,7.400000000000001,-4.3999999999999995,-43.1,16
18401,308039.0,1.7000000000000002,-0.5,-0.2,1.3,2.6,9.0,4.6000000000000005,-3.3000000000000003,-45.2,16
18402,308056.0,1.5,-0.7000000000000001,-0.4,1.1,2.5,8.9,-0.1,-5.4,-45.4,16
18403,308073.0,1.4000000000000001,-0.8,-0.5,1.1,2.2,8.700000000000001,-5.4,-10.3,-45.9,16
18404,308090.0,1.4000000000000001,-1.0,-0.5,0.9,2.0,8.8,-10.700000000000001,-12.9,-46.4,16
18405,308106.0,1.1,-1.1,-0.4,0.6000000000000001,1.9000000000000001,8.9,-13.3,-16.6,-44.00000000000001,16
18406,308123.0,0.9,-1.1,-0.4,0.4,1.9000000000000001,8.9,-11.000000000000002,-17.9,-37.7,16
18407,308140.0,0.7000000000000001,-1.1,-0.4,0.30000000000000004,1.8,8.8,-5.8,-19.0,-30.299999999999997,16
18408,308157.0,0.4,-1.1,-0.4,0.1,1.9000000000000001,9.0,-0.8,-22.2,-24.5,16
18409,308173.0,0.30000000000000004,-1.0,-0.2,0.1,2.0,9.1,3.6,-30.299999999999997,-19.6,16
18410,308190.0,0.4,-0.7000000000000001,-0.4,0.30000000000000004,2.2,8.8,6.6000000000000005,-35.0,-17.0,16
18411,308213.0,0.6000000000000001,-0.6000000000000001,-0.8,0.5,2.4000000000000004,8.4,7.2,-36.1,-17.1,16
18412,308224.0,0.5,-0.4,-1.3,0.5,2.6,8.0,4.9,-33.2,-19.500000000000004,16
18413,308240.0,0.4,-0.2,-1.5,0.30000000000000004,2.8000000000000003,7.7,1.8,-27.2,-21.5,16
18414,308256.0,0.0,0.0,-1.6,0.1,2.9000000000000004,7.6000000000000005,-1.4,-22.000000000000004,-22.4,16
18415,308274.0,-0.30000000000000004,0.0,-1.8,-0.1,2.9000000000000004,7.5,-5.300000000000001,-20.5,-23.6,16
18416,308290.0,-0.4,0.0,-1.7000000000000002,-0.30000000000000004,2.9000000000000004,7.5,-10.4,-21.900000000000002,-24.8,16
18417,308307.0,-0.6000000000000001,0.0,-1.6,-0.4,2.9000000000000004,7.7,-15.100000000000001,-23.700000000000003,-24.8,16
18418,308328.0,-0.8,0.0,-1.3,-0.5,2.9000000000000004,7.9,-19.3,-24.9,-23.400000000000002,16
18419,308340.0,-0.8,0.0,-1.1,-0.5,2.8000000000000003,8.3,-21.8,-27.5,-21.0,16
18420,308357.0,-0.7000000000000001,-0.1,-0.6000000000000001,-0.4,2.6,8.700000000000001,-22.6,-30.599999999999998,-18.5,16
18421,308373.0,-0.7000000000000001,-0.2,-0.1,-0.30000000000000004,2.5,9.1,-21.200000000000003,-34.7,-15.9,16
18422,308390.0,-0.7000000000000001,-0.1,0.0,-0.2,2.5,9.4,-16.2,-35.7,-11.700000000000001,16
18423,308407.0,-0.7000000000000001,0.0,0.30000000000000004,-0.1,2.6,9.600000000000001,-8.799999999999999,-34.50000000000001,-6.000000000000001,16
18424,308424.0,-0.7000000000000001,0.1,0.30000000000000004,0.0,2.7,9.600000000000001,0.4,-31.7,-0.30000000000000004,16
18425,308440.0,-0.6000000000000001,0.2,0.30000000000000004,0.2,2.8000000000000003,9.5,8.600000000000001,-26.3,3.8,16
18426,308456.0,-0.4,0.2,0.2,0.4,2.9000000000000004,9.4,14.4,-22.3,4.7,16
18427,308473.0,-0.6000000000000001,0.30000000000000004,0.1,0.30000000000000004,3.1,9.3,16.0,-21.3,4.300000000000001,16
18428,308490.0,-0.7000000000000001,0.4,0.1,0.30000000000000004,3.2,9.200000000000001,12.6,-22.4,4.800000000000001,16
18429,308507.0,-0.5,0.6000000000000001,-0.2,0.4,3.3000000000000003,9.0,7.300000000000001,-18.900000000000002,5.4,16
18430,308523.0,-0.6000000000000001,0.6000000000000001,0.0,0.5,3.3000000000000003,9.200000000000001,1.4,-16.900000000000002,4.1000000000000005,16
18431,308540.0,-0.5,0.6000000000000001,0.1,0.7000000000000001,3.4000000000000004,9.4,-2.8,-13.6,3.1,16
18432,308557.0,-0.30000000000000004,0.6000000000000001,0.30000000000000004,0.7000000000000001,3.3000000000000003,9.700000000000001,-6.8,-5.7,2.3000000000000003,16
18433,308580.0,-0.4,0.5,0.7000000000000001,0.7000000000000001,3.3000000000000003,9.9,-7.9,-4.1000000000000005,0.5,16
18434,308590.0,-0.30000000000000004,0.5,0.7000000000000001,0.8,3.2,9.9,-7.699999999999999,-0.2,-1.8,16
18435,308606.0,-0.4,0.5,0.7000000000000001,0.6000000000000001,3.2,9.9,-6.5,3.6,-3.1,16
18436,308623.0,-0.5,0.5,0.6000000000000001,0.5,3.2,9.8,-3.8,9.0,-3.3000000000000003,16
18437,308640.0,-0.6000000000000001,0.5,0.5,0.30000000000000004,3.3000000000000003,9.700000000000001,-1.0,15.100000000000001,-2.7,16
18438,308656.0,-0.9,0.6000000000000001,0.4,0.0,3.3000000000000003,9.600000000000001,0.2,19.200000000000003,-1.3,16
18439,308673.0,-1.2000000000000002,0.6000000000000001,0.2,-0.5,3.3000000000000003,9.600000000000001,-0.30000000000000004,21.1,0.1,16
18440,308690.0,-1.4000000000000001,0.6000000000000001,0.4,-0.7000000000000001,3.5,10.600000000000001,-5.8,13.200000000000001,2.7,16
18441,308709.0,-0.1,0.30000000000000004,2.1,0.30000000000000004,3.1,11.4,-18.5,-0.9,3.3000000000000003,16
18442,308723.0,0.30000000000000004,0.1,2.4000000000000004,1.1,2.7,11.8,-24.7,-5.6,1.9,16
18443,308740.0,0.9,-0.1,2.4000000000000004,1.6,2.5,11.8,-17.9,-0.9,0.2,16
18444,308756.0,1.0,-0.1,2.5,1.8,2.5,12.0,-5.6,10.600000000000001,0.8,16
18445,308780.0,1.3,0.0,2.0,1.9000000000000001,2.5,11.700000000000001,3.7000000000000006,22.1,4.0,16
18446,308790.0,1.4000000000000001,-0.1,1.8,2.0,2.5,11.3,9.4,29.000000000000004,6.9,16
18447,308807.0,1.5,-0.2,1.5,2.0,2.5,10.9,10.2,31.7,6.5,16
18448,308823.0,1.5,-0.2,1.1,2.0,2.4000000000000004,10.600000000000001,9.3,29.700000000000003,5.500000000000001,16
18449,308841.0,1.6,-0.30000000000000004,0.9,2.0,2.4000000000000004,10.4,7.0,25.3,4.9,16
18450,308857.0,1.7000000000000002,-0.4,0.7000000000000001,2.2,2.3000000000000003,10.100000000000001,3.9,19.700000000000003,4.3999999999999995,16
18451,308880.0,2.0,-0.5,0.0,2.3000000000000003,2.2,9.700000000000001,3.7000000000000006,17.5,3.7000000000000006,16
18452,308890.0,2.0,-0.6000000000000001,-0.30000000000000004,2.3000000000000003,2.1,9.200000000000001,7.300000000000001,18.7,2.5,16
18453,308913.0,1.7000000000000002,-0.6000000000000001,-0.6000000000000001,2.0,2.1,8.9,11.4,20.7,0.6000000000000001,16
18454,308923.0,1.6,-0.6000000000000001,-0.8,1.7000000000000002,2.1,8.6,12.200000000000001,18.1,-1.4,16
18455,308940.0,1.3,-0.7000000000000001,-1.2000000000000002,1.5,2.1,8.3,10.1,13.8,-3.2,16
18456,308957.0,1.2000000000000002,-0.7000000000000001,-1.3,1.3,2.1,8.1,5.8,7.699999999999999,-5.300000000000001,16
18457,308990.0,1.0,-0.9,-1.3,1.1,1.9000000000000001,8.200000000000001,-10.600000000000001,-6.7,-9.200000000000001,16
18458,309006.0,1.0,-0.9,-1.2000000000000002,1.1,1.8,8.200000000000001,-16.2,-8.9,-9.200000000000001,16
18459,309023.0,0.8,-0.9,-1.3,0.9,1.8,8.200000000000001,-16.2,-6.8,-7.500000000000001,16
18460,309040.0,0.4,-0.7000000000000001,-1.2000000000000002,0.6000000000000001,2.0,8.3,-12.100000000000001,-3.5,-4.0,16
18461,309056.0,0.2,-0.5,-1.1,0.4,2.1,8.4,-6.7,-2.6,-0.6000000000000001,16
18462,309079.0,0.0,-0.4,-1.2000000000000002,0.30000000000000004,2.1,8.200000000000001,-3.2,-5.2,0.0,16
18463,309090.0,0.0,-0.30000000000000004,-1.3,0.30000000000000004,2.3000000000000003,8.1,-1.5000000000000002,-8.600000000000001,-1.5000000000000002,16
18464,309107.0,-0.2,-0.2,-1.5,0.1,2.3000000000000003,8.0,-2.4000000000000004,-10.5,-3.8,16
18465,309123.0,-0.30000000000000004,-0.1,-1.5,-0.1,2.5,7.9,-4.7,-12.9,-4.9,16
18466,309141.0,-0.5,-0.1,-1.4000000000000001,-0.1,2.5,8.1,-8.600000000000001,-14.3,-5.4,16
18467,309156.0,-0.4,-0.1,-1.0,0.0,2.4000000000000004,8.4,-12.9,-14.4,-6.9,16
18468,309177.0,-0.6000000000000001,0.0,-0.8,-0.2,2.4000000000000004,8.6,-14.0,-11.8,-8.0,16
18469,309190.0,-0.8,0.0,-0.7000000000000001,-0.5,2.4000000000000004,8.700000000000001,-12.700000000000001,-6.8,-7.8,16
18470,309207.0,-1.2000000000000002,0.1,-0.4,-0.8,2.5,9.0,-11.4,-4.0,-6.7,16
18471,309223.0,-1.4000000000000001,0.2,-0.2,-1.0,2.6,9.3,-10.4,-4.0,-4.9,16
18472,309241.0,-1.5,0.2,0.1,-1.1,2.5,9.5,-9.0,-5.2,-4.1000000000000005,16
18473,309256.0,-1.4000000000000001,0.2,0.4,-1.0,2.5,9.9,-7.6,-6.1000000000000005,-4.3999999999999995,16
18474,309277.0,-1.4000000000000001,0.2,0.8,-1.0,2.5,10.200000000000001,-6.4,-6.7,-4.6000000000000005,16
18475,309291.0,-1.4000000000000001,0.2,1.0,-0.9,2.5,10.5,-5.6,-5.6,-3.5,16
18476,309307.0,-1.4000000000000001,0.2,1.2000000000000002,-0.9,2.5,10.700000000000001,-3.9,-2.6,-0.4,16
18477,309323.0,-1.3,0.2,1.3,-0.9,2.4000000000000004,10.8,-0.9,0.8,4.1000000000000005,16
18478,309341.0,-1.3,0.1,1.3,-0.9,2.4000000000000004,10.8,2.6,6.3,8.600000000000001,16
18479,309356.0,-1.4000000000000001,0.1,1.3,-1.1,2.5,10.8,7.1000000000000005,10.4,13.200000000000001,16
18480,309377.0,-1.4000000000000001,0.1,1.4000000000000001,-1.0,2.5,10.9,10.1,12.100000000000001,16.700000000000003,16
18481,309392.0,-1.2000000000000002,0.1,1.5,-0.9,2.5,11.0,13.3,12.700000000000001,18.400000000000002,16
18482,309409.0,-1.2000000000000002,0.30000000000000004,1.6,-0.9,2.7,11.100000000000001,16.900000000000002,13.8,19.8,16
18483,309424.0,-1.1,0.30000000000000004,1.8,-0.8,2.8000000000000003,11.3,17.7,11.700000000000001,21.0,16
18484,309440.0,-1.0,0.4,2.0,-0.7000000000000001,3.0,11.600000000000001,12.100000000000001,3.4,21.3,16
18485,309457.0,-0.6000000000000001,0.5,2.2,-0.30000000000000004,3.0,11.700000000000001,3.3000000000000003,-4.300000000000001,23.0,16
18486,309479.0,0.0,0.30000000000000004,2.1,0.30000000000000004,2.9000000000000004,11.600000000000001,-2.1,-4.800000000000001,25.8,16
18487,309490.0,0.30000000000000004,0.2,2.2,0.6000000000000001,2.6,11.700000000000001,-2.6,0.8,27.6,16
18488,309506.0,0.5,0.1,1.9000000000000001,0.9,2.6,11.4,-0.9,5.0,30.799999999999997,16
18489,309523.0,1.0,-0.2,1.6,1.3,2.3000000000000003,11.200000000000001,2.6,8.3,34.6,16
18490,309540.0,1.4000000000000001,-0.30000000000000004,1.5,1.9000000000000001,2.1,10.8,10.3,12.6,34.50000000000001,16
18491,309556.0,1.8,-0.5,0.7000000000000001,2.2,2.0,10.100000000000001,14.100000000000001,15.000000000000002,31.5,16
18492,309574.0,2.2,-0.7000000000000001,-0.4,2.5,1.9000000000000001,9.200000000000001,16.700000000000003,18.3,27.400000000000002,16
18493,309590.0,2.4000000000000004,-0.8,-0.8,2.7,1.8,8.6,20.0,24.5,21.6,16
18494,309608.0,2.5,-1.0,-1.3,2.7,1.7000000000000002,8.200000000000001,23.0,29.000000000000004,14.200000000000001,16
18495,309624.0,2.4000000000000004,-1.0,-1.5,2.6,1.7000000000000002,8.0,22.4,28.700000000000003,7.699999999999999,16
18496,309640.0,2.4000000000000004,-1.0,-1.7000000000000002,2.5,1.8,7.6000000000000005,16.5,24.5,3.1,16
18497,309657.0,2.3000000000000003,-1.0,-2.1,2.3000000000000003,1.8,7.300000000000001,8.600000000000001,20.3,0.30000000000000004,16
18498,309678.0,2.0,-1.0,-2.3000000000000003,2.1,1.8,7.1000000000000005,-0.1,17.8,-1.0,16
18499,309690.0,1.8,-1.0,-2.2,1.7000000000000002,1.8,7.300000000000001,-7.400000000000001,14.700000000000001,0.1,16
18500,309706.0,1.5,-0.9,-2.0,1.5,1.8,7.5,-11.700000000000001,10.8,2.5,16
18501,309725.0,1.2000000000000002,-0.8,-1.6,1.2000000000000002,2.0,7.9,-14.100000000000001,4.9,4.5,16
18502,309740.0,1.1,-0.6000000000000001,-1.3,0.9,2.1,8.3,-16.2,-4.6000000000000005,6.000000000000001,16
18503,309756.0,0.8,-0.4,-0.9,0.8,2.3000000000000003,8.5,-17.9,-13.200000000000001,6.9,16
18504,309777.0,0.6000000000000001,-0.2,-0.8,0.7000000000000001,2.3000000000000003,8.6,-17.5,-17.200000000000003,6.7,16
18505,309790.0,0.5,-0.2,-0.8,0.5,2.5,8.700000000000001,-15.2,-15.299999999999999,6.3,16
18506,309806.0,0.1,0.1,-0.7000000000000001,0.30000000000000004,2.6,8.700000000000001,-12.9,-12.4,6.7,16
18507,309823.0,-0.1,0.1,-0.8,0.1,2.6,8.700000000000001,-13.0,-9.8,6.8,16
18508,309840.0,-0.2,0.1,-0.8,-0.1,2.6,8.6,-14.800000000000002,-8.3,5.9,16
18509,309857.0,-0.5,0.2,-0.8,-0.30000000000000004,2.6,8.700000000000001,-16.2,-7.6,5.7,16
18510,309878.0,-0.7000000000000001,0.2,-0.6000000000000001,-0.4,2.5,8.9,-19.1,-9.600000000000001,5.300000000000001,16
18511,309890.0,-0.6000000000000001,0.2,-0.6000000000000001,-0.2,2.4000000000000004,9.0,-21.0,-10.1,4.5,16
18512,309906.0,-0.5,0.1,-0.30000000000000004,-0.2,2.3000000000000003,9.3,-21.400000000000002,-9.4,4.3999999999999995,16
18513,309923.0,-0.5,0.1,-0.1,-0.1,2.3000000000000003,9.4,-20.6,-7.9,5.300000000000001,16
18514,309940.0,-0.5,0.2,0.0,-0.1,2.3000000000000003,9.600000000000001,-18.3,-5.2,8.0,16
18515,309956.0,-0.6000000000000001,0.30000000000000004,0.2,-0.1,2.4000000000000004,9.8,-15.2,-3.3000000000000003,12.5,16
18516,309977.0,-0.4,0.4,0.30000000000000004,0.0,2.5,9.8,-10.9,-1.7,16.400000000000002,16
18517,309990.0,-0.4,0.5,0.30000000000000004,0.2,2.6,9.8,-5.7,0.4,18.400000000000002,16
18518,310007.0,-0.1,0.7000000000000001,0.2,0.30000000000000004,2.8000000000000003,9.700000000000001,0.1,5.1,18.6,16
18519,310023.0,-0.1,1.0,0.0,0.30000000000000004,3.0,9.5,5.4,10.0,18.2,16
18520,310040.0,-0.2,1.3,-0.1,0.2,3.3000000000000003,9.5,8.200000000000001,13.200000000000001,17.9,16
18521,310057.0,-0.1,1.4000000000000001,-0.1,0.30000000000000004,3.5,9.4,8.1,12.700000000000001,17.3,16
18522,310075.0,0.2,1.4000000000000001,0.0,0.7000000000000001,3.5,9.5,6.5,11.000000000000002,15.100000000000001,16
18523,310093.0,0.8,1.3,0.1,1.1,3.5,9.700000000000001,4.3999999999999995,9.0,10.1,16
18524,310107.0,1.0,1.3,0.30000000000000004,1.5,3.5,10.0,1.2000000000000002,6.3,3.3000000000000003,16
18525,310123.0,1.4000000000000001,1.3,0.7000000000000001,1.8,3.4000000000000004,10.200000000000001,-2.4000000000000004,3.7000000000000006,-2.6,16
18526,310140.0,1.8,1.2000000000000002,0.7000000000000001,2.1,3.3000000000000003,10.200000000000001,-5.1,4.7,-7.400000000000001,16
18527,310156.0,1.8,1.1,0.5,2.0,3.1,9.9,-5.0,12.9,-11.6,16
18528,310173.0,1.3,1.0,0.0,1.2000000000000002,3.3000000000000003,9.600000000000001,0.4,24.9,-12.6,16
18529,310190.0,0.1,1.4000000000000001,0.4,0.2,3.6,10.0,6.7,30.799999999999997,-9.3,16
18530,310207.0,-0.2,1.4000000000000001,0.9,-0.30000000000000004,3.5,10.600000000000001,5.1,18.400000000000002,-6.7,16
18531,310223.0,-0.30000000000000004,1.2000000000000002,1.1,-0.30000000000000004,3.4000000000000004,10.700000000000001,0.9,5.9,-8.0,16
18532,310240.0,-0.30000000000000004,1.0,1.3,-0.30000000000000004,3.2,10.8,2.0,-3.2,-10.5,16
18533,310256.0,-0.2,0.8,1.3,0.0,2.8000000000000003,10.9,4.2,-6.2,-13.700000000000001,16
18534,310273.0,-0.1,0.4,1.3,-0.1,2.6,10.8,5.4,-4.6000000000000005,-15.8,16
18535,310290.0,-0.30000000000000004,0.1,1.2000000000000002,-0.2,2.4000000000000004,10.8,4.7,-2.0,-16.1,16
18536,310308.0,-0.4,-0.1,1.3,-0.30000000000000004,2.2,10.8,1.8,0.30000000000000004,-13.9,16
18537,310323.0,-0.4,-0.2,1.3,-0.30000000000000004,1.9000000000000001,11.0,-0.5,1.8,-10.5,16
18538,310340.0,0.0,-0.7000000000000001,1.5,0.1,1.5,11.100000000000001,-0.7,2.0,-7.500000000000001,16
18539,310356.0,0.5,-1.1,1.5,0.4,1.1,11.100000000000001,0.30000000000000004,0.4,-5.500000000000001,16
18540,310373.0,0.6000000000000001,-1.3,1.5,0.7000000000000001,0.9,11.0,3.7000000000000006,-0.7,-3.6,16
18541,310391.0,0.9,-1.5,1.0,0.9,0.7000000000000001,10.600000000000001,9.700000000000001,1.6,-0.7,16
18542,310407.0,1.0,-1.7000000000000002,0.30000000000000004,1.0,0.6000000000000001,10.0,17.9,7.300000000000001,2.8,16
18543,310423.0,1.0,-1.7000000000000002,0.0,1.0,0.6000000000000001,9.3,25.700000000000003,13.5,5.500000000000001,16
18544,310440.0,0.9,-1.8,-0.7000000000000001,0.8,0.6000000000000001,8.8,29.700000000000003,17.400000000000002,5.2,16
18545,310456.0,0.6000000000000001,-1.7000000000000002,-1.2000000000000002,0.5,0.8,8.3,29.500000000000004,17.0,3.4,16
18546,310473.0,0.5,-1.6,-1.3,0.30000000000000004,0.9,8.200000000000001,25.1,13.8,2.0,16
18547,310490.0,0.30000000000000004,-1.6,-1.4000000000000001,0.2,1.0,8.1,17.5,7.2,0.5,16
18548,310508.0,0.30000000000000004,-1.5,-1.5,0.2,1.1,8.0,9.200000000000001,-0.30000000000000004,-1.3,16
18549,310523.0,0.30000000000000004,-1.5,-1.4000000000000001,0.2,1.2000000000000002,8.1,0.2,-7.500000000000001,-3.3000000000000003,16
18550,310540.0,0.30000000000000004,-1.4000000000000001,-1.3,0.2,1.2000000000000002,8.200000000000001,-10.0,-14.3,-4.300000000000001,16
18551,310556.0,0.4,-1.3,-1.3,0.4,1.2000000000000002,8.200000000000001,-18.5,-17.3,-4.0,16
18552,310573.0,0.4,-1.3,-1.3,0.2,1.3,8.3,-21.900000000000002,-14.600000000000001,-1.4,16
18553,310594.0,0.0,-0.9,-1.1,0.0,1.5,8.4,-18.900000000000002,-9.0,3.4,16
18554,310611.0,-0.2,-0.7000000000000001,-0.9,-0.2,1.7000000000000002,8.6,-12.6,-4.9,7.300000000000001,16
18555,310626.0,-0.5,-0.5,-0.8,-0.4,1.8,8.700000000000001,-7.500000000000001,-6.1000000000000005,8.1,16
18556,310642.0,-0.5,-0.30000000000000004,-0.9,-0.5,2.1,8.5,-3.4,-9.600000000000001,7.8,16
18557,310656.0,-0.6000000000000001,0.0,-1.0,-0.5,2.4000000000000004,8.4,-1.0,-12.4,7.300000000000001,16
18558,310673.0,-0.5,0.1,-1.1,-0.30000000000000004,2.5,8.4,-1.0999999999999999,-15.8,6.1000000000000005,16
18559,310690.0,-0.4,0.30000000000000004,-1.0,-0.1,2.6,8.5,-3.2,-18.1,3.6,16
18560,310709.0,-0.2,0.30000000000000004,-0.8,0.0,2.6,8.6,-5.8,-20.1,0.1,16
18561,310726.0,-0.2,0.4,-0.6000000000000001,0.1,2.7,8.8,-8.3,-19.8,-3.5,16
18562,310740.0,-0.30000000000000004,0.4,-0.5,0.0,2.7,9.0,-9.600000000000001,-17.0,-6.8,16
18563,310756.0,-0.5,0.5,-0.30000000000000004,-0.2,2.8000000000000003,9.200000000000001,-9.5,-12.200000000000001,-9.600000000000001,16
18564,310773.0,-0.7000000000000001,0.6000000000000001,-0.2,-0.4,2.8000000000000003,9.4,-8.3,-6.6000000000000005,-11.5,16
18565,310790.0,-0.9,0.5,0.1,-0.6000000000000001,2.7,9.700000000000001,-6.7,-2.6,-13.700000000000001,16
18566,310806.0,-1.2000000000000002,0.5,0.4,-0.9,2.7,9.9,-4.1000000000000005,0.1,-14.800000000000002,16
18567,310823.0,-1.5,0.4,0.5,-1.2000000000000002,2.6,10.0,-1.2000000000000002,1.0,-14.3,16
18568,310840.0,-1.6,0.30000000000000004,0.6000000000000001,-1.3,2.5,10.100000000000001,-0.5,-1.4,-13.200000000000001,16
18569,310857.0,-1.7000000000000002,0.2,0.8,-1.4000000000000001,2.4000000000000004,10.3,-0.1,-3.7000000000000006,-11.2,16
18570,310873.0,-1.7000000000000002,0.2,0.8,-1.4000000000000001,2.3000000000000003,10.5,0.7,-4.800000000000001,-7.8,16
18571,310890.0,-1.7000000000000002,0.0,1.2000000000000002,-1.4000000000000001,2.2,10.8,2.4000000000000004,-5.300000000000001,-3.4,16
18572,310906.0,-1.7000000000000002,0.0,1.5,-1.4000000000000001,2.2,11.0,6.9,-3.1,2.1,16
18573,310923.0,-1.6,0.0,1.6,-1.3,2.3000000000000003,11.200000000000001,14.900000000000002,2.4000000000000004,7.400000000000001,16
18574,310940.0,-1.5,0.0,1.8,-1.2000000000000002,2.4000000000000004,11.5,21.0,3.5,10.2,16
18575,310956.0,-1.3,0.1,2.4000000000000004,-0.9,2.5,11.9,18.3,-2.7,9.9,16
18576,310973.0,-0.9,0.30000000000000004,2.4000000000000004,-0.5,2.7,11.9,12.5,-9.8,10.8,16
18577,311003.0,0.0,0.30000000000000004,2.2,0.5,2.7,11.700000000000001,7.400000000000001,-3.1,16.3,16
18578,311008.0,0.0,0.30000000000000004,2.2,0.5,2.7,11.700000000000001,7.400000000000001,-3.1,16.3,16
18579,311023.0,0.30000000000000004,0.2,2.0,0.5,2.7,11.700000000000001,7.400000000000001,-3.1,16.3,16
18580,311039.0,0.8,0.0,1.8,1.3,2.4000000000000004,11.200000000000001,11.4,13.6,18.3,16
18581,311057.0,1.0,-0.1,1.5,1.4000000000000001,2.3000000000000003,10.9,10.3,17.3,17.3,16
18582,311073.0,1.2000000000000002,-0.30000000000000004,0.9,1.6,2.2,10.4,7.699999999999999,17.7,16.5,16
18583,311089.0,1.5,-0.4,0.6000000000000001,1.9000000000000001,2.1,9.8,6.5,20.1,15.000000000000002,16
18584,311107.0,1.8,-0.6000000000000001,-0.1,2.1,1.9000000000000001,9.3,6.8,23.400000000000002,11.700000000000001,16
18585,311123.0,2.0,-0.8,-0.8,2.2,1.8,8.700000000000001,7.0,26.200000000000003,6.5,16
18586,311140.0,2.0,-0.9,-1.2000000000000002,2.1,1.7000000000000002,8.3,5.8,26.1,1.0,16
18587,311157.0,1.9000000000000001,-0.9,-1.4000000000000001,1.9000000000000001,1.7000000000000002,8.1,0.30000000000000004,21.700000000000003,-3.8,16
18588,311173.0,1.7000000000000002,-0.9,-1.5,1.8,1.7000000000000002,8.0,-9.3,12.8,-6.7,16
18589,311190.0,1.7000000000000002,-0.8,-1.6,1.6,1.7000000000000002,7.9,-18.7,4.2,-6.8,16
18590,311206.0,1.6,-0.8,-1.7000000000000002,1.6,1.7000000000000002,7.800000000000001,-24.7,-0.6000000000000001,-5.300000000000001,16
18591,311223.0,1.4000000000000001,-0.7000000000000001,-1.6,1.4000000000000001,1.7000000000000002,8.0,-26.400000000000002,-2.7,-3.5,16
18592,311240.0,1.0,-0.5,-1.1,1.1,1.8,8.4,-24.1,-4.300000000000001,-1.7,16
18593,311257.0,0.8,-0.4,-0.9,0.8,1.9000000000000001,8.700000000000001,-19.8,-9.700000000000001,-0.30000000000000004,16
18594,311273.0,0.6000000000000001,-0.2,-0.7000000000000001,0.7000000000000001,2.0,8.8,-15.100000000000001,-15.399999999999999,0.2,16
18595,311290.0,0.4,-0.1,-0.9,0.6000000000000001,2.1,8.6,-9.600000000000001,-17.7,-0.4,16
18596,311306.0,0.30000000000000004,0.0,-1.0,0.4,2.2,8.5,-5.6,-15.9,-1.8,16
18597,311323.0,0.0,0.1,-1.3,0.2,2.2,8.200000000000001,-6.2,-13.0,-3.9,16
18598,311340.0,-0.4,0.2,-1.5,-0.2,2.3000000000000003,8.1,-9.5,-9.4,-5.4,16
18599,311356.0,-0.7000000000000001,0.2,-1.4000000000000001,-0.5,2.3000000000000003,8.200000000000001,-14.600000000000001,-7.1000000000000005,-5.1,16
18600,311373.0,-1.0,0.2,-1.2000000000000002,-0.6000000000000001,2.2,8.4,-20.0,-8.1,-3.7000000000000006,16
18601,311390.0,-0.9,0.1,-0.9,-0.5,2.1,8.6,-23.400000000000002,-9.3,-2.1999999999999997,16
18602,311406.0,-0.8,0.1,-0.7000000000000001,-0.4,2.0,8.9,-23.900000000000002,-9.1,-0.5,16
18603,311423.0,-0.6000000000000001,0.1,-0.30000000000000004,-0.2,1.9000000000000001,9.3,-21.900000000000002,-7.8,1.8,16
18604,311440.0,-0.4,0.1,-0.1,0.0,1.9000000000000001,9.5,-18.2,-5.0,4.7,16
18605,311457.0,-0.4,0.2,0.1,0.1,2.0,9.700000000000001,-13.200000000000001,-2.5,8.700000000000001,16
18606,311473.0,-0.30000000000000004,0.30000000000000004,0.30000000000000004,0.2,2.0,9.9,-8.5,-1.3,12.6,16
18607,311490.0,-0.1,0.4,0.4,0.4,2.1,9.9,-5.0,-0.7,15.6,16
18608,311506.0,0.1,0.5,0.2,0.6000000000000001,2.2,9.700000000000001,-1.6,2.1999999999999997,17.1,16
18609,311523.0,0.30000000000000004,0.6000000000000001,-0.1,0.7000000000000001,2.4000000000000004,9.4,2.0,7.6,18.3,16
18610,311540.0,0.4,0.8,-0.30000000000000004,0.8,2.5,9.3,5.1,12.000000000000002,19.6,16
18611,311556.0,0.5,0.9,-0.4,1.0,2.6,9.200000000000001,5.7,13.3,19.700000000000003,16
18612,311573.0,0.9,0.9,-0.4,1.4000000000000001,2.7,9.200000000000001,3.9,12.000000000000002,17.400000000000002,16
18613,311590.0,1.2000000000000002,1.0,-0.4,1.6,2.8000000000000003,9.200000000000001,0.9,9.3,12.9,16
18614,311607.0,1.3,1.0,-0.30000000000000004,1.7000000000000002,2.8000000000000003,9.4,-3.7000000000000006,5.2,7.2,16
18615,311623.0,1.4000000000000001,1.1,0.0,1.7000000000000002,2.8000000000000003,9.600000000000001,-9.600000000000001,1.4,1.4,16
18616,311640.0,1.2000000000000002,1.0,0.1,1.5,2.8000000000000003,9.700000000000001,-13.8,0.8,-2.8,16
18617,311656.0,0.7000000000000001,1.2000000000000002,0.30000000000000004,1.1,2.9000000000000004,9.8,-13.5,6.3,-3.2,16
18618,311673.0,0.30000000000000004,1.3,0.5,0.30000000000000004,3.0,10.4,-8.600000000000001,11.700000000000001,0.7,16
18619,311690.0,-0.30000000000000004,1.4000000000000001,1.6,-0.1,3.1,11.4,-4.2,7.500000000000001,4.9,16
18620,311706.0,-0.30000000000000004,1.3,2.5,0.0,2.9000000000000004,12.100000000000001,-2.5,-3.9,6.000000000000001,16
18621,311723.0,-0.1,1.1,2.4000000000000004,0.30000000000000004,2.6,11.9,2.7,-8.200000000000001,4.9,16
18622,311741.0,0.0,0.6000000000000001,2.0,0.2,2.3000000000000003,11.600000000000001,10.0,-1.7,3.4,16
18623,311757.0,-0.30000000000000004,0.1,1.7000000000000002,0.0,1.9000000000000001,11.4,15.7,10.4,2.8,16
18624,311773.0,-0.5,-0.1,1.5,-0.6000000000000001,1.7000000000000002,10.9,19.3,20.7,4.0,16
18625,311790.0,-1.4000000000000001,-0.2,1.1,-1.3,1.5,10.9,15.399999999999999,18.7,8.5,16
18626,311807.0,-1.4000000000000001,-0.6000000000000001,1.4000000000000001,-1.3,1.2000000000000002,11.100000000000001,15.399999999999999,18.7,8.5,16
18627,311823.0,-1.4000000000000001,-0.6000000000000001,1.4000000000000001,-1.3,1.2000000000000002,11.100000000000001,15.399999999999999,18.7,8.5,16
18628,311840.0,-0.4,-1.3,0.8,-0.1,0.6000000000000001,10.5,-1.8,-7.400000000000001,19.9,16
18629,311858.0,0.1,-1.5,0.7000000000000001,0.30000000000000004,0.4,10.4,-0.1,-8.5,22.6,16
18630,311880.0,0.4,-1.7000000000000002,0.5,0.7000000000000001,0.2,10.3,5.8,-3.9,23.700000000000003,16
18631,311890.0,0.5,-1.7000000000000002,0.2,0.8,0.1,9.8,9.9,-2.9,24.400000000000002,16
18632,311908.0,0.7000000000000001,-1.7000000000000002,-0.4,1.0,0.2,9.3,11.9,0.8,24.1,16
18633,311924.0,0.7000000000000001,-1.6,-0.4,1.1,0.2,9.3,14.100000000000001,2.4000000000000004,23.6,16
18634,311940.0,0.9,-1.6,-0.6000000000000001,1.2000000000000002,0.30000000000000004,9.1,15.000000000000002,4.3999999999999995,22.2,16
18635,311957.0,1.0,-1.6,-0.7000000000000001,1.3,0.4,8.9,14.100000000000001,4.5,19.700000000000003,16
18636,311979.0,1.2000000000000002,-1.6,-0.9,1.5,0.4,8.700000000000001,10.9,3.3000000000000003,15.5,16
18637,312000.0,1.2000000000000002,-1.5,-1.4000000000000001,1.6,0.5,8.3,4.2,2.9,10.600000000000001,16
18638,312007.0,1.0,-1.4000000000000001,-1.7000000000000002,1.3,0.6000000000000001,7.9,-5.2,3.5,7.300000000000001,16
18639,312023.0,0.6000000000000001,-1.2000000000000002,-1.9000000000000001,0.9,0.7000000000000001,7.7,-15.299999999999999,5.0,6.5,16
18640,312040.0,0.30000000000000004,-1.0,-2.0,0.5,0.9,7.7,-25.0,5.6,7.9,16
18641,312056.0,-0.2,-0.6000000000000001,-1.6,0.1,1.2000000000000002,8.0,-32.1,4.2,12.5,16
18642,312078.0,-0.4,-0.1,-1.2000000000000002,-0.1,1.5,8.4,-31.3,2.3000000000000003,18.900000000000002,16
18643,312090.0,-0.4,0.0,-1.0,0.0,1.6,8.8,-24.400000000000002,-1.2000000000000002,21.900000000000002,16
18644,312107.0,-0.30000000000000004,0.30000000000000004,-0.5,0.0,1.8,9.1,-16.1,-7.1000000000000005,20.900000000000002,16
18645,312124.0,-0.30000000000000004,0.5,-0.30000000000000004,0.1,2.0,9.3,-8.600000000000001,-15.299999999999999,17.9,16
18646,312140.0,-0.30000000000000004,0.6000000000000001,-0.2,0.1,2.2,9.5,-5.8,-22.4,14.200000000000001,16
18647,312156.0,-0.30000000000000004,0.7000000000000001,-0.1,0.2,2.2,9.5,-7.2,-27.8,10.8,16
18648,312182.0,-0.30000000000000004,0.8,-0.1,0.30000000000000004,2.3000000000000003,9.5,-12.200000000000001,-16.700000000000003,8.1,16
18649,312190.0,-0.30000000000000004,0.8,-0.1,0.30000000000000004,2.3000000000000003,9.5,-12.200000000000001,-16.700000000000003,8.1,16
18650,312208.0,-0.5,0.9,0.0,0.1,2.3000000000000003,9.600000000000001,-10.9,-3.1,7.699999999999999,16
18651,312223.0,-0.6000000000000001,0.8,0.1,0.1,2.3000000000000003,9.600000000000001,-10.9,-3.1,7.699999999999999,16
18652,312240.0,-1.0,0.7000000000000001,0.4,-0.6000000000000001,2.0,10.200000000000001,-7.9,15.2,3.4,16
18653,312256.0,-1.5,0.5,0.8,-1.0,1.8,10.4,-7.699999999999999,16.8,2.4000000000000004,16
18654,312279.0,-1.5,0.2,0.8,-1.0,1.5,10.5,-6.1000000000000005,18.7,4.0,16
18655,312290.0,-1.5,0.1,0.9,-1.1,1.4000000000000001,10.600000000000001,-1.7,21.400000000000002,8.799999999999999,16
18656,312306.0,-1.4000000000000001,0.1,1.1,-1.0,1.4000000000000001,10.8,4.300000000000001,24.1,14.100000000000001,16
18657,312325.0,-1.2000000000000002,0.0,1.2000000000000002,-0.9,1.3,10.9,10.9,25.1,17.5,16
18658,312340.0,-1.1,0.0,1.1,-0.9,1.4000000000000001,10.8,16.900000000000002,26.9,19.3,16
18659,312356.0,-1.1,0.1,1.0,-1.0,1.5,10.700000000000001,19.6,26.200000000000003,20.8,16
18660,312378.0,-1.0,0.1,1.2000000000000002,-0.9,1.6,10.8,21.6,25.900000000000002,22.900000000000002,16
18661,312390.0,-0.9,0.1,0.8,-0.8,1.7000000000000002,10.3,22.000000000000004,25.5,26.0,16
18662,312407.0,-0.5,0.1,0.5,-0.4,1.7000000000000002,10.200000000000001,22.7,26.3,28.3,16
18663,312423.0,-0.2,0.1,0.7000000000000001,-0.30000000000000004,1.8,10.3,23.6,26.500000000000004,29.200000000000003,16
18664,312440.0,-0.1,0.1,0.6000000000000001,-0.2,1.9000000000000001,10.5,19.1,19.200000000000003,29.200000000000003,16
18665,312458.0,0.2,0.1,1.0,0.2,1.8,10.8,10.8,6.1000000000000005,28.3,16
18666,312481.0,1.9000000000000001,-0.4,2.1,2.5,1.1,11.8,-10.1,-25.3,24.3,16
18667,312490.0,2.6,-0.7000000000000001,2.1,2.5,1.1,11.8,-10.1,-25.3,24.3,16
18668,312511.0,3.2,-0.8,2.0,3.4000000000000004,0.8,11.5,-9.200000000000001,-20.5,21.5,16
18669,312523.0,3.5,-1.2000000000000002,1.6,3.6,0.6000000000000001,11.100000000000001,8.0,-2.3000000000000003,19.500000000000004,16
18670,312540.0,2.9000000000000004,-0.9,0.0,3.0,0.9,9.700000000000001,27.400000000000002,23.2,16.0,16
18671,312556.0,2.2,-0.7000000000000001,-0.7000000000000001,1.9000000000000001,1.2000000000000002,8.9,31.099999999999998,31.7,14.100000000000001,16
18672,312573.0,1.5,-0.6000000000000001,-0.4,1.3,1.4000000000000001,9.1,29.300000000000004,28.700000000000003,10.5,16
18673,312590.0,0.8,-0.5,-1.3,0.7000000000000001,1.6,8.4,20.1,17.3,6.2,16
18674,312606.0,0.6000000000000001,-0.5,-1.5,0.30000000000000004,1.6,7.9,7.9,7.6,0.4,16
18675,312623.0,0.0,-0.4,-1.8,-0.30000000000000004,1.6,7.800000000000001,-3.1,0.4,-3.2,16
18676,312639.0,-0.7000000000000001,-0.2,-1.5,-0.8,1.8,8.1,-10.600000000000001,-6.3,-2.3000000000000003,16
18677,312657.0,-0.7000000000000001,-0.2,-1.2000000000000002,-0.8,1.7000000000000002,8.6,-14.700000000000001,-12.6,0.4,16
18678,312673.0,-0.7000000000000001,-0.4,-0.8,-0.7000000000000001,1.5,8.9,-17.0,-18.2,1.4,16
18679,312694.0,-0.8,-0.4,-0.6000000000000001,-0.8,1.5,9.0,-16.5,-19.6,2.0,16
18680,312706.0,-0.9,-0.30000000000000004,-0.5,-1.0,1.6,9.1,-12.4,-16.5,4.6000000000000005,16
18681,312723.0,-1.1,-0.2,-0.4,-1.1,1.6,9.3,-7.1000000000000005,-10.3,7.500000000000001,16
18682,312740.0,-1.3,-0.1,-0.2,-1.2000000000000002,1.7000000000000002,9.4,-1.0999999999999999,-5.0,10.1,16
18683,312756.0,-1.3,-0.1,0.0,-1.2000000000000002,1.7000000000000002,9.8,3.3000000000000003,-2.5,12.3,16
18684,312775.0,-1.2000000000000002,0.0,0.30000000000000004,-1.1,1.8,9.9,6.5,-2.4000000000000004,15.7,16
18685,312793.0,-0.8,0.0,0.2,-0.7000000000000001,1.9000000000000001,9.8,10.700000000000001,-0.8,19.3,16
18686,312809.0,-0.5,0.1,0.2,-0.4,2.0,9.8,15.5,1.5000000000000002,20.3,16
18687,312823.0,-0.2,0.1,0.2,0.0,2.0,9.8,18.5,1.0,18.5,16
18688,312840.0,0.1,0.1,0.2,0.30000000000000004,2.1,9.8,16.8,-3.5,15.100000000000001,16
18689,312856.0,0.30000000000000004,0.2,0.1,0.6000000000000001,2.3000000000000003,9.600000000000001,12.4,-7.1000000000000005,12.700000000000001,16
18690,312877.0,1.0,0.30000000000000004,-0.2,1.0,2.3000000000000003,9.4,8.5,-6.2,11.8,16
18691,312894.0,1.2000000000000002,0.30000000000000004,-0.30000000000000004,1.5,2.4000000000000004,9.200000000000001,6.4,-1.5000000000000002,11.1,16
18692,312908.0,1.7000000000000002,0.2,-0.9,1.9000000000000001,2.3000000000000003,8.700000000000001,5.8,4.5,9.200000000000001,16
18693,312923.0,1.7000000000000002,0.2,-1.1,1.9000000000000001,2.3000000000000003,8.4,5.300000000000001,11.3,6.2,16
18694,312940.0,1.6,0.30000000000000004,-1.4000000000000001,1.7000000000000002,2.5,8.200000000000001,5.0,15.299999999999999,4.1000000000000005,16
18695,312957.0,1.2000000000000002,0.5,-1.4000000000000001,1.3,2.7,8.1,2.9,14.700000000000001,4.2,16
18696,312981.0,1.1,0.7000000000000001,-1.2000000000000002,1.2000000000000002,2.8000000000000003,8.3,-2.0,8.4,6.1000000000000005,16
18697,312990.0,1.1,0.7000000000000001,-1.1,1.3,2.9000000000000004,8.5,-5.300000000000001,3.3000000000000003,8.700000000000001,16
18698,313010.0,1.2000000000000002,0.8,-1.0,1.4000000000000001,3.0,8.8,-5.500000000000001,-0.9,10.2,16
18699,313023.0,1.4000000000000001,0.9,-0.5,1.7000000000000002,3.0,9.200000000000001,-3.4,-3.7000000000000006,8.9,16
18700,313040.0,1.6,1.0,0.0,1.8,3.1,9.600000000000001,-0.30000000000000004,-4.6000000000000005,5.0,16
18701,313058.0,1.5,1.2000000000000002,0.1,1.7000000000000002,3.3000000000000003,9.600000000000001,3.6,-2.5,0.5,16
18702,313080.0,1.1,1.3,0.1,1.4000000000000001,3.4000000000000004,9.600000000000001,7.2,2.7,-3.0000000000000004,16
18703,313090.0,0.8,1.3,0.2,0.9,3.5,9.8,9.3,6.5,-6.000000000000001,16
18704,313106.0,0.30000000000000004,1.2000000000000002,0.6000000000000001,0.5,3.4000000000000004,10.100000000000001,7.400000000000001,5.2,-8.0,16
18705,313123.0,0.30000000000000004,1.1,0.7000000000000001,0.5,3.2,10.100000000000001,4.5,2.9,-10.5,16
18706,313140.0,0.30000000000000004,0.8,0.6000000000000001,0.5,3.0,10.100000000000001,3.6,4.0,-14.100000000000001,16
18707,313157.0,0.0,0.5,0.6000000000000001,0.1,2.8000000000000003,10.100000000000001,3.7000000000000006,5.6,-17.8,16
18708,313173.0,-0.30000000000000004,0.5,0.6000000000000001,-0.4,2.8000000000000003,10.200000000000001,2.5,5.7,-19.1,16
18709,313194.0,-0.9,0.4,1.1,-0.8,2.7,10.8,1.7,-2.8,-17.9,16
18710,313206.0,-0.7000000000000001,0.30000000000000004,1.4000000000000001,-0.5,2.6,10.9,-1.0999999999999999,-17.599999999999998,-17.1,16
18711,313224.0,-0.1,0.1,1.6,0.0,2.4000000000000004,11.100000000000001,-6.3,-30.599999999999998,-17.8,16
18712,313240.0,0.1,0.0,1.6,0.5,2.2,11.200000000000001,-10.600000000000001,-38.900000000000006,-17.8,16
18713,313257.0,0.5,-0.1,1.6,0.9,2.1,11.200000000000001,-10.600000000000001,-40.7,-15.000000000000002,16
18714,313274.0,1.0,-0.6000000000000001,1.5,1.4000000000000001,1.7000000000000002,11.100000000000001,-4.0,-37.800000000000004,-11.5,16
18715,313290.0,1.2000000000000002,-0.7000000000000001,1.1,1.8,1.4000000000000001,10.600000000000001,8.5,-26.500000000000004,-11.2,16
18716,313306.0,1.1,-1.0,0.5,1.6,1.2000000000000002,10.0,23.900000000000002,-14.3,-12.8,16
18717,313323.0,0.5,-1.1,-0.4,1.2000000000000002,1.3,9.200000000000001,29.000000000000004,-8.9,-13.700000000000001,16
18718,313340.0,0.5,-1.1,-0.6000000000000001,1.0,1.3,8.700000000000001,30.9,-3.2,-14.600000000000001,16
18719,313357.0,0.1,-1.3,-1.5,0.7000000000000001,1.2000000000000002,7.9,27.7,1.8,-16.8,16
18720,313374.0,-0.30000000000000004,-1.2000000000000002,-1.9000000000000001,0.30000000000000004,1.3,7.6000000000000005,19.9,5.300000000000001,-19.200000000000003,16
18721,313390.0,-0.5,-1.3,-1.7000000000000002,0.1,1.3,7.800000000000001,11.2,3.9,-20.0,16
18722,313409.0,-0.2,-1.4000000000000001,-1.4000000000000001,0.4,1.2000000000000002,8.1,1.5000000000000002,1.4,-21.8,16
18723,313423.0,0.1,-1.5,-1.2000000000000002,0.6000000000000001,1.0,8.3,-5.6,-0.7,-25.3,16
18724,313439.0,0.30000000000000004,-1.6,-1.0,0.8,0.9,8.5,-13.5,-2.9,-30.100000000000005,16
18725,313457.0,0.30000000000000004,-1.6,-0.9,0.8,0.9,8.6,-22.5,-5.2,-33.2,16
18726,313473.0,0.30000000000000004,-1.5,-0.9,0.8,0.9,8.6,-22.5,-5.2,-33.2,16
18727,313490.0,0.4,-1.4000000000000001,-1.0,0.9,0.9,8.3,-35.1,0.8,-30.4,16
18728,313506.0,0.5,-1.3,-1.2000000000000002,0.9,0.9,8.3,-37.800000000000004,5.8,-28.8,16
18729,313524.0,0.30000000000000004,-1.2000000000000002,-1.2000000000000002,0.7000000000000001,0.9,8.3,-39.400000000000006,6.2,-28.3,16
18730,313540.0,0.2,-1.1,-1.2000000000000002,0.5,0.9,8.3,-41.300000000000004,2.4000000000000004,-27.900000000000002,16
18731,313556.0,0.0,-0.9,-1.1,0.30000000000000004,1.0,8.5,-43.7,-4.0,-27.1,16
18732,313573.0,-0.2,-0.4,-0.8,0.1,1.3,8.700000000000001,-44.7,-10.8,-25.0,16
18733,313589.0,-0.4,-0.2,-0.7000000000000001,0.0,1.6,9.1,-41.7,-17.1,-21.8,16
18734,313606.0,-0.4,0.2,-0.2,0.1,1.8,9.5,-37.1,-23.8,-20.5,16
18735,313623.0,-0.5,0.5,0.2,0.1,1.9000000000000001,9.8,-31.7,-28.8,-21.8,16
18736,313640.0,-0.6000000000000001,0.7000000000000001,0.30000000000000004,0.0,2.2,9.9,-24.9,-28.700000000000003,-23.8,16
18737,313656.0,-0.9,1.1,0.4,-0.30000000000000004,2.5,10.100000000000001,-20.5,-25.5,-26.0,16
18738,313673.0,-1.2000000000000002,1.5,0.8,-0.5,2.8000000000000003,10.4,-19.500000000000004,-24.200000000000003,-26.500000000000004,16
18739,313692.0,-1.2000000000000002,1.6,1.1,-0.5,2.8000000000000003,10.700000000000001,-18.2,-20.2,-26.0,16
18740,313706.0,-1.2000000000000002,1.5,1.2000000000000002,-0.30000000000000004,2.6,10.9,-13.6,-14.4,-26.700000000000003,16
18741,313725.0,-0.9,1.1,1.3,-0.1,2.3000000000000003,11.0,-8.200000000000001,-9.200000000000001,-29.400000000000002,16
18742,313739.0,-1.2000000000000002,0.9,1.3,-0.30000000000000004,2.1,11.0,-4.7,-6.2,-32.6,16
18743,313756.0,-1.4000000000000001,0.8,1.3,-0.7000000000000001,1.9000000000000001,10.9,-2.6,-5.8,-31.7,16
18744,313773.0,-1.5,0.5,1.2000000000000002,-0.7000000000000001,1.7000000000000002,10.9,-2.7,-6.2,-28.8,16
18745,313791.0,-1.3,0.4,1.3,-0.5,1.6,10.9,-3.6,-5.8,-25.900000000000002,16
18746,313807.0,-1.1,0.30000000000000004,1.3,-0.2,1.5,11.0,-2.1,-0.7,-22.4,16
18747,313823.0,-0.6000000000000001,0.30000000000000004,1.3,0.2,1.4000000000000001,10.9,4.0,8.0,-18.6,16
18748,313840.0,-0.30000000000000004,0.1,0.9,0.4,1.4000000000000001,10.600000000000001,14.100000000000001,19.400000000000002,-16.1,16
18749,313856.0,-0.30000000000000004,0.1,0.7000000000000001,0.30000000000000004,1.5,10.3,24.1,29.200000000000003,-15.6,16
18750,313873.0,-0.5,0.2,0.30000000000000004,0.0,1.6,9.9,28.1,32.5,-17.1,16
18751,313890.0,-0.7000000000000001,0.30000000000000004,-0.30000000000000004,-0.30000000000000004,1.8,9.4,25.700000000000003,30.9,-19.6,16
18752,313906.0,-0.8,0.4,-0.5,-0.6000000000000001,1.9000000000000001,9.3,18.3,29.400000000000002,-21.5,16
18753,313923.0,-0.9,0.30000000000000004,-0.1,-0.7000000000000001,1.9000000000000001,9.600000000000001,5.500000000000001,20.900000000000002,-22.000000000000004,16
18754,313940.0,-0.9,0.2,-0.1,-0.7000000000000001,1.8,9.600000000000001,-5.8,13.3,-20.2,16
18755,313956.0,-0.9,0.1,-0.1,-0.8,1.6,9.8,-10.3,11.8,-16.6,16
18756,313973.0,-1.0,0.0,0.5,-0.9,1.5,10.4,-12.4,7.0,-12.6,16
18757,313992.0,-0.8,0.0,1.2000000000000002,-0.7000000000000001,1.4000000000000001,11.0,-13.700000000000001,-4.5,-7.9,16
18758,314009.0,0.2,-0.2,1.7000000000000002,0.2,1.2000000000000002,11.4,-11.8,-17.8,-4.0,16
18759,314023.0,0.9,-0.4,2.0,1.4000000000000001,1.0,11.8,-8.4,-28.700000000000003,-3.4,16
18760,314039.0,2.1,-0.6000000000000001,2.0,2.5,0.7000000000000001,11.700000000000001,-2.1999999999999997,-32.7,-5.7,16
18761,314056.0,2.6,-0.8,1.7000000000000002,3.2,0.5,11.100000000000001,9.9,-22.7,-10.9,16
18762,314073.0,3.0,-1.0,0.7000000000000001,3.4000000000000004,0.5,10.200000000000001,22.4,-4.9,-17.7,16
18763,314091.0,2.6,-0.9,-0.2,3.0,0.6000000000000001,9.5,28.6,9.4,-23.3,16
18764,314110.0,1.8,-0.7000000000000001,-0.7000000000000001,2.2,0.8,9.1,22.7,11.5,-26.1,16
18765,314123.0,1.5,-0.7000000000000001,-1.1,1.7000000000000002,0.9,8.5,10.9,6.8,-26.3,16
18766,314140.0,0.9,-0.8,-1.5,1.2000000000000002,0.8,8.3,2.1999999999999997,3.2,-25.1,16
18767,314157.0,0.30000000000000004,-0.8,-1.7000000000000002,0.7000000000000001,0.8,8.0,3.7000000000000006,1.5000000000000002,-23.3,16
18768,314173.0,0.1,-0.8,-2.0,0.2,0.8,7.7,8.0,1.9,-21.6,16
18769,314190.0,-0.6000000000000001,-0.7000000000000001,-1.8,-0.4,1.0,7.9,8.1,-6.000000000000001,-20.3,16
18770,314206.0,-1.0,-0.5,-1.5,-0.7000000000000001,1.2000000000000002,8.1,4.0,-19.8,-18.2,16
18771,314223.0,-1.0,-0.4,-1.3,-0.6000000000000001,1.3,8.3,-1.6,-29.900000000000006,-15.399999999999999,16
18772,314240.0,-0.9,-0.5,-1.4000000000000001,-0.4,1.2000000000000002,8.200000000000001,-5.500000000000001,-34.400000000000006,-14.600000000000001,16
18773,314256.0,-1.1,-0.4,-1.3,-0.6000000000000001,1.2000000000000002,8.3,-8.3,-32.2,-14.200000000000001,16
18774,314273.0,-1.3,-0.30000000000000004,-1.0,-0.7000000000000001,1.3,8.700000000000001,-12.9,-29.400000000000002,-11.2,16
18775,314290.0,-1.4000000000000001,-0.2,-0.6000000000000001,-0.8,1.3,9.1,-18.3,-26.700000000000003,-6.8,16
18776,314306.0,-1.4000000000000001,-0.2,-0.1,-0.7000000000000001,1.3,9.600000000000001,-22.4,-25.2,-2.3000000000000003,16
18777,314323.0,-1.3,-0.2,0.1,-0.5,1.3,9.9,-25.2,-20.6,1.0999999999999999,16
18778,314340.0,-1.2000000000000002,-0.2,0.5,-0.4,1.2000000000000002,10.200000000000001,-27.1,-14.4,3.8,16
18779,314357.0,-1.2000000000000002,-0.1,0.8,-0.30000000000000004,1.2000000000000002,10.5,-25.1,-7.2,6.7,16
18780,314373.0,-1.1,-0.1,1.0,-0.2,1.1,10.600000000000001,-17.0,2.1999999999999997,9.200000000000001,16
18781,314389.0,-1.0,-0.1,0.9,-0.2,1.2000000000000002,10.5,-6.5,10.9,10.700000000000001,16
18782,314407.0,-1.2000000000000002,0.2,0.6000000000000001,-0.5,1.4000000000000001,10.200000000000001,0.8,17.5,11.8,16
18783,314423.0,-1.3,0.30000000000000004,0.30000000000000004,-0.6000000000000001,1.6,9.700000000000001,2.5,21.1,13.100000000000001,16
18784,314440.0,-1.4000000000000001,0.5,-0.30000000000000004,-0.8,1.7000000000000002,9.200000000000001,-2.3000000000000003,25.3,14.4,16
18785,314456.0,-1.6,0.6000000000000001,-0.5,-0.8,1.7000000000000002,9.200000000000001,-2.3000000000000003,25.3,14.4,16
18786,314473.0,-1.9000000000000001,0.8,-0.2,-1.4000000000000001,2.1,9.3,-11.8,31.4,27.3,16
18787,314489.0,-1.8,0.9,-0.2,-1.4000000000000001,2.0,9.600000000000001,-11.700000000000001,32.9,36.2,16
18788,314507.0,-1.5,0.8,0.30000000000000004,-1.2000000000000002,1.9000000000000001,10.0,-9.4,28.200000000000003,41.5,16
18789,314523.0,-1.3,0.8,0.6000000000000001,-0.7000000000000001,1.8,10.5,-7.8,18.1,42.6,16
18790,314540.0,-0.4,0.8,1.1,0.1,1.8,10.8,-6.9,7.500000000000001,41.4,16
18791,314557.0,0.7000000000000001,0.8,1.1,1.0,1.8,10.8,-4.3999999999999995,2.9,39.6,16
18792,314573.0,1.3,0.7000000000000001,1.1,2.0,1.6,10.700000000000001,-2.1999999999999997,6.1000000000000005,37.1,16
18793,314589.0,2.1,0.4,0.7000000000000001,2.3000000000000003,1.4000000000000001,10.3,-1.0999999999999999,15.9,35.1,16
18794,314606.0,1.7000000000000002,0.5,0.2,1.7000000000000002,1.6,10.0,1.0,30.599999999999998,38.900000000000006,16
18795,314623.0,0.5,1.2000000000000002,0.4,0.6000000000000001,2.3000000000000003,10.200000000000001,12.9,38.1,50.6,16
18796,314640.0,0.30000000000000004,1.4000000000000001,0.7000000000000001,0.4,2.5,10.700000000000001,26.8,40.3,58.1,16
18797,314657.0,0.4,1.1,1.2000000000000002,0.30000000000000004,2.3000000000000003,10.8,33.7,31.2,54.1,16
18798,314673.0,0.0,1.0,0.7000000000000001,-0.1,2.3000000000000003,10.4,33.800000000000004,20.8,45.5,16
18799,314689.0,-0.30000000000000004,1.0,0.5,-0.6000000000000001,2.4000000000000004,10.200000000000001,31.7,11.8,43.1,16
18800,314706.0,-0.5,1.1,0.5,-0.6000000000000001,2.6,10.200000000000001,28.8,8.1,46.5,16
18801,314723.0,0.2,0.9,0.9,0.0,2.5,10.600000000000001,27.900000000000002,6.6000000000000005,49.4,16
18802,314739.0,1.1,0.30000000000000004,1.2000000000000002,1.5,1.5,11.100000000000001,19.9,-3.5,39.8,16
18803,314756.0,2.2,-0.7000000000000001,1.4000000000000001,2.1,1.0,11.100000000000001,2.0,-16.6,25.1,16
18804,314773.0,1.9000000000000001,-0.7000000000000001,0.8,1.9000000000000001,1.0,10.5,-9.8,-17.599999999999998,20.6,16
18805,314792.0,1.0,-0.6000000000000001,0.1,1.2000000000000002,1.0,9.9,-4.800000000000001,-8.0,30.200000000000003,16
18806,314810.0,0.7000000000000001,-0.7000000000000001,-0.2,0.7000000000000001,0.9,9.600000000000001,8.0,1.7,39.2,16
18807,314824.0,0.30000000000000004,-1.0,-0.2,0.4,0.7000000000000001,9.5,20.8,4.7,41.5,16
18808,314841.0,0.7000000000000001,-1.4000000000000001,-0.5,0.8,0.4,9.3,24.6,4.2,28.900000000000002,16
18809,314856.0,0.6000000000000001,-1.3,-0.8,0.6000000000000001,0.6000000000000001,8.8,22.000000000000004,3.1,6.6000000000000005,16
18810,314873.0,0.0,-0.7000000000000001,-1.0,0.0,1.2000000000000002,8.700000000000001,16.5,2.1,-10.8,16
18811,314890.0,-0.30000000000000004,-0.5,-0.9,-0.2,1.4000000000000001,8.700000000000001,4.1000000000000005,0.7,-16.8,16
18812,314907.0,-0.30000000000000004,-0.4,-0.8,-0.2,1.4000000000000001,8.9,-13.100000000000001,-1.4,-17.599999999999998,16
18813,314923.0,0.0,-0.4,-0.30000000000000004,0.2,1.4000000000000001,9.4,-29.500000000000004,-4.2,-16.1,16
18814,314940.0,0.4,-0.4,0.0,0.8,1.2000000000000002,9.9,-44.9,-3.8,-14.800000000000002,16
18815,314956.0,1.0,-0.5,0.5,1.1,1.0,10.200000000000001,-52.1,0.0,-12.700000000000001,16
18816,314973.0,1.2000000000000002,-0.6000000000000001,0.5,1.2000000000000002,0.8,10.200000000000001,-46.4,8.1,-10.0,16
18817,314991.0,1.2000000000000002,-0.6000000000000001,0.30000000000000004,1.2000000000000002,0.6000000000000001,9.8,-32.2,17.3,-10.2,16
18818,315006.0,1.2000000000000002,-0.6000000000000001,0.30000000000000004,1.2000000000000002,0.6000000000000001,9.8,-32.2,17.3,-10.2,16
18819,315022.0,0.7000000000000001,-0.7000000000000001,-1.1,0.5,0.5,8.6,-12.6,26.200000000000003,-18.900000000000002,16
18820,315039.0,0.1,-0.1,-1.5,0.0,1.0,8.3,-7.6,22.900000000000002,-19.700000000000003,16
18821,315056.0,0.1,0.1,-1.8,-0.2,1.2000000000000002,7.9,-4.7,21.8,-19.0,16
18822,315076.0,0.2,-0.1,-1.8,-0.1,1.0,8.0,-7.400000000000001,15.5,-22.900000000000002,16
18823,315089.0,0.0,0.0,-1.4000000000000001,-0.30000000000000004,1.0,8.3,-10.4,5.500000000000001,-27.5,16
18824,315106.0,-0.1,0.0,-1.3,-0.6000000000000001,1.1,8.5,-10.3,-0.8,-27.900000000000002,16
18825,315123.0,-0.6000000000000001,0.2,-0.9,-1.0,1.2000000000000002,8.8,-9.3,-6.9,-26.1,16
18826,315139.0,-0.4,0.2,-0.8,-0.7000000000000001,1.1,8.9,-9.0,-10.4,-25.5,16
18827,315157.0,-0.1,0.2,-0.7000000000000001,-0.2,1.2000000000000002,9.200000000000001,-11.6,-10.2,-27.8,16
18828,315175.0,0.4,0.30000000000000004,-0.5,0.1,1.2000000000000002,9.3,-12.200000000000001,-8.5,-29.700000000000003,16
18829,315189.0,0.4,0.4,-0.4,0.0,1.3,9.5,-12.000000000000002,-4.9,-30.7,16
18830,315207.0,0.0,0.4,0.0,-0.4,1.4000000000000001,9.8,-14.3,-7.6,-30.299999999999997,16
18831,315235.0,-0.1,0.8,0.0,-0.30000000000000004,1.6,9.8,-17.9,-11.700000000000001,-27.0,16
18832,315241.0,-0.1,1.0,-0.1,-0.30000000000000004,1.7000000000000002,9.600000000000001,-25.5,-12.5,-24.8,16
18833,315256.0,0.0,1.0,-0.1,0.0,1.5,9.8,-39.9,-16.8,-26.9,16
18834,315275.0,0.30000000000000004,0.6000000000000001,0.30000000000000004,0.2,1.1,10.100000000000001,-54.5,-17.1,-32.7,16
18835,315289.0,-0.2,0.5,0.5,-0.4,0.8,10.3,-58.400000000000006,-4.7,-35.4,16
18836,315308.0,-1.6,0.7000000000000001,1.2000000000000002,-1.6,0.9,10.9,-42.5,9.5,-28.1,16
18837,315323.0,-1.9000000000000001,0.6000000000000001,1.4000000000000001,-2.2,0.6000000000000001,11.200000000000001,-20.900000000000002,14.700000000000001,-19.400000000000002,16
18838,315339.0,-2.2,0.2,1.7000000000000002,-2.5,0.30000000000000004,11.4,-4.1000000000000005,9.200000000000001,-15.8,16
18839,315357.0,-2.4000000000000004,0.1,1.4000000000000001,-2.6,0.2,11.3,9.5,-3.4,-14.800000000000002,16
18840,315376.0,-2.3000000000000003,0.1,1.0,-2.4000000000000004,0.2,10.5,22.2,-8.3,-12.8,16
18841,315389.0,-1.8,-0.2,0.0,-2.0,0.0,9.700000000000001,32.2,-7.1000000000000005,-11.000000000000002,16
18842,315406.0,-1.6,-0.30000000000000004,-0.30000000000000004,-1.7000000000000002,0.2,9.5,36.2,-5.4,-8.700000000000001,16
18843,315422.0,-1.2000000000000002,-0.1,-0.2,-1.3,0.5,9.700000000000001,33.2,-5.4,-5.500000000000001,16
18844,315439.0,-0.7000000000000001,0.30000000000000004,0.30000000000000004,-0.8,0.8,10.100000000000001,24.8,-8.0,-3.4,16
18845,315456.0,0.1,0.1,0.6000000000000001,-0.1,0.7000000000000001,10.4,16.3,-10.700000000000001,-3.8,16
18846,315473.0,0.30000000000000004,0.1,1.2000000000000002,0.2,0.9,11.200000000000001,16.2,-13.4,-5.2,16
18847,315491.0,0.5,0.2,1.5,0.4,0.8,11.3,25.6,-6.6000000000000005,-5.9,16
18848,315506.0,0.7000000000000001,-0.5,1.2000000000000002,0.6000000000000001,0.30000000000000004,11.100000000000001,30.9,-4.7,-11.700000000000001,16
18849,315523.0,0.7000000000000001,-0.7000000000000001,1.0,0.5,0.1,10.600000000000001,20.6,-7.400000000000001,-18.5,16
18850,315541.0,0.30000000000000004,-0.7000000000000001,0.4,0.2,0.1,10.100000000000001,5.9,-7.8,-17.8,16
18851,315556.0,0.30000000000000004,-1.1,0.0,0.2,-0.30000000000000004,9.8,-6.3,-0.30000000000000004,-10.9,16
18852,315580.0,0.5,-1.6,0.4,0.4,-0.8,10.200000000000001,-12.9,6.2,-4.0,16
18853,315589.0,0.6000000000000001,-1.8,0.6000000000000001,0.6000000000000001,-1.0,10.5,-9.5,10.4,-0.4,16
18854,315606.0,1.0,-1.8,0.8,0.8,-1.1,10.600000000000001,4.1000000000000005,12.4,-0.4,16
18855,315623.0,1.2000000000000002,-2.0,0.5,1.1,-1.3,10.0,21.900000000000002,13.200000000000001,-6.7,16
18856,315639.0,1.0,-2.1,-0.4,0.7000000000000001,-1.1,9.200000000000001,36.2,15.000000000000002,-15.7,16
18857,315656.0,0.1,-1.6,-1.0,-0.2,-0.6000000000000001,8.8,40.4,16.700000000000003,-21.8,16
18858,315677.0,-0.8,-0.9,-0.8,-1.0,0.1,8.9,34.900000000000006,10.1,-21.700000000000003,16
18859,315689.0,-1.0,-0.6000000000000001,-0.9,-1.4000000000000001,0.6000000000000001,8.9,24.8,2.9,-15.9,16
18860,315707.0,-1.4000000000000001,-0.4,-1.0,-1.7000000000000002,0.8,8.700000000000001,10.1,-4.800000000000001,-10.600000000000001,16
18861,315723.0,-1.5,-0.4,-1.3,-2.0,0.8,8.4,-8.600000000000001,-5.300000000000001,-8.0,16
18862,315741.0,-2.2,-0.1,-1.1,-2.6,1.1,8.700000000000001,-29.1,-1.7,-4.3999999999999995,16
18863,315756.0,-2.5,0.2,-0.30000000000000004,-2.8000000000000003,1.2000000000000002,9.5,-45.4,0.2,2.5,16
18864,315775.0,-1.8,0.0,0.1,-2.2,0.9,9.9,-50.6,2.8,11.1,16
18865,315789.0,-1.4000000000000001,-0.30000000000000004,0.2,-1.7000000000000002,0.30000000000000004,10.0,-46.900000000000006,6.2,14.600000000000001,16
18866,315808.0,-1.1,-0.4,0.7000000000000001,-1.5,0.1,10.5,-38.1,5.9,14.900000000000002,16
18867,315823.0,-1.0,-0.4,1.1,-1.3,0.30000000000000004,11.0,-24.8,1.0,17.3,16
18868,315840.0,-0.6000000000000001,-0.1,1.1,-0.9,0.4,10.700000000000001,-5.500000000000001,-0.6000000000000001,23.700000000000003,16
18869,315856.0,-0.2,0.0,0.30000000000000004,-0.6000000000000001,0.5,10.100000000000001,16.0,5.300000000000001,27.900000000000002,16
18870,315878.0,-0.1,0.4,0.0,-0.5,0.9,9.8,31.6,10.1,27.7,16
18871,315897.0,0.2,0.9,-0.5,-0.30000000000000004,1.5,9.4,38.7,9.1,27.8,16
18872,315907.0,0.6000000000000001,1.0,-0.9,0.2,1.9000000000000001,8.700000000000001,42.1,9.0,29.1,16
18873,315923.0,1.1,0.8,-2.0,0.6000000000000001,1.8,7.7,42.300000000000004,15.9,26.200000000000003,16
18874,315940.0,1.1,0.7000000000000001,-2.3000000000000003,0.5,1.7000000000000002,7.5,38.900000000000006,20.3,18.400000000000002,16
18875,315956.0,0.9,0.8,-2.4000000000000004,0.2,2.0,7.2,33.900000000000006,22.6,11.000000000000002,16
18876,315975.0,0.30000000000000004,0.9,-2.6,-0.4,2.1,7.1000000000000005,23.3,21.3,8.3,16
18877,315991.0,0.0,0.9,-2.5,-0.7000000000000001,2.2,7.2,9.8,12.000000000000002,10.0,16
18878,316006.0,-0.1,0.9,-2.1,-0.8,2.2,7.7,-3.1,3.4,11.8,16
18879,316023.0,0.2,0.7000000000000001,-1.0,-0.5,2.0,8.6,-13.9,-6.9,12.4,16
18880,316039.0,0.4,0.4,-0.5,-0.30000000000000004,1.5,9.5,-22.8,-17.200000000000003,9.600000000000001,16
18881,316056.0,0.2,0.2,0.5,-0.5,1.3,10.3,-27.5,-22.3,8.0,16
18882,316076.0,-0.5,0.2,1.5,-1.0,1.3,11.3,-29.800000000000004,-24.6,12.100000000000001,16
18883,316090.0,-0.9,0.5,2.3000000000000003,-1.3,1.7000000000000002,12.600000000000001,-27.400000000000002,-28.8,24.000000000000004,16
18884,316106.0,-0.4,0.4,3.4000000000000004,-0.5,1.0,13.200000000000001,-18.3,-27.3,32.2,16
18885,316123.0,0.2,-0.5,3.6,-0.1,0.4,13.4,-11.000000000000002,-19.3,25.900000000000002,16
18886,316140.0,0.1,-0.5,3.8000000000000003,-0.2,0.5,13.5,-1.7,-8.600000000000001,16.3,16
18887,316156.0,-0.2,-0.4,3.4000000000000004,-0.4,0.5,13.100000000000001,7.8,4.0,9.200000000000001,16
18888,316176.0,-0.2,-0.8,2.9000000000000004,-0.4,0.1,12.600000000000001,9.3,10.1,3.3000000000000003,16
18889,316191.0,-0.1,-1.1,2.3000000000000003,-0.30000000000000004,-0.30000000000000004,11.600000000000001,3.1,10.600000000000001,0.5,16
18890,316208.0,-0.2,-1.4000000000000001,1.0,-0.6000000000000001,-0.5,10.600000000000001,1.3,19.8,4.6000000000000005,16
18891,316223.0,-0.30000000000000004,-1.6,0.0,-0.8,-0.7000000000000001,9.8,7.1000000000000005,31.0,13.5,16
18892,316240.0,-0.30000000000000004,-1.6,-0.4,-0.9,-0.7000000000000001,9.4,17.1,38.400000000000006,22.8,16
18893,316256.0,-0.2,-1.6,-0.6000000000000001,-0.6000000000000001,-0.6000000000000001,9.0,25.400000000000002,35.7,28.6,16
18894,316273.0,0.5,-1.6,-1.4000000000000001,-0.1,-0.5,8.3,29.900000000000006,31.4,29.1,16
18895,316293.0,0.7000000000000001,-1.5,-1.9000000000000001,0.0,-0.30000000000000004,7.9,27.8,23.1,25.3,16
18896,316314.0,0.6000000000000001,-1.2000000000000002,-2.2,-0.1,0.0,7.6000000000000005,18.2,6.000000000000001,23.6,16
18897,316325.0,0.4,-0.8,-2.1,-0.30000000000000004,0.5,7.6000000000000005,4.800000000000001,-10.0,28.900000000000002,16
18898,316339.0,0.30000000000000004,-0.30000000000000004,-2.0,-0.30000000000000004,1.0,7.7,-5.500000000000001,-20.8,40.0,16
18899,316356.0,0.4,-0.1,-1.9000000000000001,-0.2,1.2000000000000002,8.0,-8.700000000000001,-20.5,47.0,16
18900,316373.0,0.30000000000000004,0.0,-1.4000000000000001,-0.2,1.3,8.4,-9.600000000000001,-18.0,44.8,16
18901,316392.0,0.1,0.4,-0.9,-0.30000000000000004,1.6,8.8,-10.3,-15.8,37.0,16
18902,316409.0,0.0,0.6000000000000001,-0.7000000000000001,-0.4,2.0,9.200000000000001,-9.700000000000001,-14.900000000000002,29.1,16
18903,316423.0,-0.1,1.0,-0.30000000000000004,-0.4,2.2,9.4,-8.799999999999999,-14.500000000000002,23.400000000000002,16
18904,316440.0,0.0,0.8,-0.2,-0.30000000000000004,2.0,9.5,-8.3,-10.9,18.2,16
18905,316457.0,0.0,0.7000000000000001,-0.1,-0.4,1.9000000000000001,9.600000000000001,-5.8,-4.800000000000001,15.6,16
18906,316473.0,-0.2,0.8,0.0,-0.5,2.0,9.600000000000001,3.2,4.7,19.200000000000003,16
18907,316490.0,0.0,0.6000000000000001,-0.4,-0.30000000000000004,1.8,9.3,15.9,14.3,22.8,16
18908,316506.0,0.30000000000000004,0.4,-0.5,0.0,1.5,9.1,20.0,15.5,16.900000000000002,16
18909,316523.0,0.30000000000000004,0.1,-0.9,-0.2,1.5,8.6,17.1,11.5,7.400000000000001,16
18910,316540.0,-0.4,0.2,-1.6,-0.9,1.5,8.0,13.4,13.700000000000001,1.4,16
18911,316556.0,-0.9,0.2,-1.9000000000000001,-1.8,1.5,7.7,11.3,18.3,3.0000000000000004,16
18912,316573.0,-1.7000000000000002,0.1,-1.8,-2.3000000000000003,1.5,7.9,8.0,18.3,9.0,16
18913,316591.0,-1.8,0.0,-1.4000000000000001,-2.4000000000000004,1.4000000000000001,8.200000000000001,3.1,9.9,15.5,16
18914,316606.0,-1.7000000000000002,0.0,-1.1,-2.2,1.4000000000000001,8.9,-4.800000000000001,-0.30000000000000004,18.400000000000002,16
18915,316623.0,-1.5,0.1,0.0,-2.0,1.6,10.0,-9.8,-11.4,18.400000000000002,16
18916,316639.0,-0.9,0.30000000000000004,1.5,-1.3,1.7000000000000002,11.3,-10.1,-21.3,16.8,16
18917,316656.0,0.30000000000000004,0.5,2.5,-0.30000000000000004,1.9000000000000001,12.100000000000001,-4.2,-23.700000000000003,13.6,16
18918,316673.0,0.9,0.6000000000000001,2.6,0.9,2.0,12.3,5.1,-19.200000000000003,8.200000000000001,16
18919,316690.0,2.5,0.4,2.9000000000000004,2.4000000000000004,1.8,12.5,14.0,-7.9,-0.6000000000000001,16
18920,316709.0,3.3000000000000003,0.4,2.6,3.0,1.8,12.3,20.6,6.7,-12.200000000000001,16
18921,316723.0,2.8000000000000003,0.9,2.6,2.3000000000000003,2.6,12.4,25.5,16.3,-20.2,16
18922,316740.0,2.5,1.2000000000000002,2.7,2.1,2.8000000000000003,12.4,21.900000000000002,9.9,-27.1,16
18923,316756.0,2.2,1.2000000000000002,2.2,1.8,2.9000000000000004,12.0,7.6,-6.9,-33.6,16
18924,316773.0,2.1,1.2000000000000002,1.9000000000000001,1.7000000000000002,2.8000000000000003,11.4,-7.8,-20.0,-35.6,16
18925,316790.0,2.3000000000000003,0.9,1.4000000000000001,2.2,2.4000000000000004,11.0,-17.5,-25.8,-37.0,16
18926,316807.0,3.1,0.2,0.5,2.9000000000000004,1.8,10.200000000000001,-18.2,-19.500000000000004,-44.4,16
18927,316823.0,3.2,-0.2,-0.2,3.0,1.3,9.3,-12.8,-9.5,-57.800000000000004,16
18928,316840.0,2.9000000000000004,-0.2,-0.8,2.7,1.3,8.9,-5.9,0.7,-66.1,16
18929,316856.0,2.7,-0.2,-0.9,2.7,1.3,8.9,-5.9,0.7,-66.1,16
18930,316873.0,2.7,-0.2,-0.9,2.7,1.3,8.9,-5.9,0.7,-66.1,16
18931,316890.0,2.3000000000000003,-0.4,-1.6,2.0,1.1,8.0,-3.7000000000000006,-18.1,-63.6,16
18932,316913.0,1.7000000000000002,-0.30000000000000004,-1.8,1.6,1.1,7.9,-8.9,-21.200000000000003,-61.4,16
18933,316924.0,1.0,-0.1,-1.0,1.0,1.3,8.6,-11.2,-21.0,-59.20000000000001,16
18934,316939.0,0.6000000000000001,0.0,-0.5,0.6000000000000001,1.4000000000000001,9.4,-11.5,-24.9,-58.2,16
18935,316957.0,0.5,0.1,-0.1,0.6000000000000001,1.4000000000000001,9.4,-11.5,-24.9,-58.2,16
18936,316973.0,0.1,0.1,0.1,0.1,1.4000000000000001,9.8,-9.0,-34.400000000000006,-60.1,16
18937,316992.0,-0.1,0.0,-0.2,0.1,1.3,9.4,-4.300000000000001,-28.400000000000002,-59.60000000000001,16
18938,317007.0,-0.30000000000000004,-0.1,-0.6000000000000001,-0.1,1.2000000000000002,9.1,-0.7,-16.400000000000002,-58.5,16
18939,317022.0,-0.5,-0.1,-0.7000000000000001,-0.5,1.3,8.9,2.3000000000000003,-4.0,-55.5,16
18940,317039.0,-1.0,0.0,-0.9,-0.9,1.4000000000000001,8.9,2.1,2.3000000000000003,-50.4,16
18941,317056.0,-1.3,0.1,-0.7000000000000001,-1.1,1.5,9.0,0.5,0.8,-43.800000000000004,16
18942,317073.0,-1.2000000000000002,0.1,-0.8,-1.0,1.4000000000000001,8.9,0.5,-1.8,-36.800000000000004,16
18943,317091.0,-1.1,0.1,-0.8,-0.9,1.5,8.9,2.4000000000000004,-6.1000000000000005,-30.000000000000004,16
18944,317106.0,-0.8,0.2,-0.7000000000000001,-0.6000000000000001,1.6,9.0,4.3999999999999995,-12.000000000000002,-24.1,16
18945,317123.0,-0.4,0.5,-0.6000000000000001,-0.30000000000000004,1.8,9.1,5.7,-18.6,-19.700000000000003,16
18946,317139.0,-0.2,0.6000000000000001,-0.6000000000000001,0.1,2.1,9.0,8.1,-19.9,-16.400000000000002,16
18947,317156.0,0.0,0.9,-0.9,0.30000000000000004,2.3000000000000003,8.8,11.8,-13.5,-14.800000000000002,16
18948,317172.0,-0.1,0.9,-1.1,0.0,2.5,8.4,16.2,-1.6,-14.900000000000002,16
18949,317189.0,-0.6000000000000001,1.1,-1.2000000000000002,-0.5,2.8000000000000003,8.6,18.2,6.1000000000000005,-13.5,16
18950,317206.0,-1.1,1.5,-0.8,-0.9,3.1,8.8,15.7,5.4,-9.8,16
18951,317223.0,-0.7000000000000001,1.5,-0.7000000000000001,-0.5,3.1,8.9,11.4,2.1,-7.400000000000001,16
18952,317240.0,-0.30000000000000004,1.4000000000000001,-0.7000000000000001,0.0,3.0,8.8,7.1000000000000005,4.5,-11.2,16
18953,317256.0,0.0,1.1,-0.8,0.2,2.8000000000000003,8.8,4.800000000000001,12.9,-19.1,16
18954,317273.0,0.1,0.9,-0.6000000000000001,0.2,2.6,9.0,2.3000000000000003,21.400000000000002,-29.000000000000004,16
18955,317290.0,0.2,0.7000000000000001,-0.4,0.30000000000000004,2.2,9.3,-5.7,20.1,-39.1,16
18956,317306.0,0.4,0.30000000000000004,0.0,0.2,2.0,9.600000000000001,-17.9,13.6,-44.8,16
18957,317323.0,-0.1,0.5,0.30000000000000004,-0.2,2.1,9.9,-26.400000000000002,11.8,-41.7,16
18958,317340.0,-0.2,0.5,0.6000000000000001,-0.5,2.1,10.5,-28.8,18.3,-32.9,16
18959,317356.0,-0.5,0.5,1.5,-0.8,1.9000000000000001,11.4,-26.500000000000004,20.1,-24.6,16
18960,317374.0,-0.8,0.4,2.4000000000000004,-1.1,1.8,12.200000000000001,-22.5,17.3,-19.3,16
18961,317390.0,-0.9,0.4,2.8000000000000003,-1.4000000000000001,1.7000000000000002,12.700000000000001,-15.9,9.3,-15.299999999999999,16
18962,317406.0,-1.4000000000000001,0.30000000000000004,3.1,-1.8,1.7000000000000002,12.8,-6.1000000000000005,1.7,-10.0,16
18963,317423.0,-1.6,0.4,2.8000000000000003,-2.0,1.7000000000000002,12.5,7.1000000000000005,-3.5,-1.7,16
18964,317439.0,-1.4000000000000001,0.30000000000000004,2.5,-1.3,1.4000000000000001,12.0,20.0,-7.300000000000001,6.6000000000000005,16
18965,317456.0,-0.30000000000000004,-0.30000000000000004,1.8,-0.4,1.1,11.3,26.200000000000003,-12.8,8.4,16
18966,317473.0,0.7000000000000001,-0.7000000000000001,0.7000000000000001,0.5,0.7000000000000001,10.4,28.1,-15.2,5.6,16
18967,317492.0,1.2000000000000002,-1.2000000000000002,-0.4,0.9,0.4,9.4,28.400000000000002,-8.9,-0.6000000000000001,16
18968,317507.0,1.2000000000000002,-1.4000000000000001,-0.8,0.9,0.2,8.8,25.900000000000002,0.0,-7.8,16
18969,317523.0,0.6000000000000001,-1.5,-1.1,0.30000000000000004,0.2,8.5,19.0,4.0,-12.4,16
18970,317539.0,-0.1,-1.5,-1.3,-0.30000000000000004,0.30000000000000004,8.4,8.1,0.8,-12.6,16
18971,317558.0,-0.30000000000000004,-1.5,-1.2000000000000002,-0.6000000000000001,0.2,8.5,-7.400000000000001,-9.200000000000001,-11.000000000000002,16
18972,317573.0,-0.4,-1.5,-1.1,-0.6000000000000001,0.2,8.6,-19.9,-19.6,-8.700000000000001,16
18973,317590.0,-0.4,-1.4000000000000001,-0.7000000000000001,-0.5,0.2,9.0,-26.6,-24.400000000000002,-6.000000000000001,16
18974,317606.0,-0.4,-1.3,-0.4,-0.5,0.30000000000000004,9.5,-26.0,-28.700000000000003,-2.1,16
18975,317623.0,-0.4,-0.9,0.30000000000000004,-0.4,0.6000000000000001,10.100000000000001,-18.8,-30.000000000000004,4.1000000000000005,16
18976,317639.0,-0.30000000000000004,-0.7000000000000001,0.6000000000000001,-0.2,0.7000000000000001,10.3,-6.5,-28.400000000000002,10.9,16
18977,317656.0,-0.2,-0.7000000000000001,0.4,0.0,0.7000000000000001,9.9,9.1,-23.0,14.600000000000001,16
18978,317673.0,-0.2,-0.7000000000000001,-0.2,0.0,0.8,9.4,22.8,-13.700000000000001,14.4,16
18979,317689.0,-0.4,-0.6000000000000001,-0.4,0.0,0.8,9.4,22.8,-13.700000000000001,14.4,16
18980,317706.0,-0.7000000000000001,-0.4,-1.0,-0.5,1.3,8.6,25.8,-6.3,9.3,16
18981,317723.0,-0.9,-0.2,-1.4000000000000001,-0.6000000000000001,1.5,8.200000000000001,18.0,-4.0,7.9,16
18982,317740.0,-1.0,-0.1,-1.6,-0.7000000000000001,1.6,8.1,8.0,-0.7,7.300000000000001,16
18983,317756.0,-1.0,0.0,-1.5,-0.7000000000000001,1.6,8.200000000000001,-0.5,2.9,6.6000000000000005,16
18984,317773.0,-0.9,-0.1,-1.3,-0.7000000000000001,1.5,8.4,-6.8,4.1000000000000005,4.800000000000001,16
18985,317790.0,-0.9,-0.1,-0.7000000000000001,-0.6000000000000001,1.5,8.9,-10.9,1.3,2.9,16
18986,317806.0,-0.8,-0.1,-0.5,-0.6000000000000001,1.6,9.3,-13.0,-1.0,1.3,16
18987,317823.0,-0.8,0.0,-0.1,-0.5,1.6,9.600000000000001,-11.5,-1.6,0.6000000000000001,16
18988,317839.0,-0.5,0.0,0.1,-0.2,1.6,9.8,-6.5,2.4000000000000004,0.0,16
18989,317856.0,-0.30000000000000004,0.0,0.2,0.1,1.5,9.9,-0.9,7.1000000000000005,-2.1999999999999997,16
18990,317873.0,0.0,-0.1,0.30000000000000004,0.2,1.4000000000000001,9.9,2.9,9.0,-6.000000000000001,16
18991,317889.0,0.0,-0.1,0.30000000000000004,0.2,1.5,10.0,3.7000000000000006,8.5,-8.799999999999999,16
18992,317907.0,-0.2,0.1,0.4,-0.1,1.7000000000000002,10.0,2.9,6.5,-7.6,16
18993,317923.0,-0.30000000000000004,0.2,0.5,-0.30000000000000004,1.9000000000000001,10.100000000000001,3.2,7.8,-3.3000000000000003,16
18994,317940.0,-0.5,0.4,0.7000000000000001,-0.5,2.0,10.4,5.0,9.4,0.1,16
18995,317956.0,-0.5,0.5,0.9,-0.4,2.1,10.5,6.5,11.700000000000001,-1.6,16
18996,317973.0,-0.5,0.5,0.9,-0.6000000000000001,2.2,10.700000000000001,7.6,12.6,-8.3,16
18997,317992.0,-0.6000000000000001,0.5,1.3,-0.6000000000000001,2.2,11.100000000000001,5.8,9.3,-16.2,16
18998,318007.0,-0.6000000000000001,0.6000000000000001,2.0,-0.7000000000000001,2.3000000000000003,11.600000000000001,-3.8,-3.6,-21.200000000000003,16
18999,318022.0,-0.4,0.8,2.2,-0.2,2.4000000000000004,12.0,-13.8,-15.7,-17.400000000000002,16
19000,318039.0,0.4,0.7000000000000001,2.6,0.6000000000000001,2.2,12.4,-19.9,-19.9,-11.000000000000002,16
19001,318056.0,1.4000000000000001,0.30000000000000004,2.9000000000000004,1.5,1.8,12.700000000000001,-18.3,-18.0,-7.400000000000001,16
19002,318080.0,2.5,-0.2,2.7,2.5,1.4000000000000001,12.600000000000001,-5.9,-11.4,-9.4,16
19003,318089.0,2.7,-0.4,2.6,2.8000000000000003,1.1,12.3,9.700000000000001,-2.8,-14.4,16
19004,318106.0,2.6,-0.5,1.7000000000000002,2.8000000000000003,1.0,11.5,22.3,0.0,-18.900000000000002,16
19005,318122.0,2.5,-0.5,1.0,2.5,1.2000000000000002,10.200000000000001,32.800000000000004,3.4,-20.0,16
19006,318141.0,2.1,-0.5,-0.5,2.2,1.2000000000000002,9.1,38.5,8.200000000000001,-21.0,16
19007,318158.0,1.7000000000000002,-0.7000000000000001,-1.4000000000000001,1.9000000000000001,1.2000000000000002,8.3,36.1,9.200000000000001,-23.8,16
19008,318178.0,1.5,-0.7000000000000001,-1.8,1.6,1.2000000000000002,8.0,26.400000000000002,4.3999999999999995,-28.8,16
19009,318189.0,1.4000000000000001,-0.7000000000000001,-1.9000000000000001,1.4000000000000001,1.3,7.7,14.500000000000002,-0.8,-32.9,16
19010,318206.0,1.0,-0.6000000000000001,-2.0,1.0,1.4000000000000001,7.6000000000000005,3.3000000000000003,-5.8,-33.400000000000006,16
19011,318223.0,0.8,-0.5,-2.0,0.7000000000000001,1.5,7.800000000000001,-5.7,-10.2,-29.700000000000003,16
19012,318240.0,0.5,-0.30000000000000004,-1.6,0.5,1.7000000000000002,8.200000000000001,-11.8,-15.9,-24.6,16
19013,318256.0,0.2,-0.2,-1.0,0.4,1.7000000000000002,8.700000000000001,-15.100000000000001,-23.2,-19.500000000000004,16
19014,318280.0,0.0,0.0,-0.7000000000000001,0.2,1.8,8.9,-14.200000000000001,-28.8,-15.299999999999999,16
19015,318289.0,-0.2,0.1,-0.6000000000000001,0.1,1.9000000000000001,9.1,-10.5,-31.5,-11.5,16
19016,318306.0,-0.5,0.1,-0.7000000000000001,-0.1,1.9000000000000001,9.0,-5.7,-30.299999999999997,-8.0,16
19017,318323.0,-0.8,0.2,-0.8,-0.5,2.1,8.700000000000001,1.0999999999999999,-23.3,-2.3000000000000003,16
19018,318340.0,-1.3,0.30000000000000004,-1.1,-0.8,2.2,8.5,9.3,-16.2,5.8,16
19019,318356.0,-1.2000000000000002,0.4,-1.4000000000000001,-0.7000000000000001,2.3000000000000003,8.200000000000001,15.8,-11.700000000000001,12.5,16
19020,318382.0,-0.9,0.30000000000000004,-1.5,-0.30000000000000004,2.2,8.0,15.8,-12.6,13.5,16
19021,318390.0,-0.7000000000000001,0.30000000000000004,-1.4000000000000001,0.0,2.3000000000000003,8.200000000000001,10.5,-13.5,10.1,16
19022,318406.0,-0.4,0.2,-1.4000000000000001,0.30000000000000004,2.2,8.1,7.2,-13.0,3.1,16
19023,318425.0,-0.6000000000000001,0.5,-1.1,0.1,2.4000000000000004,8.4,3.8,-9.200000000000001,-3.8,16
19024,318439.0,-0.9,0.7000000000000001,-0.8,-0.30000000000000004,2.8000000000000003,8.8,0.30000000000000004,-8.3,-4.2,16
19025,318456.0,-1.1,0.8,-0.5,-0.4,2.9000000000000004,9.1,-3.0000000000000004,-7.8,-0.30000000000000004,16
19026,318475.0,-0.9,0.8,-0.30000000000000004,-0.2,2.8000000000000003,9.200000000000001,-6.2,-6.8,3.7000000000000006,16
19027,318489.0,-0.9,0.7000000000000001,-0.2,-0.2,2.8000000000000003,9.4,-8.200000000000001,-5.0,5.9,16
19028,318506.0,-1.0,0.9,0.1,-0.30000000000000004,2.8000000000000003,9.700000000000001,-6.4,-2.1999999999999997,9.8,16
19029,318523.0,-0.8,0.9,0.4,-0.1,2.9000000000000004,9.9,0.5,1.9,14.4,16
19030,318539.0,-0.7000000000000001,0.9,0.30000000000000004,0.2,2.8000000000000003,9.700000000000001,11.000000000000002,7.8,17.400000000000002,16
19031,318556.0,-0.30000000000000004,0.7000000000000001,0.0,0.4,2.8000000000000003,9.5,20.0,12.000000000000002,16.8,16
19032,318587.0,0.30000000000000004,0.7000000000000001,-0.1,1.2000000000000002,2.8000000000000003,9.4,24.1,9.4,7.0,16
19033,318589.0,0.30000000000000004,0.7000000000000001,-0.1,1.2000000000000002,2.8000000000000003,9.4,24.1,9.4,7.0,16
19034,318606.0,1.0,0.5,0.0,1.7000000000000002,2.8000000000000003,9.5,14.900000000000002,2.7,-2.1,16
19035,318623.0,1.3,0.5,0.0,1.9000000000000001,2.8000000000000003,9.5,1.8,0.0,-9.3,16
19036,318640.0,1.2000000000000002,0.5,-0.1,1.7000000000000002,2.8000000000000003,9.3,-5.4,8.5,-9.700000000000001,16
19037,318656.0,0.7000000000000001,0.6000000000000001,0.0,1.1,2.9000000000000004,9.600000000000001,-5.7,21.0,-4.5,16
19038,318678.0,0.2,0.7000000000000001,0.9,0.7000000000000001,2.9000000000000004,10.4,-2.9,27.1,2.7,16
19039,318689.0,0.1,0.6000000000000001,1.5,0.6000000000000001,2.8000000000000003,11.3,-4.0,18.2,5.8,16
19040,318706.0,0.2,0.6000000000000001,1.8,0.8,2.7,11.3,-7.1000000000000005,5.9,5.9,16
19041,318723.0,0.5,0.4,1.8,1.0,2.5,11.3,-9.200000000000001,-0.8,4.6000000000000005,16
19042,318740.0,0.6000000000000001,0.30000000000000004,1.7000000000000002,1.0,2.4000000000000004,11.200000000000001,-5.300000000000001,-0.1,3.4,16
19043,318756.0,0.4,0.1,1.5,0.8,2.3000000000000003,11.0,3.6,5.1,3.3000000000000003,16
19044,318777.0,0.2,0.0,1.6,0.6000000000000001,2.2,11.100000000000001,9.600000000000001,4.9,4.1000000000000005,16
19045,318789.0,0.2,-0.2,1.3,0.7000000000000001,2.0,10.9,9.1,-2.5,5.0,16
19046,318806.0,0.4,-0.4,0.9,0.9,1.8,10.3,8.600000000000001,-7.400000000000001,5.7,16
19047,318823.0,0.7000000000000001,-0.8,0.4,1.3,1.5,9.9,9.600000000000001,-6.3,5.0,16
19048,318839.0,1.0,-1.2000000000000002,0.1,1.5,1.1,9.700000000000001,9.600000000000001,-3.6,1.8,16
19049,318856.0,0.9,-1.3,0.0,1.4000000000000001,0.9,9.5,9.700000000000001,-0.6000000000000001,-1.4,16
19050,318877.0,0.6000000000000001,-1.5,-0.1,1.1,0.8,9.4,9.3,1.5000000000000002,-2.7,16
19051,318889.0,0.4,-1.6,-0.2,0.9,0.7000000000000001,9.3,6.5,0.6000000000000001,-2.7,16
19052,318907.0,0.30000000000000004,-1.7000000000000002,-0.2,0.9,0.6000000000000001,9.3,1.6,-3.0000000000000004,-2.7,16
19053,318923.0,0.2,-1.7000000000000002,-0.4,0.7000000000000001,0.6000000000000001,9.200000000000001,-2.8,-5.6,-2.8,16
19054,318940.0,0.0,-1.7000000000000002,-0.30000000000000004,0.6000000000000001,0.6000000000000001,9.3,-8.0,-7.9,-1.5000000000000002,16
19055,318960.0,0.0,-1.7000000000000002,-0.30000000000000004,0.6000000000000001,0.6000000000000001,9.200000000000001,-12.5,-9.700000000000001,1.3,16
19056,318972.0,0.0,-1.6,-0.30000000000000004,0.6000000000000001,0.6000000000000001,9.200000000000001,-12.5,-9.700000000000001,1.3,16
19057,318989.0,-0.2,-1.2000000000000002,-0.30000000000000004,0.4,1.0,9.3,-10.8,-4.6000000000000005,11.000000000000002,16
19058,319010.0,-0.30000000000000004,-0.8,-0.4,0.4,1.2000000000000002,9.200000000000001,-4.800000000000001,-0.1,16.400000000000002,16
19059,319024.0,-0.30000000000000004,-0.6000000000000001,-0.5,0.4,1.5,9.0,2.0,2.9,19.400000000000002,16
19060,319039.0,0.0,-0.4,-1.0,0.7000000000000001,1.7000000000000002,8.6,7.300000000000001,5.8,18.6,16
19061,319056.0,0.1,-0.30000000000000004,-1.2000000000000002,0.8,2.0,8.200000000000001,8.0,7.0,13.8,16
19062,319072.0,0.1,0.0,-1.5,0.7000000000000001,2.3000000000000003,8.0,4.6000000000000005,6.000000000000001,8.0,16
19063,319089.0,0.1,0.30000000000000004,-1.5,0.7000000000000001,2.5,8.0,-1.7,3.5,2.7,16
19064,319106.0,0.1,0.4,-1.5,0.7000000000000001,2.6,8.0,-8.799999999999999,1.2000000000000002,-3.2,16
19065,319122.0,0.1,0.4,-1.4000000000000001,0.6000000000000001,2.6,8.200000000000001,-15.299999999999999,1.0,-9.8,16
19066,319141.0,-0.1,0.5,-1.0,0.5,2.5,8.5,-20.8,1.2000000000000002,-15.000000000000002,16
19067,319156.0,-0.30000000000000004,0.5,-0.8,0.2,2.5,8.9,-24.400000000000002,1.3,-17.7,16
19068,319174.0,-0.6000000000000001,0.5,-0.4,-0.1,2.4000000000000004,9.3,-25.0,1.7,-18.400000000000002,16
19069,319193.0,-0.8,0.4,0.1,-0.30000000000000004,2.3000000000000003,9.700000000000001,-22.4,3.0000000000000004,-18.900000000000002,16
19070,319206.0,-1.0,0.5,0.30000000000000004,-0.5,2.3000000000000003,10.0,-16.0,5.6,-19.0,16
19071,319223.0,-1.1,0.4,0.7000000000000001,-0.7000000000000001,2.3000000000000003,10.3,-8.9,6.9,-19.0,16
19072,319239.0,-1.3,0.6000000000000001,0.5,-0.9,2.4000000000000004,10.100000000000001,-3.2,8.600000000000001,-18.1,16
19073,319257.0,-1.6,0.6000000000000001,0.7000000000000001,-1.1,2.4000000000000004,10.3,-0.8,5.8,-16.3,16
19074,319273.0,-1.6,0.6000000000000001,0.7000000000000001,-1.2000000000000002,2.5,10.3,2.5,3.9,-13.700000000000001,16
19075,319291.0,-1.7000000000000002,0.6000000000000001,0.7000000000000001,-1.3,2.5,10.3,7.0,4.5,-10.3,16
19076,319306.0,-1.7000000000000002,0.6000000000000001,0.6000000000000001,-1.4000000000000001,2.5,10.200000000000001,10.700000000000001,3.9,-7.1000000000000005,16
19077,319324.0,-1.7000000000000002,0.6000000000000001,0.7000000000000001,-1.4000000000000001,2.5,10.3,12.8,2.5,-4.800000000000001,16
19078,319343.0,-1.6,0.6000000000000001,0.8,-1.3,2.5,10.5,13.4,0.0,-3.0000000000000004,16
19079,319358.0,-1.4000000000000001,0.5,0.9,-1.1,2.5,10.5,14.200000000000001,-1.2000000000000002,-1.6,16
19080,319373.0,-1.2000000000000002,0.5,0.8,-0.8,2.5,10.3,16.400000000000002,3.4,-0.1,16
19081,319395.0,-0.8,0.5,0.7000000000000001,-0.7000000000000001,2.6,10.200000000000001,18.7,8.9,1.0999999999999999,16
19082,319409.0,-0.8,0.5,0.7000000000000001,-0.6000000000000001,2.7,10.3,19.3,12.3,1.7,16
19083,319423.0,-0.7000000000000001,0.5,0.8,-0.5,2.7,10.4,19.0,12.4,1.4,16
19084,319440.0,-0.5,0.5,0.9,-0.30000000000000004,2.7,10.5,18.3,8.600000000000001,-0.2,16
19085,319456.0,-0.30000000000000004,0.5,1.1,-0.2,2.8000000000000003,10.600000000000001,13.200000000000001,0.2,-1.7,16
19086,319473.0,-0.2,0.4,1.0,-0.1,2.7,10.4,6.6000000000000005,-3.8,-0.30000000000000004,16
19087,319490.0,-0.1,0.2,0.7000000000000001,0.0,2.5,10.4,2.3000000000000003,-5.9,3.9,16
19088,319510.0,0.1,-0.1,0.9,0.30000000000000004,2.2,10.5,-0.2,-8.0,7.9,16
19089,319523.0,0.4,-0.30000000000000004,0.8,0.8,1.9000000000000001,10.4,1.4,-10.8,10.2,16
19090,319540.0,0.8,-0.7000000000000001,0.5,1.1,1.7000000000000002,10.100000000000001,6.5,-10.1,10.600000000000001,16
19091,319556.0,1.1,-0.9,0.0,1.4000000000000001,1.4000000000000001,9.700000000000001,13.0,-8.4,10.4,16
19092,319573.0,1.3,-1.1,-0.30000000000000004,1.7000000000000002,1.3,9.200000000000001,20.6,-2.9,7.0,16
19093,319594.0,1.4000000000000001,-1.2000000000000002,-0.7000000000000001,1.8,1.3,9.0,23.400000000000002,1.0,1.8,16
19094,319611.0,1.4000000000000001,-1.2000000000000002,-0.8,1.8,1.3,8.8,19.9,0.6000000000000001,-2.1,16
19095,319623.0,1.5,-1.2000000000000002,-0.9,1.9000000000000001,1.3,8.6,13.8,-0.8,-4.5,16
19096,319639.0,1.6,-1.3,-1.0,1.9000000000000001,1.3,8.6,9.0,2.5,-7.699999999999999,16
19097,319657.0,1.5,-1.3,-1.0,1.8,1.3,8.6,6.3,6.6000000000000005,-11.6,16
19098,319673.0,1.3,-1.3,-0.9,1.4000000000000001,1.4000000000000001,8.700000000000001,4.800000000000001,9.200000000000001,-15.299999999999999,16
19099,319691.0,0.8,-1.1,-0.6000000000000001,1.0,1.6,9.200000000000001,2.0,3.0000000000000004,-18.0,16
19100,319717.0,1.0,-0.7000000000000001,-0.1,1.2000000000000002,1.9000000000000001,9.4,-15.399999999999999,-23.900000000000002,-23.0,16
19101,319723.0,0.8,-0.6000000000000001,-0.2,1.2000000000000002,1.9000000000000001,9.4,-15.399999999999999,-23.900000000000002,-23.0,16
19102,319739.0,1.0,-0.5,-0.5,1.3,2.2,9.0,-24.9,-25.2,-22.000000000000004,16
19103,319756.0,0.5,0.0,-1.0,0.8,2.5,8.5,-32.0,-21.0,-18.3,16
19104,319773.0,-0.2,0.5,-1.1,0.2,2.8000000000000003,8.5,-36.800000000000004,-13.4,-9.9,16
19105,319789.0,-0.5,0.7000000000000001,-1.1,-0.1,3.0,8.5,-36.2,-7.8,-1.2000000000000002,16
19106,319806.0,-0.6000000000000001,0.9,-1.0,-0.1,3.0,8.700000000000001,-31.5,-6.7,3.2,16
19107,319823.0,-0.5,0.8,-0.9,0.0,2.9000000000000004,8.8,-24.9,-4.3999999999999995,0.8,16
19108,319839.0,-0.6000000000000001,0.7000000000000001,-0.9,0.0,2.7,8.700000000000001,-17.400000000000002,-4.0,-7.300000000000001,16
19109,319856.0,-0.7000000000000001,0.6000000000000001,-1.2000000000000002,-0.30000000000000004,2.6,8.4,-9.9,-2.7,-16.0,16
19110,319874.0,-1.3,0.7000000000000001,-1.4000000000000001,-0.8,2.7,8.200000000000001,-6.000000000000001,0.1,-21.0,16
19111,319891.0,-1.6,0.6000000000000001,-1.7000000000000002,-1.1,2.6,8.0,-6.1000000000000005,-0.30000000000000004,-20.8,16
19112,319906.0,-1.6,0.4,-1.6,-1.1,2.3000000000000003,8.0,-10.3,0.2,-18.900000000000002,16
19113,319924.0,-1.5,0.2,-1.4000000000000001,-1.1,2.1,8.200000000000001,-15.399999999999999,2.1,-16.0,16
19114,319939.0,-1.5,0.1,-1.1,-1.2000000000000002,2.0,8.8,-17.8,3.7000000000000006,-12.4,16
19115,319956.0,-1.7000000000000002,0.1,-0.4,-1.3,1.9000000000000001,9.3,-16.3,-0.7,-6.5,16
19116,319973.0,-1.7000000000000002,0.1,-0.2,-1.3,1.9000000000000001,9.4,-14.4,-6.1000000000000005,0.4,16
19117,320001.0,-1.6,0.1,-0.30000000000000004,-1.2000000000000002,1.8,9.4,-15.6,-10.4,6.4,16
19118,320006.0,-1.6,0.2,-0.30000000000000004,-1.1,1.9000000000000001,9.4,-19.700000000000003,-13.4,11.700000000000001,16
19119,320022.0,-1.5,0.30000000000000004,-0.1,-1.0,2.0,9.5,-24.1,-15.000000000000002,16.8,16
19120,320039.0,-1.3,0.4,-0.1,-1.1,2.0,9.700000000000001,-28.3,-19.1,20.7,16
19121,320056.0,-1.6,0.30000000000000004,-0.2,-0.4,1.7000000000000002,9.8,-30.100000000000005,-48.50000000000001,24.7,16
19122,320072.0,0.0,0.1,1.0,0.9,1.4000000000000001,10.8,-29.700000000000003,-23.700000000000003,19.1,16
19123,320090.0,0.0,0.0,1.6,0.8,1.4000000000000001,11.3,-13.9,0.5,13.5,16
19124,320106.0,-0.4,0.0,1.5,0.1,1.5,11.200000000000001,5.300000000000001,16.3,13.0,16
19125,320122.0,-0.8,0.4,1.2000000000000002,-0.2,1.8,10.9,14.700000000000001,21.3,14.100000000000001,16
19126,320140.0,-1.1,0.7000000000000001,1.3,-0.4,2.1,11.0,15.299999999999999,23.5,17.599999999999998,16
19127,320156.0,-1.2000000000000002,0.7000000000000001,1.6,-0.4,2.1,11.600000000000001,13.0,13.4,20.900000000000002,16
19128,320173.0,-0.4,0.30000000000000004,2.2,0.4,1.7000000000000002,11.9,8.600000000000001,2.8,20.4,16
19129,320189.0,0.30000000000000004,0.1,2.1,1.2000000000000002,1.5,11.700000000000001,9.8,4.800000000000001,14.100000000000001,16
19130,320206.0,0.6000000000000001,0.0,1.9000000000000001,1.2000000000000002,1.5,11.700000000000001,9.8,4.800000000000001,14.100000000000001,16
19131,320223.0,0.0,0.1,1.7000000000000002,0.5,1.7000000000000002,11.5,10.1,13.200000000000001,8.5,16
19132,320239.0,-0.1,0.1,2.0,0.4,1.7000000000000002,11.8,0.8,3.2,10.4,16
19133,320256.0,0.1,-0.1,2.0,0.9,1.3,11.8,-10.4,-8.3,12.3,16
19134,320273.0,0.9,-0.7000000000000001,1.8,1.5,0.7000000000000001,11.5,-15.5,-11.000000000000002,11.4,16
19135,320292.0,1.1,-1.2000000000000002,1.1,1.6,0.2,10.9,-11.4,-3.2,9.600000000000001,16
19136,320306.0,0.9,-1.1,0.7000000000000001,1.3,0.4,10.100000000000001,2.5,13.100000000000001,12.3,16
19137,320323.0,0.5,-1.1,-0.4,0.9,0.4,9.3,17.1,28.6,17.7,16
19138,320339.0,-0.1,-1.2000000000000002,-0.9,0.30000000000000004,0.30000000000000004,8.9,22.5,30.200000000000003,19.700000000000003,16
19139,320356.0,-0.4,-1.2000000000000002,-1.2000000000000002,-0.1,0.30000000000000004,8.6,20.900000000000002,21.3,20.5,16
19140,320372.0,-0.4,-1.2000000000000002,-1.1,0.1,0.4,8.700000000000001,18.2,12.3,22.5,16
19141,320389.0,0.0,-1.2000000000000002,-1.0,0.30000000000000004,0.5,8.8,16.700000000000003,6.1000000000000005,21.6,16
19142,320406.0,0.1,-1.2000000000000002,-1.0,0.6000000000000001,0.4,8.8,17.5,1.3,20.3,16
19143,320423.0,0.5,-1.3,-0.9,0.9,0.5,8.9,14.4,-1.5000000000000002,18.3,16
19144,320439.0,0.6000000000000001,-1.1,-0.9,1.0,0.7000000000000001,8.9,8.0,-6.5,17.1,16
19145,320458.0,0.8,-1.0,-0.8,1.2000000000000002,0.7000000000000001,8.9,0.6000000000000001,-10.9,18.2,16
19146,320473.0,0.9,-1.0,-0.8,1.4000000000000001,0.7000000000000001,8.8,-5.2,-11.6,18.8,16
19147,320491.0,0.9,-1.0,-0.9,1.4000000000000001,0.7000000000000001,8.8,-5.2,-11.6,18.8,16
19148,320506.0,0.2,-0.8,-1.3,0.8,0.9,8.4,1.3,-1.0999999999999999,19.9,16
19149,320523.0,0.0,-0.6000000000000001,-1.5,0.30000000000000004,1.1,8.200000000000001,5.9,0.7,21.200000000000003,16
19150,320539.0,-0.5,-0.4,-1.4000000000000001,0.0,1.3,8.3,5.6,-3.6,22.3,16
19151,320558.0,-0.6000000000000001,-0.2,-1.3,0.0,1.5,8.4,1.4,-11.2,22.2,16
19152,320572.0,-0.5,-0.2,-1.3,0.1,1.5,8.4,-2.8,-15.100000000000001,20.0,16
19153,320589.0,-0.5,-0.2,-1.2000000000000002,0.1,1.5,8.5,-4.6000000000000005,-15.5,17.3,16
19154,320607.0,-0.6000000000000001,0.0,-1.0,0.1,1.6,8.6,-4.6000000000000005,-12.3,15.9,16
19155,320623.0,-0.6000000000000001,0.1,-1.1,0.0,1.7000000000000002,8.8,-7.8,-10.5,14.4,16
19156,320640.0,-0.7000000000000001,0.1,-0.5,0.1,1.7000000000000002,9.3,-11.6,-10.2,13.5,16
19157,320656.0,-0.6000000000000001,0.0,0.0,0.2,1.6,9.700000000000001,-11.9,-11.4,10.8,16
19158,320672.0,-0.5,0.0,0.0,0.30000000000000004,1.6,9.8,-7.1000000000000005,-8.5,8.3,16
19159,320690.0,-0.4,0.1,0.4,0.4,1.6,10.100000000000001,-2.4000000000000004,-3.1,6.9,16
19160,320707.0,-0.4,0.2,0.9,0.5,1.7000000000000002,10.600000000000001,1.4,1.0,5.7,16
19161,320722.0,-0.30000000000000004,0.30000000000000004,1.1,0.5,1.9000000000000001,10.8,5.7,2.6,4.0,16
19162,320740.0,-0.4,0.4,1.3,0.5,2.0,10.9,9.200000000000001,1.2000000000000002,3.4,16
19163,320757.0,-0.2,0.5,1.2000000000000002,0.6000000000000001,2.1,10.9,11.5,-0.8,3.4,16
19164,320773.0,-0.1,0.4,1.3,0.7000000000000001,2.0,10.9,14.200000000000001,2.9,3.9,16
19165,320789.0,-0.1,0.4,1.1,0.7000000000000001,2.1,10.8,16.6,9.4,3.4,16
19166,320806.0,-0.4,0.5,1.3,0.4,2.2,11.100000000000001,17.9,12.100000000000001,2.4000000000000004,16
19167,320823.0,-0.5,0.5,1.7000000000000002,0.2,2.3000000000000003,11.600000000000001,13.200000000000001,2.0,0.4,16
19168,320839.0,-0.5,0.6000000000000001,2.0,0.30000000000000004,2.5,11.5,4.1000000000000005,-9.600000000000001,0.6000000000000001,16
19169,320856.0,0.0,0.6000000000000001,1.3,0.8,2.4000000000000004,10.9,-0.5,-8.200000000000001,2.4000000000000004,16
19170,320873.0,0.2,0.5,1.1,1.0,2.2,10.9,-1.2000000000000002,1.0,2.5,16
19171,320889.0,0.2,0.30000000000000004,1.1,0.9,2.2,10.8,-1.3,7.2,2.1999999999999997,16
19172,320906.0,0.1,0.30000000000000004,1.0,0.9,2.1,10.8,-0.4,8.600000000000001,3.1,16
19173,320923.0,0.5,0.1,1.0,1.2000000000000002,2.0,10.8,0.9,3.2,3.3000000000000003,16
19174,320940.0,0.9,0.0,1.0,1.9000000000000001,1.8,10.700000000000001,0.6000000000000001,-4.2,0.5,16
19175,320957.0,1.3,-0.1,0.9,1.9000000000000001,1.8,10.700000000000001,0.6000000000000001,-4.2,0.5,16
19176,320973.0,2.0,-0.30000000000000004,0.6000000000000001,3.0,1.4000000000000001,10.100000000000001,-0.6000000000000001,-7.6,-9.3,16
19177,320991.0,2.3000000000000003,-0.5,0.1,3.2,1.3,9.700000000000001,2.7,0.9,-14.4,16
19178,321006.0,2.1,-0.5,-0.30000000000000004,2.9000000000000004,1.3,9.5,5.500000000000001,8.600000000000001,-17.8,16
19179,321022.0,1.9000000000000001,-0.5,-0.4,2.7,1.3,9.3,4.300000000000001,10.0,-18.5,16
19180,321039.0,1.8,-0.5,-0.6000000000000001,2.6,1.4000000000000001,9.0,2.6,9.3,-17.200000000000003,16
19181,321056.0,1.8,-0.5,-1.1,2.5,1.4000000000000001,8.6,3.5,10.5,-16.5,16
19182,321072.0,1.6,-0.4,-1.2000000000000002,2.3000000000000003,1.5,8.5,3.5,9.200000000000001,-18.3,16
19183,321089.0,1.3,-0.30000000000000004,-1.2000000000000002,1.9000000000000001,1.6,8.4,0.8,2.5,-20.2,16
19184,321106.0,1.1,-0.1,-1.4000000000000001,1.7000000000000002,1.8,8.3,-2.7,-2.1,-20.5,16
19185,321122.0,0.7000000000000001,0.0,-1.2000000000000002,1.5,1.9000000000000001,8.6,-6.9,-8.5,-19.700000000000003,16
19186,321139.0,0.6000000000000001,0.0,-1.0,1.4000000000000001,1.9000000000000001,8.8,-12.000000000000002,-16.6,-18.400000000000002,16
19187,321156.0,0.5,0.1,-0.7000000000000001,1.4000000000000001,1.9000000000000001,9.1,-14.900000000000002,-21.8,-17.3,16
19188,321173.0,0.6000000000000001,0.1,-0.5,1.4000000000000001,1.8,9.200000000000001,-13.9,-22.7,-17.0,16
19189,321189.0,0.5,0.0,-0.6000000000000001,1.2000000000000002,1.8,9.1,-8.5,-15.5,-17.599999999999998,16
19190,321206.0,-0.1,0.2,-0.8,0.7000000000000001,1.9000000000000001,8.8,-1.7,-7.300000000000001,-17.7,16
19191,321222.0,-0.6000000000000001,0.2,-1.1,0.30000000000000004,2.0,8.6,2.3000000000000003,-2.0,-18.3,16
19192,321239.0,-0.9,0.30000000000000004,-1.3,-0.2,2.1,8.3,3.5,1.2000000000000002,-18.0,16
19193,321256.0,-1.4000000000000001,0.30000000000000004,-1.6,-0.5,2.1,8.0,2.8,3.1,-16.400000000000002,16
19194,321278.0,-1.5,0.30000000000000004,-1.7000000000000002,-0.6000000000000001,2.1,7.9,-0.7,3.5,-15.000000000000002,16
19195,321289.0,-1.5,0.30000000000000004,-1.7000000000000002,-0.6000000000000001,2.0,7.9,-5.2,1.3,-14.500000000000002,16
19196,321306.0,-1.4000000000000001,0.2,-1.6,-0.6000000000000001,2.0,8.1,-7.6,-0.4,-13.200000000000001,16
19197,321323.0,-1.4000000000000001,0.2,-1.2000000000000002,-0.6000000000000001,2.0,8.4,-8.600000000000001,-2.8,-10.0,16
19198,321339.0,-1.3,0.2,-0.9,-0.5,1.9000000000000001,8.700000000000001,-8.600000000000001,-6.2,-6.2,16
19199,321356.0,-1.2000000000000002,0.2,-0.6000000000000001,-0.30000000000000004,2.0,9.0,-6.8,-7.2,-3.1,16
19200,321380.0,-1.0,0.4,-0.4,-0.2,2.2,9.200000000000001,-1.9,-6.3,0.2,16
19201,321389.0,-1.0,0.6000000000000001,-0.30000000000000004,-0.2,2.3000000000000003,9.3,3.5,-3.1,3.9,16
19202,321406.0,-1.1,0.7000000000000001,-0.30000000000000004,-0.2,2.5,9.3,6.1000000000000005,-1.3,7.1000000000000005,16
19203,321423.0,-1.1,0.8,-0.4,-0.2,2.6,9.200000000000001,6.7,1.6,9.9,16
19204,321439.0,-1.1,0.9,-0.30000000000000004,-0.1,2.8000000000000003,9.1,3.1,6.8,12.9,16
19205,321456.0,-0.9,0.9,0.1,-0.1,2.7,9.8,3.4,7.2,13.3,16
19206,321475.0,-0.7000000000000001,1.0,0.0,0.1,2.8000000000000003,9.700000000000001,3.7000000000000006,6.4,12.100000000000001,16
19207,321489.0,-0.4,1.0,0.6000000000000001,0.4,2.8000000000000003,10.200000000000001,1.7,7.300000000000001,10.4,16
19208,321506.0,-0.1,0.9,0.8,0.8,2.6,10.600000000000001,-2.1,4.800000000000001,8.0,16
19209,321523.0,0.30000000000000004,0.8,1.0,1.1,2.5,10.5,-3.4,7.0,6.4,16
19210,321539.0,0.30000000000000004,0.7000000000000001,0.7000000000000001,1.0,2.5,10.3,-2.4000000000000004,17.1,5.500000000000001,16
19211,321556.0,-0.1,0.8,0.6000000000000001,0.30000000000000004,2.7,10.4,0.2,28.0,7.0,16
19212,321578.0,-1.0,1.0,1.8,-0.30000000000000004,2.8000000000000003,11.100000000000001,-0.9,25.5,9.8,16
19213,321589.0,-1.0,1.0,2.1,-0.4,2.8000000000000003,11.8,-6.3,9.600000000000001,12.100000000000001,16
19214,321606.0,-0.6000000000000001,0.9,2.2,0.30000000000000004,2.5,11.9,-9.5,-3.3000000000000003,13.200000000000001,16
19215,321623.0,0.30000000000000004,0.5,2.1,1.0,2.1,11.700000000000001,-7.500000000000001,-4.2,12.200000000000001,16
19216,321639.0,0.6000000000000001,0.1,1.6,1.2000000000000002,1.8,11.3,-3.0000000000000004,5.4,10.600000000000001,16
19217,321656.0,0.5,0.0,1.4000000000000001,0.8,1.8,11.0,3.9,19.1,12.5,16
19218,321678.0,0.0,-0.2,1.4000000000000001,0.5,1.6,11.100000000000001,7.6,23.2,16.5,16
19219,321689.0,0.1,-0.4,1.2000000000000002,0.6000000000000001,1.4000000000000001,10.9,7.699999999999999,16.8,19.9,16
19220,321706.0,0.30000000000000004,-0.5,1.0,0.9,1.2000000000000002,10.5,11.2,12.000000000000002,23.5,16
19221,321723.0,0.8,-0.7000000000000001,0.5,1.3,1.1,10.200000000000001,18.1,10.0,25.8,16
19222,321739.0,1.2000000000000002,-1.0,0.2,1.6,0.9,9.8,24.200000000000003,8.0,25.0,16
19223,321756.0,1.4000000000000001,-1.1,-0.4,1.8,0.9,9.4,27.1,5.1,21.6,16
19224,321779.0,1.4000000000000001,-1.1,-0.8,1.8,0.9,9.0,26.3,4.7,17.9,16
19225,321789.0,1.3,-1.1,-0.9,1.7000000000000002,1.0,8.700000000000001,21.8,4.6000000000000005,15.000000000000002,16
19226,321806.0,1.1,-1.1,-1.1,1.5,1.0,8.6,13.8,3.4,13.4,16
19227,321823.0,1.0,-1.1,-1.0,1.4000000000000001,1.0,8.6,4.6000000000000005,-0.1,12.000000000000002,16
19228,321840.0,0.9,-1.2000000000000002,-0.9,1.4000000000000001,0.9,8.8,-3.6,-4.6000000000000005,10.2,16
19229,321856.0,0.9,-1.2000000000000002,-0.7000000000000001,1.4000000000000001,0.9,8.9,-9.0,-8.3,8.3,16
19230,321876.0,0.8,-1.1,-0.7000000000000001,1.4000000000000001,0.9,9.0,-11.3,-11.5,6.9,16
19231,321892.0,0.7000000000000001,-1.0,-0.8,1.3,1.0,8.8,-10.9,-13.200000000000001,6.7,16
19232,321906.0,0.6000000000000001,-0.9,-1.0,1.1,1.2000000000000002,8.4,-8.700000000000001,-11.000000000000002,7.8,16
19233,321924.0,0.30000000000000004,-0.6000000000000001,-1.4000000000000001,0.9,1.4000000000000001,8.1,-7.1000000000000005,-7.2,8.200000000000001,16
19234,321940.0,0.0,-0.30000000000000004,-1.6,0.5,1.7000000000000002,8.0,-6.4,-3.8,8.799999999999999,16
19235,321956.0,-0.4,0.0,-1.6,0.30000000000000004,1.9000000000000001,8.0,-6.1000000000000005,-4.2,10.1,16
19236,321981.0,-0.4,0.2,-1.5,0.30000000000000004,2.0,8.1,-6.4,-7.0,11.2,16
19237,321990.0,-0.4,0.2,-1.5,0.4,2.1,8.1,-6.6000000000000005,-9.4,10.600000000000001,16
19238,322006.0,-0.2,0.2,-1.4000000000000001,0.5,2.1,8.200000000000001,-6.4,-9.700000000000001,8.0,16
19239,322022.0,-0.2,0.30000000000000004,-1.3,0.6000000000000001,2.2,8.3,-6.4,-9.0,3.0000000000000004,16
19240,322040.0,-0.2,0.4,-1.1,0.6000000000000001,2.2,8.5,-6.3,-7.9,-3.2,16
19241,322056.0,-0.30000000000000004,0.5,-1.0,0.5,2.4000000000000004,8.6,-6.8,-6.3,-8.9,16
19242,322078.0,-0.5,0.7000000000000001,-0.8,0.30000000000000004,2.5,8.8,-9.200000000000001,-4.9,-13.3,16
19243,322089.0,-0.5,0.7000000000000001,-0.7000000000000001,0.30000000000000004,2.5,9.0,-12.6,-1.6,-16.900000000000002,16
19244,322106.0,0.0,0.8,-0.1,0.6000000000000001,2.5,9.5,-15.100000000000001,10.4,-22.6,16
19245,322123.0,-1.2000000000000002,0.6000000000000001,0.2,-0.6000000000000001,2.3000000000000003,10.0,-14.900000000000002,6.000000000000001,-22.5,16
19246,322139.0,-1.0,0.8,0.9,-0.4,2.4000000000000004,10.8,-16.2,1.8,-22.4,16
19247,322156.0,-1.1,0.8,1.4000000000000001,-0.4,2.4000000000000004,11.100000000000001,-15.299999999999999,-1.5000000000000002,-21.400000000000002,16
19248,322177.0,-0.8,0.6000000000000001,1.9000000000000001,-0.2,2.3000000000000003,11.5,-12.100000000000001,-2.5,-19.8,16
19249,322195.0,-0.7000000000000001,0.6000000000000001,1.9000000000000001,0.1,2.2,11.600000000000001,-7.1000000000000005,3.4,-18.400000000000002,16
19250,322206.0,-0.4,0.30000000000000004,2.3000000000000003,0.2,1.9000000000000001,11.9,6.000000000000001,11.000000000000002,-18.1,16
19251,322222.0,-0.5,0.30000000000000004,1.5,0.1,1.9000000000000001,11.3,19.6,15.5,-18.3,16
19252,322239.0,-0.5,0.30000000000000004,1.3,0.0,2.0,11.100000000000001,23.900000000000002,20.0,-17.1,16
19253,322256.0,-0.7000000000000001,0.4,1.1,-0.30000000000000004,2.2,10.8,25.3,22.000000000000004,-14.900000000000002,16
19254,322274.0,-0.8,0.4,1.0,-0.4,2.3000000000000003,10.700000000000001,23.700000000000003,20.3,-12.8,16
19255,322290.0,-0.7000000000000001,0.4,1.1,-0.4,2.4000000000000004,10.9,19.1,14.3,-12.100000000000001,16
19256,322308.0,-0.6000000000000001,0.5,1.4000000000000001,-0.30000000000000004,2.5,11.100000000000001,12.4,5.300000000000001,-12.100000000000001,16
19257,322322.0,-0.2,0.4,1.3,0.0,2.4000000000000004,11.0,6.4,-1.2000000000000002,-12.200000000000001,16
19258,322339.0,0.0,0.4,1.2000000000000002,0.4,2.3000000000000003,10.9,3.6,-1.2000000000000002,-12.000000000000002,16
19259,322356.0,0.4,0.1,1.0,0.7000000000000001,2.0,10.700000000000001,2.7,2.1999999999999997,-11.2,16
19260,322376.0,0.6000000000000001,-0.30000000000000004,0.7000000000000001,0.8,1.7000000000000002,10.4,3.6,6.6000000000000005,-10.0,16
19261,322390.0,0.6000000000000001,-0.4,0.6000000000000001,0.9,1.5,10.200000000000001,6.1000000000000005,9.4,-9.0,16
19262,322407.0,0.8,-0.7000000000000001,0.30000000000000004,1.1,1.3,10.0,8.5,8.3,-9.4,16
19263,322423.0,1.2000000000000002,-0.9,0.1,1.4000000000000001,1.2000000000000002,9.8,11.1,5.1,-10.9,16
19264,322439.0,1.4000000000000001,-1.0,-0.1,1.7000000000000002,1.1,9.5,12.000000000000002,1.3,-14.4,16
19265,322456.0,1.8,-1.1,-0.5,2.0,1.0,9.0,9.5,-3.1,-18.5,16
19266,322473.0,2.0,-1.2000000000000002,-1.1,2.2,1.0,8.5,4.6000000000000005,-4.6000000000000005,-21.400000000000002,16
19267,322490.0,2.0,-1.2000000000000002,-1.4000000000000001,2.0,1.0,8.200000000000001,-0.5,-1.0999999999999999,-22.6,16
19268,322506.0,1.6,-1.1,-1.6,1.7000000000000002,1.1,8.1,-5.9,2.4000000000000004,-21.900000000000002,16
19269,322523.0,1.1,-1.0,-1.6,1.3,1.1,8.1,-12.000000000000002,1.8,-19.8,16
19270,322539.0,0.9,-0.9,-1.5,0.9,1.3,8.200000000000001,-16.0,-2.0,-16.1,16
19271,322556.0,0.5,-0.6000000000000001,-1.2000000000000002,0.7000000000000001,1.4000000000000001,8.5,-16.6,-6.3,-11.700000000000001,16
19272,322574.0,0.30000000000000004,-0.4,-0.9,0.5,1.6,8.8,-14.900000000000002,-11.8,-8.5,16
19273,322592.0,0.1,-0.2,-0.7000000000000001,0.30000000000000004,1.7000000000000002,9.0,-12.5,-18.5,-7.699999999999999,16
19274,322609.0,0.0,-0.1,-0.6000000000000001,0.30000000000000004,1.9000000000000001,9.0,-10.1,-22.3,-8.799999999999999,16
19275,322623.0,-0.2,0.1,-0.9,0.2,2.0,8.700000000000001,-7.300000000000001,-21.900000000000002,-10.3,16
19276,322639.0,-0.4,0.2,-1.2000000000000002,0.0,2.0,8.5,-6.2,-15.9,-12.200000000000001,16
19277,322656.0,-0.7000000000000001,0.30000000000000004,-1.3,-0.4,2.2,8.3,-6.9,-9.5,-12.700000000000001,16
19278,322672.0,-1.2000000000000002,0.4,-1.3,-0.8,2.2,8.3,-9.600000000000001,-5.2,-11.1,16
19279,322689.0,-1.3,0.30000000000000004,-1.3,-1.0,2.0,8.4,-14.4,-4.9,-9.3,16
19280,322714.0,-1.4000000000000001,0.0,-1.1,-1.0,1.8,8.5,-17.3,-5.9,-8.0,16
19281,322725.0,-1.4000000000000001,-0.1,-1.1,-1.0,1.5,8.6,-17.5,-5.9,-6.5,16
19282,322739.0,-1.4000000000000001,-0.30000000000000004,-1.0,-0.9,1.4000000000000001,8.700000000000001,-14.800000000000002,-4.2,-4.800000000000001,16
19283,322756.0,-1.4000000000000001,-0.30000000000000004,-1.0,-0.9,1.3,8.700000000000001,-10.0,-0.9,-2.3000000000000003,16
19284,322773.0,-1.4000000000000001,-0.2,-0.8,-1.1,1.4000000000000001,8.9,-6.3,0.30000000000000004,0.4,16
19285,322791.0,-1.8,0.1,-0.6000000000000001,-1.4000000000000001,1.7000000000000002,9.0,-5.2,-1.7,5.500000000000001,16
19286,322806.0,-1.9000000000000001,0.2,-0.4,-1.5,1.8,9.200000000000001,-7.300000000000001,-5.9,12.5,16
19287,322822.0,-1.8,0.4,-0.30000000000000004,-1.2000000000000002,1.9000000000000001,9.3,-9.200000000000001,-7.6,19.400000000000002,16
19288,322839.0,-1.3,0.4,-0.1,-0.8,1.8,9.5,-9.0,-4.6000000000000005,23.400000000000002,16
19289,322856.0,-1.1,0.4,0.0,-0.6000000000000001,1.9000000000000001,9.700000000000001,-5.300000000000001,2.7,24.6,16
19290,322873.0,-1.0,0.6000000000000001,0.30000000000000004,-0.6000000000000001,2.2,10.0,0.4,8.700000000000001,25.900000000000002,16
19291,322891.0,-0.8,0.8,0.7000000000000001,-0.30000000000000004,2.3000000000000003,10.3,4.300000000000001,11.8,27.1,16
19292,322908.0,-0.4,0.9,0.9,0.0,2.4000000000000004,10.5,5.8,10.4,27.1,16
19293,322926.0,-0.1,0.8,1.1,0.4,2.3000000000000003,10.9,3.8,5.0,25.0,16
19294,322941.0,0.7000000000000001,0.7000000000000001,1.6,1.2000000000000002,2.2,11.200000000000001,0.4,-1.0,21.3,16
19295,322956.0,1.2000000000000002,0.6000000000000001,1.5,2.2,2.0,11.100000000000001,-0.8,8.1,16.0,16
19296,322972.0,1.6,0.4,1.6,1.7000000000000002,2.0,10.9,10.3,26.1,11.2,16
19297,322989.0,0.5,1.0,0.4,0.6000000000000001,2.7,10.0,22.900000000000002,38.7,11.700000000000001,16
19298,323012.0,-0.6000000000000001,1.5,1.0,-0.4,3.2,10.5,20.1,36.4,17.7,16
19299,323023.0,-0.6000000000000001,1.5,2.5,-0.4,3.2,12.0,12.4,18.1,21.200000000000003,16
19300,323039.0,0.0,1.1,2.2,0.2,2.8000000000000003,11.9,0.8,-1.0999999999999999,18.8,16
19301,323056.0,0.30000000000000004,0.9,2.4000000000000004,0.6000000000000001,2.4000000000000004,12.100000000000001,-3.9,-11.000000000000002,12.9,16
19302,323076.0,0.6000000000000001,0.30000000000000004,2.2,0.7000000000000001,2.1,12.0,-5.7,-13.3,9.0,16
19303,323094.0,0.5,0.1,2.2,0.8,1.8,12.0,-3.8,-8.700000000000001,10.1,16
19304,323106.0,0.5,-0.2,2.3000000000000003,0.7000000000000001,1.6,12.100000000000001,-0.1,-1.6,15.7,16
19305,323123.0,0.6000000000000001,-0.30000000000000004,2.2,0.9,1.3,11.8,5.6,6.1000000000000005,22.7,16
19306,323139.0,1.0,-0.7000000000000001,2.0,1.2000000000000002,1.0,11.600000000000001,16.700000000000003,11.5,27.2,16
19307,323156.0,1.2000000000000002,-0.9,1.3,1.4000000000000001,0.9,11.0,27.8,15.2,26.9,16
19308,323175.0,1.2000000000000002,-1.0,0.6000000000000001,1.4000000000000001,0.9,10.5,34.300000000000004,17.0,24.8,16
19309,323191.0,1.2000000000000002,-1.1,0.1,1.3,0.9,9.700000000000001,35.4,15.6,21.1,16
19310,323209.0,1.1,-1.1,-0.7000000000000001,1.2000000000000002,1.0,9.0,32.2,15.100000000000001,17.3,16
19311,323226.0,1.0,-1.1,-1.2000000000000002,1.1,1.0,8.5,25.2,14.200000000000001,14.4,16
19312,323241.0,1.0,-1.1,-1.5,1.1,1.0,8.1,17.9,13.9,12.5,16
19313,323256.0,0.9,-1.2000000000000002,-1.7000000000000002,0.9,1.0,8.0,11.4,13.5,11.000000000000002,16
19314,323272.0,0.8,-1.2000000000000002,-1.6,0.8,1.0,8.1,6.5,10.1,9.8,16
19315,323289.0,0.7000000000000001,-1.2000000000000002,-1.4000000000000001,0.8,1.1,8.200000000000001,2.5,3.4,8.200000000000001,16
19316,323306.0,0.9,-1.1,-1.4000000000000001,1.0,1.2000000000000002,8.200000000000001,-0.5,-4.0,6.3,16
19317,323323.0,1.0,-1.1,-1.6,1.1,1.2000000000000002,7.800000000000001,-1.6,-7.0,3.6,16
19318,323339.0,0.9,-0.9,-2.1,0.9,1.4000000000000001,7.5,-0.8,-5.8,1.8,16
19319,323356.0,0.4,-0.5,-2.2,0.5,1.7000000000000002,7.4,-0.5,-2.4000000000000004,1.9,16
19320,323372.0,0.2,-0.4,-2.3000000000000003,0.2,1.8,7.2,-1.5000000000000002,-2.4000000000000004,1.9,16
19321,323389.0,-0.1,-0.30000000000000004,-2.4000000000000004,0.0,1.9000000000000001,7.2,-4.2,-5.7,0.5,16
19322,323406.0,-0.2,-0.2,-2.1,0.0,1.9000000000000001,7.4,-9.700000000000001,-10.5,-1.3,16
19323,323422.0,-0.1,-0.30000000000000004,-1.8,0.1,1.9000000000000001,7.7,-15.6,-17.3,-3.6,16
19324,323439.0,0.0,-0.30000000000000004,-1.7000000000000002,0.4,1.8,8.0,-19.8,-21.8,-6.4,16
19325,323456.0,0.30000000000000004,-0.30000000000000004,-1.3,0.6000000000000001,1.7000000000000002,8.200000000000001,-20.3,-19.400000000000002,-9.8,16
19326,323473.0,0.2,-0.30000000000000004,-1.1,0.5,1.8,8.6,-17.3,-14.200000000000001,-12.5,16
19327,323489.0,-0.1,0.0,-0.6000000000000001,0.2,1.9000000000000001,9.0,-15.299999999999999,-11.4,-13.3,16
19328,323510.0,-0.5,0.2,-0.2,-0.1,2.1,9.3,-15.6,-12.000000000000002,-13.5,16
19329,323522.0,-0.6000000000000001,0.30000000000000004,-0.1,-0.2,2.2,9.4,-16.5,-12.5,-14.500000000000002,16
19330,323539.0,-0.7000000000000001,0.4,0.0,-0.30000000000000004,2.2,9.700000000000001,-15.6,-11.4,-15.9,16
19331,323556.0,-0.8,0.5,0.4,-0.4,2.3000000000000003,10.100000000000001,-13.6,-11.2,-16.8,16
19332,323574.0,-0.8,0.6000000000000001,0.8,-0.30000000000000004,2.3000000000000003,10.4,-10.600000000000001,-11.9,-16.6,16
19333,323589.0,-0.7000000000000001,0.5,0.8,-0.2,2.3000000000000003,10.5,-5.4,-9.8,-16.400000000000002,16
19334,323608.0,-0.8,0.5,0.9,-0.30000000000000004,2.2,10.5,-0.2,-6.4,-16.8,16
19335,323623.0,-0.9,0.5,0.9,-0.4,2.3000000000000003,10.5,3.0000000000000004,-5.1,-17.5,16
19336,323639.0,-1.0,0.5,1.1,-0.5,2.2,10.700000000000001,1.4,-7.1000000000000005,-17.8,16
19337,323656.0,-1.1,0.4,1.3,-0.6000000000000001,2.2,11.0,-2.4000000000000004,-11.000000000000002,-17.200000000000003,16
19338,323673.0,-1.0,0.4,1.6,-0.5,2.2,11.200000000000001,-4.6000000000000005,-11.4,-14.600000000000001,16
19339,323689.0,-1.0,0.4,1.7000000000000002,-0.4,2.2,11.4,-0.8,-5.500000000000001,-12.4,16
19340,323706.0,-0.9,0.5,2.0,-0.4,2.2,11.700000000000001,7.0,3.6,-11.1,16
19341,323723.0,-0.8,0.5,2.6,-0.4,2.3000000000000003,12.3,15.7,10.1,-13.3,16
19342,323739.0,-1.2000000000000002,0.6000000000000001,2.6,-0.6000000000000001,2.6,12.3,14.900000000000002,1.2000000000000002,-12.9,16
19343,323757.0,-0.8,0.8,2.7,-0.2,2.7,12.200000000000001,12.000000000000002,-3.0000000000000004,-11.1,16
19344,323772.0,-0.30000000000000004,0.5,2.1,0.2,2.4000000000000004,11.700000000000001,11.5,1.9,-8.9,16
19345,323789.0,-0.2,0.4,2.0,0.4,2.2,11.600000000000001,11.4,8.3,-7.500000000000001,16
19346,323806.0,0.1,0.0,1.7000000000000002,0.6000000000000001,1.9000000000000001,11.3,12.700000000000001,12.200000000000001,-5.6,16
19347,323822.0,0.4,-0.4,1.5,0.8,1.7000000000000002,11.200000000000001,14.200000000000001,13.9,-4.0,16
19348,323839.0,0.6000000000000001,-0.6000000000000001,1.3,1.1,1.4000000000000001,10.8,16.700000000000003,12.3,-4.5,16
19349,323856.0,1.0,-0.9,0.8,1.4000000000000001,1.2000000000000002,10.3,20.6,11.6,-6.2,16
19350,323872.0,1.2000000000000002,-1.1,0.1,1.5,1.1,9.700000000000001,24.200000000000003,11.3,-7.6,16
19351,323889.0,1.3,-1.1,-0.30000000000000004,1.6,1.1,9.0,26.3,12.200000000000001,-8.4,16
19352,323906.0,1.3,-1.2000000000000002,-1.2000000000000002,1.5,1.2000000000000002,8.3,25.8,13.4,-8.5,16
19353,323922.0,1.2000000000000002,-1.1,-1.7000000000000002,1.3,1.3,7.9,21.6,14.200000000000001,-8.4,16
19354,323939.0,1.1,-1.1,-1.8,1.3,1.3,7.800000000000001,14.4,11.700000000000001,-9.8,16
19355,323956.0,1.0,-1.0,-1.8,1.1,1.5,7.9,5.300000000000001,6.9,-12.000000000000002,16
19356,323972.0,0.8,-0.8,-1.5,0.9,1.7000000000000002,8.1,-3.3000000000000003,0.7,-12.200000000000001,16
19357,323993.0,0.6000000000000001,-0.7000000000000001,-1.4000000000000001,0.7000000000000001,1.7000000000000002,8.200000000000001,-9.8,-3.7000000000000006,-10.600000000000001,16
19358,324007.0,0.6000000000000001,-0.6000000000000001,-1.2000000000000002,0.7000000000000001,1.8,8.5,-12.700000000000001,-6.000000000000001,-8.0,16
19359,324022.0,0.6000000000000001,-0.5,-0.7000000000000001,0.8,1.8,8.9,-13.3,-8.5,-5.0,16
19360,324039.0,0.6000000000000001,-0.4,-0.30000000000000004,0.8,1.9000000000000001,9.3,-11.8,-12.700000000000001,-2.1,16
19361,324056.0,0.5,-0.30000000000000004,-0.2,0.7000000000000001,2.1,9.4,-7.500000000000001,-15.5,0.8,16
19362,324073.0,0.2,0.0,-0.2,0.5,2.2,9.3,-2.5,-16.1,3.7000000000000006,16
19363,324089.0,0.2,0.0,-0.6000000000000001,0.5,2.3000000000000003,9.0,3.0000000000000004,-12.9,4.300000000000001,16
19364,324106.0,0.1,0.1,-0.8,0.30000000000000004,2.4000000000000004,8.700000000000001,8.9,-4.9,2.8,16
19365,324122.0,-0.4,0.2,-1.0,-0.2,2.6,8.5,13.4,1.6,2.1999999999999997,16
19366,324140.0,-0.9,0.30000000000000004,-1.3,-0.6000000000000001,2.7,8.200000000000001,13.9,4.0,2.7,16
19367,324156.0,-1.1,0.30000000000000004,-1.4000000000000001,-0.9,2.7,8.0,8.799999999999999,1.5000000000000002,3.3000000000000003,16
19368,324172.0,-1.3,0.30000000000000004,-1.5,-1.0,2.7,8.0,0.9,-2.8,4.2,16
19369,324189.0,-1.2000000000000002,0.2,-1.5,-0.9,2.6,8.0,-5.7,-4.7,4.800000000000001,16
19370,324206.0,-1.2000000000000002,0.1,-1.4000000000000001,-0.9,2.5,8.200000000000001,-8.3,-3.5,5.8,16
19371,324223.0,-1.2000000000000002,0.2,-1.1,-0.9,2.5,8.5,-7.0,-2.6,9.0,16
19372,324239.0,-1.3,0.4,-0.7000000000000001,-0.9,2.7,8.8,-4.3999999999999995,-3.8,13.9,16
19373,324256.0,-1.2000000000000002,0.4,-0.6000000000000001,-0.7000000000000001,2.8000000000000003,8.9,-1.3,-7.2,18.3,16
19374,324281.0,-0.7000000000000001,0.5,-0.7000000000000001,-0.4,2.8000000000000003,8.700000000000001,0.5,-7.699999999999999,19.500000000000004,16
19375,324289.0,-0.7000000000000001,0.7000000000000001,-0.8,-0.2,3.0,8.6,-0.1,-6.3,18.8,16
19376,324306.0,-0.6000000000000001,0.8,-0.9,-0.1,3.2,8.6,0.0,-0.8,18.5,16
19377,324323.0,-0.6000000000000001,1.0,-0.7000000000000001,-0.1,3.4000000000000004,8.9,2.0,5.0,18.5,16
19378,324340.0,-0.5,1.2000000000000002,-0.30000000000000004,0.0,3.6,9.200000000000001,3.6,6.1000000000000005,18.3,16
19379,324358.0,-0.1,1.2000000000000002,-0.1,0.30000000000000004,3.6,9.3,4.7,3.4,16.1,16
19380,324379.0,0.30000000000000004,1.2000000000000002,0.1,0.6000000000000001,3.6,9.5,4.7,0.7,11.000000000000002,16
19381,324389.0,0.4,1.1,0.30000000000000004,0.9,3.5,9.8,2.5,-3.9,4.1000000000000005,16
19382,324406.0,0.6000000000000001,1.1,0.5,1.2000000000000002,3.5,10.100000000000001,-1.8,-9.5,-2.1999999999999997,16
19383,324422.0,0.9,1.1,0.9,1.5,3.5,10.3,-4.300000000000001,-11.5,-6.2,16
19384,324439.0,1.1,1.0,0.9,1.6,3.4000000000000004,10.3,-4.9,-7.300000000000001,-8.9,16
19385,324456.0,0.7000000000000001,1.1,0.6000000000000001,1.2000000000000002,3.5,10.100000000000001,-1.9,3.3000000000000003,-10.5,16
19386,324477.0,-0.1,1.2000000000000002,1.2000000000000002,0.5,3.7,10.5,0.5,7.8,-9.700000000000001,16
19387,324489.0,-0.2,1.2000000000000002,1.5,0.2,3.6,11.0,-5.2,0.8,-8.799999999999999,16
19388,324506.0,-0.30000000000000004,1.0,1.6,0.2,3.4000000000000004,11.100000000000001,-10.2,-8.4,-8.799999999999999,16
19389,324522.0,-0.2,0.8,1.7000000000000002,0.30000000000000004,3.0,11.200000000000001,-9.200000000000001,-10.9,-9.700000000000001,16
19390,324539.0,-0.1,0.4,1.7000000000000002,0.4,2.8000000000000003,11.3,-5.0,-9.1,-11.1,16
19391,324556.0,-0.30000000000000004,0.30000000000000004,1.7000000000000002,0.2,2.7,11.200000000000001,1.7,-5.8,-11.000000000000002,16
19392,324579.0,-0.30000000000000004,0.2,1.4000000000000001,0.30000000000000004,2.6,10.9,7.9,-2.5,-9.5,16
19393,324589.0,-0.2,0.1,1.1,0.30000000000000004,2.5,10.600000000000001,10.4,-0.8,-9.3,16
19394,324606.0,-0.2,-0.2,0.9,0.4,2.3000000000000003,10.4,9.1,-1.3,-9.3,16
19395,324623.0,0.0,-0.30000000000000004,0.9,0.7000000000000001,2.0,10.4,4.7,-4.2,-7.8,16
19396,324639.0,0.4,-0.7000000000000001,0.9,1.1,1.7000000000000002,10.4,1.4,-4.7,-5.300000000000001,16
19397,324656.0,1.0,-1.1,0.9,1.6,1.4000000000000001,10.4,2.8,-1.6,-2.1999999999999997,16
19398,324677.0,1.3,-1.3,0.8,1.8,1.2000000000000002,10.4,7.300000000000001,3.8,0.1,16
19399,324689.0,1.4000000000000001,-1.4000000000000001,0.5,1.9000000000000001,1.1,9.9,14.700000000000001,10.1,0.9,16
19400,324706.0,1.3,-1.5,0.2,1.9000000000000001,1.1,9.9,14.700000000000001,10.1,0.9,16
19401,324723.0,0.8,-1.5,-0.6000000000000001,1.3,1.1,9.0,23.2,18.7,-2.1,16
19402,324740.0,0.6000000000000001,-1.5,-0.8,0.9,1.2000000000000002,8.6,18.7,14.800000000000002,-4.6000000000000005,16
19403,324756.0,0.30000000000000004,-1.4000000000000001,-1.2000000000000002,0.6000000000000001,1.3,8.200000000000001,11.8,10.9,-6.000000000000001,16
19404,324782.0,0.0,-1.3,-1.3,0.4,1.4000000000000001,8.200000000000001,3.1,5.2,-6.1000000000000005,16
19405,324791.0,0.0,-1.3,-1.3,0.4,1.4000000000000001,8.200000000000001,-8.9,-3.5,-6.1000000000000005,16
19406,324806.0,0.1,-1.3,-1.2000000000000002,0.5,1.3,8.3,-19.9,-10.2,-5.7,16
19407,324822.0,0.1,-1.3,-1.3,0.5,1.2000000000000002,8.200000000000001,-25.3,-12.000000000000002,-4.3999999999999995,16
19408,324839.0,0.0,-1.2000000000000002,-1.2000000000000002,0.30000000000000004,1.3,8.3,-25.700000000000003,-7.9,-1.8,16
19409,324855.0,-0.4,-1.1,-1.2000000000000002,0.0,1.3,8.3,-23.900000000000002,-3.8,1.7,16
19410,324874.0,-0.7000000000000001,-0.9,-1.2000000000000002,-0.30000000000000004,1.4000000000000001,8.3,-20.3,-0.9,5.300000000000001,16
19411,324889.0,-0.9,-0.8,-1.2000000000000002,-0.5,1.5,8.3,-16.1,-0.6000000000000001,9.1,16
19412,324906.0,-1.0,-0.7000000000000001,-1.2000000000000002,-0.5,1.5,8.3,-16.1,-0.6000000000000001,9.1,16
19413,324922.0,-1.1,-0.6000000000000001,-1.2000000000000002,-0.6000000000000001,1.6,8.3,-11.5,-1.5000000000000002,12.700000000000001,16
19414,324939.0,-1.0,-0.30000000000000004,-1.2000000000000002,-0.4,1.9000000000000001,8.3,-2.5,-9.5,14.900000000000002,16
19415,324956.0,-0.8,-0.1,-1.1,-0.2,2.2,8.4,-1.0,-13.3,13.5,16
19416,324975.0,-0.6000000000000001,0.2,-1.0,-0.1,2.4000000000000004,8.5,-1.3,-16.3,11.4,16
19417,324991.0,-0.7000000000000001,0.6000000000000001,-0.9,-0.1,2.7,8.6,-1.7,-15.000000000000002,9.0,16
19418,325009.0,-0.8,0.7000000000000001,-0.8,-0.2,2.9000000000000004,8.8,-3.4,-12.5,6.7,16
19419,325022.0,-1.0,1.0,-0.4,-0.30000000000000004,3.1,9.1,-7.6,-11.5,4.0,16
19420,325039.0,-1.0,1.0,-0.2,-0.30000000000000004,3.1,9.5,-12.000000000000002,-11.5,1.0,16
19421,325056.0,-0.8,0.9,0.30000000000000004,0.0,2.9000000000000004,9.9,-15.6,-12.200000000000001,-2.8,16
19422,325077.0,-0.6000000000000001,0.7000000000000001,0.8,0.2,2.8000000000000003,10.3,-17.0,-12.9,-6.6000000000000005,16
19423,325089.0,-0.5,0.6000000000000001,1.0,0.30000000000000004,2.6,10.700000000000001,-13.5,-10.8,-9.5,16
19424,325106.0,-0.4,0.5,1.4000000000000001,0.4,2.5,11.0,-8.3,-8.4,-11.2,16
19425,325122.0,-0.4,0.5,1.6,0.4,2.4000000000000004,11.100000000000001,-1.9,-5.1,-11.000000000000002,16
19426,325139.0,-0.5,0.5,1.4000000000000001,0.30000000000000004,2.5,11.0,5.9,0.7,-8.700000000000001,16
19427,325156.0,-0.7000000000000001,0.5,1.3,0.0,2.6,10.700000000000001,14.3,8.200000000000001,-5.7,16
19428,325176.0,-1.1,0.6000000000000001,1.0,-0.4,2.7,10.5,20.6,15.000000000000002,-3.4,16
19429,325189.0,-1.2000000000000002,0.6000000000000001,1.0,-0.6000000000000001,2.7,10.700000000000001,22.3,14.4,-3.2,16
19430,325206.0,-1.3,0.5,1.4000000000000001,-0.6000000000000001,2.8000000000000003,11.0,15.8,3.4,-4.7,16
19431,325222.0,-1.0,0.6000000000000001,1.6,-0.30000000000000004,2.8000000000000003,11.100000000000001,5.2,-7.9,-6.000000000000001,16
19432,325239.0,-0.5,0.5,1.5,0.2,2.8000000000000003,11.100000000000001,-1.2000000000000002,-13.5,-5.4,16
19433,325257.0,-0.1,0.4,1.7000000000000002,0.8,2.6,11.3,-5.8,-13.0,-5.500000000000001,16
19434,325277.0,0.5,0.30000000000000004,1.8,1.3,2.5,11.4,-7.0,-7.699999999999999,-5.9,16
19435,325289.0,0.9,0.2,1.8,1.6,2.5,11.4,-2.7,0.30000000000000004,-5.9,16
19436,325307.0,1.1,0.2,1.8,1.9000000000000001,2.4000000000000004,11.3,2.7,7.2,-7.6,16
19437,325323.0,1.5,0.1,1.6,2.3000000000000003,2.3000000000000003,11.100000000000001,6.1000000000000005,10.600000000000001,-11.6,16
19438,325339.0,2.0,0.0,1.2000000000000002,2.6,2.2,10.8,5.8,11.2,-17.1,16
19439,325356.0,2.1,-0.1,0.7000000000000001,2.8000000000000003,2.1,10.0,5.4,14.800000000000002,-22.1,16
19440,325372.0,2.1,-0.30000000000000004,-0.2,2.7,2.0,9.3,5.8,22.5,-25.3,16
19441,325392.0,1.8,-0.4,-0.7000000000000001,2.3000000000000003,1.9000000000000001,8.9,4.6000000000000005,26.8,-26.3,16
19442,325406.0,1.8,-0.4,-0.9,2.2,1.9000000000000001,8.6,2.3000000000000003,25.8,-25.5,16
19443,325422.0,1.7000000000000002,-0.5,-1.2000000000000002,2.0,1.8,8.3,0.7,22.000000000000004,-24.200000000000003,16
19444,325439.0,1.7000000000000002,-0.6000000000000001,-1.4000000000000001,1.9000000000000001,1.8,8.200000000000001,-0.8,16.8,-22.900000000000002,16
19445,325457.0,1.4000000000000001,-0.5,-1.5,1.7000000000000002,1.8,8.1,-1.9,11.3,-21.6,16
19446,325476.0,1.3,-0.5,-1.5,1.5,1.8,8.1,-2.4000000000000004,4.3999999999999995,-19.1,16
19447,325490.0,1.0,-0.4,-1.4000000000000001,1.2000000000000002,1.9000000000000001,8.200000000000001,-2.1999999999999997,-1.7,-15.9,16
19448,325508.0,0.7000000000000001,-0.30000000000000004,-1.1,0.9,2.0,8.4,-2.1999999999999997,-9.1,-12.6,16
19449,325522.0,0.5,-0.2,-0.9,0.8,2.1,8.700000000000001,-4.1000000000000005,-17.9,-10.4,16
19450,325539.0,0.5,-0.1,-0.8,0.8,2.2,8.8,-6.3,-24.7,-9.5,16
19451,325556.0,0.5,-0.1,-0.7000000000000001,1.0,2.1,8.9,-6.000000000000001,-23.3,-11.1,16
19452,325572.0,0.4,-0.1,-0.7000000000000001,0.8,2.2,8.8,-0.7,-14.100000000000001,-14.4,16
19453,325592.0,-0.1,0.0,-0.7000000000000001,0.30000000000000004,2.3000000000000003,8.9,5.8,-3.4,-17.1,16
19454,325607.0,-0.5,0.1,-0.7000000000000001,-0.30000000000000004,2.4000000000000004,8.8,9.4,1.7,-18.400000000000002,16
19455,325622.0,-0.9,0.1,-0.8,-0.7000000000000001,2.5,8.6,7.6,2.7,-19.1,16
19456,325639.0,-1.3,0.2,-1.1,-1.0,2.5,8.4,4.1000000000000005,2.4000000000000004,-18.2,16
19457,325656.0,-1.5,0.1,-1.1,-1.2000000000000002,2.4000000000000004,8.4,-1.4,2.4000000000000004,-15.6,16
19458,325672.0,-1.5,0.0,-1.1,-1.2000000000000002,2.2,8.5,-5.9,3.1,-12.3,16
19459,325692.0,-1.5,-0.2,-0.9,-1.2000000000000002,2.2,8.700000000000001,-7.400000000000001,5.2,-8.600000000000001,16
19460,325707.0,-1.6,-0.1,-0.6000000000000001,-1.4000000000000001,2.2,8.9,-6.9,7.300000000000001,-3.5,16
19461,325723.0,-1.7000000000000002,0.0,-0.5,-1.6,2.3000000000000003,9.0,-5.2,6.6000000000000005,2.9,16
19462,325739.0,-1.8,0.2,-0.4,-1.6,2.5,9.1,-2.8,5.6,10.1,16
19463,325756.0,-1.8,0.30000000000000004,-0.30000000000000004,-1.6,2.6,9.200000000000001,-0.4,3.9,16.700000000000003,16
19464,325772.0,-1.6,0.4,-0.30000000000000004,-1.3,2.7,9.200000000000001,2.3000000000000003,3.9,21.400000000000002,16
19465,325791.0,-1.4000000000000001,0.6000000000000001,-0.4,-1.2000000000000002,2.9000000000000004,9.0,6.5,7.9,23.900000000000002,16
19466,325808.0,-1.3,0.8,-0.5,-1.1,3.2,9.0,10.4,14.100000000000001,25.2,16
19467,325823.0,-1.3,1.0,-0.5,-1.2000000000000002,3.4000000000000004,9.0,11.8,17.200000000000003,26.6,16
19468,325839.0,-1.2000000000000002,1.2000000000000002,-0.30000000000000004,-1.1,3.7,9.200000000000001,10.4,15.299999999999999,28.1,16
19469,325856.0,-0.8,1.4000000000000001,0.0,-0.7000000000000001,3.8000000000000003,9.4,6.8,8.600000000000001,28.200000000000003,16
19470,325873.0,-0.30000000000000004,1.3,0.2,0.30000000000000004,3.6,9.8,3.2,0.8,24.5,16
19471,325895.0,1.3,1.0,0.7000000000000001,1.2000000000000002,3.5,10.100000000000001,3.7000000000000006,-1.9,15.8,16
19472,325908.0,1.5,1.1,0.8,1.6,3.5,10.200000000000001,7.9,0.9,6.2,16
19473,325924.0,1.3,1.2000000000000002,0.30000000000000004,1.4000000000000001,3.7,9.8,13.8,9.700000000000001,0.2,16
19474,325939.0,0.8,1.4000000000000001,0.1,0.6000000000000001,4.1000000000000005,9.600000000000001,17.400000000000002,19.3,-0.8,16
19475,325956.0,-0.2,1.8,0.7000000000000001,-0.2,4.5,10.200000000000001,14.200000000000001,20.2,1.6,16
19476,325973.0,-0.30000000000000004,1.9000000000000001,1.1,-0.30000000000000004,4.5,10.8,2.9,5.500000000000001,3.7000000000000006,16
19477,325993.0,0.0,1.7000000000000002,1.6,0.2,4.2,11.200000000000001,-9.8,-11.9,2.7,16
19478,326006.0,0.8,1.2000000000000002,2.0,0.9,3.8000000000000003,11.5,-17.9,-23.1,-1.0,16
19479,326022.0,1.5,0.7000000000000001,2.1,1.6,3.3000000000000003,11.600000000000001,-18.400000000000002,-20.900000000000002,-6.1000000000000005,16
19480,326039.0,1.5,0.5,1.9000000000000001,1.7000000000000002,3.0,11.3,-12.5,-6.000000000000001,-9.600000000000001,16
19481,326056.0,1.1,0.2,2.2,1.2000000000000002,2.7,11.600000000000001,0.9,4.0,-8.5,16
19482,326073.0,0.9,0.1,1.8,1.0,2.6,10.9,11.700000000000001,8.700000000000001,-4.3999999999999995,16
19483,326089.0,0.8,-0.1,1.3,0.8,2.3000000000000003,10.700000000000001,15.7,13.200000000000001,0.8,16
19484,326105.0,0.7000000000000001,-0.6000000000000001,0.7000000000000001,0.8,2.0,10.200000000000001,16.2,10.9,3.9,16
19485,326122.0,0.8,-0.9,0.1,0.9,1.7000000000000002,9.600000000000001,15.299999999999999,8.9,5.0,16
19486,326139.0,0.9,-1.1,-0.30000000000000004,0.9,1.5,9.0,16.3,10.5,4.2,16
19487,326156.0,0.7000000000000001,-1.5,-1.0,0.7000000000000001,1.3,8.5,16.5,12.6,1.7,16
19488,326174.0,0.30000000000000004,-1.5,-1.3,0.30000000000000004,1.2000000000000002,8.200000000000001,13.4,10.9,-0.6000000000000001,16
19489,326189.0,0.1,-1.5,-1.3,0.1,1.2000000000000002,8.200000000000001,6.5,4.800000000000001,-1.3,16
19490,326206.0,0.2,-1.6,-1.1,0.2,1.1,8.4,-1.6,-2.5,-2.3000000000000003,16
19491,326222.0,0.4,-1.8,-0.9,0.4,1.0,8.6,-7.8,-8.700000000000001,-5.1,16
19492,326239.0,0.5,-1.8,-0.7000000000000001,0.6000000000000001,0.9,8.9,-12.8,-13.4,-8.200000000000001,16
19493,326256.0,0.6000000000000001,-1.7000000000000002,-0.30000000000000004,0.6000000000000001,1.0,9.200000000000001,-17.0,-15.100000000000001,-9.5,16
19494,326273.0,0.4,-1.4000000000000001,-0.2,0.5,1.1,9.3,-19.1,-13.3,-6.2,16
19495,326291.0,0.0,-1.2000000000000002,-0.30000000000000004,0.2,1.3,9.200000000000001,-17.599999999999998,-8.700000000000001,1.0999999999999999,16
19496,326307.0,-0.1,-1.1,-0.4,-0.1,1.5,9.0,-11.5,-0.9,9.1,16
19497,326324.0,-0.6000000000000001,-0.7000000000000001,-0.6000000000000001,-0.5,1.8,8.9,-3.3000000000000003,6.6000000000000005,15.399999999999999,16
19498,326340.0,-1.0,-0.4,-0.7000000000000001,-0.8,2.0,8.8,3.8,7.2,20.2,16
19499,326356.0,-1.0,-0.30000000000000004,-0.9,-0.9,2.2,8.5,8.799999999999999,3.0000000000000004,22.5,16
19500,326372.0,-0.8,-0.2,-1.2000000000000002,-0.7000000000000001,2.3000000000000003,8.200000000000001,10.5,-1.0,21.6,16
19501,326389.0,-0.7000000000000001,-0.2,-1.3,-0.5,2.4000000000000004,8.1,9.600000000000001,-6.6000000000000005,18.7,16
19502,326407.0,-0.5,-0.1,-1.4000000000000001,-0.2,2.4000000000000004,8.0,6.4,-11.8,15.000000000000002,16
19503,326422.0,-0.1,-0.1,-1.3,0.1,2.4000000000000004,8.1,2.8,-14.800000000000002,10.5,16
19504,326439.0,0.0,-0.1,-1.3,0.30000000000000004,2.5,8.200000000000001,-0.2,-15.000000000000002,5.8,16
19505,326456.0,0.1,0.1,-1.1,0.4,2.6,8.4,-3.4,-13.6,2.0,16
19506,326473.0,0.1,0.1,-0.7000000000000001,0.5,2.7,8.700000000000001,-6.5,-11.8,-1.7,16
19507,326489.0,0.1,0.2,-0.30000000000000004,0.5,2.7,9.1,-8.0,-8.1,-5.500000000000001,16
19508,326506.0,0.0,0.30000000000000004,-0.2,0.30000000000000004,2.8000000000000003,9.3,-5.6,-3.0000000000000004,-9.0,16
19509,326522.0,-0.4,0.4,0.0,-0.1,2.9000000000000004,9.4,-2.5,2.1,-11.700000000000001,16
19510,326539.0,-0.8,0.4,0.1,-0.4,2.9000000000000004,9.5,-1.0,4.7,-14.100000000000001,16
19511,326556.0,-0.9,0.4,0.1,-0.7000000000000001,2.9000000000000004,9.5,-2.0,5.0,-16.2,16
19512,326572.0,-1.3,0.5,0.30000000000000004,-1.1,3.0,9.8,-5.4,2.4000000000000004,-17.0,16
19513,326589.0,-1.6,0.7000000000000001,0.7000000000000001,-1.3,3.2,10.100000000000001,-9.700000000000001,-1.7,-15.000000000000002,16
19514,326606.0,-1.6,0.8,0.8,-1.4000000000000001,3.2,10.3,-13.6,-5.1,-11.2,16
19515,326622.0,-1.5,0.8,1.0,-1.2000000000000002,3.2,10.5,-16.5,-6.2,-8.3,16
19516,326639.0,-1.3,0.7000000000000001,1.3,-1.1,3.1,10.8,-17.3,-3.0000000000000004,-7.500000000000001,16
19517,326656.0,-1.4000000000000001,0.7000000000000001,1.5,-1.2000000000000002,3.1,11.200000000000001,-12.3,4.5,-6.3,16
19518,326672.0,-1.6,0.7000000000000001,1.8,-1.4000000000000001,3.1,11.4,-3.6,12.700000000000001,-5.8,16
19519,326689.0,-1.6,0.7000000000000001,2.4000000000000004,-1.5,3.1,12.0,-1.3,10.600000000000001,-7.400000000000001,16
19520,326706.0,-1.4000000000000001,0.7000000000000001,2.7,-1.1,3.0,12.5,-14.700000000000001,-5.4,-8.700000000000001,16
19521,326722.0,-0.6000000000000001,0.7000000000000001,2.8000000000000003,-0.2,2.8000000000000003,12.200000000000001,-24.6,-11.8,-7.300000000000001,16
19522,326739.0,0.30000000000000004,0.30000000000000004,2.1,0.5,2.5,11.8,-19.700000000000003,8.0,-6.8,16
19523,326756.0,0.7000000000000001,0.2,2.2,0.4,2.3000000000000003,12.200000000000001,-2.5,29.200000000000003,-7.9,16
19524,326772.0,0.4,0.30000000000000004,1.8,0.5,2.5,11.200000000000001,15.000000000000002,38.6,-6.4,16
19525,326789.0,0.8,0.0,1.7000000000000002,0.7000000000000001,2.2,11.3,18.400000000000002,43.400000000000006,-7.8,16
19526,326806.0,1.0,-0.1,1.3,1.0,2.1,10.4,19.0,36.7,-11.1,16
19527,326822.0,1.6,-0.4,0.5,1.3,1.9000000000000001,9.9,17.0,32.6,-14.600000000000001,16
19528,326839.0,1.9000000000000001,-0.7000000000000001,-0.5,1.5,1.7000000000000002,9.1,17.0,30.200000000000003,-16.8,16
19529,326856.0,2.1,-0.9,-1.2000000000000002,1.6,1.6,8.4,19.1,30.5,-17.3,16
19530,326872.0,2.1,-0.9,-1.5,1.5,1.6,7.9,20.3,28.400000000000002,-16.700000000000003,16
19531,326889.0,2.0,-0.9,-2.0,1.4000000000000001,1.6,7.5,19.0,23.3,-15.299999999999999,16
19532,326906.0,2.0,-0.9,-2.0,1.2000000000000002,1.6,7.1000000000000005,13.6,14.800000000000002,-13.9,16
19533,326922.0,1.9000000000000001,-1.0,-2.6,1.1,1.6,6.9,3.7000000000000006,4.5,-13.9,16
19534,326939.0,1.7000000000000002,-0.9,-2.4000000000000004,0.9,1.6,7.1000000000000005,-6.2,-6.000000000000001,-14.0,16
19535,326956.0,1.7000000000000002,-0.9,-2.4000000000000004,0.9,1.6,7.1000000000000005,-6.2,-6.000000000000001,-14.0,16
19536,326972.0,1.0,-0.7000000000000001,-1.9000000000000001,0.2,1.9000000000000001,7.800000000000001,-20.1,-25.1,-8.600000000000001,16
19537,326989.0,0.5,-0.4,-1.2000000000000002,0.0,2.0,8.4,-24.3,-34.800000000000004,-3.5,16
19538,327012.0,0.6000000000000001,-0.30000000000000004,-0.30000000000000004,0.2,2.0,9.200000000000001,-29.1,-44.9,-0.30000000000000004,16
19539,327022.0,0.8,-0.30000000000000004,0.0,0.5,2.0,9.700000000000001,-29.700000000000003,-47.900000000000006,-0.4,16
19540,327039.0,0.7000000000000001,-0.1,0.30000000000000004,0.4,2.1,9.9,-25.700000000000003,-42.2,-1.5000000000000002,16
19541,327058.0,0.2,0.1,0.2,0.2,2.2,9.700000000000001,-16.8,-31.6,-2.1,16
19542,327076.0,-0.30000000000000004,0.30000000000000004,-0.1,-0.30000000000000004,2.3000000000000003,9.5,-6.6000000000000005,-15.6,-2.1999999999999997,16
19543,327091.0,-0.7000000000000001,0.30000000000000004,-0.2,-0.8,2.4000000000000004,9.4,-1.0999999999999999,-5.0,-2.4000000000000004,16
19544,327106.0,-1.3,0.5,-0.4,-1.3,2.5,9.1,-0.8,-1.0,-2.1999999999999997,16
19545,327122.0,-1.5,0.5,-0.6000000000000001,-1.6,2.5,8.9,-2.4000000000000004,-0.2,-0.5,16
19546,327139.0,-1.7000000000000002,0.4,-0.7000000000000001,-1.7000000000000002,2.4000000000000004,8.8,-5.1,-0.1,1.8,16
19547,327156.0,-1.8,0.30000000000000004,-0.8,-1.8,2.3000000000000003,8.8,-7.500000000000001,-1.8,4.1000000000000005,16
19548,327178.0,-1.7000000000000002,0.2,-0.6000000000000001,-1.7000000000000002,2.2,8.9,-8.600000000000001,-4.9,7.1000000000000005,16
19549,327189.0,-1.6,0.1,-0.5,-1.6,2.1,9.1,-8.799999999999999,-8.5,11.000000000000002,16
19550,327206.0,-1.4000000000000001,0.1,-0.30000000000000004,-1.4000000000000001,2.1,9.3,-6.2,-10.2,15.6,16
19551,327223.0,-1.3,0.30000000000000004,-0.1,-1.3,2.2,9.5,-0.4,-8.1,20.1,16
19552,327239.0,-1.4000000000000001,0.4,0.1,-1.2000000000000002,2.4000000000000004,9.700000000000001,5.300000000000001,-6.2,24.7,16
19553,327256.0,-1.2000000000000002,0.5,0.30000000000000004,-1.1,2.5,9.8,9.0,-4.300000000000001,27.900000000000002,16
19554,327272.0,-1.2000000000000002,0.6000000000000001,0.30000000000000004,-1.0,2.7,9.9,11.6,-2.1999999999999997,30.000000000000004,16
19555,327289.0,-1.0,0.7000000000000001,0.4,-0.8,2.8000000000000003,9.9,12.200000000000001,0.2,31.4,16
19556,327307.0,-0.5,0.8,0.4,-0.4,2.9000000000000004,9.9,12.5,6.3,31.099999999999998,16
19557,327322.0,-0.2,1.0,0.5,-0.1,3.1,10.0,14.600000000000001,13.8,29.1,16
19558,327339.0,-0.1,1.0,0.6000000000000001,0.1,3.2,10.200000000000001,15.6,17.0,25.900000000000002,16
19559,327357.0,0.4,1.0,0.8,0.5,3.2,10.3,12.4,14.800000000000002,21.1,16
19560,327381.0,0.7000000000000001,0.9,0.8,0.8,3.2,10.3,6.000000000000001,10.0,15.5,16
19561,327389.0,0.8,1.0,0.7000000000000001,0.8,3.2,10.200000000000001,1.0999999999999999,10.1,12.5,16
19562,327406.0,0.6000000000000001,1.0,0.5,0.5,3.3000000000000003,10.100000000000001,0.30000000000000004,16.3,12.6,16
19563,327424.0,0.0,1.1,0.8,0.0,3.4000000000000004,10.3,3.4,22.900000000000002,14.800000000000002,16
19564,327440.0,-0.2,1.2000000000000002,1.1,-0.5,3.5,10.9,4.3999999999999995,19.6,16.8,16
19565,327456.0,-0.6000000000000001,1.2000000000000002,1.6,-0.7000000000000001,3.5,11.100000000000001,4.800000000000001,10.2,18.0,16
19566,327479.0,-0.5,1.1,1.7000000000000002,-0.6000000000000001,3.5,11.200000000000001,6.8,0.8,18.2,16
19567,327489.0,-0.30000000000000004,1.0,1.7000000000000002,-0.2,3.3000000000000003,11.100000000000001,8.600000000000001,-5.0,16.400000000000002,16
19568,327506.0,0.2,0.7000000000000001,1.3,0.2,3.1,10.700000000000001,10.4,-2.6,13.5,16
19569,327522.0,0.4,0.4,0.8,0.4,2.8000000000000003,10.4,12.8,5.7,11.1,16
19570,327539.0,0.4,0.2,0.8,0.4,2.6,10.3,13.0,13.4,11.000000000000002,16
19571,327556.0,0.7000000000000001,-0.2,0.8,0.6000000000000001,2.2,10.4,9.9,13.9,12.000000000000002,16
19572,327581.0,1.0,-0.6000000000000001,0.7000000000000001,1.2000000000000002,1.6,10.3,7.500000000000001,10.3,12.100000000000001,16
19573,327589.0,1.2000000000000002,-0.9,0.8,1.2000000000000002,1.6,10.3,7.500000000000001,10.3,12.100000000000001,16
19574,327606.0,1.6,-1.1,0.6000000000000001,1.5,1.4000000000000001,10.100000000000001,8.3,8.1,12.3,16
19575,327622.0,1.9000000000000001,-1.4000000000000001,0.1,1.7000000000000002,1.2000000000000002,9.600000000000001,12.5,10.2,12.700000000000001,16
19576,327639.0,1.9000000000000001,-1.5,-0.2,1.8,1.1,9.1,18.400000000000002,15.299999999999999,12.100000000000001,16
19577,327656.0,1.8,-1.6,-0.7000000000000001,1.5,1.2000000000000002,8.6,22.7,19.3,9.8,16
19578,327679.0,1.4000000000000001,-1.4000000000000001,-1.2000000000000002,1.1,1.4000000000000001,8.3,23.0,18.900000000000002,7.400000000000001,16
19579,327689.0,1.2000000000000002,-1.3,-1.3,0.8,1.5,8.0,18.1,13.100000000000001,6.000000000000001,16
19580,327706.0,1.0,-1.3,-1.7000000000000002,0.7000000000000001,1.6,7.7,9.9,6.1000000000000005,4.3999999999999995,16
19581,327722.0,0.9,-1.3,-1.7000000000000002,0.6000000000000001,1.6,7.800000000000001,0.0,-0.1,2.1,16
19582,327740.0,0.9,-1.1,-1.4000000000000001,0.6000000000000001,1.7000000000000002,8.0,-10.2,-9.3,0.2,16
19583,327757.0,0.9,-1.1,-1.3,0.7000000000000001,1.7000000000000002,8.200000000000001,-19.1,-16.5,0.1,16
19584,327782.0,0.8,-0.8,-1.2000000000000002,0.6000000000000001,1.9000000000000001,8.3,-23.3,-15.2,2.3000000000000003,16
19585,327789.0,0.7000000000000001,-0.7000000000000001,-1.1,0.6000000000000001,1.9000000000000001,8.3,-23.3,-15.2,2.3000000000000003,16
19586,327806.0,0.5,-0.5,-1.0,0.30000000000000004,2.1,8.5,-18.7,-10.3,4.300000000000001,16
19587,327824.0,0.1,-0.2,-0.8,0.0,2.4000000000000004,8.6,-12.3,-7.9,5.9,16
19588,327839.0,-0.1,0.1,-0.9,-0.1,2.6,8.6,-6.4,-8.4,5.9,16
19589,327856.0,-0.1,0.2,-0.9,-0.1,2.7,8.5,-2.7,-12.000000000000002,3.6,16
19590,327877.0,-0.2,0.30000000000000004,-1.0,-0.1,2.8000000000000003,8.4,-0.30000000000000004,-15.100000000000001,0.1,16
19591,327889.0,-0.1,0.30000000000000004,-1.1,0.0,2.8000000000000003,8.3,0.7,-16.400000000000002,-4.2,16
19592,327906.0,-0.1,0.30000000000000004,-1.2000000000000002,0.0,2.8000000000000003,8.3,-0.2,-16.5,-8.9,16
19593,327922.0,-0.2,0.4,-1.2000000000000002,-0.1,2.9000000000000004,8.3,-2.5,-16.6,-13.0,16
19594,327939.0,-0.4,0.5,-1.1,-0.2,2.9000000000000004,8.3,-6.8,-15.9,-16.8,16
19595,327956.0,-0.6000000000000001,0.5,-1.0,-0.5,3.0,8.5,-12.700000000000001,-15.7,-18.6,16
19596,327992.0,-1.0,0.5,-0.2,-0.7000000000000001,2.8000000000000003,9.200000000000001,-21.0,-14.4,-19.1,16
19597,328008.0,-1.1,0.4,0.4,-0.8,2.7,9.8,-19.8,-13.5,-20.0,16
19598,328023.0,-1.1,0.4,0.7000000000000001,-0.7000000000000001,2.6,10.200000000000001,-16.8,-15.100000000000001,-21.0,16
19599,328039.0,-0.9,0.2,1.0,-0.5,2.5,10.5,-13.4,-17.599999999999998,-22.4,16
19600,328056.0,-0.8,0.2,1.2000000000000002,-0.30000000000000004,2.4000000000000004,10.700000000000001,-10.3,-20.2,-24.9,16
19601,328079.0,-0.7000000000000001,0.2,1.2000000000000002,-0.30000000000000004,2.3000000000000003,10.700000000000001,-7.699999999999999,-20.0,-27.2,16
19602,328089.0,-0.9,0.30000000000000004,1.2000000000000002,-0.5,2.5,10.700000000000001,-4.800000000000001,-17.3,-26.9,16
19603,328106.0,-1.2000000000000002,0.5,1.2000000000000002,-0.7000000000000001,2.7,10.700000000000001,-2.6,-12.9,-22.000000000000004,16
19604,328122.0,-1.3,0.6000000000000001,1.2000000000000002,-0.8,2.8000000000000003,10.8,-1.0999999999999999,-6.9,-15.000000000000002,16
19605,328139.0,-1.3,0.6000000000000001,1.4000000000000001,-0.9,2.8000000000000003,10.9,1.6,-0.9,-8.799999999999999,16
19606,328156.0,-1.4000000000000001,0.7000000000000001,1.7000000000000002,-1.0,2.9000000000000004,11.200000000000001,6.1000000000000005,4.1000000000000005,-5.7,16
19607,328180.0,-1.4000000000000001,0.8,1.8,-1.0,3.0,11.3,10.9,6.000000000000001,-5.8,16
19608,328189.0,-1.3,0.9,1.8,-1.0,3.2,11.3,14.800000000000002,7.0,-8.5,16
19609,328206.0,-1.3,1.1,1.7000000000000002,-1.0,3.4000000000000004,11.200000000000001,15.8,6.1000000000000005,-11.700000000000001,16
19610,328222.0,-1.3,1.1,1.7000000000000002,-1.0,3.6,11.200000000000001,9.700000000000001,2.4000000000000004,-13.5,16
19611,328240.0,-1.0,1.2000000000000002,1.4000000000000001,-0.7000000000000001,3.6,10.9,2.9,1.5000000000000002,-12.9,16
19612,328256.0,-0.6000000000000001,0.9,1.3,-0.4,3.3000000000000003,10.9,-2.1,5.500000000000001,-11.700000000000001,16
19613,328276.0,-0.2,0.5,1.4000000000000001,-0.1,3.0,10.9,-4.2,9.600000000000001,-11.000000000000002,16
19614,328291.0,0.1,0.30000000000000004,1.4000000000000001,0.30000000000000004,2.6,10.9,-2.4000000000000004,13.0,-11.1,16
19615,328306.0,0.6000000000000001,-0.2,1.2000000000000002,0.7000000000000001,2.2,10.8,1.7,14.900000000000002,-12.3,16
19616,328322.0,0.9,-0.4,1.1,1.2000000000000002,1.9000000000000001,10.5,5.7,13.8,-14.3,16
19617,328339.0,1.5,-0.7000000000000001,0.5,1.6,1.6,9.9,9.700000000000001,14.200000000000001,-16.6,16
19618,328356.0,1.8,-1.0,-0.2,1.8,1.4000000000000001,9.3,11.700000000000001,16.8,-18.6,16
19619,328372.0,1.9000000000000001,-1.1,-0.6000000000000001,1.9000000000000001,1.3,8.8,11.9,17.5,-18.900000000000002,16
19620,328389.0,2.1,-1.2000000000000002,-1.2000000000000002,2.0,1.2000000000000002,8.3,10.8,16.6,-18.8,16
19621,328408.0,2.1,-1.4000000000000001,-1.4000000000000001,2.0,1.1,8.1,9.4,9.8,-19.500000000000004,16
19622,328425.0,2.2,-1.2000000000000002,-2.2,2.0,1.3,7.5,10.700000000000001,8.200000000000001,-19.8,16
19623,328439.0,2.0,-1.2000000000000002,-2.3000000000000003,1.7000000000000002,1.4000000000000001,7.1000000000000005,6.6000000000000005,6.7,-20.5,16
19624,328456.0,1.6,-0.9,-2.5,1.4000000000000001,1.6,6.9,-1.0,0.4,-20.4,16
19625,328475.0,1.1,-0.7000000000000001,-2.4000000000000004,1.0,1.8,7.0,-9.5,-3.7000000000000006,-18.8,16
19626,328489.0,0.8,-0.6000000000000001,-2.2,0.6000000000000001,1.9000000000000001,7.4,-16.900000000000002,-10.1,-16.2,16
19627,328506.0,0.4,-0.4,-1.6,0.30000000000000004,2.0,8.0,-22.5,-17.9,-13.6,16
19628,328525.0,0.4,-0.30000000000000004,-1.2000000000000002,0.30000000000000004,2.0,8.6,-25.3,-25.6,-12.4,16
19629,328539.0,0.30000000000000004,-0.2,-0.6000000000000001,0.2,2.1,9.0,-25.400000000000002,-32.6,-12.6,16
19630,328556.0,0.0,-0.1,-0.30000000000000004,0.1,2.1,9.200000000000001,-24.6,-35.6,-12.9,16
19631,328574.0,0.0,-0.1,-0.2,0.1,2.1,9.3,-24.1,-34.400000000000006,-14.200000000000001,16
19632,328591.0,-0.30000000000000004,0.0,-0.1,-0.1,2.1,9.5,-21.900000000000002,-26.6,-14.700000000000001,16
19633,328607.0,-0.6000000000000001,0.1,0.1,-0.30000000000000004,2.1,9.600000000000001,-17.9,-19.6,-14.4,16
19634,328622.0,-0.9,0.0,0.2,-0.5,2.0,9.700000000000001,-15.399999999999999,-13.8,-13.4,16
19635,328639.0,-0.9,0.0,0.2,-0.6000000000000001,1.9000000000000001,9.8,-15.299999999999999,-11.9,-12.3,16
19636,328656.0,-1.0,0.0,0.2,-0.7000000000000001,1.9000000000000001,9.700000000000001,-15.2,-11.6,-10.4,16
19637,328675.0,-0.9,0.0,0.1,-0.5,1.8,9.600000000000001,-13.100000000000001,-10.600000000000001,-7.699999999999999,16
19638,328690.0,-0.8,0.0,0.0,-0.4,1.8,9.5,-8.799999999999999,-7.500000000000001,-5.2,16
19639,328705.0,-0.9,0.0,-0.1,-0.5,1.9000000000000001,9.4,-3.4,-3.9,-2.9,16
19640,328722.0,-1.2000000000000002,0.2,-0.30000000000000004,-0.8,2.0,9.3,1.2000000000000002,-1.2000000000000002,-0.1,16
19641,328739.0,-1.4000000000000001,0.4,-0.30000000000000004,-1.1,2.2,9.200000000000001,3.0000000000000004,-1.2000000000000002,3.4,16
19642,328756.0,-1.6,0.5,-0.5,-1.3,2.4000000000000004,9.1,2.5,-1.7,7.0,16
19643,328773.0,-1.7000000000000002,0.6000000000000001,-0.5,-1.3,2.5,9.1,1.2000000000000002,-1.4,9.8,16
19644,328789.0,-1.7000000000000002,0.7000000000000001,-0.5,-1.3,2.6,9.200000000000001,0.8,0.30000000000000004,11.700000000000001,16
19645,328806.0,-1.8,0.8,-0.30000000000000004,-1.4000000000000001,2.7,9.3,1.0999999999999999,2.8,14.100000000000001,16
19646,328822.0,-1.6,1.0,-0.1,-1.3,2.8000000000000003,9.4,3.0000000000000004,4.7,16.6,16
19647,328839.0,-1.5,0.9,-0.1,-0.9,2.8000000000000003,9.5,3.8,6.1000000000000005,16.8,16
19648,328856.0,-0.9,0.8,0.0,-0.5,2.7,9.600000000000001,1.9,5.4,14.600000000000001,16
19649,328875.0,-0.5,0.9,0.2,-0.2,2.7,9.8,-0.8,4.6000000000000005,12.6,16
19650,328889.0,-0.5,0.9,0.2,-0.2,2.7,9.8,-0.8,4.6000000000000005,12.6,16
19651,328906.0,0.2,0.8,0.7000000000000001,0.6000000000000001,2.6,10.3,-11.000000000000002,0.9,9.600000000000001,16
19652,328922.0,0.6000000000000001,0.7000000000000001,1.0,1.0,2.5,10.600000000000001,-16.8,1.4,8.4,16
19653,328939.0,0.7000000000000001,0.7000000000000001,1.1,1.0,2.5,10.8,-19.500000000000004,8.0,7.400000000000001,16
19654,328956.0,0.5,0.9,1.4000000000000001,0.7000000000000001,2.7,11.100000000000001,-15.100000000000001,17.9,8.1,16
19655,328972.0,0.30000000000000004,1.1,1.9000000000000001,0.6000000000000001,2.8000000000000003,11.600000000000001,-9.1,22.1,9.200000000000001,16
19656,328991.0,0.30000000000000004,1.1,2.3000000000000003,0.5,2.8000000000000003,11.9,-6.1000000000000005,19.0,7.6,16
19657,329006.0,0.30000000000000004,1.0,2.2,0.5,2.7,11.9,-0.6000000000000001,14.600000000000001,3.5,16
19658,329022.0,0.4,0.9,2.1,0.5,2.6,11.700000000000001,6.2,13.3,-1.0,16
19659,329039.0,0.30000000000000004,0.7000000000000001,1.5,0.4,2.5,11.200000000000001,11.9,14.700000000000001,-4.2,16
19660,329055.0,0.2,0.6000000000000001,1.3,0.1,2.4000000000000004,10.9,17.9,18.7,-5.1,16
19661,329073.0,0.0,0.4,1.2000000000000002,-0.1,2.3000000000000003,10.9,21.5,18.6,-4.300000000000001,16
19662,329091.0,0.2,0.1,1.2000000000000002,0.1,2.0,10.9,20.4,11.000000000000002,-2.6,16
19663,329106.0,0.5,-0.2,1.0,0.5,1.6,10.600000000000001,17.1,0.7,-1.3,16
19664,329122.0,0.9,-0.6000000000000001,0.8,1.0,1.3,10.5,13.9,-7.0,0.4,16
19665,329139.0,1.4000000000000001,-1.0,0.6000000000000001,1.4000000000000001,1.0,10.3,13.200000000000001,-10.9,3.1,16
19666,329156.0,1.4000000000000001,-1.2000000000000002,0.4,1.5,0.7000000000000001,10.0,16.400000000000002,-10.2,4.9,16
19667,329173.0,1.3,-1.6,-0.1,1.3,0.5,9.5,21.200000000000003,-5.9,6.3,16
19668,329191.0,0.7000000000000001,-1.7000000000000002,-0.6000000000000001,0.8,0.4,9.1,26.3,-3.2,7.400000000000001,16
19669,329208.0,0.5,-1.8,-0.7000000000000001,0.30000000000000004,0.30000000000000004,8.8,29.700000000000003,-7.699999999999999,8.1,16
19670,329222.0,0.1,-2.0,-0.9,0.1,0.30000000000000004,8.6,30.4,-13.8,9.1,16
19671,329239.0,-0.1,-2.0,-1.4000000000000001,0.1,0.30000000000000004,8.200000000000001,29.000000000000004,-23.700000000000003,10.9,16
19672,329256.0,0.30000000000000004,-2.1,-1.5,0.7000000000000001,0.30000000000000004,8.0,25.2,-25.400000000000002,9.0,16
19673,329272.0,0.5,-2.1,-1.8,0.9,0.5,7.7,19.6,-23.8,5.4,16
19674,329296.0,0.30000000000000004,-1.5,-1.7000000000000002,0.7000000000000001,1.1,7.800000000000001,11.2,-18.7,6.5,16
19675,329306.0,0.1,-1.1,-1.7000000000000002,0.4,1.6,7.800000000000001,0.4,-12.4,14.200000000000001,16
19676,329322.0,-0.1,-0.6000000000000001,-1.6,0.4,1.9000000000000001,7.9,-10.5,-5.300000000000001,23.2,16
19677,329339.0,-0.2,-0.30000000000000004,-1.3,0.4,2.1,8.200000000000001,-17.5,1.4,29.900000000000006,16
19678,329356.0,-0.1,-0.2,-0.7000000000000001,0.4,2.2,8.700000000000001,-17.8,4.9,32.5,16
19679,329372.0,0.0,-0.2,-0.6000000000000001,0.6000000000000001,2.2,8.9,-12.4,6.4,30.5,16
19680,329389.0,0.1,-0.2,-0.6000000000000001,0.7000000000000001,2.1,8.9,-5.7,5.6,25.0,16
19681,329406.0,0.30000000000000004,-0.30000000000000004,-0.5,0.8,2.0,8.8,0.0,3.4,16.3,16
19682,329422.0,0.1,-0.2,-0.9,0.6000000000000001,2.1,8.5,3.1,2.1,9.4,16
19683,329439.0,-0.2,-0.1,-1.2000000000000002,0.30000000000000004,2.2,8.3,2.0,0.2,7.400000000000001,16
19684,329456.0,-0.2,0.0,-1.1,0.30000000000000004,2.3000000000000003,8.3,-3.2,-2.5,8.600000000000001,16
19685,329472.0,-0.1,-0.1,-1.0,0.6000000000000001,2.2,8.4,-9.8,-4.7,8.4,16
19686,329490.0,0.1,-0.1,-0.8,0.7000000000000001,2.1,8.700000000000001,-15.9,-5.4,6.5,16
19687,329508.0,0.1,-0.1,-0.5,0.7000000000000001,2.1,8.9,-19.6,-4.7,4.6000000000000005,16
19688,329522.0,0.0,0.0,-0.4,0.6000000000000001,2.1,9.1,-19.1,-2.1999999999999997,3.9,16
19689,329539.0,-0.1,0.1,-0.1,0.5,2.2,9.4,-15.9,0.5,3.4,16
19690,329556.0,-0.30000000000000004,0.4,0.2,0.30000000000000004,2.4000000000000004,9.700000000000001,-11.000000000000002,1.5000000000000002,3.2,16
19691,329573.0,-0.4,0.5,0.4,0.1,2.6,9.9,-5.1,0.9,3.2,16
19692,329589.0,-0.6000000000000001,0.6000000000000001,0.6000000000000001,0.0,2.7,10.100000000000001,-0.6000000000000001,-1.6,2.6,16
19693,329606.0,-0.8,0.9,0.8,-0.2,2.9000000000000004,10.3,1.6,-5.6,2.7,16
19694,329622.0,-0.9,1.1,0.8,-0.2,3.2,10.4,3.1,-8.3,4.3999999999999995,16
19695,329639.0,-0.9,1.2000000000000002,1.0,-0.2,3.3000000000000003,10.5,3.6,-8.1,5.0,16
19696,329656.0,-0.8,1.2000000000000002,1.1,-0.1,3.3000000000000003,10.600000000000001,4.0,-5.7,3.2,16
19697,329673.0,-0.8,1.1,1.2000000000000002,-0.1,3.2,10.700000000000001,3.5,-1.5000000000000002,-1.2000000000000002,16
19698,329689.0,-0.8,1.0,1.3,-0.1,3.1,10.8,1.7,3.0000000000000004,-6.1000000000000005,16
19699,329706.0,-0.9,0.9,1.3,-0.30000000000000004,3.0,10.8,-0.4,8.4,-9.600000000000001,16
19700,329722.0,-1.0,0.8,1.3,-0.5,2.9000000000000004,10.9,-1.5000000000000002,14.800000000000002,-10.8,16
19701,329739.0,-1.1,0.7000000000000001,1.5,-0.6000000000000001,2.8000000000000003,11.200000000000001,0.0,20.1,-11.2,16
19702,329756.0,-1.0,0.5,2.1,-0.5,2.7,11.700000000000001,-0.2,17.400000000000002,-12.700000000000001,16
19703,329780.0,-0.7000000000000001,0.5,2.4000000000000004,-0.30000000000000004,2.6,12.0,-4.5,7.8,-13.6,16
19704,329790.0,-0.4,0.4,2.2,0.1,2.4000000000000004,11.8,-6.6000000000000005,1.8,-11.3,16
19705,329806.0,0.1,0.1,2.0,0.5,2.2,11.600000000000001,-6.3,4.0,-6.2,16
19706,329822.0,0.2,0.0,1.9000000000000001,0.7000000000000001,2.0,11.3,-1.8,10.9,1.5000000000000002,16
19707,329839.0,0.7000000000000001,-0.30000000000000004,1.4000000000000001,1.3,1.7000000000000002,11.100000000000001,9.5,19.3,7.300000000000001,16
19708,329857.0,1.5,-0.7000000000000001,1.3,1.8,1.5,10.9,20.7,25.6,7.400000000000001,16
19709,329872.0,2.2,-0.9,0.6000000000000001,2.3000000000000003,1.3,10.3,28.900000000000002,25.6,2.0,16
19710,329890.0,2.5,-1.0,0.1,2.7,1.2000000000000002,9.4,33.1,25.5,-7.0,16
19711,329909.0,2.6,-1.1,-1.0,2.7,1.3,8.4,32.0,26.200000000000003,-16.5,16
19712,329922.0,2.5,-1.1,-1.9000000000000001,2.5,1.4000000000000001,7.7,24.8,26.200000000000003,-23.900000000000002,16
19713,329939.0,2.2,-1.0,-2.1,2.0,1.5,7.300000000000001,11.6,22.4,-26.8,16
19714,329956.0,1.8,-0.9,-2.3000000000000003,1.7000000000000002,1.7000000000000002,7.2,-2.7,16.3,-25.2,16
19715,329972.0,1.4000000000000001,-0.7000000000000001,-2.2,1.3,1.7000000000000002,7.300000000000001,-14.200000000000001,11.1,-21.1,16
19716,329992.0,1.1,-0.6000000000000001,-1.6,1.0,1.8,7.800000000000001,-19.1,5.2,-17.0,16
19717,330005.0,0.9,-0.4,-1.3,0.7000000000000001,1.9000000000000001,8.3,-18.2,-2.1999999999999997,-14.500000000000002,16
19718,330022.0,0.7000000000000001,-0.2,-0.8,0.5,2.1,8.700000000000001,-13.200000000000001,-9.9,-13.8,16
19719,330039.0,0.5,-0.1,-0.7000000000000001,0.30000000000000004,2.3000000000000003,8.9,-7.2,-18.900000000000002,-15.000000000000002,16
19720,330055.0,0.2,0.1,-0.6000000000000001,0.1,2.4000000000000004,8.9,-4.3999999999999995,-26.400000000000002,-17.200000000000003,16
19721,330072.0,-0.2,0.30000000000000004,-0.8,-0.2,2.5,8.700000000000001,-4.9,-30.5,-18.3,16
19722,330089.0,-0.30000000000000004,0.30000000000000004,-0.9,-0.4,2.6,8.700000000000001,-7.400000000000001,-29.700000000000003,-17.3,16
19723,330105.0,-0.7000000000000001,0.30000000000000004,-0.8,-0.6000000000000001,2.4000000000000004,8.8,-12.200000000000001,-28.400000000000002,-15.7,16
19724,330122.0,-1.0,0.1,-0.5,-0.8,2.3000000000000003,9.1,-18.3,-27.6,-13.9,16
19725,330139.0,-1.1,0.0,-0.30000000000000004,-0.9,2.0,9.3,-22.2,-25.700000000000003,-11.5,16
19726,330159.0,-1.2000000000000002,-0.2,0.0,-1.0,1.8,9.600000000000001,-21.3,-21.0,-8.700000000000001,16
19727,330172.0,-1.4000000000000001,-0.30000000000000004,0.2,-1.0,1.6,9.700000000000001,-16.8,-16.2,-5.500000000000001,16
19728,330189.0,-1.4000000000000001,-0.4,0.2,-1.0,1.5,9.700000000000001,-10.700000000000001,-12.200000000000001,-2.1999999999999997,16
19729,330212.0,-1.5,-0.5,0.0,-1.1,1.5,9.600000000000001,-5.500000000000001,-9.1,1.6,16
19730,330222.0,-1.4000000000000001,-0.5,-0.1,-1.0,1.4000000000000001,9.4,-1.9,-6.5,6.2,16
19731,330239.0,-1.4000000000000001,-0.5,-0.30000000000000004,-1.0,1.5,9.200000000000001,1.0,-3.3000000000000003,11.2,16
19732,330255.0,-1.4000000000000001,-0.4,-0.5,-1.0,1.6,9.1,2.4000000000000004,0.4,16.1,16
19733,330274.0,-1.4000000000000001,-0.2,-0.5,-1.0,1.7000000000000002,9.0,1.9,1.7,20.8,16
19734,330289.0,-1.6,0.0,-0.5,-1.2000000000000002,1.9000000000000001,9.0,-0.2,2.1,25.5,16
19735,330306.0,-1.6,0.1,-0.5,-1.2000000000000002,2.0,9.200000000000001,-1.5000000000000002,1.5000000000000002,30.9,16
19736,330322.0,-1.4000000000000001,0.2,-0.2,-1.0,2.1,9.3,-1.3,1.0,35.0,16
19737,330339.0,-1.1,0.2,-0.1,-0.7000000000000001,2.1,9.4,1.2000000000000002,2.7,36.5,16
19738,330357.0,-1.0,0.30000000000000004,0.0,-0.6000000000000001,2.3000000000000003,9.5,5.2,6.4,37.300000000000004,16
19739,330372.0,-0.8,0.5,0.1,-0.4,2.5,9.600000000000001,8.9,9.3,37.5,16
19740,330389.0,-0.5,0.7000000000000001,0.2,-0.1,2.7,9.700000000000001,9.700000000000001,10.1,36.4,16
19741,330406.0,-0.30000000000000004,0.8,0.2,0.2,2.9000000000000004,9.8,7.699999999999999,10.0,34.50000000000001,16
19742,330422.0,0.2,0.9,0.2,0.6000000000000001,3.0,9.8,4.9,10.5,31.3,16
19743,330442.0,0.8,0.9,0.5,1.1,3.0,10.100000000000001,1.5000000000000002,12.000000000000002,26.700000000000003,16
19744,330456.0,1.0,0.9,0.6000000000000001,1.4000000000000001,3.0,10.3,-2.3000000000000003,13.700000000000001,21.900000000000002,16
19745,330472.0,1.2000000000000002,1.0,0.9,1.5,3.1,10.5,-4.0,15.7,19.700000000000003,16
19746,330489.0,1.3,1.1,1.0,1.5,3.2,10.5,-2.8,20.1,20.2,16
19747,330506.0,1.1,1.2000000000000002,0.8,1.1,3.4000000000000004,10.4,2.6,27.6,21.400000000000002,16
19748,330522.0,0.6000000000000001,1.4000000000000001,1.0,0.6000000000000001,3.6,10.700000000000001,9.600000000000001,31.099999999999998,21.8,16
19749,330539.0,0.1,1.6,1.7000000000000002,0.1,3.7,11.3,10.1,23.0,20.6,16
19750,330556.0,0.0,1.6,1.8,0.1,3.7,11.4,7.1000000000000005,8.3,17.7,16
19751,330572.0,0.30000000000000004,1.4000000000000001,1.9000000000000001,0.5,3.6,11.5,4.5,-1.9,14.0,16
19752,330589.0,0.8,1.0,1.7000000000000002,0.9,3.2,11.3,1.3,-4.9,9.600000000000001,16
19753,330606.0,0.9,0.8,1.5,0.9,2.8000000000000003,11.0,0.0,0.7,5.6,16
19754,330622.0,0.8,0.30000000000000004,1.2000000000000002,0.8,2.5,10.8,0.5,9.3,3.4,16
19755,330639.0,0.8,0.0,1.3,0.8,2.2,10.9,0.9,12.6,4.1000000000000005,16
19756,330657.0,1.1,-0.5,1.0,1.1,1.8,10.700000000000001,0.6000000000000001,10.8,6.5,16
19757,330678.0,1.3,-0.7000000000000001,0.5,1.2000000000000002,1.6,10.3,4.6000000000000005,9.1,9.3,16
19758,330689.0,1.4000000000000001,-0.8,0.1,1.4000000000000001,1.5,9.700000000000001,14.600000000000001,10.5,11.700000000000001,16
19759,330706.0,1.5,-0.9,-0.30000000000000004,1.5,1.4000000000000001,9.0,27.5,13.700000000000001,11.2,16
19760,330723.0,1.4000000000000001,-0.9,-1.0,1.3,1.5,8.4,36.6,13.3,8.200000000000001,16
19761,330739.0,1.1,-0.8,-1.7000000000000002,1.0,1.7000000000000002,7.800000000000001,39.50000000000001,9.200000000000001,5.1,16
19762,330756.0,0.9,-0.7000000000000001,-2.2,0.8,1.9000000000000001,7.300000000000001,36.3,3.3000000000000003,2.6,16
19763,330779.0,1.0,-0.9,-2.5,0.9,1.9000000000000001,7.0,28.900000000000002,-1.0999999999999999,-0.7,16
19764,330789.0,1.0,-0.9,-2.4000000000000004,0.9,1.9000000000000001,7.0,19.8,-4.300000000000001,-5.500000000000001,16
19765,330806.0,1.0,-0.9,-2.1,0.9,1.9000000000000001,7.300000000000001,9.200000000000001,-8.5,-10.0,16
19766,330822.0,1.0,-0.9,-1.7000000000000002,1.0,1.8,7.9,-3.2,-15.399999999999999,-13.5,16
19767,330840.0,1.3,-1.1,-1.0,1.4000000000000001,1.6,8.5,-14.100000000000001,-23.1,-17.1,16
19768,330856.0,1.7000000000000002,-1.4000000000000001,-0.2,1.9000000000000001,1.3,9.3,-21.900000000000002,-29.1,-22.1,16
19769,330872.0,1.9000000000000001,-1.4000000000000001,0.2,2.2,1.2000000000000002,9.8,-25.400000000000002,-33.900000000000006,-26.3,16
19770,330897.0,2.0,-1.4000000000000001,0.5,2.3000000000000003,1.1,10.0,-25.8,-34.0,-28.3,16
19771,330905.0,1.9000000000000001,-1.4000000000000001,0.4,2.3000000000000003,1.0,9.8,-23.2,-30.599999999999998,-28.500000000000004,16
19772,330922.0,1.7000000000000002,-1.4000000000000001,0.2,2.0,1.1,9.700000000000001,-19.200000000000003,-20.8,-27.1,16
19773,330939.0,1.2000000000000002,-1.2000000000000002,0.1,1.5,1.2000000000000002,9.600000000000001,-15.000000000000002,-12.8,-24.5,16
19774,330956.0,0.4,-1.0,0.0,0.9,1.3,9.5,-10.700000000000001,-8.799999999999999,-21.200000000000003,16
19775,330979.0,0.0,-0.8,-0.30000000000000004,0.5,1.4000000000000001,9.200000000000001,-6.3,-8.4,-19.0,16
19776,330989.0,-0.2,-0.8,-0.5,0.2,1.5,8.9,-1.9,-8.9,-17.9,16
19777,331006.0,-0.5,-0.6000000000000001,-0.8,0.0,1.6,8.700000000000001,0.5,-11.2,-18.1,16
19778,331022.0,-0.6000000000000001,-0.5,-1.0,-0.1,1.8,8.5,-0.30000000000000004,-13.9,-19.200000000000003,16
19779,331039.0,-0.7000000000000001,-0.4,-1.1,-0.2,1.9000000000000001,8.4,-4.2,-16.900000000000002,-20.2,16
19780,331056.0,-0.8,-0.30000000000000004,-1.2000000000000002,-0.2,1.9000000000000001,8.3,-8.799999999999999,-19.1,-20.7,16
19781,331075.0,-0.8,-0.2,-1.0,-0.2,2.0,8.4,-13.200000000000001,-19.500000000000004,-20.8,16
19782,331089.0,-0.8,-0.2,-0.9,-0.2,2.0,8.6,-16.8,-19.500000000000004,-21.3,16
19783,331105.0,-0.9,-0.1,-0.6000000000000001,-0.2,2.0,9.0,-18.8,-19.700000000000003,-22.2,16
19784,331122.0,-0.8,-0.2,-0.2,-0.1,1.9000000000000001,9.3,-19.1,-20.4,-23.900000000000002,16
19785,331140.0,-0.8,-0.2,-0.1,-0.1,1.9000000000000001,9.5,-18.8,-21.1,-27.1,16
19786,331155.0,-1.0,-0.1,0.2,-0.30000000000000004,1.9000000000000001,9.700000000000001,-17.9,-20.5,-29.300000000000004,16
19787,331174.0,-1.5,0.1,0.4,-0.7000000000000001,2.0,9.9,-17.1,-19.0,-27.7,16
19788,331190.0,-1.7000000000000002,0.2,0.5,-1.0,2.1,10.100000000000001,-17.200000000000003,-17.8,-23.2,16
19789,331206.0,-2.1,0.30000000000000004,0.8,-1.2000000000000002,2.2,10.4,-16.900000000000002,-16.700000000000003,-17.7,16
19790,331222.0,-2.3000000000000003,0.4,1.2000000000000002,-1.4000000000000001,2.2,10.700000000000001,-14.700000000000001,-14.900000000000002,-12.3,16
19791,331239.0,-2.4000000000000004,0.4,1.3,-1.4000000000000001,2.2,11.0,-9.8,-13.8,-7.300000000000001,16
19792,331256.0,-2.3000000000000003,0.4,1.7000000000000002,-1.3,2.2,11.3,-4.0,-12.9,-3.9,16
19793,331276.0,-2.0,0.5,1.8,-1.1,2.3000000000000003,11.3,2.6,-10.3,-2.1,16
19794,331289.0,-1.9000000000000001,0.5,1.8,-0.9,2.4000000000000004,11.3,9.8,-4.800000000000001,-0.8,16
19795,331306.0,-1.7000000000000002,0.7000000000000001,1.7000000000000002,-0.7000000000000001,2.6,11.200000000000001,15.5,1.4,0.30000000000000004,16
19796,331323.0,-1.5,0.8,1.4000000000000001,-0.6000000000000001,2.7,10.9,18.8,7.500000000000001,1.2000000000000002,16
19797,331339.0,-1.4000000000000001,0.8,1.3,-0.5,2.8000000000000003,10.8,19.1,12.200000000000001,1.9,16
19798,331356.0,-1.2000000000000002,0.8,1.1,-0.4,2.9000000000000004,10.600000000000001,18.2,15.399999999999999,2.1999999999999997,16
19799,331380.0,-1.1,0.8,0.9,-0.30000000000000004,2.9000000000000004,10.4,18.2,18.900000000000002,1.8,16
19800,331389.0,-1.0,0.7000000000000001,0.8,-0.4,2.9000000000000004,10.3,19.9,23.400000000000002,0.8,16
19801,331406.0,-1.2000000000000002,0.7000000000000001,0.5,-0.6000000000000001,2.8000000000000003,10.100000000000001,23.5,28.1,-0.2,16
19802,331423.0,-1.3,0.5,0.5,-0.8,2.8000000000000003,10.100000000000001,24.200000000000003,27.5,-1.5000000000000002,16
19803,331439.0,-1.4000000000000001,0.5,0.7000000000000001,-0.9,2.8000000000000003,10.4,14.0,15.9,-1.0,16
19804,331456.0,-1.2000000000000002,0.5,0.6000000000000001,-0.7000000000000001,2.8000000000000003,10.100000000000001,3.9,8.4,3.6,16
19805,331474.0,-0.6000000000000001,0.2,0.4,-0.1,2.5,10.0,2.0,8.5,8.0,16
19806,331490.0,0.0,-0.2,0.8,0.30000000000000004,2.2,10.3,1.5000000000000002,10.0,7.699999999999999,16
19807,331505.0,0.2,-0.30000000000000004,0.8,0.6000000000000001,2.0,10.3,2.0,8.600000000000001,5.7,16
19808,331522.0,0.4,-0.5,0.8,0.8,1.8,10.4,3.3000000000000003,6.6000000000000005,4.7,16
19809,331539.0,0.8,-0.7000000000000001,0.6000000000000001,1.1,1.7000000000000002,10.200000000000001,3.1,2.5,4.800000000000001,16
19810,331555.0,1.0,-0.8,0.4,1.6,1.5,9.9,4.0,1.5000000000000002,5.500000000000001,16
19811,331575.0,1.6,-1.0,0.1,2.0,1.3,9.600000000000001,6.3,4.0,5.2,16
19812,331589.0,2.0,-1.2000000000000002,-0.1,2.3000000000000003,1.2000000000000002,9.5,7.400000000000001,5.6,3.8,16
19813,331606.0,2.1,-1.2000000000000002,-0.30000000000000004,2.5,1.2000000000000002,9.200000000000001,7.9,6.3,3.4,16
19814,331622.0,2.1,-1.1,-0.7000000000000001,2.5,1.3,8.8,9.3,8.799999999999999,3.9,16
19815,331640.0,2.0,-1.1,-1.2000000000000002,2.3000000000000003,1.3,8.4,9.700000000000001,11.8,3.3000000000000003,16
19816,331656.0,1.8,-1.1,-1.3,1.9000000000000001,1.5,8.1,7.0,12.000000000000002,1.6,16
19817,331673.0,1.2000000000000002,-0.8,-1.6,1.4000000000000001,1.7000000000000002,7.9,4.0,10.600000000000001,1.7,16
19818,331689.0,0.8,-0.7000000000000001,-1.7000000000000002,1.4000000000000001,1.7000000000000002,7.9,4.0,10.600000000000001,1.7,16
19819,331707.0,0.4,-0.5,-1.7000000000000002,0.6000000000000001,2.0,7.800000000000001,-1.0999999999999999,1.0,6.3,16
19820,331724.0,0.1,-0.4,-1.6,0.4,2.1,7.9,-5.300000000000001,-8.0,7.0,16
19821,331739.0,-0.1,-0.30000000000000004,-1.4000000000000001,0.30000000000000004,2.1,8.0,-10.700000000000001,-17.400000000000002,6.1000000000000005,16
19822,331756.0,-0.1,-0.4,-1.4000000000000001,0.30000000000000004,2.0,8.200000000000001,-16.400000000000002,-23.1,3.1,16
19823,331774.0,-0.30000000000000004,-0.30000000000000004,-1.2000000000000002,0.1,2.0,8.3,-19.9,-24.8,1.0,16
19824,331789.0,-0.5,-0.2,-0.9,0.1,2.0,8.6,-22.1,-22.3,1.0999999999999999,16
19825,331805.0,-0.6000000000000001,-0.2,-0.7000000000000001,-0.1,2.0,8.9,-22.8,-17.8,2.3000000000000003,16
19826,331822.0,-0.8,-0.2,-0.4,-0.2,2.0,9.200000000000001,-22.8,-14.500000000000002,4.300000000000001,16
19827,331839.0,-1.0,-0.1,0.0,-0.4,2.0,9.5,-22.5,-13.3,6.6000000000000005,16
19828,331856.0,-1.1,-0.1,0.1,-0.4,2.0,9.700000000000001,-20.6,-13.100000000000001,9.3,16
19829,331872.0,-1.1,0.0,0.2,-0.30000000000000004,1.9000000000000001,9.8,-17.5,-11.000000000000002,11.3,16
19830,331890.0,-1.0,0.1,0.30000000000000004,-0.30000000000000004,2.0,9.9,-11.8,-7.6,13.0,16
19831,331906.0,-1.0,0.2,0.5,-0.30000000000000004,2.2,10.100000000000001,-5.2,-4.1000000000000005,15.2,16
19832,331922.0,-1.0,0.4,0.5,-0.2,2.4000000000000004,10.100000000000001,2.1,-1.6,17.8,16
19833,331939.0,-0.8,0.7000000000000001,0.4,0.0,2.6,10.0,9.700000000000001,0.30000000000000004,20.1,16
19834,331956.0,-0.6000000000000001,1.0,0.2,0.1,2.9000000000000004,9.8,16.900000000000002,2.1,21.200000000000003,16
19835,331972.0,-0.6000000000000001,1.1,0.1,0.2,3.2,9.600000000000001,21.700000000000003,4.0,20.6,16
19836,331991.0,-0.4,1.3,0.0,0.4,3.4000000000000004,9.5,23.2,5.300000000000001,18.5,16
19837,332006.0,-0.4,1.3,-0.1,0.5,3.6,9.4,23.700000000000003,8.5,15.7,16
19838,332026.0,0.0,1.4000000000000001,0.0,0.7000000000000001,3.7,9.4,23.400000000000002,11.9,12.5,16
19839,332039.0,0.2,1.4000000000000001,0.1,1.0,3.6,9.600000000000001,19.700000000000003,11.3,8.0,16
19840,332055.0,0.5,1.2000000000000002,0.30000000000000004,1.2000000000000002,3.5,9.700000000000001,13.8,8.9,2.7,16
19841,332072.0,0.7000000000000001,1.0,0.30000000000000004,1.4000000000000001,3.4000000000000004,9.9,7.300000000000001,7.699999999999999,-2.0,16
19842,332089.0,0.9,0.8,0.6000000000000001,1.6,3.2,10.100000000000001,1.7,8.4,-4.7,16
19843,332107.0,1.0,0.5,0.8,1.7000000000000002,2.9000000000000004,10.3,-1.8,11.1,-5.500000000000001,16
19844,332122.0,0.9,0.4,0.8,1.3,2.8000000000000003,10.3,-2.5,16.400000000000002,-5.4,16
19845,332139.0,0.30000000000000004,0.4,1.0,0.8,2.7,10.600000000000001,-0.9,18.8,-3.4,16
19846,332156.0,-0.30000000000000004,0.30000000000000004,1.3,0.2,2.7,10.8,-0.7,17.200000000000003,-0.6000000000000001,16
19847,332172.0,-0.5,0.30000000000000004,1.3,-0.2,2.7,10.700000000000001,0.8,13.0,2.5,16
19848,332190.0,-0.9,0.4,1.3,-0.5,2.7,10.9,4.1000000000000005,10.0,5.1,16
19849,332208.0,-1.0,0.1,1.3,-0.6000000000000001,2.5,10.9,4.5,4.6000000000000005,5.500000000000001,16
19850,332222.0,-1.0,0.0,1.2000000000000002,-0.5,2.4000000000000004,10.700000000000001,2.8,0.30000000000000004,4.6000000000000005,16
19851,332239.0,-0.8,-0.2,1.2000000000000002,-0.30000000000000004,2.2,10.700000000000001,-0.5,-2.8,4.1000000000000005,16
19852,332256.0,-0.30000000000000004,-0.5,1.0,0.2,1.9000000000000001,10.600000000000001,-4.9,-4.7,4.3999999999999995,16
19853,332272.0,0.0,-0.7000000000000001,0.8,0.7000000000000001,1.4000000000000001,10.200000000000001,-6.9,-0.2,5.4,16
19854,332289.0,0.5,-1.3,0.4,1.0,1.0,9.9,-4.6000000000000005,8.5,7.1000000000000005,16
19855,332306.0,0.6000000000000001,-1.5,0.0,1.0,0.8,9.600000000000001,0.6000000000000001,17.200000000000003,9.9,16
19856,332322.0,0.6000000000000001,-1.6,-0.2,0.9,0.7000000000000001,9.3,5.500000000000001,23.400000000000002,13.6,16
19857,332339.0,0.6000000000000001,-1.7000000000000002,-0.5,0.8,0.6000000000000001,9.0,10.4,24.9,17.400000000000002,16
19858,332355.0,0.6000000000000001,-1.8,-0.7000000000000001,0.9,0.6000000000000001,8.8,14.4,23.3,20.3,16
19859,332372.0,0.7000000000000001,-1.8,-0.8,1.0,0.7000000000000001,8.700000000000001,15.8,17.9,22.000000000000004,16
19860,332393.0,1.0,-1.6,-0.9,1.1,0.8,8.6,13.9,9.700000000000001,22.4,16
19861,332407.0,1.2000000000000002,-1.5,-1.0,1.4000000000000001,1.0,8.5,9.200000000000001,1.2000000000000002,22.1,16
19862,332424.0,1.5,-1.4000000000000001,-1.1,1.8,1.1,8.4,2.0,-6.7,20.900000000000002,16
19863,332440.0,1.7000000000000002,-1.3,-1.2000000000000002,2.0,1.2000000000000002,8.3,-6.2,-10.600000000000001,19.8,16
19864,332458.0,1.7000000000000002,-1.1,-1.3,2.0,1.3,8.200000000000001,-13.4,-10.700000000000001,19.200000000000003,16
19865,332473.0,1.3,-0.8,-1.3,1.7000000000000002,1.5,8.200000000000001,-18.0,-6.7,19.500000000000004,16
19866,332490.0,1.0,-0.6000000000000001,-1.2000000000000002,1.3,1.8,8.3,-18.1,-2.4000000000000004,21.1,16
19867,332506.0,0.5,-0.2,-1.0,0.9,2.1,8.5,-15.7,-1.3,22.5,16
19868,332522.0,0.1,0.2,-1.0,0.5,2.4000000000000004,8.5,-11.3,-3.5,22.900000000000002,16
19869,332539.0,-0.1,0.4,-1.0,0.30000000000000004,2.7,8.5,-5.4,-6.3,22.2,16
19870,332556.0,-0.30000000000000004,0.6000000000000001,-1.0,0.2,2.8000000000000003,8.5,-1.0999999999999999,-10.8,19.700000000000003,16
19871,332573.0,-0.5,0.8,-1.0,0.1,3.0,8.5,0.4,-13.9,15.6,16
19872,332589.0,-0.6000000000000001,0.9,-1.0,-0.1,3.1,8.5,0.0,-17.5,12.000000000000002,16
19873,332607.0,-0.8,1.0,-0.8,-0.2,3.2,8.700000000000001,-1.0,-19.3,10.0,16
19874,332622.0,-0.9,1.0,-0.6000000000000001,-0.2,3.2,8.9,-1.9,-19.0,8.700000000000001,16
19875,332639.0,-0.8,0.9,-0.4,0.0,3.0,9.200000000000001,-3.6,-17.400000000000002,6.000000000000001,16
19876,332656.0,-0.7000000000000001,0.7000000000000001,0.0,0.1,2.9000000000000004,9.5,-4.9,-14.500000000000002,1.3,16
19877,332672.0,-0.6000000000000001,0.6000000000000001,0.2,0.2,2.7,9.700000000000001,-6.1000000000000005,-9.3,-5.0,16
19878,332689.0,-0.7000000000000001,0.5,0.30000000000000004,0.1,2.6,9.9,-6.9,-3.7000000000000006,-10.8,16
19879,332707.0,-0.8,0.4,0.6000000000000001,0.0,2.5,10.100000000000001,-7.8,1.3,-14.0,16
19880,332722.0,-0.9,0.30000000000000004,0.9,-0.1,2.4000000000000004,10.4,-8.200000000000001,5.0,-14.700000000000001,16
19881,332739.0,-0.9,0.2,1.1,-0.1,2.2,10.700000000000001,-7.500000000000001,7.400000000000001,-13.5,16
19882,332756.0,-0.8,0.0,1.2000000000000002,0.0,2.0,10.700000000000001,-5.1,9.8,-12.5,16
19883,332773.0,-0.7000000000000001,-0.2,1.2000000000000002,0.0,1.8,10.700000000000001,-0.9,13.200000000000001,-12.200000000000001,16
19884,332790.0,-0.9,-0.2,1.0,-0.30000000000000004,1.8,10.5,3.6,16.8,-11.700000000000001,16
19885,332806.0,-1.2000000000000002,-0.1,1.0,-0.7000000000000001,2.1,10.600000000000001,6.4,18.400000000000002,-8.5,16
19886,332822.0,-1.5,0.2,1.2000000000000002,-1.0,2.4000000000000004,10.8,8.0,17.0,-3.1,16
19887,332839.0,-1.4000000000000001,0.5,1.6,-0.9,2.7,11.200000000000001,7.8,10.9,1.0,16
19888,332856.0,-1.4000000000000001,0.5,1.6,-0.9,2.7,11.200000000000001,7.8,10.9,1.0,16
19889,332873.0,-0.5,0.9,2.4000000000000004,0.1,3.1,12.100000000000001,-8.5,-17.599999999999998,0.5,16
19890,332889.0,0.5,0.9,2.6,1.0,3.1,12.200000000000001,-18.5,-25.5,-1.0,16
19891,332905.0,1.0,0.9,2.7,1.8,2.9000000000000004,12.3,-22.1,-19.700000000000003,-1.7,16
19892,332922.0,1.6,0.6000000000000001,2.5,2.3000000000000003,2.5,12.100000000000001,-17.0,-6.6000000000000005,-1.6,16
19893,332939.0,2.0,0.2,2.0,2.6,2.2,11.700000000000001,-5.2,9.8,-2.6,16
19894,332956.0,2.1,0.0,1.7000000000000002,2.7,2.0,11.200000000000001,7.8,23.8,-5.7,16
19895,332972.0,2.0,-0.2,0.9,2.5,1.8,10.4,17.599999999999998,30.100000000000005,-10.4,16
19896,332992.0,2.1,-0.6000000000000001,-0.30000000000000004,2.5,1.5,9.4,25.1,32.0,-16.1,16
19897,333006.0,2.0,-0.8,-0.8,2.3000000000000003,1.4000000000000001,8.5,29.000000000000004,33.1,-21.700000000000003,16
19898,333022.0,1.8,-1.0,-1.7000000000000002,2.1,1.3,7.800000000000001,29.200000000000003,31.3,-25.400000000000002,16
19899,333038.0,1.7000000000000002,-1.2000000000000002,-2.3000000000000003,1.9000000000000001,1.1,7.300000000000001,26.0,26.500000000000004,-27.6,16
19900,333055.0,1.7000000000000002,-1.3,-2.6,1.7000000000000002,1.0,6.800000000000001,19.9,20.2,-29.800000000000004,16
19901,333072.0,1.4000000000000001,-1.5,-3.0,1.3,0.9,6.6000000000000005,9.600000000000001,13.6,-31.4,16
19902,333089.0,0.8,-1.5,-3.0,0.8,0.9,6.6000000000000005,-2.9,5.2,-30.200000000000003,16
19903,333105.0,0.5,-1.4000000000000001,-2.9000000000000004,0.30000000000000004,1.1,6.7,-13.9,-2.8,-24.000000000000004,16
19904,333122.0,-0.1,-1.1,-2.6,-0.2,1.3,7.1000000000000005,-21.3,-10.9,-14.100000000000001,16
19905,333139.0,-0.5,-0.8,-1.8,-0.5,1.4000000000000001,7.7,-25.5,-20.0,-2.9,16
19906,333155.0,-0.6000000000000001,-0.7000000000000001,-1.4000000000000001,-0.5,1.5,8.4,-26.200000000000003,-30.799999999999997,5.8,16
19907,333173.0,-0.5,-0.6000000000000001,-0.8,-0.2,1.5,8.9,-23.2,-39.2,8.5,16
19908,333189.0,-0.5,-0.5,-0.4,-0.2,1.5,9.200000000000001,-19.8,-43.800000000000004,6.7,16
19909,333205.0,-0.8,-0.30000000000000004,-0.30000000000000004,-0.30000000000000004,1.6,9.3,-18.3,-45.6,4.7,16
19910,333222.0,-0.9,-0.2,-0.2,-0.30000000000000004,1.7000000000000002,9.3,-19.0,-42.7,4.300000000000001,16
19911,333239.0,-1.1,0.0,0.0,-0.4,1.8,9.5,-20.0,-36.0,5.8,16
19912,333256.0,-1.2000000000000002,0.1,0.2,-0.4,1.9000000000000001,9.700000000000001,-20.2,-28.0,9.0,16
19913,333274.0,-1.2000000000000002,0.1,0.30000000000000004,-0.4,1.8,9.9,-20.3,-20.2,12.000000000000002,16
19914,333289.0,-1.3,0.1,0.5,-0.4,1.8,10.100000000000001,-19.400000000000002,-13.200000000000001,13.9,16
19915,333305.0,-1.3,0.2,0.7000000000000001,-0.4,1.8,10.200000000000001,-16.2,-7.0,16.1,16
19916,333322.0,-1.3,0.2,0.7000000000000001,-0.5,1.8,10.4,-11.6,-2.1999999999999997,18.0,16
19917,333339.0,-1.4000000000000001,0.30000000000000004,0.8,-0.5,1.8,10.4,-6.000000000000001,0.30000000000000004,20.1,16
19918,333358.0,-1.3,0.2,0.7000000000000001,-0.4,1.8,10.3,0.4,3.7000000000000006,22.900000000000002,16
19919,333372.0,-1.3,0.4,0.7000000000000001,-0.5,2.0,10.200000000000001,8.600000000000001,6.4,26.9,16
19920,333390.0,-1.3,0.5,0.6000000000000001,-0.4,2.1,10.200000000000001,15.000000000000002,8.1,30.4,16
19921,333406.0,-1.1,0.6000000000000001,0.4,-0.2,2.3000000000000003,10.0,18.7,8.200000000000001,31.8,16
19922,333422.0,-0.9,0.7000000000000001,0.2,0.0,2.5,9.8,21.400000000000002,12.000000000000002,32.0,16
19923,333439.0,-0.7000000000000001,0.9,0.1,0.2,2.7,9.700000000000001,22.7,15.399999999999999,31.8,16
19924,333457.0,-0.30000000000000004,0.9,0.1,0.5,2.8000000000000003,9.700000000000001,21.900000000000002,18.0,30.599999999999998,16
19925,333472.0,-0.1,0.9,0.1,0.9,2.8000000000000003,9.700000000000001,19.1,19.400000000000002,27.7,16
19926,333489.0,0.4,0.9,0.2,1.2000000000000002,2.9000000000000004,9.8,14.800000000000002,19.3,23.700000000000003,16
19927,333505.0,0.7000000000000001,1.0,0.4,1.4000000000000001,3.0,9.9,10.2,19.0,20.5,16
19928,333523.0,1.2000000000000002,0.9,0.5,1.8,3.0,10.0,5.7,17.9,18.1,16
19929,333539.0,1.5,0.8,0.4,2.1,2.8000000000000003,10.0,1.6,18.6,14.500000000000002,16
19930,333556.0,1.6,0.7000000000000001,0.30000000000000004,2.1,2.8000000000000003,9.9,-0.30000000000000004,21.8,9.8,16
19931,333572.0,1.4000000000000001,0.8,0.4,1.7000000000000002,2.9000000000000004,10.3,-2.4000000000000004,20.2,6.9,16
19932,333589.0,1.0,1.0,1.1,1.4000000000000001,3.0,10.700000000000001,-6.2,12.4,7.8,16
19933,333609.0,0.8,1.0,1.2000000000000002,1.2000000000000002,3.0,10.8,-6.8,5.1,10.0,16
19934,333622.0,0.8,1.1,1.6,1.2000000000000002,3.0,11.200000000000001,-3.6,1.4,10.3,16
19935,333639.0,0.8,1.0,1.7000000000000002,1.4000000000000001,3.0,11.3,0.7,-1.5000000000000002,7.300000000000001,16
19936,333655.0,0.9,0.8,1.6,1.4000000000000001,2.8000000000000003,11.3,3.7000000000000006,-3.0000000000000004,2.4000000000000004,16
19937,333675.0,0.9,0.5,1.3,1.4000000000000001,2.5,11.0,2.7,-3.2,-2.7,16
19938,333689.0,0.8,0.30000000000000004,1.1,1.3,2.2,10.700000000000001,-0.1,1.0,-5.6,16
19939,333705.0,0.7000000000000001,-0.2,0.8,1.3,1.8,10.4,-1.6,6.3,-5.9,16
19940,333722.0,0.8,-0.7000000000000001,0.30000000000000004,1.3,1.3,10.0,0.0,15.100000000000001,-4.6000000000000005,16
19941,333739.0,0.7000000000000001,-0.9,0.1,1.1,1.0,9.700000000000001,5.500000000000001,23.900000000000002,-2.3000000000000003,16
19942,333756.0,0.5,-1.2000000000000002,-0.1,0.8,0.8,9.5,11.5,28.1,0.1,16
19943,333772.0,0.5,-1.4000000000000001,-0.5,0.7000000000000001,0.7000000000000001,9.1,16.900000000000002,26.0,2.0,16
19944,333789.0,0.5,-1.5,-0.7000000000000001,0.7000000000000001,0.6000000000000001,8.9,22.3,22.7,3.4,16
19945,333806.0,0.4,-1.6,-0.9,0.6000000000000001,0.6000000000000001,8.700000000000001,26.3,15.7,4.2,16
19946,333822.0,0.6000000000000001,-1.5,-1.0,0.7000000000000001,0.7000000000000001,8.6,28.1,6.9,4.7,16
19947,333839.0,0.7000000000000001,-1.5,-1.0,1.0,0.8,8.5,27.400000000000002,-2.5,4.0,16
19948,333856.0,0.9,-1.4000000000000001,-1.2000000000000002,1.2000000000000002,1.0,8.4,23.700000000000003,-11.1,2.4000000000000004,16
19949,333872.0,1.1,-1.2000000000000002,-1.1,1.4000000000000001,1.2000000000000002,8.5,16.1,-19.400000000000002,0.30000000000000004,16
19950,333889.0,1.2000000000000002,-1.0,-0.9,1.7000000000000002,1.4000000000000001,8.700000000000001,6.8,-26.9,-1.0999999999999999,16
19951,333906.0,1.6,-0.9,-0.8,2.0,1.5,8.700000000000001,-1.7,-30.100000000000005,-2.6,16
19952,333922.0,1.6,-0.8,-0.9,2.1,1.6,8.6,-7.699999999999999,-27.3,-4.3999999999999995,16
19953,333940.0,1.5,-0.8,-1.0,1.9000000000000001,1.7000000000000002,8.4,-9.600000000000001,-19.200000000000003,-5.4,16
19954,333956.0,1.0,-0.5,-1.1,1.4000000000000001,1.9000000000000001,8.4,-8.5,-10.8,-5.6,16
19955,333978.0,0.2,-0.30000000000000004,-1.1,0.8,2.0,8.4,-7.699999999999999,-7.400000000000001,-5.0,16
19956,333989.0,-0.1,-0.2,-1.2000000000000002,0.4,2.1,8.200000000000001,-7.0,-9.5,-4.2,16
19957,334006.0,-0.4,-0.2,-1.4000000000000001,0.2,2.1,8.1,-6.4,-12.200000000000001,-4.5,16
19958,334022.0,-0.8,-0.1,-1.5,-0.1,2.2,8.0,-6.2,-16.1,-5.8,16
19959,334039.0,-1.1,0.0,-1.4000000000000001,-0.4,2.2,8.0,-6.6000000000000005,-20.5,-6.7,16
19960,334056.0,-1.3,0.0,-1.4000000000000001,-0.5,2.3000000000000003,8.200000000000001,-8.200000000000001,-25.2,-7.300000000000001,16
19961,334076.0,-1.3,0.1,-1.0,-0.4,2.3000000000000003,8.5,-10.600000000000001,-29.300000000000004,-7.8,16
19962,334088.0,-1.1,0.2,-0.6000000000000001,-0.2,2.3000000000000003,8.8,-12.200000000000001,-31.7,-8.9,16
19963,334107.0,-1.0,0.2,-0.4,0.1,2.3000000000000003,9.1,-13.5,-30.799999999999997,-11.4,16
19964,334122.0,-0.9,0.2,0.0,0.2,2.3000000000000003,9.5,-15.399999999999999,-29.200000000000003,-14.700000000000001,16
19965,334139.0,-0.8,0.2,0.5,0.30000000000000004,2.3000000000000003,10.0,-16.5,-24.1,-17.7,16
19966,334155.0,-0.8,0.2,0.8,0.30000000000000004,2.3000000000000003,10.4,-15.000000000000002,-19.3,-19.9,16
19967,334174.0,-0.9,0.30000000000000004,1.2000000000000002,0.30000000000000004,2.3000000000000003,10.8,-11.3,-13.100000000000001,-20.6,16
19968,334189.0,-0.9,0.4,1.6,0.30000000000000004,2.4000000000000004,11.100000000000001,-6.3,-7.2,-20.2,16
19969,334208.0,-1.0,0.4,1.7000000000000002,0.2,2.4000000000000004,11.200000000000001,-0.5,-2.4000000000000004,-19.1,16
19970,334223.0,-1.1,0.4,1.7000000000000002,0.1,2.4000000000000004,11.200000000000001,6.000000000000001,1.5000000000000002,-17.8,16
19971,334240.0,-1.3,0.4,1.6,-0.1,2.5,11.100000000000001,12.3,3.9,-15.8,16
19972,334255.0,-1.3,0.4,1.4000000000000001,-0.30000000000000004,2.6,10.8,17.5,5.0,-13.700000000000001,16
19973,334277.0,-1.5,0.5,1.2000000000000002,-0.4,2.8000000000000003,10.700000000000001,21.400000000000002,5.500000000000001,-11.4,16
19974,334291.0,-1.6,0.7000000000000001,1.1,-0.5,3.0,10.600000000000001,24.7,5.7,-9.0,16
19975,334305.0,-1.5,0.8,1.1,-0.4,3.1,10.5,27.6,6.2,-8.600000000000001,16
19976,334322.0,-1.2000000000000002,0.7000000000000001,1.1,-0.1,3.1,10.600000000000001,26.700000000000003,4.3999999999999995,-12.100000000000001,16
19977,334339.0,-0.9,0.6000000000000001,1.3,0.0,3.1,10.8,18.2,-3.3000000000000003,-16.1,16
19978,334355.0,-0.8,0.6000000000000001,1.3,0.2,3.1,10.8,7.9,-9.600000000000001,-15.399999999999999,16
19979,334377.0,-0.4,0.4,1.5,0.5,3.0,10.9,2.0,-8.0,-11.6,16
19980,334389.0,-0.2,0.30000000000000004,1.6,0.8,2.8000000000000003,11.100000000000001,-1.0,-4.0,-8.600000000000001,16
19981,334408.0,0.30000000000000004,0.0,2.0,1.2000000000000002,2.5,11.5,-0.6000000000000001,-0.5,-7.9,16
19982,334422.0,0.6000000000000001,-0.2,2.2,1.7000000000000002,2.3000000000000003,11.600000000000001,3.1,1.9,-9.700000000000001,16
19983,334439.0,1.0,-0.5,1.9000000000000001,2.0,2.1,11.4,7.2,3.7000000000000006,-12.9,16
19984,334456.0,1.3,-0.6000000000000001,1.3,2.3000000000000003,2.0,10.9,10.600000000000001,7.500000000000001,-15.299999999999999,16
19985,334476.0,1.4000000000000001,-0.7000000000000001,0.8,2.3000000000000003,1.9000000000000001,10.0,12.200000000000001,15.000000000000002,-17.5,16
19986,334489.0,1.4000000000000001,-0.9,-0.1,2.2,1.8,9.3,10.8,23.5,-19.700000000000003,16
19987,334506.0,1.2000000000000002,-0.9,-0.7000000000000001,1.9000000000000001,1.8,8.9,6.4,28.400000000000002,-20.0,16
19988,334522.0,1.1,-0.8,-0.9,1.8,1.8,8.6,0.5,27.900000000000002,-17.8,16
19989,334539.0,1.3,-0.9,-1.1,1.9000000000000001,1.8,8.4,-5.0,24.000000000000004,-14.700000000000001,16
19990,334557.0,1.4000000000000001,-0.8,-1.2000000000000002,1.9000000000000001,1.8,8.3,-9.0,19.500000000000004,-11.000000000000002,16
19991,334575.0,1.4000000000000001,-0.7000000000000001,-1.5,1.9000000000000001,1.9000000000000001,8.1,-8.799999999999999,15.399999999999999,-6.2,16
19992,334589.0,1.4000000000000001,-0.7000000000000001,-1.6,1.9000000000000001,2.0,7.9,-5.7,11.700000000000001,-1.0,16
19993,334605.0,1.2000000000000002,-0.4,-1.7000000000000002,1.7000000000000002,2.2,7.800000000000001,-1.0,8.1,4.3999999999999995,16
19994,334622.0,1.1,-0.2,-1.7000000000000002,1.4000000000000001,2.5,7.800000000000001,3.0000000000000004,2.1,9.5,16
19995,334638.0,0.7000000000000001,0.2,-1.6,1.2000000000000002,2.8000000000000003,7.9,5.300000000000001,-7.6,13.200000000000001,16
19996,334656.0,0.6000000000000001,0.4,-1.5,1.2000000000000002,3.0,7.9,5.0,-17.8,13.700000000000001,16
19997,334673.0,0.7000000000000001,0.5,-1.6,1.3,3.1,7.800000000000001,2.7,-24.200000000000003,9.3,16
19998,334690.0,0.7000000000000001,0.5,-1.8,1.4000000000000001,3.1,7.5,2.1,-22.7,1.7,16
19999,334705.0,0.30000000000000004,0.5,-2.1,1.1,3.1,7.300000000000001,1.9,-13.9,-6.3,16
20000,334722.0,0.0,0.5,-2.1,0.4,3.2,7.300000000000001,-1.9,-6.8,-11.2,16
20001,334739.0,-0.8,0.5,-2.0,-0.2,3.1,7.4,-10.2,-5.6,-13.0,16
20002,334756.0,-1.3,0.4,-1.8,-0.5,3.0,7.6000000000000005,-20.0,-7.500000000000001,-12.4,16
20003,334772.0,-1.4000000000000001,0.30000000000000004,-1.6,-0.6000000000000001,2.7,8.0,-27.0,-9.700000000000001,-10.0,16
20004,334791.0,-1.4000000000000001,0.1,-1.1,-0.6000000000000001,2.5,8.4,-29.000000000000004,-11.000000000000002,-6.9,16
20005,334805.0,-1.4000000000000001,0.1,-0.6000000000000001,-0.6000000000000001,2.4000000000000004,8.8,-26.9,-11.1,-3.1,16
20006,334822.0,-1.4000000000000001,0.1,-0.4,-0.6000000000000001,2.4000000000000004,9.200000000000001,-22.000000000000004,-10.8,1.9,16
20007,334838.0,-1.5,0.1,-0.2,-0.6000000000000001,2.4000000000000004,9.200000000000001,-22.000000000000004,-10.8,1.9,16
20008,334855.0,-1.4000000000000001,0.2,0.1,-0.5,2.4000000000000004,9.5,-9.5,-10.700000000000001,11.4,16
20009,334872.0,-1.3,0.30000000000000004,0.1,-0.4,2.5,9.600000000000001,-3.3000000000000003,-9.4,13.9,16
20010,334890.0,-1.2000000000000002,0.4,0.1,-0.30000000000000004,2.7,9.5,1.3,-6.4,15.5,16
20011,334905.0,-1.2000000000000002,0.6000000000000001,-0.1,-0.30000000000000004,2.8000000000000003,9.3,4.300000000000001,-1.5000000000000002,17.1,16
20012,334922.0,-1.2000000000000002,0.7000000000000001,-0.30000000000000004,-0.30000000000000004,3.0,9.200000000000001,5.4,4.3999999999999995,18.3,16
20013,334938.0,-1.1,0.8,-0.2,-0.1,3.1,9.3,4.300000000000001,8.799999999999999,18.8,16
20014,334957.0,-0.8,0.8,0.0,0.1,3.1,9.4,1.4,10.1,17.8,16
20015,334973.0,-0.30000000000000004,0.7000000000000001,0.4,0.5,3.0,9.8,-3.4,8.200000000000001,15.100000000000001,16
20016,335000.0,0.30000000000000004,0.6000000000000001,0.7000000000000001,1.0,2.9000000000000004,10.100000000000001,-10.2,4.800000000000001,11.000000000000002,16
20017,335005.0,0.6000000000000001,0.6000000000000001,0.7000000000000001,1.5,2.7,10.200000000000001,-15.9,5.4,7.699999999999999,16
20018,335022.0,0.7000000000000001,0.4,0.8,1.6,2.6,10.3,-18.5,10.8,6.8,16
20019,335039.0,0.6000000000000001,0.4,0.8,1.2000000000000002,2.6,10.4,-16.5,18.7,8.4,16
20020,335056.0,0.1,0.6000000000000001,1.3,0.8,2.7,11.0,-15.000000000000002,19.400000000000002,11.9,16
20021,335078.0,-0.1,0.7000000000000001,2.2,0.7000000000000001,2.7,11.700000000000001,-20.2,8.200000000000001,14.900000000000002,16
20022,335096.0,0.30000000000000004,0.7000000000000001,2.5,1.0,2.6,12.100000000000001,-25.5,-8.1,16.400000000000002,16
20023,335105.0,0.6000000000000001,0.5,2.6,1.5,2.4000000000000004,12.200000000000001,-27.6,-15.9,16.0,16
20024,335122.0,1.1,0.30000000000000004,2.7,2.0,2.1,12.4,-26.8,-16.2,13.8,16
20025,335141.0,1.4000000000000001,0.1,3.0,2.3000000000000003,1.8,12.600000000000001,-21.3,-11.9,11.5,16
20026,335156.0,1.7000000000000002,0.0,2.9000000000000004,2.7,1.6,12.5,-13.700000000000001,-7.1000000000000005,9.9,16
20027,335172.0,2.0,-0.30000000000000004,2.3000000000000003,3.0,1.3,12.0,-5.1,1.2000000000000002,9.3,16
20028,335190.0,1.9000000000000001,-0.4,1.7000000000000002,2.9000000000000004,1.2000000000000002,11.0,7.0,13.9,9.8,16
20029,335208.0,1.9000000000000001,-0.5,0.4,2.7,1.1,9.9,20.6,30.599999999999998,10.1,16
20030,335224.0,1.5,-0.6000000000000001,-0.4,2.2,1.1,9.200000000000001,30.5,42.7,8.3,16
20031,335239.0,1.2000000000000002,-0.6000000000000001,-0.8,1.8,1.3,8.700000000000001,35.7,44.6,6.9,16
20032,335255.0,0.9,-0.5,-1.1,1.5,1.4000000000000001,8.5,34.2,38.800000000000004,6.1000000000000005,16
20033,335272.0,0.9,-0.5,-1.3,1.4000000000000001,1.5,8.3,27.5,25.700000000000003,4.6000000000000005,16
20034,335289.0,1.0,-0.5,-1.4000000000000001,1.6,1.6,8.200000000000001,18.6,12.200000000000001,2.1999999999999997,16
20035,335306.0,1.3,-0.6000000000000001,-1.5,1.9000000000000001,1.5,8.1,10.700000000000001,0.7,-1.0,16
20036,335324.0,1.6,-0.6000000000000001,-1.6,2.2,1.5,8.0,3.0000000000000004,-7.300000000000001,-4.300000000000001,16
20037,335339.0,1.7000000000000002,-0.7000000000000001,-1.6,2.3000000000000003,1.5,8.0,-3.1,-9.200000000000001,-6.7,16
20038,335356.0,1.6,-0.7000000000000001,-1.7000000000000002,2.1,1.5,7.9,-7.0,-7.699999999999999,-7.400000000000001,16
20039,335372.0,1.2000000000000002,-0.6000000000000001,-1.7000000000000002,1.7000000000000002,1.5,7.9,-9.200000000000001,-4.5,-6.8,16
20040,335391.0,0.6000000000000001,-0.4,-1.5,1.2000000000000002,1.7000000000000002,8.1,-9.8,-4.6000000000000005,-5.9,16
20041,335406.0,0.4,-0.30000000000000004,-1.4000000000000001,1.0,1.8,8.200000000000001,-9.3,-7.699999999999999,-6.3,16
20042,335424.0,0.30000000000000004,-0.2,-1.3,0.9,1.8,8.200000000000001,-8.600000000000001,-12.200000000000001,-8.5,16
20043,335439.0,0.1,-0.1,-1.3,0.8,1.9000000000000001,8.200000000000001,-7.9,-15.9,-11.4,16
20044,335456.0,0.1,0.0,-1.4000000000000001,0.8,2.0,8.1,-7.500000000000001,-17.9,-14.200000000000001,16
20045,335472.0,-0.1,0.1,-1.4000000000000001,0.6000000000000001,2.1,8.1,-8.200000000000001,-18.2,-16.3,16
20046,335489.0,-0.5,0.30000000000000004,-1.2000000000000002,0.30000000000000004,2.2,8.3,-10.5,-18.1,-17.200000000000003,16
20047,335512.0,-0.7000000000000001,0.30000000000000004,-1.0,0.2,2.2,8.5,-14.4,-17.599999999999998,-17.3,16
20048,335522.0,-0.8,0.30000000000000004,-0.8,0.1,2.2,8.700000000000001,-17.3,-15.9,-17.9,16
20049,335539.0,-0.8,0.30000000000000004,-0.4,0.0,2.1,9.1,-18.5,-12.700000000000001,-19.200000000000003,16
20050,335555.0,-0.9,0.30000000000000004,-0.2,0.0,2.1,9.4,-15.9,-7.9,-21.3,16
20051,335572.0,-1.1,0.4,0.1,-0.2,2.1,9.700000000000001,-10.600000000000001,-2.1999999999999997,-24.000000000000004,16
20052,335589.0,-1.3,0.30000000000000004,0.4,-0.4,2.1,9.9,-6.4,1.0,-27.3,16
20053,335605.0,-1.4000000000000001,0.30000000000000004,0.5,-0.7000000000000001,2.0,10.100000000000001,-6.7,-0.1,-29.800000000000004,16
20054,335622.0,-1.7000000000000002,0.30000000000000004,0.7000000000000001,-0.9,2.0,10.3,-9.4,-3.2,-29.600000000000005,16
20055,335639.0,-1.7000000000000002,0.30000000000000004,1.0,-0.9,2.0,10.600000000000001,-12.5,-5.4,-26.400000000000002,16
20056,335656.0,-1.6,0.30000000000000004,1.2000000000000002,-0.7000000000000001,1.9000000000000001,10.9,-12.200000000000001,-4.7,-21.3,16
20057,335673.0,-1.4000000000000001,0.30000000000000004,1.5,-0.5,1.9000000000000001,11.100000000000001,-5.500000000000001,0.4,-16.0,16
20058,335689.0,-1.2000000000000002,0.1,1.6,-0.4,1.8,11.200000000000001,4.9,7.300000000000001,-12.8,16
20059,335707.0,-1.2000000000000002,0.2,1.7000000000000002,-0.5,1.9000000000000001,11.3,15.2,12.200000000000001,-12.3,16
20060,335722.0,-1.3,0.30000000000000004,1.7000000000000002,-0.6000000000000001,2.1,11.200000000000001,22.8,14.500000000000002,-12.200000000000001,16
20061,335739.0,-1.3,0.5,1.4000000000000001,-0.6000000000000001,2.3000000000000003,11.0,26.8,15.399999999999999,-12.5,16
20062,335755.0,-0.9,0.5,1.4000000000000001,-0.4,2.4000000000000004,11.0,25.8,14.100000000000001,-15.100000000000001,16
20063,335772.0,-0.8,0.5,1.6,-0.4,2.6,11.3,15.000000000000002,5.4,-18.6,16
20064,335789.0,-0.9,0.9,1.7000000000000002,-0.4,2.9000000000000004,11.3,2.1,-4.0,-15.9,16
20065,335805.0,-0.4,0.9,1.8,0.1,2.8000000000000003,11.4,-6.3,-7.0,-8.600000000000001,16
20066,335822.0,-0.1,0.7000000000000001,1.9000000000000001,0.7000000000000001,2.6,11.600000000000001,-8.700000000000001,-4.3999999999999995,-3.4,16
20067,335839.0,0.7000000000000001,0.4,2.1,1.3,2.2,11.8,-3.6,1.0999999999999999,-1.3,16
20068,335855.0,1.4000000000000001,-0.1,2.1,1.9000000000000001,1.9000000000000001,11.8,6.8,4.300000000000001,-2.9,16
20069,335873.0,1.6,-0.2,2.0,2.3000000000000003,1.7000000000000002,11.5,15.299999999999999,6.2,-6.6000000000000005,16
20070,335889.0,2.0,-0.5,1.1,2.6,1.5,10.700000000000001,21.3,7.6,-10.4,16
20071,335905.0,2.3000000000000003,-0.8,0.2,2.8000000000000003,1.3,9.9,24.400000000000002,13.200000000000001,-14.200000000000001,16
20072,335922.0,2.3000000000000003,-0.9,-0.2,2.6,1.2000000000000002,9.200000000000001,23.8,19.500000000000004,-16.8,16
20073,335939.0,2.0,-1.0,-0.9,2.3000000000000003,1.2000000000000002,8.700000000000001,20.2,24.1,-17.8,16
20074,335955.0,1.8,-1.1,-1.1,1.9000000000000001,1.2000000000000002,8.4,15.000000000000002,25.900000000000002,-17.200000000000003,16
20075,335972.0,1.4000000000000001,-1.1,-1.4000000000000001,1.5,1.2000000000000002,8.200000000000001,9.1,22.6,-15.100000000000001,16
20076,335999.0,0.8,-1.0,-1.5,1.1,1.3,8.1,3.0000000000000004,18.3,-12.5,16
20077,336005.0,0.6000000000000001,-0.9,-1.5,0.8,1.4000000000000001,8.1,-1.6,10.9,-9.700000000000001,16
20078,336023.0,0.4,-0.8,-1.3,0.5,1.5,8.200000000000001,-3.4,3.4,-6.7,16
20079,336041.0,0.2,-0.6000000000000001,-1.2000000000000002,0.30000000000000004,1.7000000000000002,8.3,-1.6,-3.4,-3.6,16
20080,336055.0,-0.1,-0.4,-1.2000000000000002,0.1,1.9000000000000001,8.4,2.7,-9.1,-0.9,16
20081,336072.0,-0.2,-0.2,-1.2000000000000002,-0.1,2.1,8.4,6.6000000000000005,-13.6,0.0,16
20082,336088.0,-0.4,0.0,-1.4000000000000001,-0.2,2.3000000000000003,8.1,8.799999999999999,-15.000000000000002,-0.9,16
20083,336107.0,-0.4,0.0,-1.5,-0.2,2.3000000000000003,8.1,8.799999999999999,-15.000000000000002,-0.9,16
20084,336122.0,-0.8,0.2,-1.8,-0.5,2.5,7.7,5.1,-7.2,-7.0,16
20085,336139.0,-1.0,0.2,-1.9000000000000001,-0.9,2.5,7.7,-1.3,-3.3000000000000003,-8.200000000000001,16
20086,336157.0,-1.4000000000000001,0.2,-1.7000000000000002,-1.1,2.5,7.800000000000001,-9.3,-2.0,-6.9,16
20087,336172.0,-1.5,0.1,-1.6,-1.2000000000000002,2.3000000000000003,8.0,-16.700000000000003,-3.0000000000000004,-3.6,16
20088,336189.0,-1.5,-0.1,-1.2000000000000002,-1.2000000000000002,2.1,8.4,-22.000000000000004,-4.800000000000001,-0.1,16
20089,336205.0,-1.3,-0.30000000000000004,-0.8,-1.1,1.9000000000000001,8.8,-23.1,-7.0,3.4,16
20090,336222.0,-1.3,-0.30000000000000004,-0.4,-1.0,1.9000000000000001,9.1,-19.0,-6.7,7.9,16
20091,336239.0,-1.3,-0.30000000000000004,-0.30000000000000004,-1.0,1.8,9.4,-12.5,-7.2,12.3,16
20092,336255.0,-1.3,-0.2,0.1,-1.0,1.9000000000000001,9.700000000000001,-6.3,-9.0,16.0,16
20093,336272.0,-1.3,0.0,0.30000000000000004,-1.0,2.1,9.8,-1.0999999999999999,-10.600000000000001,19.500000000000004,16
20094,336289.0,-1.4000000000000001,0.2,0.30000000000000004,-1.0,2.3000000000000003,9.8,3.5,-8.799999999999999,23.700000000000003,16
20095,336305.0,-1.2000000000000002,0.4,0.30000000000000004,-0.8,2.5,9.8,6.6000000000000005,-3.6,27.1,16
20096,336322.0,-1.1,0.6000000000000001,0.30000000000000004,-0.7000000000000001,2.7,9.9,8.5,3.7000000000000006,28.8,16
20097,336339.0,-1.1,0.7000000000000001,0.5,-0.7000000000000001,2.9000000000000004,10.100000000000001,10.5,10.4,30.000000000000004,16
20098,336355.0,-0.9,0.9,0.8,-0.5,3.0,10.4,11.9,14.0,30.4,16
20099,336372.0,-0.6000000000000001,0.9,0.9,-0.2,3.1,10.4,12.6,16.8,28.700000000000003,16
20100,336389.0,-0.30000000000000004,0.8,1.0,0.1,3.0,10.600000000000001,11.8,17.8,24.7,16
20101,336405.0,0.1,0.7000000000000001,1.2000000000000002,0.4,3.0,10.8,10.700000000000001,18.1,19.8,16
20102,336422.0,0.4,0.7000000000000001,1.5,0.7000000000000001,3.0,11.0,10.5,18.8,16.1,16
20103,336439.0,0.6000000000000001,0.7000000000000001,1.5,0.8,2.9000000000000004,11.0,11.700000000000001,22.4,15.100000000000001,16
20104,336455.0,0.8,0.5,1.4000000000000001,0.9,2.8000000000000003,10.9,13.3,26.700000000000003,15.000000000000002,16
20105,336472.0,0.8,0.4,1.7000000000000002,0.8,2.9000000000000004,11.200000000000001,11.5,26.8,14.800000000000002,16
20106,336489.0,0.7000000000000001,0.5,1.9000000000000001,0.7000000000000001,3.0,11.5,5.1,20.1,15.5,16
20107,336505.0,0.7000000000000001,0.7000000000000001,2.1,0.7000000000000001,3.1,11.600000000000001,1.8,16.0,17.3,16
20108,336522.0,0.8,0.6000000000000001,2.1,0.7000000000000001,3.0,11.700000000000001,4.0,18.900000000000002,19.200000000000003,16
20109,336539.0,0.8,0.5,2.1,0.6000000000000001,3.0,11.600000000000001,10.5,23.8,19.9,16
20110,336555.0,0.6000000000000001,0.4,1.9000000000000001,0.4,2.9000000000000004,11.4,18.2,26.8,19.3,16
20111,336572.0,0.4,0.30000000000000004,1.7000000000000002,0.2,2.8000000000000003,11.200000000000001,22.900000000000002,24.400000000000002,17.8,16
20112,336589.0,0.7000000000000001,-0.1,1.1,0.4,2.6,10.8,22.4,17.8,16.2,16
20113,336605.0,0.9,-0.4,0.7000000000000001,0.8,2.2,9.9,21.8,15.5,14.700000000000001,16
20114,336622.0,1.4000000000000001,-0.8,-0.30000000000000004,1.1,1.9000000000000001,9.200000000000001,25.6,20.7,14.800000000000002,16
20115,336639.0,1.3,-1.1,-0.8,1.0,1.8,8.700000000000001,31.4,29.200000000000003,16.1,16
20116,336656.0,1.3,-1.2000000000000002,-1.1,0.9,1.7000000000000002,8.3,34.50000000000001,33.1,16.5,16
20117,336672.0,1.1,-1.4000000000000001,-1.4000000000000001,0.6000000000000001,1.7000000000000002,8.0,33.2,30.599999999999998,16.1,16
20118,336689.0,1.0,-1.4000000000000001,-1.4000000000000001,0.30000000000000004,1.7000000000000002,8.0,29.200000000000003,23.1,16.5,16
20119,336705.0,0.8,-1.3,-1.3,0.30000000000000004,1.8,8.1,24.1,13.3,17.3,16
20120,336722.0,0.9,-1.4000000000000001,-1.2000000000000002,0.4,1.8,8.200000000000001,18.7,5.500000000000001,16.400000000000002,16
20121,336738.0,1.0,-1.4000000000000001,-1.1,0.4,1.9000000000000001,8.200000000000001,14.0,-2.5,13.6,16
20122,336755.0,0.9,-1.3,-1.0,0.4,2.0,8.4,9.1,-8.200000000000001,10.9,16
20123,336772.0,0.8,-1.1,-0.7000000000000001,0.4,2.2,8.6,3.1,-14.700000000000001,9.8,16
20124,336789.0,0.9,-1.0,-0.5,0.5,2.3000000000000003,8.700000000000001,-2.1999999999999997,-18.400000000000002,10.1,16
20125,336806.0,0.9,-1.0,-0.5,0.6000000000000001,2.3000000000000003,8.8,-4.2,-17.200000000000003,10.3,16
20126,336822.0,0.9,-1.0,-0.5,0.6000000000000001,2.3000000000000003,8.8,-4.2,-17.200000000000003,10.3,16
20127,336839.0,0.5,-0.8,-0.7000000000000001,0.30000000000000004,2.4000000000000004,8.6,-1.8,-3.5,8.3,16
20128,336855.0,0.2,-0.7000000000000001,-0.6000000000000001,-0.30000000000000004,2.6,8.700000000000001,-0.2,1.8,8.700000000000001,16
20129,336872.0,-0.4,-0.5,-0.5,-0.6000000000000001,2.8000000000000003,8.700000000000001,1.5000000000000002,2.7,11.000000000000002,16
20130,336889.0,-0.5,-0.4,-0.5,-0.7000000000000001,2.8000000000000003,8.700000000000001,3.6,1.6,12.100000000000001,16
20131,336906.0,-0.5,-0.4,-0.6000000000000001,-0.7000000000000001,2.9000000000000004,8.700000000000001,4.6000000000000005,-0.6000000000000001,10.4,16
20132,336922.0,-0.7000000000000001,-0.2,-0.5,-0.9,3.0,8.700000000000001,4.6000000000000005,-2.4000000000000004,7.9,16
20133,336939.0,-0.8,-0.1,-0.4,-1.0,3.2,8.9,4.2,-3.1,6.1000000000000005,16
20134,336955.0,-0.8,0.0,-0.30000000000000004,-1.0,3.3000000000000003,9.0,3.0000000000000004,-3.4,5.300000000000001,16
20135,336972.0,-0.8,0.0,-0.2,-0.9,3.3000000000000003,9.0,1.8,-2.1999999999999997,5.300000000000001,16
20136,336990.0,-0.7000000000000001,0.1,-0.2,-0.9,3.3000000000000003,9.1,2.0,0.6000000000000001,5.4,16
20137,337006.0,-0.7000000000000001,0.1,-0.1,-0.9,3.4000000000000004,9.1,4.5,5.4,4.9,16
20138,337022.0,-0.6000000000000001,0.0,-0.1,-0.8,3.3000000000000003,9.1,8.1,10.3,3.0000000000000004,16
20139,337038.0,-0.6000000000000001,0.0,0.0,-0.9,3.3000000000000003,9.1,12.5,13.9,-0.2,16
20140,337056.0,-0.6000000000000001,0.0,0.0,-0.9,3.3000000000000003,9.1,12.5,13.9,-0.2,16
20141,337072.0,-0.7000000000000001,0.0,-0.30000000000000004,-1.1,3.5,8.9,13.9,13.4,-5.2,16
20142,337088.0,-0.9,0.1,-0.30000000000000004,-1.3,3.5,8.8,11.000000000000002,10.5,-6.4,16
20143,337106.0,-0.9,0.1,-0.1,-1.3,3.6,9.0,6.1000000000000005,5.4,-7.1000000000000005,16
20144,337122.0,-0.9,0.1,0.0,-1.3,3.6,9.200000000000001,2.7,1.0999999999999999,-6.1000000000000005,16
20145,337139.0,-0.8,0.1,0.2,-1.2000000000000002,3.6,9.3,1.3,0.1,-3.5,16
20146,337155.0,-0.7000000000000001,0.1,0.2,-1.2000000000000002,3.6,9.5,0.7,1.2000000000000002,-0.5,16
20147,337176.0,-0.7000000000000001,0.2,0.6000000000000001,-1.3,3.7,9.700000000000001,2.3000000000000003,3.7000000000000006,2.7,16
20148,337188.0,-0.8,0.30000000000000004,0.7000000000000001,-1.4000000000000001,3.8000000000000003,9.9,6.9,8.0,5.500000000000001,16
20149,337205.0,-0.8,0.4,0.9,-1.5,4.0,10.100000000000001,12.3,11.3,7.0,16
20150,337222.0,-0.8,0.4,1.0,-1.6,4.1000000000000005,10.4,11.700000000000001,7.699999999999999,6.000000000000001,16
20151,337239.0,-0.8,0.6000000000000001,1.2000000000000002,-1.4000000000000001,4.2,10.4,7.6,0.8,5.9,16
20152,337256.0,-0.4,0.5,0.9,-1.1,4.2,10.200000000000001,3.7000000000000006,-0.9,6.4,16
20153,337281.0,-0.1,0.30000000000000004,1.0,-0.9,4.0,10.200000000000001,2.3000000000000003,4.300000000000001,6.7,16
20154,337289.0,-0.1,0.30000000000000004,0.8,-0.8,4.0,10.0,0.8,9.5,7.8,16
20155,337305.0,0.1,0.2,0.4,-0.7000000000000001,3.9000000000000004,9.700000000000001,1.8,15.2,9.700000000000001,16
20156,337322.0,0.2,0.1,0.4,-0.6000000000000001,3.7,9.8,4.7,18.5,9.600000000000001,16
20157,337339.0,0.30000000000000004,0.0,0.4,-0.5,3.7,9.700000000000001,4.6000000000000005,18.400000000000002,7.300000000000001,16
20158,337355.0,0.6000000000000001,-0.1,0.5,-0.30000000000000004,3.6,9.700000000000001,3.5,13.8,4.5,16
20159,337378.0,1.0,-0.30000000000000004,0.30000000000000004,0.0,3.5,9.5,1.0999999999999999,9.700000000000001,1.5000000000000002,16
20160,337388.0,1.1,-0.4,0.1,0.2,3.4000000000000004,9.200000000000001,-0.9,9.9,-1.4,16
20161,337405.0,1.2000000000000002,-0.4,-0.2,0.2,3.3000000000000003,9.1,-3.1,11.8,-2.9,16
20162,337422.0,1.2000000000000002,-0.5,-0.30000000000000004,0.2,3.3000000000000003,9.0,-5.6,12.8,-2.8,16
20163,337438.0,1.3,-0.5,-0.30000000000000004,0.30000000000000004,3.2,9.0,-7.0,11.000000000000002,-1.8,16
20164,337455.0,1.6,-0.6000000000000001,-0.2,0.6000000000000001,3.1,9.1,-7.300000000000001,6.6000000000000005,-1.5000000000000002,16
20165,337477.0,1.9000000000000001,-0.7000000000000001,-0.30000000000000004,0.8,3.0,9.0,-4.9,3.8,-2.1,16
20166,337489.0,1.9000000000000001,-0.6000000000000001,-0.4,0.9,3.1,8.8,0.1,2.9,-2.1999999999999997,16
20167,337507.0,1.8,-0.5,-0.7000000000000001,0.8,3.2,8.5,5.1,2.3000000000000003,-1.7,16
20168,337522.0,1.6,-0.30000000000000004,-0.9,0.6000000000000001,3.4000000000000004,8.3,7.1000000000000005,0.8,-0.9,16
20169,337539.0,1.5,-0.2,-0.9,0.4,3.5,8.200000000000001,6.3,-2.4000000000000004,0.1,16
20170,337555.0,1.2000000000000002,-0.2,-1.1,0.30000000000000004,3.5,8.1,3.9,-8.600000000000001,0.7,16
20171,337578.0,1.1,0.0,-1.1,0.2,3.7,8.1,-0.5,-12.3,1.2000000000000002,16
20172,337589.0,0.9,0.0,-0.9,0.0,3.8000000000000003,8.4,-4.7,-19.700000000000003,2.1,16
20173,337605.0,0.8,0.1,-0.7000000000000001,0.0,3.8000000000000003,8.6,-8.1,-24.400000000000002,3.3000000000000003,16
20174,337622.0,0.8,0.2,-0.6000000000000001,0.1,3.8000000000000003,8.6,-8.799999999999999,-22.2,3.0000000000000004,16
20175,337639.0,0.6000000000000001,0.2,-0.7000000000000001,-0.2,3.8000000000000003,8.4,-5.6,-14.500000000000002,1.5000000000000002,16
20176,337655.0,0.2,0.2,-1.0,-0.6000000000000001,3.8000000000000003,8.200000000000001,-2.7,-7.6,-0.6000000000000001,16
20177,337679.0,-0.30000000000000004,0.2,-1.2000000000000002,-0.9,3.9000000000000004,8.0,-2.4000000000000004,-1.5000000000000002,-2.3000000000000003,16
20178,337689.0,-0.4,0.30000000000000004,-1.2000000000000002,-1.2000000000000002,3.9000000000000004,8.0,-6.6000000000000005,1.9,-2.7,16
20179,337707.0,-0.7000000000000001,0.2,-1.1,-1.5,3.8000000000000003,8.200000000000001,-12.000000000000002,1.7,-2.0,16
20180,337722.0,-1.0,0.1,-0.9,-1.6,3.7,8.3,-16.1,-1.0,0.1,16
20181,337739.0,-0.9,0.0,-0.8,-1.5,3.5,8.4,-18.0,-3.6,2.7,16
20182,337755.0,-0.8,0.0,-0.7000000000000001,-1.5,3.5,8.6,-17.7,-4.300000000000001,6.000000000000001,16
20183,337779.0,-0.8,0.1,-0.6000000000000001,-1.5,3.5,8.700000000000001,-16.700000000000003,-5.500000000000001,10.8,16
20184,337789.0,-0.8,0.1,-0.5,-1.4000000000000001,3.5,8.8,-15.299999999999999,-5.2,16.1,16
20185,337805.0,-0.7000000000000001,0.1,-0.5,-1.3,3.5,8.8,-13.0,-2.6,20.900000000000002,16
20186,337822.0,-0.8,0.2,-0.4,-1.4000000000000001,3.6,8.9,-8.5,1.8,25.400000000000002,16
20187,337839.0,-0.9,0.30000000000000004,-0.4,-1.5,3.7,8.9,-3.1,6.1000000000000005,29.600000000000005,16
20188,337855.0,-0.9,0.4,-0.5,-1.5,3.8000000000000003,8.8,0.2,7.400000000000001,32.5,16
20189,337877.0,-0.8,0.6000000000000001,-0.5,-1.4000000000000001,3.9000000000000004,8.8,0.8,6.7,34.1,16
20190,337889.0,-0.6000000000000001,0.7000000000000001,-0.4,-1.2000000000000002,4.0,8.9,0.2,5.300000000000001,34.800000000000004,16
20191,337905.0,-0.5,0.7000000000000001,-0.4,-0.9,4.1000000000000005,9.0,-0.30000000000000004,4.6000000000000005,34.900000000000006,16
20192,337922.0,-0.1,0.8,-0.2,-0.6000000000000001,4.1000000000000005,9.1,-1.0,4.1000000000000005,33.900000000000006,16
20193,337939.0,0.0,0.7000000000000001,-0.2,-0.4,4.1000000000000005,9.1,-2.5,3.9,31.8,16
20194,337955.0,0.2,0.7000000000000001,-0.1,-0.2,4.2,9.3,-5.7,4.0,29.300000000000004,16
20195,337988.0,0.6000000000000001,0.8,0.30000000000000004,0.4,4.1000000000000005,9.700000000000001,-11.000000000000002,8.200000000000001,25.8,16
20196,338005.0,0.8,0.7000000000000001,0.4,0.30000000000000004,4.0,9.600000000000001,-8.3,18.2,24.5,16
20197,338022.0,0.5,0.7000000000000001,0.1,-0.1,4.0,9.4,-3.6,29.200000000000003,24.9,16
20198,338040.0,-0.1,0.7000000000000001,0.1,-0.7000000000000001,4.1000000000000005,9.4,0.5,36.7,27.1,16
20199,338055.0,-0.4,0.8,0.2,-1.2000000000000002,4.2,9.700000000000001,0.7,33.7,29.900000000000006,16
20200,338072.0,-0.6000000000000001,0.8,0.8,-1.1,4.1000000000000005,10.200000000000001,-2.5,21.700000000000003,32.300000000000004,16
20201,338090.0,-0.1,0.6000000000000001,1.1,-0.8,4.0,10.4,-4.1000000000000005,13.200000000000001,33.800000000000004,16
20202,338106.0,0.0,0.5,1.2000000000000002,-0.7000000000000001,3.8000000000000003,10.5,1.0,9.700000000000001,35.199999999999996,16
20203,338122.0,0.1,0.4,1.3,-0.5,3.8000000000000003,10.600000000000001,3.1,3.8,36.9,16
20204,338139.0,0.6000000000000001,0.30000000000000004,1.3,0.0,3.7,10.600000000000001,0.5,-3.4,38.1,16
20205,338155.0,0.8,0.1,1.4000000000000001,0.4,3.4000000000000004,10.8,-1.0,-6.6000000000000005,38.300000000000004,16
20206,338172.0,1.1,-0.1,1.6,0.6000000000000001,3.3000000000000003,10.9,-0.2,-8.1,38.300000000000004,16
20207,338188.0,1.2000000000000002,-0.2,1.6,0.8,3.2,10.9,1.6,-7.8,38.7,16
20208,338206.0,1.3,-0.30000000000000004,1.4000000000000001,1.0,3.1,10.700000000000001,5.4,-3.7000000000000006,39.1,16
20209,338222.0,1.3,-0.5,1.0,1.0,2.9000000000000004,10.200000000000001,10.8,3.0000000000000004,37.800000000000004,16
20210,338239.0,1.2000000000000002,-0.7000000000000001,0.4,0.9,2.8000000000000003,9.8,16.900000000000002,11.6,34.7,16
20211,338255.0,0.9,-0.8,0.2,0.4,2.8000000000000003,9.3,20.900000000000002,17.599999999999998,31.6,16
20212,338272.0,0.4,-0.9,-0.30000000000000004,0.0,2.7,8.9,21.400000000000002,18.900000000000002,29.1,16
20213,338291.0,0.2,-1.0,-0.9,-0.2,2.6,8.4,19.700000000000003,19.200000000000003,26.8,16
20214,338307.0,0.0,-1.2000000000000002,-1.3,-0.30000000000000004,2.5,8.0,16.3,18.6,23.6,16
20215,338322.0,0.0,-1.3,-1.5,-0.30000000000000004,2.4000000000000004,7.7,11.6,18.1,19.700000000000003,16
20216,338339.0,0.1,-1.5,-1.7000000000000002,-0.30000000000000004,2.3000000000000003,7.5,5.2,17.400000000000002,15.2,16
20217,338356.0,0.1,-1.6,-1.7000000000000002,-0.30000000000000004,2.1,7.5,-1.8,15.6,11.1,16
20218,338377.0,0.2,-1.6,-1.5,-0.30000000000000004,2.1,7.7,-10.2,9.9,8.3,16
20219,338389.0,0.30000000000000004,-1.6,-1.2000000000000002,-0.1,2.1,8.0,-20.2,0.9,7.0,16
20220,338405.0,0.9,-1.5,-0.8,0.4,2.0,8.4,-28.700000000000003,-7.500000000000001,6.6000000000000005,16
20221,338422.0,0.9,-1.5,-0.8,0.7000000000000001,2.0,8.5,-31.5,-7.300000000000001,7.400000000000001,16
20222,338439.0,1.3,-1.4000000000000001,-0.7000000000000001,1.0,2.0,8.6,-30.5,-4.1000000000000005,7.0,16
20223,338455.0,1.3,-1.2000000000000002,-0.5,1.0,2.1,8.8,-27.0,0.2,6.1000000000000005,16
20224,338472.0,1.2000000000000002,-1.0,-0.5,0.9,2.3000000000000003,8.8,-22.900000000000002,2.3000000000000003,5.7,16
20225,338489.0,1.1,-0.7000000000000001,-0.30000000000000004,0.7000000000000001,2.5,9.1,-20.5,1.5000000000000002,5.1,16
20226,338507.0,1.0,-0.4,-0.2,0.7000000000000001,2.7,9.200000000000001,-19.0,-3.5,4.0,16
20227,338522.0,1.0,-0.30000000000000004,-0.30000000000000004,0.7000000000000001,2.9000000000000004,9.0,-18.6,-7.500000000000001,2.0,16
20228,338539.0,1.0,0.0,-0.30000000000000004,0.7000000000000001,3.1,9.1,-18.3,-8.1,-0.30000000000000004,16
20229,338556.0,0.9,0.30000000000000004,-0.2,0.6000000000000001,3.3000000000000003,9.200000000000001,-14.900000000000002,-5.7,-2.0,16
20230,338572.0,0.8,0.5,-0.2,0.5,3.5,9.1,-10.1,-2.3000000000000003,-4.5,16
20231,338589.0,0.6000000000000001,0.8,-0.4,0.4,3.8000000000000003,9.0,-6.3,-0.5,-8.799999999999999,16
20232,338606.0,0.30000000000000004,1.0,-0.5,0.1,3.9000000000000004,8.9,-4.2,-0.1,-14.700000000000001,16
20233,338624.0,0.1,1.1,-0.6000000000000001,-0.1,4.0,8.9,-3.9,-0.5,-22.1,16
20234,338639.0,-0.1,1.1,-0.6000000000000001,-0.4,4.0,8.9,-5.300000000000001,-1.6,-29.600000000000005,16
20235,338655.0,-0.30000000000000004,1.1,-0.5,-0.6000000000000001,4.0,9.0,-8.3,-3.2,-34.800000000000004,16
20236,338672.0,-0.4,1.1,-0.30000000000000004,-0.7000000000000001,3.9000000000000004,9.200000000000001,-11.4,-5.500000000000001,-36.7,16
20237,338689.0,-0.4,0.9,-0.1,-0.7000000000000001,3.7,9.4,-13.200000000000001,-7.699999999999999,-36.6,16
20238,338705.0,-0.30000000000000004,0.7000000000000001,0.2,-0.7000000000000001,3.5,9.700000000000001,-13.0,-9.200000000000001,-36.7,16
20239,338724.0,-0.4,0.6000000000000001,0.5,-0.8,3.3000000000000003,9.9,-9.8,-9.700000000000001,-37.4,16
20240,338739.0,-0.5,0.5,0.6000000000000001,-0.9,3.2,10.0,-4.1000000000000005,-10.1,-37.800000000000004,16
20241,338756.0,-0.8,0.4,0.6000000000000001,-1.1,3.2,10.0,2.1999999999999997,-9.9,-37.0,16
20242,338772.0,-0.9,0.4,0.6000000000000001,-1.4000000000000001,3.1,10.0,6.000000000000001,-11.6,-35.1,16
20243,338794.0,-1.2000000000000002,0.30000000000000004,0.6000000000000001,-1.5,3.1,10.0,8.200000000000001,-14.200000000000001,-32.300000000000004,16
20244,338812.0,-1.1,0.30000000000000004,0.5,-1.5,3.1,10.0,14.0,-13.9,-29.800000000000004,16
20245,338822.0,-1.2000000000000002,0.30000000000000004,0.5,-1.5,3.1,10.0,14.0,-13.9,-29.800000000000004,16
20246,338838.0,-1.2000000000000002,0.30000000000000004,0.5,-1.6,3.2,9.9,16.700000000000003,-12.5,-29.1,16
20247,338858.0,-1.2000000000000002,0.2,0.4,-1.6,3.2,9.8,18.400000000000002,-8.4,-27.900000000000002,16
20248,338872.0,-1.3,0.1,0.30000000000000004,-1.6,3.1,9.700000000000001,18.7,-1.0999999999999999,-26.700000000000003,16
20249,338891.0,-1.4000000000000001,0.1,0.8,-1.8,3.1,10.100000000000001,17.8,-1.6,-25.6,16
20250,338907.0,-1.3,0.1,1.3,-1.5,3.2,10.9,12.8,-12.100000000000001,-24.5,16
20251,338924.0,-0.4,0.2,2.0,-0.7000000000000001,3.3000000000000003,11.4,6.6000000000000005,-24.400000000000002,-23.400000000000002,16
20252,338944.0,0.6000000000000001,-0.1,1.9000000000000001,0.1,3.1,11.3,7.300000000000001,-25.3,-23.700000000000003,16
20253,338958.0,0.8,-0.30000000000000004,1.7000000000000002,0.9,2.8000000000000003,11.0,9.600000000000001,-24.000000000000004,-23.700000000000003,16
20254,338975.0,1.1,-0.4,1.2000000000000002,0.9,2.8000000000000003,10.600000000000001,6.4,-19.8,-30.5,16
20255,338993.0,1.5,-0.4,0.9,1.3,2.6,10.100000000000001,10.2,-14.600000000000001,-28.700000000000003,16
20256,339010.0,1.4000000000000001,-0.7000000000000001,0.4,1.2000000000000002,2.5,9.700000000000001,16.1,-5.6,-27.6,16
20257,339022.0,1.2000000000000002,-0.8,0.30000000000000004,1.0,2.4000000000000004,9.700000000000001,19.200000000000003,-4.6000000000000005,-28.200000000000003,16
20258,339038.0,1.1,-0.8,0.2,1.0,2.5,9.5,17.7,-8.9,-27.8,16
20259,339055.0,1.2000000000000002,-0.8,-0.1,1.0,2.5,9.200000000000001,10.8,-14.0,-27.400000000000002,16
20260,339072.0,1.2000000000000002,-0.9,-0.5,1.1,2.4000000000000004,8.8,4.0,-17.200000000000003,-27.2,16
20261,339088.0,1.2000000000000002,-1.0,-0.8,1.1,2.3000000000000003,8.4,-0.1,-14.0,-28.1,16
20262,339106.0,1.0,-1.1,-1.1,0.7000000000000001,2.3000000000000003,8.3,-1.6,-7.2,-29.200000000000003,16
20263,339122.0,0.1,-0.8,-0.9,-0.1,2.5,8.4,-2.1999999999999997,-5.300000000000001,-27.8,16
20264,339140.0,-0.5,-0.5,-0.9,-0.6000000000000001,2.7,8.5,-2.5,-10.1,-24.1,16
20265,339155.0,-0.7000000000000001,-0.4,-1.0,-0.9,2.8000000000000003,8.3,-4.7,-14.4,-21.200000000000003,16
20266,339172.0,-0.9,-0.4,-1.1,-1.1,2.8000000000000003,8.1,-6.7,-16.8,-20.0,16
20267,339188.0,-1.0,-0.4,-1.3,-1.2000000000000002,2.8000000000000003,7.9,-7.400000000000001,-14.100000000000001,-19.400000000000002,16
20268,339205.0,-1.1,-0.4,-1.4000000000000001,-1.2000000000000002,2.8000000000000003,7.9,-7.400000000000001,-14.100000000000001,-19.400000000000002,16
20269,339222.0,-1.3,-0.2,-1.4000000000000001,-1.4000000000000001,2.9000000000000004,7.9,-9.200000000000001,-7.0,-15.100000000000001,16
20270,339239.0,-1.2000000000000002,-0.30000000000000004,-1.3,-1.3,2.9000000000000004,8.0,-11.9,-7.2,-12.700000000000001,16
20271,339255.0,-1.2000000000000002,-0.30000000000000004,-1.3,-1.2000000000000002,2.8000000000000003,8.1,-15.7,-8.600000000000001,-11.6,16
20272,339272.0,-1.0,-0.30000000000000004,-1.2000000000000002,-1.1,2.7,8.1,-18.1,-8.3,-9.8,16
20273,339300.0,-1.0,-0.30000000000000004,-1.1,-1.2000000000000002,2.6,8.3,-20.3,-3.5,-4.0,16
20274,339305.0,-1.0,-0.30000000000000004,-1.1,-1.2000000000000002,2.6,8.3,-20.3,-3.5,-4.0,16
20275,339342.0,-1.3,0.0,-0.5,-1.4000000000000001,2.8000000000000003,8.9,-18.3,-4.2,8.600000000000001,16
20276,339355.0,-1.3,0.1,-0.2,-1.3,2.8000000000000003,9.3,-16.900000000000002,-5.6,15.7,16
20277,339372.0,-1.1,0.1,0.2,-1.1,2.8000000000000003,9.600000000000001,-13.200000000000001,-7.1000000000000005,20.0,16
20278,339388.0,-0.9,0.1,0.30000000000000004,-0.9,2.9000000000000004,9.700000000000001,-6.8,-5.9,22.2,16
20279,339405.0,-0.8,0.2,0.30000000000000004,-0.8,3.0,9.700000000000001,1.5000000000000002,-3.3000000000000003,24.000000000000004,16
20280,339422.0,-0.8,0.4,0.1,-0.7000000000000001,3.2,9.5,9.3,-0.1,26.1,16
20281,339438.0,-0.8,0.6000000000000001,0.1,-0.7000000000000001,3.4000000000000004,9.5,14.100000000000001,3.1,28.0,16
20282,339455.0,-0.7000000000000001,0.7000000000000001,0.1,-0.5,3.6,9.600000000000001,15.399999999999999,1.9,30.000000000000004,16
20283,339475.0,-0.4,0.9,0.4,-0.2,3.7,9.9,14.3,-0.2,30.200000000000003,16
20284,339488.0,0.0,0.7000000000000001,0.5,0.2,3.6,9.9,12.700000000000001,-5.4,28.6,16
20285,339505.0,0.5,0.7000000000000001,0.6000000000000001,1.0,3.6,10.0,10.3,-7.1000000000000005,24.7,16
20286,339522.0,1.0,0.6000000000000001,0.4,1.2000000000000002,3.6,9.8,8.700000000000001,-2.4000000000000004,21.200000000000003,16
20287,339540.0,1.0,0.7000000000000001,0.2,1.2000000000000002,3.7,9.600000000000001,8.600000000000001,6.9,20.6,16
20288,339555.0,0.8,0.7000000000000001,0.1,0.8,3.9000000000000004,9.4,8.200000000000001,15.9,21.3,16
20289,339572.0,0.2,1.0,0.30000000000000004,0.30000000000000004,4.0,10.0,1.0,14.0,23.8,16
20290,339588.0,0.0,1.0,1.2000000000000002,0.2,4.0,10.600000000000001,-9.0,4.7,25.8,16
20291,339606.0,0.2,0.8,1.5,0.4,3.8000000000000003,10.9,-16.8,-2.9,26.400000000000002,16
20292,339622.0,0.4,0.6000000000000001,1.6,0.6000000000000001,3.4000000000000004,11.100000000000001,-19.500000000000004,-1.5000000000000002,25.8,16
20293,339641.0,0.4,0.1,1.8,0.7000000000000001,2.9000000000000004,11.200000000000001,-17.9,2.1,25.6,16
20294,339655.0,0.4,0.1,1.8,0.7000000000000001,2.9000000000000004,11.200000000000001,-17.9,2.1,25.6,16
20295,339672.0,0.5,-0.4,1.4000000000000001,0.8,2.3000000000000003,10.8,-10.1,10.0,29.200000000000003,16
20296,339688.0,0.6000000000000001,-0.7000000000000001,1.2000000000000002,1.0,2.0,10.700000000000001,-7.300000000000001,7.300000000000001,31.6,16
20297,339706.0,1.0,-1.1,0.7000000000000001,1.3,1.7000000000000002,10.200000000000001,-4.3999999999999995,6.2,32.0,16
20298,339725.0,1.3,-1.4000000000000001,-0.1,1.6,1.4000000000000001,9.600000000000001,2.6,7.9,30.599999999999998,16
20299,339738.0,1.4000000000000001,-1.5,-0.4,1.7000000000000002,1.3,9.0,10.600000000000001,10.700000000000001,28.500000000000004,16
20300,339755.0,1.3,-1.4000000000000001,-0.8,1.6,1.4000000000000001,8.700000000000001,16.2,12.6,25.900000000000002,16
20301,339775.0,1.2000000000000002,-1.2000000000000002,-1.0,1.5,1.6,8.4,17.5,11.9,25.1,16
20302,339789.0,1.2000000000000002,-1.1,-0.9,1.5,1.8,8.5,16.1,8.200000000000001,22.8,16
20303,339805.0,1.3,-1.0,-1.0,1.6,1.9000000000000001,8.4,11.9,3.2,18.0,16
20304,339822.0,1.3,-1.0,-0.9,1.6,1.9000000000000001,8.6,4.6000000000000005,-4.5,10.8,16
20305,339838.0,1.2000000000000002,-0.9,-0.9,1.6,2.0,8.6,-4.0,-7.6,5.6,16
20306,339855.0,1.1,-0.9,-0.7000000000000001,1.6,1.9000000000000001,8.700000000000001,-10.5,-8.200000000000001,1.2000000000000002,16
20307,339873.0,1.0,-0.9,-0.6000000000000001,1.3,2.0,9.0,-15.6,-9.600000000000001,-1.4,16
20308,339891.0,0.7000000000000001,-0.7000000000000001,-0.30000000000000004,1.2000000000000002,2.0,9.200000000000001,-19.400000000000002,-13.6,-2.8,16
20309,339905.0,0.5,-0.6000000000000001,-0.30000000000000004,1.0,2.1,9.200000000000001,-22.6,-10.8,-2.7,16
20310,339923.0,0.30000000000000004,-0.5,-0.30000000000000004,0.6000000000000001,2.1,9.200000000000001,-22.8,-10.8,-3.2,16
20311,339938.0,-0.1,-0.4,-0.4,0.30000000000000004,2.2,9.1,-19.8,-4.1000000000000005,-1.3,16
20312,339955.0,-0.4,-0.30000000000000004,-0.4,0.1,2.3000000000000003,9.1,-15.000000000000002,0.9,1.6,16
20313,339977.0,-0.6000000000000001,-0.2,-0.4,0.0,2.3000000000000003,9.1,-12.000000000000002,0.7,2.6,16
20314,339989.0,-0.7000000000000001,-0.1,-0.4,-0.1,2.3000000000000003,9.1,-10.5,-2.6,2.9,16
20315,340014.0,-0.5,-0.1,-0.5,0.30000000000000004,2.3000000000000003,8.9,-10.5,-12.000000000000002,-0.5,16
20316,340022.0,-0.30000000000000004,-0.1,-0.6000000000000001,0.30000000000000004,2.3000000000000003,8.9,-10.5,-12.000000000000002,-0.5,16
20317,340038.0,-0.2,-0.1,-0.6000000000000001,0.4,2.3000000000000003,8.9,-9.9,-9.1,-4.0,16
20318,340056.0,-0.2,0.1,-0.5,0.4,2.4000000000000004,9.0,-9.200000000000001,-4.300000000000001,-6.2,16
20319,340073.0,-0.5,0.2,-0.4,0.2,2.5,9.1,-9.5,-2.6,-7.500000000000001,16
20320,340089.0,-0.5,0.2,-0.30000000000000004,0.1,2.5,9.200000000000001,-10.2,-2.3000000000000003,-8.1,16
20321,340106.0,-0.5,0.30000000000000004,-0.2,0.1,2.6,9.4,-8.9,-2.0,-9.3,16
20322,340122.0,-0.6000000000000001,0.4,0.0,0.0,2.7,9.5,-4.5,-0.4,-10.9,16
20323,340138.0,-0.6000000000000001,0.5,0.0,0.1,2.8000000000000003,9.5,0.2,-0.30000000000000004,-12.3,16
20324,340156.0,-0.5,0.6000000000000001,-0.1,0.0,2.9000000000000004,9.4,3.3000000000000003,-0.4,-15.000000000000002,16
20325,340179.0,-0.6000000000000001,0.7000000000000001,-0.2,0.0,3.1,9.4,4.9,-0.9,-16.6,16
20326,340188.0,-0.6000000000000001,0.7000000000000001,-0.1,-0.1,3.2,9.4,3.6,-2.6,-17.3,16
20327,340205.0,-0.6000000000000001,0.8,0.0,-0.1,3.2,9.5,2.7,-3.1,-16.5,16
20328,340222.0,-0.6000000000000001,0.7000000000000001,0.2,-0.2,3.2,9.700000000000001,2.8,-2.1999999999999997,-15.399999999999999,16
20329,340239.0,-0.7000000000000001,0.7000000000000001,0.30000000000000004,-0.4,3.2,9.9,2.1999999999999997,-3.1,-14.900000000000002,16
20330,340257.0,-1.0,0.6000000000000001,0.6000000000000001,-0.7000000000000001,3.2,10.200000000000001,2.5,-6.000000000000001,-14.0,16
20331,340272.0,-1.0,0.5,0.8,-0.7000000000000001,3.1,10.4,4.6000000000000005,-7.1000000000000005,-12.8,16
20332,340289.0,-1.0,0.4,0.9,-0.7000000000000001,3.1,10.5,9.200000000000001,-3.1,-11.4,16
20333,340305.0,-1.1,0.5,1.0,-0.8,3.2,10.600000000000001,14.600000000000001,3.5,-10.0,16
20334,340322.0,-1.3,0.5,1.1,-1.0,3.3000000000000003,10.700000000000001,18.400000000000002,6.9,-9.200000000000001,16
20335,340341.0,-1.1,0.5,1.6,-0.9,3.3000000000000003,11.100000000000001,13.6,-1.0999999999999999,-8.4,16
20336,340355.0,-0.8,0.4,1.8,-0.4,3.2,11.4,5.2,-7.300000000000001,-6.3,16
20337,340378.0,-0.30000000000000004,0.1,1.7000000000000002,0.0,2.9000000000000004,11.200000000000001,6.7,0.7,-2.8,16
20338,340388.0,-0.2,-0.1,1.5,0.0,2.6,11.0,13.9,12.4,-0.30000000000000004,16
20339,340405.0,-0.2,-0.2,1.3,0.0,2.6,10.8,16.6,15.9,2.7,16
20340,340422.0,0.1,-0.30000000000000004,1.0,0.30000000000000004,2.6,10.5,16.1,15.399999999999999,6.000000000000001,16
20341,340438.0,0.30000000000000004,-0.5,0.9,0.6000000000000001,2.4000000000000004,10.4,16.2,15.100000000000001,7.9,16
20342,340455.0,0.8,-0.8,0.8,0.9,2.2,10.3,18.2,14.200000000000001,7.2,16
20343,340481.0,1.2000000000000002,-1.0,0.5,1.3,2.1,9.9,20.900000000000002,14.3,1.3,16
20344,340488.0,1.3,-1.0,0.30000000000000004,1.3,2.1,9.9,20.900000000000002,14.3,1.3,16
20345,340505.0,1.2000000000000002,-1.0,0.2,1.3,2.1,9.600000000000001,15.6,11.1,-2.5,16
20346,340522.0,1.4000000000000001,-1.1,-0.1,1.3,2.0,9.3,7.8,7.6,-6.2,16
20347,340538.0,1.5,-1.2000000000000002,-0.30000000000000004,1.5,2.0,9.200000000000001,0.5,6.6000000000000005,-8.799999999999999,16
20348,340555.0,1.6,-1.1,-0.30000000000000004,1.5,2.0,9.200000000000001,-4.800000000000001,7.6,-9.600000000000001,16
20349,340575.0,1.6,-1.1,-0.30000000000000004,1.6,2.0,9.1,-7.500000000000001,9.1,-9.600000000000001,16
20350,340588.0,1.6,-1.1,-0.6000000000000001,1.5,2.0,8.9,-7.2,10.700000000000001,-9.200000000000001,16
20351,340605.0,1.5,-1.1,-0.8,1.3,2.0,8.6,-4.2,12.700000000000001,-8.3,16
20352,340622.0,1.2000000000000002,-0.9,-1.1,1.0,2.1,8.3,-1.8,12.9,-6.5,16
20353,340639.0,1.0,-0.8,-1.4000000000000001,0.8,2.2,8.1,-2.8,8.600000000000001,-4.9,16
20354,340655.0,0.9,-0.8,-1.4000000000000001,0.6000000000000001,2.3000000000000003,8.200000000000001,-7.300000000000001,0.4,-3.3000000000000003,16
20355,340675.0,0.7000000000000001,-0.7000000000000001,-1.2000000000000002,0.5,2.3000000000000003,8.3,-12.6,-9.200000000000001,-1.5000000000000002,16
20356,340689.0,0.5,-0.6000000000000001,-1.1,0.4,2.3000000000000003,8.4,-16.3,-13.6,0.1,16
20357,340706.0,0.4,-0.6000000000000001,-1.0,0.30000000000000004,2.4000000000000004,8.6,-15.2,-10.1,1.9,16
20358,340722.0,0.1,-0.4,-0.9,0.0,2.5,8.6,-10.8,-4.300000000000001,3.4,16
20359,340738.0,-0.2,-0.30000000000000004,-1.0,-0.30000000000000004,2.6,8.5,-7.1000000000000005,0.2,4.300000000000001,16
20360,340755.0,-0.30000000000000004,-0.2,-1.1,-0.5,2.7,8.4,-6.4,1.4,3.6,16
20361,340775.0,-0.5,-0.1,-1.2000000000000002,-0.7000000000000001,2.8000000000000003,8.200000000000001,-8.1,1.9,3.1,16
20362,340789.0,-0.7000000000000001,0.1,-1.2000000000000002,-0.8,2.9000000000000004,8.3,-11.000000000000002,0.8,4.1000000000000005,16
20363,340806.0,-0.7000000000000001,0.1,-1.1,-0.7000000000000001,2.9000000000000004,8.4,-13.9,-0.8,5.6,16
20364,340822.0,-0.5,0.1,-1.1,-0.6000000000000001,2.8000000000000003,8.4,-14.900000000000002,0.5,7.0,16
20365,340839.0,-0.5,0.1,-1.0,-0.6000000000000001,2.8000000000000003,8.6,-15.299999999999999,-0.30000000000000004,9.0,16
20366,340856.0,-0.5,0.2,-0.7000000000000001,-0.6000000000000001,2.8000000000000003,8.8,-15.5,-2.8,12.4,16
20367,340876.0,-0.4,0.4,-0.5,-0.5,2.9000000000000004,8.9,-13.0,-3.3000000000000003,17.200000000000003,16
20368,340888.0,-0.4,0.5,-0.4,-0.4,3.0,9.1,-8.1,-1.7,21.8,16
20369,340905.0,-0.4,0.6000000000000001,-0.30000000000000004,-0.4,3.1,9.200000000000001,-2.4000000000000004,0.7,24.6,16
20370,340922.0,-0.5,0.8,-0.30000000000000004,-0.5,3.4000000000000004,9.3,2.8,2.1999999999999997,26.1,16
20371,340939.0,-0.5,1.0,-0.30000000000000004,-0.6000000000000001,3.6,9.3,5.500000000000001,3.8,26.6,16
20372,340955.0,-0.6000000000000001,1.1,-0.2,-0.6000000000000001,3.7,9.3,5.4,4.3999999999999995,25.2,16
20373,340983.0,-0.5,1.1,-0.1,-0.6000000000000001,3.7,9.4,3.5,4.2,22.8,16
20374,340998.0,-0.30000000000000004,1.1,0.2,-0.1,3.6,10.0,-0.4,6.8,18.900000000000002,16
20375,341005.0,-0.1,1.0,0.5,-0.1,3.6,10.0,-0.4,6.8,18.900000000000002,16
20376,341022.0,0.1,0.9,0.7000000000000001,0.30000000000000004,3.5,10.4,-3.2,6.000000000000001,16.400000000000002,16
20377,341038.0,0.7000000000000001,0.8,1.1,0.8,3.4000000000000004,10.700000000000001,-3.7000000000000006,5.8,13.9,16
20378,341055.0,1.3,0.6000000000000001,1.3,1.3,3.2,10.8,-3.2,6.7,11.3,16
20379,341073.0,1.4000000000000001,0.5,1.3,1.4000000000000001,3.1,10.8,0.7,13.100000000000001,9.8,16
20380,341088.0,1.4000000000000001,0.4,1.0,1.2000000000000002,3.1,10.5,8.1,23.5,10.8,16
20381,341105.0,0.6000000000000001,0.6000000000000001,0.7000000000000001,0.5,3.3000000000000003,10.200000000000001,18.0,32.7,13.200000000000001,16
20382,341122.0,0.30000000000000004,0.7000000000000001,0.6000000000000001,-0.1,3.5,10.3,22.7,31.7,16.900000000000002,16
20383,341138.0,0.2,0.7000000000000001,1.3,-0.1,3.5,10.8,20.0,17.7,17.400000000000002,16
20384,341156.0,0.5,0.5,1.2000000000000002,0.30000000000000004,3.4000000000000004,10.8,15.2,3.1,16.8,16
20385,341174.0,0.8,0.4,1.3,0.7000000000000001,3.2,10.8,14.900000000000002,-0.8,15.399999999999999,16
20386,341188.0,1.2000000000000002,0.1,1.3,1.0,3.0,10.8,14.0,-2.3000000000000003,13.700000000000001,16
20387,341205.0,1.4000000000000001,-0.2,1.1,1.2000000000000002,2.8000000000000003,10.600000000000001,11.5,-0.9,12.5,16
20388,341222.0,1.4000000000000001,-0.4,1.0,1.2000000000000002,2.5,10.5,9.0,2.1,11.700000000000001,16
20389,341238.0,1.2000000000000002,-0.7000000000000001,1.0,1.1,2.3000000000000003,10.5,6.3,1.5000000000000002,12.5,16
20390,341255.0,1.2000000000000002,-0.9,1.0,1.0,2.1,10.5,6.4,0.1,14.700000000000001,16
20391,341277.0,1.3,-1.2000000000000002,0.8,1.1,1.9000000000000001,10.3,10.0,-0.2,17.3,16
20392,341298.0,1.4000000000000001,-1.5,0.2,1.3,1.7000000000000002,9.9,16.400000000000002,2.5,18.1,16
20393,341305.0,1.3,-1.6,-0.2,1.2000000000000002,1.5,9.200000000000001,22.7,7.2,15.9,16
20394,341322.0,0.9,-1.6,-0.8,0.8,1.6,8.6,25.6,9.9,12.8,16
20395,341338.0,0.7000000000000001,-1.6,-1.2000000000000002,0.4,1.7000000000000002,8.0,22.8,8.700000000000001,10.4,16
20396,341355.0,0.30000000000000004,-1.6,-1.7000000000000002,0.2,1.7000000000000002,7.6000000000000005,16.400000000000002,6.1000000000000005,8.0,16
20397,341372.0,0.1,-1.5,-1.8,0.0,1.8,7.6000000000000005,8.5,3.1,5.0,16
20398,341388.0,0.1,-1.5,-1.6,0.0,1.9000000000000001,7.800000000000001,2.0,-0.6000000000000001,2.3000000000000003,16
20399,341405.0,0.1,-1.4000000000000001,-1.5,0.0,2.0,7.9,-2.7,-4.0,-0.9,16
20400,341422.0,0.2,-1.1,-1.0,0.1,2.2,8.3,-6.3,-8.3,-4.7,16
20401,341438.0,0.2,-1.1,-0.9,0.30000000000000004,2.2,8.5,-12.700000000000001,-18.0,-8.799999999999999,16
20402,341455.0,0.5,-1.0,-0.8,0.5,2.3000000000000003,8.5,-20.900000000000002,-24.1,-12.6,16
20403,341472.0,0.5,-0.7000000000000001,-0.9,0.6000000000000001,2.4000000000000004,8.5,-29.300000000000004,-22.7,-14.900000000000002,16
20404,341488.0,0.4,-0.6000000000000001,-0.8,0.30000000000000004,2.4000000000000004,8.6,-33.0,-18.7,-14.100000000000001,16
20405,341506.0,0.0,-0.5,-0.7000000000000001,0.1,2.5,8.8,-30.799999999999997,-13.9,-10.4,16
20406,341522.0,-0.2,-0.30000000000000004,-0.4,-0.1,2.5,9.0,-26.1,-10.4,-6.3,16
20407,341538.0,-0.30000000000000004,-0.30000000000000004,-0.4,-0.1,2.4000000000000004,9.1,-21.200000000000003,-10.600000000000001,-3.9,16
20408,341555.0,-0.30000000000000004,-0.4,-0.4,0.0,2.3000000000000003,9.1,-16.400000000000002,-13.4,-3.8,16
20409,341572.0,0.0,-0.5,-0.30000000000000004,0.2,2.2,9.1,-11.700000000000001,-15.8,-5.300000000000001,16
20410,341590.0,0.1,-0.5,-0.5,0.30000000000000004,2.2,8.9,-9.200000000000001,-15.100000000000001,-7.400000000000001,16
20411,341605.0,0.1,-0.4,-0.5,0.5,2.2,8.9,-10.2,-16.6,-9.1,16
20412,341622.0,0.30000000000000004,-0.4,-0.6000000000000001,0.6000000000000001,2.2,8.9,-11.9,-16.3,-11.4,16
20413,341639.0,0.30000000000000004,-0.30000000000000004,-0.6000000000000001,0.7000000000000001,2.3000000000000003,8.9,-11.6,-13.0,-13.6,16
20414,341655.0,0.30000000000000004,-0.2,-0.5,0.6000000000000001,2.4000000000000004,8.9,-10.4,-9.200000000000001,-16.400000000000002,16
20415,341672.0,0.1,0.0,-0.5,0.4,2.5,9.0,-8.5,-5.300000000000001,-19.6,16
20416,341688.0,-0.1,0.1,-0.4,0.1,2.7,9.1,-5.300000000000001,-2.9,-22.6,16
20417,341706.0,-0.4,0.30000000000000004,-0.2,0.0,2.9000000000000004,9.3,-1.7,-3.4,-25.700000000000003,16
20418,341722.0,-0.4,0.4,0.0,-0.1,3.0,9.5,1.4,-5.6,-29.1,16
20419,341738.0,-0.6000000000000001,0.6000000000000001,0.1,-0.2,3.2,9.5,4.2,-6.4,-31.0,16
20420,341755.0,-0.6000000000000001,0.6000000000000001,0.1,-0.30000000000000004,3.3000000000000003,9.600000000000001,4.800000000000001,-6.6000000000000005,-30.599999999999998,16
20421,341772.0,-0.7000000000000001,0.7000000000000001,0.2,-0.5,3.4000000000000004,9.700000000000001,4.1000000000000005,-7.1000000000000005,-29.1,16
20422,341789.0,-0.8,0.8,0.4,-0.5,3.5,9.8,2.8,-6.7,-27.400000000000002,16
20423,341806.0,-0.8,0.8,0.5,-0.7000000000000001,3.4000000000000004,10.0,0.30000000000000004,-6.5,-26.3,16
20424,341821.0,-1.1,0.7000000000000001,0.7000000000000001,-0.9,3.4000000000000004,10.200000000000001,-1.8,-8.1,-25.0,16
20425,341838.0,-1.2000000000000002,0.7000000000000001,0.9,-1.0,3.4000000000000004,10.4,-2.1999999999999997,-8.1,-22.8,16
20426,341855.0,-1.2000000000000002,0.6000000000000001,1.1,-0.9,3.2,10.700000000000001,0.2,-5.4,-21.400000000000002,16
20427,341871.0,-1.0,0.4,1.4000000000000001,-0.8,3.2,10.9,6.2,-0.7,-21.900000000000002,16
20428,341888.0,-1.1,0.5,1.6,-0.9,3.2,11.100000000000001,14.0,6.4,-22.900000000000002,16
20429,341905.0,-1.2000000000000002,0.5,1.5,-1.2000000000000002,3.4000000000000004,10.9,20.1,13.0,-24.000000000000004,16
20430,341929.0,-1.5,0.7000000000000001,1.7000000000000002,-1.5,3.5,11.0,22.5,13.0,-24.400000000000002,16
20431,341938.0,-1.4000000000000001,0.7000000000000001,1.8,-1.4000000000000001,3.6,11.3,17.1,3.6,-22.6,16
20432,341955.0,-1.0,0.6000000000000001,1.8,-0.7000000000000001,3.4000000000000004,11.100000000000001,9.3,-3.3000000000000003,-19.500000000000004,16
20433,341972.0,-0.1,0.1,1.4000000000000001,0.0,3.0,10.9,8.9,2.5,-17.200000000000003,16
20434,341992.0,0.2,-0.30000000000000004,1.5,0.2,2.7,11.0,11.5,11.1,-15.5,16
20435,342013.0,0.5,-0.7000000000000001,1.4000000000000001,0.30000000000000004,2.4000000000000004,10.9,13.5,14.0,-13.8,16
20436,342021.0,0.6000000000000001,-0.9,1.3,0.5,2.1,10.700000000000001,14.100000000000001,13.3,-12.9,16
20437,342038.0,0.8,-1.2000000000000002,1.1,0.7000000000000001,1.9000000000000001,10.600000000000001,13.5,9.4,-12.6,16
20438,342056.0,1.2000000000000002,-1.5,0.8,0.9,1.6,10.3,12.4,5.7,-13.0,16
20439,342076.0,1.5,-1.8,0.30000000000000004,1.2000000000000002,1.4000000000000001,9.8,13.5,7.9,-13.8,16
20440,342092.0,1.5,-1.8,0.30000000000000004,1.2000000000000002,1.4000000000000001,9.8,13.5,7.9,-13.8,16
20441,342107.0,1.5,-1.8,0.30000000000000004,1.2000000000000002,1.4000000000000001,9.8,13.5,7.9,-13.8,16
20442,342122.0,1.1,-1.8,-0.2,0.8,1.4000000000000001,9.200000000000001,7.300000000000001,11.5,-13.0,16
20443,342139.0,1.1,-1.8,-0.4,0.7000000000000001,1.5,9.0,3.2,8.600000000000001,-10.5,16
20444,342155.0,1.0,-1.6,-0.6000000000000001,0.6000000000000001,1.6,8.8,0.8,6.2,-7.0,16
20445,342172.0,1.0,-1.4000000000000001,-0.7000000000000001,0.6000000000000001,1.8,8.6,2.0,5.300000000000001,-2.9,16
20446,342188.0,1.0,-1.2000000000000002,-0.9,0.5,2.0,8.4,5.300000000000001,5.2,1.0999999999999999,16
20447,342208.0,0.8,-0.9,-1.1,0.30000000000000004,2.3000000000000003,8.200000000000001,9.200000000000001,4.7,4.5,16
20448,342222.0,0.6000000000000001,-0.7000000000000001,-1.2000000000000002,0.1,2.6,8.1,11.9,1.0,7.300000000000001,16
20449,342239.0,0.30000000000000004,-0.4,-1.3,-0.1,2.9000000000000004,8.0,10.700000000000001,-5.4,9.0,16
20450,342255.0,0.2,-0.1,-1.3,-0.2,3.2,8.0,5.7,-13.4,8.799999999999999,16
20451,342272.0,0.30000000000000004,-0.1,-1.4000000000000001,-0.1,3.2,7.9,-0.8,-16.5,6.3,16
20452,342288.0,0.2,0.0,-1.3,-0.2,3.3000000000000003,8.0,-6.000000000000001,-14.800000000000002,3.3000000000000003,16
20453,342305.0,-0.2,0.1,-1.3,-0.5,3.3000000000000003,8.0,-9.200000000000001,-8.3,2.9,16
20454,342322.0,-0.4,0.1,-1.2000000000000002,-0.8,3.3000000000000003,8.200000000000001,-11.6,-3.1,4.9,16
20455,342338.0,-0.7000000000000001,0.0,-1.0,-1.0,3.2,8.4,-14.4,-2.4000000000000004,6.3,16
20456,342355.0,-0.9,-0.1,-0.8,-1.1,3.1,8.5,-17.200000000000003,-3.4,7.300000000000001,16
20457,342372.0,-0.9,-0.1,-0.7000000000000001,-1.1,3.0,8.700000000000001,-17.9,-5.1,9.4,16
20458,342388.0,-0.9,-0.1,-0.6000000000000001,-1.1,2.9000000000000004,8.700000000000001,-16.2,-5.1,12.4,16
20459,342406.0,-0.8,-0.2,-0.5,-1.0,2.8000000000000003,8.8,-13.6,-5.7,15.100000000000001,16
20460,342422.0,-0.8,-0.30000000000000004,-0.5,-0.9,2.7,9.0,-12.100000000000001,-7.1000000000000005,16.700000000000003,16
20461,342439.0,-0.7000000000000001,-0.2,-0.30000000000000004,-0.9,2.8000000000000003,9.1,-9.200000000000001,-7.1000000000000005,19.1,16
20462,342455.0,-0.9,0.0,-0.2,-1.0,3.0,9.200000000000001,-5.7,-6.4,22.8,16
20463,342472.0,-0.9,0.1,-0.1,-0.9,3.0,9.200000000000001,-3.3000000000000003,-5.500000000000001,27.1,16
20464,342490.0,-0.8,0.1,-0.2,-0.8,3.1,9.200000000000001,-2.0,-3.1,30.5,16
20465,342511.0,-0.7000000000000001,0.30000000000000004,-0.1,-0.7000000000000001,3.2,9.3,1.0999999999999999,2.1999999999999997,33.300000000000004,16
20466,342522.0,-0.7000000000000001,0.30000000000000004,0.0,-0.6000000000000001,3.3000000000000003,9.4,5.8,6.7,35.6,16
20467,342538.0,-0.6000000000000001,0.4,0.1,-0.5,3.3000000000000003,9.5,9.4,7.8,35.7,16
20468,342556.0,-0.30000000000000004,0.4,0.1,-0.30000000000000004,3.4000000000000004,9.5,10.9,7.500000000000001,34.400000000000006,16
20469,342572.0,-0.1,0.5,0.1,0.1,3.5,9.5,10.600000000000001,6.1000000000000005,32.4,16
20470,342588.0,0.30000000000000004,0.5,0.1,0.5,3.5,9.5,9.700000000000001,7.400000000000001,29.600000000000005,16
20471,342606.0,0.8,0.5,0.5,0.9,3.6,9.8,8.600000000000001,7.8,26.1,16
20472,342622.0,1.2000000000000002,0.5,0.8,1.3,3.6,10.100000000000001,8.200000000000001,8.700000000000001,22.900000000000002,16
20473,342638.0,1.4000000000000001,0.5,0.8,1.5,3.7,10.100000000000001,9.1,12.000000000000002,20.900000000000002,16
20474,342656.0,1.5,0.6000000000000001,0.5,1.5,3.8000000000000003,9.700000000000001,11.5,21.3,19.400000000000002,16
20475,342672.0,0.9,0.8,-0.1,0.9,4.0,9.200000000000001,16.0,35.1,18.400000000000002,16
20476,342688.0,0.4,0.9,-0.2,0.0,4.3,9.200000000000001,18.5,44.7,17.400000000000002,16
20477,342705.0,-0.6000000000000001,1.3,0.6000000000000001,-0.8,4.7,10.100000000000001,14.600000000000001,35.199999999999996,17.599999999999998,16
20478,342722.0,-0.30000000000000004,1.3,1.4000000000000001,-0.5,4.6000000000000005,10.700000000000001,3.9,12.700000000000001,17.3,16
20479,342738.0,0.1,1.0,1.2000000000000002,0.1,4.3,10.4,-1.9,4.300000000000001,12.9,16
20480,342758.0,0.6000000000000001,0.7000000000000001,1.0,0.4,4.0,10.3,-0.7,5.300000000000001,7.300000000000001,16
20481,342772.0,0.6000000000000001,0.4,1.2000000000000002,0.4,3.7,10.4,-0.9,9.700000000000001,3.9,16
20482,342788.0,0.6000000000000001,0.2,1.1,0.30000000000000004,3.4000000000000004,10.3,-3.3000000000000003,13.100000000000001,3.6,16
20483,342805.0,0.6000000000000001,-0.2,1.0,0.30000000000000004,3.1,10.4,-6.000000000000001,14.800000000000002,5.500000000000001,16
20484,342822.0,0.9,-0.5,1.3,0.6000000000000001,2.8000000000000003,10.700000000000001,-8.5,11.000000000000002,8.9,16
20485,342839.0,1.1,-0.7000000000000001,1.4000000000000001,1.0,2.5,10.8,-7.300000000000001,4.800000000000001,12.5,16
20486,342856.0,1.8,-1.0,1.4000000000000001,1.6,2.2,10.700000000000001,0.0,3.3000000000000003,13.700000000000001,16
20487,342872.0,2.3000000000000003,-1.3,1.1,2.0,2.0,10.4,11.1,8.4,11.700000000000001,16
20488,342890.0,2.1,-1.3,0.30000000000000004,1.8,2.1,9.700000000000001,21.900000000000002,14.900000000000002,7.500000000000001,16
20489,342905.0,1.8,-1.2000000000000002,0.0,1.2000000000000002,2.3000000000000003,9.1,26.500000000000004,19.400000000000002,4.300000000000001,16
20490,342922.0,1.1,-1.0,-0.7000000000000001,0.7000000000000001,2.5,8.5,24.6,19.1,3.0000000000000004,16
20491,342938.0,0.9,-1.0,-1.0,0.4,2.5,8.0,18.6,16.700000000000003,1.6,16
20492,342956.0,0.7000000000000001,-1.1,-1.4000000000000001,0.2,2.5,7.800000000000001,10.2,12.700000000000001,-1.0,16
20493,342972.0,0.5,-1.1,-1.4000000000000001,0.0,2.5,7.800000000000001,2.3000000000000003,7.500000000000001,-3.9,16
20494,342997.0,0.5,-1.0,-1.1,0.0,2.5,8.1,-3.7000000000000006,1.6,-6.6000000000000005,16
20495,343005.0,0.5,-1.0,-0.9,0.1,2.5,8.4,-8.799999999999999,-6.2,-9.5,16
20496,343021.0,0.7000000000000001,-0.9,-0.7000000000000001,0.2,2.5,8.5,-12.3,-12.8,-12.000000000000002,16
20497,343038.0,0.7000000000000001,-0.8,-0.8,0.30000000000000004,2.6,8.5,-13.8,-15.299999999999999,-12.9,16
20498,343055.0,0.7000000000000001,-0.8,-0.8,0.2,2.6,8.5,-13.5,-13.6,-12.200000000000001,16
20499,343072.0,0.5,-0.6000000000000001,-0.8,0.1,2.7,8.5,-11.9,-10.9,-10.9,16
20500,343088.0,0.30000000000000004,-0.5,-0.7000000000000001,-0.1,2.8000000000000003,8.5,-9.200000000000001,-8.5,-9.5,16
20501,343105.0,0.1,-0.5,-0.7000000000000001,-0.30000000000000004,2.8000000000000003,8.5,-6.2,-7.6,-8.9,16
20502,343123.0,-0.1,-0.4,-0.8,-0.5,2.9000000000000004,8.4,-3.9,-8.600000000000001,-9.0,16
20503,343139.0,-0.2,-0.2,-0.9,-0.6000000000000001,3.0,8.4,-2.6,-10.600000000000001,-9.5,16
20504,343155.0,-0.30000000000000004,-0.2,-0.9,-0.6000000000000001,3.1,8.3,-1.8,-11.8,-10.2,16
20505,343172.0,-0.30000000000000004,-0.1,-1.0,-0.6000000000000001,3.1,8.200000000000001,-2.1,-11.9,-11.4,16
20506,343188.0,-0.4,-0.1,-0.9,-0.7000000000000001,3.2,8.3,-3.7000000000000006,-11.700000000000001,-12.700000000000001,16
20507,343208.0,-0.5,0.0,-0.8,-0.8,3.3000000000000003,8.6,-6.000000000000001,-11.5,-12.9,16
20508,343223.0,-0.6000000000000001,0.1,-0.5,-0.8,3.3000000000000003,8.8,-7.9,-11.9,-12.8,16
20509,343239.0,-0.4,0.2,-0.30000000000000004,-0.7000000000000001,3.3000000000000003,8.9,-8.600000000000001,-11.000000000000002,-13.700000000000001,16
20510,343255.0,-0.4,0.2,-0.2,-0.6000000000000001,3.3000000000000003,9.1,-7.9,-9.600000000000001,-16.1,16
20511,343272.0,-0.30000000000000004,0.2,0.0,-0.6000000000000001,3.3000000000000003,9.200000000000001,-5.7,-7.8,-18.900000000000002,16
20512,343288.0,-0.4,0.2,0.1,-0.7000000000000001,3.3000000000000003,9.3,-2.1999999999999997,-5.0,-20.900000000000002,16
20513,343306.0,-0.5,0.2,0.1,-0.9,3.4000000000000004,9.3,1.0999999999999999,-2.0,-21.400000000000002,16
20514,343322.0,-0.7000000000000001,0.30000000000000004,0.1,-1.2000000000000002,3.4000000000000004,9.3,2.9,-1.0,-20.0,16
20515,343338.0,-0.9,0.30000000000000004,0.2,-1.3,3.5,9.4,3.3000000000000003,-2.3000000000000003,-17.7,16
20516,343356.0,-1.0,0.30000000000000004,0.4,-1.4000000000000001,3.5,9.600000000000001,3.7000000000000006,-4.9,-14.600000000000001,16
20517,343372.0,-1.0,0.30000000000000004,0.5,-1.3,3.5,9.700000000000001,4.800000000000001,-7.300000000000001,-11.6,16
20518,343388.0,-1.0,0.30000000000000004,0.7000000000000001,-1.4000000000000001,3.5,9.9,6.4,-8.600000000000001,-8.9,16
20519,343405.0,-1.1,0.4,0.8,-1.5,3.7,10.200000000000001,8.1,-8.1,-5.4,16
20520,343422.0,-1.1,0.5,1.2000000000000002,-1.4000000000000001,3.8000000000000003,10.5,9.700000000000001,-7.2,-2.4000000000000004,16
20521,343438.0,-0.9,0.5,1.6,-1.2000000000000002,3.8000000000000003,10.9,9.700000000000001,-9.600000000000001,-1.0999999999999999,16
20522,343456.0,-0.5,0.6000000000000001,2.1,-0.8,3.9000000000000004,11.3,6.1000000000000005,-14.500000000000002,-0.6000000000000001,16
20523,343472.0,-0.2,0.6000000000000001,2.1,-0.30000000000000004,3.9000000000000004,11.3,3.8,-14.800000000000002,0.4,16
20524,343488.0,0.30000000000000004,0.5,2.2,0.1,3.8000000000000003,11.5,5.6,-9.9,1.2000000000000002,16
20525,343505.0,0.7000000000000001,0.4,2.3000000000000003,0.5,3.7,11.600000000000001,8.600000000000001,-2.9,1.0999999999999999,16
20526,343522.0,0.9,0.30000000000000004,2.2,0.8,3.6,11.3,12.8,5.2,-0.2,16
20527,343538.0,1.2000000000000002,0.1,1.6,0.9,3.5,10.8,18.2,14.700000000000001,-3.2,16
20528,343555.0,1.1,-0.1,1.1,0.8,3.5,10.4,21.200000000000003,19.500000000000004,-8.0,16
20529,343579.0,1.0,-0.1,0.7000000000000001,0.6000000000000001,3.4000000000000004,10.0,16.6,16.700000000000003,-13.0,16
20530,343588.0,1.0,-0.30000000000000004,0.4,0.7000000000000001,3.3000000000000003,9.5,8.9,12.6,-17.3,16
20531,343605.0,1.1,-0.4,0.1,0.7000000000000001,3.3000000000000003,9.5,2.1999999999999997,10.9,-21.1,16
20532,343622.0,1.2000000000000002,-0.7000000000000001,-0.30000000000000004,0.6000000000000001,2.9000000000000004,8.8,-1.6,12.5,-22.8,16
20533,343638.0,1.0,-0.8,-0.4,0.5,2.7,8.8,-3.6,13.0,-21.5,16
20534,343658.0,1.1,-0.9,-0.5,0.5,2.6,8.8,-5.0,9.8,-18.8,16
20535,343677.0,1.3,-1.0,-0.4,0.7000000000000001,2.5,8.8,-4.800000000000001,4.3999999999999995,-15.9,16
20536,343688.0,1.4000000000000001,-1.0,-0.5,0.9,2.5,8.700000000000001,-1.6,-0.1,-14.4,16
20537,343705.0,1.7000000000000002,-1.0,-0.8,1.1,2.5,8.4,3.7000000000000006,-1.3,-15.000000000000002,16
20538,343722.0,1.6,-0.9,-0.9,0.9,2.7,8.1,7.6,-1.7,-16.3,16
20539,343738.0,1.2000000000000002,-0.7000000000000001,-1.2000000000000002,0.5,2.9000000000000004,7.9,6.6000000000000005,-3.2,-15.7,16
20540,343755.0,0.7000000000000001,-0.5,-1.4000000000000001,0.1,3.1,7.7,1.8,-6.6000000000000005,-12.6,16
20541,343778.0,0.5,-0.4,-1.3,-0.1,3.1,7.800000000000001,-4.800000000000001,-11.4,-9.1,16
20542,343788.0,0.4,-0.4,-1.2000000000000002,-0.1,3.0,8.0,-11.5,-16.3,-7.699999999999999,16
20543,343805.0,0.4,-0.4,-0.9,-0.1,3.0,8.3,-15.000000000000002,-17.7,-7.8,16
20544,343822.0,0.2,-0.4,-0.6000000000000001,-0.30000000000000004,3.0,8.5,-13.100000000000001,-14.0,-7.9,16
20545,343839.0,0.1,-0.4,-0.6000000000000001,-0.5,3.0,8.6,-8.799999999999999,-7.8,-7.6,16
20546,343855.0,-0.2,-0.30000000000000004,-0.7000000000000001,-0.7000000000000001,3.1,8.5,-4.5,-2.1,-6.4,16
20547,343880.0,-0.5,-0.2,-0.8,-1.0,3.2,8.4,-2.5,1.7,-4.5,16
20548,343888.0,-0.7000000000000001,-0.1,-0.9,-1.2000000000000002,3.2,8.200000000000001,-3.7000000000000006,1.3,-3.1,16
20549,343905.0,-0.7000000000000001,0.0,-1.0,-1.1,3.3000000000000003,8.200000000000001,-7.6,-1.0,-2.1,16
20550,343921.0,-0.6000000000000001,0.0,-0.9,-1.1,3.3000000000000003,8.3,-12.6,-3.3000000000000003,-1.2000000000000002,16
20551,343938.0,-0.5,0.1,-0.9,-1.0,3.3000000000000003,8.4,-15.299999999999999,-4.300000000000001,1.8,16
20552,343955.0,-0.30000000000000004,0.1,-0.6000000000000001,-0.8,3.3000000000000003,8.6,-16.2,-3.5,5.8,16
20553,343977.0,-0.30000000000000004,0.2,-0.30000000000000004,-0.7000000000000001,3.4000000000000004,8.9,-15.100000000000001,-3.0000000000000004,9.8,16
20554,343990.0,-0.30000000000000004,0.30000000000000004,-0.2,-0.7000000000000001,3.4000000000000004,9.1,-11.700000000000001,-2.8,13.9,16
20555,344005.0,-0.4,0.4,-0.1,-0.8,3.6,9.200000000000001,-6.6000000000000005,-1.9,16.900000000000002,16
20556,344022.0,-0.4,0.6000000000000001,-0.1,-0.8,3.7,9.200000000000001,-0.4,0.2,19.0,16
20557,344038.0,-0.4,0.7000000000000001,-0.1,-0.8,3.9000000000000004,9.200000000000001,4.300000000000001,3.1,19.6,16
20558,344055.0,-0.4,0.8,-0.1,-0.8,4.0,9.1,8.600000000000001,7.6,19.500000000000004,16
20559,344074.0,-0.4,0.9,-0.2,-0.8,4.1000000000000005,9.0,13.0,14.200000000000001,19.3,16
20560,344093.0,-0.30000000000000004,1.0,0.1,-0.7000000000000001,4.2,9.200000000000001,16.6,17.200000000000003,18.6,16
20561,344107.0,-0.1,1.0,0.2,-0.5,4.3,9.4,17.599999999999998,14.800000000000002,17.1,16
20562,344125.0,0.4,0.9,0.4,-0.1,4.3,9.5,16.2,10.1,13.100000000000001,16
20563,344138.0,0.6000000000000001,0.9,0.4,0.30000000000000004,4.3,9.600000000000001,12.8,5.1,8.700000000000001,16
20564,344155.0,1.1,0.8,0.5,0.8,4.2,9.700000000000001,7.1000000000000005,1.2000000000000002,4.800000000000001,16
20565,344174.0,1.6,0.6000000000000001,0.5,1.1,4.1000000000000005,9.600000000000001,2.7,3.1,2.3000000000000003,16
20566,344192.0,1.3,0.6000000000000001,0.2,0.9,4.1000000000000005,9.4,1.5000000000000002,11.9,1.8,16
20567,344205.0,0.9,0.8,0.0,0.2,4.3,9.200000000000001,6.2,22.6,4.5,16
20568,344221.0,0.2,1.0,0.5,-0.4,4.5,9.8,8.4,26.200000000000003,6.3,16
20569,344245.0,-0.4,1.2000000000000002,1.3,-1.0,4.7,10.4,4.300000000000001,10.1,6.8,16
20570,344255.0,-0.4,1.1,1.4000000000000001,-1.0,4.6000000000000005,10.5,-0.9,-4.800000000000001,6.6000000000000005,16
20571,344278.0,-0.1,0.8,1.2000000000000002,-0.7000000000000001,4.3,10.4,-1.5000000000000002,-12.6,6.1000000000000005,16
20572,344289.0,0.30000000000000004,0.5,1.1,-0.30000000000000004,4.0,10.3,0.4,-11.4,4.800000000000001,16
20573,344305.0,0.30000000000000004,0.30000000000000004,1.0,-0.30000000000000004,3.8000000000000003,10.100000000000001,2.8,-5.2,3.8,16
20574,344322.0,0.1,0.2,0.9,-0.4,3.8000000000000003,10.100000000000001,5.9,1.4,5.500000000000001,16
20575,344339.0,0.0,0.30000000000000004,1.2000000000000002,-0.5,3.9000000000000004,10.3,8.3,3.6,9.5,16
20576,344355.0,0.2,0.1,1.2000000000000002,0.0,3.6,10.3,10.1,-0.8,11.000000000000002,16
20577,344375.0,1.1,-0.4,1.1,0.8,3.2,10.200000000000001,10.600000000000001,-7.400000000000001,8.600000000000001,16
20578,344391.0,1.6,-0.7000000000000001,0.8,1.2000000000000002,3.0,10.0,11.5,-11.2,5.6,16
20579,344406.0,1.8,-0.9,0.6000000000000001,1.5,2.7,9.600000000000001,12.100000000000001,-9.600000000000001,4.7,16
20580,344422.0,1.9000000000000001,-1.2000000000000002,0.1,1.5,2.5,9.1,11.9,-4.0,3.2,16
20581,344438.0,1.5,-1.3,-0.5,1.2000000000000002,2.4000000000000004,8.700000000000001,11.6,5.300000000000001,1.2000000000000002,16
20582,344455.0,1.2000000000000002,-1.4000000000000001,-0.6000000000000001,0.7000000000000001,2.3000000000000003,8.4,9.4,10.4,-0.30000000000000004,16
20583,344477.0,0.5,-1.5,-0.9,0.30000000000000004,2.3000000000000003,8.200000000000001,4.5,10.700000000000001,-2.4000000000000004,16
20584,344491.0,0.4,-1.5,-0.9,0.0,2.2,8.200000000000001,-1.0,6.4,-4.3999999999999995,16
20585,344508.0,0.4,-1.5,-0.8,0.0,2.2,8.3,-5.2,1.0,-5.8,16
20586,344522.0,0.5,-1.5,-0.6000000000000001,0.1,2.2,8.5,-5.7,-3.2,-7.0,16
20587,344538.0,0.6000000000000001,-1.4000000000000001,-0.30000000000000004,0.2,2.3000000000000003,8.8,-4.9,-8.3,-8.200000000000001,16
20588,344555.0,0.6000000000000001,-1.3,-0.1,0.2,2.6,9.1,-6.7,-16.0,-8.4,16
20589,344573.0,0.5,-0.8,0.0,0.2,2.9000000000000004,9.1,-8.0,-21.8,-6.000000000000001,16
20590,344588.0,0.5,-0.6000000000000001,-0.2,0.2,3.0,8.8,-6.2,-22.4,-2.7,16
20591,344606.0,0.30000000000000004,-0.4,-0.7000000000000001,0.1,3.2,8.4,-1.9,-16.8,-1.0999999999999999,16
20592,344622.0,0.1,-0.30000000000000004,-0.9,-0.2,3.4000000000000004,8.200000000000001,1.8,-10.0,-0.7,16
20593,344638.0,-0.4,0.0,-1.0,-0.6000000000000001,3.6,8.0,2.3000000000000003,-7.8,-0.2,16
20594,344656.0,-0.6000000000000001,0.1,-1.2000000000000002,-0.7000000000000001,3.7,7.9,0.30000000000000004,-9.3,0.30000000000000004,16
20595,344672.0,-0.6000000000000001,0.1,-1.2000000000000002,-0.7000000000000001,3.6,8.0,-3.6,-12.700000000000001,-0.9,16
20596,344689.0,-0.4,0.0,-1.0,-0.5,3.5,8.1,-8.799999999999999,-15.9,-4.300000000000001,16
20597,344705.0,-0.30000000000000004,-0.1,-0.8,-0.30000000000000004,3.4000000000000004,8.4,-12.200000000000001,-17.9,-9.0,16
20598,344721.0,-0.1,-0.2,-0.5,-0.1,3.2,8.700000000000001,-13.700000000000001,-18.400000000000002,-14.3,16
20599,344738.0,-0.1,-0.30000000000000004,-0.30000000000000004,-0.1,3.2,8.8,-13.3,-16.8,-18.7,16
20600,344755.0,-0.2,-0.30000000000000004,-0.30000000000000004,-0.30000000000000004,3.2,8.8,-11.700000000000001,-12.100000000000001,-20.3,16
20601,344772.0,-0.4,-0.2,-0.30000000000000004,-0.5,3.2,8.8,-8.9,-5.4,-19.6,16
20602,344788.0,-0.7000000000000001,-0.1,-0.4,-0.8,3.3000000000000003,8.8,-5.500000000000001,0.1,-18.2,16
20603,344805.0,-1.0,0.0,-0.30000000000000004,-1.0,3.4000000000000004,8.8,-2.5,3.0000000000000004,-17.3,16
20604,344822.0,-1.1,0.1,-0.30000000000000004,-1.2000000000000002,3.5,8.9,-1.4,0.5,-17.599999999999998,16
20605,344838.0,-1.1,0.2,-0.2,-1.2000000000000002,3.6,9.0,-2.3000000000000003,-3.4,-18.0,16
20606,344855.0,-1.1,0.30000000000000004,-0.1,-1.2000000000000002,3.6,9.0,-3.4,-8.200000000000001,-17.7,16
20607,344872.0,-0.8,0.4,0.1,-0.7000000000000001,3.7,9.3,-4.2,-11.700000000000001,-17.7,16
20608,344891.0,-0.5,0.30000000000000004,0.30000000000000004,-0.5,3.7,9.5,-4.2,-13.0,-18.1,16
20609,344906.0,-0.5,0.30000000000000004,0.6000000000000001,-0.6000000000000001,3.7,9.700000000000001,-3.5,-13.100000000000001,-17.3,16
20610,344921.0,-0.6000000000000001,0.30000000000000004,0.7000000000000001,-0.7000000000000001,3.7,9.9,-2.1,-12.100000000000001,-13.700000000000001,16
20611,344939.0,-0.8,0.5,0.9,-0.9,3.9000000000000004,10.100000000000001,1.4,-9.200000000000001,-7.8,16
20612,344955.0,-1.0,0.7000000000000001,0.9,-1.0,4.0,10.100000000000001,10.1,-3.2,-0.4,16
20613,344972.0,-0.9,0.6000000000000001,0.9,-0.9,4.1000000000000005,10.100000000000001,19.500000000000004,1.9,2.3000000000000003,16
20614,345000.0,-0.9,0.8,0.8,-1.0,4.3,9.9,27.3,5.0,0.6000000000000001,16
20615,345006.0,-1.0,0.9,0.8,-1.1,4.5,10.0,29.400000000000002,1.6,-2.8,16
20616,345021.0,-1.0,1.0,1.0,-0.8,4.6000000000000005,10.200000000000001,18.900000000000002,-13.200000000000001,-7.400000000000001,16
20617,345038.0,-0.4,0.9,1.0,-0.2,4.6000000000000005,10.0,5.0,-21.6,-10.5,16
20618,345055.0,0.2,0.8,0.9,0.2,4.4,10.0,-2.4000000000000004,-18.2,-11.1,16
20619,345071.0,0.30000000000000004,0.7000000000000001,1.0,0.4,4.2,10.200000000000001,-5.7,-7.9,-11.5,16
20620,345088.0,0.30000000000000004,0.4,1.3,0.4,4.0,10.4,-6.8,0.4,-12.6,16
20621,345105.0,0.2,0.30000000000000004,1.3,0.4,4.0,10.4,-6.8,0.4,-12.6,16
20622,345121.0,0.1,0.0,1.1,0.1,3.6,10.3,-2.1,11.2,-14.600000000000001,16
20623,345138.0,0.1,-0.1,1.0,0.2,3.4000000000000004,10.200000000000001,0.6000000000000001,9.8,-16.700000000000003,16
20624,345155.0,0.4,-0.4,0.9,0.4,3.2,10.0,1.5000000000000002,5.7,-19.8,16
20625,345171.0,0.7000000000000001,-0.7000000000000001,0.4,0.6000000000000001,2.9000000000000004,9.600000000000001,0.7,3.4,-23.0,16
20626,345188.0,0.8,-0.8,0.2,0.7000000000000001,2.7,9.3,-2.1999999999999997,3.8,-25.2,16
20627,345206.0,0.8,-0.8,0.2,0.7000000000000001,2.7,9.3,-2.1999999999999997,3.8,-25.2,16
20628,345221.0,0.9,-1.1,0.0,0.7000000000000001,2.5,9.200000000000001,-14.700000000000001,4.3999999999999995,-23.6,16
20629,345238.0,1.0,-1.1,0.0,0.9,2.3000000000000003,9.3,-19.400000000000002,3.7000000000000006,-19.6,16
20630,345255.0,1.3,-1.2000000000000002,0.1,1.1,2.2,9.3,-20.1,4.0,-15.6,16
20631,345272.0,1.5,-1.2000000000000002,0.0,1.2000000000000002,2.2,9.3,-16.0,5.1,-12.200000000000001,16
20632,345289.0,1.6,-1.1,0.0,1.3,2.2,9.3,-8.5,6.1000000000000005,-9.3,16
20633,345305.0,1.5,-1.0,-0.1,1.2000000000000002,2.4000000000000004,9.1,-1.2000000000000002,4.2,-7.300000000000001,16
20634,345322.0,1.4000000000000001,-0.8,-0.5,1.1,2.6,8.8,3.6,0.1,-5.7,16
20635,345339.0,1.3,-0.7000000000000001,-0.7000000000000001,1.0,2.7,8.4,3.0000000000000004,-5.0,-4.5,16
20636,345355.0,1.0,-0.4,-1.0,0.7000000000000001,2.9000000000000004,8.200000000000001,-1.7,-9.8,-2.6,16
20637,345375.0,0.6000000000000001,-0.2,-1.0,0.30000000000000004,3.1,8.3,-8.3,-14.100000000000001,0.4,16
20638,345389.0,0.30000000000000004,-0.2,-0.8,0.1,3.1,8.4,-11.9,-14.4,3.3000000000000003,16
20639,345405.0,0.1,-0.2,-0.7000000000000001,-0.1,3.1,8.6,-12.100000000000001,-11.9,3.9,16
20640,345422.0,-0.2,0.0,-0.6000000000000001,-0.30000000000000004,3.2,8.700000000000001,-9.9,-8.600000000000001,2.9,16
20641,345438.0,-0.4,0.0,-0.6000000000000001,-0.6000000000000001,3.2,8.6,-7.400000000000001,-4.800000000000001,1.3,16
20642,345455.0,-0.7000000000000001,0.1,-0.8,-0.8,3.3000000000000003,8.4,-6.7,-2.1,-0.2,16
20643,345472.0,-0.9,0.1,-1.1,-1.0,3.3000000000000003,8.200000000000001,-7.500000000000001,1.0999999999999999,-1.0999999999999999,16
20644,345490.0,-0.9,0.0,-1.2000000000000002,-1.0,3.2,8.1,-9.1,3.5,-1.0999999999999999,16
20645,345505.0,-0.9,0.0,-1.3,-1.0,3.1,8.0,-11.5,4.1000000000000005,-0.2,16
20646,345521.0,-0.8,0.0,-1.3,-1.0,3.0,8.0,-13.3,3.7000000000000006,2.1,16
20647,345538.0,-0.8,-0.1,-1.2000000000000002,-0.9,2.9000000000000004,8.0,-14.4,2.4000000000000004,5.2,16
20648,345555.0,-0.7000000000000001,-0.1,-1.2000000000000002,-0.9,2.9000000000000004,8.1,-14.500000000000002,0.5,8.700000000000001,16
20649,345572.0,-0.9,0.1,-1.0,-1.0,3.0,8.3,-13.100000000000001,-0.5,13.0,16
20650,345588.0,-1.0,0.2,-0.8,-1.2000000000000002,3.2,8.6,-9.1,-0.6000000000000001,17.8,16
20651,345605.0,-1.1,0.4,-0.5,-1.2000000000000002,3.4000000000000004,8.9,-5.1,-1.6,21.700000000000003,16
20652,345622.0,-1.1,0.6000000000000001,-0.2,-1.2000000000000002,3.6,9.1,-1.7,-1.6,24.8,16
20653,345638.0,-0.9,0.8,-0.1,-1.0,3.7,9.200000000000001,1.7,-0.30000000000000004,27.900000000000002,16
20654,345655.0,-0.8,0.8,0.0,-0.7000000000000001,3.8000000000000003,9.4,3.7000000000000006,2.0,28.8,16
20655,345672.0,-0.4,0.9,0.30000000000000004,-0.4,3.9000000000000004,9.600000000000001,4.5,3.6,27.900000000000002,16
20656,345689.0,0.1,0.9,0.7000000000000001,0.1,3.9000000000000004,10.0,4.2,5.4,24.7,16
20657,345707.0,0.8,0.9,1.2000000000000002,0.6000000000000001,3.9000000000000004,10.4,2.8,5.8,19.700000000000003,16
20658,345722.0,1.1,0.9,1.3,1.2000000000000002,3.8000000000000003,10.600000000000001,1.0,6.2,14.3,16
20659,345738.0,1.6,0.8,1.2000000000000002,1.5,3.8000000000000003,10.5,-0.9,8.700000000000001,9.4,16
20660,345755.0,1.7000000000000002,0.7000000000000001,1.1,1.6,3.7,10.3,-2.9,16.2,5.500000000000001,16
20661,345772.0,1.2000000000000002,0.8,0.7000000000000001,0.9,3.9000000000000004,10.0,0.6000000000000001,30.200000000000003,5.0,16
20662,345789.0,0.1,1.2000000000000002,0.7000000000000001,-0.2,4.2,10.100000000000001,7.699999999999999,40.0,8.9,16
20663,345809.0,-0.6000000000000001,1.4000000000000001,1.4000000000000001,-0.8,4.5,10.600000000000001,9.4,33.900000000000006,13.200000000000001,16
20664,345821.0,-0.6000000000000001,1.4000000000000001,1.6,-0.9,4.5,11.0,6.4,17.5,14.3,16
20665,345838.0,-0.2,1.3,1.6,-0.5,4.4,10.9,6.8,5.9,12.200000000000001,16
20666,345855.0,0.0,1.1,1.4000000000000001,-0.30000000000000004,4.2,10.600000000000001,12.4,2.9,8.1,16
20667,345872.0,0.2,0.8,1.0,-0.2,4.0,10.200000000000001,15.100000000000001,6.5,4.3999999999999995,16
20668,345888.0,0.1,0.6000000000000001,0.6000000000000001,-0.30000000000000004,3.8000000000000003,9.9,13.8,10.4,2.8,16
20669,345905.0,0.1,0.4,0.6000000000000001,-0.30000000000000004,3.5,10.0,9.8,11.700000000000001,3.9,16
20670,345921.0,0.4,0.0,0.8,0.1,3.1,10.100000000000001,6.1000000000000005,9.700000000000001,5.6,16
20671,345938.0,1.0,-0.6000000000000001,0.9,0.6000000000000001,2.7,10.200000000000001,4.7,5.4,6.5,16
20672,345955.0,1.5,-1.0,0.8,1.0,2.3000000000000003,10.100000000000001,6.5,2.1999999999999997,6.7,16
20673,345972.0,1.7000000000000002,-1.2000000000000002,0.8,1.3,2.1,10.0,11.4,0.30000000000000004,7.1000000000000005,16
20674,345990.0,1.9000000000000001,-1.4000000000000001,0.4,1.5,2.0,9.5,19.1,2.5,7.8,16
20675,346005.0,1.8,-1.5,-0.30000000000000004,1.4000000000000001,2.0,9.0,25.6,6.7,7.1000000000000005,16
20676,346021.0,1.5,-1.5,-0.6000000000000001,0.9,2.1,8.4,25.700000000000003,9.200000000000001,4.7,16
20677,346039.0,0.9,-1.3,-1.0,0.4,2.2,8.1,20.4,6.4,3.0000000000000004,16
20678,346055.0,0.7000000000000001,-1.2000000000000002,-1.2000000000000002,0.1,2.4000000000000004,8.0,13.100000000000001,2.0,2.4000000000000004,16
20679,346071.0,0.6000000000000001,-1.2000000000000002,-1.2000000000000002,0.2,2.4000000000000004,7.9,5.6,-2.3000000000000003,0.5,16
20680,346088.0,0.7000000000000001,-1.2000000000000002,-1.1,0.2,2.4000000000000004,8.0,-1.0,-7.0,-3.7000000000000006,16
20681,346105.0,0.5,-1.0,-0.8,0.2,2.6,8.4,-7.6,-13.3,-7.699999999999999,16
20682,346122.0,0.5,-0.9,-0.6000000000000001,0.30000000000000004,2.6,8.6,-15.8,-21.5,-9.600000000000001,16
20683,346139.0,0.7000000000000001,-0.9,-0.4,0.5,2.6,8.9,-22.6,-26.0,-10.3,16
20684,346155.0,0.7000000000000001,-0.8,0.0,0.5,2.6,9.200000000000001,-24.400000000000002,-24.400000000000002,-9.700000000000001,16
20685,346172.0,0.7000000000000001,-0.7000000000000001,0.1,0.4,2.7,9.4,-20.4,-17.9,-7.2,16
20686,346188.0,0.30000000000000004,-0.5,0.30000000000000004,0.2,2.8000000000000003,9.5,-12.9,-10.2,-4.3999999999999995,16
20687,346205.0,0.2,-0.30000000000000004,0.30000000000000004,0.1,3.0,9.5,-4.7,-5.500000000000001,-2.8,16
20688,346221.0,0.1,-0.2,0.2,-0.1,3.0,9.3,0.8,-3.5,-3.8,16
20689,346238.0,0.0,-0.2,-0.2,-0.1,3.1,8.9,4.2,-3.0000000000000004,-6.1000000000000005,16
20690,346255.0,0.1,-0.2,-0.9,-0.1,3.1,8.3,6.5,0.4,-9.4,16
20691,346272.0,0.0,-0.2,-1.0,-0.2,3.2,8.1,5.1,2.4000000000000004,-13.100000000000001,16
20692,346288.0,-0.2,0.0,-1.3,-0.4,3.3000000000000003,7.9,1.7,3.3000000000000003,-14.900000000000002,16
20693,346305.0,-0.4,0.0,-1.4000000000000001,-0.5,3.3000000000000003,7.9,-1.9,3.1,-15.7,16
20694,346322.0,-0.4,0.0,-1.3,-0.6000000000000001,3.3000000000000003,7.9,-5.8,1.9,-17.599999999999998,16
20695,346338.0,-0.4,0.0,-1.2000000000000002,-0.6000000000000001,3.3000000000000003,8.1,-8.1,1.0999999999999999,-21.200000000000003,16
20696,346355.0,-0.6000000000000001,0.1,-0.9,-0.8,3.3000000000000003,8.3,-8.200000000000001,0.9,-24.7,16
20697,346372.0,-0.7000000000000001,0.1,-0.8,-1.1,3.4000000000000004,8.5,-6.9,-0.30000000000000004,-25.5,16
20698,346388.0,-0.9,0.30000000000000004,-0.5,-1.3,3.5,8.8,-5.500000000000001,-2.7,-23.6,16
20699,346405.0,-1.0,0.30000000000000004,-0.2,-1.3,3.5,9.1,-4.2,-7.8,-20.8,16
20700,346422.0,-0.9,0.4,0.2,-1.2000000000000002,3.6,9.4,-3.0000000000000004,-12.3,-17.0,16
20701,346438.0,-0.9,0.5,0.30000000000000004,-1.3,3.7,9.5,-0.5,-13.5,-12.4,16
20702,346455.0,-1.1,0.7000000000000001,0.4,-1.4000000000000001,3.9000000000000004,9.600000000000001,3.4,-11.8,-7.500000000000001,16
20703,346472.0,-1.2000000000000002,0.7000000000000001,0.5,-1.5,3.9000000000000004,9.700000000000001,6.7,-9.600000000000001,-4.5,16
20704,346488.0,-1.3,0.7000000000000001,0.5,-1.6,4.0,9.700000000000001,7.699999999999999,-8.700000000000001,-4.3999999999999995,16
20705,346505.0,-1.5,0.8,0.6000000000000001,-1.7000000000000002,4.1000000000000005,9.8,7.2,-7.9,-4.3999999999999995,16
20706,346522.0,-1.5,0.8,0.6000000000000001,-1.8,4.1000000000000005,9.8,6.2,-7.0,-3.9,16
20707,346538.0,-1.5,0.8,0.6000000000000001,-1.7000000000000002,4.0,9.8,5.7,-4.3999999999999995,-3.2,16
20708,346556.0,-1.4000000000000001,0.7000000000000001,0.5,-1.6,4.0,9.700000000000001,5.7,-0.6000000000000001,-3.0000000000000004,16
20709,346572.0,-1.2000000000000002,0.6000000000000001,0.4,-1.4000000000000001,3.9000000000000004,9.600000000000001,7.1000000000000005,4.800000000000001,-3.7000000000000006,16
20710,346588.0,-1.1,0.5,0.4,-1.5,3.9000000000000004,9.600000000000001,10.1,11.700000000000001,-4.800000000000001,16
20711,346605.0,-1.3,0.6000000000000001,0.4,-1.7000000000000002,4.0,9.600000000000001,12.8,16.1,-5.2,16
20712,346622.0,-1.3,0.6000000000000001,0.7000000000000001,-1.7000000000000002,4.0,9.8,9.5,12.6,-4.9,16
20713,346638.0,-1.2000000000000002,0.6000000000000001,0.7000000000000001,-1.5,3.9000000000000004,9.9,-0.6000000000000001,2.1999999999999997,-3.5,16
20714,346656.0,-0.7000000000000001,0.30000000000000004,0.5,-1.1,3.7,9.700000000000001,-8.200000000000001,-0.7,-1.8,16
20715,346672.0,-0.7000000000000001,0.2,0.5,-1.2000000000000002,3.6,9.8,-11.3,3.6,1.3,16
20716,346688.0,-0.7000000000000001,0.1,0.7000000000000001,-1.3,3.5,10.100000000000001,-12.200000000000001,5.6,6.2,16
20717,346705.0,-0.6000000000000001,-0.1,1.0,-1.1,3.2,10.4,-11.5,4.1000000000000005,10.8,16
20718,346722.0,-0.1,-0.4,1.1,-0.7000000000000001,2.9000000000000004,10.5,-9.600000000000001,-0.5,12.9,16
20719,346738.0,0.2,-0.6000000000000001,1.0,0.0,2.6,10.4,-5.9,-3.4,12.4,16
20720,346755.0,0.2,-0.6000000000000001,1.0,0.0,2.6,10.4,-5.9,-3.4,12.4,16
20721,346772.0,1.5,-1.2000000000000002,0.4,1.0,2.1,9.8,1.8,2.5,8.4,16
20722,346788.0,1.6,-1.2000000000000002,0.2,1.1,2.0,9.5,5.8,8.9,7.1000000000000005,16
20723,346807.0,1.6,-1.3,-0.1,1.1,2.0,9.200000000000001,7.9,13.200000000000001,6.5,16
20724,346822.0,1.5,-1.3,-0.30000000000000004,1.0,2.1,9.1,5.500000000000001,13.100000000000001,5.7,16
20725,346838.0,1.6,-1.1,-0.5,1.0,2.2,8.9,1.6,10.2,5.4,16
20726,346855.0,1.6,-1.1,-0.6000000000000001,1.0,2.2,8.8,-0.9,8.4,5.2,16
20727,346878.0,1.6,-0.9,-0.7000000000000001,1.0,2.4000000000000004,8.700000000000001,-1.9,5.9,4.300000000000001,16
20728,346888.0,1.5,-0.7000000000000001,-0.7000000000000001,0.9,2.5,8.700000000000001,-1.9,5.9,4.300000000000001,16
20729,346905.0,1.3,-0.6000000000000001,-0.6000000000000001,0.7000000000000001,2.7,8.8,-3.3000000000000003,1.9,4.6000000000000005,16
20730,346922.0,1.1,-0.4,-0.5,0.6000000000000001,2.9000000000000004,8.9,-4.9,-2.5,5.300000000000001,16
20731,346939.0,1.0,-0.2,-0.30000000000000004,0.5,3.1,9.1,-7.6,-7.500000000000001,6.4,16
20732,346955.0,0.9,-0.1,-0.30000000000000004,0.4,3.1,9.1,-10.0,-11.3,7.0,16
20733,346979.0,0.7000000000000001,0.1,-0.4,0.30000000000000004,3.2,9.1,-9.1,-9.5,7.400000000000001,16
20734,346989.0,0.5,0.1,-0.4,0.1,3.2,9.0,-7.0,-5.7,7.0,16
20735,347011.0,0.1,0.1,-0.6000000000000001,-0.30000000000000004,3.2,8.9,-5.9,-2.1,5.300000000000001,16
20736,347021.0,-0.2,0.2,-0.5,-0.6000000000000001,3.3000000000000003,8.8,-6.5,-1.5000000000000002,4.0,16
20737,347038.0,-0.4,0.1,-0.7000000000000001,-0.8,3.2,8.700000000000001,-8.700000000000001,-2.3000000000000003,3.2,16
20738,347055.0,-0.5,0.1,-0.8,-0.9,3.1,8.6,-11.6,-3.1,2.9,16
20739,347076.0,-0.6000000000000001,0.0,-0.9,-0.9,3.0,8.5,-14.3,-2.9,3.5,16
20740,347088.0,-0.5,-0.1,-0.9,-0.8,2.9000000000000004,8.5,-15.6,-1.4,4.6000000000000005,16
20741,347105.0,-0.4,-0.1,-1.0,-0.8,2.9000000000000004,8.6,-15.000000000000002,0.9,6.6000000000000005,16
20742,347128.0,-0.5,0.0,-0.7000000000000001,-0.8,2.9000000000000004,8.700000000000001,-13.0,2.3000000000000003,9.1,16
20743,347147.0,-0.5,0.1,-0.7000000000000001,-0.9,3.0,8.8,-10.2,2.1,12.000000000000002,16
20744,347155.0,-0.5,0.1,-0.7000000000000001,-0.9,3.0,8.8,-10.2,2.1,12.000000000000002,16
20745,347172.0,-0.5,0.2,-0.7000000000000001,-0.9,3.1,8.8,-4.9,2.1999999999999997,18.400000000000002,16
20746,347188.0,-0.6000000000000001,0.4,-0.7000000000000001,-1.0,3.3000000000000003,8.700000000000001,-2.1,2.6,22.8,16
20747,347205.0,-0.5,0.5,-0.6000000000000001,-0.9,3.4000000000000004,8.9,1.4,3.7000000000000006,27.7,16
20748,347222.0,-0.4,0.5,-0.6000000000000001,-0.7000000000000001,3.4000000000000004,8.9,6.5,4.6000000000000005,30.200000000000003,16
20749,347239.0,-0.30000000000000004,0.6000000000000001,-0.5,-0.7000000000000001,3.6,9.0,10.3,5.2,30.5,16
20750,347255.0,-0.30000000000000004,0.8,-0.4,-0.7000000000000001,3.8000000000000003,9.0,11.3,3.7000000000000006,30.799999999999997,16
20751,347281.0,-0.1,0.8,-0.2,-0.5,3.9000000000000004,9.1,9.8,2.3000000000000003,31.0,16
20752,347292.0,0.1,0.8,-0.1,-0.2,3.9000000000000004,9.3,7.300000000000001,2.1999999999999997,29.600000000000005,16
20753,347307.0,0.30000000000000004,0.8,0.4,0.0,4.0,9.700000000000001,5.1,3.0000000000000004,27.0,16
20754,347322.0,0.4,0.7000000000000001,0.7000000000000001,0.30000000000000004,4.0,10.200000000000001,3.8,3.4,25.0,16
20755,347338.0,0.7000000000000001,0.7000000000000001,1.2000000000000002,0.5,3.9000000000000004,10.600000000000001,3.7000000000000006,3.8,23.6,16
20756,347355.0,1.0,0.5,1.3,0.8,3.8000000000000003,10.700000000000001,5.6,6.3,22.6,16
20757,347376.0,0.7000000000000001,0.6000000000000001,1.0,0.6000000000000001,3.9000000000000004,10.4,11.000000000000002,14.4,22.2,16
20758,347389.0,0.5,0.7000000000000001,1.0,0.2,4.1000000000000005,10.5,16.900000000000002,20.8,22.6,16
20759,347405.0,0.1,0.9,1.5,-0.2,4.3,10.8,16.5,17.5,22.900000000000002,16
20760,347421.0,0.1,0.9,1.4000000000000001,-0.2,4.3,10.700000000000001,14.100000000000001,11.700000000000001,22.4,16
20761,347438.0,0.2,0.7000000000000001,1.2000000000000002,-0.1,4.2,10.700000000000001,15.2,10.0,20.5,16
20762,347455.0,0.2,0.5,1.6,0.0,4.0,10.9,13.4,5.7,16.900000000000002,16
20763,347474.0,0.4,0.2,1.5,0.2,3.6,10.600000000000001,9.1,1.3,13.200000000000001,16
20764,347488.0,0.7000000000000001,-0.30000000000000004,0.9,0.4,3.2,10.200000000000001,6.9,4.5,11.1,16
20765,347508.0,0.7000000000000001,-0.8,0.6000000000000001,0.4,2.8000000000000003,9.9,6.9,11.2,11.2,16
20766,347521.0,0.5,-0.8,0.6000000000000001,0.2,2.8000000000000003,9.9,10.0,14.4,15.8,16
20767,347538.0,0.4,-1.0,0.6000000000000001,0.2,2.6,9.9,15.2,13.100000000000001,21.8,16
20768,347555.0,0.7000000000000001,-1.3,0.30000000000000004,0.4,2.4000000000000004,9.5,22.4,11.1,23.700000000000003,16
20769,347577.0,0.6000000000000001,-1.4000000000000001,-0.2,0.30000000000000004,2.4000000000000004,9.1,29.300000000000004,11.2,21.3,16
20770,347589.0,0.4,-1.4000000000000001,-0.4,-0.1,2.5,8.700000000000001,31.7,9.700000000000001,19.3,16
20771,347605.0,0.1,-1.4000000000000001,-0.8,-0.30000000000000004,2.6,8.3,29.400000000000002,7.699999999999999,18.8,16
20772,347622.0,0.0,-1.4000000000000001,-1.0,-0.5,2.6,8.1,23.3,7.1000000000000005,18.8,16
20773,347638.0,-0.30000000000000004,-1.4000000000000001,-0.9,-0.6000000000000001,2.6,8.3,16.900000000000002,5.8,19.0,16
20774,347655.0,-0.2,-1.4000000000000001,-0.6000000000000001,-0.5,2.6,8.5,11.6,4.9,17.7,16
20775,347678.0,0.0,-1.4000000000000001,-0.30000000000000004,-0.30000000000000004,2.7,8.8,7.9,2.0,15.7,16
20776,347693.0,0.2,-1.4000000000000001,-0.4,0.0,2.6,8.700000000000001,5.500000000000001,2.3000000000000003,12.100000000000001,16
20777,347707.0,0.30000000000000004,-1.5,-0.5,0.0,2.6,8.6,0.30000000000000004,1.8,6.9,16
20778,347721.0,0.0,-1.3,-0.6000000000000001,-0.30000000000000004,2.7,8.4,-8.600000000000001,0.8,3.6,16
20779,347738.0,-0.30000000000000004,-1.2000000000000002,-0.7000000000000001,-0.7000000000000001,2.8000000000000003,8.3,-17.200000000000003,1.2000000000000002,6.2,16
20780,347755.0,-0.5,-1.2000000000000002,-1.0,-0.7000000000000001,2.8000000000000003,8.1,-23.400000000000002,3.4,11.3,16
20781,347774.0,-0.5,-1.2000000000000002,-0.7000000000000001,-0.8,2.6,8.4,-22.900000000000002,9.600000000000001,14.700000000000001,16
20782,347789.0,-0.7000000000000001,-1.2000000000000002,-0.6000000000000001,-1.1,2.7,8.6,-16.5,11.2,17.3,16
20783,347806.0,-0.8,-1.0,-0.5,-1.2000000000000002,2.9000000000000004,8.700000000000001,-9.5,10.3,19.400000000000002,16
20784,347826.0,-0.8,-0.7000000000000001,-0.5,-1.1,3.0,8.6,-4.0,5.0,20.4,16
20785,347838.0,-0.6000000000000001,-0.7000000000000001,-0.6000000000000001,-0.8,3.1,8.5,-1.4,-0.9,19.1,16
20786,347855.0,-0.30000000000000004,-0.6000000000000001,-0.7000000000000001,-0.5,3.1,8.5,-0.9,-6.2,15.7,16
20787,347872.0,0.0,-0.5,-0.7000000000000001,-0.2,3.2,8.4,-1.4,-7.400000000000001,12.100000000000001,16
20788,347889.0,0.1,-0.30000000000000004,-0.6000000000000001,-0.1,3.4000000000000004,8.4,-2.5,-6.6000000000000005,10.2,16
20789,347905.0,0.1,-0.2,-0.6000000000000001,0.0,3.5,8.5,-6.3,-6.2,8.799999999999999,16
20790,347922.0,0.2,-0.2,-0.30000000000000004,0.0,3.5,8.700000000000001,-9.9,-6.9,6.2,16
20791,347938.0,0.2,-0.1,-0.30000000000000004,0.0,3.5,8.8,-10.5,-7.6,3.3000000000000003,16
20792,347955.0,0.0,-0.1,-0.1,-0.1,3.5,8.9,-11.1,-7.400000000000001,0.7,16
20793,347973.0,-0.2,0.0,-0.1,-0.30000000000000004,3.5,9.0,-8.9,-7.8,-1.3,16
20794,347993.0,-0.4,0.1,-0.1,-0.4,3.6,9.0,-5.8,-6.2,-3.2,16
20795,348005.0,-0.5,0.2,-0.1,-0.7000000000000001,3.8000000000000003,9.0,-2.7,-4.3999999999999995,-4.0,16
20796,348021.0,-0.7000000000000001,0.30000000000000004,0.0,-0.9,3.9000000000000004,9.1,-1.4,-5.1,-3.7000000000000006,16
20797,348038.0,-0.8,0.4,0.1,-0.9,3.9000000000000004,9.200000000000001,-1.0,-8.600000000000001,-3.0000000000000004,16
20798,348055.0,-0.7000000000000001,0.30000000000000004,0.1,-0.8,3.9000000000000004,9.200000000000001,-0.5,-11.000000000000002,-3.0000000000000004,16
20799,348072.0,-0.8,0.30000000000000004,0.30000000000000004,-0.8,3.9000000000000004,9.4,0.5,-11.700000000000001,-2.8,16
20800,348092.0,-0.9,0.4,0.5,-0.9,3.9000000000000004,9.5,1.2000000000000002,-12.700000000000001,-0.9,16
20801,348106.0,-1.0,0.4,0.6000000000000001,-1.0,4.0,9.8,1.2000000000000002,-14.4,2.4000000000000004,16
20802,348122.0,-0.9,0.5,0.9,-0.9,4.1000000000000005,10.0,3.7000000000000006,-13.200000000000001,6.3,16
20803,348138.0,-0.9,0.5,1.0,-0.8,4.1000000000000005,10.0,10.1,-7.300000000000001,9.700000000000001,16
20804,348155.0,-0.8,0.6000000000000001,1.0,-0.7000000000000001,4.2,10.200000000000001,18.1,-1.5000000000000002,10.3,16
20805,348172.0,-0.6000000000000001,0.6000000000000001,1.4000000000000001,-0.5,4.3,10.4,21.0,-1.5000000000000002,8.200000000000001,16
20806,348193.0,-0.2,0.6000000000000001,1.4000000000000001,-0.1,4.3,10.4,18.0,-6.5,4.7,16
20807,348205.0,0.0,0.5,1.0,0.2,4.3,9.9,17.200000000000003,-1.0999999999999999,2.1,16
20808,348221.0,0.4,0.4,0.8,0.5,4.2,9.9,16.700000000000003,5.1,-0.7,16
20809,348238.0,0.5,0.4,1.0,0.6000000000000001,4.2,10.0,10.5,6.9,-3.8,16
20810,348255.0,0.5,0.4,1.0,0.7000000000000001,4.2,10.0,2.5,5.500000000000001,-6.1000000000000005,16
20811,348274.0,0.7000000000000001,0.2,1.0,0.7000000000000001,4.0,10.0,-6.1000000000000005,5.0,-9.1,16
20812,348292.0,0.7000000000000001,0.0,1.2000000000000002,0.7000000000000001,3.8000000000000003,10.3,-13.8,2.8,-12.200000000000001,16
20813,348307.0,0.7000000000000001,-0.1,1.4000000000000001,0.7000000000000001,3.5,10.5,-19.0,-0.1,-14.200000000000001,16
20814,348322.0,0.9,-0.30000000000000004,1.4000000000000001,0.9,3.3000000000000003,10.4,-20.0,-1.4,-14.900000000000002,16
20815,348338.0,1.0,-0.7000000000000001,1.0,1.0,3.0,10.100000000000001,-16.400000000000002,2.9,-15.2,16
20816,348355.0,1.0,-0.7000000000000001,0.8,0.9,2.9000000000000004,9.700000000000001,-9.3,9.1,-14.900000000000002,16
20817,348371.0,0.9,-0.9,0.30000000000000004,0.9,2.8000000000000003,9.3,-2.0,13.6,-13.8,16
20818,348391.0,0.9,-0.9,-0.2,0.8,2.8000000000000003,8.9,4.0,15.299999999999999,-11.1,16
20819,348407.0,1.1,-1.0,-0.6000000000000001,1.0,2.7,8.6,7.8,12.3,-8.700000000000001,16
20820,348421.0,1.2000000000000002,-1.0,-0.7000000000000001,1.0,2.7,8.4,8.9,7.1000000000000005,-8.0,16
20821,348438.0,1.2000000000000002,-0.8,-0.8,1.0,2.8000000000000003,8.3,8.9,1.0999999999999999,-7.300000000000001,16
20822,348456.0,1.2000000000000002,-0.8,-1.1,1.0,2.9000000000000004,8.0,6.4,-2.9,-6.7,16
20823,348476.0,1.1,-0.6000000000000001,-1.0,1.0,3.0,8.0,2.3000000000000003,-5.300000000000001,-6.2,16
20824,348488.0,1.0,-0.5,-0.9,0.9,3.1,8.3,-3.6,-8.700000000000001,-5.0,16
20825,348505.0,1.0,-0.5,-0.7000000000000001,0.9,3.2,8.5,-10.4,-13.5,-3.6,16
20826,348522.0,1.0,-0.4,-0.5,0.9,3.2,8.700000000000001,-12.9,-14.200000000000001,-2.1999999999999997,16
20827,348538.0,0.9,-0.4,-0.30000000000000004,0.8,3.2,8.700000000000001,-11.6,-10.2,-2.1,16
20828,348555.0,0.6000000000000001,-0.30000000000000004,-0.5,0.6000000000000001,3.2,8.6,-8.1,-3.6,-3.0000000000000004,16
20829,348571.0,0.30000000000000004,-0.30000000000000004,-0.6000000000000001,0.2,3.3000000000000003,8.4,-4.3999999999999995,3.9,-3.4,16
20830,348588.0,-0.1,-0.1,-0.8,-0.2,3.4000000000000004,8.200000000000001,-1.6,9.4,-2.8,16
20831,348605.0,-0.4,0.0,-1.0,-0.5,3.5,8.1,0.4,12.9,-0.9,16
20832,348621.0,-0.5,0.0,-1.1,-0.6000000000000001,3.5,8.0,0.5,13.9,1.0999999999999999,16
20833,348638.0,-0.4,-0.1,-1.3,-0.6000000000000001,3.5,7.800000000000001,-2.1,12.100000000000001,1.2000000000000002,16
20834,348655.0,-0.5,0.0,-1.3,-0.7000000000000001,3.5,7.800000000000001,-6.7,9.5,0.2,16
20835,348672.0,-0.5,0.0,-1.3,-0.8,3.6,7.800000000000001,-12.100000000000001,6.3,1.3,16
20836,348688.0,-0.6000000000000001,0.2,-1.2000000000000002,-0.8,3.6,7.9,-17.3,3.3000000000000003,5.1,16
20837,348707.0,-0.4,0.2,-1.0,-0.6000000000000001,3.6,8.1,-20.2,2.0,9.600000000000001,16
20838,348725.0,-0.30000000000000004,0.2,-0.9,-0.5,3.6,8.4,-19.200000000000003,4.800000000000001,14.0,16
20839,348741.0,-0.2,0.4,-0.4,-0.4,3.7,8.8,-14.800000000000002,7.300000000000001,18.3,16
20840,348755.0,-0.2,0.6000000000000001,-0.2,-0.4,3.9000000000000004,9.0,-9.0,7.9,21.5,16
20841,348772.0,-0.1,0.7000000000000001,-0.1,-0.2,4.0,9.0,-4.1000000000000005,6.5,22.2,16
20842,348788.0,0.2,0.8,-0.2,0.0,4.1000000000000005,8.9,-1.6,6.4,20.8,16
20843,348805.0,0.2,0.9,-0.2,0.0,4.2,9.0,0.2,9.4,18.400000000000002,16
20844,348822.0,0.30000000000000004,1.0,0.0,0.1,4.3,9.1,1.8,9.5,15.6,16
20845,348838.0,0.4,1.0,0.1,0.30000000000000004,4.4,9.3,1.0999999999999999,7.9,12.200000000000001,16
20846,348855.0,0.7000000000000001,1.1,0.4,0.5,4.4,9.600000000000001,-1.8,5.300000000000001,7.500000000000001,16
20847,348871.0,0.7000000000000001,1.1,0.6000000000000001,0.5,4.4,9.8,-4.6000000000000005,3.5,3.1,16
20848,348888.0,0.8,1.0,0.6000000000000001,0.5,4.3,9.8,-5.6,6.5,0.2,16
20849,348905.0,0.6000000000000001,1.0,0.6000000000000001,0.30000000000000004,4.3,9.700000000000001,-4.300000000000001,13.5,-1.3,16
20850,348921.0,0.4,1.0,0.5,-0.1,4.4,9.700000000000001,0.4,20.900000000000002,-1.2000000000000002,16
20851,348938.0,-0.4,1.2000000000000002,0.6000000000000001,-1.0,4.5,9.8,4.800000000000001,24.000000000000004,1.7,16
20852,348955.0,-0.7000000000000001,1.2000000000000002,1.0,-1.1,4.6000000000000005,10.3,4.1000000000000005,13.0,3.5,16
20853,348972.0,-0.4,1.0,1.6,-0.9,4.4,10.700000000000001,-2.4000000000000004,-1.6,3.1,16
20854,348994.0,0.0,0.6000000000000001,1.8,-0.4,4.1000000000000005,10.9,-2.1,-6.4,2.8,16
20855,349006.0,0.2,0.4,1.7000000000000002,-0.2,3.7,10.8,3.7000000000000006,-6.4,2.6,16
20856,349021.0,0.6000000000000001,0.2,1.3,0.2,3.6,10.5,6.6000000000000005,-2.5,3.4,16
20857,349039.0,0.7000000000000001,0.1,1.0,0.4,3.5,10.0,7.6,5.300000000000001,5.9,16
20858,349055.0,0.8,-0.1,0.5,0.4,3.3000000000000003,9.700000000000001,7.400000000000001,12.4,8.799999999999999,16
20859,349075.0,0.7000000000000001,-0.30000000000000004,0.5,0.30000000000000004,3.2,9.700000000000001,6.8,15.2,10.700000000000001,16
20860,349088.0,0.8,-0.30000000000000004,0.6000000000000001,0.4,3.1,9.8,5.4,12.100000000000001,11.2,16
20861,349105.0,0.9,-0.5,0.6000000000000001,0.5,2.9000000000000004,9.8,5.300000000000001,6.8,10.600000000000001,16
20862,349121.0,1.1,-0.7000000000000001,0.4,0.7000000000000001,2.8000000000000003,9.5,9.1,3.2,9.5,16
20863,349139.0,1.2000000000000002,-0.8,-0.30000000000000004,0.8,2.7,9.0,13.9,3.2,7.0,16
20864,349156.0,1.2000000000000002,-0.9,-0.6000000000000001,0.7000000000000001,2.6,8.5,14.3,4.300000000000001,2.4000000000000004,16
20865,349171.0,0.7000000000000001,-0.9,-0.9,0.2,2.7,8.200000000000001,10.700000000000001,3.6,-2.0,16
20866,349188.0,0.5,-0.9,-0.9,0.0,2.7,8.3,4.5,-0.4,-4.7,16
20867,349207.0,0.30000000000000004,-0.8,-0.6000000000000001,-0.1,2.7,8.5,-0.1,-6.5,-6.4,16
20868,349221.0,0.4,-0.8,-0.4,0.0,2.8000000000000003,8.700000000000001,-1.5000000000000002,-9.4,-8.200000000000001,16
20869,349238.0,0.5,-0.8,-0.30000000000000004,0.1,2.7,8.8,-0.2,-11.4,-11.4,16
20870,349255.0,0.5,-0.8,-0.30000000000000004,0.1,2.8000000000000003,8.8,-3.1,-15.6,-15.000000000000002,16
20871,349272.0,0.4,-0.6000000000000001,-0.2,0.1,2.9000000000000004,9.0,-9.1,-21.8,-16.6,16
20872,349289.0,0.5,-0.5,0.0,0.2,3.0,9.200000000000001,-14.100000000000001,-24.000000000000004,-15.100000000000001,16
20873,349306.0,0.5,-0.4,0.1,0.2,3.0,9.200000000000001,-15.2,-19.8,-12.5,16
20874,349323.0,0.30000000000000004,-0.30000000000000004,0.0,0.1,3.1,9.1,-12.000000000000002,-11.5,-9.8,16
20875,349338.0,0.1,-0.2,-0.1,-0.1,3.1,9.0,-6.5,-4.300000000000001,-7.699999999999999,16
20876,349355.0,0.0,-0.2,-0.2,-0.2,3.2,8.9,-0.8,-1.8,-7.6,16
20877,349371.0,0.1,-0.1,-0.4,-0.1,3.2,8.8,3.9,-1.7,-9.4,16
20878,349388.0,0.1,-0.1,-0.6000000000000001,-0.1,3.3000000000000003,8.5,7.300000000000001,-2.3000000000000003,-12.700000000000001,16
20879,349405.0,0.1,-0.1,-0.7000000000000001,0.0,3.2,8.3,7.8,-3.8,-17.200000000000003,16
20880,349421.0,0.1,-0.1,-0.9,0.0,3.3000000000000003,8.1,5.4,-6.3,-21.5,16
20881,349438.0,0.2,0.0,-1.1,0.0,3.4000000000000004,7.9,0.5,-7.9,-24.7,16
20882,349455.0,0.2,0.0,-1.1,-0.1,3.4000000000000004,7.9,-4.9,-7.6,-26.200000000000003,16
20883,349471.0,0.0,0.0,-0.9,-0.2,3.4000000000000004,8.1,-8.4,-7.2,-26.9,16
20884,349488.0,-0.30000000000000004,0.2,-0.6000000000000001,-0.5,3.6,8.3,-9.5,-5.2,-27.1,16
20885,349505.0,-0.6000000000000001,0.4,-0.5,-1.0,3.8000000000000003,8.5,-7.400000000000001,-4.2,-26.6,16
20886,349521.0,-0.9,0.6000000000000001,-0.2,-1.2000000000000002,4.0,8.700000000000001,-4.1000000000000005,-3.8,-26.200000000000003,16
20887,349538.0,-1.1,0.7000000000000001,0.0,-1.4000000000000001,4.0,8.8,0.0,-2.7,-27.0,16
20888,349555.0,-1.2000000000000002,0.6000000000000001,0.1,-1.6,4.0,9.0,4.0,-3.4,-27.400000000000002,16
20889,349572.0,-1.3,0.7000000000000001,0.2,-1.7000000000000002,4.1000000000000005,9.0,6.1000000000000005,-4.300000000000001,-26.1,16
20890,349588.0,-1.3,0.7000000000000001,0.2,-1.7000000000000002,4.1000000000000005,9.1,6.3,-3.9,-24.000000000000004,16
20891,349605.0,-1.4000000000000001,0.6000000000000001,0.30000000000000004,-1.8,4.0,9.3,4.6000000000000005,-2.4000000000000004,-22.000000000000004,16
20892,349622.0,-1.5,0.5,0.6000000000000001,-1.9000000000000001,3.9000000000000004,9.5,0.5,-3.3000000000000003,-19.500000000000004,16
20893,349638.0,-1.4000000000000001,0.30000000000000004,1.0,-1.8,3.7,9.9,-5.300000000000001,-5.2,-16.8,16
20894,349655.0,-1.3,0.2,1.2000000000000002,-1.7000000000000002,3.6,10.200000000000001,-7.2,-3.6,-13.700000000000001,16
20895,349672.0,-1.3,0.2,1.6,-1.7000000000000002,3.6,10.600000000000001,-3.8,0.1,-10.0,16
20896,349688.0,-1.1,0.2,2.0,-1.5,3.5,10.9,-1.5000000000000002,-1.0999999999999999,-6.2,16
20897,349706.0,-0.8,0.1,2.1,-1.1,3.4000000000000004,11.100000000000001,-2.9,-5.0,-4.1000000000000005,16
20898,349721.0,-0.30000000000000004,0.0,2.0,-0.8,3.4000000000000004,10.9,0.5,-1.8,-1.8,16
20899,349738.0,-0.5,0.2,1.8,-1.0,3.6,10.700000000000001,6.6000000000000005,6.4,2.0,16
20900,349756.0,-0.8,0.5,1.4000000000000001,-1.3,3.9000000000000004,10.4,8.600000000000001,10.5,7.8,16
20901,349771.0,-0.6000000000000001,0.6000000000000001,1.3,-1.0,4.0,10.200000000000001,7.0,10.3,12.3,16
20902,349788.0,-0.1,0.5,1.3,-0.6000000000000001,3.9000000000000004,10.200000000000001,8.700000000000001,10.600000000000001,13.100000000000001,16
20903,349805.0,0.2,0.30000000000000004,1.3,-0.2,3.7,10.200000000000001,11.4,7.699999999999999,10.2,16
20904,349821.0,0.7000000000000001,0.1,1.1,0.30000000000000004,3.5,9.9,11.700000000000001,3.8,5.300000000000001,16
20905,349838.0,1.1,-0.2,0.7000000000000001,0.6000000000000001,3.3000000000000003,9.600000000000001,9.4,0.5,0.0,16
20906,349855.0,1.3,-0.4,0.4,0.8,3.1,9.3,5.8,-2.3000000000000003,-3.9,16
20907,349871.0,1.5,-0.5,0.2,1.1,3.0,9.1,3.1,-2.7,-6.5,16
20908,349888.0,1.8,-0.7000000000000001,0.0,1.3,2.8000000000000003,8.9,0.1,-2.8,-10.3,16
20909,349905.0,1.8,-0.8,-0.1,1.3,2.7,8.8,-5.0,-5.7,-15.100000000000001,16
20910,349921.0,1.8,-0.9,-0.1,1.4000000000000001,2.7,8.8,-9.600000000000001,-9.9,-17.8,16
20911,349938.0,2.0,-0.8,-0.30000000000000004,1.5,2.7,8.700000000000001,-11.6,-10.600000000000001,-18.1,16
20912,349955.0,2.0,-0.8,-0.4,1.5,2.6,8.5,-10.8,-7.6,-17.7,16
20913,349971.0,2.0,-0.8,-0.4,1.4000000000000001,2.6,8.5,-7.9,-4.0,-18.900000000000002,16
20914,350005.0,0.9,-0.5,-0.4,0.4,2.9000000000000004,8.5,-4.0,-3.0000000000000004,-19.6,16
20915,350021.0,0.6000000000000001,-0.4,-0.5,0.0,3.0,8.5,-6.1000000000000005,-8.5,-18.5,16
20916,350038.0,0.30000000000000004,-0.2,-0.5,-0.2,3.1,8.5,-9.9,-12.700000000000001,-17.8,16
20917,350056.0,0.0,-0.1,-0.4,-0.4,3.2,8.6,-12.3,-14.900000000000002,-17.599999999999998,16
20918,350073.0,-0.1,0.0,-0.5,-0.5,3.2,8.5,-13.8,-11.5,-18.400000000000002,16
20919,350088.0,-0.2,0.0,-0.6000000000000001,-0.7000000000000001,3.2,8.3,-14.600000000000001,-5.1,-19.1,16
20920,350105.0,-0.5,0.0,-0.8,-1.0,3.2,8.200000000000001,-14.700000000000001,1.8,-18.2,16
20921,350121.0,-0.7000000000000001,0.1,-0.9,-1.3,3.2,8.0,-14.500000000000002,6.1000000000000005,-16.2,16
20922,350138.0,-0.9,0.1,-1.1,-1.5,3.1,7.9,-15.5,6.4,-13.5,16
20923,350155.0,-1.1,0.1,-1.0,-1.6,3.1,8.1,-18.1,2.6,-10.5,16
20924,350175.0,-1.1,0.1,-0.8,-1.6,3.0,8.200000000000001,-18.7,-3.0000000000000004,-6.1000000000000005,16
20925,350189.0,-0.9,0.0,-0.7000000000000001,-1.4000000000000001,3.0,8.4,-18.1,-7.2,-1.5000000000000002,16
20926,350207.0,-0.7000000000000001,0.0,-0.6000000000000001,-1.2000000000000002,2.9000000000000004,8.5,-16.6,-8.9,2.9,16
20927,350221.0,-0.7000000000000001,0.1,-0.5,-1.2000000000000002,2.9000000000000004,8.6,-14.900000000000002,-9.5,7.9,16
20928,350238.0,-0.8,0.2,-0.30000000000000004,-1.2000000000000002,3.1,8.8,-12.100000000000001,-8.4,14.200000000000001,16
20929,350255.0,-0.9,0.30000000000000004,-0.2,-1.3,3.1,8.9,-8.700000000000001,-5.4,20.5,16
20930,350277.0,-1.0,0.4,-0.1,-1.4000000000000001,3.2,9.0,-5.1,-1.5000000000000002,25.8,16
20931,350288.0,-0.9,0.4,-0.1,-1.3,3.2,9.0,-1.4,1.0999999999999999,30.100000000000005,16
20932,350310.0,-0.8,0.4,-0.2,-1.2000000000000002,3.2,8.9,1.5000000000000002,4.0,33.6,16
20933,350321.0,-0.7000000000000001,0.4,-0.30000000000000004,-1.1,3.2,8.8,3.5,5.500000000000001,36.7,16
20934,350338.0,-0.6000000000000001,0.30000000000000004,-0.4,-0.9,3.1,8.6,3.7000000000000006,6.7,38.7,16
20935,350355.0,-0.4,0.30000000000000004,-0.5,-0.6000000000000001,3.1,8.6,2.4000000000000004,5.2,40.3,16
20936,350379.0,0.1,0.2,-0.30000000000000004,-0.30000000000000004,3.1,8.8,-2.4000000000000004,1.4,40.1,16
20937,350388.0,0.4,0.2,-0.1,0.2,3.1,9.1,-8.4,-5.300000000000001,39.00000000000001,16
20938,350406.0,1.0,0.2,0.30000000000000004,0.9,3.1,9.4,-11.700000000000001,-8.799999999999999,36.1,16
20939,350421.0,1.4000000000000001,0.4,0.6000000000000001,1.2000000000000002,3.2,9.700000000000001,-8.9,-2.4000000000000004,31.0,16
20940,350438.0,1.1,0.5,0.8,0.8,3.5,10.0,-2.4000000000000004,6.000000000000001,27.6,16
20941,350455.0,0.8,0.9,1.4000000000000001,0.7000000000000001,3.8000000000000003,10.5,-2.8,2.8,25.5,16
20942,350480.0,1.0,1.1,1.9000000000000001,0.9,3.9000000000000004,11.0,-7.9,-9.8,16.5,16
20943,350488.0,1.2000000000000002,1.1,2.3000000000000003,1.3,3.8000000000000003,11.8,-7.9,-9.8,16.5,16
20944,350505.0,1.7000000000000002,0.9,3.2,1.7000000000000002,3.6,12.4,-8.0,-14.800000000000002,10.1,16
20945,350521.0,2.2,0.7000000000000001,3.3000000000000003,2.2,3.4000000000000004,12.5,-6.6000000000000005,-14.700000000000001,4.7,16
20946,350538.0,2.2,0.5,3.2,2.2,3.2,12.4,-4.5,-10.700000000000001,0.9,16
20947,350555.0,1.7000000000000002,0.30000000000000004,3.1,1.7000000000000002,3.1,12.3,-1.0999999999999999,-8.700000000000001,0.5,16
20948,350577.0,1.2000000000000002,0.2,2.9000000000000004,1.3,3.0,12.100000000000001,2.6,-5.500000000000001,3.2,16
20949,350590.0,0.6000000000000001,0.0,2.4000000000000004,0.8,2.8000000000000003,11.700000000000001,8.5,-0.8,6.1000000000000005,16
20950,350606.0,0.4,-0.2,2.0,0.5,2.5,11.0,16.3,5.6,8.4,16
20951,350625.0,0.1,-0.6000000000000001,1.1,0.30000000000000004,2.2,10.200000000000001,24.200000000000003,11.6,7.300000000000001,16
20952,350639.0,-0.1,-1.0,0.1,0.1,2.0,9.4,29.1,14.800000000000002,2.6,16
20953,350655.0,-0.2,-1.1,-0.30000000000000004,-0.2,1.9000000000000001,8.8,29.500000000000004,14.3,-4.300000000000001,16
20954,350675.0,-0.5,-1.1,-0.8,-0.5,2.1,8.4,25.400000000000002,10.0,-9.8,16
20955,350691.0,-0.5,-1.0,-0.9,-0.5,2.2,8.3,16.5,2.8,-13.0,16
20956,350707.0,-0.4,-1.0,-0.8,-0.4,2.1,8.3,5.8,-4.0,-16.2,16
20957,350725.0,-0.2,-1.1,-0.8,-0.1,2.0,8.4,-3.2,-10.9,-18.900000000000002,16
20958,350738.0,0.1,-1.2000000000000002,-0.4,0.1,1.9000000000000001,8.700000000000001,-12.4,-16.700000000000003,-21.6,16
20959,350755.0,0.30000000000000004,-1.3,-0.2,0.4,1.8,9.1,-21.3,-21.3,-21.6,16
20960,350777.0,0.5,-1.2000000000000002,0.4,0.5,1.7000000000000002,9.5,-26.200000000000003,-22.3,-19.200000000000003,16
20961,350791.0,0.4,-1.2000000000000002,0.4,0.5,1.7000000000000002,9.600000000000001,-24.1,-15.000000000000002,-14.3,16
20962,350806.0,0.1,-1.1,0.4,0.1,1.8,9.5,-12.5,-3.5,-8.5,16
20963,350822.0,-0.30000000000000004,-0.9,0.1,-0.1,2.0,9.3,0.0,5.300000000000001,-4.1000000000000005,16
20964,350838.0,-0.4,-0.7000000000000001,-0.1,-0.30000000000000004,2.1,9.1,7.6,8.0,-3.7000000000000006,16
20965,350855.0,-0.6000000000000001,-0.6000000000000001,-0.30000000000000004,-0.5,2.3000000000000003,8.8,12.100000000000001,7.300000000000001,-4.7,16
20966,350876.0,-0.5,-0.5,-0.8,-0.5,2.4000000000000004,8.5,14.200000000000001,5.500000000000001,-7.300000000000001,16
20967,350888.0,-0.4,-0.5,-1.0,-0.4,2.4000000000000004,8.200000000000001,14.900000000000002,4.2,-10.1,16
20968,350905.0,-0.4,-0.4,-1.2000000000000002,-0.30000000000000004,2.5,7.7,12.4,2.1,-13.0,16
20969,350922.0,-0.2,-0.4,-1.6,-0.1,2.6,7.5,7.8,1.0,-15.7,16
20970,350938.0,0.0,-0.4,-1.7000000000000002,0.0,2.6,7.4,2.1999999999999997,-0.4,-18.7,16
20971,350955.0,0.0,-0.4,-1.7000000000000002,0.0,2.6,7.5,-4.0,-2.3000000000000003,-22.2,16
20972,350972.0,-0.1,-0.30000000000000004,-1.5,-0.2,2.6,7.6000000000000005,-9.3,-4.1000000000000005,-25.6,16
20973,350993.0,-0.4,-0.30000000000000004,-1.3,-0.5,2.7,7.800000000000001,-11.8,-4.3999999999999995,-28.3,16
20974,351005.0,-0.9,0.0,-0.8,-1.0,2.8000000000000003,8.200000000000001,-10.700000000000001,-6.3,-29.600000000000005,16
20975,351021.0,-1.1,0.1,-0.4,-1.2000000000000002,3.0,8.8,-10.9,-13.3,-29.600000000000005,16
20976,351038.0,-1.1,0.2,0.2,-1.2000000000000002,3.0,9.4,-11.4,-21.1,-29.200000000000003,16
20977,351055.0,-1.1,0.2,0.6000000000000001,-1.1,3.0,9.8,-9.3,-26.200000000000003,-28.500000000000004,16
20978,351072.0,-1.0,0.30000000000000004,0.8,-1.0,3.1,10.0,-4.9,-25.1,-25.700000000000003,16
20979,351094.0,-1.1,0.4,1.0,-1.0,3.2,10.200000000000001,0.2,-18.1,-21.200000000000003,16
20980,351108.0,-1.1,0.30000000000000004,1.4000000000000001,-1.0,3.1,10.5,8.4,-10.3,-17.9,16
20981,351123.0,-1.3,0.30000000000000004,1.3,-1.3,3.2,10.4,14.100000000000001,-6.000000000000001,-16.3,16
20982,351140.0,-1.5,0.4,1.2000000000000002,-1.4000000000000001,3.3000000000000003,10.3,12.6,-4.1000000000000005,-15.7,16
20983,351155.0,-1.5,0.30000000000000004,1.3,-1.5,3.2,10.5,10.4,-0.4,-14.800000000000002,16
20984,351171.0,-1.6,0.30000000000000004,1.3,-1.6,3.2,10.5,13.100000000000001,5.4,-13.0,16
20985,351191.0,-1.5,0.30000000000000004,1.4000000000000001,-1.5,3.3000000000000003,10.5,15.6,9.700000000000001,-11.9,16
20986,351207.0,-1.3,0.2,1.6,-1.4000000000000001,3.3000000000000003,10.700000000000001,12.3,6.8,-12.000000000000002,16
20987,351223.0,-1.2000000000000002,0.2,1.7000000000000002,-1.2000000000000002,3.3000000000000003,10.8,7.1000000000000005,1.7,-10.5,16
20988,351238.0,-1.0,0.2,1.6,-1.2000000000000002,3.3000000000000003,10.8,6.2,1.7,-7.500000000000001,16
20989,351255.0,-0.7000000000000001,0.2,1.4000000000000001,-0.9,3.3000000000000003,10.600000000000001,4.9,3.3000000000000003,-3.7000000000000006,16
20990,351272.0,-0.6000000000000001,0.2,1.6,-0.7000000000000001,3.2,10.8,3.7000000000000006,4.0,-0.2,16
20991,351292.0,-0.30000000000000004,0.0,1.7000000000000002,-0.4,3.1,10.8,5.300000000000001,4.6000000000000005,1.6,16
20992,351306.0,0.0,-0.1,1.6,-0.2,3.0,10.700000000000001,7.1000000000000005,6.2,0.5,16
20993,351322.0,0.1,-0.2,1.5,-0.1,2.9000000000000004,10.600000000000001,8.200000000000001,6.5,-1.8,16
20994,351338.0,0.30000000000000004,-0.4,1.2000000000000002,0.2,2.7,10.3,6.4,5.9,-4.2,16
20995,351355.0,0.7000000000000001,-0.6000000000000001,0.7000000000000001,0.4,2.6,9.9,3.5,7.699999999999999,-5.6,16
20996,351371.0,0.8,-0.7000000000000001,0.4,0.7000000000000001,2.5,9.4,3.1,14.100000000000001,-5.2,16
20997,351390.0,1.1,-0.8,-0.1,0.8,2.3000000000000003,9.0,5.300000000000001,22.000000000000004,-5.1,16
20998,351405.0,1.2000000000000002,-1.0,-0.30000000000000004,0.8,2.2,8.9,6.3,24.1,-6.6000000000000005,16
20999,351422.0,1.1,-0.9,-0.5,0.6000000000000001,2.3000000000000003,8.700000000000001,5.8,19.3,-7.400000000000001,16
21000,351438.0,1.1,-0.8,-0.6000000000000001,0.6000000000000001,2.4000000000000004,8.5,5.2,13.3,-5.2,16
21001,351455.0,1.3,-0.7000000000000001,-0.7000000000000001,0.8,2.5,8.4,4.2,5.300000000000001,-2.0,16
21002,351471.0,1.4000000000000001,-0.7000000000000001,-0.8,1.0,2.6,8.3,2.9,-1.0999999999999999,0.4,16
21003,351488.0,1.6,-0.6000000000000001,-0.8,1.1,2.6,8.3,2.3000000000000003,-4.9,1.5000000000000002,16
21004,351504.0,1.5,-0.5,-0.8,1.0,2.7,8.3,0.7,-7.699999999999999,2.1,16
21005,351522.0,1.1,-0.30000000000000004,-0.6000000000000001,0.8,2.9000000000000004,8.5,-2.7,-11.6,3.0000000000000004,16
21006,351538.0,0.9,-0.30000000000000004,-0.30000000000000004,0.5,2.9000000000000004,8.9,-8.9,-17.599999999999998,3.7000000000000006,16
21007,351554.0,0.7000000000000001,-0.30000000000000004,-0.2,0.30000000000000004,2.8000000000000003,9.0,-13.700000000000001,-20.5,3.4,16
21008,351572.0,0.30000000000000004,-0.4,0.0,0.1,2.7,9.1,-14.4,-16.400000000000002,2.9,16
21009,351588.0,0.0,-0.30000000000000004,0.0,-0.4,2.8000000000000003,9.1,-11.2,-8.4,3.2,16
21010,351605.0,-0.4,-0.30000000000000004,0.0,-0.7000000000000001,2.7,9.1,-8.200000000000001,-0.4,2.8,16
21011,351621.0,-1.0,-0.30000000000000004,-0.2,-1.2000000000000002,2.7,9.0,-7.1000000000000005,4.5,2.5,16
21012,351638.0,-1.1,-0.30000000000000004,-0.30000000000000004,-1.4000000000000001,2.7,8.9,-8.0,5.6,3.5,16
21013,351654.0,-1.2000000000000002,-0.30000000000000004,-0.30000000000000004,-1.4000000000000001,2.7,8.8,-9.200000000000001,7.300000000000001,5.6,16
21014,351672.0,-1.1,-0.4,-0.5,-1.3,2.6,8.700000000000001,-8.799999999999999,9.0,8.0,16
21015,351688.0,-1.0,-0.4,-0.5,-1.2000000000000002,2.5,8.700000000000001,-7.500000000000001,10.2,11.4,16
21016,351709.0,-0.8,-0.4,-0.6000000000000001,-1.1,2.5,8.5,-6.2,8.9,15.6,16
21017,351722.0,-0.7000000000000001,-0.4,-0.6000000000000001,-1.0,2.5,8.6,-7.0,5.8,19.9,16
21018,351738.0,-0.7000000000000001,-0.30000000000000004,-0.6000000000000001,-1.0,2.6,8.6,-9.700000000000001,0.5,25.3,16
21019,351755.0,-0.6000000000000001,-0.2,-0.5,-0.9,2.7,8.700000000000001,-11.2,-2.8,31.900000000000002,16
21020,351772.0,-0.4,0.0,-0.30000000000000004,-0.7000000000000001,2.8000000000000003,8.9,-9.4,-3.0000000000000004,38.300000000000004,16
21021,351789.0,-0.30000000000000004,0.0,-0.2,-0.5,2.9000000000000004,9.200000000000001,-5.500000000000001,0.8,41.9,16
21022,351805.0,-0.2,0.2,0.1,-0.4,3.0,9.3,1.2000000000000002,5.7,43.1,16
21023,351821.0,-0.2,0.5,0.2,-0.4,3.3000000000000003,9.3,6.4,10.700000000000001,42.800000000000004,16
21024,351838.0,-0.30000000000000004,0.6000000000000001,0.1,-0.5,3.5,9.200000000000001,9.4,12.700000000000001,42.2,16
21025,351855.0,-0.2,0.8,0.0,-0.4,3.7,9.1,9.700000000000001,13.700000000000001,40.8,16
21026,351871.0,-0.1,0.9,-0.1,-0.30000000000000004,3.9000000000000004,9.1,8.9,14.200000000000001,38.6,16
21027,351888.0,0.1,1.0,0.0,0.0,4.0,9.1,6.9,14.100000000000001,35.4,16
21028,351905.0,0.5,1.1,0.0,0.4,4.1000000000000005,9.200000000000001,3.2,11.6,30.299999999999997,16
21029,351921.0,1.0,1.0,0.2,0.8,4.0,9.4,-2.0,7.699999999999999,23.8,16
21030,351938.0,1.2000000000000002,1.0,0.4,1.2000000000000002,4.0,9.700000000000001,-5.4,6.4,17.5,16
21031,351955.0,1.5,1.0,0.6000000000000001,1.4000000000000001,3.9000000000000004,9.8,-5.8,7.9,13.9,16
21032,351971.0,1.6,0.8,0.5,1.4000000000000001,3.8000000000000003,9.700000000000001,-4.2,12.9,12.100000000000001,16
21033,352005.0,0.8,0.8,0.30000000000000004,0.30000000000000004,3.8000000000000003,9.600000000000001,5.7,24.3,13.4,16
21034,352022.0,0.1,0.9,0.6000000000000001,-0.2,3.9000000000000004,9.9,8.9,18.2,15.8,16
21035,352039.0,-0.1,0.9,1.4000000000000001,-0.5,4.0,10.5,7.400000000000001,2.5,16.6,16
21036,352056.0,0.1,0.8,1.5,0.0,3.8000000000000003,10.700000000000001,5.4,-11.1,16.0,16
21037,352072.0,0.4,0.5,1.4000000000000001,0.2,3.5,10.600000000000001,7.400000000000001,-15.2,13.4,16
21038,352088.0,0.30000000000000004,0.2,1.3,0.1,3.3000000000000003,10.5,5.9,-15.5,11.2,16
21039,352107.0,0.0,0.2,1.4000000000000001,-0.1,3.3000000000000003,10.600000000000001,-0.8,-17.599999999999998,11.3,16
21040,352121.0,-0.1,0.4,1.7000000000000002,-0.1,3.5,11.0,-4.7,-16.0,16.8,16
21041,352138.0,0.2,0.30000000000000004,2.1,0.2,3.4000000000000004,11.3,-2.4000000000000004,-12.000000000000002,23.900000000000002,16
21042,352155.0,0.4,0.2,2.1,0.6000000000000001,3.2,11.200000000000001,7.699999999999999,-4.6000000000000005,26.9,16
21043,352171.0,0.7000000000000001,0.0,1.6,0.8,3.1,10.700000000000001,20.6,2.6,25.2,16
21044,352190.0,1.0,-0.2,0.7000000000000001,1.0,3.0,9.9,30.000000000000004,8.9,21.1,16
21045,352205.0,1.0,-0.2,0.7000000000000001,1.0,3.0,9.9,30.000000000000004,8.9,21.1,16
21046,352221.0,0.9,-0.7000000000000001,-0.7000000000000001,1.0,2.6,8.3,31.7,15.2,12.000000000000002,16
21047,352238.0,0.7000000000000001,-0.9,-1.4000000000000001,0.7000000000000001,2.5,7.6000000000000005,28.0,17.400000000000002,9.8,16
21048,352255.0,0.6000000000000001,-1.0,-1.7000000000000002,0.5,2.4000000000000004,7.300000000000001,19.9,17.9,8.799999999999999,16
21049,352271.0,0.4,-1.3,-1.9000000000000001,0.30000000000000004,2.2,7.2,13.4,16.1,6.8,16
21050,352289.0,0.30000000000000004,-1.5,-1.8,0.2,2.1,7.2,7.699999999999999,12.8,3.5,16
21051,352306.0,0.2,-1.5,-1.6,0.1,2.0,7.4,2.1999999999999997,6.3,-0.6000000000000001,16
21052,352321.0,0.2,-1.5,-1.5,0.1,2.1,7.7,-4.5,-2.3000000000000003,-4.6000000000000005,16
21053,352338.0,0.30000000000000004,-1.3,-1.1,0.2,2.2,7.9,-10.4,-10.3,-7.6,16
21054,352355.0,0.30000000000000004,-1.1,-1.2000000000000002,0.30000000000000004,2.3000000000000003,7.800000000000001,-18.0,-17.5,-9.700000000000001,16
21055,352371.0,0.4,-1.0,-0.8,0.5,2.5,8.4,-28.1,-24.200000000000003,-11.2,16
21056,352397.0,0.7000000000000001,-0.7000000000000001,0.2,0.7000000000000001,2.6,9.5,-34.0,-20.0,-13.100000000000001,16
21057,352405.0,0.6000000000000001,-0.6000000000000001,0.4,0.7000000000000001,2.6,9.5,-34.0,-20.0,-13.100000000000001,16
21058,352422.0,0.4,-0.5,0.5,0.5,2.8000000000000003,9.8,-34.300000000000004,-20.3,-12.3,16
21059,352439.0,0.0,-0.1,0.7000000000000001,0.1,2.9000000000000004,9.8,-28.900000000000002,-15.7,-9.5,16
21060,352456.0,-0.4,-0.1,0.6000000000000001,-0.2,2.9000000000000004,9.8,-21.0,-10.4,-5.0,16
21061,352471.0,-0.6000000000000001,0.0,0.6000000000000001,-0.4,3.0,9.700000000000001,-14.700000000000001,-8.200000000000001,-2.5,16
21062,352488.0,-0.6000000000000001,0.1,0.4,-0.4,3.0,9.600000000000001,-9.700000000000001,-7.1000000000000005,-1.0999999999999999,16
21063,352505.0,-0.6000000000000001,-0.1,0.2,-0.30000000000000004,2.8000000000000003,9.4,-4.300000000000001,-7.1000000000000005,-1.7,16
21064,352521.0,-0.8,0.1,0.1,-0.30000000000000004,2.8000000000000003,9.3,1.8,-5.0,-2.1,16
21065,352538.0,-0.2,-0.2,-0.6000000000000001,-0.1,2.8000000000000003,8.700000000000001,3.0000000000000004,-6.3,-4.7,16
21066,352555.0,-0.5,0.1,-0.5,-0.2,3.1,8.700000000000001,3.0000000000000004,-6.3,-4.7,16
21067,352572.0,-0.5,0.2,-0.8,-0.2,3.1,8.4,-1.6,-6.6000000000000005,-6.8,16
21068,352588.0,-0.5,0.30000000000000004,-0.8,-0.30000000000000004,3.2,8.4,-5.9,-5.9,-8.600000000000001,16
21069,352605.0,-0.7000000000000001,0.4,-0.8,-0.4,3.3000000000000003,8.5,-8.799999999999999,-4.300000000000001,-10.5,16
21070,352623.0,-0.8,0.6000000000000001,-0.5,-0.5,3.4000000000000004,8.700000000000001,-10.4,-3.5,-11.9,16
21071,352638.0,-0.7000000000000001,0.6000000000000001,-0.30000000000000004,-0.4,3.4000000000000004,9.0,-10.0,-3.4,-13.200000000000001,16
21072,352655.0,-0.6000000000000001,0.5,-0.1,-0.30000000000000004,3.3000000000000003,9.1,-7.500000000000001,-2.6,-15.299999999999999,16
21073,352672.0,-0.6000000000000001,0.5,0.0,-0.30000000000000004,3.3000000000000003,9.3,-3.8,-1.4,-17.8,16
21074,352688.0,-0.7000000000000001,0.6000000000000001,0.2,-0.5,3.4000000000000004,9.5,-1.4,-2.1,-19.0,16
21075,352705.0,-0.8,0.7000000000000001,0.4,-0.6000000000000001,3.5,9.700000000000001,-0.5,-3.4,-17.8,16
21076,352721.0,-0.9,0.7000000000000001,0.5,-0.7000000000000001,3.5,9.8,0.30000000000000004,-3.7000000000000006,-15.100000000000001,16
21077,352738.0,-0.9,0.7000000000000001,0.7000000000000001,-0.7000000000000001,3.5,10.100000000000001,1.0999999999999999,-2.6,-12.700000000000001,16
21078,352755.0,-0.9,0.6000000000000001,1.0,-0.7000000000000001,3.4000000000000004,10.3,2.6,-0.8,-12.8,16
21079,352772.0,-1.0,0.5,1.3,-0.9,3.3000000000000003,10.5,4.800000000000001,1.0999999999999999,-14.0,16
21080,352788.0,-1.1,0.5,1.4000000000000001,-1.0,3.4000000000000004,10.8,5.8,0.5,-14.0,16
21081,352805.0,-1.1,0.5,1.8,-0.9,3.3000000000000003,11.100000000000001,2.8,-5.1,-12.000000000000002,16
21082,352821.0,-0.7000000000000001,0.4,2.0,-0.5,3.3000000000000003,11.3,-1.5000000000000002,-11.000000000000002,-7.300000000000001,16
21083,352838.0,-0.4,0.4,2.0,-0.1,3.3000000000000003,11.200000000000001,-1.3,-9.5,-1.0999999999999999,16
21084,352856.0,-0.1,0.30000000000000004,2.0,0.1,3.2,11.4,1.0,-6.3,3.5,16
21085,352871.0,0.2,0.30000000000000004,2.2,0.4,3.2,11.5,3.5,-3.3000000000000003,6.3,16
21086,352888.0,0.2,0.30000000000000004,2.0,0.5,3.1,11.200000000000001,8.0,0.0,7.9,16
21087,352905.0,0.4,0.1,1.7000000000000002,0.6000000000000001,3.0,11.0,12.3,3.4,7.699999999999999,16
21088,352922.0,0.7000000000000001,-0.2,1.4000000000000001,0.9,2.8000000000000003,10.700000000000001,15.000000000000002,5.1,4.9,16
21089,352938.0,0.8,-0.30000000000000004,1.2000000000000002,1.1,2.6,10.4,16.400000000000002,6.2,0.4,16
21090,352955.0,1.0,-0.7000000000000001,0.6000000000000001,1.3,2.4000000000000004,9.8,16.900000000000002,8.5,-4.300000000000001,16
21091,352971.0,1.2000000000000002,-0.9,-0.2,1.4000000000000001,2.2,9.0,16.5,13.3,-8.4,16
21092,352996.0,1.1,-1.2000000000000002,-0.9,1.2000000000000002,2.0,8.4,13.8,19.8,-12.000000000000002,16
21093,353006.0,1.0,-1.3,-1.1,1.1,1.8,8.200000000000001,8.9,22.000000000000004,-14.800000000000002,16
21094,353021.0,1.0,-1.4000000000000001,-1.2000000000000002,1.0,1.7000000000000002,8.0,2.9,21.3,-16.3,16
21095,353038.0,1.1,-1.5,-1.2000000000000002,0.9,1.7000000000000002,8.1,-2.3000000000000003,17.599999999999998,-16.400000000000002,16
21096,353054.0,0.9,-1.3,-1.1,0.8,1.9000000000000001,8.3,-4.7,13.0,-13.5,16
21097,353071.0,0.9,-1.1,-0.8,0.8,2.0,8.5,-4.7,6.6000000000000005,-9.3,16
21098,353088.0,1.1,-1.0,-0.6000000000000001,1.1,2.1,8.700000000000001,-1.8,-0.9,-7.0,16
21099,353105.0,1.4000000000000001,-0.9,-0.5,1.3,2.2,8.700000000000001,1.9,-6.3,-7.9,16
21100,353121.0,1.4000000000000001,-0.8,-0.5,1.3,2.3000000000000003,8.8,3.3000000000000003,-10.700000000000001,-9.9,16
21101,353142.0,1.1,-0.5,-0.4,1.0,2.6,8.8,1.6,-13.6,-11.1,16
21102,353156.0,0.8,-0.4,-0.4,0.7000000000000001,2.8000000000000003,8.8,-1.8,-13.200000000000001,-10.5,16
21103,353175.0,0.4,-0.2,-0.6000000000000001,0.30000000000000004,2.8000000000000003,8.6,-6.1000000000000005,-9.200000000000001,-9.600000000000001,16
21104,353188.0,0.1,-0.2,-0.7000000000000001,-0.2,2.9000000000000004,8.5,-10.5,-3.4,-8.5,16
21105,353205.0,-0.6000000000000001,-0.1,-0.6000000000000001,-0.7000000000000001,3.0,8.700000000000001,-13.100000000000001,1.2000000000000002,-6.6000000000000005,16
21106,353221.0,-1.0,0.0,-0.30000000000000004,-1.0,2.9000000000000004,8.9,-14.800000000000002,2.1,-5.9,16
21107,353238.0,-1.2000000000000002,0.0,-0.30000000000000004,-1.2000000000000002,2.9000000000000004,9.0,-14.800000000000002,1.4,-6.000000000000001,16
21108,353256.0,-1.1,-0.1,-0.30000000000000004,-1.2000000000000002,2.8000000000000003,9.0,-13.9,0.9,-6.000000000000001,16
21109,353279.0,-1.0,-0.1,-0.4,-1.0,2.7,8.8,-12.700000000000001,0.1,-1.9,16
21110,353288.0,-0.9,-0.1,-0.5,-1.0,2.7,8.8,-12.700000000000001,0.1,-1.9,16
21111,353304.0,-0.7000000000000001,-0.1,-0.5,-0.7000000000000001,2.7,8.8,-13.200000000000001,-0.5,1.7,16
21112,353321.0,-0.5,-0.1,-0.4,-0.6000000000000001,2.7,8.9,-12.8,-0.30000000000000004,5.8,16
21113,353338.0,-0.4,0.0,-0.1,-0.4,2.7,9.200000000000001,-11.700000000000001,-0.7,10.2,16
21114,353356.0,-0.30000000000000004,0.0,-0.1,-0.4,2.8000000000000003,9.200000000000001,-10.0,-1.0,13.9,16
21115,353376.0,-0.5,0.2,0.0,-0.5,3.0,9.3,-6.2,0.1,18.6,16
21116,353388.0,-0.5,0.5,0.0,-0.6000000000000001,3.2,9.3,0.0,2.5,23.8,16
21117,353405.0,-0.5,0.6000000000000001,0.0,-0.6000000000000001,3.3000000000000003,9.3,6.1000000000000005,4.3999999999999995,27.1,16
21118,353421.0,-0.4,0.7000000000000001,-0.2,-0.5,3.5,9.1,9.9,4.9,27.5,16
21119,353439.0,-0.5,0.9,-0.30000000000000004,-0.5,3.7,9.0,12.6,6.8,26.700000000000003,16
21120,353455.0,-0.5,1.0,-0.30000000000000004,-0.6000000000000001,3.9000000000000004,8.9,13.100000000000001,8.700000000000001,26.1,16
21121,353476.0,-0.5,1.0,-0.5,-0.5,3.9000000000000004,8.8,9.600000000000001,9.3,25.0,16
21122,353488.0,-0.30000000000000004,0.9,-0.4,-0.30000000000000004,3.8000000000000003,8.9,4.0,9.0,22.3,16
21123,353506.0,-0.1,0.8,-0.30000000000000004,-0.2,3.7,9.1,-1.6,8.9,19.200000000000003,16
21124,353521.0,0.0,0.7000000000000001,0.1,-0.1,3.7,9.4,-5.0,9.0,17.3,16
21125,353538.0,0.2,0.6000000000000001,0.5,0.1,3.5,9.8,-7.1000000000000005,7.300000000000001,16.6,16
21126,353555.0,0.30000000000000004,0.5,0.7000000000000001,0.4,3.4000000000000004,10.100000000000001,-7.9,3.9,16.1,16
21127,353575.0,0.9,0.30000000000000004,1.0,0.7000000000000001,3.3000000000000003,10.3,-6.4,2.3000000000000003,15.299999999999999,16
21128,353588.0,1.0,0.30000000000000004,1.0,0.9,3.2,10.200000000000001,-1.9,5.9,14.600000000000001,16
21129,353605.0,0.7000000000000001,0.5,0.7000000000000001,0.6000000000000001,3.4000000000000004,10.0,5.6,15.100000000000001,14.900000000000002,16
21130,353621.0,0.4,0.7000000000000001,0.7000000000000001,0.2,3.8000000000000003,10.0,11.5,20.2,17.200000000000003,16
21131,353638.0,0.1,0.9,0.9,-0.1,4.0,10.200000000000001,12.000000000000002,16.1,18.2,16
21132,353656.0,0.1,1.0,1.2000000000000002,-0.1,4.1000000000000005,10.5,8.3,6.8,17.200000000000003,16
21133,353678.0,0.2,0.9,1.2000000000000002,0.0,4.0,10.4,6.4,-0.1,14.900000000000002,16
21134,353691.0,0.2,0.9,1.2000000000000002,0.1,4.0,10.4,6.7,-2.1,12.3,16
21135,353707.0,0.4,0.8,1.1,0.2,3.9000000000000004,10.4,6.000000000000001,-1.4,9.700000000000001,16
21136,353722.0,0.4,0.7000000000000001,1.1,0.30000000000000004,3.8000000000000003,10.3,5.500000000000001,1.5000000000000002,8.9,16
21137,353738.0,0.4,0.4,1.0,0.30000000000000004,3.5,10.200000000000001,7.1000000000000005,6.000000000000001,9.700000000000001,16
21138,353755.0,0.6000000000000001,0.0,0.8,0.4,3.2,10.100000000000001,9.0,9.3,11.4,16
21139,353776.0,0.8,-0.4,0.6000000000000001,0.6000000000000001,2.9000000000000004,9.9,12.3,10.5,13.4,16
21140,353788.0,0.9,-0.6000000000000001,0.30000000000000004,0.8,2.6,9.5,18.1,11.3,14.100000000000001,16
21141,353805.0,1.1,-1.0,-0.2,0.9,2.3000000000000003,9.0,24.9,12.4,12.8,16
21142,353821.0,1.1,-1.1,-0.4,0.9,2.3000000000000003,8.6,29.1,12.4,9.700000000000001,16
21143,353838.0,1.1,-1.1,-1.0,0.8,2.3000000000000003,8.1,28.700000000000003,11.1,6.4,16
21144,353856.0,0.8,-1.2000000000000002,-1.4000000000000001,0.6000000000000001,2.3000000000000003,7.7,22.900000000000002,8.1,3.7000000000000006,16
21145,353877.0,0.6000000000000001,-1.3,-1.5,0.4,2.3000000000000003,7.5,13.4,3.6,2.1999999999999997,16
21146,353888.0,0.5,-1.2000000000000002,-1.4000000000000001,0.30000000000000004,2.3000000000000003,7.800000000000001,3.2,-1.6,1.8,16
21147,353905.0,0.6000000000000001,-1.4000000000000001,-0.9,0.30000000000000004,2.3000000000000003,7.800000000000001,-3.6,-6.2,0.5,16
21148,353921.0,0.7000000000000001,-1.4000000000000001,-0.8,0.5,2.2,8.5,-5.6,-8.1,-2.6,16
21149,353938.0,0.6000000000000001,-1.2000000000000002,-0.4,0.30000000000000004,2.3000000000000003,8.700000000000001,-5.300000000000001,-8.799999999999999,-5.8,16
21150,353955.0,0.30000000000000004,-1.0,-0.2,0.1,2.5,8.9,-4.7,-9.1,-8.5,16
21151,353975.0,0.0,-0.8,-0.1,-0.1,2.7,8.9,-5.500000000000001,-9.600000000000001,-10.700000000000001,16
21152,353988.0,-0.1,-0.7000000000000001,-0.1,-0.2,2.8000000000000003,9.1,-9.600000000000001,-11.8,-12.8,16
21153,354006.0,-0.1,-0.6000000000000001,0.2,-0.2,2.8000000000000003,9.3,-17.9,-16.0,-14.800000000000002,16
21154,354021.0,0.0,-0.6000000000000001,0.4,-0.1,2.7,9.5,-26.200000000000003,-20.5,-15.000000000000002,16
21155,354038.0,0.1,-0.6000000000000001,0.5,0.1,2.6,9.700000000000001,-30.5,-19.500000000000004,-13.700000000000001,16
21156,354054.0,0.2,-0.7000000000000001,0.5,0.2,2.5,9.700000000000001,-29.800000000000004,-14.800000000000002,-12.3,16
21157,354074.0,0.0,-0.6000000000000001,0.5,0.1,2.5,9.700000000000001,-24.7,-8.700000000000001,-10.4,16
21158,354088.0,-0.1,-0.5,0.4,-0.2,2.5,9.600000000000001,-17.9,-3.7000000000000006,-8.3,16
21159,354104.0,-0.4,-0.4,0.2,-0.4,2.6,9.4,-13.200000000000001,-2.4000000000000004,-7.1000000000000005,16
21160,354122.0,-0.6000000000000001,-0.4,-0.1,-0.6000000000000001,2.6,9.1,-10.700000000000001,-4.6000000000000005,-7.2,16
21161,354138.0,-0.7000000000000001,-0.4,-0.30000000000000004,-0.6000000000000001,2.6,8.9,-9.9,-6.8,-7.400000000000001,16
21162,354154.0,-0.7000000000000001,-0.30000000000000004,-0.6000000000000001,-0.6000000000000001,2.5,8.6,-10.5,-7.8,-8.0,16
21163,354172.0,-0.6000000000000001,-0.4,-0.7000000000000001,-0.5,2.5,8.5,-12.3,-7.8,-8.600000000000001,16
21164,354189.0,-0.6000000000000001,-0.30000000000000004,-0.8,-0.6000000000000001,2.5,8.5,-14.3,-5.9,-8.9,16
21165,354212.0,-0.6000000000000001,-0.30000000000000004,-0.7000000000000001,-0.6000000000000001,2.5,8.5,-16.400000000000002,-4.300000000000001,-8.4,16
21166,354221.0,-0.6000000000000001,-0.2,-0.7000000000000001,-0.6000000000000001,2.5,8.6,-18.1,-3.4,-8.1,16
21167,354238.0,-0.6000000000000001,-0.2,-0.6000000000000001,-0.6000000000000001,2.5,8.700000000000001,-17.400000000000002,-2.3000000000000003,-8.3,16
21168,354255.0,-0.6000000000000001,-0.1,-0.5,-0.6000000000000001,2.5,8.8,-15.7,-1.8,-9.8,16
21169,354271.0,-0.6000000000000001,0.0,-0.30000000000000004,-0.7000000000000001,2.6,9.0,-13.100000000000001,-2.6,-11.2,16
21170,354290.0,-0.7000000000000001,0.2,-0.2,-0.7000000000000001,2.8000000000000003,9.1,-9.9,-4.5,-11.5,16
21171,354305.0,-0.6000000000000001,0.30000000000000004,-0.1,-0.7000000000000001,2.9000000000000004,9.200000000000001,-7.500000000000001,-7.300000000000001,-11.5,16
21172,354325.0,-0.5,0.4,0.1,-0.6000000000000001,3.0,9.4,-7.300000000000001,-11.6,-11.9,16
21173,354338.0,-0.5,0.5,0.2,-0.6000000000000001,3.1,9.600000000000001,-9.700000000000001,-15.9,-12.3,16
21174,354355.0,-0.6000000000000001,0.6000000000000001,0.5,-0.6000000000000001,3.2,10.0,-10.9,-17.1,-10.8,16
21175,354371.0,-0.5,0.6000000000000001,1.0,-0.6000000000000001,3.2,10.4,-10.5,-16.700000000000003,-7.8,16
21176,354392.0,-0.5,0.6000000000000001,1.4000000000000001,-0.5,3.1,10.8,-8.600000000000001,-15.100000000000001,-5.8,16
21177,354409.0,-0.4,0.6000000000000001,1.6,-0.4,3.1,11.100000000000001,-5.1,-12.4,-5.300000000000001,16
21178,354421.0,-0.5,0.5,1.8,-0.4,3.0,11.200000000000001,-0.7,-8.3,-6.000000000000001,16
21179,354438.0,-0.5,0.5,1.8,-0.6000000000000001,3.0,11.200000000000001,4.0,-3.2,-6.2,16
21180,354455.0,-0.8,0.5,1.7000000000000002,-0.8,3.1,11.0,7.8,1.6,-5.300000000000001,16
21181,354471.0,-0.9,0.5,1.6,-0.9,3.0,11.100000000000001,8.700000000000001,3.1,-4.2,16
21182,354491.0,-0.8,0.5,1.7000000000000002,-0.8,3.1,11.100000000000001,5.9,0.4,-3.3000000000000003,16
21183,354509.0,-0.7000000000000001,0.4,1.3,-0.7000000000000001,3.0,10.9,6.4,2.7,-1.5000000000000002,16
21184,354523.0,-0.7000000000000001,0.4,1.2000000000000002,-0.7000000000000001,3.0,10.700000000000001,10.0,8.5,0.2,16
21185,354538.0,-0.5,0.2,1.3,-0.6000000000000001,2.9000000000000004,10.8,9.3,9.0,0.6000000000000001,16
21186,354555.0,-0.4,0.1,1.4000000000000001,-0.30000000000000004,2.7,10.8,6.3,4.1000000000000005,0.2,16
21187,354571.0,0.2,-0.30000000000000004,1.3,0.2,2.4000000000000004,10.700000000000001,7.699999999999999,2.1999999999999997,-0.1,16
21188,354592.0,0.8,-0.6000000000000001,1.0,0.7000000000000001,2.1,10.4,10.600000000000001,4.300000000000001,-1.4,16
21189,354605.0,1.0,-0.8,0.8,1.0,1.9000000000000001,10.100000000000001,12.4,8.4,-3.5,16
21190,354621.0,1.3,-1.0,0.30000000000000004,1.1,1.8,9.700000000000001,14.600000000000001,14.500000000000002,-5.6,16
21191,354638.0,1.3,-1.1,-0.1,1.1,1.7000000000000002,9.3,18.5,21.1,-7.1000000000000005,16
21192,354655.0,1.4000000000000001,-1.1,-0.2,1.1,1.8,9.1,21.6,23.0,-9.200000000000001,16
21193,354671.0,1.5,-1.0,-0.5,1.3,1.9000000000000001,8.8,21.400000000000002,18.6,-12.8,16
21194,354690.0,1.5,-1.0,-0.5,1.3,1.9000000000000001,8.8,21.400000000000002,18.6,-12.8,16
21195,354706.0,1.9000000000000001,-1.0,-1.1,1.5,2.0,8.3,13.8,10.700000000000001,-22.5,16
21196,354721.0,2.0,-0.9,-1.0,1.5,2.2,8.3,7.300000000000001,7.9,-25.6,16
21197,354738.0,1.8,-0.8,-0.9,1.4000000000000001,2.3000000000000003,8.4,1.0999999999999999,5.6,-26.1,16
21198,354755.0,1.7000000000000002,-0.7000000000000001,-0.7000000000000001,1.3,2.4000000000000004,8.700000000000001,-2.7,3.1,-24.5,16
21199,354771.0,1.7000000000000002,-0.7000000000000001,-0.5,1.2000000000000002,2.3000000000000003,8.9,-3.8,0.8,-23.3,16
21200,354789.0,1.5,-0.7000000000000001,-0.2,1.0,2.3000000000000003,9.200000000000001,-3.1,-2.8,-23.3,16
21201,354806.0,1.1,-0.6000000000000001,0.2,0.7000000000000001,2.3000000000000003,9.5,-0.6000000000000001,-7.0,-23.0,16
21202,354824.0,1.0,-0.5,0.30000000000000004,0.4,2.5,9.700000000000001,4.0,-10.8,-20.8,16
21203,354842.0,0.7000000000000001,-0.30000000000000004,0.4,0.30000000000000004,2.7,9.700000000000001,8.9,-13.200000000000001,-18.0,16
21204,354854.0,0.7000000000000001,-0.2,0.2,0.30000000000000004,2.8000000000000003,9.5,11.1,-13.8,-16.8,16
21205,354871.0,0.5,-0.1,0.1,0.1,2.9000000000000004,9.3,10.600000000000001,-15.299999999999999,-16.5,16
21206,354888.0,0.30000000000000004,0.0,-0.30000000000000004,-0.1,3.0,9.0,9.4,-12.100000000000001,-16.900000000000002,16
21207,354904.0,0.1,0.0,-0.5,-0.4,3.1,8.6,7.9,-6.1000000000000005,-16.5,16
21208,354922.0,-0.2,0.0,-0.8,-0.7000000000000001,3.1,8.5,4.7,-1.7,-16.1,16
21209,354938.0,-0.5,0.0,-0.9,-0.9,3.1,8.4,0.30000000000000004,-0.6000000000000001,-15.5,16
21210,354955.0,-0.7000000000000001,-0.1,-0.9,-1.1,3.0,8.4,-3.3000000000000003,-1.3,-14.100000000000001,16
21211,354972.0,-0.7000000000000001,-0.1,-0.9,-1.1,2.9000000000000004,8.3,-5.1,-2.1,-11.2,16
21212,355010.0,-0.7000000000000001,-0.2,-0.8,-1.1,2.8000000000000003,8.4,-8.200000000000001,-3.9,-4.800000000000001,16
21213,355021.0,-0.7000000000000001,-0.2,-0.8,-1.1,2.9000000000000004,8.6,-8.700000000000001,-5.0,-0.7,16
21214,355038.0,-0.6000000000000001,-0.1,-0.6000000000000001,-1.0,2.9000000000000004,8.8,-8.700000000000001,-4.2,3.5,16
21215,355054.0,-0.6000000000000001,-0.1,-0.4,-1.0,2.9000000000000004,8.8,-8.700000000000001,-4.2,3.5,16
21216,355071.0,-0.7000000000000001,0.0,-0.30000000000000004,-1.1,3.0,9.0,-5.0,-1.8,10.1,16
21217,355088.0,-0.8,0.2,-0.4,-1.2000000000000002,3.2,8.9,-1.8,0.9,14.500000000000002,16
21218,355106.0,-0.9,0.4,-0.5,-1.3,3.3000000000000003,8.8,0.30000000000000004,3.6,18.8,16
21219,355121.0,-0.9,0.4,-0.5,-1.3,3.4000000000000004,8.8,-0.4,6.1000000000000005,22.1,16
21220,355138.0,-0.9,0.6000000000000001,-0.4,-1.2000000000000002,3.5,8.9,-0.30000000000000004,7.1000000000000005,24.200000000000003,16
21221,355156.0,-0.7000000000000001,0.6000000000000001,-0.30000000000000004,-1.2000000000000002,3.6,9.0,0.1,8.799999999999999,24.7,16
21222,355171.0,-0.7000000000000001,0.7000000000000001,-0.2,-1.2000000000000002,3.7,9.1,1.8,10.2,25.1,16
21223,355188.0,-0.7000000000000001,0.7000000000000001,-0.1,-1.2000000000000002,3.7,9.200000000000001,1.8,8.700000000000001,26.200000000000003,16
21224,355206.0,-0.5,0.7000000000000001,0.1,-1.0,3.8000000000000003,9.3,0.8,7.0,27.1,16
21225,355221.0,-0.4,0.7000000000000001,0.1,-0.9,3.8000000000000003,9.5,0.30000000000000004,7.699999999999999,28.400000000000002,16
21226,355238.0,-0.30000000000000004,0.6000000000000001,0.30000000000000004,-0.8,3.8000000000000003,9.600000000000001,-0.7,8.9,29.600000000000005,16
21227,355254.0,-0.1,0.5,0.5,-0.7000000000000001,3.7,9.8,-3.0000000000000004,9.5,30.7,16
21228,355272.0,0.0,0.5,0.7000000000000001,-0.5,3.6,10.100000000000001,-5.300000000000001,9.4,31.6,16
21229,355288.0,0.1,0.30000000000000004,0.9,-0.30000000000000004,3.4000000000000004,10.3,-3.7000000000000006,11.9,33.7,16
21230,355305.0,0.4,0.2,1.2000000000000002,-0.2,3.4000000000000004,10.5,0.1,14.500000000000002,34.800000000000004,16
21231,355322.0,0.30000000000000004,0.2,1.5,-0.2,3.3000000000000003,10.8,1.8,13.4,34.800000000000004,16
21232,355338.0,0.4,0.1,1.7000000000000002,-0.1,3.3000000000000003,11.100000000000001,-1.2000000000000002,6.7,34.400000000000006,16
21233,355355.0,0.6000000000000001,-0.1,1.9000000000000001,0.1,3.1,11.200000000000001,-3.7000000000000006,2.9,33.1,16
21234,355371.0,0.5,-0.1,1.9000000000000001,0.1,3.1,11.3,-2.6,3.6,32.300000000000004,16
21235,355388.0,0.5,-0.2,1.9000000000000001,0.1,3.0,11.200000000000001,-2.1,5.8,32.9,16
21236,355407.0,0.6000000000000001,-0.30000000000000004,1.6,0.2,2.9000000000000004,11.0,-0.9,9.5,34.50000000000001,16
21237,355423.0,0.7000000000000001,-0.5,1.3,0.2,2.7,10.700000000000001,2.0,14.200000000000001,36.4,16
21238,355438.0,0.7000000000000001,-0.5,1.1,0.2,2.6,10.3,7.2,17.7,38.800000000000004,16
21239,355455.0,0.7000000000000001,-0.7000000000000001,0.5,0.30000000000000004,2.5,9.700000000000001,14.200000000000001,19.6,41.2,16
21240,355471.0,0.8,-0.8,0.1,0.5,2.4000000000000004,9.1,21.0,19.6,42.5,16
21241,355489.0,1.0,-1.0,-0.5,0.6000000000000001,2.3000000000000003,8.6,24.9,17.5,41.4,16
21242,355506.0,1.3,-1.2000000000000002,-1.0,0.9,2.3000000000000003,8.3,26.0,14.900000000000002,37.800000000000004,16
21243,355521.0,1.3,-1.2000000000000002,-1.1,0.9,2.3000000000000003,8.1,24.3,13.5,32.4,16
21244,355539.0,0.9,-1.3,-1.2000000000000002,0.7000000000000001,2.3000000000000003,8.1,20.2,9.600000000000001,25.6,16
21245,355556.0,1.0,-1.3,-1.2000000000000002,0.4,2.3000000000000003,8.0,12.9,5.7,22.4,16
21246,355571.0,0.8,-1.5,-1.1,0.30000000000000004,2.1,8.1,3.6,1.9,19.700000000000003,16
21247,355590.0,0.6000000000000001,-1.6,-0.9,0.2,1.9000000000000001,8.3,-2.4000000000000004,3.4,18.5,16
21248,355605.0,0.4,-1.6,-0.7000000000000001,-0.1,2.0,8.5,-3.8,5.8,16.900000000000002,16
21249,355621.0,-0.1,-1.4000000000000001,-0.4,-0.5,2.1,8.8,-3.1,5.1,16.0,16
21250,355638.0,-0.30000000000000004,-1.4000000000000001,-0.2,-0.7000000000000001,2.2,9.1,-3.3000000000000003,1.5000000000000002,15.5,16
21251,355654.0,-0.30000000000000004,-1.3,0.0,-0.6000000000000001,2.2,9.200000000000001,-6.6000000000000005,-3.0000000000000004,13.6,16
21252,355671.0,-0.1,-1.3,0.1,-0.4,2.2,9.3,-12.4,-6.1000000000000005,10.8,16
21253,355688.0,0.0,-1.3,0.2,-0.30000000000000004,2.2,9.600000000000001,-19.1,-7.699999999999999,9.4,16
21254,355705.0,0.1,-1.2000000000000002,0.5,-0.2,2.2,9.8,-23.6,-9.5,11.1,16
21255,355722.0,0.30000000000000004,-1.0,0.5,0.1,2.2,9.8,-22.900000000000002,-7.9,14.900000000000002,16
21256,355739.0,0.2,-0.9,0.30000000000000004,0.0,2.3000000000000003,9.600000000000001,-18.5,-0.5,17.5,16
21257,355755.0,0.2,-0.8,0.2,-0.1,2.4000000000000004,9.5,-11.8,5.0,19.200000000000003,16
21258,355771.0,-0.2,-0.6000000000000001,0.1,-0.5,2.5,9.4,-7.0,8.700000000000001,20.6,16
21259,355788.0,-0.6000000000000001,-0.5,0.1,-0.8,2.7,9.4,-5.8,7.6,21.200000000000003,16
21260,355805.0,-0.6000000000000001,-0.4,0.0,-0.8,2.7,9.3,-6.6000000000000005,4.2,22.1,16
21261,355821.0,-0.6000000000000001,-0.30000000000000004,0.0,-0.7000000000000001,2.7,9.3,-7.400000000000001,1.5000000000000002,23.1,16
21262,355838.0,-0.2,-0.4,0.1,-0.4,2.7,9.4,-5.4,-0.7,22.8,16
21263,355857.0,0.0,-0.4,0.1,0.0,2.7,9.5,-3.3000000000000003,-1.3,20.1,16
21264,355871.0,0.4,-0.30000000000000004,0.2,0.2,2.7,9.5,-2.3000000000000003,-0.2,16.6,16
21265,355888.0,0.4,-0.30000000000000004,0.2,0.30000000000000004,2.8000000000000003,9.5,-2.3000000000000003,2.1999999999999997,13.3,16
21266,355905.0,0.4,-0.2,0.2,0.2,2.8000000000000003,9.5,-2.9,4.9,10.9,16
21267,355921.0,0.30000000000000004,-0.1,0.2,0.1,2.9000000000000004,9.600000000000001,-3.6,7.9,9.9,16
21268,355938.0,0.2,-0.1,0.1,0.0,2.9000000000000004,9.5,-2.8,10.700000000000001,8.9,16
21269,355954.0,0.1,-0.1,0.1,0.0,2.9000000000000004,9.5,0.9,13.3,7.6,16
21270,355971.0,0.1,0.0,0.0,-0.1,3.0,9.4,6.1000000000000005,16.2,5.500000000000001,16
21271,355992.0,-0.1,0.0,0.1,-0.30000000000000004,3.1,9.5,10.2,13.700000000000001,2.8,16
21272,356005.0,-0.1,0.1,0.2,-0.30000000000000004,3.2,9.600000000000001,11.000000000000002,8.4,2.0,16
21273,356021.0,0.0,0.2,0.1,-0.2,3.3000000000000003,9.4,12.700000000000001,6.6000000000000005,1.7,16
21274,356038.0,0.1,0.1,0.0,-0.1,3.3000000000000003,9.4,17.0,8.3,-1.3,16
21275,356055.0,0.1,0.1,0.2,-0.4,3.4000000000000004,9.700000000000001,20.0,9.700000000000001,-5.0,16
21276,356071.0,-0.2,0.2,0.5,-0.6000000000000001,3.5,9.8,20.900000000000002,7.699999999999999,-6.1000000000000005,16
21277,356088.0,-0.30000000000000004,0.2,0.6000000000000001,-0.7000000000000001,3.5,10.0,19.9,3.7000000000000006,-5.8,16
21278,356105.0,-0.30000000000000004,0.1,0.8,-0.6000000000000001,3.5,10.3,14.800000000000002,-4.5,-5.500000000000001,16
21279,356121.0,0.0,0.1,1.0,-0.30000000000000004,3.4000000000000004,10.3,10.4,-9.4,-3.3000000000000003,16
21280,356139.0,0.30000000000000004,-0.2,0.7000000000000001,0.0,3.2,10.200000000000001,12.8,-3.4,0.30000000000000004,16
21281,356155.0,0.4,-0.4,0.7000000000000001,-0.1,2.9000000000000004,10.100000000000001,17.8,5.0,2.7,16
21282,356171.0,0.0,-0.6000000000000001,0.6000000000000001,-0.5,2.9000000000000004,10.0,21.5,7.699999999999999,5.8,16
21283,356188.0,-0.4,-0.6000000000000001,0.5,-0.7000000000000001,2.9000000000000004,10.0,21.0,3.5,9.700000000000001,16
21284,356205.0,-0.30000000000000004,-0.7000000000000001,0.5,-0.7000000000000001,2.9000000000000004,10.0,16.0,-6.6000000000000005,12.6,16
21285,356222.0,-0.2,-0.8,0.4,-0.4,2.7,9.700000000000001,11.5,-12.200000000000001,13.200000000000001,16
21286,356238.0,0.0,-1.0,0.1,-0.2,2.6,9.5,10.2,-10.2,12.3,16
21287,356255.0,0.1,-1.0,0.0,-0.2,2.5,9.4,11.2,-4.7,11.2,16
21288,356279.0,0.2,-1.0,0.0,-0.1,2.5,9.4,11.9,-0.5,10.5,16
21289,356288.0,0.30000000000000004,-1.0,-0.1,0.1,2.5,9.3,11.8,0.6000000000000001,9.3,16
21290,356305.0,0.4,-1.0,-0.1,0.4,2.5,9.200000000000001,11.700000000000001,0.7,7.500000000000001,16
21291,356323.0,0.9,-1.0,-0.4,0.7000000000000001,2.5,9.0,11.6,2.1999999999999997,5.8,16
21292,356338.0,1.0,-0.9,-0.5,0.8,2.6,8.9,12.4,4.300000000000001,6.000000000000001,16
21293,356355.0,1.2000000000000002,-0.8,-0.5,1.0,2.8000000000000003,8.9,15.7,7.6,8.5,16
21294,356379.0,1.3,-0.7000000000000001,-0.7000000000000001,1.1,2.9000000000000004,8.700000000000001,19.9,10.3,10.5,16
21295,356388.0,1.3,-0.6000000000000001,-0.7000000000000001,1.1,3.1,8.6,21.6,10.600000000000001,11.1,16
21296,356405.0,1.2000000000000002,-0.5,-0.9,1.0,3.2,8.4,19.700000000000003,7.400000000000001,10.5,16
21297,356422.0,1.1,-0.4,-1.0,0.9,3.4000000000000004,8.1,15.2,4.0,9.3,16
21298,356438.0,1.0,-0.30000000000000004,-1.1,0.8,3.5,8.1,9.1,1.2000000000000002,8.799999999999999,16
21299,356456.0,0.8,-0.30000000000000004,-1.0,0.7000000000000001,3.5,8.3,3.3000000000000003,-1.4,8.799999999999999,16
21300,356476.0,0.9,-0.30000000000000004,-0.8,0.8,3.5,8.4,-0.6000000000000001,-2.1,8.9,16
21301,356488.0,0.8,-0.30000000000000004,-0.7000000000000001,0.7000000000000001,3.5,8.6,-4.0,-1.7,7.1000000000000005,16
21302,356505.0,0.6000000000000001,-0.2,-0.30000000000000004,0.5,3.6,8.9,-7.0,-1.8,5.1,16
21303,356521.0,0.5,-0.2,-0.2,0.30000000000000004,3.5,9.1,-10.700000000000001,-3.3000000000000003,3.2,16
21304,356538.0,0.4,-0.2,0.1,0.30000000000000004,3.4000000000000004,9.4,-15.299999999999999,-5.7,1.3,16
21305,356555.0,0.30000000000000004,-0.30000000000000004,0.4,0.30000000000000004,3.3000000000000003,9.700000000000001,-18.900000000000002,-6.5,0.30000000000000004,16
21306,356577.0,0.2,-0.30000000000000004,0.6000000000000001,0.2,3.3000000000000003,9.9,-20.6,-5.0,1.0999999999999999,16
21307,356588.0,0.1,-0.30000000000000004,0.6000000000000001,0.0,3.3000000000000003,9.9,-20.0,-1.0,3.2,16
21308,356604.0,-0.1,-0.2,0.5,-0.1,3.3000000000000003,9.8,-16.8,5.1,7.1000000000000005,16
21309,356622.0,-0.2,-0.2,0.4,-0.2,3.3000000000000003,9.700000000000001,-12.000000000000002,11.1,11.3,16
21310,356639.0,-0.30000000000000004,-0.2,0.2,-0.4,3.3000000000000003,9.5,-7.0,14.600000000000001,14.4,16
21311,356655.0,-0.4,-0.1,-0.1,-0.5,3.3000000000000003,9.200000000000001,-2.8,16.400000000000002,17.200000000000003,16
21312,356678.0,-0.4,-0.2,-0.4,-0.5,3.2,8.9,-0.8,15.6,20.1,16
21313,356688.0,-0.4,-0.2,-0.6000000000000001,-0.5,3.2,8.700000000000001,0.30000000000000004,14.600000000000001,23.1,16
21314,356705.0,-0.2,-0.2,-0.8,-0.30000000000000004,3.2,8.6,0.30000000000000004,14.500000000000002,25.900000000000002,16
21315,356721.0,-0.1,-0.2,-0.8,-0.2,3.2,8.5,0.0,14.200000000000001,28.500000000000004,16
21316,356738.0,0.1,-0.2,-0.8,-0.1,3.2,8.5,-0.5,13.3,30.9,16
21317,356754.0,0.1,-0.1,-0.8,-0.1,3.3000000000000003,8.5,-1.5000000000000002,13.0,33.5,16
21318,356777.0,0.0,0.2,-0.5,-0.2,3.5,8.8,-1.6,11.8,34.300000000000004,16
21319,356788.0,0.0,0.2,0.2,0.30000000000000004,3.4000000000000004,9.8,-7.9,-4.800000000000001,34.7,16
21320,356805.0,1.1,-0.30000000000000004,0.1,1.1,3.1,9.3,-15.9,-9.3,31.4,16
21321,356821.0,1.2000000000000002,-0.2,-0.4,1.1,3.1,8.9,-8.4,6.000000000000001,29.600000000000005,16
21322,356838.0,0.8,-0.1,-0.4,0.5,3.3000000000000003,9.0,2.8,16.5,28.0,16
21323,356856.0,0.5,0.2,-0.30000000000000004,0.4,3.5,9.200000000000001,-3.9,14.0,27.7,16
21324,356877.0,0.4,0.2,-0.2,0.30000000000000004,3.5,9.200000000000001,-8.5,8.5,27.900000000000002,16
21325,356889.0,0.30000000000000004,0.2,-0.4,0.2,3.5,9.0,-11.8,4.0,28.3,16
21326,356905.0,0.2,0.30000000000000004,-0.1,0.2,3.5,9.3,-14.100000000000001,1.9,28.0,16
21327,356921.0,0.0,0.2,0.1,0.0,3.4000000000000004,9.5,-14.600000000000001,1.5000000000000002,27.2,16
21328,356940.0,-0.1,0.2,0.30000000000000004,-0.1,3.4000000000000004,9.700000000000001,-14.4,0.8,27.5,16
21329,356954.0,-0.1,0.30000000000000004,0.4,0.0,3.4000000000000004,9.9,-13.8,-0.6000000000000001,30.100000000000005,16
21330,356975.0,0.2,0.2,0.6000000000000001,0.30000000000000004,3.3000000000000003,10.0,-11.2,-0.1,32.1,16
21331,356992.0,0.6000000000000001,0.1,0.4,0.7000000000000001,3.1,9.9,-4.6000000000000005,4.2,30.599999999999998,16
21332,357005.0,0.6000000000000001,0.0,0.2,0.7000000000000001,3.1,9.5,2.3000000000000003,10.2,26.1,16
21333,357021.0,0.30000000000000004,0.1,-0.4,0.30000000000000004,3.2,9.0,4.300000000000001,13.9,21.8,16
21334,357038.0,0.0,0.2,-0.6000000000000001,0.1,3.3000000000000003,8.9,0.8,16.0,20.1,16
21335,357055.0,-0.1,0.1,-0.7000000000000001,-0.1,3.1,8.8,-5.2,14.700000000000001,20.6,16
21336,357078.0,0.2,-0.1,-0.5,0.1,2.7,8.9,-10.5,16.0,21.200000000000003,16
21337,357088.0,0.1,-0.30000000000000004,-0.4,0.1,2.7,8.9,-10.5,16.0,21.200000000000003,16
21338,357104.0,0.1,-0.2,-0.30000000000000004,0.1,2.8000000000000003,9.1,-10.2,12.5,21.0,16
21339,357122.0,0.2,-0.30000000000000004,-0.30000000000000004,0.2,2.7,9.1,-8.9,13.6,20.6,16
21340,357138.0,0.1,-0.2,-0.2,0.1,2.7,9.1,-7.6,12.6,20.4,16
21341,357154.0,0.1,-0.2,-0.2,0.0,2.7,9.1,-5.4,13.5,22.000000000000004,16
21342,357177.0,-0.2,-0.1,-0.30000000000000004,-0.2,2.8000000000000003,9.0,-4.3999999999999995,13.700000000000001,23.700000000000003,16
21343,357188.0,-0.30000000000000004,-0.1,-0.30000000000000004,-0.4,2.7,9.1,-5.8,11.4,25.700000000000003,16
21344,357205.0,-0.4,-0.1,-0.2,-0.5,2.7,9.200000000000001,-7.2,9.4,28.700000000000003,16
21345,357221.0,-0.2,-0.1,0.0,-0.30000000000000004,2.7,9.4,-8.3,7.6,31.099999999999998,16
21346,357238.0,-0.2,-0.1,0.2,-0.30000000000000004,2.7,9.4,-8.3,7.6,31.099999999999998,16
21347,357255.0,-0.2,-0.1,0.2,-0.30000000000000004,2.7,9.4,-8.3,7.6,31.099999999999998,16
21348,357271.0,0.30000000000000004,-0.1,0.6000000000000001,0.30000000000000004,2.6,10.100000000000001,-5.6,8.700000000000001,30.4,16
21349,357288.0,0.5,-0.2,0.7000000000000001,0.4,2.5,10.100000000000001,-7.9,7.300000000000001,26.9,16
21350,357305.0,0.5,-0.2,0.5,0.5,2.5,9.9,-11.1,7.2,25.1,16
21351,357321.0,0.6000000000000001,-0.30000000000000004,0.4,0.6000000000000001,2.3000000000000003,9.8,-13.100000000000001,8.3,24.400000000000002,16
21352,357338.0,0.6000000000000001,-0.4,0.0,0.5,2.2,9.5,-10.700000000000001,13.700000000000001,23.700000000000003,16
21353,357354.0,0.4,-0.30000000000000004,-0.2,0.1,2.3000000000000003,9.3,-6.000000000000001,19.8,23.3,16
21354,357371.0,-0.2,-0.2,-0.30000000000000004,-0.30000000000000004,2.4000000000000004,9.200000000000001,-3.0000000000000004,21.6,23.700000000000003,16
21355,357392.0,-0.4,0.0,-0.4,-0.6000000000000001,2.5,9.1,-1.7,21.900000000000002,25.400000000000002,16
21356,357408.0,-0.4,0.1,-0.4,-0.6000000000000001,2.6,9.0,-2.5,18.8,26.6,16
21357,357421.0,-0.30000000000000004,0.0,-0.4,-0.5,2.5,9.0,-4.800000000000001,14.500000000000002,25.8,16
21358,357438.0,-0.2,0.1,-0.4,-0.5,2.6,9.1,-5.6,11.1,24.5,16
21359,357455.0,-0.2,0.2,-0.2,-0.5,2.6,9.200000000000001,-5.6,8.1,24.7,16
21360,357471.0,-0.2,0.2,0.0,-0.30000000000000004,2.7,9.600000000000001,-6.1000000000000005,3.4,27.3,16
21361,357493.0,0.2,0.30000000000000004,0.4,0.0,2.8000000000000003,9.9,-6.7,-2.3000000000000003,30.200000000000003,16
21362,357507.0,0.7000000000000001,0.30000000000000004,0.7000000000000001,0.5,2.7,10.200000000000001,-6.2,-6.3,31.6,16
21363,357524.0,1.2000000000000002,0.1,0.8,1.0,2.6,10.3,-2.5,-5.0,30.7,16
21364,357538.0,1.2000000000000002,0.1,0.7000000000000001,1.0,2.6,10.100000000000001,4.0,1.9,28.1,16
21365,357554.0,1.0,0.2,0.5,0.8,2.8000000000000003,9.8,11.9,9.600000000000001,26.500000000000004,16
21366,357571.0,0.8,0.4,0.1,0.5,3.0,9.5,13.9,13.700000000000001,26.400000000000002,16
21367,357589.0,0.5,0.5,-0.1,0.4,3.0,9.4,10.5,12.6,26.8,16
21368,357605.0,0.5,0.30000000000000004,-0.2,0.4,2.9000000000000004,9.200000000000001,6.8,9.8,24.9,16
21369,357621.0,0.4,0.30000000000000004,-0.2,0.30000000000000004,2.9000000000000004,9.200000000000001,8.200000000000001,9.5,22.2,16
21370,357638.0,0.5,0.2,-0.2,0.30000000000000004,2.9000000000000004,9.200000000000001,10.0,9.4,18.2,16
21371,357654.0,0.4,0.2,-0.30000000000000004,0.30000000000000004,2.9000000000000004,9.200000000000001,8.4,8.799999999999999,14.3,16
21372,357672.0,0.2,0.4,-0.4,-0.1,3.1,9.1,5.8,8.1,13.9,16
21373,357689.0,0.1,0.4,-0.30000000000000004,0.0,3.0,9.200000000000001,1.9,5.300000000000001,14.500000000000002,16
21374,357707.0,0.30000000000000004,0.2,-0.2,0.1,2.9000000000000004,9.200000000000001,-1.2000000000000002,3.3000000000000003,13.9,16
21375,357721.0,0.30000000000000004,0.2,-0.2,0.1,2.9000000000000004,9.200000000000001,-1.9,4.1000000000000005,12.100000000000001,16
21376,357738.0,0.2,0.2,-0.1,0.0,2.9000000000000004,9.4,-1.6,5.9,11.4,16
21377,357755.0,0.1,0.2,0.1,-0.1,2.9000000000000004,9.5,-0.9,6.7,12.200000000000001,16
21378,357771.0,0.1,0.1,0.1,-0.1,2.8000000000000003,9.600000000000001,0.9,7.8,13.4,16
21379,357790.0,0.1,0.0,0.2,-0.1,2.7,9.600000000000001,2.8,7.8,14.500000000000002,16
21380,357805.0,0.1,0.0,0.1,-0.1,2.7,9.600000000000001,4.5,7.0,15.399999999999999,16
21381,357821.0,0.1,-0.1,0.1,-0.1,2.6,9.4,4.0,6.5,15.2,16
21382,357838.0,0.0,-0.2,-0.1,-0.30000000000000004,2.5,9.4,1.0,6.2,14.100000000000001,16
21383,357854.0,-0.1,-0.1,0.0,-0.30000000000000004,2.6,9.5,-1.0999999999999999,5.500000000000001,15.000000000000002,16
21384,357871.0,0.0,-0.1,0.2,-0.2,2.6,9.600000000000001,0.6000000000000001,4.0,17.5,16
21385,357890.0,0.2,-0.1,0.2,0.1,2.6,9.600000000000001,3.6,3.1,18.900000000000002,16
21386,357907.0,0.30000000000000004,-0.1,0.1,0.1,2.6,9.5,6.3,1.6,19.0,16
21387,357921.0,0.30000000000000004,-0.1,-0.1,0.2,2.6,9.3,7.6,-0.2,19.3,16
21388,357938.0,0.2,-0.1,-0.1,0.1,2.7,9.3,7.9,-1.0999999999999999,20.0,16
21389,357955.0,0.1,0.0,-0.1,0.1,2.8000000000000003,9.3,7.2,-1.0999999999999999,21.3,16
21390,357972.0,0.30000000000000004,0.0,-0.30000000000000004,0.2,2.8000000000000003,9.200000000000001,5.4,0.9,20.7,16
21391,358002.0,0.1,0.2,-0.1,0.1,3.1,9.3,2.7,3.5,22.2,16
21392,358005.0,0.1,0.2,-0.1,0.1,3.1,9.3,2.7,3.5,22.2,16
21393,358021.0,0.1,0.30000000000000004,-0.1,0.1,3.1,9.3,4.1000000000000005,5.1,23.8,16
21394,358038.0,0.1,0.30000000000000004,-0.1,0.1,3.2,9.200000000000001,5.0,4.300000000000001,23.8,16
21395,358055.0,0.1,0.30000000000000004,-0.30000000000000004,0.1,3.2,9.1,4.5,4.9,22.000000000000004,16
21396,358072.0,-0.2,0.2,-0.30000000000000004,-0.2,3.2,9.0,2.6,4.2,20.7,16
21397,358088.0,-0.1,0.2,-0.30000000000000004,-0.1,3.2,9.0,0.4,2.8,17.7,16
21398,358104.0,-0.30000000000000004,0.30000000000000004,-0.30000000000000004,-0.30000000000000004,3.2,9.1,0.5,2.0,17.8,16
21399,358121.0,-0.30000000000000004,0.30000000000000004,-0.2,-0.30000000000000004,3.3000000000000003,9.1,1.5000000000000002,-0.8,18.900000000000002,16
21400,358138.0,-0.2,0.30000000000000004,-0.2,-0.1,3.2,9.200000000000001,1.0999999999999999,-3.2,18.6,16
21401,358155.0,0.0,0.2,0.0,0.1,3.1,9.3,0.9,-4.1000000000000005,17.599999999999998,16
21402,358171.0,0.2,0.0,0.2,0.30000000000000004,3.0,9.5,3.3000000000000003,-3.2,16.1,16
21403,358188.0,0.2,0.0,0.2,0.2,3.0,9.600000000000001,7.8,-1.6,15.000000000000002,16
21404,358204.0,0.1,0.0,0.4,0.2,3.0,9.600000000000001,13.0,-0.7,15.5,16
21405,358221.0,0.1,0.0,0.1,0.2,3.1,9.4,14.900000000000002,-0.6000000000000001,15.399999999999999,16
21406,358238.0,0.1,0.1,-0.2,0.2,3.2,9.1,11.1,0.1,15.100000000000001,16
21407,358254.0,0.0,0.1,-0.30000000000000004,0.2,3.3000000000000003,9.0,3.9,0.8,14.100000000000001,16
21408,358271.0,-0.1,0.2,-0.2,0.1,3.4000000000000004,9.1,-1.5000000000000002,1.0,15.000000000000002,16
21409,358288.0,0.0,0.2,0.0,0.1,3.4000000000000004,9.200000000000001,-3.6,2.7,18.400000000000002,16
21410,358305.0,0.0,0.2,0.1,0.30000000000000004,3.3000000000000003,9.3,-2.4000000000000004,5.0,21.8,16
21411,358321.0,0.1,0.2,0.0,0.4,3.4000000000000004,9.3,-0.5,6.000000000000001,23.400000000000002,16
21412,358338.0,0.5,0.30000000000000004,0.0,0.7000000000000001,3.5,9.200000000000001,3.4,0.7,20.5,16
21413,358354.0,0.5,0.30000000000000004,-0.2,0.7000000000000001,3.5,9.0,6.9,1.9,16.3,16
21414,358371.0,0.2,0.30000000000000004,-0.4,0.4,3.5,8.9,3.7000000000000006,3.7000000000000006,15.399999999999999,16
21415,358389.0,0.0,0.30000000000000004,-0.30000000000000004,0.30000000000000004,3.5,8.9,-2.6,2.3000000000000003,17.9,16
21416,358404.0,0.4,0.30000000000000004,-0.4,0.9,3.5,8.8,-8.3,7.9,19.400000000000002,16
21417,358421.0,0.5,0.1,-0.30000000000000004,0.8,3.3000000000000003,8.9,-13.200000000000001,11.4,17.8,16
21418,358438.0,0.30000000000000004,0.1,-0.1,0.6000000000000001,3.2,9.1,-16.2,13.4,15.8,16
21419,358454.0,0.2,0.1,0.1,0.6000000000000001,3.2,9.5,-15.299999999999999,14.900000000000002,15.299999999999999,16
21420,358471.0,0.30000000000000004,0.0,0.6000000000000001,0.6000000000000001,3.1,9.9,-10.4,20.1,15.8,16
21421,358488.0,0.1,-0.1,0.6000000000000001,0.30000000000000004,2.9000000000000004,9.9,-2.0,26.8,16.8,16
21422,358505.0,-0.2,-0.2,0.6000000000000001,0.0,3.3000000000000003,10.3,2.1,22.900000000000002,19.700000000000003,16
21423,358521.0,0.0,-0.1,0.5,0.2,3.0,9.8,6.2,19.700000000000003,16.3,16
21424,358538.0,-0.30000000000000004,0.0,0.4,-0.2,3.1,9.8,8.0,14.500000000000002,11.8,16
21425,358556.0,-0.4,-0.1,0.0,-0.4,3.1,9.4,10.5,12.6,10.0,16
21426,358571.0,-0.6000000000000001,0.1,-0.2,-0.5,3.3000000000000003,9.0,9.8,10.4,10.8,16
21427,358588.0,-0.4,0.2,-0.4,-0.4,3.4000000000000004,8.9,6.8,10.8,12.4,16
21428,358607.0,-0.30000000000000004,0.1,-0.30000000000000004,-0.30000000000000004,3.3000000000000003,9.0,3.4,7.0,13.4,16
21429,358622.0,-0.2,0.1,-0.4,-0.1,3.2,8.8,1.2000000000000002,2.5,12.200000000000001,16
21430,358638.0,0.0,-0.1,-0.6000000000000001,0.0,3.1,8.700000000000001,-1.6,0.6000000000000001,9.1,16
21431,358654.0,0.0,0.0,-0.7000000000000001,0.0,3.3000000000000003,8.6,-4.9,-0.1,6.8,16
21432,358671.0,-0.1,0.2,-0.7000000000000001,-0.1,3.4000000000000004,8.700000000000001,-8.1,0.2,6.7,16
21433,358689.0,-0.1,0.2,-0.5,0.0,3.3000000000000003,8.8,-11.2,-2.7,7.0,16
21434,358704.0,0.0,0.1,-0.4,0.1,3.2,9.0,-13.3,-6.2,6.8,16
21435,358721.0,0.2,0.1,-0.2,0.30000000000000004,3.1,9.200000000000001,-13.0,-6.7,5.6,16
21436,358738.0,0.30000000000000004,0.1,-0.1,0.30000000000000004,3.1,9.3,-11.2,-5.2,4.1000000000000005,16
21437,358755.0,0.1,0.0,-0.1,0.2,3.0,9.3,-10.3,-4.0,2.5,16
21438,358771.0,0.0,0.0,0.0,0.1,3.0,9.4,-10.4,-5.6,1.6,16
21439,358788.0,-0.1,0.1,0.0,0.1,3.0,9.3,-10.1,-6.000000000000001,1.8,16
21440,358805.0,-0.1,0.1,-0.1,0.1,3.1,9.1,-10.4,-3.3000000000000003,2.8,16
21441,358821.0,0.0,0.1,-0.30000000000000004,0.1,3.1,9.1,-10.4,-3.3000000000000003,2.8,16
21442,358838.0,0.0,0.0,0.4,0.2,2.8000000000000003,9.8,-11.6,-7.1000000000000005,5.300000000000001,16
21443,358855.0,0.1,-0.1,0.4,0.2,2.8000000000000003,9.8,-11.6,-7.1000000000000005,5.300000000000001,16
21444,358871.0,0.1,-0.1,0.4,0.4,2.7,9.8,-1.6,-2.3000000000000003,5.6,16
21445,358888.0,0.2,-0.1,0.2,0.4,2.8000000000000003,9.700000000000001,1.0,-2.0,4.5,16
21446,358904.0,0.2,0.0,0.0,0.5,2.8000000000000003,9.5,2.1999999999999997,1.8,3.5,16
21447,358921.0,0.2,0.0,-0.1,0.4,2.9000000000000004,9.4,1.8,3.1,2.3000000000000003,16
21448,358938.0,0.0,0.1,-0.1,0.30000000000000004,2.9000000000000004,9.4,0.6000000000000001,3.8,2.7,16
21449,358954.0,0.0,0.1,0.0,0.2,2.9000000000000004,9.5,0.0,3.7000000000000006,3.2,16
21450,358971.0,0.0,0.0,0.0,0.2,2.8000000000000003,9.5,-0.1,3.0000000000000004,3.3000000000000003,16
21451,358995.0,-0.1,0.0,0.0,0.2,2.9000000000000004,9.5,0.4,1.9,3.4,16
21452,359004.0,0.0,0.0,-0.1,0.2,2.9000000000000004,9.4,2.4000000000000004,2.4000000000000004,3.6,16
21453,359021.0,0.0,0.0,-0.2,0.2,2.9000000000000004,9.3,3.8,2.9,3.6,16
21454,359037.0,0.0,0.0,-0.2,0.2,2.9000000000000004,9.3,4.1000000000000005,2.1999999999999997,3.1,16
21455,359054.0,0.0,0.0,-0.2,0.2,2.9000000000000004,9.3,3.6,1.2000000000000002,2.9,16
21456,359129.0,0.0,0.0,-0.1,0.30000000000000004,3.0,9.3,1.8,-2.1999999999999997,1.0999999999999999,16
21457,359138.0,0.1,0.0,0.0,0.30000000000000004,2.9000000000000004,9.4,1.4,-2.3000000000000003,1.0999999999999999,16
21458,359154.0,0.2,0.0,0.0,0.4,2.9000000000000004,9.4,2.7,0.2,0.8,16
21459,359173.0,0.1,0.0,0.1,0.30000000000000004,2.9000000000000004,9.5,4.0,3.6,0.6000000000000001,16
21460,359187.0,0.1,0.0,0.1,0.30000000000000004,3.0,9.5,4.0,4.1000000000000005,0.30000000000000004,16
21461,359204.0,0.0,0.1,0.1,0.30000000000000004,3.0,9.5,4.0,4.3999999999999995,0.1,16
21462,359221.0,0.0,0.0,0.2,0.2,3.0,9.600000000000001,4.800000000000001,4.5,0.0,16
21463,359237.0,0.0,0.0,0.1,0.2,3.0,9.4,6.5,5.300000000000001,-0.30000000000000004,16
21464,359254.0,0.0,0.0,-0.1,0.2,3.1,9.200000000000001,7.400000000000001,5.8,-0.8,16
21465,359274.0,-0.1,0.1,-0.4,0.1,3.1,9.0,7.0,1.6,-2.0,16
21466,359288.0,-0.2,0.1,-0.5,0.1,3.2,8.8,3.9,-0.5,-1.7,16
21467,359304.0,0.1,0.1,-0.4,0.30000000000000004,3.2,9.0,-0.5,-1.0,-2.5,16
21468,359321.0,-0.1,0.0,-0.2,0.1,3.1,9.1,-2.6,-2.7,-4.2,16
21469,359338.0,-0.1,0.0,-0.2,0.1,3.0,9.1,-2.3000000000000003,-2.4000000000000004,-4.5,16
21470,359354.0,-0.1,-0.1,-0.2,0.0,3.0,9.1,-2.9,-2.6,-4.6000000000000005,16
21471,359371.0,-0.2,-0.1,-0.1,0.0,3.0,9.200000000000001,-5.0,-3.9,-3.4,16
21472,359388.0,-0.1,-0.1,0.0,0.1,2.9000000000000004,9.3,-6.2,-5.1,-2.4000000000000004,16
21473,359404.0,0.1,-0.2,0.1,0.30000000000000004,2.8000000000000003,9.4,-4.800000000000001,-4.0,-2.3000000000000003,16
21474,359421.0,0.1,-0.1,0.2,0.30000000000000004,2.8000000000000003,9.5,-2.1999999999999997,-2.0,-2.6,16
21475,359437.0,0.1,-0.1,0.2,0.2,2.9000000000000004,9.5,-0.30000000000000004,-1.5000000000000002,-2.6,16
21476,359454.0,-0.1,-0.1,0.1,0.2,2.9000000000000004,9.4,0.2,-0.2,-1.3,16
21477,359475.0,0.1,0.1,0.1,0.30000000000000004,3.0,9.4,-0.4,-0.7,-3.7000000000000006,16
21478,359488.0,-0.2,0.1,0.0,0.0,3.0,9.3,-0.5,-0.7,-1.9,16
21479,359504.0,0.0,0.1,-0.1,0.2,3.0,9.3,-1.0999999999999999,-0.2,-1.3,16
21480,359521.0,0.0,0.0,0.0,0.2,3.0,9.3,-1.8,-0.2,-2.3000000000000003,16
21481,359538.0,0.0,0.0,0.0,0.2,3.0,9.3,-1.8,0.1,-2.4000000000000004,16
21482,359555.0,0.0,0.0,-0.1,0.2,3.0,9.200000000000001,-1.9,0.6000000000000001,-3.3000000000000003,16
21483,359577.0,-0.1,0.0,-0.1,0.1,3.0,9.200000000000001,-2.6,0.4,-3.1,16
21484,359588.0,-0.1,0.0,-0.1,0.1,2.9000000000000004,9.3,-3.4,-0.6000000000000001,-2.6,16
21485,359604.0,-0.1,0.0,-0.1,0.0,2.9000000000000004,9.3,-4.2,-1.8,-2.4000000000000004,16
21486,359621.0,-0.1,-0.1,0.0,0.0,2.9000000000000004,9.4,-3.9,-2.9,-1.7,16
21487,359638.0,-0.1,-0.1,0.1,0.1,2.9000000000000004,9.5,-2.1,-3.9,-0.5,16
21488,359654.0,0.0,-0.1,0.1,0.2,2.8000000000000003,9.4,-0.2,-3.9,-0.30000000000000004,16
21489,359681.0,0.0,0.0,0.0,0.30000000000000004,2.9000000000000004,9.4,0.30000000000000004,-4.1000000000000005,-0.4,16
21490,359688.0,0.1,0.0,0.0,0.30000000000000004,2.9000000000000004,9.4,0.30000000000000004,-4.1000000000000005,-0.4,16
21491,359704.0,0.0,0.0,0.0,0.2,2.9000000000000004,9.4,-0.4,-3.8,-0.5,16
21492,359721.0,0.0,0.0,0.0,0.2,2.9000000000000004,9.4,-1.0,-3.5,-0.2,16
21493,359738.0,0.0,0.0,0.1,0.2,2.9000000000000004,9.4,-0.6000000000000001,-2.7,0.30000000000000004,16
21494,359755.0,0.0,0.0,0.1,0.30000000000000004,2.9000000000000004,9.4,-0.4,-1.3,0.6000000000000001,16
21495,359776.0,0.0,0.0,0.1,0.2,2.9000000000000004,9.4,-0.7,-0.7,0.5,16
21496,359788.0,0.0,0.0,0.0,0.2,2.9000000000000004,9.4,-0.2,0.0,0.8,16
21497,359804.0,0.0,0.0,0.1,0.2,2.9000000000000004,9.4,0.0,0.0,0.8,16
21498,359821.0,0.0,0.0,0.0,0.30000000000000004,2.9000000000000004,9.3,-0.9,-0.6000000000000001,-0.5,16
21499,359838.0,-0.1,0.1,-0.1,0.1,3.0,9.3,-0.8,-0.4,-1.0999999999999999,16
21500,359855.0,-0.1,0.1,-0.1,0.1,3.0,9.3,-0.7,-0.4,0.0,16
21501,359874.0,0.1,0.0,0.0,0.30000000000000004,2.9000000000000004,9.3,-2.3000000000000003,-0.9,-0.2,16
21502,359888.0,0.0,0.0,0.0,0.30000000000000004,2.9000000000000004,9.4,-2.7,-0.2,-0.5,16
21503,359905.0,0.1,0.0,0.1,0.4,2.9000000000000004,9.4,-1.4,1.8,0.8,16
21504,359921.0,0.1,0.0,0.0,0.30000000000000004,2.9000000000000004,9.4,-0.8,3.5,0.7,16
21505,359938.0,0.0,0.0,0.1,0.2,2.9000000000000004,9.5,-0.8,2.4000000000000004,0.2,16
21506,359954.0,-0.1,0.0,0.0,0.1,2.9000000000000004,9.4,-0.30000000000000004,0.9,-0.1,16
21507,359979.0,-0.1,0.0,-0.1,0.1,2.9000000000000004,9.3,0.9,0.0,0.0,16
21508,359988.0,-0.1,0.0,-0.1,0.2,2.9000000000000004,9.3,1.6,-1.0,0.5,16
21509,360004.0,0.0,0.0,-0.1,0.2,2.9000000000000004,9.200000000000001,1.0,-1.9,0.7,16
21510,360021.0,0.1,0.0,-0.1,0.30000000000000004,2.9000000000000004,9.200000000000001,-0.6000000000000001,-2.4000000000000004,0.30000000000000004,16
21511,360038.0,0.1,0.0,-0.1,0.4,2.9000000000000004,9.200000000000001,-1.0999999999999999,-0.9,0.1,16
21512,360055.0,0.0,0.0,-0.1,0.30000000000000004,2.9000000000000004,9.3,-1.0999999999999999,1.2000000000000002,0.4,16
21513,360077.0,0.0,0.0,0.0,0.2,2.9000000000000004,9.4,-1.8,0.8,0.9,16
21514,360090.0,0.0,0.0,0.1,0.2,2.9000000000000004,9.5,-2.1,-0.6000000000000001,1.0999999999999999,16
21515,360104.0,0.0,0.0,0.1,0.30000000000000004,2.9000000000000004,9.5,-1.3,-1.6,0.5,16
21516,360121.0,0.0,0.0,0.1,0.30000000000000004,2.9000000000000004,9.4,0.9,-1.3,-0.2,16
21517,360137.0,0.1,0.1,0.0,0.30000000000000004,2.9000000000000004,9.4,1.4,-1.0999999999999999,-0.5,16
21518,360154.0,0.1,0.1,-0.1,0.30000000000000004,2.9000000000000004,9.3,0.7,-1.0999999999999999,-0.9,16
21519,360171.0,0.0,0.1,-0.1,0.30000000000000004,2.9000000000000004,9.3,0.5,0.2,-0.6000000000000001,16
21520,360188.0,0.0,0.0,-0.1,0.2,2.9000000000000004,9.3,-0.2,0.7,-0.30000000000000004,16
21521,360204.0,-0.1,0.0,0.0,0.1,2.9000000000000004,9.4,-1.0999999999999999,-0.30000000000000004,0.0,16
21522,360221.0,-0.1,0.0,0.0,0.2,2.9000000000000004,9.4,-0.8,-0.7,0.5,16
21523,360237.0,-0.1,0.0,0.1,0.2,2.8000000000000003,9.4,-0.4,-0.8,0.5,16
21524,360254.0,0.0,0.0,0.1,0.2,2.8000000000000003,9.4,-0.1,-1.0999999999999999,0.9,16
21525,360271.0,0.0,0.0,0.0,0.4,2.9000000000000004,9.4,0.1,-0.7,1.0999999999999999,16
21526,360287.0,0.1,0.0,0.0,0.4,2.9000000000000004,9.4,0.30000000000000004,0.1,0.9,16
21527,360304.0,0.0,0.0,0.0,0.30000000000000004,2.9000000000000004,9.4,1.0999999999999999,1.0,0.9,16
21528,360321.0,0.0,0.0,0.0,0.30000000000000004,2.9000000000000004,9.4,1.4,0.9,1.4,16
21529,360338.0,0.0,0.0,0.0,0.30000000000000004,2.9000000000000004,9.3,0.8,-0.5,1.0999999999999999,16
21530,360354.0,0.0,0.0,0.0,0.30000000000000004,2.9000000000000004,9.3,0.2,-1.6,0.9,16
21531,360374.0,0.1,0.0,0.0,0.4,2.9000000000000004,9.3,-0.1,-1.5000000000000002,0.8,16
21532,360388.0,0.1,0.0,0.0,0.4,2.9000000000000004,9.3,0.2,0.4,0.6000000000000001,16
21533,360405.0,0.1,0.0,0.0,0.4,2.9000000000000004,9.3,-0.2,1.8,0.2,16
21534,360421.0,0.0,0.1,0.0,0.30000000000000004,3.0,9.3,-0.7,2.0,0.1,16
21535,360438.0,0.0,0.0,0.0,0.30000000000000004,2.9000000000000004,9.3,-0.7,1.7,0.2,16
21536,360455.0,0.0,0.0,0.0,0.30000000000000004,2.9000000000000004,9.3,-0.8,0.8,0.1,16
21537,360473.0,-0.1,0.0,-0.1,0.2,2.9000000000000004,9.3,-0.5,0.0,0.1,16
21538,360488.0,-0.1,0.0,-0.1,0.2,2.9000000000000004,9.200000000000001,-1.0999999999999999,-1.0999999999999999,0.30000000000000004,16
21539,360504.0,0.0,0.0,-0.2,0.2,2.9000000000000004,9.200000000000001,-1.8,-1.0999999999999999,0.5,16
21540,360521.0,0.0,0.0,-0.1,0.30000000000000004,2.9000000000000004,9.3,-2.8,-0.7,0.8,16
21541,360538.0,0.0,0.0,0.0,0.30000000000000004,2.8000000000000003,9.4,-3.3000000000000003,-1.9,0.8,16
21542,360554.0,0.1,-0.1,0.1,0.4,2.8000000000000003,9.4,-3.0000000000000004,-2.6,0.5,16
21543,360573.0,0.1,-0.1,0.1,0.4,2.8000000000000003,9.4,-1.6,-2.1,0.1,16
21544,360589.0,0.1,0.0,0.0,0.4,2.8000000000000003,9.4,-0.4,-0.8,0.4,16
21545,360604.0,0.0,0.0,-0.1,0.30000000000000004,2.8000000000000003,9.3,-0.6000000000000001,0.1,0.6000000000000001,16
21546,360621.0,0.0,0.0,0.0,0.30000000000000004,2.9000000000000004,9.3,-1.7,0.0,0.6000000000000001,16
21547,360638.0,-0.1,0.0,0.0,0.2,2.9000000000000004,9.4,-2.6,-0.5,1.0,16
21548,360660.0,0.0,0.0,0.1,0.30000000000000004,2.8000000000000003,9.4,-2.8,-0.1,1.4,16
21549,360672.0,0.0,0.0,0.1,0.30000000000000004,2.8000000000000003,9.4,-2.4000000000000004,0.30000000000000004,1.6,16
21550,360687.0,0.0,0.0,0.0,0.30000000000000004,2.8000000000000003,9.4,-2.0,0.30000000000000004,1.7,16
21551,360704.0,0.0,0.0,0.0,0.30000000000000004,2.8000000000000003,9.4,-1.9,0.1,1.8,16
21552,360721.0,0.0,0.0,-0.1,0.30000000000000004,2.8000000000000003,9.3,-2.3000000000000003,-0.4,1.9,16
21553,360737.0,0.0,0.0,-0.1,0.30000000000000004,2.8000000000000003,9.3,-2.9,-0.30000000000000004,1.9,16
21554,360754.0,0.0,0.0,-0.1,0.30000000000000004,2.8000000000000003,9.3,-3.5,0.5,2.1,16
21555,360771.0,0.0,0.0,0.0,0.30000000000000004,2.8000000000000003,9.3,-3.9,0.5,2.9,16
21556,360791.0,0.0,0.0,0.0,0.30000000000000004,2.8000000000000003,9.4,-3.7000000000000006,0.6000000000000001,3.4,16
21557,360804.0,0.0,0.0,0.0,0.30000000000000004,2.8000000000000003,9.4,-2.5,1.0999999999999999,3.4,16
21558,360821.0,0.0,0.0,0.0,0.30000000000000004,2.7,9.4,-1.8,1.0999999999999999,3.2,16
21559,360837.0,0.0,0.0,0.0,0.30000000000000004,2.8000000000000003,9.4,-1.7,0.6000000000000001,2.8,16
21560,360854.0,-0.1,0.0,-0.1,0.2,2.8000000000000003,9.200000000000001,-1.4,1.8,3.1,16
21561,360871.0,-0.1,0.0,-0.2,0.2,2.8000000000000003,9.200000000000001,-2.3000000000000003,2.5,3.4,16
21562,360889.0,-0.2,0.1,-0.1,0.1,2.8000000000000003,9.200000000000001,-3.1,2.1999999999999997,4.1000000000000005,16
21563,360905.0,-0.2,0.0,-0.1,0.1,2.8000000000000003,9.3,-3.1,1.7,4.6000000000000005,16
21564,360922.0,-0.30000000000000004,0.0,-0.1,0.0,2.8000000000000003,9.3,-2.7,1.0,4.7,16
21565,360938.0,-0.30000000000000004,0.0,-0.1,0.0,2.7,9.3,-2.5,-0.2,4.5,16
21566,360955.0,-0.30000000000000004,0.1,-0.1,-0.1,2.8000000000000003,9.3,-1.7,-0.6000000000000001,4.800000000000001,16
21567,360971.0,-0.4,0.1,-0.1,-0.1,2.8000000000000003,9.3,-1.0999999999999999,-0.30000000000000004,5.1,16
21568,360991.0,-0.4,0.1,0.1,-0.1,2.8000000000000003,9.4,-1.6,-1.0999999999999999,5.1,16
21569,361004.0,-0.30000000000000004,0.1,0.2,-0.1,2.8000000000000003,9.5,-3.1,-2.7,4.7,16
21570,361021.0,-0.30000000000000004,0.1,0.1,-0.1,2.9000000000000004,9.5,-2.4000000000000004,-1.5000000000000002,4.5,16
21571,361037.0,-0.2,0.2,0.2,-0.1,2.9000000000000004,9.600000000000001,-2.1999999999999997,-0.6000000000000001,3.6,16
21572,361054.0,-0.30000000000000004,0.2,0.2,-0.1,2.9000000000000004,9.600000000000001,-3.0000000000000004,-1.7,1.8,16
