,ms,accelX,accelY,accelZ,accelWithGX,accelWithGY,accelWithGZ,rotRateAlpha,rotRateBeta,rotRateGamma,interval
0,151.0,0.4,-0.2,-0.1,-2.4000000000000004,2.2,8.6,-12.4,36.300000000000004,52.60000000000001,16
1,168.0,0.7000000000000001,-0.2,-0.1,-2.0,2.2,8.6,-16.3,34.50000000000001,56.2,16
2,185.0,0.9,-0.1,0.0,-1.8,2.3000000000000003,8.700000000000001,-21.1,34.1,56.2,16
3,202.0,0.9,-0.1,0.1,-1.8,2.3000000000000003,8.8,-23.099999999999998,34.0,55.60000000000001,16
4,218.0,1.0,0.0,0.30000000000000004,-1.6,2.4000000000000004,9.1,-25.900000000000002,33.50000000000001,54.800000000000004,16
5,235.0,1.1,0.1,0.6000000000000001,-1.5,2.4000000000000004,9.4,-26.6,35.0,53.0,16
6,252.0,1.1,0.2,0.7000000000000001,-1.5,2.4000000000000004,9.5,-26.300000000000004,35.9,51.70000000000001,16
7,268.0,1.0,0.30000000000000004,0.8,-1.5,2.5,9.700000000000001,-24.7,32.9,48.800000000000004,16
8,285.0,1.0,0.4,0.8,-1.5,2.7,9.8,-23.800000000000004,28.200000000000003,45.099999999999994,16
9,302.0,0.9,0.5,0.9,-1.6,2.8000000000000003,9.9,-23.0,27.0,43.00000000000001,16
10,318.0,0.7000000000000001,0.6000000000000001,1.0,-1.7000000000000002,2.9000000000000004,10.0,-19.5,28.800000000000004,39.9,16
11,335.0,0.6000000000000001,0.7000000000000001,0.9,-1.9000000000000001,3.0,10.0,-14.5,30.9,38.400000000000006,16
12,352.0,0.6000000000000001,0.7000000000000001,0.9,-1.9000000000000001,3.1,10.0,-12.9,31.3,38.300000000000004,16
13,368.0,0.6000000000000001,0.8,0.9,-2.0,3.2,10.0,-12.5,29.400000000000002,37.2,16
14,385.0,0.5,0.7000000000000001,1.0,-2.1,3.1,10.200000000000001,-11.700000000000001,23.800000000000004,36.2,16
15,402.0,0.5,0.7000000000000001,1.0,-2.1,3.2,10.200000000000001,-10.299999999999999,20.900000000000002,36.300000000000004,16
16,418.0,0.6000000000000001,0.7000000000000001,0.9,-2.0,3.2,10.200000000000001,-6.2,18.700000000000003,35.8,16
17,435.0,0.4,0.5,0.7000000000000001,-2.2,3.1,10.0,-1.8000000000000003,18.3,35.3,16
18,452.0,0.5,0.4,0.5,-2.1,3.0,9.8,0.4,15.5,35.699999999999996,16
19,468.0,0.7000000000000001,0.30000000000000004,0.1,-1.8,2.9000000000000004,9.4,3.5,11.4,34.7,16
20,485.0,0.9,0.1,-0.2,-1.6,2.8000000000000003,9.0,5.1000000000000005,9.899999999999999,31.099999999999998,16
21,502.0,0.9,0.1,-0.30000000000000004,-1.6,2.8000000000000003,8.9,5.4,9.8,28.900000000000002,16
22,518.0,0.9,0.0,-0.5,-1.6,2.8000000000000003,8.700000000000001,5.6,7.1000000000000005,25.300000000000004,16
23,535.0,0.9,0.0,-0.6000000000000001,-1.5,2.8000000000000003,8.6,5.2,5.2,21.7,16
24,552.0,0.9,0.0,-0.7000000000000001,-1.4000000000000001,2.8000000000000003,8.5,5.1000000000000005,3.9,19.9,16
25,568.0,1.1,0.0,-0.7000000000000001,-1.2000000000000002,2.9000000000000004,8.4,3.5,4.5,15.2,16
26,585.0,1.0,0.0,-0.6000000000000001,-1.3,2.9000000000000004,8.5,1.0,5.300000000000001,8.600000000000001,16
27,602.0,1.0,0.0,-0.4,-1.4000000000000001,2.9000000000000004,8.8,-0.5,5.8,5.4,16
28,618.0,0.8,0.1,0.0,-1.5,2.9000000000000004,9.0,-2.9,4.7,-0.6000000000000001,16
29,635.0,0.7000000000000001,0.1,0.30000000000000004,-1.6,2.9000000000000004,9.4,-1.9,1.7,-5.1000000000000005,16
30,652.0,0.7000000000000001,0.1,0.4,-1.6,2.9000000000000004,9.5,-0.9000000000000001,1.1,-7.6,16
31,668.0,0.6000000000000001,0.1,0.5,-1.6,3.0,9.600000000000001,1.2000000000000002,0.1,-14.100000000000001,16
32,685.0,0.5,0.2,0.6000000000000001,-1.8,3.0,9.700000000000001,4.4,1.4,-20.900000000000002,16
33,702.0,0.30000000000000004,0.2,0.5,-2.0,3.0,9.600000000000001,8.2,2.4000000000000004,-25.7,16
34,718.0,0.2,0.2,0.5,-2.1,3.0,9.600000000000001,9.2,2.2,-27.400000000000002,16
35,735.0,0.1,0.2,0.4,-2.2,3.0,9.5,10.200000000000001,-0.2,-30.9,16
36,752.0,0.0,0.2,0.4,-2.4000000000000004,3.1,9.5,10.700000000000001,-2.4000000000000004,-33.1,16
37,768.0,-0.1,0.2,0.4,-2.5,3.1,9.5,11.5,-2.8,-34.0,16
38,785.0,-0.2,0.1,0.2,-2.6,3.0,9.4,13.900000000000002,-4.2,-34.50000000000001,16
39,802.0,-0.2,0.0,0.1,-2.6,2.9000000000000004,9.200000000000001,15.6,-3.8,-35.8,16
40,818.0,-0.30000000000000004,-0.1,0.0,-2.7,2.9000000000000004,9.200000000000001,16.1,-2.9,-36.8,16
41,835.0,-0.5,-0.30000000000000004,-0.1,-2.9000000000000004,2.7,9.0,18.5,-1.9,-37.6,16
42,852.0,-0.6000000000000001,-0.30000000000000004,-0.30000000000000004,-3.1,2.7,8.700000000000001,19.700000000000003,-1.6,-36.8,16
43,868.0,-0.6000000000000001,-0.30000000000000004,-0.5,-3.1,2.7,8.6,18.8,-1.7,-36.1,16
44,885.0,-0.5,-0.4,-0.5,-3.1,2.6,8.6,14.800000000000002,-3.9,-33.9,16
45,902.0,-0.4,-0.5,-0.4,-3.0,2.5,8.6,11.6,-5.2,-32.300000000000004,16
46,918.0,-0.4,-0.5,-0.30000000000000004,-3.1,2.5,8.700000000000001,10.0,-4.9,-32.7,16
47,935.0,-0.7000000000000001,-0.5,-0.2,-3.3000000000000003,2.5,8.8,6.600000000000001,-3.6000000000000005,-34.0,16
48,952.0,-0.8,-0.4,0.2,-3.5,2.5,9.200000000000001,4.7,-3.3000000000000007,-32.5,16
49,968.0,-0.8,-0.4,0.30000000000000004,-3.5,2.6,9.3,4.7,-3.0,-31.2,16
50,985.0,-1.0,-0.4,0.4,-3.7,2.5,9.4,6.1000000000000005,-4.300000000000001,-28.800000000000004,16
51,1002.0,-1.0,-0.30000000000000004,0.4,-3.8000000000000003,2.6,9.5,8.0,-7.699999999999999,-25.900000000000002,16
52,1018.0,-1.0,-0.30000000000000004,0.4,-3.8000000000000003,2.6,9.4,9.3,-8.3,-24.3,16
53,1035.0,-1.1,-0.30000000000000004,0.2,-3.9000000000000004,2.6,9.200000000000001,12.4,-9.2,-20.8,16
54,1052.0,-1.0,-0.4,-0.1,-3.8000000000000003,2.6,8.9,14.900000000000002,-9.899999999999999,-17.6,16
55,1068.0,-1.0,-0.4,-0.30000000000000004,-3.8000000000000003,2.6,8.700000000000001,16.200000000000003,-9.899999999999999,-16.200000000000003,16
56,1085.0,-0.9,-0.30000000000000004,-0.6000000000000001,-3.7,2.6,8.4,17.200000000000003,-8.3,-13.700000000000001,16
57,1102.0,-0.9,-0.30000000000000004,-0.8,-3.7,2.7,8.200000000000001,15.5,-8.3,-12.100000000000001,16
58,1118.0,-0.9,-0.2,-0.9,-3.8000000000000003,2.8000000000000003,8.1,13.000000000000002,-8.8,-11.2,16
59,1135.0,-1.0,-0.1,-0.8,-3.9000000000000004,2.9000000000000004,8.1,4.9,-8.4,-8.899999999999999,16
60,1152.0,-1.1,-0.1,-0.5,-3.9000000000000004,2.9000000000000004,8.4,-2.4000000000000004,-7.8,-5.4,16
61,1168.0,-1.0,-0.1,-0.30000000000000004,-3.8000000000000003,2.9000000000000004,8.6,-4.5,-8.0,-3.4,16
62,1185.0,-0.9,-0.1,-0.1,-3.7,2.9000000000000004,8.9,-7.1000000000000005,-8.700000000000001,-0.9000000000000001,16
63,1202.0,-0.7000000000000001,0.0,0.1,-3.5,3.0,9.0,-7.400000000000001,-12.0,1.0,16
64,1219.0,-0.6000000000000001,0.0,0.1,-3.3000000000000003,3.0,9.1,-6.9,-12.8,1.5,16
65,1235.0,-0.4,0.2,0.1,-3.2,3.1,9.1,-5.9,-11.700000000000001,1.4,16
66,1252.0,-0.4,0.2,0.1,-3.1,3.1,9.1,-4.7,-9.700000000000001,0.6000000000000001,16
67,1268.0,-0.4,0.2,0.2,-3.2,3.1,9.200000000000001,-3.9,-8.0,0.4,16
68,1285.0,-0.5,0.2,0.1,-3.2,3.1,9.200000000000001,-1.3,-6.300000000000001,1.5,16
69,1302.0,-0.4,0.1,0.0,-3.1,3.1,9.1,0.4,-5.500000000000001,3.0,16
70,1318.0,-0.30000000000000004,0.1,0.0,-2.9000000000000004,3.0,9.0,0.30000000000000004,-5.2,3.3000000000000007,16
71,1335.0,-0.2,0.0,-0.1,-2.8000000000000003,3.0,9.0,-0.30000000000000004,-5.6,3.3000000000000007,16
72,1352.0,-0.2,0.0,-0.1,-2.8000000000000003,2.9000000000000004,9.0,0.1,-5.6,2.8,16
73,1368.0,-0.1,-0.1,-0.1,-2.7,2.9000000000000004,8.9,0.30000000000000004,-6.1000000000000005,2.6,16
74,1385.0,-0.1,-0.1,-0.2,-2.8000000000000003,2.9000000000000004,8.9,0.6000000000000001,-5.500000000000001,1.5,16
75,1402.0,-0.2,-0.1,-0.2,-2.8000000000000003,2.9000000000000004,8.9,0.8,-2.9,0.7,16
76,1418.0,-0.2,-0.1,-0.2,-2.8000000000000003,2.9000000000000004,8.8,-0.6000000000000001,-0.5,1.0,16
77,1435.0,-0.2,-0.1,-0.1,-2.9000000000000004,2.8000000000000003,8.9,-2.2,-0.8,0.9000000000000001,16
78,1452.0,-0.30000000000000004,-0.1,0.0,-3.0,2.9000000000000004,9.1,-4.9,-2.5,0.8,16
79,1468.0,-0.4,0.0,0.2,-3.0,2.9000000000000004,9.200000000000001,-4.300000000000001,-5.500000000000001,1.8000000000000003,16
80,1485.0,-0.30000000000000004,-0.1,0.1,-3.0,2.8000000000000003,9.200000000000001,-3.0,-5.8,2.1,16
81,1502.0,-0.30000000000000004,0.0,-0.1,-2.9000000000000004,2.9000000000000004,9.0,-0.9000000000000001,-3.9,2.3,16
82,1518.0,-0.30000000000000004,0.1,-0.30000000000000004,-3.0,2.9000000000000004,8.8,-1.4,-1.3,1.7,16
83,1535.0,-0.30000000000000004,0.0,-0.30000000000000004,-3.0,2.9000000000000004,8.700000000000001,-2.4000000000000004,-0.7,1.7,16
84,1552.0,-0.4,0.1,-0.2,-3.0,3.0,8.8,-5.0,-0.2,2.8,16
85,1568.0,-0.30000000000000004,0.2,-0.2,-3.0,3.1,8.9,-7.699999999999999,-2.2,3.6000000000000005,16
86,1585.0,-0.30000000000000004,0.2,-0.1,-3.0,3.1,9.0,-8.5,-2.3,3.7000000000000006,16
87,1602.0,-0.30000000000000004,0.30000000000000004,0.1,-3.0,3.1,9.200000000000001,-7.400000000000001,-2.3,3.7000000000000006,16
88,1618.0,-0.4,0.30000000000000004,0.0,-3.0,3.1,9.1,-4.2,-0.2,4.7,16
89,1635.0,-0.30000000000000004,0.30000000000000004,0.0,-3.0,3.1,9.0,-3.3000000000000007,0.9000000000000001,5.4,16
90,1652.0,-0.2,0.30000000000000004,-0.2,-2.9000000000000004,3.2,8.9,-4.6,1.6,6.500000000000001,16
91,1668.0,-0.1,0.30000000000000004,0.0,-2.8000000000000003,3.1,9.1,-7.500000000000001,0.2,7.200000000000001,16
92,1685.0,-0.1,0.30000000000000004,0.1,-2.8000000000000003,3.1,9.200000000000001,-8.3,0.2,7.300000000000001,16
93,1702.0,-0.1,0.2,0.2,-2.8000000000000003,3.0,9.4,-7.699999999999999,-1.4,7.699999999999999,16
94,1718.0,-0.1,0.2,0.30000000000000004,-2.7,3.0,9.4,-6.0,-1.7,8.0,16
95,1735.0,0.0,0.1,0.30000000000000004,-2.7,3.0,9.4,-5.1000000000000005,-1.4,8.0,16
96,1751.0,0.1,0.1,0.2,-2.6,2.9000000000000004,9.4,-3.3000000000000007,-1.6,8.4,16
97,1768.0,0.2,0.0,0.2,-2.4000000000000004,2.9000000000000004,9.3,-1.6,-0.5,7.8,16
98,1785.0,0.2,0.0,0.2,-2.4000000000000004,2.8000000000000003,9.3,-1.1,0.1,7.0,16
99,1802.0,0.2,0.0,0.1,-2.4000000000000004,2.8000000000000003,9.200000000000001,-0.4,-0.7,5.1000000000000005,16
100,1818.0,0.2,-0.1,0.0,-2.4000000000000004,2.7,9.200000000000001,0.5,-1.3,3.6000000000000005,16
101,1835.0,0.2,-0.1,0.0,-2.4000000000000004,2.7,9.1,1.0,-1.3,3.3000000000000007,16
102,1852.0,0.2,-0.1,-0.2,-2.3000000000000003,2.8000000000000003,9.0,1.2000000000000002,0.2,1.7,16
103,1868.0,0.1,-0.1,-0.2,-2.5,2.8000000000000003,9.0,-0.4,0.8,0.1,16
104,1885.0,0.0,0.0,-0.2,-2.5,2.8000000000000003,8.9,-1.3,0.0,0.0,16
105,1902.0,0.0,0.0,-0.1,-2.6,2.8000000000000003,9.0,-2.8,-1.6,0.2,16
106,1918.0,0.0,0.0,-0.1,-2.6,2.8000000000000003,9.1,-3.4,0.0,0.0,16
107,1935.0,0.0,0.0,0.0,-2.6,2.9000000000000004,9.1,-3.1,-0.1,0.0,16
108,1952.0,-0.1,0.0,0.0,-2.6,2.8000000000000003,9.200000000000001,-2.2,-0.5,0.1,16
109,1968.0,0.0,0.0,0.0,-2.6,2.8000000000000003,9.1,-1.6,-1.0,0.4,16
110,1985.0,-0.1,0.1,0.0,-2.7,2.8000000000000003,9.200000000000001,-1.6,-0.5,0.30000000000000004,16
111,2002.0,-0.1,0.0,0.1,-2.7,2.8000000000000003,9.200000000000001,-1.4,-0.30000000000000004,0.0,16
112,2018.0,-0.1,0.1,0.0,-2.7,2.8000000000000003,9.200000000000001,-1.7,-0.2,0.30000000000000004,16
113,2035.0,-0.1,0.0,0.0,-2.7,2.8000000000000003,9.1,-2.0,-0.5,0.2,16
114,2052.0,-0.1,0.0,0.0,-2.7,2.8000000000000003,9.200000000000001,-2.8,-0.9000000000000001,0.7,16
115,2068.0,-0.1,0.0,0.1,-2.7,2.8000000000000003,9.3,-3.0,-2.5,1.5,16
116,2085.0,0.0,0.0,0.1,-2.6,2.8000000000000003,9.3,-2.7,-2.3,1.3,16
117,2102.0,-0.1,0.0,0.1,-2.6,2.8000000000000003,9.3,-1.5,-0.8,0.8,16
118,2118.0,-0.1,0.0,0.0,-2.7,2.8000000000000003,9.200000000000001,0.30000000000000004,-0.5,1.4,16
119,2135.0,0.0,0.0,-0.1,-2.5,2.7,9.0,0.8,-1.6,1.9,16
120,2152.0,0.1,0.0,-0.30000000000000004,-2.5,2.7,8.9,0.1,-3.0,2.3,16
121,2169.0,0.1,0.0,-0.30000000000000004,-2.4000000000000004,2.8000000000000003,8.9,-1.5,-1.8000000000000003,1.5,16
122,2185.0,0.1,0.0,-0.30000000000000004,-2.5,2.7,8.9,-2.3,-0.9000000000000001,1.2000000000000002,16
123,2202.0,0.0,0.0,-0.2,-2.6,2.7,9.0,-4.0,-2.0,2.0,16
124,2218.0,0.0,0.0,-0.1,-2.5,2.7,9.1,-5.4,-3.5,2.9,16
125,2235.0,0.2,-0.1,0.0,-2.3000000000000003,2.7,9.200000000000001,-5.7,-3.6000000000000005,3.2,16
126,2252.0,0.2,-0.1,0.1,-2.3000000000000003,2.7,9.3,-4.9,-3.2,2.6,16
127,2274.0,0.0,0.0,0.1,-2.5,2.7,9.3,-4.1,-2.5,0.9000000000000001,16
128,2285.0,-0.1,0.0,0.1,-2.6,2.7,9.3,-3.1,-6.0,1.5,16
129,2302.0,-0.1,0.0,0.0,-2.6,2.7,9.200000000000001,-3.1,-6.8,2.1,16
130,2319.0,-0.1,0.1,0.0,-2.5,2.7,9.3,-3.8,-6.699999999999999,3.1,16
131,2335.0,-0.1,0.0,-0.1,-2.5,2.7,9.200000000000001,-3.9,-8.2,4.1,16
132,2352.0,-0.1,0.0,0.0,-2.5,2.7,9.200000000000001,-4.4,-9.100000000000001,4.2,16
133,2368.0,-0.1,0.1,0.0,-2.4000000000000004,2.7,9.3,-4.7,-8.5,3.5,16
134,2387.0,-0.1,0.1,0.0,-2.5,2.7,9.3,-3.6000000000000005,-5.500000000000001,3.7000000000000006,16
135,2403.0,-0.1,0.1,0.1,-2.5,2.7,9.3,-2.8,-4.2,3.7000000000000006,16
136,2418.0,-0.1,0.1,0.1,-2.5,2.7,9.4,-1.7,-3.0,3.9,16
137,2435.0,-0.1,0.0,0.2,-2.4000000000000004,2.7,9.5,-0.8,-4.2,3.4,16
138,2452.0,-0.2,-0.1,0.30000000000000004,-2.5,2.6,9.600000000000001,0.2,-5.300000000000001,2.7,16
139,2469.0,-0.30000000000000004,-0.1,0.30000000000000004,-2.6,2.6,9.600000000000001,2.8,-7.6,2.1,16
140,2488.0,-0.30000000000000004,-0.1,0.2,-2.6,2.6,9.5,5.2,-8.8,2.2,16
141,2504.0,-0.2,-0.1,0.0,-2.5,2.6,9.3,6.1000000000000005,-8.0,2.6,16
142,2518.0,-0.1,-0.1,-0.1,-2.4000000000000004,2.6,9.200000000000001,7.300000000000001,-8.0,4.300000000000001,16
143,2535.0,-0.1,-0.2,-0.30000000000000004,-2.3000000000000003,2.5,9.0,8.0,-9.2,4.0,16
144,2552.0,-0.1,-0.30000000000000004,-0.4,-2.4000000000000004,2.4000000000000004,8.9,7.300000000000001,-10.5,4.1,16
145,2569.0,-0.1,-0.2,-0.5,-2.2,2.5,8.8,2.6,-18.8,6.9,16
146,2585.0,0.2,-0.4,-0.7000000000000001,-1.9000000000000001,2.4000000000000004,8.6,-1.6,-25.7,9.4,16
147,2602.0,0.30000000000000004,-0.4,-0.8,-1.7000000000000002,2.4000000000000004,8.5,-3.3000000000000007,-26.799999999999997,10.8,16
148,2619.0,0.4,-0.4,-0.9,-1.5,2.3000000000000003,8.4,-8.899999999999999,-24.400000000000002,12.0,16
149,2635.0,0.6000000000000001,-0.5,-0.9,-1.2000000000000002,2.2,8.5,-16.0,-23.099999999999998,11.6,16
150,2652.0,0.7000000000000001,-0.4,-0.8,-1.1,2.2,8.6,-19.400000000000002,-21.8,10.700000000000001,16
151,2668.0,0.7000000000000001,-0.4,-0.5,-1.0,2.2,8.9,-23.900000000000006,-18.0,7.500000000000001,16
152,2685.0,0.7000000000000001,-0.30000000000000004,-0.2,-0.9,2.2,9.3,-24.400000000000002,-15.5,4.0,16
153,2702.0,0.7000000000000001,-0.2,-0.1,-0.9,2.2,9.4,-23.6,-13.6,1.7,16
154,2718.0,0.7000000000000001,-0.1,0.1,-0.9,2.3000000000000003,9.600000000000001,-20.2,-10.0,-3.8,16
155,2735.0,0.7000000000000001,-0.1,0.2,-1.0,2.3000000000000003,9.700000000000001,-16.700000000000003,-4.0,-8.8,16
156,2752.0,0.5,0.0,0.2,-1.3,2.3000000000000003,9.9,-15.6,-1.7,-11.000000000000002,16
157,2768.0,0.1,0.1,0.4,-1.5,2.4000000000000004,10.0,-14.600000000000001,1.1,-13.8,16
158,2785.0,-0.2,0.2,0.5,-1.8,2.4000000000000004,10.100000000000001,-14.100000000000001,0.30000000000000004,-12.5,16
159,2802.0,-0.2,0.30000000000000004,0.6000000000000001,-1.9000000000000001,2.5,10.100000000000001,-15.2,0.30000000000000004,-10.5,16
160,2818.0,-0.30000000000000004,0.4,0.8,-1.9000000000000001,2.5,10.4,-17.6,-2.4000000000000004,-6.4,16
161,2835.0,-0.2,0.4,0.9,-1.8,2.4000000000000004,10.600000000000001,-17.6,-6.699999999999999,-3.5,16
162,2852.0,-0.1,0.4,1.0,-1.7000000000000002,2.4000000000000004,10.600000000000001,-16.3,-8.8,-2.6,16
163,2873.0,0.0,0.2,1.0,-1.6,2.2,10.700000000000001,-5.2,-5.8,-4.1,16
164,2890.0,-0.1,0.1,0.9,-1.6,2.1,10.600000000000001,0.30000000000000004,-2.7,-4.7,16
165,2902.0,-0.1,0.0,0.4,-1.7000000000000002,2.0,10.100000000000001,9.600000000000001,1.8000000000000003,-5.0,16
166,2918.0,-0.1,0.0,0.2,-1.7000000000000002,2.0,9.8,12.0,2.8,-4.9,16
167,2935.0,-0.1,-0.1,-0.30000000000000004,-1.7000000000000002,2.0,9.4,11.8,3.8,-5.500000000000001,16
168,2951.0,-0.1,-0.2,-0.30000000000000004,-1.7000000000000002,1.9000000000000001,9.3,9.700000000000001,3.3000000000000007,-5.4,16
169,2968.0,-0.1,-0.30000000000000004,-0.30000000000000004,-1.7000000000000002,1.8,9.3,5.2,1.6,-4.800000000000001,16
170,2985.0,-0.1,-0.30000000000000004,-0.2,-1.7000000000000002,1.8,9.4,4.5,1.9,-4.9,16
171,3002.0,-0.2,-0.30000000000000004,-0.30000000000000004,-1.8,1.8,9.3,5.7,3.8,-4.7,16
172,3018.0,-0.2,-0.30000000000000004,-0.30000000000000004,-1.8,1.8,9.3,5.6,4.300000000000001,-4.0,16
173,3035.0,-0.1,-0.30000000000000004,-0.4,-1.7000000000000002,1.8,9.200000000000001,4.1,4.4,-2.7,16
174,3051.0,-0.1,-0.30000000000000004,-0.4,-1.8,1.9000000000000001,9.200000000000001,2.7,5.0,-2.2,16
175,3068.0,-0.1,-0.2,-0.30000000000000004,-1.8,1.9000000000000001,9.200000000000001,-0.9000000000000001,5.500000000000001,-1.1,16
176,3085.0,-0.1,-0.2,-0.1,-1.8,1.9000000000000001,9.5,-4.2,4.4,0.8,16
177,3102.0,0.0,-0.1,0.0,-1.7000000000000002,1.9000000000000001,9.600000000000001,-5.1000000000000005,1.9,2.6,16
178,3118.0,0.1,-0.1,0.1,-1.6,2.0,9.600000000000001,-5.0,1.2000000000000002,2.6,16
179,3135.0,0.1,-0.1,0.1,-1.6,2.0,9.700000000000001,-4.0,1.9,0.9000000000000001,16
180,3152.0,0.1,0.1,0.1,-1.6,2.1,9.700000000000001,-1.8000000000000003,2.3,0.1,16
181,3171.0,0.1,0.1,0.1,-1.7000000000000002,2.1,9.600000000000001,-0.6000000000000001,2.5,0.0,16
182,3185.0,0.0,0.1,0.0,-1.7000000000000002,2.2,9.5,1.6,3.6000000000000005,0.30000000000000004,16
183,3202.0,0.1,0.2,-0.2,-1.7000000000000002,2.2,9.4,1.9,3.4,1.0,16
184,3218.0,0.2,0.2,-0.2,-1.6,2.3000000000000003,9.3,1.0,2.6,2.1,16
185,3235.0,0.2,0.2,-0.2,-1.6,2.3000000000000003,9.4,-0.6000000000000001,1.7,1.5,16
186,3251.0,0.1,0.2,-0.1,-1.6,2.3000000000000003,9.5,-1.2000000000000002,0.8,1.1,16
187,3268.0,0.1,0.2,-0.1,-1.6,2.2,9.5,-0.6000000000000001,1.4,1.1,16
188,3285.0,0.1,0.1,-0.1,-1.6,2.2,9.5,0.30000000000000004,1.9,2.0,16
189,3302.0,0.2,0.1,-0.1,-1.6,2.2,9.5,-0.7,2.5,2.8,16
190,3319.0,0.2,0.1,0.0,-1.6,2.1,9.700000000000001,-1.7,2.7,3.0,16
191,3335.0,0.2,0.0,0.2,-1.5,2.1,9.8,-2.5,0.5,3.3000000000000007,16
192,3351.0,0.2,0.0,0.30000000000000004,-1.5,2.0,9.8,-0.6000000000000001,-1.8000000000000003,2.7,16
193,3368.0,0.2,-0.1,0.30000000000000004,-1.5,2.0,9.8,0.6000000000000001,-1.8000000000000003,2.0,16
194,3385.0,0.2,-0.1,0.2,-1.5,2.0,9.8,3.3000000000000007,0.2,1.0,16
195,3402.0,0.2,-0.1,0.1,-1.5,2.0,9.700000000000001,6.0,2.7,-0.30000000000000004,16
196,3418.0,0.2,-0.1,0.0,-1.5,2.0,9.600000000000001,7.1000000000000005,3.6000000000000005,-0.8,16
197,3435.0,0.2,-0.1,-0.2,-1.6,2.0,9.4,6.0,2.1,-1.4,16
198,3457.0,0.0,-0.1,-0.1,-1.7000000000000002,2.1,9.4,2.5,-0.5,-2.4000000000000004,16
199,3470.0,0.0,0.0,-0.1,-1.8,2.1,9.5,1.4,-1.1,-2.2,16
200,3485.0,-0.1,0.0,0.0,-1.8,2.1,9.5,1.2000000000000002,-2.3,-1.1,16
201,3502.0,-0.1,0.0,0.0,-1.8,2.2,9.600000000000001,1.5,-1.6,-0.30000000000000004,16
202,3518.0,-0.1,0.0,0.1,-1.8,2.2,9.600000000000001,1.8000000000000003,-1.4,-0.7,16
203,3535.0,-0.2,0.1,0.1,-1.9000000000000001,2.2,9.600000000000001,3.1,-1.8000000000000003,-0.8,16
204,3551.0,-0.1,0.0,0.0,-1.8,2.2,9.5,5.6,-2.7,0.1,16
205,3568.0,-0.1,-0.1,-0.1,-1.8,2.1,9.4,6.699999999999999,-2.3,0.4,16
206,3585.0,-0.1,0.0,-0.4,-1.8,2.2,9.200000000000001,6.8,-0.2,0.0,16
207,3603.0,-0.1,0.0,-0.4,-1.8,2.2,9.1,3.8,1.1,0.6000000000000001,16
208,3618.0,-0.2,0.0,-0.4,-1.8,2.2,9.1,1.9,0.4,1.5,16
209,3635.0,-0.1,-0.1,-0.30000000000000004,-1.8,2.2,9.200000000000001,-1.8000000000000003,-2.6,3.8,16
210,3652.0,0.1,-0.1,-0.1,-1.6,2.1,9.4,-4.4,-3.7000000000000006,4.6,16
211,3669.0,0.1,0.0,0.1,-1.5,2.2,9.600000000000001,-5.0,-2.9,4.2,16
212,3685.0,0.1,-0.1,0.2,-1.6,2.1,9.700000000000001,-4.4,-2.5,3.6000000000000005,16
213,3702.0,0.1,-0.1,0.30000000000000004,-1.6,2.1,9.8,-1.6,-1.9,2.8,16
214,3718.0,0.1,-0.1,0.2,-1.6,2.1,9.700000000000001,1.2000000000000002,-2.2,2.0,16
215,3735.0,0.1,-0.1,0.1,-1.6,2.1,9.700000000000001,1.9,-2.3,1.7,16
216,3752.0,0.1,0.0,0.1,-1.6,2.2,9.5,2.2,-1.3,0.8,16
217,3770.0,0.0,0.0,0.0,-1.6,2.2,9.4,1.9,-0.8,0.4,16
218,3785.0,0.0,0.0,-0.1,-1.6,2.2,9.5,1.3,-1.0,0.6000000000000001,16
219,3802.0,-0.1,0.0,-0.1,-1.7000000000000002,2.2,9.5,1.1,-1.7,1.4,16
220,3818.0,0.0,0.0,-0.1,-1.6,2.2,9.4,0.6000000000000001,-3.1,1.7,16
221,3835.0,-0.1,0.0,-0.1,-1.7000000000000002,2.2,9.4,0.0,-2.8,1.6,16
222,3851.0,-0.2,0.0,0.0,-1.8,2.2,9.5,-1.1,-1.7,2.2,16
223,3869.0,-0.1,0.0,0.0,-1.7000000000000002,2.2,9.5,0.0,-1.9,3.7000000000000006,16
224,3885.0,0.0,0.0,0.0,-1.6,2.2,9.5,0.2,-1.7,4.0,16
225,3901.0,0.0,0.0,0.0,-1.6,2.2,9.5,-0.5,-2.0,3.4,16
226,3918.0,0.0,0.0,0.0,-1.6,2.2,9.5,-1.1,-2.3,2.8,16
227,3936.0,0.0,0.1,0.1,-1.7000000000000002,2.2,9.600000000000001,-0.9000000000000001,-2.1,2.8,16
228,3952.0,-0.1,0.0,0.1,-1.7000000000000002,2.2,9.600000000000001,-0.2,-2.0,3.3000000000000007,16
229,3968.0,0.0,0.0,0.0,-1.6,2.2,9.5,0.8,-1.9,4.5,16
230,3985.0,0.1,0.0,-0.1,-1.5,2.2,9.4,0.6000000000000001,-1.7,4.800000000000001,16
231,4002.0,0.1,-0.1,0.0,-1.5,2.2,9.5,0.2,-1.1,3.5,16
232,4018.0,0.1,0.0,0.0,-1.5,2.2,9.5,0.4,-0.7,2.6,16
233,4035.0,0.0,0.0,0.0,-1.5,2.2,9.600000000000001,0.6000000000000001,-1.4,2.2,16
234,4052.0,-0.1,0.1,0.1,-1.6,2.3000000000000003,9.600000000000001,1.0,-1.2000000000000002,2.2,16
235,4070.0,-0.1,0.0,0.0,-1.7000000000000002,2.3000000000000003,9.5,2.6,-2.1,3.9,16
236,4086.0,0.0,0.1,-0.1,-1.6,2.3000000000000003,9.5,3.5,-2.6,5.0,16
237,4102.0,0.1,0.0,-0.30000000000000004,-1.4000000000000001,2.3000000000000003,9.200000000000001,4.800000000000001,-2.8,5.0,16
238,4118.0,0.1,0.0,-0.5,-1.4000000000000001,2.3000000000000003,9.0,3.1,-0.2,3.6000000000000005,16
239,4135.0,0.0,0.0,-0.5,-1.5,2.3000000000000003,9.0,0.8,1.1,3.2,16
240,4151.0,-0.30000000000000004,0.0,-0.2,-1.8,2.3000000000000003,9.3,-3.8,1.6,4.5,16
241,4168.0,-0.2,-0.1,0.1,-1.8,2.1,9.600000000000001,-6.4,-1.3,8.2,16
242,4185.0,-0.2,-0.2,0.1,-1.7000000000000002,2.0,9.600000000000001,-6.600000000000001,-3.0,9.2,16
243,4202.0,-0.1,-0.2,0.2,-1.6,2.0,9.700000000000001,-6.8,-3.9,9.600000000000001,16
244,4218.0,-0.1,-0.2,0.2,-1.6,2.0,9.700000000000001,-7.0,-1.9,8.899999999999999,16
245,4235.0,-0.2,-0.2,0.2,-1.6,2.0,9.700000000000001,-6.500000000000001,-0.5,8.600000000000001,16
246,4252.0,-0.2,-0.2,0.0,-1.6,2.0,9.5,-3.3000000000000007,0.6000000000000001,9.100000000000001,16
247,4268.0,0.0,-0.1,-0.5,-1.5,2.1,9.0,-0.8,0.7,10.1,16
248,4285.0,0.0,0.0,-0.6000000000000001,-1.4000000000000001,2.2,8.9,-1.3,-0.9000000000000001,10.9,16
249,4302.0,0.2,-0.1,-0.8,-1.3,2.1,8.700000000000001,-3.7000000000000006,-1.6,10.8,16
250,4318.0,0.2,0.0,-0.9,-1.2000000000000002,2.2,8.6,-7.0,-0.4,8.700000000000001,16
251,4335.0,0.1,0.1,-0.9,-1.3,2.3000000000000003,8.6,-9.0,2.4000000000000004,7.0,16
252,4353.0,-0.2,0.2,-0.8,-1.7000000000000002,2.3000000000000003,8.700000000000001,-14.100000000000001,9.4,5.1000000000000005,16
253,4370.0,-0.4,0.4,-0.6000000000000001,-1.9000000000000001,2.4000000000000004,8.9,-20.400000000000002,12.7,7.300000000000001,16
254,4385.0,-0.5,0.30000000000000004,-0.4,-2.0,2.2,9.4,-24.400000000000002,11.8,9.700000000000001,16
255,4402.0,-0.30000000000000004,0.2,0.1,-1.9000000000000001,2.1,9.700000000000001,-31.099999999999998,9.5,13.399999999999999,16
256,4418.0,0.0,0.1,0.4,-1.5,2.0,10.0,-32.0,7.400000000000001,14.100000000000001,16
257,4435.0,0.2,0.2,0.5,-1.4000000000000001,1.9000000000000001,10.100000000000001,-31.2,9.2,12.600000000000001,16
258,4451.0,0.2,0.2,0.5,-1.4000000000000001,1.9000000000000001,10.100000000000001,-28.800000000000004,14.5,9.0,16
259,4469.0,0.30000000000000004,0.1,0.5,-1.3,1.8,10.0,-26.1,13.5,6.1000000000000005,16
260,4485.0,0.4,0.2,0.5,-1.3,1.7000000000000002,10.100000000000001,-24.0,10.700000000000001,3.6000000000000005,16
261,4502.0,0.4,0.1,0.6000000000000001,-1.3,1.6,10.200000000000001,-23.0,9.2,2.7,16
262,4518.0,0.30000000000000004,-0.1,0.7000000000000001,-1.4000000000000001,1.3,10.3,-18.1,7.200000000000001,0.2,16
263,4535.0,0.1,0.0,0.8,-1.6,1.4000000000000001,10.5,-11.900000000000002,3.9,-0.6000000000000001,16
264,4553.0,0.0,0.0,0.8,-1.7000000000000002,1.4000000000000001,10.4,-9.2,1.8000000000000003,0.4,16
265,4568.0,0.30000000000000004,0.0,0.7000000000000001,-1.5,1.3,10.3,-5.300000000000001,-2.2,3.4,16
266,4585.0,0.5,-0.1,0.6000000000000001,-1.3,1.3,10.200000000000001,-1.8000000000000003,-1.4,2.1,16
267,4602.0,0.5,-0.1,0.5,-1.2000000000000002,1.3,10.200000000000001,0.4,-0.2,0.0,16
268,4618.0,0.4,0.0,0.4,-1.3,1.4000000000000001,10.100000000000001,5.0,2.2,-3.8,16
269,4635.0,0.2,0.1,0.2,-1.5,1.5,9.9,6.9,2.8,-5.300000000000001,16
270,4652.0,0.1,0.1,0.30000000000000004,-1.6,1.5,9.9,8.8,2.6,-6.699999999999999,16
271,4669.0,0.0,0.0,0.4,-1.7000000000000002,1.4000000000000001,10.0,11.4,2.5,-6.8,16
272,4685.0,0.1,-0.1,0.30000000000000004,-1.6,1.4000000000000001,9.9,15.399999999999999,4.0,-6.2,16
273,4701.0,0.2,0.0,0.2,-1.6,1.5,9.8,16.4,5.2,-6.9,16
274,4718.0,0.1,-0.1,0.1,-1.7000000000000002,1.5,9.8,17.1,7.699999999999999,-10.1,16
275,4735.0,-0.2,-0.30000000000000004,0.1,-2.0,1.3,9.700000000000001,15.399999999999999,7.200000000000001,-11.000000000000002,16
276,4752.0,-0.30000000000000004,-0.2,0.2,-2.1,1.4000000000000001,9.8,14.900000000000002,5.2,-10.200000000000001,16
277,4768.0,-0.2,-0.1,0.1,-2.0,1.5,9.700000000000001,14.800000000000002,-0.6000000000000001,-8.3,16
278,4785.0,-0.2,-0.1,0.0,-2.1,1.6,9.600000000000001,14.0,-3.8,-7.9,16
279,4801.0,-0.5,-0.5,-0.1,-2.3000000000000003,1.2000000000000002,9.5,13.5,-3.6000000000000005,-7.9,16
280,4818.0,0.2,-0.2,0.30000000000000004,-1.7000000000000002,1.6,9.9,11.700000000000001,0.6000000000000001,14.0,16
281,4835.0,0.4,1.0,-0.1,-1.5,2.4000000000000004,9.5,19.400000000000002,-8.899999999999999,5.9,16
282,4851.0,0.2,-0.1,-0.1,-1.6,1.7000000000000002,9.5,17.5,-5.0,0.0,16
283,4868.0,-0.1,-0.2,0.1,-1.9000000000000001,1.7000000000000002,9.700000000000001,17.1,0.8,3.7000000000000006,16
284,4885.0,0.2,0.0,0.0,-1.6,2.0,9.5,20.1,2.2,2.8,16
285,4904.0,0.1,-0.1,-0.2,-1.8,1.8,9.3,20.8,0.6000000000000001,0.5,16
286,4918.0,0.30000000000000004,-0.1,-0.4,-1.5,1.9000000000000001,9.1,18.0,0.5,-2.0,16
287,4935.0,-0.1,-0.2,-0.6000000000000001,-1.9000000000000001,1.9000000000000001,9.0,12.5,0.9000000000000001,-5.4,16
288,4951.0,-0.2,-0.2,-0.6000000000000001,-2.0,1.9000000000000001,8.9,8.5,1.9,-4.300000000000001,16
289,4968.0,-0.2,-0.2,-0.4,-2.0,1.9000000000000001,9.1,1.9,2.0,2.0,16
290,4985.0,-0.1,-0.2,-0.4,-1.9000000000000001,1.9000000000000001,9.1,-2.7,1.0,6.300000000000001,16
291,5001.0,0.1,-0.30000000000000004,-0.4,-1.8,1.9000000000000001,9.1,-4.800000000000001,-0.30000000000000004,6.500000000000001,16
292,5018.0,0.2,-0.2,-0.30000000000000004,-1.6,1.9000000000000001,9.200000000000001,-8.5,-3.9,3.9,16
293,5035.0,0.2,-0.1,0.0,-1.6,2.0,9.5,-10.700000000000001,-2.5,1.4,16
294,5052.0,0.1,-0.1,0.1,-1.7000000000000002,1.9000000000000001,9.700000000000001,-10.200000000000001,-1.6,0.4,16
295,5068.0,0.0,-0.1,0.30000000000000004,-1.7000000000000002,1.9000000000000001,9.8,-5.300000000000001,-0.6000000000000001,-0.5,16
296,5085.0,0.0,0.0,0.30000000000000004,-1.8,2.0,9.8,-0.6000000000000001,3.0,-1.4,16
297,5102.0,0.0,0.0,0.30000000000000004,-1.8,2.0,9.8,1.3,4.4,-1.1,16
298,5118.0,0.1,0.0,0.30000000000000004,-1.8,2.0,9.9,3.3000000000000007,3.8,0.30000000000000004,16
299,5135.0,0.1,0.0,0.30000000000000004,-1.7000000000000002,2.0,9.9,3.4,-0.30000000000000004,0.0,16
300,5152.0,0.1,0.0,0.30000000000000004,-1.6,2.1,9.8,3.5,-3.4,-0.5,16
301,5168.0,0.2,0.1,0.2,-1.6,2.1,9.700000000000001,4.1,-4.800000000000001,-2.0,16
302,5185.0,0.2,0.1,0.1,-1.6,2.2,9.600000000000001,3.9,-2.0,-2.7,16
303,5202.0,0.0,0.1,0.2,-1.8,2.2,9.700000000000001,3.6000000000000005,2.6,-2.3,16
304,5218.0,-0.1,0.0,0.2,-1.9000000000000001,2.2,9.700000000000001,4.4,4.6,-1.2000000000000002,16
305,5235.0,-0.2,0.0,0.0,-2.0,2.1,9.600000000000001,7.300000000000001,5.6,2.7,16
306,5253.0,0.1,0.1,-0.2,-1.7000000000000002,2.3000000000000003,9.3,5.6,3.6000000000000005,5.6,16
307,5270.0,0.2,0.1,-0.2,-1.7000000000000002,2.3000000000000003,9.3,3.4,1.5,5.4,16
308,5285.0,0.1,0.0,-0.1,-1.7000000000000002,2.1,9.4,-0.6000000000000001,-2.5,3.6000000000000005,16
309,5302.0,0.0,-0.1,0.0,-1.8,2.1,9.5,-2.0,-4.800000000000001,2.3,16
310,5318.0,0.0,-0.1,0.1,-1.8,2.1,9.600000000000001,-1.1,-4.2,1.8000000000000003,16
311,5335.0,0.0,0.0,0.1,-1.8,2.1,9.600000000000001,1.7,-0.8,1.5,16
312,5351.0,0.0,-0.1,0.1,-1.8,2.1,9.600000000000001,4.4,2.1,1.5,16
313,5368.0,0.0,-0.1,0.0,-1.8,2.1,9.5,4.9,1.4,1.7,16
314,5385.0,0.0,-0.1,0.0,-1.8,2.1,9.5,4.1,-2.5,1.5,16
315,5401.0,0.1,-0.1,0.0,-1.7000000000000002,2.1,9.5,3.8,-3.7000000000000006,0.6000000000000001,16
316,5418.0,0.1,-0.1,0.0,-1.6,2.1,9.5,4.1,-2.8,0.1,16
317,5435.0,0.1,-0.1,0.0,-1.6,2.1,9.5,4.1,-1.0,-2.1,16
318,5451.0,0.0,-0.1,0.0,-1.7000000000000002,2.1,9.5,4.1,-0.5,-3.6000000000000005,16
319,5470.0,0.0,-0.1,0.0,-1.8,2.1,9.600000000000001,4.4,-0.8,-4.1,16
320,5485.0,0.0,-0.1,0.0,-1.7000000000000002,2.2,9.5,5.8,-1.6,-4.6,16
321,5502.0,0.0,0.0,-0.1,-1.7000000000000002,2.2,9.4,5.9,-0.5,-4.300000000000001,16
322,5518.0,0.0,0.0,-0.1,-1.7000000000000002,2.3000000000000003,9.4,5.500000000000001,-0.2,-3.9,16
323,5535.0,0.0,0.0,-0.1,-1.8,2.2,9.4,4.5,-1.1,-2.7,16
324,5552.0,0.0,0.0,-0.1,-1.7000000000000002,2.3000000000000003,9.4,2.6,-1.9,-2.1,16
325,5571.0,0.0,0.0,0.0,-1.7000000000000002,2.2,9.4,1.8000000000000003,-2.0,-2.1,16
326,5586.0,-0.1,0.0,0.0,-1.8,2.2,9.5,1.3,-1.9,-2.2,16
327,5601.0,0.0,0.0,-0.1,-1.8,2.2,9.4,0.4,-3.3000000000000007,-0.5,16
328,5618.0,0.0,0.0,-0.1,-1.7000000000000002,2.2,9.4,-0.4,-3.5,0.30000000000000004,16
329,5635.0,0.1,0.0,0.1,-1.6,2.2,9.600000000000001,-2.1,-2.8,0.6000000000000001,16
330,5651.0,0.1,-0.1,0.30000000000000004,-1.6,2.2,9.700000000000001,-0.8,-0.9000000000000001,-0.8,16
331,5668.0,0.0,-0.1,0.2,-1.7000000000000002,2.1,9.700000000000001,1.0,-0.8,-1.6,16
332,5685.0,0.0,0.0,0.1,-1.7000000000000002,2.2,9.700000000000001,3.4,-0.7,-2.5,16
333,5702.0,0.0,0.0,0.1,-1.7000000000000002,2.2,9.600000000000001,4.300000000000001,-0.5,-3.3000000000000007,16
334,5718.0,0.0,0.0,0.0,-1.7000000000000002,2.3000000000000003,9.5,5.0,-0.2,-3.3000000000000007,16
335,5735.0,0.0,0.0,-0.1,-1.7000000000000002,2.3000000000000003,9.4,5.7,0.4,-2.9,16
336,5751.0,-0.1,0.0,-0.1,-1.8,2.3000000000000003,9.4,4.5,1.1,-2.7,16
337,5770.0,-0.2,0.1,-0.1,-1.9000000000000001,2.4000000000000004,9.4,3.0,1.1,-2.2,16
338,5785.0,-0.2,0.1,-0.1,-1.9000000000000001,2.4000000000000004,9.4,2.3,0.6000000000000001,-1.1,16
339,5801.0,-0.1,0.1,-0.1,-1.8,2.4000000000000004,9.4,1.9,-1.3,0.9000000000000001,16
340,5818.0,0.0,0.1,0.0,-1.7000000000000002,2.4000000000000004,9.5,1.8000000000000003,-1.7,1.0,16
341,5835.0,0.0,0.1,0.1,-1.8,2.4000000000000004,9.600000000000001,2.8,-0.2,0.8,16
342,5851.0,0.0,0.0,0.0,-1.8,2.4000000000000004,9.5,5.300000000000001,1.4,1.5,16
343,5871.0,0.0,0.0,-0.1,-1.7000000000000002,2.4000000000000004,9.3,4.4,2.3,1.6,16
344,5885.0,0.1,0.0,-0.1,-1.7000000000000002,2.4000000000000004,9.3,3.1,2.0,1.4,16
345,5901.0,0.1,0.0,0.0,-1.7000000000000002,2.4000000000000004,9.5,1.5,0.5,0.9000000000000001,16
346,5918.0,0.0,0.0,0.0,-1.7000000000000002,2.4000000000000004,9.5,1.6,0.0,0.9000000000000001,16
347,5935.0,0.1,0.0,0.0,-1.6,2.4000000000000004,9.4,2.2,-1.0,0.6000000000000001,16
348,5951.0,0.1,0.0,0.0,-1.6,2.4000000000000004,9.5,2.0,0.5,-0.7,16
349,5968.0,0.1,0.0,0.1,-1.6,2.4000000000000004,9.5,2.0,1.2000000000000002,-1.3,16
350,5985.0,0.0,0.0,0.1,-1.7000000000000002,2.5,9.5,3.4,3.0,-1.9,16
351,6002.0,0.0,0.0,0.0,-1.7000000000000002,2.4000000000000004,9.5,4.9,3.2,-1.3,16
352,6018.0,0.0,0.0,-0.1,-1.7000000000000002,2.4000000000000004,9.4,4.9,3.4,-1.2000000000000002,16
353,6035.0,0.0,0.0,-0.1,-1.8,2.5,9.3,4.4,2.7,-0.8,16
354,6052.0,0.1,0.0,-0.2,-1.7000000000000002,2.5,9.200000000000001,2.0,1.4,-0.2,16
355,6069.0,0.1,0.0,-0.1,-1.6,2.5,9.3,-0.6000000000000001,0.0,-0.8,16
356,6085.0,0.1,0.0,-0.1,-1.7000000000000002,2.4000000000000004,9.4,-0.8,-0.6000000000000001,-1.2000000000000002,16
357,6102.0,0.0,0.0,0.0,-1.7000000000000002,2.5,9.4,0.2,-0.4,-1.3,16
358,6118.0,0.0,0.0,0.0,-1.8,2.5,9.5,2.0,1.6,-1.3,16
359,6135.0,0.0,0.0,0.0,-1.8,2.5,9.4,2.5,1.9,-0.5,16
360,6155.0,0.1,0.0,-0.1,-1.7000000000000002,2.5,9.3,2.4000000000000004,0.8,-0.2,16
361,6173.0,0.1,0.0,-0.1,-1.7000000000000002,2.4000000000000004,9.3,1.8000000000000003,0.9000000000000001,-1.4,16
362,6186.0,0.0,0.0,-0.1,-1.7000000000000002,2.5,9.3,1.4,1.1,-1.9,16
363,6201.0,0.0,0.0,0.0,-1.8,2.5,9.4,0.30000000000000004,1.8000000000000003,-1.5,16
364,6218.0,0.0,0.0,0.0,-1.7000000000000002,2.5,9.4,-1.2000000000000002,1.1,-1.0,16
365,6235.0,0.0,0.0,0.0,-1.8,2.5,9.4,-1.9,-0.30000000000000004,-1.2000000000000002,16
366,6251.0,0.0,0.1,0.2,-1.8,2.5,9.600000000000001,-2.5,-1.1,-1.9,16
367,6268.0,-0.1,0.1,0.4,-1.9000000000000001,2.5,9.8,0.8,1.1,-1.8000000000000003,16
368,6285.0,-0.1,0.1,0.30000000000000004,-1.9000000000000001,2.5,9.700000000000001,3.6000000000000005,2.5,-1.3,16
369,6301.0,-0.1,0.1,0.1,-1.8,2.6,9.5,8.100000000000001,4.0,-0.2,16
370,6318.0,-0.1,0.0,-0.1,-1.9000000000000001,2.6,9.3,8.2,4.7,-0.4,16
371,6335.0,-0.1,0.0,-0.1,-1.9000000000000001,2.6,9.3,7.400000000000001,5.0,-0.1,16
372,6351.0,0.0,0.0,0.0,-1.9000000000000001,2.6,9.3,6.0,4.7,0.8,16
373,6368.0,0.0,0.0,0.0,-1.9000000000000001,2.6,9.4,5.4,4.1,2.1,16
374,6385.0,0.0,0.0,0.0,-1.8,2.6,9.4,5.2,3.8,2.3,16
375,6402.0,0.0,0.0,0.1,-1.8,2.6,9.4,5.300000000000001,3.2,1.2000000000000002,16
376,6418.0,0.0,0.0,0.1,-1.9000000000000001,2.6,9.5,6.1000000000000005,4.9,0.1,16
377,6435.0,-0.1,0.0,0.2,-1.9000000000000001,2.7,9.5,7.500000000000001,6.600000000000001,0.30000000000000004,16
378,6454.0,-0.1,0.0,0.1,-2.0,2.7,9.4,11.000000000000002,10.200000000000001,1.7,16
379,6469.0,-0.1,0.0,-0.1,-2.0,2.7,9.200000000000001,13.000000000000002,11.2,2.9,16
380,6485.0,0.0,0.0,-0.2,-2.0,2.7,9.1,12.5,10.200000000000001,3.0,16
381,6501.0,0.0,0.0,-0.2,-2.0,2.8000000000000003,9.1,9.3,9.2,2.5,16
382,6518.0,0.0,0.1,-0.1,-2.1,2.9000000000000004,9.1,7.0,9.100000000000001,2.2,16
383,6535.0,-0.1,0.0,-0.1,-2.1,2.9000000000000004,9.1,6.300000000000001,8.5,2.5,16
384,6551.0,-0.1,0.0,-0.1,-2.1,2.8000000000000003,9.1,4.7,7.400000000000001,2.8,16
385,6568.0,0.0,0.0,0.0,-2.1,2.8000000000000003,9.200000000000001,4.4,8.600000000000001,3.3000000000000007,16
386,6585.0,0.0,0.0,0.0,-2.1,2.9000000000000004,9.3,4.800000000000001,8.899999999999999,3.6000000000000005,16
387,6601.0,0.0,0.0,0.1,-2.1,2.8000000000000003,9.4,5.7,9.4,4.5,16
388,6621.0,0.1,-0.1,0.1,-2.1,2.8000000000000003,9.3,7.6,8.0,4.1,16
389,6635.0,0.1,-0.1,0.0,-2.0,2.8000000000000003,9.200000000000001,7.6,7.1000000000000005,3.2,16
390,6651.0,0.2,0.0,-0.1,-2.0,2.9000000000000004,9.1,5.500000000000001,6.4,1.1,16
391,6668.0,0.1,0.0,-0.1,-2.1,3.0,9.1,3.2,4.5,-0.30000000000000004,16
392,6691.0,0.0,0.0,-0.1,-2.1,3.0,9.1,0.9000000000000001,0.6000000000000001,0.30000000000000004,16
393,6701.0,0.1,0.0,-0.1,-2.1,3.0,9.1,-0.30000000000000004,0.0,0.30000000000000004,16
394,6718.0,0.1,0.0,0.0,-2.1,3.0,9.1,-1.6,0.5,-0.5,16
395,6735.0,0.0,0.1,0.1,-2.1,3.0,9.3,-1.9,0.7,-0.30000000000000004,16
396,6752.0,0.0,0.0,0.0,-2.2,3.0,9.200000000000001,-2.0,0.6000000000000001,-0.6000000000000001,16
397,6768.0,0.0,0.0,0.1,-2.2,3.0,9.3,-2.0,-0.30000000000000004,-1.0,16
398,6786.0,-0.1,0.1,0.2,-2.2,3.0,9.4,-0.6000000000000001,0.0,-1.2000000000000002,16
399,6802.0,-0.1,0.1,0.2,-2.3000000000000003,3.0,9.4,0.0,0.0,-1.1,16
400,6818.0,0.0,0.1,0.1,-2.2,3.0,9.3,0.5,-0.5,-1.1,16
401,6835.0,-0.1,0.1,0.1,-2.3000000000000003,3.0,9.3,0.9000000000000001,-0.30000000000000004,-1.6,16
402,6852.0,-0.1,0.1,0.0,-2.3000000000000003,3.0,9.3,1.1,-0.6000000000000001,-1.6,16
403,6868.0,-0.1,0.1,-0.1,-2.3000000000000003,3.0,9.200000000000001,0.6000000000000001,-1.6,-1.4,16
404,6885.0,-0.1,0.1,-0.1,-2.3000000000000003,3.0,9.200000000000001,-0.5,-2.3,-0.9000000000000001,16
405,6901.0,-0.1,0.0,-0.1,-2.2,3.0,9.1,-0.9000000000000001,-3.0,-0.8,16
406,6918.0,-0.1,0.0,-0.2,-2.2,3.0,9.0,-1.9,-3.0,-1.1,16
407,6935.0,-0.1,0.0,-0.30000000000000004,-2.3000000000000003,2.9000000000000004,8.9,-4.2,-4.0,-0.8,16
408,6951.0,-0.1,0.0,-0.1,-2.3000000000000003,2.9000000000000004,9.1,-5.8,-3.9,-0.30000000000000004,16
409,6968.0,0.0,-0.1,0.0,-2.2,2.9000000000000004,9.3,-6.0,-3.8,-0.2,16
410,6985.0,0.1,-0.1,0.0,-2.1,2.8000000000000003,9.200000000000001,-4.0,-3.9,-0.30000000000000004,16
411,7001.0,0.1,-0.1,0.0,-2.1,2.8000000000000003,9.200000000000001,-3.3000000000000007,-3.5,-0.8,16
412,7018.0,0.0,-0.1,0.0,-2.1,2.8000000000000003,9.200000000000001,-2.6,-2.0,-1.4,16
413,7035.0,0.0,0.0,-0.1,-2.2,2.8000000000000003,9.200000000000001,-2.2,-0.8,-0.4,16
414,7052.0,0.0,-0.1,-0.1,-2.1,2.8000000000000003,9.1,-2.4000000000000004,-0.6000000000000001,0.4,16
415,7068.0,0.2,-0.1,-0.1,-2.0,2.8000000000000003,9.1,-3.7000000000000006,-1.1,1.0,16
416,7085.0,0.2,-0.1,0.0,-2.0,2.7,9.200000000000001,-6.4,-2.0,0.0,16
417,7102.0,0.1,-0.1,0.1,-2.0,2.7,9.3,-7.699999999999999,-2.8,-0.5,16
418,7118.0,0.1,0.0,0.4,-2.0,2.8000000000000003,9.700000000000001,-8.0,-3.2,-1.6,16
419,7135.0,0.1,0.0,0.5,-2.0,2.8000000000000003,9.700000000000001,-3.8,-3.1,-2.5,16
420,7151.0,0.0,0.0,0.4,-2.1,2.8000000000000003,9.700000000000001,-0.8,-3.4,-2.8,16
421,7168.0,0.0,0.0,0.1,-2.0,2.8000000000000003,9.4,3.9,-2.5,-3.5,16
422,7185.0,0.0,0.0,-0.1,-2.0,2.8000000000000003,9.1,5.6,-0.4,-3.6000000000000005,16
423,7201.0,0.0,0.0,-0.2,-2.0,2.8000000000000003,9.0,5.300000000000001,0.2,-3.3000000000000007,16
424,7218.0,0.0,0.0,-0.4,-2.0,2.8000000000000003,8.9,2.2,-0.6000000000000001,-2.6,16
425,7235.0,0.0,0.0,-0.2,-2.0,2.8000000000000003,9.0,-1.8000000000000003,-2.2,-2.9,16
426,7251.0,0.0,0.0,-0.1,-2.1,2.8000000000000003,9.1,-3.3000000000000007,-2.6,-3.2,16
427,7268.0,-0.1,0.0,0.0,-2.2,2.8000000000000003,9.3,-4.1,-3.0,-3.2,16
428,7285.0,-0.2,0.1,0.2,-2.2,2.8000000000000003,9.4,-3.1,-1.5,-2.1,16
429,7301.0,-0.2,0.1,0.2,-2.2,2.9000000000000004,9.5,-2.6,-0.8,-1.3,16
430,7318.0,-0.2,0.1,0.2,-2.2,2.9000000000000004,9.5,-2.2,-0.1,-0.6000000000000001,16
431,7335.0,-0.30000000000000004,0.2,0.30000000000000004,-2.3000000000000003,3.0,9.600000000000001,-1.6,-1.5,0.1,16
432,7352.0,-0.30000000000000004,0.2,0.30000000000000004,-2.3000000000000003,2.9000000000000004,9.600000000000001,-0.9000000000000001,-2.5,0.6000000000000001,16
433,7370.0,-0.1,0.2,0.2,-2.2,3.0,9.5,1.3,-1.9,2.2,16
434,7385.0,0.0,0.2,0.1,-2.1,2.9000000000000004,9.4,3.0,-0.1,3.0,16
435,7401.0,0.0,0.1,0.1,-2.1,2.9000000000000004,9.3,3.1,0.5,3.1,16
436,7418.0,0.0,0.1,0.0,-2.1,2.9000000000000004,9.3,1.8000000000000003,0.1,3.4,16
437,7436.0,0.1,0.0,0.0,-1.9000000000000001,2.8000000000000003,9.3,1.1,-1.6,3.1,16
438,7452.0,0.1,0.0,0.0,-1.9000000000000001,2.8000000000000003,9.3,0.4,-2.2,2.1,16
439,7468.0,0.1,-0.1,0.0,-1.9000000000000001,2.7,9.3,0.6000000000000001,-2.2,1.4,16
440,7485.0,0.1,-0.1,0.0,-1.9000000000000001,2.7,9.3,2.2,-1.6,0.8,16
441,7501.0,0.0,-0.1,-0.1,-2.0,2.7,9.200000000000001,3.7000000000000006,0.8,1.2000000000000002,16
442,7518.0,0.0,-0.1,-0.1,-2.0,2.7,9.1,4.0,0.9000000000000001,1.7,16
443,7535.0,0.1,-0.2,-0.2,-1.9000000000000001,2.7,9.0,2.4000000000000004,-1.5,2.4000000000000004,16
444,7551.0,0.1,-0.1,-0.2,-1.8,2.7,9.1,0.0,-2.5,1.5,16
445,7568.0,0.1,-0.2,-0.1,-1.8,2.6,9.200000000000001,-0.4,-2.2,1.2000000000000002,16
446,7585.0,0.0,-0.1,0.0,-1.9000000000000001,2.7,9.3,-0.2,0.4,0.6000000000000001,16
447,7601.0,-0.1,-0.1,0.0,-2.0,2.7,9.3,-0.30000000000000004,-1.3,0.6000000000000001,16
448,7618.0,-0.1,-0.1,0.0,-2.1,2.7,9.3,-0.5,-2.4000000000000004,0.7,16
449,7635.0,0.0,0.0,0.0,-2.0,2.7,9.200000000000001,-0.9000000000000001,-3.2,0.30000000000000004,16
450,7651.0,0.0,0.0,0.0,-2.0,2.8000000000000003,9.3,-1.6,-1.7,-0.30000000000000004,16
451,7668.0,-0.1,0.0,0.0,-2.1,2.8000000000000003,9.3,-1.7,-0.7,-0.9000000000000001,16
452,7685.0,-0.1,0.1,0.0,-2.0,2.9000000000000004,9.3,-0.9000000000000001,0.0,-0.9000000000000001,16
453,7701.0,-0.1,0.1,-0.1,-2.1,2.9000000000000004,9.200000000000001,-1.4,0.2,-1.2000000000000002,16
454,7718.0,-0.2,0.1,-0.1,-2.1,2.8000000000000003,9.200000000000001,-1.9,-0.2,-1.3,16
455,7735.0,-0.2,0.1,0.0,-2.2,2.9000000000000004,9.3,-2.9,-1.1,-0.7,16
456,7751.0,-0.2,0.1,0.1,-2.2,2.9000000000000004,9.4,-2.6,-0.6000000000000001,1.6,16
457,7769.0,-0.1,0.1,0.1,-2.0,2.8000000000000003,9.3,-1.5,-0.4,2.8,16
458,7785.0,0.1,0.0,0.0,-1.9000000000000001,2.8000000000000003,9.200000000000001,0.1,1.5,3.6000000000000005,16
459,7801.0,0.1,0.0,-0.1,-1.9000000000000001,2.8000000000000003,9.200000000000001,-0.6000000000000001,1.9,2.3,16
460,7818.0,0.0,0.0,0.0,-2.0,2.8000000000000003,9.3,-1.4,1.3,2.1,16
461,7835.0,0.2,0.0,0.0,-1.8,2.8000000000000003,9.3,-2.5,-0.8,2.8,16
462,7851.0,0.2,0.0,0.1,-1.7000000000000002,2.7,9.3,-2.4000000000000004,-0.30000000000000004,2.2,16
463,7868.0,0.2,-0.1,0.1,-1.7000000000000002,2.7,9.4,-2.0,-0.2,1.5,16
464,7885.0,0.2,0.0,0.1,-1.8,2.7,9.4,-1.1,0.6000000000000001,0.2,16
465,7901.0,0.1,0.0,0.1,-1.8,2.7,9.3,-0.6000000000000001,0.9000000000000001,-0.1,16
466,7918.0,0.1,-0.1,0.0,-1.8,2.7,9.3,-1.0,0.5,-0.1,16
467,7936.0,0.1,0.0,0.1,-1.9000000000000001,2.7,9.4,-3.1,-1.2000000000000002,-0.4,16
468,7952.0,0.1,0.0,0.2,-1.9000000000000001,2.7,9.5,-3.3000000000000007,-1.0,-1.2000000000000002,16
469,7970.0,0.1,0.0,0.1,-1.9000000000000001,2.7,9.4,-0.4,-1.4,-1.3,16
470,7985.0,0.1,-0.1,0.1,-1.8,2.7,9.4,0.8,-1.8000000000000003,-1.5,16
471,8001.0,0.0,0.0,0.0,-1.9000000000000001,2.7,9.3,1.5,0.30000000000000004,-2.7,16
472,8018.0,0.0,-0.1,-0.1,-1.9000000000000001,2.7,9.200000000000001,1.5,0.2,-2.7,16
473,8035.0,0.0,0.0,-0.2,-1.9000000000000001,2.7,9.1,0.30000000000000004,0.1,-2.2,16
474,8051.0,-0.1,-0.1,-0.1,-2.0,2.6,9.200000000000001,-3.4,-0.4,-2.4000000000000004,16
475,8068.0,-0.1,-0.1,0.0,-2.1,2.6,9.3,-4.5,-1.2000000000000002,-2.3,16
476,8085.0,-0.1,-0.1,0.1,-2.0,2.6,9.4,-3.3000000000000007,-2.7,-1.7,16
477,8101.0,-0.1,0.0,0.0,-2.1,2.6,9.3,-1.3,-0.6000000000000001,-1.2000000000000002,16
478,8118.0,-0.2,0.0,0.0,-2.1,2.6,9.3,-1.4,0.5,-0.2,16
479,8135.0,-0.1,0.0,-0.1,-2.1,2.6,9.200000000000001,-1.8000000000000003,0.8,0.6000000000000001,16
480,8151.0,0.1,0.0,-0.1,-1.9000000000000001,2.7,9.200000000000001,-3.1,-1.1,1.8000000000000003,16
481,8168.0,0.1,0.0,-0.1,-1.9000000000000001,2.6,9.200000000000001,-4.1,-1.9,1.7,16
482,8185.0,0.1,0.0,-0.1,-1.8,2.6,9.3,-4.9,-2.8,0.9000000000000001,16
483,8201.0,0.2,0.0,-0.1,-1.8,2.6,9.3,-4.800000000000001,-1.9,1.1,16
484,8218.0,0.2,0.0,0.1,-1.8,2.6,9.4,-5.2,0.9000000000000001,0.0,16
485,8235.0,0.1,0.0,0.2,-1.8,2.6,9.5,-5.1000000000000005,1.2000000000000002,-0.5,16
486,8251.0,0.1,0.0,0.1,-1.8,2.6,9.5,-4.300000000000001,-0.5,-1.3,16
487,8271.0,0.1,0.1,0.2,-1.8,2.6,9.5,-4.6,-1.2000000000000002,-2.4000000000000004,16
488,8285.0,0.0,0.0,0.30000000000000004,-1.9000000000000001,2.6,9.600000000000001,-4.800000000000001,-1.2000000000000002,-2.8,16
489,8301.0,-0.1,0.0,0.4,-1.9000000000000001,2.5,9.8,-3.0,-1.1,-3.2,16
490,8318.0,0.0,0.0,0.30000000000000004,-1.9000000000000001,2.6,9.600000000000001,0.2,-1.1,-3.1,16
491,8335.0,0.0,0.1,0.2,-1.9000000000000001,2.6,9.600000000000001,1.1,-0.2,-2.9,16
492,8351.0,0.0,0.0,0.1,-1.9000000000000001,2.6,9.4,1.9,1.3,-2.9,16
493,8368.0,-0.1,0.0,0.1,-2.0,2.6,9.5,1.5,0.4,-2.9,16
494,8385.0,-0.1,0.0,0.1,-2.1,2.6,9.5,1.6,-1.8000000000000003,-2.4000000000000004,16
495,8401.0,-0.1,0.1,0.0,-2.0,2.7,9.4,2.4000000000000004,-2.0,-1.1,16
496,8419.0,-0.1,0.1,-0.1,-2.0,2.7,9.3,3.2,-1.0,0.0,16
497,8435.0,-0.1,0.0,-0.1,-2.0,2.6,9.3,2.8,-0.1,0.30000000000000004,16
498,8451.0,-0.1,0.0,-0.1,-2.0,2.6,9.3,1.4,-0.30000000000000004,0.30000000000000004,16
499,8468.0,0.0,0.0,0.0,-2.0,2.6,9.3,0.2,-0.1,0.8,16
500,8485.0,0.0,0.0,0.0,-2.0,2.6,9.4,-0.30000000000000004,-0.6000000000000001,0.8,16
501,8501.0,-0.1,0.0,0.1,-2.0,2.6,9.5,-1.1,-1.1,0.7,16
502,8518.0,-0.1,0.0,0.2,-2.0,2.6,9.600000000000001,-0.30000000000000004,0.2,0.5,16
503,8535.0,-0.1,0.0,0.2,-2.0,2.6,9.600000000000001,0.30000000000000004,-0.1,0.6000000000000001,16
504,8551.0,-0.1,0.0,0.2,-2.0,2.6,9.600000000000001,2.4000000000000004,-0.30000000000000004,0.1,16
505,8575.0,0.0,0.0,0.0,-2.0,2.6,9.4,4.5,-0.6000000000000001,-0.1,16
506,8585.0,0.0,0.0,-0.1,-1.9000000000000001,2.7,9.3,4.9,0.30000000000000004,-0.30000000000000004,16
507,8601.0,-0.1,0.0,-0.1,-2.0,2.7,9.200000000000001,4.1,1.5,-0.5,16
508,8618.0,-0.2,0.1,-0.2,-2.2,2.7,9.200000000000001,2.5,-0.9000000000000001,0.7,16
509,8635.0,-0.2,0.0,-0.2,-2.2,2.7,9.200000000000001,1.7,-1.7,1.8000000000000003,16
510,8651.0,-0.2,0.0,-0.1,-2.1,2.7,9.3,1.3,-1.7,4.7,16
511,8669.0,0.0,0.0,-0.1,-1.9000000000000001,2.6,9.3,1.8000000000000003,-1.4,6.300000000000001,16
512,8685.0,0.1,-0.1,-0.1,-1.8,2.6,9.3,1.4,-0.30000000000000004,5.8,16
513,8701.0,0.1,-0.1,0.0,-1.8,2.6,9.4,0.5,0.5,3.8,16
514,8718.0,0.0,-0.1,0.2,-1.9000000000000001,2.6,9.5,1.0,-0.6000000000000001,3.4,16
515,8735.0,0.0,-0.1,0.1,-1.9000000000000001,2.6,9.4,2.7,-2.2,3.9,16
516,8751.0,0.1,-0.1,-0.1,-1.8,2.6,9.200000000000001,2.7,-2.0,3.7000000000000006,16
517,8768.0,0.1,0.0,0.0,-1.8,2.6,9.3,0.9000000000000001,0.6000000000000001,2.4000000000000004,16
518,8785.0,0.0,-0.1,0.0,-1.9000000000000001,2.6,9.4,0.9000000000000001,1.1,1.7,16
519,8801.0,0.0,-0.1,0.1,-1.9000000000000001,2.6,9.4,2.6,-0.2,2.0,16
520,8818.0,0.0,0.0,0.0,-1.8,2.7,9.3,3.8,-0.5,1.6,16
521,8835.0,0.0,0.0,-0.1,-1.8,2.7,9.200000000000001,3.4,0.2,1.4,16
522,8851.0,0.0,0.0,-0.2,-1.9000000000000001,2.7,9.200000000000001,3.0,1.4,1.5,16
523,8868.0,0.0,0.0,-0.2,-1.9000000000000001,2.8000000000000003,9.200000000000001,1.5,1.1,2.0,16
524,8885.0,0.0,0.0,-0.2,-1.9000000000000001,2.7,9.200000000000001,0.6000000000000001,0.5,2.3,16
525,8901.0,0.0,0.0,-0.1,-1.9000000000000001,2.8000000000000003,9.200000000000001,-1.3,-1.6,3.3000000000000007,16
526,8918.0,0.1,0.0,0.1,-1.8,2.8000000000000003,9.4,-2.6,-0.4,3.4,16
527,8935.0,0.1,0.0,0.2,-1.7000000000000002,2.7,9.5,-0.8,0.4,3.1,16
528,8953.0,0.2,0.0,0.1,-1.7000000000000002,2.7,9.4,0.30000000000000004,0.1,2.5,16
529,8968.0,0.1,0.0,0.1,-1.7000000000000002,2.8000000000000003,9.4,0.0,0.2,0.8,16
530,8985.0,0.0,0.0,0.1,-1.8,2.7,9.5,-0.2,-0.30000000000000004,0.7,16
531,9001.0,0.0,0.0,0.1,-1.8,2.8000000000000003,9.5,0.4,-0.6000000000000001,0.6000000000000001,16
532,9018.0,0.1,0.0,0.0,-1.8,2.8000000000000003,9.4,1.6,-0.4,0.0,16
533,9035.0,0.0,0.1,0.0,-1.8,2.8000000000000003,9.3,2.8,1.3,-0.5,16
534,9051.0,0.0,0.1,-0.1,-1.8,2.8000000000000003,9.200000000000001,2.9,1.3,-0.30000000000000004,16
535,9068.0,0.0,0.1,-0.2,-1.8,2.8000000000000003,9.1,0.8,0.6000000000000001,-0.1,16
536,9085.0,0.0,0.0,0.0,-1.9000000000000001,2.8000000000000003,9.3,-1.3,0.30000000000000004,-0.30000000000000004,16
537,9101.0,0.0,0.0,0.1,-1.9000000000000001,2.8000000000000003,9.4,-1.1,0.0,0.30000000000000004,16
538,9118.0,0.0,0.0,0.0,-1.8,2.7,9.3,0.8,-1.0,1.1,16
539,9135.0,0.1,0.0,-0.1,-1.7000000000000002,2.8000000000000003,9.200000000000001,0.0,-0.2,0.0,16
540,9151.0,0.1,0.0,0.0,-1.8,2.8000000000000003,9.3,-0.5,0.6000000000000001,-0.8,16
541,9172.0,0.0,-0.1,0.0,-1.9000000000000001,2.7,9.3,0.30000000000000004,1.4,-1.0,16
542,9185.0,0.0,0.0,0.0,-1.9000000000000001,2.7,9.3,0.5,0.0,0.0,16
543,9201.0,0.0,-0.1,-0.1,-1.9000000000000001,2.7,9.3,0.0,-0.30000000000000004,0.1,16
544,9218.0,0.1,-0.1,0.0,-1.7000000000000002,2.7,9.3,-1.1,-0.5,-0.2,16
545,9235.0,0.1,-0.1,0.0,-1.7000000000000002,2.7,9.3,-1.0,-0.30000000000000004,-1.8000000000000003,16
546,9251.0,0.1,0.0,0.0,-1.7000000000000002,2.7,9.3,-0.6000000000000001,0.0,-2.5,16
547,9268.0,0.0,0.0,0.0,-1.8,2.7,9.3,0.0,0.7,-3.1,16
548,9285.0,-0.1,0.0,0.0,-1.9000000000000001,2.8000000000000003,9.3,-0.6000000000000001,0.9000000000000001,-3.1,16
549,9301.0,-0.1,0.0,0.0,-2.0,2.7,9.4,-0.7,0.7,-3.0,16
550,9318.0,-0.1,0.0,0.0,-2.0,2.8000000000000003,9.3,-0.2,-0.30000000000000004,-2.2,16
551,9335.0,0.0,0.0,-0.1,-1.9000000000000001,2.8000000000000003,9.200000000000001,-0.1,0.8,-1.6,16
552,9351.0,0.0,0.0,-0.2,-1.9000000000000001,2.8000000000000003,9.200000000000001,-0.8,1.0,-1.5,16
553,9368.0,-0.1,0.0,-0.1,-1.9000000000000001,2.8000000000000003,9.200000000000001,-2.7,-0.2,-1.5,16
554,9385.0,-0.1,0.1,0.0,-1.9000000000000001,2.8000000000000003,9.4,-3.1,-0.30000000000000004,-1.4,16
555,9402.0,-0.1,0.1,0.1,-2.0,2.8000000000000003,9.4,-2.7,0.6000000000000001,-0.9000000000000001,16
556,9418.0,-0.1,0.0,0.0,-2.0,2.7,9.3,-2.0,-0.30000000000000004,0.5,16
557,9435.0,0.1,0.0,0.0,-1.8,2.8000000000000003,9.3,-3.0,-0.30000000000000004,0.4,16
558,9451.0,0.1,0.0,0.1,-1.8,2.7,9.4,-3.3000000000000007,-0.2,0.1,16
559,9468.0,0.0,0.0,0.2,-1.8,2.7,9.5,-2.8,0.6000000000000001,-0.30000000000000004,16
560,9485.0,0.0,0.0,0.2,-1.9000000000000001,2.7,9.5,-1.4,0.1,-0.6000000000000001,16
561,9502.0,0.0,0.0,0.2,-1.9000000000000001,2.7,9.5,0.2,-0.2,-0.7,16
562,9518.0,0.0,0.0,0.1,-1.8,2.7,9.4,0.9000000000000001,-0.9000000000000001,-0.6000000000000001,16
563,9535.0,0.2,0.0,-0.1,-1.7000000000000002,2.7,9.3,1.3,-0.5,-1.1,16
564,9551.0,0.1,0.0,-0.1,-1.7000000000000002,2.7,9.3,0.6000000000000001,0.7,-1.8000000000000003,16
565,9568.0,0.0,-0.1,0.0,-1.9000000000000001,2.6,9.4,-0.6000000000000001,1.3,-2.5,16
566,9585.0,0.0,-0.1,0.0,-1.9000000000000001,2.6,9.3,-0.4,-0.7,-2.2,16
567,9602.0,0.0,-0.1,0.0,-1.8,2.6,9.3,-0.5,-1.1,-2.4000000000000004,16
568,9618.0,0.0,-0.1,-0.1,-1.9000000000000001,2.6,9.3,-1.0,-0.1,-3.2,16
569,9635.0,-0.1,0.0,0.0,-2.0,2.6,9.3,-1.1,1.0,-3.2,16
570,9653.0,-0.1,0.0,0.0,-2.0,2.6,9.3,-1.2000000000000002,0.0,-2.0,16
571,9668.0,-0.1,0.0,0.0,-2.0,2.6,9.3,-1.3,-1.1,-1.4,16
572,9685.0,0.0,0.0,0.0,-1.9000000000000001,2.7,9.3,-1.6,-1.6,-1.3,16
573,9701.0,0.0,0.0,0.0,-1.9000000000000001,2.7,9.3,-1.4,-1.1,-1.6,16
574,9718.0,-0.1,0.1,0.0,-1.9000000000000001,2.7,9.3,-0.6000000000000001,0.5,-1.4,16
575,9736.0,0.0,0.1,0.0,-1.9000000000000001,2.7,9.3,-1.4,0.5,-0.8,16
576,9751.0,0.0,0.1,0.0,-1.9000000000000001,2.7,9.4,-2.2,0.6000000000000001,-0.8,16
577,9768.0,0.0,0.1,0.2,-1.9000000000000001,2.7,9.5,-2.7,0.1,-1.2000000000000002,16
578,9786.0,0.0,0.0,0.2,-1.9000000000000001,2.6,9.600000000000001,-1.8000000000000003,-0.8,-1.6,16
579,9801.0,-0.1,0.0,0.2,-2.0,2.6,9.5,-0.2,-3.1,-1.2000000000000002,16
580,9818.0,0.0,0.0,0.1,-1.9000000000000001,2.7,9.5,-0.2,-3.1,-0.8,16
581,9835.0,0.0,0.0,0.1,-1.8,2.6,9.5,0.0,-0.8,-1.8000000000000003,16
582,9851.0,0.0,0.0,0.1,-1.9000000000000001,2.6,9.5,2.2,0.6000000000000001,-2.1,16
583,9868.0,0.0,0.0,0.0,-1.9000000000000001,2.6,9.4,3.3000000000000007,0.6000000000000001,-2.2,16
584,9885.0,0.0,0.0,-0.2,-1.9000000000000001,2.6,9.200000000000001,3.6000000000000005,0.5,-2.2,16
585,9901.0,0.0,-0.1,-0.30000000000000004,-1.9000000000000001,2.6,9.1,1.2000000000000002,-1.3,-1.6,16
586,9918.0,-0.1,0.0,-0.30000000000000004,-1.9000000000000001,2.6,9.1,-0.9000000000000001,-2.5,-1.2000000000000002,16
587,9935.0,0.0,0.0,-0.1,-1.9000000000000001,2.6,9.3,-3.4,-2.8,-0.6000000000000001,16
588,9951.0,0.0,0.0,0.0,-1.8,2.6,9.5,-2.2,-0.30000000000000004,-0.2,16
589,9968.0,0.1,0.0,0.1,-1.8,2.6,9.5,-1.0,0.5,-0.5,16
590,9985.0,0.0,0.0,0.1,-1.9000000000000001,2.6,9.5,0.0,0.9000000000000001,-1.7,16
591,10001.0,-0.1,0.0,0.1,-1.9000000000000001,2.6,9.5,0.30000000000000004,-2.5,-1.2000000000000002,16
592,10018.0,0.0,0.0,0.1,-1.9000000000000001,2.6,9.5,0.5,-3.2,-0.8,16
593,10035.0,0.0,0.0,0.0,-1.9000000000000001,2.6,9.4,1.1,-0.5,-0.7,16
594,10052.0,0.0,0.0,0.0,-1.9000000000000001,2.6,9.4,1.6,0.7,-1.2000000000000002,16
595,10068.0,0.0,0.0,0.0,-1.9000000000000001,2.6,9.4,0.9000000000000001,0.9000000000000001,-1.5,16
596,10085.0,0.0,0.0,0.0,-1.9000000000000001,2.6,9.4,-1.1,-1.3,-2.1,16
597,10101.0,0.0,0.0,0.1,-1.9000000000000001,2.6,9.5,-0.30000000000000004,-1.9,-2.1,16
598,10118.0,0.0,0.0,0.0,-1.9000000000000001,2.6,9.4,0.9000000000000001,-1.3,-1.7,16
599,10135.0,0.0,0.0,-0.1,-1.8,2.7,9.3,1.1,-1.0,-1.3,16
600,10151.0,0.0,0.1,0.0,-1.9000000000000001,2.7,9.4,-1.7,-0.30000000000000004,-2.1,16
601,10168.0,0.0,0.1,0.2,-1.9000000000000001,2.7,9.600000000000001,-1.9,-1.5,-2.4000000000000004,16
602,10185.0,-0.1,0.1,0.30000000000000004,-1.9000000000000001,2.7,9.700000000000001,0.8,-2.9,-2.3,16
603,10201.0,-0.1,0.1,0.1,-1.9000000000000001,2.7,9.600000000000001,4.5,-1.9,-1.9,16
604,10218.0,-0.1,0.1,0.0,-1.9000000000000001,2.7,9.4,6.0,-0.2,-1.8000000000000003,16
605,10235.0,-0.1,0.0,-0.2,-2.0,2.7,9.200000000000001,7.6,2.4000000000000004,-0.7,16
606,10251.0,0.0,0.0,-0.4,-1.9000000000000001,2.7,9.0,5.500000000000001,1.6,0.9000000000000001,16
607,10268.0,0.0,0.0,-0.4,-1.9000000000000001,2.7,9.0,3.3000000000000007,0.8,1.5,16
608,10285.0,-0.1,-0.1,-0.30000000000000004,-1.9000000000000001,2.6,9.1,-0.9000000000000001,-1.7,2.4000000000000004,16
609,10301.0,0.0,-0.1,-0.1,-1.9000000000000001,2.6,9.3,-2.3,-3.0,2.8,16
610,10318.0,0.0,-0.1,0.0,-1.8,2.6,9.4,-1.9,-2.5,2.8,16
611,10335.0,0.1,-0.1,0.0,-1.8,2.5,9.4,0.9000000000000001,-0.8,2.2,16
612,10353.0,0.0,-0.1,-0.1,-1.8,2.6,9.3,2.0,0.8,0.8,16
613,10368.0,0.0,-0.1,-0.2,-1.9000000000000001,2.6,9.200000000000001,1.8000000000000003,0.8,0.30000000000000004,16
614,10385.0,0.0,-0.1,-0.2,-1.8,2.6,9.200000000000001,1.4,0.0,0.6000000000000001,16
615,10402.0,0.0,-0.1,-0.30000000000000004,-1.9000000000000001,2.6,9.1,0.5,-1.1,0.6000000000000001,16
616,10419.0,0.0,0.0,-0.30000000000000004,-1.9000000000000001,2.7,9.1,-0.5,-0.4,0.9000000000000001,16
617,10435.0,0.0,0.0,-0.2,-1.9000000000000001,2.7,9.1,-0.9000000000000001,0.2,1.2000000000000002,16
618,10451.0,0.0,0.0,-0.2,-1.9000000000000001,2.7,9.1,-2.7,1.8000000000000003,1.5,16
619,10469.0,0.0,0.0,0.0,-1.9000000000000001,2.7,9.3,-3.4,1.6,1.7,16
620,10486.0,0.0,0.0,0.0,-1.9000000000000001,2.7,9.4,-4.1,0.6000000000000001,2.0,16
621,10501.0,0.0,0.1,0.1,-1.9000000000000001,2.7,9.5,-4.7,-0.4,2.7,16
622,10518.0,0.1,0.1,0.2,-1.8,2.7,9.600000000000001,-5.0,-0.7,3.0,16
623,10535.0,0.1,0.1,0.2,-1.8,2.7,9.600000000000001,-4.9,-0.9000000000000001,2.9,16
624,10551.0,0.2,0.1,0.30000000000000004,-1.7000000000000002,2.7,9.700000000000001,-3.4,-2.2,2.6,16
625,10568.0,0.2,0.1,0.30000000000000004,-1.6,2.7,9.600000000000001,-1.3,-0.5,1.0,16
626,10585.0,0.1,0.1,0.30000000000000004,-1.7000000000000002,2.7,9.600000000000001,-0.1,0.5,0.4,16
627,10602.0,0.2,0.1,0.1,-1.7000000000000002,2.7,9.5,2.0,0.5,-0.6000000000000001,16
628,10618.0,0.1,0.1,-0.1,-1.7000000000000002,2.7,9.3,2.4000000000000004,0.7,-1.4,16
629,10635.0,0.1,0.0,-0.1,-1.8,2.7,9.200000000000001,2.0,0.4,-1.6,16
630,10651.0,-0.1,0.0,-0.1,-1.9000000000000001,2.7,9.3,0.6000000000000001,0.6000000000000001,-1.1,16
631,10671.0,0.0,0.0,-0.1,-1.8,2.6,9.3,-0.30000000000000004,0.6000000000000001,0.1,16
632,10688.0,0.0,0.0,-0.1,-1.8,2.6,9.3,-1.2000000000000002,0.30000000000000004,0.4,16
633,10701.0,0.1,0.0,0.0,-1.8,2.6,9.3,-1.7,-0.5,0.1,16
634,10718.0,0.0,-0.1,0.1,-1.8,2.6,9.4,-2.0,-1.0,-1.1,16
635,10735.0,0.0,0.0,0.1,-1.9000000000000001,2.6,9.5,-1.7,-0.5,-1.3,16
636,10751.0,-0.1,0.0,0.1,-2.0,2.6,9.5,0.2,1.4,-0.8,16
637,10768.0,0.0,0.0,0.0,-1.8,2.6,9.3,1.4,0.30000000000000004,0.30000000000000004,16
638,10785.0,0.1,0.0,-0.1,-1.8,2.6,9.3,1.1,0.7,0.1,16
639,10801.0,0.0,0.0,-0.1,-1.8,2.6,9.3,-0.9000000000000001,0.9000000000000001,-1.1,16
640,10818.0,0.0,0.0,0.0,-1.9000000000000001,2.7,9.4,-2.2,0.8,-1.1,16
641,10835.0,-0.1,0.0,0.0,-1.9000000000000001,2.7,9.4,-2.1,0.30000000000000004,-0.7,16
642,10851.0,-0.1,0.0,0.0,-1.9000000000000001,2.6,9.4,-1.3,-0.6000000000000001,0.2,16
643,10868.0,0.0,0.0,0.0,-1.9000000000000001,2.6,9.4,-1.0,1.3,0.7,16
644,10885.0,0.0,0.0,0.0,-1.9000000000000001,2.6,9.4,-1.3,1.7,0.8,16
645,10901.0,0.1,0.0,0.1,-1.7000000000000002,2.6,9.4,-2.3,0.8,0.8,16
646,10918.0,0.1,0.0,0.2,-1.8,2.6,9.600000000000001,-2.3,0.30000000000000004,-0.8,16
647,10935.0,0.0,0.0,0.30000000000000004,-1.8,2.6,9.700000000000001,-1.3,-0.1,-1.4,16
648,10962.0,0.0,0.1,0.2,-1.9000000000000001,2.7,9.600000000000001,1.7,1.9,-1.9,16
649,10970.0,-0.1,0.1,0.1,-1.9000000000000001,2.7,9.5,2.4000000000000004,1.9,-1.8000000000000003,16
650,10985.0,-0.1,0.0,0.1,-2.0,2.6,9.5,2.8,1.3,-1.4,16
651,11001.0,-0.1,0.0,0.0,-2.0,2.7,9.4,3.4,0.7,-0.6000000000000001,16
652,11018.0,0.0,0.1,-0.1,-1.9000000000000001,2.7,9.3,3.5,0.5,0.0,16
653,11035.0,0.0,0.1,-0.1,-2.0,2.7,9.3,3.1,1.6,0.1,16
654,11051.0,-0.2,0.0,-0.1,-2.1,2.7,9.3,2.5,1.4,0.9000000000000001,16
655,11068.0,-0.1,0.0,-0.2,-2.0,2.7,9.200000000000001,2.0,-0.9000000000000001,2.2,16
656,11085.0,0.0,-0.1,-0.2,-1.9000000000000001,2.6,9.200000000000001,1.8000000000000003,-1.2000000000000002,2.5,16
657,11102.0,0.0,-0.1,-0.2,-1.9000000000000001,2.6,9.200000000000001,1.4,0.6000000000000001,2.9,16
658,11118.0,0.0,-0.1,-0.1,-1.9000000000000001,2.6,9.200000000000001,0.7,1.0,3.7000000000000006,16
659,11135.0,0.0,-0.1,-0.1,-1.8,2.6,9.3,0.30000000000000004,0.4,3.9,16
660,11151.0,0.1,-0.1,-0.1,-1.8,2.6,9.3,-0.4,-0.2,3.5,16
661,11168.0,0.1,-0.1,0.0,-1.8,2.6,9.4,-0.7,-0.1,2.7,16
662,11185.0,0.1,-0.1,0.1,-1.8,2.6,9.5,-1.0,1.1,2.1,16
663,11202.0,0.1,-0.1,0.2,-1.8,2.6,9.5,-1.2000000000000002,1.2000000000000002,1.7,16
664,11218.0,0.1,0.0,0.1,-1.8,2.6,9.5,-0.8,-0.6000000000000001,1.1,16
665,11235.0,0.1,0.0,0.1,-1.7000000000000002,2.7,9.5,-0.7,-1.3,0.6000000000000001,16
666,11251.0,0.1,0.0,0.1,-1.8,2.7,9.5,-0.30000000000000004,-1.1,-0.7,16
667,11268.0,-0.1,0.1,0.1,-1.9000000000000001,2.8000000000000003,9.5,0.9000000000000001,0.4,-0.8,16
668,11285.0,-0.1,0.1,0.0,-2.0,2.8000000000000003,9.4,1.4,0.4,0.8,16
669,11302.0,0.0,0.1,0.0,-1.9000000000000001,2.8000000000000003,9.4,1.4,0.30000000000000004,1.5,16
670,11318.0,0.0,0.1,0.0,-1.8,2.8000000000000003,9.3,1.2000000000000002,0.30000000000000004,2.2,16
671,11335.0,0.1,0.0,-0.1,-1.8,2.7,9.3,0.1,-2.4000000000000004,1.8000000000000003,16
672,11351.0,0.1,0.0,-0.1,-1.8,2.7,9.3,-0.6000000000000001,-2.6,1.2000000000000002,16
673,11368.0,0.1,0.0,0.0,-1.8,2.6,9.4,0.0,-0.6000000000000001,0.4,16
674,11385.0,0.0,-0.1,0.0,-1.8,2.6,9.4,2.0,1.1,0.1,16
675,11402.0,0.0,-0.1,0.0,-1.9000000000000001,2.6,9.3,2.3,0.6000000000000001,0.30000000000000004,16
676,11418.0,0.0,-0.1,-0.1,-1.8,2.6,9.3,1.3,-1.6,0.30000000000000004,16
677,11435.0,0.0,-0.1,-0.1,-1.8,2.6,9.200000000000001,0.9000000000000001,-1.6,0.1,16
678,11451.0,0.0,-0.1,-0.1,-1.8,2.6,9.200000000000001,0.6000000000000001,-1.1,0.1,16
679,11470.0,0.0,-0.1,0.0,-1.8,2.6,9.3,0.0,0.0,0.2,16
680,11487.0,0.0,-0.1,-0.1,-1.8,2.6,9.3,0.6000000000000001,-0.6000000000000001,1.3,16
681,11503.0,0.0,-0.1,-0.1,-1.8,2.6,9.200000000000001,0.1,-1.2000000000000002,1.5,16
682,11518.0,0.1,0.0,0.0,-1.7000000000000002,2.7,9.3,-2.0,-1.4,0.6000000000000001,16
683,11535.0,0.0,0.0,0.2,-1.8,2.7,9.5,-2.1,-0.6000000000000001,0.0,16
684,11551.0,0.0,0.0,0.2,-1.8,2.7,9.5,-1.1,-1.2000000000000002,0.4,16
685,11568.0,0.1,0.1,0.2,-1.7000000000000002,2.7,9.5,-0.2,-1.9,-0.4,16
686,11585.0,0.0,0.1,0.2,-1.8,2.7,9.600000000000001,1.6,0.30000000000000004,-1.9,16
687,11601.0,-0.1,0.1,0.1,-1.9000000000000001,2.8000000000000003,9.5,3.1,0.8,-1.4,16
688,11618.0,0.0,0.1,-0.1,-1.8,2.8000000000000003,9.3,3.3000000000000007,-0.2,-0.5,16
689,11635.0,0.0,0.1,-0.1,-1.8,2.8000000000000003,9.3,1.0,-0.6000000000000001,-1.3,16
690,11651.0,0.0,0.0,0.0,-1.8,2.7,9.4,0.6000000000000001,-0.6000000000000001,-1.3,16
691,11668.0,-0.1,0.0,0.0,-1.9000000000000001,2.7,9.4,1.7,-0.9000000000000001,-0.7,16
692,11685.0,0.0,0.0,0.0,-1.8,2.7,9.3,2.0,0.0,0.5,16
693,11701.0,0.0,0.0,0.0,-1.8,2.7,9.3,1.7,0.6000000000000001,0.6000000000000001,16
694,11718.0,0.1,-0.1,0.0,-1.7000000000000002,2.7,9.3,0.9000000000000001,-0.5,0.30000000000000004,16
695,11735.0,0.0,-0.1,0.0,-1.8,2.7,9.3,0.1,-1.2000000000000002,-0.8,16
696,11751.0,0.0,-0.1,0.0,-1.8,2.6,9.4,-0.1,-1.2000000000000002,-1.0,16
697,11768.0,0.0,-0.1,0.0,-1.8,2.6,9.4,0.5,-0.2,-0.8,16
698,11786.0,0.0,0.0,0.0,-1.8,2.7,9.4,1.6,0.0,-0.7,16
699,11801.0,0.0,0.0,0.0,-1.8,2.7,9.3,1.9,0.0,-0.8,16
700,11818.0,0.0,0.0,-0.2,-1.8,2.7,9.200000000000001,2.3,-0.30000000000000004,-0.8,16
701,11835.0,0.0,0.0,-0.2,-1.8,2.8000000000000003,9.200000000000001,1.2000000000000002,0.2,-1.1,16
702,11851.0,-0.1,0.0,-0.2,-1.9000000000000001,2.8000000000000003,9.200000000000001,0.30000000000000004,0.5,-1.1,16
703,11869.0,-0.1,0.0,-0.1,-1.9000000000000001,2.8000000000000003,9.3,-1.8000000000000003,0.4,-0.30000000000000004,16
704,11885.0,-0.1,0.0,0.0,-1.9000000000000001,2.7,9.4,-2.0,-0.2,0.30000000000000004,16
705,11902.0,0.0,0.0,0.0,-1.8,2.7,9.3,-1.9,-1.1,0.9000000000000001,16
706,11918.0,0.0,0.0,0.0,-1.8,2.7,9.3,-2.3,-1.3,0.9000000000000001,16
707,11934.0,0.0,0.0,0.1,-1.8,2.7,9.4,-2.7,-0.1,0.7,16
708,11951.0,0.0,0.0,0.1,-1.8,2.7,9.5,-2.2,0.1,0.6000000000000001,16
709,11969.0,0.0,0.0,0.1,-1.8,2.7,9.5,-0.6000000000000001,0.9000000000000001,0.1,16
710,11986.0,0.0,0.0,0.0,-1.8,2.7,9.4,-0.30000000000000004,0.1,-0.1,16
711,12001.0,0.0,0.0,0.0,-1.8,2.7,9.4,-0.5,-0.2,-0.30000000000000004,16
712,12018.0,0.0,0.0,0.0,-1.8,2.7,9.4,-1.3,-0.1,-0.1,16
713,12035.0,0.0,0.0,0.1,-1.8,2.7,9.4,-1.3,-0.6000000000000001,0.6000000000000001,16
714,12051.0,0.0,0.0,0.1,-1.8,2.7,9.5,-0.6000000000000001,-0.7,0.9000000000000001,16
715,12068.0,0.1,0.0,0.1,-1.7000000000000002,2.7,9.4,0.0,-0.4,0.7,16
716,12085.0,0.0,0.1,0.1,-1.8,2.7,9.4,0.5,0.30000000000000004,-0.2,16
717,12101.0,0.0,0.0,0.0,-1.8,2.7,9.4,0.9000000000000001,0.0,-0.4,16
718,12118.0,-0.1,0.0,0.0,-1.8,2.7,9.4,1.2000000000000002,-0.4,-0.1,16
719,12135.0,0.0,0.0,-0.1,-1.8,2.7,9.3,0.8,0.30000000000000004,0.4,16
720,12154.0,0.0,0.0,-0.1,-1.8,2.7,9.3,-0.5,-0.30000000000000004,1.1,16
721,12169.0,0.0,0.0,0.0,-1.8,2.7,9.3,-1.0,-0.7,1.1,16
722,12192.0,0.0,0.0,0.0,-1.7000000000000002,2.7,9.4,0.4,-0.4,0.8,16
723,12203.0,0.0,0.0,0.0,-1.8,2.7,9.4,0.7,0.6000000000000001,0.5,16
724,12218.0,0.0,0.0,0.0,-1.8,2.7,9.3,0.5,1.1,0.1,16
725,12237.0,0.0,0.0,-0.1,-1.8,2.7,9.3,0.0,0.6000000000000001,0.4,16
726,12258.0,0.0,0.0,0.0,-1.8,2.7,9.3,-1.1,-0.30000000000000004,0.9000000000000001,16
727,12268.0,0.0,0.0,0.0,-1.8,2.7,9.3,-1.1,-0.8,1.0,16
728,12286.0,0.1,0.0,0.0,-1.7000000000000002,2.7,9.4,-1.5,-0.5,0.6000000000000001,16
729,12301.0,0.0,0.0,0.0,-1.8,2.7,9.3,-1.1,-0.9000000000000001,0.30000000000000004,16
730,12318.0,0.0,0.0,-0.1,-1.8,2.7,9.3,-0.6000000000000001,-1.5,0.6000000000000001,16
731,12335.0,0.1,0.0,-0.1,-1.7000000000000002,2.7,9.200000000000001,-2.0,-0.9000000000000001,1.1,16
732,12351.0,0.0,0.0,0.1,-1.8,2.7,9.5,-3.8,0.5,0.7,16
733,12368.0,0.0,0.0,0.2,-1.8,2.7,9.600000000000001,-2.9,0.4,0.9000000000000001,16
734,12385.0,0.1,0.0,0.1,-1.7000000000000002,2.7,9.5,-0.8,-2.1,0.8,16
735,12401.0,0.0,0.0,0.1,-1.8,2.7,9.5,-0.9000000000000001,-1.4,-0.4,16
736,12419.0,-0.1,0.0,0.1,-1.8,2.7,9.5,-0.5,-1.1,-0.5,16
737,12435.0,0.0,0.1,0.0,-1.8,2.7,9.4,1.1,0.30000000000000004,0.8,16
738,12451.0,0.0,0.0,-0.1,-1.7000000000000002,2.7,9.3,1.0,0.1,1.1,16
739,12468.0,0.0,0.0,-0.1,-1.7000000000000002,2.7,9.3,0.4,-0.9000000000000001,1.0,16
740,12485.0,0.0,0.0,-0.1,-1.8,2.7,9.3,-0.8,-2.2,0.9000000000000001,16
741,12502.0,0.0,0.0,-0.1,-1.7000000000000002,2.6,9.3,-1.8000000000000003,-3.1,1.7,16
742,12518.0,0.0,0.0,0.0,-1.7000000000000002,2.7,9.4,-2.1,-2.3,1.7,16
743,12534.0,0.1,-0.1,0.0,-1.6,2.6,9.4,-1.3,-0.8,0.7,16
744,12551.0,0.0,0.0,0.0,-1.7000000000000002,2.6,9.4,-0.6000000000000001,1.1,-0.5,16
745,12571.0,-0.1,-0.1,0.0,-1.8,2.6,9.4,-0.2,0.2,-0.7,16
746,12585.0,0.0,0.0,0.0,-1.8,2.6,9.4,-0.1,-1.4,-0.2,16
747,12602.0,0.0,0.0,-0.1,-1.7000000000000002,2.6,9.3,-0.8,-0.9000000000000001,-0.30000000000000004,16
748,12618.0,0.0,0.0,0.0,-1.7000000000000002,2.6,9.4,-0.9000000000000001,-0.1,-0.30000000000000004,16
749,12635.0,0.0,0.0,0.0,-1.7000000000000002,2.6,9.4,-0.6000000000000001,0.5,-0.5,16
750,12653.0,0.0,0.0,0.0,-1.7000000000000002,2.7,9.3,-0.30000000000000004,-0.8,-0.7,16
751,12668.0,0.0,0.0,0.0,-1.7000000000000002,2.7,9.3,-0.9000000000000001,-0.7,-0.7,16
752,12685.0,0.0,0.0,0.0,-1.7000000000000002,2.6,9.4,-1.6,-0.6000000000000001,-0.5,16
753,12701.0,0.0,0.0,0.0,-1.7000000000000002,2.6,9.4,-0.8,-0.9000000000000001,-0.1,16
754,12718.0,0.0,0.0,0.0,-1.7000000000000002,2.7,9.4,-0.2,-0.8,0.0,16
755,12735.0,0.0,0.0,0.0,-1.7000000000000002,2.7,9.3,-0.5,-0.2,-0.30000000000000004,16
756,12755.0,0.0,0.0,0.0,-1.7000000000000002,2.6,9.4,-1.3,-0.1,-0.8,16
757,12768.0,-0.1,0.0,0.0,-1.8,2.6,9.4,-1.4,-0.2,-1.0,16
758,12785.0,-0.1,0.0,0.1,-1.8,2.6,9.5,-0.6000000000000001,-1.3,-0.4,16
759,12801.0,0.0,0.0,0.0,-1.7000000000000002,2.6,9.4,-0.30000000000000004,-1.2000000000000002,-0.1,16
760,12818.0,0.0,0.0,0.0,-1.7000000000000002,2.6,9.4,-0.1,-0.8,-0.4,16
761,12835.0,0.0,0.0,0.0,-1.8,2.6,9.4,0.6000000000000001,0.5,-0.8,16
762,12854.0,0.0,0.0,-0.1,-1.8,2.6,9.3,0.4,-0.1,-0.5,16
763,12868.0,0.0,0.0,0.0,-1.7000000000000002,2.6,9.4,-0.8,-0.30000000000000004,-0.30000000000000004,16
764,12884.0,0.0,0.0,0.0,-1.7000000000000002,2.6,9.4,-0.8,0.1,-0.4,16
765,12901.0,-0.1,0.0,0.0,-1.8,2.6,9.4,0.0,-0.9000000000000001,-0.2,16
766,12918.0,-0.1,0.0,0.0,-1.8,2.7,9.3,-0.30000000000000004,-0.5,0.0,16
767,12935.0,0.0,0.0,0.0,-1.8,2.6,9.4,-1.4,0.2,0.5,16
768,12954.0,0.0,0.0,0.1,-1.8,2.6,9.5,-1.3,-0.5,0.7,16
769,12968.0,-0.1,0.0,0.1,-1.8,2.6,9.5,-0.8,-1.5,0.7,16
770,12985.0,0.0,0.0,0.1,-1.7000000000000002,2.6,9.5,-0.30000000000000004,-1.6,1.0,16
771,13001.0,0.0,0.0,0.0,-1.7000000000000002,2.6,9.4,0.5,0.30000000000000004,0.9000000000000001,16
772,13018.0,0.0,0.0,0.0,-1.7000000000000002,2.6,9.4,0.2,1.1,0.4,16
773,13035.0,0.0,0.0,0.0,-1.8,2.6,9.4,0.2,0.30000000000000004,0.2,16
774,13054.0,0.0,0.0,-0.1,-1.7000000000000002,2.6,9.3,0.5,-1.1,0.9000000000000001,16
775,13074.0,0.0,0.0,-0.1,-1.7000000000000002,2.6,9.3,-0.4,-0.4,1.2000000000000002,16
776,13085.0,0.0,0.0,0.0,-1.7000000000000002,2.6,9.4,-1.2000000000000002,0.2,1.1,16
777,13101.0,0.0,0.0,0.1,-1.7000000000000002,2.6,9.5,-1.3,-0.5,0.9000000000000001,16
778,13118.0,0.1,0.0,0.1,-1.6,2.6,9.5,0.6000000000000001,-1.3,0.4,16
779,13135.0,0.0,0.0,0.1,-1.7000000000000002,2.6,9.5,1.4,-1.1,-0.1,16
780,13163.0,-0.1,0.0,-0.1,-1.8,2.6,9.4,2.4000000000000004,-0.2,0.0,16
781,13168.0,-0.1,0.0,-0.1,-1.8,2.6,9.3,2.3,-0.1,0.6000000000000001,16
782,13185.0,-0.1,0.1,-0.2,-1.8,2.7,9.200000000000001,1.7,0.0,1.3,16
783,13202.0,-0.1,0.0,-0.1,-1.8,2.6,9.3,-0.7,0.2,2.3,16
784,13218.0,0.0,-0.1,0.0,-1.7000000000000002,2.6,9.4,-2.3,-2.5,3.0,16
785,13235.0,0.1,0.0,0.0,-1.6,2.6,9.4,-2.2,-3.3000000000000007,2.7,16
786,13255.0,0.1,0.0,0.1,-1.6,2.6,9.5,-1.3,-1.1,1.6,16
787,13268.0,0.0,0.0,0.1,-1.7000000000000002,2.6,9.5,0.0,-0.30000000000000004,1.3,16
788,13285.0,0.1,-0.1,0.1,-1.6,2.6,9.5,0.6000000000000001,-0.7,1.3,16
789,13301.0,0.1,0.0,0.0,-1.6,2.6,9.4,0.2,-1.2000000000000002,0.6000000000000001,16
790,13318.0,0.1,-0.1,0.1,-1.6,2.6,9.5,0.5,-1.3,-0.30000000000000004,16
791,13334.0,0.1,0.0,-0.1,-1.6,2.6,9.4,1.2000000000000002,-1.1,-0.7,16
792,13351.0,0.1,0.0,-0.1,-1.6,2.6,9.3,1.9,-0.5,-1.0,16
793,13372.0,-0.1,0.0,-0.1,-1.7000000000000002,2.6,9.3,1.1,0.0,-1.2000000000000002,16
794,13385.0,-0.1,0.0,-0.1,-1.7000000000000002,2.6,9.3,0.5,-0.1,-0.5,16
795,13401.0,0.0,0.0,-0.1,-1.6,2.6,9.3,-0.30000000000000004,-0.8,0.6000000000000001,16
796,13418.0,0.1,0.0,0.0,-1.6,2.6,9.4,-1.5,-0.6000000000000001,0.1,16
797,13435.0,0.0,0.0,0.1,-1.7000000000000002,2.6,9.5,-1.3,-1.1,-0.5,16
798,13451.0,0.0,0.0,0.2,-1.7000000000000002,2.6,9.600000000000001,-0.6000000000000001,-1.7,-0.30000000000000004,16
799,13470.0,0.0,0.0,0.1,-1.6,2.6,9.5,0.8,-0.9000000000000001,-0.2,16
800,13485.0,0.0,0.0,0.0,-1.6,2.6,9.4,1.3,-0.4,-0.30000000000000004,16
801,13501.0,0.0,0.0,0.0,-1.7000000000000002,2.7,9.4,0.7,0.30000000000000004,-1.0,16
802,13518.0,-0.1,0.0,0.0,-1.7000000000000002,2.6,9.4,0.30000000000000004,-0.6000000000000001,-0.7,16
803,13535.0,0.0,0.0,0.0,-1.7000000000000002,2.6,9.4,0.4,-1.4,0.1,16
804,13551.0,0.0,0.0,0.0,-1.6,2.6,9.4,0.8,-1.1,0.4,16
805,13570.0,0.0,0.0,0.0,-1.6,2.6,9.4,1.3,-0.8,0.30000000000000004,16
806,13585.0,0.0,0.0,-0.1,-1.7000000000000002,2.6,9.3,1.3,-0.2,-0.2,16
807,13601.0,-0.1,0.0,-0.1,-1.7000000000000002,2.6,9.3,0.30000000000000004,0.30000000000000004,-0.30000000000000004,16
808,13618.0,0.0,0.0,0.0,-1.7000000000000002,2.6,9.4,-0.5,-0.8,0.30000000000000004,16
809,13635.0,0.0,0.0,0.0,-1.6,2.6,9.5,-0.8,-1.9,0.4,16
810,13651.0,0.1,0.0,0.1,-1.6,2.6,9.5,-0.1,-2.0,0.5,16
811,13672.0,0.1,0.0,0.1,-1.5,2.6,9.5,1.3,-0.30000000000000004,-0.5,16
812,13685.0,0.0,0.0,0.1,-1.6,2.6,9.5,1.7,-0.30000000000000004,-0.6000000000000001,16
813,13701.0,0.0,0.0,0.0,-1.6,2.6,9.4,1.8000000000000003,-1.1,-1.0,16
814,13718.0,0.0,0.0,0.1,-1.6,2.6,9.5,1.7,-1.6,-1.1,16
815,13735.0,0.0,0.0,0.2,-1.6,2.6,9.600000000000001,3.5,-1.6,-1.4,16
816,13751.0,-0.1,0.0,0.1,-1.7000000000000002,2.6,9.600000000000001,4.4,-1.3,-1.4,16
817,13771.0,0.0,0.0,0.1,-1.6,2.7,9.5,5.9,-2.3,-1.4,16
818,13785.0,0.0,0.0,0.0,-1.6,2.7,9.5,7.200000000000001,-2.4000000000000004,-1.9,16
819,13801.0,0.0,0.0,0.0,-1.6,2.7,9.4,7.8,-2.9,-2.2,16
820,13818.0,0.1,0.1,-0.1,-1.5,2.9000000000000004,9.3,7.500000000000001,-1.6,-1.3,16
821,13835.0,0.1,0.0,-0.2,-1.5,2.8000000000000003,9.200000000000001,5.8,1.2000000000000002,-1.0,16
822,13851.0,0.1,0.0,-0.2,-1.5,2.8000000000000003,9.1,4.9,1.7,-1.5,16
823,13871.0,0.0,0.1,-0.2,-1.6,2.8000000000000003,9.200000000000001,2.7,2.0,-2.4000000000000004,16
824,13885.0,-0.2,0.0,-0.1,-1.8,2.8000000000000003,9.200000000000001,1.3,0.9000000000000001,-1.1,16
825,13901.0,-0.1,0.0,-0.1,-1.7000000000000002,2.8000000000000003,9.200000000000001,0.9000000000000001,0.8,-0.2,16
826,13918.0,-0.1,0.1,-0.2,-1.7000000000000002,2.9000000000000004,9.200000000000001,0.0,0.2,1.0,16
827,13935.0,0.0,0.0,-0.2,-1.6,2.8000000000000003,9.200000000000001,-1.2000000000000002,0.5,1.2000000000000002,16
828,13951.0,0.0,0.0,-0.2,-1.6,2.8000000000000003,9.200000000000001,-1.8000000000000003,1.0,1.1,16
829,13974.0,0.0,0.0,-0.1,-1.7000000000000002,2.7,9.200000000000001,-4.4,1.1,2.2,16
830,13985.0,0.0,0.0,0.0,-1.6,2.7,9.4,-5.300000000000001,0.0,2.4000000000000004,16
831,14001.0,0.0,0.0,0.1,-1.5,2.7,9.5,-5.9,-0.8,2.6,16
832,14018.0,0.2,0.0,0.2,-1.5,2.7,9.5,-5.6,-2.3,2.5,16
833,14034.0,0.2,0.0,0.2,-1.4000000000000001,2.7,9.5,-4.1,-1.7,0.30000000000000004,16
834,14051.0,0.1,0.0,0.2,-1.5,2.7,9.600000000000001,-3.3000000000000007,-0.6000000000000001,-0.7,16
835,14073.0,-0.1,0.0,0.2,-1.7000000000000002,2.7,9.600000000000001,0.0,1.6,-1.0,16
836,14090.0,-0.1,0.0,0.2,-1.7000000000000002,2.7,9.5,1.1,0.6000000000000001,-0.30000000000000004,16
837,14101.0,0.0,0.0,0.0,-1.6,2.7,9.3,1.6,-0.5,0.4,16
838,14118.0,0.1,0.0,-0.1,-1.5,2.7,9.3,0.8,-1.1,0.4,16
839,14134.0,0.0,0.0,-0.1,-1.6,2.8000000000000003,9.3,-0.8,-0.4,-0.2,16
840,14151.0,0.0,0.0,0.0,-1.6,2.7,9.3,-1.2000000000000002,-0.4,0.0,16
841,14171.0,0.0,0.0,-0.1,-1.6,2.7,9.3,-1.1,-0.4,0.6000000000000001,16
842,14185.0,0.0,0.0,0.0,-1.6,2.7,9.3,-1.9,0.1,0.8,16
843,14201.0,0.0,0.0,0.0,-1.6,2.7,9.4,-2.2,0.0,0.5,16
844,14218.0,0.0,0.0,0.1,-1.6,2.6,9.4,-1.5,-0.30000000000000004,0.30000000000000004,16
845,14235.0,0.0,0.0,0.0,-1.6,2.6,9.4,-1.1,-0.8,0.1,16
846,14251.0,0.0,0.0,0.1,-1.6,2.6,9.4,-1.3,-1.3,0.1,16
847,14271.0,0.0,-0.1,0.0,-1.6,2.6,9.4,-0.9000000000000001,-1.2000000000000002,-0.4,16
848,14285.0,0.0,0.0,0.0,-1.6,2.6,9.4,-0.30000000000000004,0.30000000000000004,-0.4,16
849,14301.0,0.0,0.0,0.0,-1.5,2.7,9.4,0.0,0.6000000000000001,-0.6000000000000001,16
850,14318.0,0.0,0.0,0.0,-1.6,2.7,9.4,0.30000000000000004,0.7,-0.8,16
851,14335.0,0.0,0.0,-0.1,-1.6,2.7,9.3,-0.5,-0.6000000000000001,-0.9000000000000001,16
852,14351.0,-0.1,0.0,0.0,-1.7000000000000002,2.7,9.4,-0.8,-0.8,-0.4,16
853,14369.0,0.0,0.0,-0.1,-1.6,2.7,9.3,-0.8,-0.5,0.0,16
854,14385.0,0.0,0.0,0.0,-1.6,2.7,9.4,-1.0,0.4,0.6000000000000001,16
855,14401.0,0.0,0.0,0.0,-1.6,2.7,9.4,-1.7,-0.1,0.8,16
856,14418.0,0.0,0.0,0.0,-1.6,2.6,9.4,-1.7,-0.5,0.5,16
857,14434.0,0.0,0.0,0.0,-1.6,2.6,9.4,-1.5,-0.4,0.4,16
858,14451.0,0.0,0.0,0.0,-1.6,2.6,9.4,-1.4,-0.4,0.8,16
859,14473.0,0.1,0.0,0.0,-1.5,2.6,9.4,-1.8000000000000003,-0.9000000000000001,0.9000000000000001,16
860,14485.0,0.1,0.0,0.1,-1.5,2.6,9.5,-1.9,-0.5,0.4,16
861,14501.0,0.0,0.0,0.1,-1.5,2.6,9.5,-1.7,0.2,-0.1,16
862,14518.0,0.0,0.0,0.1,-1.6,2.6,9.5,0.2,0.0,-0.6000000000000001,16
863,14534.0,0.0,0.0,-0.1,-1.6,2.6,9.3,0.5,0.0,0.1,16
864,14551.0,0.0,0.0,-0.1,-1.6,2.6,9.3,-0.2,-0.2,0.4,16
865,14575.0,0.0,0.0,0.1,-1.5,2.6,9.5,-2.0,0.4,0.1,16
866,14584.0,0.0,0.0,0.1,-1.5,2.6,9.5,-2.0,-0.2,-0.2,16
867,14601.0,0.0,0.0,0.2,-1.6,2.6,9.600000000000001,-0.5,-1.9,-0.30000000000000004,16
868,14618.0,0.0,0.0,0.1,-1.6,2.6,9.5,0.8,-2.0,-0.1,16
869,14634.0,0.0,0.0,-0.1,-1.5,2.6,9.3,2.0,-0.7,-0.2,16
870,14651.0,0.0,0.0,-0.1,-1.6,2.6,9.3,1.2000000000000002,1.6,-0.5,16
871,14669.0,-0.1,0.0,-0.1,-1.6,2.6,9.3,1.1,1.0,-0.1,16
872,14685.0,-0.1,0.0,-0.2,-1.6,2.7,9.200000000000001,-0.2,-0.5,1.2000000000000002,16
873,14701.0,0.0,0.0,-0.1,-1.6,2.6,9.3,-1.6,-1.6,1.5,16
874,14718.0,0.0,0.0,0.0,-1.6,2.6,9.4,-4.1,-0.9000000000000001,1.6,16
875,14735.0,0.0,0.0,0.2,-1.5,2.6,9.600000000000001,-3.3000000000000007,-1.3,1.6,16
876,14751.0,0.1,0.0,0.1,-1.5,2.6,9.600000000000001,-1.5,-0.4,1.2000000000000002,16
877,14773.0,0.0,0.0,0.1,-1.5,2.6,9.5,0.0,-1.4,0.8,16
878,14789.0,0.0,0.0,0.0,-1.6,2.6,9.4,-0.2,-1.0,0.1,16
879,14803.0,0.0,0.0,0.1,-1.5,2.6,9.5,-0.2,-0.9000000000000001,-0.2,16
880,14818.0,0.0,0.0,0.1,-1.5,2.6,9.5,0.0,0.4,-0.1,16
881,14835.0,0.0,0.0,0.0,-1.5,2.6,9.5,0.9000000000000001,1.2000000000000002,-0.2,16
882,14851.0,0.0,0.0,-0.1,-1.6,2.6,9.4,0.5,-1.1,-0.4,16
883,14873.0,-0.1,0.1,0.0,-1.6,2.7,9.4,-0.30000000000000004,-0.8,-0.30000000000000004,16
884,14885.0,-0.1,0.1,0.0,-1.6,2.7,9.5,-0.4,0.6000000000000001,0.1,16
885,14901.0,0.0,0.0,0.1,-1.6,2.6,9.5,0.5,1.4,1.2000000000000002,16
886,14918.0,0.0,0.0,0.0,-1.5,2.6,9.4,0.5,0.0,1.0,16
887,14935.0,0.0,0.0,0.0,-1.5,2.7,9.4,0.2,-0.8,0.7,16
888,14951.0,0.0,0.0,0.1,-1.6,2.6,9.5,-0.1,-0.6000000000000001,0.4,16
889,14968.0,0.0,0.0,0.1,-1.6,2.6,9.5,0.5,-0.4,0.4,16
890,14984.0,0.0,0.0,0.0,-1.5,2.6,9.5,2.0,0.30000000000000004,0.7,16
891,15001.0,0.0,0.0,-0.1,-1.5,2.6,9.4,2.2,1.4,0.1,16
892,15018.0,0.0,0.0,0.0,-1.6,2.6,9.4,1.5,1.2000000000000002,-0.4,16
893,15034.0,0.0,0.0,0.0,-1.6,2.6,9.4,1.4,0.6000000000000001,-0.4,16
894,15051.0,0.0,0.0,0.0,-1.6,2.7,9.4,2.2,-0.1,0.30000000000000004,16
895,15077.0,0.1,0.0,-0.1,-1.5,2.7,9.3,2.2,0.8,0.2,16
896,15085.0,0.0,0.0,-0.1,-1.5,2.6,9.3,1.9,1.4,-0.30000000000000004,16
897,15101.0,0.0,0.0,0.0,-1.6,2.6,9.4,1.8000000000000003,1.7,-1.0,16
898,15118.0,-0.1,0.0,-0.1,-1.7000000000000002,2.7,9.3,2.0,1.7,-0.30000000000000004,16
899,15137.0,-0.1,0.0,-0.1,-1.6,2.7,9.3,1.6,1.1,0.4,16
900,15152.0,0.0,0.0,0.0,-1.6,2.7,9.4,-0.2,0.9000000000000001,0.5,16
901,15181.0,0.0,0.0,0.0,-1.6,2.7,9.4,0.1,0.2,0.1,16
902,15188.0,0.0,0.0,0.0,-1.7000000000000002,2.7,9.4,0.1,0.2,0.1,16
903,15201.0,-0.1,0.0,0.0,-1.7000000000000002,2.7,9.4,0.7,0.6000000000000001,0.1,16
904,15218.0,-0.1,0.0,0.0,-1.7000000000000002,2.7,9.3,0.7,0.9000000000000001,0.30000000000000004,16
905,15235.0,-0.1,0.0,0.0,-1.7000000000000002,2.7,9.4,0.5,2.0,1.1,16
906,15252.0,0.0,0.0,-0.1,-1.6,2.7,9.3,-0.5,1.7,1.5,16
907,15269.0,0.0,0.0,0.0,-1.6,2.7,9.4,-1.1,-0.8,2.0,16
908,15289.0,0.1,0.0,0.0,-1.5,2.7,9.3,-1.2000000000000002,-0.8,2.5,16
909,15302.0,0.1,0.0,0.0,-1.5,2.7,9.4,-1.2000000000000002,0.1,2.3,16
910,15318.0,0.1,0.0,0.0,-1.5,2.7,9.4,-1.1,1.2000000000000002,1.9,16
911,15334.0,0.1,0.0,0.0,-1.5,2.7,9.4,-0.9000000000000001,0.5,1.7,16
912,15351.0,0.1,0.0,0.0,-1.5,2.7,9.4,-0.2,-0.6000000000000001,1.2000000000000002,16
913,15370.0,0.0,0.0,0.0,-1.5,2.7,9.4,0.30000000000000004,-0.2,1.2000000000000002,16
914,15385.0,0.0,0.0,0.0,-1.6,2.7,9.4,0.1,-0.2,1.5,16
915,15401.0,0.1,0.0,0.0,-1.4000000000000001,2.7,9.3,-0.2,0.2,2.0,16
916,15418.0,0.2,0.0,-0.1,-1.4000000000000001,2.6,9.3,-0.9000000000000001,-0.6000000000000001,1.4,16
917,15434.0,0.2,0.0,-0.1,-1.4000000000000001,2.6,9.3,-1.4,-1.3,0.7,16
918,15451.0,0.1,0.0,0.1,-1.5,2.6,9.5,-2.0,-1.2000000000000002,-0.6000000000000001,16
919,15473.0,0.0,0.0,0.1,-1.5,2.7,9.5,-0.7,-0.2,-0.8,16
920,15485.0,0.0,0.0,0.1,-1.5,2.7,9.5,0.5,0.4,-0.7,16
921,15501.0,0.1,0.0,0.0,-1.4000000000000001,2.7,9.4,0.9000000000000001,0.2,-0.8,16
922,15518.0,0.0,0.0,0.1,-1.5,2.6,9.5,0.0,-1.0,-1.9,16
923,15535.0,0.0,0.0,0.0,-1.5,2.7,9.4,-0.1,-1.6,-2.1,16
924,15551.0,0.0,0.0,0.0,-1.5,2.6,9.4,0.6000000000000001,-1.1,-1.9,16
925,15569.0,0.0,0.0,0.0,-1.6,2.6,9.4,1.1,0.0,-2.0,16
926,15585.0,-0.1,0.0,0.0,-1.6,2.7,9.4,1.1,0.0,-2.1,16
927,15601.0,-0.1,0.0,-0.1,-1.6,2.7,9.3,0.8,-1.5,-1.2000000000000002,16
928,15618.0,0.0,0.0,-0.1,-1.5,2.7,9.3,0.0,-1.6,-1.0,16
929,15634.0,0.0,0.0,-0.1,-1.5,2.7,9.3,-0.6000000000000001,-0.9000000000000001,-1.4,16
930,15651.0,-0.1,0.0,0.0,-1.6,2.6,9.4,-1.1,0.30000000000000004,-1.9,16
931,15668.0,-0.1,0.0,0.0,-1.7000000000000002,2.7,9.4,-0.9000000000000001,-0.8,-0.5,16
932,15685.0,-0.1,0.0,0.0,-1.6,2.6,9.4,-0.9000000000000001,-1.6,0.2,16
933,15701.0,0.0,0.0,0.0,-1.5,2.6,9.4,-1.1,-1.8000000000000003,0.2,16
934,15718.0,0.1,0.0,0.0,-1.5,2.6,9.4,-0.7,-1.1,-0.8,16
935,15735.0,0.0,-0.1,0.0,-1.5,2.6,9.4,0.1,0.0,-1.5,16
936,15751.0,0.0,0.0,0.0,-1.5,2.6,9.4,0.30000000000000004,-0.5,-1.5,16
937,15775.0,0.0,0.0,0.0,-1.6,2.6,9.4,0.1,-0.9000000000000001,-1.4,16
938,15784.0,0.0,0.0,0.0,-1.5,2.6,9.4,-0.2,-1.1,-1.5,16
939,15801.0,0.0,0.0,0.1,-1.5,2.7,9.5,-0.6000000000000001,-0.1,-1.4,16
940,15818.0,-0.1,0.0,0.1,-1.6,2.7,9.5,-0.30000000000000004,-0.5,-1.4,16
941,15834.0,-0.1,0.0,0.1,-1.6,2.7,9.5,0.2,-1.1,-0.6000000000000001,16
942,15851.0,-0.1,0.0,0.0,-1.6,2.7,9.5,0.30000000000000004,-1.5,-0.2,16
943,15868.0,-0.1,0.0,0.0,-1.6,2.6,9.4,0.9000000000000001,-1.2000000000000002,0.0,16
944,15887.0,0.0,0.0,-0.1,-1.6,2.7,9.3,0.6000000000000001,-2.1,0.4,16
945,15902.0,0.0,0.0,-0.1,-1.5,2.7,9.3,0.0,-1.7,0.30000000000000004,16
946,15918.0,0.0,0.0,-0.1,-1.5,2.6,9.3,-0.9000000000000001,-0.2,0.30000000000000004,16
947,15935.0,-0.1,0.0,0.0,-1.6,2.6,9.4,-1.1,0.2,0.4,16
948,15951.0,-0.1,-0.1,0.0,-1.6,2.6,9.4,-0.9000000000000001,0.1,0.8,16
949,15969.0,0.0,0.0,0.0,-1.5,2.6,9.4,-1.1,-2.1,1.7,16
950,15985.0,0.0,0.0,0.0,-1.5,2.6,9.4,-2.0,-1.7,0.8,16
951,16001.0,0.0,-0.1,0.0,-1.5,2.6,9.4,-2.0,-1.6,0.5,16
952,16018.0,0.0,0.0,0.1,-1.5,2.6,9.5,-2.0,-0.9000000000000001,0.0,16
953,16034.0,-0.1,0.0,0.1,-1.6,2.6,9.5,-0.5,0.0,0.2,16
954,16051.0,-0.1,0.0,0.0,-1.6,2.6,9.4,0.30000000000000004,-1.0,0.9000000000000001,16
955,16068.0,0.0,0.0,-0.2,-1.5,2.6,9.200000000000001,-1.7,-3.0,1.5,16
956,16085.0,0.0,0.0,0.0,-1.5,2.6,9.4,-4.2,-1.7,0.9000000000000001,16
957,16101.0,0.0,0.0,0.2,-1.5,2.6,9.600000000000001,-3.8,-0.8,0.9000000000000001,16
958,16118.0,0.0,0.0,0.2,-1.5,2.6,9.600000000000001,-0.8,0.30000000000000004,1.2000000000000002,16
959,16134.0,0.0,0.1,0.0,-1.5,2.6,9.4,0.6000000000000001,0.0,1.1,16
960,16151.0,0.0,0.0,0.0,-1.5,2.6,9.4,0.5,-0.1,1.2000000000000002,16
961,16168.0,0.0,0.1,-0.1,-1.5,2.7,9.4,-0.30000000000000004,-0.30000000000000004,1.6,16
962,16186.0,0.0,0.0,0.0,-1.5,2.6,9.4,-0.2,-0.5,1.9,16
963,16201.0,0.1,0.0,0.0,-1.4000000000000001,2.6,9.4,-0.1,0.0,1.9,16
964,16218.0,0.0,0.0,0.0,-1.4000000000000001,2.6,9.4,-0.6000000000000001,0.9000000000000001,1.9,16
965,16235.0,0.1,0.0,0.0,-1.4000000000000001,2.6,9.5,-2.0,-0.30000000000000004,1.8000000000000003,16
966,16251.0,0.1,0.0,0.1,-1.4000000000000001,2.6,9.5,-2.2,-1.3,1.7,16
967,16268.0,0.1,0.0,0.2,-1.4000000000000001,2.6,9.600000000000001,-0.8,-0.9000000000000001,0.9000000000000001,16
968,16284.0,0.1,0.0,0.1,-1.4000000000000001,2.6,9.600000000000001,1.6,0.30000000000000004,0.4,16
969,16302.0,0.0,0.0,0.0,-1.5,2.6,9.5,2.0,1.7,-0.1,16
970,16318.0,-0.1,0.0,0.0,-1.5,2.6,9.4,2.1,1.4,0.0,16
971,16335.0,0.0,0.0,-0.1,-1.5,2.6,9.3,1.0,-1.0,0.9000000000000001,16
972,16351.0,0.0,0.0,-0.1,-1.5,2.6,9.3,0.30000000000000004,-1.7,0.9000000000000001,16
973,16372.0,0.0,0.0,-0.1,-1.5,2.6,9.4,-0.8,-1.0,1.1,16
974,16385.0,-0.1,0.0,0.0,-1.5,2.6,9.4,-0.8,-0.2,1.7,16
975,16402.0,0.0,-0.1,0.0,-1.5,2.5,9.4,-0.9000000000000001,-1.4,2.0,16
976,16418.0,0.0,-0.1,0.0,-1.4000000000000001,2.5,9.4,-1.2000000000000002,-1.9,1.9,16
977,16434.0,0.0,-0.1,0.0,-1.5,2.5,9.4,-1.3,-1.7,1.4,16
978,16451.0,0.0,0.0,0.0,-1.4000000000000001,2.6,9.4,-1.1,-2.0,1.4,16
979,16468.0,0.0,-0.1,0.0,-1.4000000000000001,2.5,9.4,-1.3,-1.6,1.5,16
980,16485.0,-0.1,0.0,0.1,-1.5,2.5,9.5,-1.2000000000000002,-1.3,1.7,16
981,16501.0,-0.1,-0.1,0.0,-1.4000000000000001,2.5,9.4,-0.6000000000000001,-3.2,2.8,16
982,16518.0,0.1,0.0,-0.1,-1.3,2.5,9.3,-0.8,-2.8,2.8,16
983,16534.0,0.30000000000000004,-0.1,-0.2,-1.1,2.5,9.200000000000001,-1.6,-1.6,1.4,16
984,16551.0,0.30000000000000004,0.0,-0.2,-1.1,2.5,9.3,-3.3000000000000007,0.8,-1.0,16
985,16568.0,0.30000000000000004,0.0,0.0,-1.1,2.5,9.4,-4.1,1.1,-2.0,16
986,16584.0,0.1,0.1,0.2,-1.3,2.6,9.600000000000001,-4.4,0.4,-2.9,16
987,16601.0,0.2,0.1,0.30000000000000004,-1.2000000000000002,2.6,9.700000000000001,-3.8,-0.4,-2.7,16
988,16618.0,0.30000000000000004,0.1,0.30000000000000004,-1.1,2.6,9.8,-1.6,0.4,-3.3000000000000007,16
989,16635.0,0.30000000000000004,0.1,0.30000000000000004,-1.1,2.6,9.700000000000001,0.6000000000000001,1.7,-4.800000000000001,16
990,16651.0,0.2,0.1,0.2,-1.2000000000000002,2.6,9.600000000000001,1.9,1.6,-6.600000000000001,16
991,16678.0,0.1,0.0,0.1,-1.3,2.5,9.600000000000001,2.4000000000000004,1.5,-7.1000000000000005,16
992,16685.0,0.1,0.0,0.1,-1.3,2.5,9.5,2.4000000000000004,0.9000000000000001,-6.9,16
993,16701.0,0.0,0.0,0.1,-1.4000000000000001,2.5,9.5,2.0,0.4,-6.8,16
994,16718.0,0.1,0.0,0.0,-1.4000000000000001,2.5,9.5,2.0,-0.1,-6.9,16
995,16735.0,0.0,0.0,0.0,-1.5,2.5,9.5,1.4,-0.1,-7.0,16
996,16751.0,-0.2,0.0,-0.1,-1.6,2.5,9.4,1.6,-0.9000000000000001,-6.4,16
997,16770.0,-0.1,0.0,0.0,-1.5,2.5,9.4,1.7,-1.0,-6.0,16
998,16786.0,-0.1,0.0,0.0,-1.5,2.5,9.4,1.6,1.2000000000000002,-6.500000000000001,16
999,16801.0,-0.2,0.0,-0.1,-1.7000000000000002,2.5,9.4,1.9,1.5,-6.4,16
1000,16818.0,-0.2,0.0,-0.1,-1.7000000000000002,2.5,9.3,1.9,0.4,-6.1000000000000005,16
1001,16834.0,-0.2,0.0,-0.30000000000000004,-1.7000000000000002,2.5,9.1,0.9000000000000001,0.2,-5.1000000000000005,16
1002,16851.0,-0.1,0.1,-0.2,-1.6,2.6,9.200000000000001,-1.9,1.5,-4.4,16
1003,16868.0,-0.1,0.1,0.0,-1.6,2.6,9.4,-3.2,1.9,-4.0,16
1004,16885.0,0.0,0.1,0.2,-1.6,2.6,9.600000000000001,-3.8,0.1,-3.5,16
1005,16901.0,0.0,0.1,0.30000000000000004,-1.6,2.6,9.700000000000001,-3.0,-0.30000000000000004,-3.8,16
1006,16918.0,-0.1,0.1,0.2,-1.6,2.6,9.700000000000001,0.1,0.8,-4.5,16
1007,16935.0,-0.1,0.1,0.2,-1.6,2.6,9.600000000000001,2.3,2.0,-3.8,16
1008,16951.0,-0.1,0.1,0.1,-1.7000000000000002,2.6,9.5,2.8,2.7,-2.5,16
1009,16971.0,0.0,0.1,0.0,-1.6,2.6,9.4,2.4000000000000004,1.1,-0.7,16
1010,16985.0,0.0,0.0,-0.1,-1.6,2.6,9.4,1.8000000000000003,0.2,-0.2,16
1011,17001.0,0.0,0.0,0.0,-1.6,2.5,9.4,0.2,-0.7,0.30000000000000004,16
1012,17018.0,0.0,0.0,0.0,-1.6,2.5,9.5,-0.4,-0.2,0.30000000000000004,16
1013,17035.0,-0.1,0.0,0.1,-1.7000000000000002,2.5,9.5,0.4,0.8,0.6000000000000001,16
1014,17051.0,0.0,0.0,0.1,-1.6,2.5,9.5,1.7,0.9000000000000001,1.2000000000000002,16
1015,17068.0,0.0,0.0,0.0,-1.6,2.5,9.4,1.9,0.7,1.1,16
1016,17084.0,0.0,0.0,-0.1,-1.6,2.5,9.3,1.6,0.0,0.9000000000000001,16
1017,17101.0,-0.1,0.0,-0.1,-1.6,2.5,9.3,0.8,-0.30000000000000004,0.8,16
1018,17119.0,0.0,0.0,-0.2,-1.6,2.5,9.3,0.6000000000000001,-0.1,0.8,16
1019,17134.0,0.0,0.0,-0.1,-1.6,2.5,9.200000000000001,0.6000000000000001,1.6,1.0,16
1020,17153.0,-0.1,0.0,-0.2,-1.6,2.5,9.200000000000001,-0.5,1.6,0.9000000000000001,16
1021,17168.0,-0.1,0.0,0.0,-1.7000000000000002,2.6,9.3,-2.5,1.4,1.0,16
1022,17184.0,-0.1,0.1,0.0,-1.7000000000000002,2.6,9.4,-2.9,1.2000000000000002,1.7,16
1023,17201.0,0.0,0.0,0.1,-1.7000000000000002,2.6,9.5,-2.8,0.5,3.1,16
1024,17218.0,0.0,0.0,0.2,-1.6,2.6,9.600000000000001,-2.5,0.5,3.5,16
1025,17234.0,0.1,0.1,0.2,-1.6,2.6,9.600000000000001,-2.0,0.9000000000000001,3.6000000000000005,16
1026,17251.0,0.1,0.0,0.2,-1.5,2.5,9.600000000000001,-0.6000000000000001,1.6,3.7000000000000006,16
1027,17275.0,0.1,0.0,0.0,-1.5,2.6,9.4,0.1,1.7,3.3000000000000007,16
1028,17285.0,0.2,0.0,0.0,-1.4000000000000001,2.6,9.5,-0.5,1.2000000000000002,3.3000000000000007,16
1029,17301.0,0.2,0.0,0.1,-1.4000000000000001,2.6,9.5,-1.7,0.2,3.0,16
1030,17318.0,0.2,0.0,0.2,-1.3,2.5,9.600000000000001,-1.3,-0.5,2.5,16
1031,17335.0,0.2,0.0,0.2,-1.3,2.5,9.600000000000001,-0.6000000000000001,0.4,1.8000000000000003,16
1032,17351.0,0.1,0.0,0.2,-1.4000000000000001,2.6,9.600000000000001,1.4,1.5,0.9000000000000001,16
1033,17369.0,0.1,0.0,0.0,-1.5,2.6,9.5,2.2,0.8,0.30000000000000004,16
1034,17386.0,0.1,0.0,0.0,-1.5,2.6,9.5,1.9,0.4,0.0,16
1035,17401.0,0.0,0.0,0.0,-1.5,2.5,9.4,1.9,0.2,-0.1,16
1036,17418.0,0.0,0.0,-0.1,-1.6,2.5,9.3,1.7,0.0,0.2,16
1037,17434.0,-0.1,0.0,-0.2,-1.6,2.5,9.3,1.1,-0.30000000000000004,0.2,16
1038,17455.0,0.0,0.0,-0.1,-1.6,2.5,9.3,0.0,-0.2,0.6000000000000001,16
1039,17472.0,0.0,0.0,-0.1,-1.5,2.5,9.3,-0.5,0.9000000000000001,1.0,16
1040,17486.0,0.0,0.0,0.0,-1.5,2.5,9.4,-0.7,0.30000000000000004,1.2000000000000002,16
1041,17501.0,0.0,-0.1,0.0,-1.5,2.5,9.4,-1.6,-1.4,0.8,16
1042,17518.0,0.1,0.0,0.1,-1.5,2.5,9.5,-1.4,-0.4,0.2,16
1043,17534.0,0.0,0.0,0.1,-1.5,2.5,9.5,-0.8,1.1,0.0,16
1044,17551.0,0.0,0.0,0.0,-1.6,2.5,9.4,0.8,1.7,0.1,16
1045,17571.0,0.0,0.0,0.0,-1.6,2.6,9.4,-0.8,0.6000000000000001,0.0,16
1046,17585.0,0.0,0.0,0.1,-1.6,2.6,9.5,-1.8000000000000003,0.0,-0.2,16
1047,17601.0,0.0,0.0,0.2,-1.6,2.5,9.600000000000001,-1.4,-0.30000000000000004,-0.5,16
1048,17618.0,0.0,0.0,0.1,-1.6,2.5,9.5,1.1,0.2,0.30000000000000004,16
1049,17634.0,0.0,0.0,0.0,-1.6,2.6,9.5,1.6,0.6000000000000001,0.4,16
1050,17651.0,0.1,0.0,0.0,-1.5,2.6,9.4,0.5,0.8,0.2,16
1051,17669.0,0.0,0.0,0.1,-1.5,2.6,9.5,-0.2,0.2,-0.5,16
1052,17685.0,0.0,0.0,0.1,-1.5,2.6,9.600000000000001,0.4,-0.5,-0.6000000000000001,16
1053,17701.0,0.0,0.0,0.0,-1.6,2.6,9.5,2.2,-1.1,-0.8,16
1054,17718.0,-0.1,0.0,-0.1,-1.6,2.6,9.3,3.1,0.30000000000000004,-0.2,16
1055,17734.0,-0.1,0.0,-0.2,-1.6,2.6,9.200000000000001,2.8,0.8,0.2,16
1056,17751.0,0.0,0.0,-0.2,-1.6,2.6,9.200000000000001,1.0,1.1,0.30000000000000004,16
1057,17768.0,0.0,0.0,-0.2,-1.6,2.5,9.3,-0.6000000000000001,0.2,0.30000000000000004,16
1058,17785.0,0.0,0.0,-0.2,-1.6,2.5,9.3,-1.1,-0.7,0.7,16
1059,17801.0,0.0,0.0,-0.1,-1.6,2.5,9.3,-2.2,0.1,0.4,16
1060,17818.0,0.0,0.0,0.0,-1.5,2.5,9.4,-3.0,1.3,0.2,16
1061,17834.0,0.0,0.0,0.1,-1.5,2.5,9.5,-2.8,0.9000000000000001,0.0,16
1062,17851.0,0.0,0.0,0.1,-1.6,2.5,9.600000000000001,-2.5,0.2,-0.5,16
1063,17871.0,0.0,0.0,0.2,-1.6,2.6,9.600000000000001,-1.7,0.1,-0.7,16
1064,17892.0,0.0,0.0,0.2,-1.6,2.5,9.600000000000001,-0.30000000000000004,1.4,-0.8,16
1065,17901.0,0.0,0.0,0.1,-1.6,2.6,9.600000000000001,0.30000000000000004,1.6,-1.0,16
1066,17918.0,0.0,0.0,0.1,-1.6,2.6,9.5,1.0,1.1,-1.3,16
1067,17934.0,0.0,0.0,0.0,-1.6,2.6,9.4,1.6,-0.1,-0.7,16
1068,17951.0,0.0,0.1,-0.2,-1.6,2.6,9.3,1.4,-0.2,-0.2,16
1069,17970.0,0.0,0.1,-0.2,-1.6,2.6,9.200000000000001,0.0,0.5,0.1,16
1070,17984.0,0.0,0.1,-0.1,-1.6,2.6,9.3,-1.6,0.9000000000000001,0.9000000000000001,16
1071,18001.0,0.0,0.0,-0.1,-1.6,2.6,9.3,-2.0,1.4,1.1,16
1072,18018.0,0.1,0.0,-0.1,-1.5,2.5,9.3,-2.3,0.4,1.3,16
1073,18034.0,0.1,0.0,0.0,-1.5,2.5,9.5,-3.5,-0.30000000000000004,0.2,16
1074,18051.0,0.0,0.0,0.2,-1.6,2.5,9.600000000000001,-3.6000000000000005,-0.2,-0.30000000000000004,16
1075,18072.0,0.0,0.0,0.30000000000000004,-1.6,2.5,9.700000000000001,-1.4,0.2,-0.30000000000000004,16
1076,18086.0,0.0,0.0,0.1,-1.6,2.5,9.600000000000001,0.9000000000000001,0.9000000000000001,-0.8,16
1077,18101.0,0.0,0.0,0.0,-1.6,2.5,9.5,1.4,1.1,-1.2000000000000002,16
1078,18118.0,0.0,0.0,-0.1,-1.6,2.6,9.4,0.9000000000000001,1.3,-1.8000000000000003,16
1079,18134.0,-0.1,0.1,-0.1,-1.7000000000000002,2.6,9.3,0.4,0.5,-1.5,16
1080,18155.0,-0.1,0.1,-0.1,-1.7000000000000002,2.6,9.4,-1.8000000000000003,-0.8,-0.6000000000000001,16
1081,18172.0,-0.1,0.1,0.0,-1.7000000000000002,2.6,9.4,-1.7,-0.6000000000000001,-0.1,16
1082,18186.0,-0.1,0.1,0.0,-1.7000000000000002,2.6,9.4,-1.1,0.0,1.0,16
1083,18201.0,-0.1,0.1,-0.1,-1.7000000000000002,2.6,9.4,-0.9000000000000001,0.2,1.2000000000000002,16
1084,18218.0,0.0,0.1,-0.1,-1.6,2.6,9.3,-1.4,-0.30000000000000004,1.8000000000000003,16
1085,18234.0,0.0,0.0,0.0,-1.6,2.6,9.4,-3.0,-0.1,2.0,16
1086,18251.0,0.0,0.0,0.1,-1.6,2.5,9.5,-3.2,-0.5,2.2,16
1087,18273.0,0.1,0.0,0.2,-1.5,2.5,9.600000000000001,-2.3,-1.7,2.5,16
1088,18285.0,0.1,0.0,0.1,-1.4000000000000001,2.5,9.600000000000001,-1.2000000000000002,-1.1,1.8000000000000003,16
1089,18301.0,0.1,0.0,0.0,-1.4000000000000001,2.5,9.5,-0.8,-2.1,1.5,16
1090,18318.0,0.1,0.0,0.0,-1.4000000000000001,2.5,9.5,-1.7,-2.4000000000000004,0.4,16
1091,18334.0,0.1,0.0,0.2,-1.5,2.5,9.700000000000001,-1.4,-0.30000000000000004,-0.4,16
1092,18351.0,0.1,0.0,0.2,-1.4000000000000001,2.5,9.600000000000001,-0.2,0.1,-0.30000000000000004,16
1093,18369.0,0.1,0.0,0.1,-1.5,2.5,9.600000000000001,1.5,-0.2,-1.3,16
1094,18384.0,-0.1,0.0,0.0,-1.6,2.5,9.5,1.6,-1.0,-2.4000000000000004,16
1095,18402.0,-0.1,0.0,0.0,-1.7000000000000002,2.5,9.5,1.9,-1.0,-2.2,16
1096,18418.0,-0.1,0.0,0.0,-1.6,2.5,9.4,2.7,-0.1,-0.7,16
1097,18434.0,-0.1,0.0,-0.1,-1.6,2.5,9.3,2.2,0.5,-0.1,16
1098,18451.0,0.0,0.0,-0.2,-1.6,2.6,9.3,1.3,0.2,0.0,16
1099,18470.0,-0.1,0.0,0.0,-1.6,2.5,9.4,-1.0,-1.6,0.0,16
1100,18487.0,-0.1,0.0,0.1,-1.6,2.5,9.600000000000001,-0.2,-2.0,0.6000000000000001,16
1101,18501.0,0.0,0.0,0.1,-1.6,2.5,9.5,1.2000000000000002,-1.9,0.8,16
1102,18518.0,0.0,0.0,-0.1,-1.5,2.6,9.4,3.0,0.4,0.9000000000000001,16
1103,18534.0,0.0,0.0,-0.1,-1.5,2.5,9.3,1.9,1.0,0.5,16
1104,18551.0,0.0,0.0,-0.1,-1.6,2.5,9.3,0.7,1.0,0.4,16
1105,18568.0,-0.1,0.0,0.0,-1.6,2.5,9.4,-0.8,-1.2000000000000002,1.3,16
1106,18584.0,0.1,0.0,0.0,-1.4000000000000001,2.5,9.5,-0.8,-2.2,2.0,16
1107,18601.0,0.1,-0.1,0.1,-1.4000000000000001,2.4000000000000004,9.600000000000001,-0.6000000000000001,-1.5,1.5,16
1108,18618.0,0.1,-0.1,0.1,-1.4000000000000001,2.5,9.600000000000001,0.2,0.2,0.30000000000000004,16
1109,18634.0,0.1,-0.1,0.1,-1.4000000000000001,2.4000000000000004,9.600000000000001,0.9000000000000001,0.6000000000000001,-0.2,16
1110,18651.0,0.1,-0.1,0.1,-1.4000000000000001,2.4000000000000004,9.5,1.2000000000000002,0.5,-0.4,16
1111,18668.0,0.1,-0.1,0.0,-1.4000000000000001,2.4000000000000004,9.5,1.1,-0.9000000000000001,-0.8,16
1112,18684.0,0.2,-0.1,-0.1,-1.3,2.4000000000000004,9.4,1.6,-0.9000000000000001,-2.3,16
1113,18701.0,0.1,-0.1,-0.2,-1.4000000000000001,2.4000000000000004,9.200000000000001,1.9,-0.2,-2.9,16
1114,18718.0,0.0,-0.1,-0.1,-1.5,2.4000000000000004,9.4,0.5,3.4,-3.6000000000000005,16
1115,18734.0,-0.2,-0.1,-0.1,-1.7000000000000002,2.4000000000000004,9.4,0.2,0.30000000000000004,-1.3,16
1116,18751.0,0.1,0.0,0.0,-1.4000000000000001,2.5,9.4,-1.7,-3.9,-0.30000000000000004,16
1117,18769.0,0.1,0.0,0.1,-1.4000000000000001,2.5,9.5,-2.2,-3.1,-1.1,16
1118,18787.0,0.0,0.0,0.2,-1.5,2.5,9.700000000000001,-0.30000000000000004,-1.4,-2.0,16
1119,18801.0,-0.1,0.1,0.2,-1.6,2.6,9.600000000000001,2.0,1.3,-1.9,16
1120,18818.0,-0.1,0.1,0.1,-1.6,2.6,9.5,2.7,1.6,-1.6,16
1121,18835.0,0.0,0.0,0.0,-1.6,2.5,9.4,1.9,-0.2,-1.4,16
1122,18851.0,0.0,0.0,-0.1,-1.6,2.5,9.4,0.7,-2.4000000000000004,-1.7,16
1123,18870.0,-0.1,0.0,-0.1,-1.6,2.5,9.4,0.2,-2.3,-1.6,16
1124,18885.0,-0.1,0.0,0.0,-1.6,2.5,9.5,0.30000000000000004,0.1,-1.4,16
1125,18901.0,-0.1,0.0,0.0,-1.6,2.5,9.5,0.9000000000000001,0.8,-0.8,16
1126,18918.0,0.0,-0.1,0.0,-1.6,2.5,9.5,1.3,0.4,-0.7,16
1127,18937.0,0.0,0.0,-0.1,-1.5,2.5,9.4,1.6,-1.1,-1.2000000000000002,16
1128,18951.0,0.0,0.0,-0.2,-1.6,2.5,9.3,1.3,-0.30000000000000004,-1.8000000000000003,16
1129,18968.0,-0.1,0.0,-0.2,-1.6,2.5,9.3,0.9000000000000001,0.5,-1.6,16
1130,18984.0,0.0,0.0,-0.1,-1.6,2.5,9.3,0.2,1.6,-0.7,16
1131,19001.0,0.0,0.0,-0.1,-1.6,2.5,9.3,-1.6,0.2,-0.5,16
1132,19018.0,-0.1,0.0,0.0,-1.6,2.5,9.4,-2.3,-0.7,-0.5,16
1133,19035.0,-0.1,0.1,0.1,-1.6,2.6,9.5,-2.5,-2.3,0.2,16
1134,19051.0,0.0,0.1,0.1,-1.6,2.6,9.5,-1.6,-0.8,0.8,16
1135,19076.0,0.1,0.0,0.1,-1.5,2.5,9.5,-0.5,1.7,0.4,16
1136,19084.0,0.0,0.1,0.1,-1.5,2.6,9.5,0.0,1.9,0.1,16
1137,19101.0,0.0,0.1,0.0,-1.6,2.6,9.4,-0.2,0.1,-0.30000000000000004,16
1138,19119.0,0.0,0.1,0.1,-1.6,2.6,9.5,-1.1,-0.6000000000000001,0.2,16
1139,19134.0,0.0,0.1,0.1,-1.6,2.6,9.600000000000001,-1.2000000000000002,0.2,0.6000000000000001,16
1140,19151.0,0.1,0.1,0.1,-1.5,2.6,9.600000000000001,0.0,0.5,1.2000000000000002,16
1141,19168.0,0.1,0.0,0.1,-1.4000000000000001,2.6,9.5,0.6000000000000001,-0.2,0.9000000000000001,16
1142,19185.0,0.1,0.1,-0.1,-1.4000000000000001,2.6,9.4,0.6000000000000001,-2.7,0.1,16
1143,19201.0,0.0,0.0,0.0,-1.5,2.6,9.4,-0.6000000000000001,-1.6,-0.7,16
1144,19219.0,0.0,0.0,0.1,-1.5,2.5,9.5,0.9000000000000001,2.2,0.30000000000000004,16
1145,19234.0,0.0,0.0,0.0,-1.5,2.5,9.5,1.6,2.9,0.8,16
1146,19252.0,0.1,0.0,-0.1,-1.4000000000000001,2.5,9.4,0.6000000000000001,1.6,0.30000000000000004,16
1147,19275.0,0.0,0.0,0.0,-1.5,2.5,9.5,-1.5,-2.2,-1.3,16
1148,19284.0,0.0,0.0,0.1,-1.5,2.5,9.5,-1.2000000000000002,-2.3,-1.8000000000000003,16
1149,19301.0,-0.1,0.0,0.1,-1.6,2.5,9.5,2.2,0.9000000000000001,-1.6,16
1150,19318.0,-0.2,0.0,-0.1,-1.6,2.5,9.200000000000001,3.9,2.2,-1.1,16
1151,19334.0,-0.1,0.0,-0.4,-1.6,2.6,9.0,3.7000000000000006,1.9,0.2,16
1152,19351.0,-0.1,0.0,-0.4,-1.7000000000000002,2.6,9.0,-0.4,1.0,0.8,16
1153,19368.0,-0.1,0.0,-0.30000000000000004,-1.6,2.6,9.200000000000001,-2.6,-0.1,1.3,16
1154,19384.0,0.0,0.0,-0.1,-1.5,2.5,9.3,-5.0,-0.9000000000000001,2.4000000000000004,16
1155,19401.0,0.1,0.0,0.1,-1.5,2.5,9.5,-4.800000000000001,0.9000000000000001,1.9,16
1156,19418.0,0.1,0.0,0.2,-1.5,2.5,9.700000000000001,-3.6000000000000005,1.3,1.1,16
1157,19434.0,0.0,0.0,0.30000000000000004,-1.5,2.5,9.700000000000001,-3.0,1.4,0.8,16
1158,19451.0,0.0,0.0,0.30000000000000004,-1.5,2.5,9.700000000000001,-1.4,0.2,0.8,16
1159,19468.0,0.1,0.1,0.2,-1.4000000000000001,2.6,9.700000000000001,-0.4,0.4,0.30000000000000004,16
1160,19484.0,0.1,0.0,0.30000000000000004,-1.4000000000000001,2.5,9.700000000000001,0.2,0.8,-0.2,16
1161,19501.0,0.1,0.1,0.2,-1.5,2.6,9.600000000000001,1.4,0.5,-0.8,16
1162,19517.0,0.1,0.1,0.1,-1.5,2.6,9.5,2.0,-0.2,-0.7,16
1163,19534.0,0.1,0.1,0.0,-1.4000000000000001,2.6,9.4,2.3,-0.30000000000000004,-0.6000000000000001,16
1164,19551.0,0.1,0.0,-0.1,-1.4000000000000001,2.6,9.4,2.1,1.1,-1.3,16
1165,19568.0,0.0,0.0,-0.1,-1.5,2.5,9.3,1.7,1.2000000000000002,-1.6,16
1166,19584.0,0.0,0.0,-0.1,-1.5,2.5,9.3,0.30000000000000004,0.30000000000000004,-1.4,16
1167,19601.0,0.0,-0.1,0.0,-1.6,2.5,9.4,-0.9000000000000001,-0.6000000000000001,-1.1,16
1168,19618.0,-0.1,0.0,0.1,-1.6,2.5,9.5,-0.9000000000000001,-0.2,-0.7,16
1169,19634.0,-0.1,-0.1,0.1,-1.6,2.5,9.5,0.0,-0.30000000000000004,-0.30000000000000004,16
1170,19651.0,0.0,-0.1,0.0,-1.6,2.4000000000000004,9.4,1.3,0.8,-0.5,16
1171,19675.0,0.0,0.0,-0.1,-1.5,2.5,9.4,0.8,1.0,-1.6,16
1172,19684.0,0.0,0.0,-0.1,-1.6,2.5,9.4,-0.1,0.5,-2.0,16
1173,19701.0,-0.2,0.0,0.0,-1.7000000000000002,2.5,9.5,-0.9000000000000001,-0.2,-1.8000000000000003,16
1174,19718.0,-0.1,0.0,0.0,-1.7000000000000002,2.5,9.4,0.1,0.2,-0.30000000000000004,16
1175,19734.0,-0.1,0.0,0.0,-1.6,2.5,9.4,0.7,0.30000000000000004,0.1,16
1176,19751.0,0.0,0.0,-0.1,-1.5,2.6,9.4,0.5,1.4,-0.7,16
1177,19769.0,-0.1,0.1,0.0,-1.7000000000000002,2.6,9.4,-0.30000000000000004,1.7,-0.8,16
1178,19785.0,-0.1,0.1,0.0,-1.7000000000000002,2.6,9.5,-0.30000000000000004,0.9000000000000001,-0.1,16
1179,19801.0,-0.1,0.0,0.0,-1.7000000000000002,2.6,9.5,-0.2,-0.5,1.5,16
1180,19818.0,0.0,0.0,0.0,-1.6,2.5,9.4,0.2,0.1,2.4000000000000004,16
1181,19834.0,0.1,0.0,-0.1,-1.5,2.5,9.4,0.1,0.6000000000000001,2.3,16
1182,19851.0,0.1,0.0,-0.1,-1.5,2.5,9.4,-0.8,1.1,1.2000000000000002,16
1183,19868.0,0.0,0.0,0.0,-1.6,2.5,9.4,-2.0,0.0,0.7,16
1184,19884.0,0.0,0.0,0.1,-1.6,2.5,9.5,-2.5,-0.30000000000000004,0.6000000000000001,16
1185,19901.0,0.0,-0.1,0.1,-1.5,2.4000000000000004,9.600000000000001,-1.1,0.0,0.9000000000000001,16
1186,19918.0,0.1,0.0,0.0,-1.5,2.5,9.4,0.6000000000000001,0.7,0.2,16
1187,19934.0,0.1,0.0,-0.1,-1.5,2.5,9.3,0.8,1.4,-0.30000000000000004,16
1188,19951.0,0.0,0.0,-0.1,-1.6,2.5,9.3,-0.2,1.4,-0.8,16
1189,19971.0,-0.1,0.0,-0.1,-1.7000000000000002,2.5,9.4,-2.2,1.4,0.0,16
1190,19985.0,0.0,0.0,0.0,-1.6,2.5,9.4,-2.8,0.2,0.6000000000000001,16
1191,20001.0,0.0,0.0,0.1,-1.6,2.5,9.5,-3.2,-0.9000000000000001,0.6000000000000001,16
1192,20018.0,0.0,0.0,0.1,-1.6,2.5,9.5,-1.8000000000000003,0.4,0.0,16
1193,20035.0,0.0,0.0,0.1,-1.6,2.5,9.5,-1.1,1.6,-0.1,16
1194,20051.0,-0.1,0.0,0.0,-1.7000000000000002,2.5,9.5,-0.7,1.3,0.5,16
1195,20068.0,0.0,-0.1,0.0,-1.6,2.4000000000000004,9.5,-1.7,-0.5,0.9000000000000001,16
1196,20084.0,0.0,0.0,0.0,-1.6,2.4000000000000004,9.5,-1.9,-1.7,0.9000000000000001,16
1197,20101.0,0.0,0.0,0.0,-1.6,2.4000000000000004,9.5,-1.8000000000000003,-1.6,0.7,16
1198,20118.0,0.0,0.0,0.1,-1.6,2.4000000000000004,9.5,0.0,0.0,0.6000000000000001,16
1199,20134.0,0.0,0.0,0.0,-1.6,2.5,9.5,0.7,0.7,0.9000000000000001,16
1200,20151.0,0.0,0.0,-0.1,-1.6,2.5,9.3,0.8,0.2,1.7,16
1201,20168.0,0.1,0.0,-0.2,-1.5,2.5,9.200000000000001,-1.4,-0.6000000000000001,1.4,16
1202,20184.0,0.0,0.0,-0.1,-1.5,2.5,9.3,-2.7,-0.6000000000000001,1.1,16
1203,20201.0,0.0,0.0,0.1,-1.6,2.5,9.5,-3.8,-0.30000000000000004,1.2000000000000002,16
1204,20218.0,0.0,0.0,0.2,-1.6,2.4000000000000004,9.700000000000001,-2.5,-0.5,2.5,16
1205,20234.0,0.1,0.0,0.2,-1.4000000000000001,2.4000000000000004,9.700000000000001,-1.9,-0.6000000000000001,2.8,16
1206,20251.0,0.2,0.0,0.2,-1.4000000000000001,2.4000000000000004,9.700000000000001,-0.5,-0.5,1.6,16
1207,20275.0,0.1,0.0,0.0,-1.4000000000000001,2.4000000000000004,9.5,0.8,-1.1,-0.1,16
1208,20285.0,0.1,0.0,0.0,-1.4000000000000001,2.4000000000000004,9.5,1.1,-0.7,-0.8,16
1209,20301.0,0.1,-0.1,-0.1,-1.5,2.4000000000000004,9.4,1.1,-0.1,-1.4,16
1210,20318.0,0.0,-0.1,-0.1,-1.6,2.4000000000000004,9.4,0.6000000000000001,0.5,-1.8000000000000003,16
1211,20334.0,-0.1,-0.1,0.0,-1.7000000000000002,2.4000000000000004,9.4,0.30000000000000004,0.0,-1.1,16
1212,20351.0,-0.1,0.0,-0.1,-1.6,2.4000000000000004,9.4,0.5,-0.8,-0.4,16
1213,20368.0,0.0,0.0,-0.1,-1.5,2.4000000000000004,9.3,-0.1,-0.7,0.0,16
1214,20384.0,0.0,0.0,-0.1,-1.6,2.4000000000000004,9.3,-1.5,-0.8,-0.6000000000000001,16
1215,20401.0,-0.1,0.0,0.0,-1.6,2.4000000000000004,9.4,-2.0,-0.8,-0.7,16
1216,20418.0,-0.1,0.0,0.0,-1.7000000000000002,2.4000000000000004,9.5,-2.0,0.0,0.30000000000000004,16
1217,20434.0,0.0,0.0,0.0,-1.6,2.4000000000000004,9.5,-2.0,-0.5,1.4,16
1218,20451.0,0.0,0.0,0.0,-1.5,2.4000000000000004,9.5,-2.3,-0.9000000000000001,1.2000000000000002,16
1219,20467.0,0.1,0.0,0.2,-1.5,2.4000000000000004,9.600000000000001,-2.8,-0.8,0.2,16
1220,20484.0,0.0,0.0,0.2,-1.5,2.4000000000000004,9.700000000000001,-1.1,0.4,-0.5,16
1221,20501.0,0.0,0.0,0.1,-1.6,2.4000000000000004,9.600000000000001,-0.2,0.1,-0.30000000000000004,16
1222,20517.0,0.1,0.0,0.0,-1.5,2.4000000000000004,9.5,0.4,-0.6000000000000001,-0.6000000000000001,16
1223,20534.0,0.0,0.0,0.0,-1.5,2.4000000000000004,9.5,0.0,0.5,-0.6000000000000001,16
1224,20551.0,0.0,0.0,0.0,-1.5,2.4000000000000004,9.5,0.0,0.4,-0.30000000000000004,16
1225,20568.0,0.1,0.0,0.0,-1.5,2.4000000000000004,9.5,-0.5,-1.0,0.0,16
1226,20587.0,0.1,0.0,0.0,-1.5,2.4000000000000004,9.5,-0.30000000000000004,-0.5,-0.7,16
1227,20602.0,0.0,0.0,0.1,-1.6,2.4000000000000004,9.600000000000001,0.2,0.0,-0.8,16
1228,20618.0,-0.1,0.0,0.0,-1.6,2.4000000000000004,9.5,0.8,0.8,-0.2,16
1229,20634.0,0.0,0.0,0.0,-1.5,2.4000000000000004,9.5,0.0,-0.9000000000000001,0.5,16
1230,20651.0,0.0,0.0,0.0,-1.5,2.4000000000000004,9.5,-0.5,-1.4,0.1,16
1231,20668.0,0.0,0.0,0.1,-1.5,2.4000000000000004,9.600000000000001,0.2,-1.3,-0.7,16
1232,20684.0,-0.1,0.0,0.0,-1.6,2.4000000000000004,9.5,1.3,0.30000000000000004,-0.8,16
1233,20701.0,-0.1,0.0,0.0,-1.6,2.4000000000000004,9.5,1.6,0.6000000000000001,-0.6000000000000001,16
1234,20718.0,0.0,0.0,0.0,-1.6,2.4000000000000004,9.5,1.0,0.2,-0.5,16
1235,20734.0,0.0,0.0,0.0,-1.6,2.4000000000000004,9.4,0.9000000000000001,-0.30000000000000004,-0.8,16
1236,20751.0,0.0,0.0,0.0,-1.6,2.4000000000000004,9.5,1.3,-0.2,-0.8,16
1237,20768.0,0.0,0.0,-0.1,-1.6,2.4000000000000004,9.3,1.2000000000000002,0.7,-0.1,16
1238,20785.0,0.0,0.0,-0.1,-1.6,2.4000000000000004,9.4,-0.6000000000000001,1.1,0.7,16
1239,20804.0,0.0,0.0,0.1,-1.5,2.4000000000000004,9.600000000000001,-1.9,-0.2,0.8,16
1240,20818.0,0.0,0.0,0.2,-1.5,2.4000000000000004,9.600000000000001,-1.6,-0.9000000000000001,0.6000000000000001,16
1241,20835.0,0.0,0.0,0.1,-1.5,2.4000000000000004,9.600000000000001,0.6000000000000001,-1.3,0.8,16
1242,20851.0,0.1,0.0,0.1,-1.4000000000000001,2.4000000000000004,9.5,1.6,-0.6000000000000001,0.8,16
1243,20874.0,0.1,0.0,0.0,-1.5,2.4000000000000004,9.5,1.9,1.5,0.1,16
1244,20884.0,0.0,-0.1,0.0,-1.5,2.3000000000000003,9.5,1.7,0.6000000000000001,-0.8,16
1245,20901.0,0.0,0.0,0.0,-1.6,2.4000000000000004,9.5,1.6,-0.2,-0.8,16
1246,20918.0,0.0,0.0,0.0,-1.5,2.4000000000000004,9.5,1.6,-1.6,-0.30000000000000004,16
1247,20934.0,-0.1,0.0,0.0,-1.6,2.4000000000000004,9.5,1.4,-0.2,0.0,16
1248,20951.0,0.0,0.0,0.0,-1.5,2.4000000000000004,9.5,1.6,0.0,0.1,16
1249,20968.0,0.0,0.0,-0.1,-1.5,2.5,9.4,2.6,-0.2,0.4,16
1250,20984.0,0.0,0.0,-0.2,-1.5,2.4000000000000004,9.3,2.0,-0.2,0.1,16
1251,21001.0,0.0,0.0,-0.2,-1.6,2.4000000000000004,9.3,0.2,0.0,-0.30000000000000004,16
1252,21017.0,0.0,0.0,-0.1,-1.6,2.4000000000000004,9.4,-0.7,0.4,0.1,16
1253,21034.0,0.0,0.0,0.1,-1.6,2.4000000000000004,9.5,-1.3,0.30000000000000004,0.8,16
1254,21051.0,0.0,0.0,0.1,-1.5,2.4000000000000004,9.5,-0.2,0.5,0.9000000000000001,16
1255,21068.0,0.1,-0.1,0.0,-1.4000000000000001,2.4000000000000004,9.5,0.4,-0.1,0.8,16
1256,21084.0,0.1,0.0,0.0,-1.5,2.4000000000000004,9.5,0.2,0.0,-0.9000000000000001,16
1257,21101.0,0.0,0.0,0.1,-1.5,2.4000000000000004,9.600000000000001,0.2,-0.1,-1.4,16
1258,21118.0,0.0,0.0,0.1,-1.6,2.4000000000000004,9.5,1.4,0.9000000000000001,-1.9,16
1259,21135.0,-0.1,0.0,-0.1,-1.7000000000000002,2.4000000000000004,9.4,2.5,0.8,-1.3,16
1260,21152.0,-0.1,0.0,-0.2,-1.6,2.5,9.3,1.9,0.7,-0.2,16
1261,21178.0,-0.1,0.0,-0.2,-1.6,2.4000000000000004,9.3,-0.30000000000000004,0.6000000000000001,0.8,16
1262,21185.0,0.0,0.1,-0.2,-1.6,2.5,9.3,-1.6,-0.30000000000000004,1.1,16
1263,21201.0,-0.1,0.0,0.0,-1.6,2.5,9.5,-2.8,-1.1,1.1,16
1264,21217.0,-0.1,0.0,0.1,-1.6,2.5,9.600000000000001,-2.2,-0.8,1.2000000000000002,16
1265,21234.0,0.0,0.0,0.1,-1.6,2.4000000000000004,9.600000000000001,0.2,0.5,1.7,16
1266,21251.0,-0.1,0.0,0.0,-1.7000000000000002,2.4000000000000004,9.4,1.1,1.6,2.0,16
1267,21268.0,0.0,0.0,-0.1,-1.6,2.5,9.4,0.8,0.8,2.1,16
1268,21285.0,0.1,0.0,0.0,-1.5,2.4000000000000004,9.4,-1.1,0.6000000000000001,1.5,16
1269,21301.0,0.1,-0.1,0.0,-1.5,2.4000000000000004,9.4,-1.3,-0.4,0.7,16
1270,21318.0,0.0,-0.1,0.0,-1.5,2.4000000000000004,9.5,-1.4,0.0,0.1,16
1271,21334.0,0.0,0.0,0.1,-1.6,2.4000000000000004,9.5,-1.0,0.30000000000000004,0.1,16
1272,21351.0,0.0,0.0,0.1,-1.5,2.4000000000000004,9.600000000000001,-0.1,1.8000000000000003,0.6000000000000001,16
1273,21367.0,0.0,0.0,0.1,-1.5,2.4000000000000004,9.5,0.1,1.3,0.5,16
1274,21385.0,0.1,0.1,0.0,-1.5,2.5,9.5,-0.30000000000000004,-0.6000000000000001,0.1,16
1275,21401.0,0.0,0.1,0.0,-1.5,2.5,9.5,0.0,-0.5,-0.30000000000000004,16
1276,21417.0,0.0,0.1,0.0,-1.5,2.5,9.5,0.2,0.1,-0.2,16
1277,21434.0,0.0,0.0,0.0,-1.6,2.5,9.4,0.5,1.1,-0.1,16
1278,21451.0,0.0,0.1,-0.1,-1.6,2.5,9.4,-0.2,0.9000000000000001,0.2,16
1279,21468.0,-0.1,0.1,0.0,-1.6,2.5,9.4,-0.9000000000000001,0.9000000000000001,0.5,16
1280,21486.0,0.0,0.0,0.1,-1.6,2.4000000000000004,9.5,-1.3,-0.1,1.4,16
1281,21501.0,0.0,0.0,0.1,-1.5,2.4000000000000004,9.600000000000001,-0.30000000000000004,0.5,0.9000000000000001,16
1282,21517.0,0.1,0.0,0.1,-1.5,2.4000000000000004,9.600000000000001,0.0,-0.30000000000000004,0.4,16
1283,21534.0,0.0,0.0,0.0,-1.6,2.4000000000000004,9.5,0.30000000000000004,0.0,-0.8,16
1284,21551.0,-0.1,0.0,0.0,-1.6,2.4000000000000004,9.5,0.9000000000000001,0.9000000000000001,-0.5,16
1285,21568.0,-0.1,0.0,0.0,-1.7000000000000002,2.5,9.5,1.0,1.3,0.0,16
1286,21584.0,0.0,0.0,0.0,-1.6,2.5,9.4,0.8,-0.5,1.3,16
1287,21601.0,0.1,0.0,-0.1,-1.4000000000000001,2.5,9.4,0.0,-0.5,0.7,16
1288,21618.0,0.1,0.0,-0.1,-1.5,2.4000000000000004,9.4,0.1,0.2,-0.2,16
1289,21634.0,0.0,0.0,-0.1,-1.6,2.5,9.4,0.6000000000000001,0.6000000000000001,-0.30000000000000004,16
1290,21651.0,0.0,0.0,-0.1,-1.6,2.5,9.3,-0.30000000000000004,0.30000000000000004,0.6000000000000001,16
1291,21668.0,0.1,0.0,0.0,-1.5,2.5,9.5,-1.3,0.7,1.0,16
1292,21685.0,0.1,0.0,0.1,-1.5,2.4000000000000004,9.5,-2.2,0.30000000000000004,0.9000000000000001,16
1293,21701.0,0.1,0.0,0.2,-1.5,2.4000000000000004,9.600000000000001,-1.2000000000000002,-1.3,0.0,16
1294,21718.0,0.1,0.0,0.1,-1.5,2.5,9.600000000000001,-0.30000000000000004,-1.3,-0.4,16
1295,21734.0,0.0,0.1,0.1,-1.6,2.5,9.5,1.7,0.2,-1.1,16
1296,21751.0,-0.1,0.1,0.0,-1.6,2.5,9.5,2.2,0.6000000000000001,-0.8,16
1297,21770.0,-0.1,0.1,-0.1,-1.6,2.5,9.3,2.2,0.6000000000000001,-0.4,16
1298,21784.0,0.0,0.1,-0.2,-1.5,2.5,9.3,1.3,-0.9000000000000001,0.5,16
1299,21801.0,0.1,0.0,-0.1,-1.5,2.5,9.3,-1.0,-0.5,0.4,16
1300,21817.0,0.0,0.0,0.1,-1.6,2.5,9.5,-1.9,-0.30000000000000004,0.2,16
1301,21834.0,0.0,0.0,0.1,-1.6,2.5,9.600000000000001,-1.4,-1.1,0.6000000000000001,16
1302,21851.0,0.0,0.0,0.0,-1.5,2.4000000000000004,9.5,-0.2,-4.2,1.4,16
1303,21868.0,0.1,0.0,0.0,-1.4000000000000001,2.5,9.5,-1.0,-3.3000000000000007,0.2,16
1304,21885.0,0.0,0.0,0.1,-1.5,2.5,9.600000000000001,-1.0,-0.8,-0.9000000000000001,16
1305,21901.0,-0.1,0.0,0.2,-1.7000000000000002,2.4000000000000004,9.700000000000001,2.0,2.4000000000000004,-1.6,16
1306,21917.0,-0.1,0.0,-0.1,-1.7000000000000002,2.5,9.4,3.8,1.0,-0.8,16
1307,21934.0,-0.1,0.0,-0.2,-1.7000000000000002,2.5,9.3,2.8,-0.5,-0.30000000000000004,16
1308,21951.0,-0.2,0.0,-0.2,-1.7000000000000002,2.5,9.3,-0.9000000000000001,-2.2,0.6000000000000001,16
1309,21968.0,-0.1,0.0,0.0,-1.6,2.5,9.5,-3.4,-4.2,1.7,16
1310,21985.0,-0.1,0.0,0.1,-1.6,2.5,9.600000000000001,-3.2,-2.7,1.5,16
1311,22001.0,0.0,0.0,0.2,-1.6,2.5,9.700000000000001,0.4,1.0,1.5,16
1312,22017.0,0.0,0.0,0.1,-1.6,2.5,9.5,3.4,1.6,1.9,16
1313,22034.0,0.0,0.0,-0.2,-1.5,2.5,9.3,3.4,0.6000000000000001,2.0,16
1314,22051.0,0.1,0.0,-0.2,-1.5,2.5,9.200000000000001,1.1,-0.9000000000000001,1.9,16
1315,22076.0,0.1,0.0,-0.2,-1.4000000000000001,2.5,9.3,-0.9000000000000001,-1.0,2.0,16
1316,22085.0,0.1,0.0,-0.1,-1.4000000000000001,2.5,9.3,-1.3,-0.7,1.9,16
1317,22101.0,0.1,0.0,0.0,-1.4000000000000001,2.4000000000000004,9.5,-1.4,-0.1,1.4,16
1318,22117.0,0.1,0.0,0.0,-1.4000000000000001,2.4000000000000004,9.5,-0.6000000000000001,-0.30000000000000004,0.9000000000000001,16
1319,22134.0,0.1,0.0,0.1,-1.4000000000000001,2.4000000000000004,9.5,-0.6000000000000001,-0.8,0.8,16
1320,22151.0,0.1,0.0,0.1,-1.4000000000000001,2.4000000000000004,9.600000000000001,-0.5,-0.30000000000000004,0.0,16
1321,22168.0,0.2,0.0,0.1,-1.3,2.4000000000000004,9.600000000000001,0.0,-0.30000000000000004,-0.30000000000000004,16
1322,22184.0,0.2,0.0,0.1,-1.3,2.4000000000000004,9.600000000000001,0.2,-0.2,-0.8,16
1323,22201.0,0.2,0.0,0.1,-1.3,2.4000000000000004,9.600000000000001,0.8,-0.9000000000000001,-2.1,16
1324,22219.0,0.0,0.0,0.0,-1.5,2.4000000000000004,9.5,1.9,-1.1,-3.2,16
1325,22234.0,0.0,0.0,0.0,-1.5,2.5,9.5,2.2,-0.9000000000000001,-3.3000000000000007,16
1326,22251.0,-0.1,0.0,0.0,-1.6,2.5,9.5,2.0,0.30000000000000004,-2.9,16
1327,22267.0,0.0,0.1,0.0,-1.5,2.5,9.5,2.2,0.2,-2.2,16
1328,22284.0,-0.1,0.1,0.0,-1.6,2.6,9.4,2.5,0.0,-2.2,16
1329,22303.0,-0.1,0.1,-0.2,-1.7000000000000002,2.6,9.3,2.0,-1.3,-1.6,16
1330,22320.0,-0.1,0.1,-0.1,-1.6,2.6,9.3,0.30000000000000004,-0.8,-0.30000000000000004,16
1331,22334.0,-0.1,0.0,-0.1,-1.5,2.5,9.4,-0.2,-0.1,0.4,16
1332,22351.0,0.0,0.0,0.0,-1.5,2.5,9.5,-0.30000000000000004,-0.2,0.8,16
1333,22368.0,0.0,0.0,0.0,-1.5,2.5,9.5,0.1,-0.8,0.1,16
1334,22385.0,0.1,0.0,0.0,-1.4000000000000001,2.4000000000000004,9.5,0.30000000000000004,-1.0,-0.2,16
1335,22401.0,0.1,-0.1,-0.1,-1.4000000000000001,2.4000000000000004,9.4,1.4,-0.2,-0.7,16
1336,22418.0,0.1,0.0,-0.2,-1.4000000000000001,2.5,9.3,1.2000000000000002,1.4,-1.0,16
1337,22434.0,0.1,0.0,0.0,-1.4000000000000001,2.5,9.4,0.0,1.6,-1.1,16
1338,22451.0,0.1,0.0,0.1,-1.4000000000000001,2.5,9.5,-2.6,-0.1,-1.2000000000000002,16
1339,22467.0,0.1,-0.1,0.2,-1.4000000000000001,2.4000000000000004,9.700000000000001,-2.1,-1.7,-1.7,16
1340,22484.0,0.1,0.0,0.2,-1.5,2.5,9.700000000000001,-0.9000000000000001,-1.9,-2.3,16
1341,22501.0,0.0,0.0,0.1,-1.5,2.5,9.600000000000001,1.8000000000000003,-0.2,-3.2,16
1342,22517.0,-0.2,0.1,0.1,-1.7000000000000002,2.6,9.600000000000001,3.0,1.4,-2.2,16
1343,22534.0,-0.1,0.0,-0.1,-1.6,2.5,9.4,3.3000000000000007,1.1,-1.4,16
1344,22551.0,0.0,0.0,-0.2,-1.5,2.6,9.3,2.7,-0.9000000000000001,-0.2,16
1345,22571.0,0.0,0.0,-0.2,-1.5,2.5,9.3,0.2,-1.3,-0.7,16
1346,22585.0,-0.1,0.0,0.0,-1.6,2.5,9.4,-1.1,-0.9000000000000001,-0.1,16
1347,22601.0,-0.1,0.0,0.1,-1.6,2.5,9.5,-0.8,-0.8,0.5,16
1348,22617.0,0.0,-0.1,0.1,-1.6,2.5,9.5,0.9000000000000001,-0.2,1.5,16
1349,22634.0,0.0,0.0,0.0,-1.5,2.5,9.4,1.5,0.2,1.0,16
1350,22651.0,0.0,0.0,0.0,-1.5,2.5,9.4,1.3,-0.2,0.6000000000000001,16
1351,22670.0,-0.1,0.0,-0.1,-1.6,2.5,9.4,0.9000000000000001,-1.1,0.0,16
1352,22685.0,-0.1,0.0,-0.1,-1.6,2.5,9.4,1.2000000000000002,-0.2,0.5,16
1353,22701.0,-0.1,0.0,-0.1,-1.6,2.5,9.4,1.5,0.7,0.8,16
1354,22718.0,-0.1,0.0,-0.1,-1.6,2.5,9.3,1.4,1.1,1.5,16
1355,22734.0,0.0,0.0,-0.2,-1.5,2.6,9.3,-0.30000000000000004,-0.2,2.1,16
1356,22751.0,0.0,0.0,-0.2,-1.5,2.5,9.3,-1.4,-0.2,2.0,16
1357,22769.0,0.0,0.0,0.0,-1.5,2.5,9.4,-2.4000000000000004,0.0,2.3,16
1358,22784.0,0.0,0.0,0.1,-1.5,2.5,9.5,-1.5,0.9000000000000001,2.6,16
1359,22801.0,0.0,0.0,0.0,-1.5,2.5,9.5,-1.1,0.8,3.1,16
1360,22817.0,0.1,0.0,0.0,-1.4000000000000001,2.5,9.5,-0.8,-0.30000000000000004,3.3000000000000007,16
1361,22834.0,0.1,0.0,0.0,-1.4000000000000001,2.5,9.5,-1.0,0.0,2.9,16
1362,22851.0,0.2,0.0,0.0,-1.3,2.5,9.4,-0.9000000000000001,-0.2,2.7,16
1363,22868.0,0.1,0.0,0.0,-1.3,2.5,9.4,-0.6000000000000001,0.30000000000000004,2.0,16
1364,22884.0,0.1,0.0,0.0,-1.4000000000000001,2.5,9.4,-0.6000000000000001,0.6000000000000001,1.4,16
1365,22901.0,0.1,0.0,0.0,-1.4000000000000001,2.5,9.4,-0.8,0.6000000000000001,1.3,16
1366,22918.0,0.1,0.0,0.0,-1.4000000000000001,2.5,9.4,-1.2000000000000002,-0.2,1.6,16
1367,22935.0,0.1,0.0,0.0,-1.3,2.5,9.5,-1.5,-0.6000000000000001,1.5,16
1368,22952.0,0.2,0.0,0.1,-1.3,2.5,9.5,-1.4,-0.30000000000000004,1.1,16
1369,22968.0,0.1,0.0,0.0,-1.3,2.5,9.5,-0.6000000000000001,0.4,-0.2,16
1370,22984.0,0.1,0.0,0.0,-1.4000000000000001,2.5,9.5,-0.6000000000000001,0.0,-0.7,16
1371,23001.0,0.1,0.0,0.0,-1.4000000000000001,2.5,9.5,-0.8,-0.5,-0.9000000000000001,16
1372,23017.0,0.0,0.0,0.1,-1.4000000000000001,2.5,9.5,-1.0,-0.30000000000000004,-1.1,16
1373,23034.0,0.0,0.0,0.0,-1.5,2.5,9.5,0.0,0.30000000000000004,-0.7,16
1374,23051.0,0.0,0.0,0.0,-1.4000000000000001,2.5,9.5,0.1,0.30000000000000004,-0.30000000000000004,16
1375,23068.0,0.1,0.0,0.0,-1.4000000000000001,2.5,9.4,-0.7,-0.1,-0.6000000000000001,16
1376,23084.0,0.0,0.0,0.0,-1.4000000000000001,2.5,9.5,-1.8000000000000003,-1.2000000000000002,-1.6,16
1377,23101.0,-0.1,0.0,0.1,-1.6,2.5,9.600000000000001,-1.7,-1.5,-1.9,16
1378,23117.0,-0.2,0.0,0.2,-1.6,2.5,9.600000000000001,0.2,0.0,-1.6,16
1379,23134.0,-0.1,0.0,0.0,-1.5,2.5,9.4,2.2,1.4,-0.1,16
1380,23151.0,-0.1,0.0,-0.1,-1.5,2.5,9.3,0.1,0.4,-0.1,16
1381,23170.0,0.0,0.0,-0.1,-1.5,2.5,9.4,-1.6,-0.9000000000000001,-0.8,16
1382,23185.0,-0.1,0.0,0.2,-1.5,2.5,9.600000000000001,-2.2,-1.1,-1.3,16
1383,23204.0,-0.1,0.0,0.2,-1.6,2.5,9.600000000000001,0.8,0.2,-0.30000000000000004,16
1384,23217.0,0.0,0.0,0.1,-1.5,2.5,9.5,1.9,0.5,0.0,16
1385,23235.0,0.0,0.0,-0.1,-1.4000000000000001,2.5,9.4,2.5,0.5,-0.5,16
1386,23252.0,0.0,0.0,-0.2,-1.5,2.5,9.3,2.0,0.6000000000000001,-0.8,16
1387,23269.0,0.0,0.0,-0.2,-1.5,2.5,9.200000000000001,0.2,0.7,-0.30000000000000004,16
1388,23284.0,-0.1,0.0,-0.1,-1.6,2.5,9.4,-2.3,0.30000000000000004,0.5,16
1389,23301.0,0.0,0.0,0.0,-1.5,2.4000000000000004,9.5,-3.6000000000000005,-0.5,1.5,16
1390,23317.0,0.0,0.0,0.1,-1.4000000000000001,2.4000000000000004,9.600000000000001,-3.1,-1.1,1.7,16
1391,23335.0,0.1,0.0,0.2,-1.4000000000000001,2.4000000000000004,9.600000000000001,-0.7,0.1,0.7,16
1392,23351.0,0.0,0.0,0.0,-1.5,2.5,9.5,1.3,1.6,-0.6000000000000001,16
1393,23368.0,0.0,0.0,0.0,-1.5,2.5,9.4,1.4,2.6,-0.7,16
1394,23384.0,-0.1,0.0,0.0,-1.5,2.5,9.4,-0.30000000000000004,1.4,-0.1,16
1395,23401.0,0.0,0.0,0.0,-1.4000000000000001,2.5,9.5,-1.6,-0.5,0.30000000000000004,16
1396,23417.0,0.1,0.0,0.0,-1.4000000000000001,2.5,9.5,-1.7,-0.5,0.0,16
1397,23434.0,0.1,0.0,0.1,-1.4000000000000001,2.5,9.5,-1.0,0.0,-0.8,16
1398,23451.0,0.0,0.0,0.1,-1.5,2.5,9.5,-0.1,1.3,-1.1,16
1399,23468.0,0.0,0.0,0.0,-1.5,2.5,9.5,0.5,1.7,-1.4,16
1400,23484.0,0.0,0.0,0.0,-1.5,2.5,9.5,0.9000000000000001,1.9,-1.2000000000000002,16
1401,23501.0,0.0,0.0,-0.1,-1.5,2.4000000000000004,9.4,0.5,-0.1,-0.8,16
1402,23518.0,0.0,0.0,-0.1,-1.5,2.5,9.4,-0.4,0.1,-0.8,16
1403,23534.0,-0.1,0.0,0.0,-1.6,2.5,9.5,-1.4,0.6000000000000001,-0.8,16
1404,23551.0,-0.1,0.0,0.0,-1.6,2.4000000000000004,9.5,-0.6000000000000001,0.9000000000000001,-0.2,16
1405,23568.0,-0.1,0.0,0.1,-1.6,2.5,9.5,-0.4,1.0,0.1,16
1406,23584.0,-0.1,0.0,0.0,-1.6,2.4000000000000004,9.5,-0.2,0.0,0.1,16
1407,23601.0,-0.1,0.0,-0.1,-1.6,2.4000000000000004,9.4,0.0,0.7,0.1,16
1408,23617.0,-0.1,0.0,-0.1,-1.6,2.5,9.4,0.30000000000000004,0.5,0.4,16
1409,23634.0,-0.1,0.0,-0.1,-1.6,2.5,9.3,-0.2,1.5,0.8,16
1410,23651.0,-0.1,0.0,-0.1,-1.6,2.4000000000000004,9.4,-1.0,0.9000000000000001,1.2000000000000002,16
1411,23667.0,0.0,0.0,-0.1,-1.6,2.5,9.4,-1.4,0.7,1.3,16
1412,23684.0,0.0,0.0,0.0,-1.5,2.5,9.5,-2.2,0.6000000000000001,1.7,16
1413,23701.0,0.1,0.0,0.1,-1.5,2.4000000000000004,9.5,-1.9,0.6000000000000001,2.0,16
1414,23717.0,0.1,0.0,0.1,-1.4000000000000001,2.4000000000000004,9.5,-1.7,0.6000000000000001,2.0,16
1415,23734.0,0.1,0.0,0.1,-1.4000000000000001,2.4000000000000004,9.600000000000001,-1.7,0.4,1.0,16
1416,23751.0,0.1,0.0,0.2,-1.5,2.4000000000000004,9.700000000000001,-1.0,0.0,0.4,16
1417,23767.0,0.1,0.0,0.2,-1.5,2.4000000000000004,9.700000000000001,-0.2,0.0,0.30000000000000004,16
1418,23784.0,0.1,0.0,0.1,-1.4000000000000001,2.4000000000000004,9.600000000000001,1.9,-0.30000000000000004,0.0,16
1419,23801.0,0.1,0.1,0.0,-1.5,2.5,9.5,2.0,0.2,-1.1,16
1420,23817.0,0.0,0.0,0.0,-1.5,2.4000000000000004,9.4,1.8000000000000003,0.2,-1.4,16
1421,23834.0,0.0,0.0,-0.2,-1.5,2.4000000000000004,9.3,1.9,-0.2,-0.8,16
1422,23851.0,0.0,0.0,-0.30000000000000004,-1.5,2.4000000000000004,9.200000000000001,0.6000000000000001,0.6000000000000001,-0.4,16
1423,23871.0,0.0,0.0,-0.1,-1.5,2.4000000000000004,9.3,-1.7,0.6000000000000001,-0.2,16
1424,23884.0,0.0,0.0,0.0,-1.5,2.4000000000000004,9.5,-2.2,0.30000000000000004,-0.4,16
1425,23901.0,-0.1,-0.1,0.0,-1.6,2.4000000000000004,9.5,-0.9000000000000001,-0.30000000000000004,-0.5,16
1426,23917.0,-0.1,0.0,0.1,-1.7000000000000002,2.5,9.5,-0.4,-0.2,-0.1,16
1427,23934.0,-0.1,0.0,0.0,-1.6,2.5,9.5,-0.2,0.9000000000000001,0.1,16
1428,23951.0,-0.1,0.0,0.0,-1.6,2.4000000000000004,9.4,-0.30000000000000004,1.9,0.0,16
1429,23967.0,-0.2,0.0,-0.1,-1.7000000000000002,2.5,9.4,-1.6,1.9,-0.1,16
1430,23984.0,-0.30000000000000004,0.0,0.0,-1.9000000000000001,2.5,9.4,-2.8,1.5,0.2,16
1431,24001.0,-0.5,0.0,0.1,-2.1,2.4000000000000004,9.600000000000001,-4.5,1.9,1.9,16
1432,24018.0,-0.5,0.1,0.2,-2.1,2.5,9.700000000000001,-7.200000000000001,1.4,5.4,16
1433,24034.0,-0.5,0.2,0.30000000000000004,-2.1,2.6,9.8,-9.5,0.9000000000000001,6.1000000000000005,16
1434,24051.0,-0.8,0.2,0.9,-2.4000000000000004,2.6,10.4,-10.5,3.7000000000000006,5.9,16
1435,24068.0,-1.2000000000000002,0.5,1.3,-2.9000000000000004,2.8000000000000003,10.8,-8.2,9.899999999999999,9.0,16
1436,24084.0,-1.3,0.5,1.5,-3.0,2.8000000000000003,11.0,-6.1000000000000005,9.700000000000001,11.3,16
1437,24101.0,-1.7000000000000002,0.6000000000000001,1.6,-3.4000000000000004,2.9000000000000004,11.100000000000001,-0.9000000000000001,8.100000000000001,17.400000000000002,16
1438,24117.0,-1.7000000000000002,0.30000000000000004,1.4000000000000001,-3.4000000000000004,2.7,10.9,6.2,0.9000000000000001,25.8,16
1439,24135.0,-1.5,0.2,1.0,-3.2,2.6,10.600000000000001,10.5,-1.5,30.000000000000004,16
1440,24151.0,-1.1,0.0,0.1,-2.8000000000000003,2.4000000000000004,9.700000000000001,19.700000000000003,-2.3,35.3,16
1441,24168.0,-1.0,-0.2,-0.30000000000000004,-2.6,2.3000000000000003,9.200000000000001,23.0,0.7,37.1,16
1442,24184.0,-0.6000000000000001,-0.4,-1.2000000000000002,-2.3000000000000003,2.2,8.3,24.1,10.200000000000001,39.0,16
1443,24201.0,-0.30000000000000004,-0.7000000000000001,-1.5,-2.0,2.0,8.0,18.200000000000003,13.5,39.300000000000004,16
1444,24217.0,-0.1,-1.0,-1.4000000000000001,-1.7000000000000002,1.8,8.0,9.899999999999999,10.299999999999999,37.50000000000001,16
1445,24234.0,-0.1,-1.0,-1.1,-1.7000000000000002,1.8,8.3,6.1000000000000005,7.500000000000001,35.599999999999994,16
1446,24251.0,-0.2,-1.0,-0.8,-1.8,1.8,8.6,-0.6000000000000001,-4.4,33.300000000000004,16
1447,24268.0,0.0,-0.6000000000000001,-0.4,-1.6,2.1,9.0,-5.7,-0.5,37.400000000000006,16
1448,24284.0,0.1,-0.7000000000000001,-0.1,-1.5,2.1,9.3,-7.1000000000000005,6.9,38.60000000000001,16
1449,24301.0,0.6000000000000001,-0.6000000000000001,0.8,-1.0,2.2,10.200000000000001,-3.2,29.900000000000006,38.2,16
1450,24317.0,1.1,-0.7000000000000001,1.6,-0.6000000000000001,2.1,11.0,13.399999999999999,48.50000000000001,32.2,16
1451,24334.0,1.2000000000000002,-0.7000000000000001,1.6,-0.6000000000000001,2.2,10.9,24.900000000000002,56.7,28.0,16
1452,24351.0,1.1,-0.6000000000000001,0.6000000000000001,-0.8,2.4000000000000004,9.9,46.199999999999996,58.0,25.0,16
1453,24367.0,1.2000000000000002,-0.6000000000000001,-0.6000000000000001,-0.9,2.6,8.6,50.0,49.699999999999996,26.5,16
1454,24384.0,1.1,-0.5,-1.0,-1.0,2.8000000000000003,8.1,44.9,41.4,27.700000000000003,16
1455,24401.0,0.8,-0.4,-1.2000000000000002,-1.3,3.0,7.800000000000001,25.7,23.0,32.9,16
1456,24418.0,0.7000000000000001,-0.4,-1.0,-1.5,3.1,8.0,3.9,9.100000000000001,40.2,16
1457,24434.0,0.6000000000000001,-0.4,-0.8,-1.5,3.1,8.3,-7.300000000000001,5.300000000000001,44.9,16
1458,24451.0,0.5,-0.4,0.2,-1.6,3.0,9.200000000000001,-29.600000000000005,3.0,52.1,16
1459,24468.0,0.1,-0.6000000000000001,1.9000000000000001,-1.9000000000000001,2.7,11.0,-41.7,2.4000000000000004,56.50000000000001,16
1460,24485.0,0.0,-0.8,2.6,-1.9000000000000001,2.3000000000000003,12.200000000000001,-39.50000000000001,1.1,58.1,16
1461,24501.0,0.2,-0.9,3.2,-1.7000000000000002,2.3000000000000003,12.4,-22.4,-0.8,59.40000000000001,16
1462,24517.0,0.6000000000000001,-0.9,2.4000000000000004,-1.2000000000000002,2.3000000000000003,11.600000000000001,-0.2,2.5,60.00000000000001,16
1463,24534.0,0.8,-0.8,1.7000000000000002,-1.0,2.4000000000000004,11.0,6.300000000000001,6.9,59.300000000000004,16
1464,24551.0,0.9,-0.8,0.5,-0.8,2.5,9.700000000000001,8.899999999999999,14.300000000000002,54.800000000000004,16
1465,24567.0,0.8,-0.7000000000000001,0.0,-0.9,2.6,9.200000000000001,2.2,16.4,49.4,16
1466,24584.0,0.7000000000000001,-0.7000000000000001,-0.1,-1.2000000000000002,2.7,9.1,-2.2,16.0,47.7,16
1467,24604.0,0.6000000000000001,-0.7000000000000001,-0.1,-1.2000000000000002,2.7,9.1,-8.8,15.8,47.80000000000001,16
1468,24620.0,0.6000000000000001,-0.7000000000000001,-0.1,-1.2000000000000002,2.7,9.1,-10.5,19.1,48.2,16
1469,24634.0,0.6000000000000001,-0.8,-0.1,-1.2000000000000002,2.6,9.1,-6.4,20.3,46.300000000000004,16
1470,24651.0,0.7000000000000001,-0.8,-0.30000000000000004,-1.1,2.5,8.9,-1.9,19.1,44.5,16
1471,24667.0,0.8,-0.8,-1.0,-1.0,2.6,8.200000000000001,8.2,19.0,39.0,16
1472,24684.0,0.8,-0.8,-1.8,-1.0,2.7,7.300000000000001,13.8,23.0,33.400000000000006,16
1473,24701.0,0.8,-0.7000000000000001,-2.2,-1.0,2.8000000000000003,6.9,13.399999999999999,25.8,30.799999999999997,16
1474,24719.0,0.6000000000000001,-0.5,-2.5,-1.3,3.0,6.6000000000000005,6.0,31.0,27.700000000000003,16
1475,24738.0,0.30000000000000004,-0.4,-2.1,-1.6,3.1,6.9,-4.4,33.400000000000006,28.400000000000002,16
1476,24751.0,0.2,-0.4,-1.8,-1.8,3.1,7.2,-9.2,33.2,29.900000000000006,16
1477,24769.0,0.30000000000000004,-0.2,-1.3,-1.7000000000000002,3.2,7.7,-16.8,28.3,32.2,16
1478,24784.0,0.30000000000000004,-0.2,-0.7000000000000001,-1.7000000000000002,3.2,8.3,-23.0,17.5,31.5,16
1479,24802.0,0.2,-0.1,-0.4,-1.8,3.3000000000000003,8.6,-26.300000000000004,14.900000000000002,29.900000000000006,16
1480,24818.0,0.2,0.1,0.30000000000000004,-1.8,3.4000000000000004,9.3,-30.5,13.5,27.3,16
1481,24834.0,0.2,0.30000000000000004,0.7000000000000001,-1.9000000000000001,3.5,9.8,-32.8,17.1,22.8,16
1482,24851.0,0.1,0.30000000000000004,1.0,-1.9000000000000001,3.6,10.100000000000001,-33.6,18.6,19.200000000000003,16
1483,24868.0,-0.2,0.5,1.6,-2.4000000000000004,3.6,10.700000000000001,-32.0,20.1,11.6,16
1484,24884.0,-0.5,0.7000000000000001,2.0,-2.7,3.7,11.100000000000001,-19.9,19.0,8.100000000000001,16
1485,24901.0,-0.6000000000000001,0.7000000000000001,1.8,-2.8000000000000003,3.8000000000000003,11.0,-10.5,17.400000000000002,8.2,16
1486,24917.0,-0.4,0.6000000000000001,0.7000000000000001,-2.6,3.7,9.8,6.0,11.8,9.3,16
1487,24934.0,-0.2,0.7000000000000001,-0.5,-2.5,3.8000000000000003,8.700000000000001,9.2,7.1000000000000005,8.5,16
1488,24951.0,-0.30000000000000004,0.6000000000000001,-0.8,-2.5,3.8000000000000003,8.3,5.9,4.5,8.5,16
1489,24967.0,-0.2,0.6000000000000001,-1.0,-2.5,3.7,8.1,-4.1,-1.6,10.0,16
1490,24984.0,-0.1,0.5,-0.7000000000000001,-2.3000000000000003,3.7,8.4,-11.3,-5.500000000000001,10.299999999999999,16
1491,25001.0,0.0,0.5,-0.5,-2.2,3.6,8.6,-12.200000000000001,-4.6,9.100000000000001,16
1492,25017.0,-0.1,0.5,-0.2,-2.4000000000000004,3.5,8.9,-8.3,0.9000000000000001,6.500000000000001,16
1493,25036.0,-0.5,0.30000000000000004,-0.1,-2.7,3.4000000000000004,9.0,-6.0,7.1000000000000005,7.1000000000000005,16
1494,25052.0,-0.5,0.30000000000000004,-0.1,-2.8000000000000003,3.4000000000000004,9.0,-7.699999999999999,6.9,8.600000000000001,16
1495,25068.0,-0.6000000000000001,0.30000000000000004,0.30000000000000004,-2.8000000000000003,3.4000000000000004,9.4,-14.900000000000002,1.4,10.8,16
1496,25084.0,-0.6000000000000001,0.2,0.9,-2.9000000000000004,3.2,10.100000000000001,-22.000000000000004,-0.7,12.299999999999999,16
1497,25102.0,-0.6000000000000001,0.2,1.3,-2.8000000000000003,3.0,10.8,-22.000000000000004,-2.6,12.7,16
1498,25117.0,-0.6000000000000001,-0.1,1.7000000000000002,-2.8000000000000003,2.8000000000000003,11.0,-10.5,-7.300000000000001,14.400000000000002,16
1499,25134.0,-0.1,-0.5,1.1,-2.3000000000000003,2.4000000000000004,10.3,11.3,-11.8,16.5,16
1500,25151.0,0.1,-0.6000000000000001,0.4,-2.0,2.4000000000000004,9.600000000000001,19.9,-13.8,15.299999999999999,16
1501,25171.0,0.4,-0.9,-0.6000000000000001,-1.7000000000000002,2.2,8.6,25.0,-24.599999999999998,7.8,16
1502,25184.0,0.4,-0.7000000000000001,-1.1,-1.5,2.5,8.1,20.2,-36.7,-1.4,16
1503,25201.0,0.30000000000000004,-0.5,-1.2000000000000002,-1.6,2.6,8.0,17.0,-39.699999999999996,-4.800000000000001,16
1504,25218.0,0.0,-0.1,-1.3,-1.8,3.1,7.9,8.700000000000001,-38.400000000000006,-6.8,16
1505,25234.0,-0.1,0.1,-1.2000000000000002,-1.8,3.3000000000000003,8.0,-2.5,-33.6,-4.9,16
1506,25251.0,0.0,0.2,-1.1,-1.6,3.3000000000000003,8.1,-9.2,-34.0,-4.800000000000001,16
1507,25267.0,0.1,0.4,-0.5,-1.3,3.5,8.8,-24.1,-35.0,-8.4,16
1508,25284.0,0.30000000000000004,0.30000000000000004,0.2,-1.1,3.2,9.5,-33.800000000000004,-40.300000000000004,-12.600000000000001,16
1509,25301.0,0.4,0.4,0.8,-0.8,3.4000000000000004,10.9,-36.0,-47.60000000000001,-13.8,16
1510,25318.0,0.1,0.7000000000000001,1.8,-1.1,3.5,11.200000000000001,-22.9,-39.8,-27.700000000000003,16
1511,25334.0,0.0,1.2000000000000002,1.0,-1.1,4.0,10.4,3.8,-22.700000000000003,-25.4,16
1512,25351.0,0.2,1.0,0.2,-0.9,3.8000000000000003,9.600000000000001,13.100000000000001,-15.5,-23.2,16
1513,25376.0,0.30000000000000004,0.9,-1.0,-0.8,3.8000000000000003,8.4,16.1,-2.7,-27.9,16
1514,25385.0,0.5,0.9,-1.0,-0.7000000000000001,3.8000000000000003,8.4,17.9,1.6,-28.900000000000002,16
1515,25401.0,0.5,0.9,-1.0,-0.8,3.8000000000000003,8.200000000000001,20.900000000000002,7.300000000000001,-30.1,16
1516,25417.0,0.4,0.7000000000000001,-1.3,-0.8,3.7,8.0,31.3,14.400000000000002,-30.3,16
1517,25434.0,0.5,0.7000000000000001,-2.0,-0.7000000000000001,3.8000000000000003,7.300000000000001,37.400000000000006,13.3,-27.700000000000003,16
1518,25451.0,0.8,0.7000000000000001,-2.3000000000000003,-0.4,4.1000000000000005,6.7,36.0,11.1,-25.200000000000003,16
1519,25468.0,1.2000000000000002,1.0,-2.5,-0.2,4.3,6.6000000000000005,22.1,8.8,-19.5,16
1520,25485.0,1.5,1.2000000000000002,-2.1,0.1,4.6000000000000005,7.1000000000000005,-2.3,6.8,-12.9,16
1521,25501.0,1.6,1.0,-0.5,0.30000000000000004,4.3,8.6,-27.700000000000003,-3.6000000000000005,-9.600000000000001,16
1522,25517.0,1.6,0.9,0.5,0.2,4.1000000000000005,9.700000000000001,-34.900000000000006,-13.100000000000001,-10.1,16
1523,25535.0,1.4000000000000001,0.7000000000000001,2.0,0.1,3.8000000000000003,11.3,-33.6,-28.400000000000002,-13.5,16
1524,25551.0,1.2000000000000002,0.7000000000000001,2.3000000000000003,0.0,3.8000000000000003,11.600000000000001,-17.6,-31.3,-17.300000000000004,16
1525,25567.0,1.2000000000000002,0.7000000000000001,2.1,0.0,3.7,11.5,-8.2,-28.800000000000004,-18.700000000000003,16
1526,25584.0,1.1,0.7000000000000001,1.4000000000000001,0.0,3.8000000000000003,10.700000000000001,5.7,-14.5,-21.6,16
1527,25601.0,1.0,0.8,0.6000000000000001,-0.1,3.9000000000000004,9.9,10.200000000000001,4.9,-22.5,16
1528,25619.0,0.9,0.9,0.30000000000000004,-0.30000000000000004,3.9000000000000004,9.600000000000001,8.5,10.8,-21.900000000000002,16
1529,25634.0,0.6000000000000001,0.8,0.0,-0.6000000000000001,3.8000000000000003,9.3,0.8,6.300000000000001,-17.200000000000003,16
1530,25656.0,0.7000000000000001,0.6000000000000001,-0.1,-0.5,3.6,9.3,-6.699999999999999,-13.100000000000001,-10.700000000000001,16
1531,25668.0,0.9,0.6000000000000001,-0.1,-0.30000000000000004,3.6,9.3,-8.899999999999999,-24.3,-8.700000000000001,16
1532,25684.0,1.2000000000000002,0.5,0.0,0.2,3.5,9.4,-8.100000000000001,-34.800000000000004,-8.700000000000001,16
1533,25701.0,1.3,0.6000000000000001,-0.1,0.4,3.6,9.3,-0.1,-26.5,-14.0,16
1534,25717.0,1.4000000000000001,0.6000000000000001,-0.2,0.4,3.6,9.200000000000001,5.0,-18.0,-17.6,16
1535,25734.0,1.3,0.8,-0.4,0.4,3.9000000000000004,9.0,13.399999999999999,-1.1,-25.200000000000003,16
1536,25751.0,1.1,0.9,-0.2,0.1,4.0,9.1,21.200000000000003,20.2,-31.7,16
1537,25769.0,0.8,1.0,-0.4,-0.2,4.1000000000000005,8.9,25.1,29.900000000000006,-34.1,16
1538,25784.0,0.2,1.1,-0.9,-1.0,4.3,8.3,25.8,36.300000000000004,-35.4,16
1539,25801.0,-0.30000000000000004,1.2000000000000002,-0.7000000000000001,-1.7000000000000002,4.5,8.5,15.000000000000002,28.0,-31.6,16
1540,25818.0,-0.5,1.3,-0.30000000000000004,-1.9000000000000001,4.6000000000000005,8.9,9.0,22.3,-27.6,16
1541,25834.0,-3.5,0.1,0.9,-5.0,3.4000000000000004,10.100000000000001,3.1,15.100000000000001,-14.100000000000001,16
1542,25851.0,0.1,1.7000000000000002,1.3,-1.4000000000000001,5.1000000000000005,10.5,14.300000000000002,14.800000000000002,15.100000000000001,16
1543,25868.0,-1.0,0.30000000000000004,0.7000000000000001,-2.5,3.7,9.9,12.0,25.1,8.4,16
1544,25884.0,-1.2000000000000002,0.1,1.4000000000000001,-2.8000000000000003,3.5,10.600000000000001,0.5,16.0,15.299999999999999,16
1545,25901.0,-0.7000000000000001,0.2,1.6,-2.3000000000000003,3.5,10.8,-0.8,13.900000000000002,15.000000000000002,16
1546,25918.0,-1.0,0.0,1.7000000000000002,-2.6,3.4000000000000004,10.9,-2.0,14.900000000000002,15.700000000000001,16
1547,25934.0,-0.9,-0.1,1.3,-2.6,3.3000000000000003,10.5,-0.30000000000000004,9.5,22.6,16
1548,25951.0,-0.8,-0.2,0.5,-2.4000000000000004,3.2,9.700000000000001,-9.100000000000001,4.800000000000001,30.000000000000004,16
1549,25968.0,-0.7000000000000001,-0.2,0.30000000000000004,-2.4000000000000004,3.1,9.5,-17.7,7.6,33.300000000000004,16
1550,25984.0,-0.4,-0.4,0.30000000000000004,-2.1,2.8000000000000003,9.5,-37.2,18.6,37.2,16
1551,26001.0,-0.4,-0.8,1.2000000000000002,-2.1,2.4000000000000004,10.5,-48.70000000000001,28.3,34.60000000000001,16
1552,26018.0,-0.4,-1.0,1.6,-2.1,2.1,10.9,-44.00000000000001,29.400000000000002,32.1,16
1553,26034.0,-0.2,-1.4000000000000001,1.5,-2.0,1.6,10.8,-15.399999999999999,29.300000000000004,25.8,16
1554,26051.0,0.1,-1.5,0.30000000000000004,-1.8,1.6,9.600000000000001,20.400000000000002,24.900000000000002,15.8,16
1555,26067.0,0.2,-1.4000000000000001,-0.6000000000000001,-1.7000000000000002,1.7000000000000002,8.700000000000001,33.300000000000004,19.400000000000002,9.8,16
1556,26084.0,0.2,-1.1,-2.0,-1.7000000000000002,2.1,7.2,42.3,9.0,-0.30000000000000004,16
1557,26101.0,0.1,-0.7000000000000001,-2.8000000000000003,-1.9000000000000001,2.6,6.4,34.300000000000004,8.100000000000001,-2.5,16
1558,26118.0,0.1,-0.30000000000000004,-2.8000000000000003,-1.9000000000000001,3.1,6.300000000000001,27.700000000000003,11.4,-0.4,16
1559,26134.0,0.0,-0.30000000000000004,-2.6,-2.0,3.2,6.5,15.6,25.0,7.0,16
1560,26151.0,0.0,-0.30000000000000004,-2.1,-2.1,3.2,6.9,7.6,36.7,16.3,16
1561,26167.0,-0.30000000000000004,-0.30000000000000004,-1.4000000000000001,-2.6,3.2,7.5,4.4,40.5,20.8,16
1562,26184.0,-0.5,-0.4,-1.1,-2.8000000000000003,3.1,7.9,-0.6000000000000001,42.800000000000004,28.800000000000004,16
1563,26201.0,-0.5,-0.5,-0.6000000000000001,-2.9000000000000004,3.0,8.3,2.0,29.500000000000004,34.1,16
1564,26217.0,-0.4,-1.0,-0.7000000000000001,-2.7,2.6,8.200000000000001,5.9,19.400000000000002,36.6,16
1565,26234.0,-1.0,-2.0,-0.8,-3.3000000000000003,1.6,8.0,9.3,9.4,47.60000000000001,16
1566,26255.0,0.7000000000000001,0.5,-1.3,-1.6,4.1000000000000005,7.5,3.9,14.5,62.50000000000001,16
1567,26268.0,1.0,0.9,-1.3,-1.2000000000000002,4.6000000000000005,7.6000000000000005,4.7,2.8,51.6,16
1568,26285.0,0.8,0.6000000000000001,-0.9,-1.4000000000000001,4.4,7.9,8.600000000000001,-8.600000000000001,23.3,16
1569,26303.0,0.0,0.2,-0.6000000000000001,-2.2,4.0,8.200000000000001,11.6,-2.8,4.5,16
1570,26317.0,-0.5,0.30000000000000004,-0.30000000000000004,-2.6,4.1000000000000005,8.4,8.5,3.6000000000000005,1.5,16
1571,26335.0,-0.4,0.5,-0.4,-2.6,4.4,8.4,5.9,4.4,1.1,16
1572,26351.0,-0.4,0.6000000000000001,-0.6000000000000001,-2.6,4.4,8.1,2.7,-7.300000000000001,-2.2,16
1573,26369.0,-0.4,0.4,-0.8,-2.5,4.3,8.0,-1.1,-26.799999999999997,-3.0,16
1574,26384.0,-0.30000000000000004,0.4,-0.8,-2.4000000000000004,4.3,8.0,-3.6000000000000005,-32.5,-2.9,16
1575,26401.0,-0.2,0.9,-1.0,-2.2,4.7,7.800000000000001,-5.1000000000000005,-35.599999999999994,-2.6,16
1576,26419.0,-0.1,1.0,-0.7000000000000001,-2.0,4.9,8.1,-5.7,-23.700000000000003,-1.9,16
1577,26434.0,-0.1,1.0,-0.6000000000000001,-2.0,4.9,8.3,-5.8,-12.600000000000001,-1.9,16
1578,26451.0,-0.5,0.9,-0.1,-2.4000000000000004,4.7,8.700000000000001,-5.500000000000001,7.500000000000001,-0.8,16
1579,26467.0,-0.6000000000000001,0.8,0.30000000000000004,-2.6,4.6000000000000005,9.1,-10.299999999999999,17.200000000000003,3.7000000000000006,16
1580,26484.0,-0.6000000000000001,0.8,0.7000000000000001,-2.6,4.6000000000000005,9.600000000000001,-15.8,17.5,5.6,16
1581,26501.0,-0.9,0.5,1.8,-2.9000000000000004,4.2,10.700000000000001,-25.1,11.2,9.0,16
1582,26518.0,-0.7000000000000001,0.4,2.3000000000000003,-2.7,4.0,11.200000000000001,-23.6,-14.100000000000001,12.200000000000001,16
1583,26534.0,-0.4,0.30000000000000004,2.1,-2.4000000000000004,3.9000000000000004,11.100000000000001,-19.6,-30.5,11.1,16
1584,26551.0,0.2,0.4,1.8,-1.6,4.0,10.8,-12.100000000000001,-44.8,6.699999999999999,16
1585,26568.0,0.5,0.7000000000000001,1.2000000000000002,-1.2000000000000002,4.3,10.3,-10.5,-34.400000000000006,2.5,16
1586,26584.0,0.6000000000000001,0.8,1.0,-1.0,4.4,10.100000000000001,-11.900000000000002,-27.099999999999998,0.6000000000000001,16
1587,26602.0,0.7000000000000001,1.0,1.1,-0.9,4.5,10.3,-22.700000000000003,-6.9,-2.2,16
1588,26617.0,0.30000000000000004,0.8,1.9000000000000001,-1.2000000000000002,4.2,11.0,-34.900000000000006,3.8,-5.4,16
1589,26634.0,0.2,0.7000000000000001,2.3000000000000003,-1.4000000000000001,4.0,11.5,-37.0,2.9,-6.600000000000001,16
1590,26651.0,0.0,0.30000000000000004,3.1,-1.6,3.5,12.3,-28.800000000000004,-6.699999999999999,-7.699999999999999,16
1591,26667.0,0.2,0.2,2.9000000000000004,-1.4000000000000001,3.4000000000000004,12.3,-4.9,-22.1,-12.4,16
1592,26687.0,0.1,0.1,2.5,-1.4000000000000001,3.3000000000000003,11.8,9.700000000000001,-26.400000000000006,-15.2,16
1593,26701.0,0.30000000000000004,0.1,1.3,-1.1,3.5,10.700000000000001,34.60000000000001,-25.300000000000004,-17.300000000000004,16
1594,26717.0,0.5,0.2,0.8,-0.6000000000000001,3.7,9.700000000000001,46.6,-6.300000000000001,-16.200000000000003,16
1595,26734.0,1.0,0.2,0.1,-0.5,3.8000000000000003,9.3,47.3,6.500000000000001,-15.5,16
1596,26751.0,0.9,0.0,-0.30000000000000004,-0.6000000000000001,3.6,8.9,40.300000000000004,27.400000000000002,-15.899999999999999,16
1597,26767.0,0.30000000000000004,-0.4,-0.4,-1.3,3.3000000000000003,8.8,26.799999999999997,24.0,-16.700000000000003,16
1598,26785.0,0.1,-0.8,-0.30000000000000004,-1.6,2.9000000000000004,8.8,15.5,3.6000000000000005,-15.5,16
1599,26805.0,0.1,-1.0,-0.30000000000000004,-1.5,2.8000000000000003,8.8,13.3,-5.300000000000001,-14.100000000000001,16
1600,26818.0,0.1,-1.1,-0.5,-1.5,2.7,8.6,15.5,-14.100000000000001,-11.4,16
1601,26834.0,0.1,-1.1,-0.7000000000000001,-1.5,2.7,8.4,18.700000000000003,-15.5,-10.4,16
1602,26851.0,0.1,-1.1,-1.3,-1.5,2.8000000000000003,7.7,25.4,-12.4,-8.100000000000001,16
1603,26869.0,0.30000000000000004,-1.2000000000000002,-1.9000000000000001,-1.3,2.8000000000000003,7.1000000000000005,30.200000000000003,-2.3,-5.7,16
1604,26884.0,0.5,-1.2000000000000002,-2.1,-1.1,2.8000000000000003,6.9,31.3,3.6000000000000005,-4.9,16
1605,26901.0,0.7000000000000001,-1.2000000000000002,-2.4000000000000004,-0.9,2.9000000000000004,6.4,31.099999999999998,11.8,-6.2,16
1606,26917.0,0.8,-1.2000000000000002,-2.7,-0.9,3.0,6.1000000000000005,28.700000000000003,8.3,-8.600000000000001,16
1607,26934.0,0.7000000000000001,-1.1,-2.9000000000000004,-1.0,3.2,5.9,22.2,1.0,-9.700000000000001,16
1608,26953.0,0.6000000000000001,-0.9,-2.9000000000000004,-1.0,3.3000000000000003,5.9,16.4,-2.0,-9.5,16
1609,26969.0,0.5,-0.6000000000000001,-2.5,-1.2000000000000002,3.7,6.2,-0.8,-5.4,-8.100000000000001,16
1610,26986.0,0.1,-0.4,-1.3,-1.6,3.9000000000000004,7.4,-15.100000000000001,-6.4,-5.0,16
1611,27001.0,0.0,-0.30000000000000004,-0.8,-1.6,3.8000000000000003,7.9,-18.0,-5.2,-2.5,16
1612,27017.0,0.1,-0.4,-0.1,-1.5,3.7,8.700000000000001,-16.6,-7.0,1.5,16
1613,27034.0,0.2,-0.30000000000000004,0.4,-1.4000000000000001,3.8000000000000003,9.200000000000001,-11.1,-10.0,2.1,16
1614,27051.0,0.1,-0.30000000000000004,0.6000000000000001,-1.5,3.8000000000000003,9.4,-7.200000000000001,-12.0,2.0,16
1615,27067.0,0.0,-0.1,0.9,-1.5,4.0,9.700000000000001,0.9000000000000001,-11.6,2.8,16
1616,27084.0,-0.1,-0.1,0.9,-1.6,4.0,9.700000000000001,6.0,-3.5,5.300000000000001,16
1617,27101.0,-0.2,-0.2,0.9,-1.7000000000000002,3.9000000000000004,9.700000000000001,4.4,0.4,5.8,16
1618,27118.0,-0.5,-0.5,1.2000000000000002,-2.0,3.6,10.100000000000001,-5.300000000000001,4.4,5.0,16
1619,27135.0,-0.8,-0.5,1.9000000000000001,-2.3000000000000003,3.5,10.8,-13.700000000000001,-1.7,0.6000000000000001,16
1620,27153.0,-0.9,-0.5,2.3000000000000003,-2.4000000000000004,3.5,11.200000000000001,-14.300000000000002,-9.600000000000001,-2.1,16
1621,27174.0,-0.9,-0.6000000000000001,2.3000000000000003,-2.4000000000000004,3.4000000000000004,11.3,-6.699999999999999,-23.800000000000004,-5.8,16
1622,27185.0,-0.7000000000000001,-0.7000000000000001,1.6,-2.1,3.3000000000000003,10.600000000000001,2.0,-13.900000000000002,-7.6,16
1623,27201.0,-0.7000000000000001,-0.6000000000000001,1.2000000000000002,-2.1,3.4000000000000004,10.100000000000001,2.2,-1.1,-8.5,16
1624,27217.0,-0.9,-0.2,0.5,-2.4000000000000004,3.8000000000000003,9.4,-11.1,30.699999999999996,-6.4,16
1625,27234.0,-1.7000000000000002,0.2,1.0,-3.4000000000000004,4.1000000000000005,10.0,-42.1,61.199999999999996,2.8,16
1626,27251.0,-2.3000000000000003,0.2,1.7000000000000002,-4.1000000000000005,3.9000000000000004,10.700000000000001,-58.3,66.9,9.700000000000001,16
1627,27269.0,-2.5,-0.5,3.2,-4.5,3.0,12.3,-72.80000000000001,43.900000000000006,26.700000000000003,16
1628,27285.0,-1.5,-1.0,3.4000000000000004,-3.5,2.4000000000000004,12.5,-56.6,11.4,40.800000000000004,16
1629,27301.0,-0.7000000000000001,-1.2000000000000002,2.7,-2.7,2.2,11.9,-40.300000000000004,-1.9,42.400000000000006,16
1630,27317.0,0.4,-1.3,0.8,-1.5,2.0,10.100000000000001,-8.0,-13.3,31.2,16
1631,27334.0,0.9,-1.0,-1.1,-0.9,2.3000000000000003,8.200000000000001,13.700000000000001,-7.300000000000001,10.9,16
1632,27351.0,0.8,-0.9,-1.8,-1.0,2.5,7.4,19.799999999999997,2.9,1.4,16
1633,27369.0,0.2,-0.6000000000000001,-2.7,-1.7000000000000002,2.8000000000000003,6.5,22.4,26.799999999999997,-9.8,16
1634,27387.0,-0.4,-0.5,-2.8000000000000003,-2.5,3.0,6.2,16.1,37.50000000000001,-7.9,16
1635,27403.0,-0.6000000000000001,-0.5,-2.8000000000000003,-2.9000000000000004,2.9000000000000004,6.2,12.5,35.699999999999996,-3.2,16
1636,27417.0,-0.8,-0.6000000000000001,-2.8000000000000003,-3.0,2.9000000000000004,6.2,8.600000000000001,22.9,10.200000000000001,16
1637,27434.0,-0.6000000000000001,-0.7000000000000001,-2.8000000000000003,-2.8000000000000003,2.9000000000000004,6.1000000000000005,8.5,3.0,24.7,16
1638,27451.0,-0.30000000000000004,-0.6000000000000001,-3.0,-2.5,2.9000000000000004,5.9,8.899999999999999,-6.4,30.200000000000003,16
1639,27469.0,0.2,-0.6000000000000001,-3.2,-1.9000000000000001,3.0,5.7,9.600000000000001,-19.0,38.1,16
1640,27484.0,0.4,-0.4,-3.2,-1.5,3.3000000000000003,5.7,7.500000000000001,-25.1,40.9,16
1641,27503.0,0.6000000000000001,0.0,-3.1,-1.2000000000000002,3.7,5.800000000000001,-0.8,-34.800000000000004,42.2,16
1642,27518.0,0.8,0.4,-2.7,-0.9,4.1000000000000005,6.2,-6.9,-42.800000000000004,41.7,16
1643,27534.0,0.9,1.1,-1.8,-0.6000000000000001,4.800000000000001,7.1000000000000005,-15.2,-50.3,39.300000000000004,16
1644,27551.0,0.8,1.4000000000000001,-1.5,-0.6000000000000001,5.1000000000000005,7.4,-17.7,-48.800000000000004,38.7,16
1645,27568.0,0.5,2.1,-1.2000000000000002,-0.7000000000000001,5.7,7.800000000000001,-24.400000000000002,-34.7,40.9,16
1646,27584.0,0.0,2.5,-0.5,-1.1,6.0,8.5,-40.6,-17.7,44.9,16
1647,27601.0,-0.4,2.4000000000000004,0.30000000000000004,-1.5,5.6000000000000005,10.3,-48.9,-13.5,47.0,16
1648,27617.0,-0.6000000000000001,2.0,2.1,-1.5,5.4,11.3,-52.7,-11.6,48.50000000000001,16
1649,27634.0,-0.2,2.0,2.9000000000000004,-1.0,5.300000000000001,12.100000000000001,-35.1,-14.700000000000001,47.0,16
1650,27651.0,0.5,2.1,2.3000000000000003,-0.2,5.300000000000001,11.5,-23.6,-14.600000000000001,45.2,16
1651,27667.0,0.8,2.0,2.1,0.1,5.300000000000001,11.3,-10.8,-10.9,37.9,16
1652,27684.0,1.0,1.6,2.2,0.4,4.800000000000001,11.5,-7.699999999999999,-0.8,23.0,16
1653,27701.0,0.7000000000000001,1.2000000000000002,3.0,0.0,4.4,12.4,1.9,14.600000000000001,6.1000000000000005,16
1654,27717.0,0.2,0.8,3.0,-0.5,4.1000000000000005,12.3,13.3,19.9,-1.3,16
1655,27734.0,-0.5,0.5,2.1,-1.3,3.9000000000000004,11.4,30.5,30.200000000000003,-7.9,16
1656,27751.0,-0.8,0.5,1.7000000000000002,-2.0,4.0,10.8,28.800000000000004,36.8,-7.1000000000000005,16
1657,27768.0,-1.4000000000000001,0.4,1.7000000000000002,-2.4000000000000004,3.9000000000000004,11.0,5.2,42.0,1.7,16
1658,27786.0,-1.4000000000000001,-0.4,3.0,-2.5,2.9000000000000004,12.3,-24.900000000000002,21.500000000000004,16.5,16
1659,27803.0,-0.5,-1.4000000000000001,3.9000000000000004,-1.5,1.9000000000000001,13.3,-30.3,-10.299999999999999,24.200000000000003,16
1660,27817.0,0.2,-1.7000000000000002,4.0,-0.8,1.5,13.4,-21.500000000000004,-20.900000000000002,22.2,16
1661,27834.0,1.2000000000000002,-2.1,3.1,0.30000000000000004,1.1,12.5,9.600000000000001,-28.500000000000004,7.500000000000001,16
1662,27851.0,1.5,-2.0,1.1,0.7000000000000001,1.3,10.5,35.699999999999996,-18.8,-13.5,16
1663,27867.0,1.4000000000000001,-1.8,0.2,0.6000000000000001,1.6,9.600000000000001,40.7,-8.0,-22.700000000000003,16
1664,27885.0,1.0,-1.5,-1.0,0.1,2.0,8.3,38.2,18.200000000000003,-34.900000000000006,16
1665,27903.0,0.5,-1.2000000000000002,-1.6,-0.6000000000000001,2.4000000000000004,7.7,25.1,35.2,-34.60000000000001,16
1666,27917.0,0.2,-1.1,-1.6,-0.9,2.5,7.6000000000000005,15.700000000000001,35.9,-31.099999999999998,16
1667,27934.0,-0.1,-1.0,-1.5,-1.3,2.5,7.800000000000001,-5.500000000000001,29.200000000000003,-22.2,16
1668,27951.0,-0.4,-1.1,-0.9,-1.7000000000000002,2.4000000000000004,8.4,-23.3,17.400000000000002,-13.100000000000001,16
1669,27967.0,-0.5,-1.2000000000000002,-0.6000000000000001,-1.8,2.2,8.6,-27.099999999999998,10.0,-9.100000000000001,16
1670,27984.0,-0.4,-1.4000000000000001,-0.2,-1.7000000000000002,1.9000000000000001,9.1,-19.700000000000003,-6.4,-2.1,16
1671,28001.0,0.2,-1.6,-0.7000000000000001,-1.1,1.7000000000000002,8.6,4.2,-14.400000000000002,0.5,16
1672,28017.0,0.5,-1.7000000000000002,-1.2000000000000002,-0.8,1.6,8.1,17.1,-13.700000000000001,-1.4,16
1673,28034.0,0.9,-1.6,-2.2,-0.30000000000000004,1.8,7.0,35.599999999999994,-7.8,-11.6,16
1674,28051.0,0.9,-1.2000000000000002,-2.8000000000000003,-0.4,2.3000000000000003,6.300000000000001,40.9,0.2,-24.0,16
1675,28073.0,0.4,-0.9,-2.9000000000000004,-1.0,2.8000000000000003,6.2,37.400000000000006,10.8,-28.400000000000002,16
1676,28086.0,0.1,-0.7000000000000001,-2.9000000000000004,-1.2000000000000002,2.9000000000000004,6.2,32.9,14.400000000000002,-26.000000000000004,16
1677,28101.0,0.0,-0.6000000000000001,-2.7,-1.5,3.2,6.6000000000000005,19.400000000000002,20.8,-15.899999999999999,16
1678,28118.0,-0.1,-0.5,-1.9000000000000001,-1.6,3.2,7.1000000000000005,11.6,25.4,-10.5,16
1679,28134.0,-0.4,-0.7000000000000001,-0.7000000000000001,-2.0,3.0,8.200000000000001,0.6000000000000001,29.600000000000005,0.0,16
1680,28162.0,-0.30000000000000004,-0.9,0.6000000000000001,-2.0,2.8000000000000003,9.5,-0.8,18.200000000000003,14.100000000000001,16
1681,28167.0,-0.30000000000000004,-0.9,0.6000000000000001,-2.0,2.8000000000000003,9.5,-0.8,18.200000000000003,14.100000000000001,16
1682,28184.0,-0.1,-1.1,1.0,-1.8,2.7,10.0,2.7,1.7,16.3,16
1683,28201.0,0.1,-1.3,1.3,-1.5,2.4000000000000004,10.200000000000001,6.300000000000001,-12.100000000000001,14.100000000000001,16
1684,28217.0,0.1,-1.4000000000000001,1.4000000000000001,-1.5,2.3000000000000003,10.4,7.200000000000001,-16.700000000000003,10.5,16
1685,28234.0,-0.30000000000000004,-1.7000000000000002,2.0,-1.8,2.1,10.9,7.699999999999999,-24.0,1.2000000000000002,16
1686,28250.0,-0.5,-1.7000000000000002,2.3000000000000003,-2.0,2.1,11.3,15.100000000000001,-36.5,-5.500000000000001,16
1687,28267.0,-0.5,-1.7000000000000002,2.4000000000000004,-1.8,2.0,11.200000000000001,21.6,-41.4,-7.9,16
1688,28284.0,-0.4,-2.1,2.0,-1.7000000000000002,1.8,11.0,33.2,-47.1,-15.6,16
1689,28301.0,-0.5,-2.1,1.3,-1.6,1.9000000000000001,10.3,32.9,-40.300000000000004,-27.6,16
1690,28318.0,-1.0,-1.8,0.7000000000000001,-2.1,2.2,9.600000000000001,26.400000000000006,-32.7,-33.400000000000006,16
1691,28334.0,-1.5,-1.6,0.4,-2.6,2.4000000000000004,9.4,-4.5,-0.2,-36.1,16
1692,28358.0,-2.7,-0.7000000000000001,1.4000000000000001,-3.9000000000000004,3.1,10.4,-57.00000000000001,26.400000000000006,-22.6,16
1693,28367.0,-3.3000000000000003,-0.6000000000000001,2.6,-4.9,2.8000000000000003,12.9,-79.8,29.700000000000006,-12.4,16
1694,28385.0,-3.0,-1.0,4.800000000000001,-4.4,2.4000000000000004,14.0,-93.2,2.1,19.700000000000003,16
1695,28400.0,-1.3,-1.4000000000000001,4.800000000000001,-2.6,1.7000000000000002,14.200000000000001,-60.00000000000001,-35.0,35.5,16
1696,28417.0,-0.4,-1.6,3.6,-0.9,1.6,11.600000000000001,-36.2,-45.3,33.400000000000006,16
1697,28434.0,0.5,-1.2000000000000002,0.8,-0.5,1.9000000000000001,10.3,0.9000000000000001,-43.1,12.200000000000001,16
1698,28451.0,0.1,-0.7000000000000001,-1.2000000000000002,-0.9,2.5,8.200000000000001,17.5,-14.400000000000002,-15.5,16
1699,28467.0,-1.0,-0.30000000000000004,-2.4000000000000004,-2.0,2.9000000000000004,6.9,20.599999999999998,4.5,-24.5,16
1700,28485.0,-1.4000000000000001,0.0,-2.9000000000000004,-2.5,3.2,6.4,18.1,36.300000000000004,-27.800000000000004,16
1701,28502.0,-1.8,0.5,-3.5,-3.2,3.7,5.800000000000001,5.8,49.1,-16.200000000000003,16
1702,28517.0,-1.7000000000000002,0.5,-3.6,-3.2,3.8000000000000003,5.6000000000000005,-1.2000000000000002,49.199999999999996,-7.400000000000001,16
1703,28534.0,-1.5,0.5,-3.4000000000000004,-3.1,3.7,5.800000000000001,-11.8,42.800000000000004,10.299999999999999,16
1704,28551.0,-1.1,0.30000000000000004,-2.9000000000000004,-2.7,3.5,6.300000000000001,-11.2,33.800000000000004,23.2,16
1705,28567.0,-0.7000000000000001,0.30000000000000004,-2.6,-2.4000000000000004,3.5,6.6000000000000005,-1.0,28.0,27.2,16
1706,28584.0,-0.7000000000000001,0.4,-2.5,-2.5,3.6,6.6000000000000005,5.4,26.200000000000003,27.3,16
1707,28601.0,-0.8,0.9,-2.7,-2.6,4.2,6.300000000000001,17.0,21.500000000000004,32.0,16
1708,28619.0,-0.2,1.4000000000000001,-3.0,-2.0,4.7,6.0,21.8,16.3,42.3,16
1709,28634.0,0.2,1.5,-3.0,-1.6,4.9,6.0,21.1,12.7,44.4,16
1710,28654.0,0.8,2.0,-2.4000000000000004,-1.0,5.5,6.5,15.8,8.5,42.3,16
1711,28667.0,1.0,2.3000000000000003,-2.0,-0.6000000000000001,6.0,7.4,10.5,9.600000000000001,36.5,16
1712,28684.0,1.1,2.5,-0.9,-0.7000000000000001,6.2,8.0,6.600000000000001,10.5,32.7,16
1713,28701.0,0.9,2.8000000000000003,0.5,-0.8,6.5,9.3,-2.2,12.0,27.099999999999998,16
1714,28717.0,0.9,2.8000000000000003,2.4000000000000004,-0.8,6.5,11.3,-5.500000000000001,1.6,21.200000000000003,16
1715,28734.0,0.9,2.6,3.3000000000000003,-0.7000000000000001,6.300000000000001,12.200000000000001,-0.9000000000000001,-4.5,16.200000000000003,16
1716,28750.0,0.9,2.2,4.1000000000000005,-0.7000000000000001,6.0,13.0,21.500000000000004,-21.200000000000003,7.200000000000001,16
1717,28768.0,1.3,1.9000000000000001,3.3000000000000003,-0.2,5.800000000000001,12.3,49.1,-37.6,-1.6,16
1718,28784.0,1.4000000000000001,1.7000000000000002,2.6,0.0,5.7,11.5,58.900000000000006,-43.300000000000004,-7.200000000000001,16
1719,28802.0,1.6,1.5,1.5,0.30000000000000004,5.7,10.4,64.9,-50.8,-21.7,16
1720,28817.0,1.4000000000000001,1.5,1.1,0.30000000000000004,5.9,9.9,66.60000000000001,-48.800000000000004,-37.800000000000004,16
1721,28834.0,1.3,1.5,0.8,0.2,6.0,9.5,68.3,-45.9,-44.10000000000001,16
1722,28850.0,0.9,1.6,0.1,-0.2,6.300000000000001,8.8,64.30000000000001,-40.800000000000004,-51.70000000000001,16
1723,28867.0,0.4,1.8,-0.1,-0.7000000000000001,6.7,8.5,42.900000000000006,-22.700000000000003,-54.300000000000004,16
1724,28884.0,0.0,2.3000000000000003,0.4,-1.1,7.2,9.0,23.800000000000004,-3.1,-52.400000000000006,16
1725,28901.0,-0.6000000000000001,2.1,2.3000000000000003,-1.8,7.0,10.9,-16.1,28.700000000000003,-40.4,16
1726,28917.0,-0.1,0.9,4.7,-1.5,5.7,13.4,-28.900000000000002,30.1,-31.799999999999997,16
1727,28934.0,0.30000000000000004,0.2,5.5,-1.1,4.9,14.200000000000001,-28.0,14.900000000000002,-19.400000000000002,16
1728,28951.0,1.4000000000000001,-1.0,4.9,0.0,3.7,13.700000000000001,4.2,-16.8,-18.1,16
1729,28967.0,2.2,-1.5,2.5,0.8,3.3000000000000003,11.3,35.599999999999994,-46.300000000000004,-28.500000000000004,16
1730,28984.0,2.3000000000000003,-1.6,1.3,1.0,3.3000000000000003,10.0,44.10000000000001,-53.0,-36.0,16
1731,29001.0,2.2,-1.6,-0.6000000000000001,1.0,3.3000000000000003,8.1,46.7,-45.7,-50.5,16
1732,29017.0,1.9000000000000001,-1.6,-1.4000000000000001,0.7000000000000001,3.4000000000000004,7.300000000000001,40.5,-20.599999999999998,-60.8,16
1733,29034.0,1.8,-1.7000000000000002,-1.5,0.5,3.2,7.300000000000001,37.800000000000004,-4.4,-64.30000000000001,16
1734,29050.0,1.7000000000000002,-2.2,-1.0,0.30000000000000004,3.0,7.5,38.50000000000001,29.1,-70.2,16
1735,29067.0,1.1,-2.6,-1.2000000000000002,-0.6000000000000001,2.6,7.2,46.800000000000004,50.8,-75.4,16
1736,29084.0,0.2,-2.9000000000000004,-1.4000000000000001,-3.6,1.9000000000000001,7.0,47.60000000000001,47.1,-76.2,16
1737,29101.0,0.0,-2.7,-1.5,-2.0,2.6,6.6000000000000005,46.9,17.1,-56.400000000000006,16
1738,29117.0,0.2,-2.7,-2.1,-1.8,2.7,6.0,41.7,-19.300000000000004,-46.50000000000001,16
1739,29134.0,0.1,-3.2,-2.2,-2.0,2.2,5.9,35.9,-36.8,-44.7,16
1740,29153.0,0.2,-2.9000000000000004,-2.3000000000000003,-1.7000000000000002,2.5,5.800000000000001,29.1,-59.40000000000001,-33.7,16
1741,29168.0,0.30000000000000004,-2.8000000000000003,-2.7,-1.6,2.7,5.300000000000001,25.200000000000003,-69.4,-26.000000000000004,16
1742,29184.0,0.5,-2.4000000000000004,-3.3000000000000003,-1.1,3.1,4.7,18.1,-65.0,-19.200000000000003,16
1743,29201.0,0.7000000000000001,-2.2,-3.5,-0.9,3.3000000000000003,4.5,11.4,-56.400000000000006,-18.0,16
1744,29217.0,0.7000000000000001,-1.6,-3.3000000000000003,-0.8,3.8000000000000003,4.6000000000000005,-6.8,-25.1,-18.700000000000003,16
1745,29234.0,0.7000000000000001,-1.4000000000000001,-2.7,-0.8,4.0,5.300000000000001,-28.1,10.5,-17.300000000000004,16
1746,29251.0,0.7000000000000001,-1.2000000000000002,-2.0,-1.0,4.1000000000000005,6.0,-38.400000000000006,24.599999999999998,-15.5,16
1747,29268.0,-0.5,-1.3,0.7000000000000001,-2.3000000000000003,3.8000000000000003,8.8,-51.70000000000001,48.10000000000001,-9.600000000000001,16
1748,29284.0,-0.9,-1.3,1.5,-2.7,3.7,9.600000000000001,-45.099999999999994,20.8,0.5,16
1749,29301.0,-0.8,-1.2000000000000002,1.9000000000000001,-2.7,3.7,10.100000000000001,-42.800000000000004,9.100000000000001,5.2,16
1750,29317.0,-0.8,-1.2000000000000002,2.4000000000000004,-2.6,3.7,10.600000000000001,-25.300000000000004,-25.4,10.0,16
1751,29334.0,-0.6000000000000001,-0.9,1.6,-2.3000000000000003,3.9000000000000004,10.0,-2.3,-36.6,14.700000000000001,16
1752,29350.0,-0.5,-0.8,1.0,-2.2,4.1000000000000005,9.3,5.6,-30.9,15.2,16
1753,29367.0,-0.6000000000000001,-0.7000000000000001,0.0,-2.2,4.2,8.3,8.0,-11.900000000000002,14.700000000000001,16
1754,29384.0,-0.8,-0.6000000000000001,-0.1,-2.3000000000000003,4.3,8.200000000000001,-0.2,6.699999999999999,12.0,16
1755,29400.0,-1.0,-0.5,0.2,-2.5,4.4,8.5,-5.2,14.300000000000002,9.5,16
1756,29417.0,-1.4000000000000001,-0.30000000000000004,0.9,-3.0,4.5,9.3,-11.8,27.3,4.300000000000001,16
1757,29434.0,-1.9000000000000001,0.2,1.2000000000000002,-3.6,5.0,9.5,-18.1,39.9,4.5,16
1758,29451.0,-2.3000000000000003,0.4,1.0,-4.1000000000000005,5.2,9.3,-24.7,43.70000000000001,9.8,16
1759,29468.0,-2.5,0.7000000000000001,0.6000000000000001,-4.6000000000000005,5.800000000000001,8.6,-61.0,45.400000000000006,32.6,16
1760,29484.0,-2.8000000000000003,1.5,0.8,-4.800000000000001,5.9,9.4,-129.70000000000002,25.0,64.0,16
1761,29500.0,-2.8000000000000003,1.0,2.2,-4.7,5.2,10.9,-163.4,2.3,80.0,16
1762,29517.0,-1.5,0.0,6.0,-3.2,3.6,15.0,-187.79999999999998,-53.0,106.30000000000001,16
1763,29534.0,0.7000000000000001,-0.4,7.7,-0.5,2.8000000000000003,17.0,-136.9,-81.50000000000001,108.50000000000001,16
1764,29550.0,1.7000000000000002,-0.5,6.9,0.6000000000000001,2.6,16.3,-92.39999999999999,-83.5,95.9,16
1765,29567.0,2.7,-0.5,3.6,1.9000000000000001,2.5,13.100000000000001,-10.4,-58.60000000000001,49.199999999999996,16
1766,29584.0,2.1,-0.4,0.7000000000000001,1.4000000000000001,2.7,10.200000000000001,41.4,-8.700000000000001,-5.8,16
1767,29600.0,1.4000000000000001,-0.30000000000000004,-0.30000000000000004,0.7000000000000001,2.9000000000000004,9.1,58.800000000000004,19.9,-26.200000000000003,16
1768,29617.0,0.0,-0.30000000000000004,-2.3000000000000003,-0.9,3.1,7.1000000000000005,78.4,65.7,-45.3,16
1769,29634.0,-0.7000000000000001,-0.30000000000000004,-3.6,-2.0,3.4000000000000004,5.6000000000000005,73.0,81.10000000000001,-41.0,16
1770,29652.0,-1.0,-0.4,-4.2,-2.6,3.4000000000000004,4.800000000000001,50.60000000000001,70.7,-22.1,16
1771,29667.0,-1.0,-0.6000000000000001,-4.3,-2.7,3.3000000000000003,4.7,36.8,58.7,-10.1,16
1772,29684.0,-0.7000000000000001,-0.8,-4.0,-2.5,3.1,4.800000000000001,10.0,26.5,14.5,16
1773,29700.0,-0.4,-0.8,-3.8000000000000003,-2.2,3.1,5.1000000000000005,-1.4,9.100000000000001,25.300000000000004,16
1774,29717.0,0.2,-0.8,-3.3000000000000003,-1.4000000000000001,3.1,5.6000000000000005,-14.900000000000002,-24.7,41.50000000000001,16
1775,29734.0,1.2000000000000002,-0.4,-2.9000000000000004,-0.30000000000000004,3.4000000000000004,6.0,-18.0,-40.7,47.400000000000006,16
1776,29750.0,1.4000000000000001,-0.2,-2.7,0.0,3.6,6.2,-17.200000000000003,-40.300000000000004,44.300000000000004,16
1777,29767.0,1.2000000000000002,0.1,-1.8,0.0,4.0,7.1000000000000005,-8.5,-23.700000000000003,33.300000000000004,16
1778,29785.0,0.6000000000000001,0.7000000000000001,-1.4000000000000001,-0.6000000000000001,4.6000000000000005,7.5,4.5,0.30000000000000004,26.300000000000004,16
1779,29801.0,0.6000000000000001,0.7000000000000001,-1.4000000000000001,-0.9,5.1000000000000005,7.7,7.6,11.000000000000002,25.900000000000002,16
1780,29817.0,0.30000000000000004,1.3,-0.9,-0.9,5.2,7.9,3.9,21.500000000000004,26.6,16
1781,29834.0,0.4,1.5,0.4,-0.8,5.4,9.3,-4.9,25.5,23.3,16
1782,29850.0,0.30000000000000004,1.5,1.2000000000000002,-0.9,5.5,10.100000000000001,-6.300000000000001,26.9,19.700000000000003,16
1783,29867.0,0.2,1.6,2.5,-1.1,5.5,11.4,2.7,19.799999999999997,11.8,16
1784,29884.0,0.2,1.6,2.7,-1.1,5.6000000000000005,11.600000000000001,21.500000000000004,5.2,3.6000000000000005,16
1785,29901.0,0.2,1.7000000000000002,2.1,-1.1,5.9,10.9,35.9,-1.3,-3.9,16
1786,29918.0,0.1,1.7000000000000002,1.7000000000000002,-1.2000000000000002,5.9,10.600000000000001,38.900000000000006,-1.4,-8.0,16
1787,29934.0,0.1,1.9000000000000001,1.4000000000000001,-1.3,6.2,10.200000000000001,38.400000000000006,5.8,-15.899999999999999,16
1788,29950.0,-0.1,1.8,1.2000000000000002,-1.5,6.300000000000001,10.0,36.0,8.100000000000001,-22.8,16
1789,29967.0,-0.2,1.9000000000000001,1.0,-1.6,6.4,9.700000000000001,34.2,7.9,-24.599999999999998,16
1790,29984.0,-0.4,1.9000000000000001,0.4,-1.9000000000000001,6.4,9.1,24.0,5.300000000000001,-20.900000000000002,16
1791,30001.0,-0.4,1.7000000000000002,0.4,-2.0,6.300000000000001,9.1,-2.7,5.4,-9.600000000000001,16
1792,30019.0,-0.4,1.7000000000000002,0.8,-2.0,6.2,9.5,-23.0,7.200000000000001,-4.4,16
1793,30034.0,-0.4,1.4000000000000001,3.1,-2.0,5.800000000000001,11.8,-64.80000000000001,6.0,5.300000000000001,16
1794,30050.0,0.2,0.30000000000000004,5.7,-1.3,4.5,14.600000000000001,-71.30000000000001,-6.9,15.000000000000002,16
1795,30069.0,0.8,-0.30000000000000004,6.300000000000001,-0.7000000000000001,3.9000000000000004,15.3,-55.0,-15.700000000000001,17.0,16
1796,30084.0,2.1,-1.3,5.300000000000001,0.7000000000000001,2.8000000000000003,14.4,-1.7,-28.400000000000002,6.4,16
1797,30103.0,2.9000000000000004,-1.5,2.1,1.6,2.6,11.200000000000001,45.5,-30.3,-18.6,16
1798,30117.0,2.9000000000000004,-1.4000000000000001,0.6000000000000001,1.6,2.8000000000000003,9.600000000000001,56.7,-24.3,-32.0,16
1799,30134.0,2.5,-1.3,-1.4000000000000001,1.2000000000000002,3.1,7.5,60.6,-5.9,-50.900000000000006,16
1800,30162.0,1.7000000000000002,-1.2000000000000002,-2.1,0.2,3.3000000000000003,6.7,39.50000000000001,20.2,-63.70000000000001,16
1801,30173.0,1.2000000000000002,-1.3,-1.7000000000000002,0.2,3.3000000000000003,6.7,39.50000000000001,20.2,-63.70000000000001,16
1802,30189.0,0.8,-1.4000000000000001,-1.3,-0.9,3.2,7.4,28.200000000000003,19.6,-63.599999999999994,16
1803,30200.0,0.2,-1.6,-0.6000000000000001,-1.5,3.0,8.0,29.600000000000005,9.899999999999999,-54.6,16
1804,30218.0,0.1,-1.8,-0.6000000000000001,-1.7000000000000002,2.8000000000000003,8.1,34.400000000000006,2.7,-49.4,16
1805,30234.0,0.30000000000000004,-2.2,-0.9,-1.5,2.6,7.6000000000000005,47.900000000000006,-15.399999999999999,-40.4,16
1806,30252.0,0.7000000000000001,-2.3000000000000003,-1.8,-1.1,2.6,6.7,58.60000000000001,-29.1,-37.2,16
1807,30267.0,0.8,-2.2,-2.3000000000000003,-1.0,2.7,6.1000000000000005,60.2,-34.60000000000001,-37.300000000000004,16
1808,30284.0,0.6000000000000001,-1.9000000000000001,-3.0,-1.1,3.2,5.300000000000001,54.4,-40.7,-36.2,16
1809,30301.0,0.5,-1.5,-3.5,-1.2000000000000002,3.7,4.800000000000001,37.400000000000006,-47.60000000000001,-29.600000000000005,16
1810,30318.0,0.5,-1.2000000000000002,-3.4000000000000004,-1.1,4.0,4.800000000000001,26.300000000000004,-49.0,-25.4,16
1811,30334.0,0.6000000000000001,-0.7000000000000001,-2.7,-0.9,4.5,5.5,3.6000000000000005,-40.6,-18.900000000000002,16
1812,30350.0,0.2,-0.5,-1.2000000000000002,-1.3,4.7,7.0,-11.8,-16.4,-14.700000000000001,16
1813,30367.0,-0.1,-0.5,-0.4,-1.6,4.6000000000000005,7.800000000000001,-14.600000000000001,-5.7,-11.2,16
1814,30384.0,-0.5,-0.5,0.6000000000000001,-2.0,4.6000000000000005,8.9,-13.6,8.100000000000001,-0.7,16
1815,30400.0,-0.7000000000000001,-0.7000000000000001,1.3,-2.2,4.3,9.5,-9.4,5.7,9.100000000000001,16
1816,30417.0,-0.7000000000000001,-0.8,1.4000000000000001,-2.2,4.2,9.700000000000001,-6.300000000000001,-2.1,13.200000000000003,16
1817,30434.0,-0.4,-0.9,1.2000000000000002,-1.8,4.1000000000000005,9.5,1.6,-24.0,18.900000000000002,16
1818,30451.0,-0.2,-0.9,0.6000000000000001,-1.5,4.2,8.9,9.2,-38.2,20.3,16
1819,30469.0,-0.30000000000000004,-0.9,0.30000000000000004,-1.5,4.3,8.4,12.100000000000001,-33.0,18.8,16
1820,30484.0,-0.6000000000000001,-0.8,-0.1,-1.7000000000000002,4.3,8.200000000000001,11.900000000000002,-24.0,17.7,16
1821,30501.0,-0.9,-0.6000000000000001,-0.30000000000000004,-2.0,4.5,8.0,7.500000000000001,-2.7,19.700000000000003,16
1822,30518.0,-0.9,-0.4,-0.2,-1.9000000000000001,5.0,8.4,3.1,6.699999999999999,21.300000000000004,16
1823,30534.0,-0.9,-0.1,0.4,-2.0,5.0,8.700000000000001,-6.600000000000001,16.900000000000002,22.3,16
1824,30551.0,-1.2000000000000002,-0.2,1.2000000000000002,-2.3000000000000003,5.0,9.5,-13.700000000000001,20.7,23.2,16
1825,30567.0,-1.3,-0.2,1.3,-2.5,4.9,9.700000000000001,-16.0,18.0,24.1,16
1826,30584.0,-1.3,-0.2,1.1,-2.4000000000000004,4.9,9.5,-24.1,11.3,30.000000000000004,16
1827,30601.0,-0.9,0.1,0.6000000000000001,-2.0,5.1000000000000005,9.0,-48.400000000000006,8.100000000000001,38.300000000000004,16
1828,30617.0,-0.7000000000000001,0.30000000000000004,1.6,-1.7000000000000002,5.0,10.200000000000001,-86.5,2.8,40.1,16
1829,30634.0,-0.8,0.0,2.7,-1.8,4.6000000000000005,11.4,-96.60000000000001,-3.0,38.300000000000004,16
1830,30650.0,-0.5,-0.4,4.4,-1.4000000000000001,3.9000000000000004,13.200000000000001,-80.10000000000001,-10.299999999999999,32.9,16
1831,30667.0,0.1,-1.0,3.3000000000000003,-0.7000000000000001,3.2,12.3,-26.5,-4.800000000000001,19.400000000000002,16
1832,30684.0,0.4,-1.1,1.9000000000000001,-0.4,3.1,10.9,-1.9,0.8,9.5,16
1833,30700.0,0.5,-0.7000000000000001,-0.7000000000000001,-0.30000000000000004,3.6,8.200000000000001,24.0,10.5,-11.900000000000002,16
1834,30717.0,0.1,-0.4,-2.3000000000000003,-0.8,3.9000000000000004,6.6000000000000005,24.1,19.300000000000004,-24.0,16
1835,30734.0,-0.2,-0.30000000000000004,-2.7,-1.2000000000000002,4.0,6.1000000000000005,17.7,23.2,-26.000000000000004,16
1836,30751.0,-0.6000000000000001,-0.30000000000000004,-2.8000000000000003,-1.7000000000000002,4.1000000000000005,6.0,0.30000000000000004,26.6,-21.900000000000002,16
1837,30767.0,-0.7000000000000001,-0.2,-2.6,-1.9000000000000001,4.1000000000000005,6.2,-8.8,26.9,-16.5,16
1838,30784.0,-0.7000000000000001,-0.30000000000000004,-1.9000000000000001,-2.0,3.9000000000000004,6.9,-18.3,22.9,-2.7,16
1839,30803.0,-0.6000000000000001,-0.6000000000000001,-1.2000000000000002,-1.9000000000000001,3.7,7.5,-14.5,15.8,9.3,16
1840,30817.0,-0.1,-0.6000000000000001,-1.2000000000000002,-1.4000000000000001,3.6,7.5,-1.6,8.4,15.8,16
1841,30834.0,0.1,-0.5,-1.4000000000000001,-1.2000000000000002,3.7,7.4,4.6,4.1,15.6,16
1842,30850.0,0.30000000000000004,-0.2,-1.7000000000000002,-1.0,4.1000000000000005,7.1000000000000005,14.100000000000001,-4.5,13.5,16
1843,30867.0,0.5,0.4,-1.7000000000000002,-0.8,4.800000000000001,7.0,18.4,-7.500000000000001,13.399999999999999,16
1844,30884.0,0.5,0.7000000000000001,-1.7000000000000002,-0.7000000000000001,5.1000000000000005,7.0,19.5,-8.0,14.900000000000002,16
1845,30902.0,0.6000000000000001,1.2000000000000002,-1.7000000000000002,-0.6000000000000001,5.6000000000000005,7.0,16.8,-2.1,18.3,16
1846,30917.0,-0.1,1.4000000000000001,-1.5,-1.2000000000000002,5.9,7.2,6.699999999999999,7.9,21.1,16
1847,30934.0,-0.5,1.5,-1.3,-1.7000000000000002,6.0,7.300000000000001,0.2,10.299999999999999,25.300000000000004,16
1848,30950.0,-1.0,1.6,-0.7000000000000001,-2.1,6.1000000000000005,7.9,-13.8,10.1,39.0,16
1849,30967.0,-0.8,1.3,0.1,-1.9000000000000001,5.800000000000001,8.700000000000001,-25.900000000000002,8.600000000000001,52.00000000000001,16
1850,30984.0,-0.6000000000000001,1.1,0.5,-1.7000000000000002,5.5,9.200000000000001,-29.600000000000005,2.0,55.0,16
1851,31001.0,-0.1,1.0,1.1,-1.0,5.300000000000001,9.8,-27.9,-21.8,52.00000000000001,16
1852,31017.0,0.6000000000000001,1.4000000000000001,1.2000000000000002,-0.1,5.7,10.0,-16.1,-40.800000000000004,47.7,16
1853,31035.0,1.2000000000000002,1.3,1.2000000000000002,0.6000000000000001,5.6000000000000005,10.0,-9.4,-40.7,44.4,16
1854,31050.0,1.5,0.5,1.7000000000000002,1.0,4.800000000000001,10.5,-0.4,-27.6,24.1,16
1855,31067.0,1.4000000000000001,1.0,1.8,1.0,5.4,10.600000000000001,10.1,-24.3,-3.7000000000000006,16
1856,31084.0,0.6000000000000001,0.8,1.9000000000000001,0.2,5.2,10.700000000000001,19.799999999999997,-20.2,-16.8,16
1857,31100.0,0.5,1.2000000000000002,1.0,0.1,5.7,9.8,32.9,-12.200000000000001,-29.500000000000004,16
1858,31117.0,0.1,1.4000000000000001,0.2,-0.2,6.0,8.9,28.0,-12.4,-31.0,16
1859,31135.0,0.0,1.5,0.0,-0.5,6.1000000000000005,9.1,16.0,-9.700000000000001,-28.200000000000003,16
1860,31155.0,-0.1,1.4000000000000001,1.1,-0.4,5.4,11.3,-20.2,2.5,-19.700000000000003,16
1861,31167.0,0.6000000000000001,0.2,4.1000000000000005,0.1,4.6000000000000005,12.9,-45.400000000000006,6.300000000000001,-14.800000000000002,16
1862,31184.0,0.6000000000000001,-0.4,4.5,0.2,4.0,13.4,-37.800000000000004,-25.7,-18.0,16
1863,31200.0,1.3,-0.7000000000000001,4.4,1.0,3.7,13.4,3.1,-34.7,-23.099999999999998,16
1864,31217.0,1.5,-1.2000000000000002,1.9000000000000001,1.2000000000000002,3.3000000000000003,10.9,45.9,-39.9,-41.0,16
1865,31234.0,1.5,-0.9,0.6000000000000001,1.1,3.8000000000000003,8.4,55.5,-34.300000000000004,-50.400000000000006,16
1866,31251.0,1.2000000000000002,-0.7000000000000001,-1.2000000000000002,0.9,4.0,7.5,55.7,-18.5,-62.800000000000004,16
1867,31275.0,0.8,-0.2,-1.9000000000000001,0.5,4.6000000000000005,6.800000000000001,41.300000000000004,2.1,-62.50000000000001,16
1868,31287.0,0.5,-0.30000000000000004,-1.7000000000000002,0.0,4.6000000000000005,6.9,24.5,10.700000000000001,-50.400000000000006,16
1869,31300.0,0.5,-0.5,-1.4000000000000001,0.0,4.4,7.2,16.8,10.200000000000001,-44.10000000000001,16
1870,31317.0,0.4,-1.1,-0.8,-0.2,3.8000000000000003,7.800000000000001,2.5,10.0,-37.2,16
1871,31334.0,0.30000000000000004,-1.4000000000000001,-0.4,-0.4,3.3000000000000003,8.5,-1.0,8.8,-35.1,16
1872,31350.0,0.2,-1.8,0.0,-0.5,3.1,8.6,3.7000000000000006,-3.4,-35.599999999999994,16
1873,31367.0,0.0,-2.2,-0.2,-0.7000000000000001,2.7,8.4,21.1,-19.6,-38.900000000000006,16
1874,31384.0,0.1,-2.1,-1.3,-0.6000000000000001,2.9000000000000004,7.2,40.1,-28.800000000000004,-39.699999999999996,16
1875,31400.0,0.30000000000000004,-1.5,-2.0,-0.4,3.6,6.5,43.6,-32.1,-40.9,16
1876,31417.0,-0.6000000000000001,-1.8,-2.4000000000000004,-1.4000000000000001,3.3000000000000003,6.0,36.2,-14.400000000000002,-43.800000000000004,16
1877,31434.0,-0.6000000000000001,-1.0,-2.4000000000000004,-1.4000000000000001,4.2,5.9,28.800000000000004,1.0,-34.2,16
1878,31459.0,-0.6000000000000001,-1.1,-1.7000000000000002,-1.5,4.2,6.6000000000000005,19.700000000000003,17.200000000000003,-25.6,16
1879,31467.0,-0.5,-0.9,-1.4000000000000001,-1.5,4.4,6.800000000000001,18.1,25.1,-19.5,16
1880,31484.0,-0.5,-0.8,-1.2000000000000002,-1.7000000000000002,4.4,7.0,13.900000000000002,35.5,-9.700000000000001,16
1881,31501.0,-0.6000000000000001,-0.9,-1.1,-1.7000000000000002,4.5,7.0,9.600000000000001,35.599999999999994,-5.8,16
1882,31517.0,-0.5,-0.7000000000000001,-0.8,-1.8,4.6000000000000005,7.300000000000001,0.8,28.400000000000002,-1.9,16
1883,31534.0,-0.9,-0.8,-0.1,-2.2,4.5,8.0,-3.1,23.0,2.1,16
1884,31551.0,-1.0,-0.8,0.1,-2.3000000000000003,4.5,8.200000000000001,-0.6000000000000001,20.400000000000002,5.1000000000000005,16
1885,31568.0,-1.1,-0.6000000000000001,0.1,-2.4000000000000004,4.7,8.1,6.2,12.0,10.299999999999999,16
1886,31584.0,-1.1,-0.6000000000000001,-0.2,-2.4000000000000004,4.800000000000001,7.800000000000001,8.600000000000001,-1.9,14.700000000000001,16
1887,31600.0,-1.0,-0.4,-0.30000000000000004,-2.3000000000000003,4.9,7.800000000000001,6.300000000000001,-4.7,17.0,16
1888,31617.0,-1.2000000000000002,-0.4,0.0,-2.5,5.0,8.0,-1.3,0.0,18.6,16
1889,31634.0,-1.5,-0.2,0.4,-2.7,5.2,8.5,-9.2,2.8,23.5,16
1890,31650.0,-1.5,0.0,0.6000000000000001,-2.7,5.300000000000001,8.700000000000001,-12.200000000000001,2.5,26.200000000000003,16
1891,31667.0,-1.4000000000000001,-0.1,0.7000000000000001,-2.6,5.2,8.8,-16.4,4.800000000000001,32.5,16
1892,31684.0,-1.0,0.1,0.6000000000000001,-2.2,5.300000000000001,8.700000000000001,-23.099999999999998,11.900000000000002,37.6,16
1893,31701.0,-0.9,0.0,0.6000000000000001,-2.1,5.2,8.8,-29.800000000000004,19.0,38.7,16
1894,31717.0,-0.8,-0.1,0.4,-2.0,5.0,8.700000000000001,-51.50000000000001,33.800000000000004,40.9,16
1895,31734.0,-0.8,-0.2,1.2000000000000002,-2.1,4.7,9.600000000000001,-88.00000000000001,46.199999999999996,42.7,16
1896,31750.0,-0.9,-0.4,2.1,-2.2,4.4,10.600000000000001,-103.10000000000001,43.00000000000001,43.00000000000001,16
1897,31767.0,-0.6000000000000001,-0.7000000000000001,4.1000000000000005,-1.9000000000000001,3.8000000000000003,12.8,-102.2,23.0,44.2,16
1898,31784.0,0.1,-1.2000000000000002,4.2,-1.2000000000000002,3.1,13.0,-58.1,6.600000000000001,38.7,16
1899,31800.0,0.5,-1.2000000000000002,3.1,-0.8,3.0,11.9,-31.400000000000002,3.8,31.3,16
1900,31817.0,1.0,-0.8,0.30000000000000004,-0.30000000000000004,3.4000000000000004,9.1,1.3,7.400000000000001,10.5,16
1901,31834.0,0.7000000000000001,-0.30000000000000004,-1.4000000000000001,-0.6000000000000001,3.9000000000000004,7.4,6.699999999999999,21.500000000000004,-5.0,16
1902,31853.0,0.2,0.0,-2.3000000000000003,-1.2000000000000002,4.2,6.5,0.6000000000000001,38.50000000000001,-6.1000000000000005,16
1903,31869.0,0.0,0.0,-2.4000000000000004,-1.5,4.2,6.300000000000001,-6.0,45.8,-2.5,16
1904,31884.0,-0.4,0.1,-2.1,-2.0,4.3,6.6000000000000005,-23.3,50.900000000000006,10.8,16
1905,31900.0,-0.30000000000000004,0.2,-1.9000000000000001,-2.0,4.3,6.800000000000001,-31.3,48.9,19.799999999999997,16
1906,31917.0,0.1,-0.1,-1.1,-1.7000000000000002,3.9000000000000004,7.7,-41.50000000000001,34.1,36.6,16
1907,31936.0,1.0,-0.4,-0.30000000000000004,-0.7000000000000001,3.6,8.5,-36.0,2.0,43.4,16
1908,31950.0,1.3,-0.2,-0.30000000000000004,-0.30000000000000004,3.7,8.6,-27.099999999999998,-11.4,42.1,16
1909,31967.0,1.5,0.1,-1.0,-0.1,3.9000000000000004,7.800000000000001,-6.600000000000001,-21.0,35.0,16
1910,31984.0,1.4000000000000001,0.6000000000000001,-1.8,-0.1,4.5,7.0,4.7,-13.100000000000001,27.5,16
1911,32001.0,1.2000000000000002,0.8,-1.9000000000000001,-0.4,4.9,7.0,7.1000000000000005,-4.800000000000001,23.900000000000006,16
1912,32017.0,1.0,1.2000000000000002,-1.6,-0.4,5.1000000000000005,7.2,12.100000000000001,16.6,19.799999999999997,16
1913,32034.0,1.0,1.5,-1.1,-0.5,5.5,7.6000000000000005,18.8,36.5,15.899999999999999,16
1914,32053.0,0.6000000000000001,1.7000000000000002,-0.7000000000000001,-1.0,5.800000000000001,8.0,20.400000000000002,45.099999999999994,13.6,16
1915,32067.0,0.5,1.8,-0.5,-1.2000000000000002,6.0,8.1,17.6,44.5,13.3,16
1916,32084.0,0.0,2.0,0.4,-1.7000000000000002,6.2,9.0,7.200000000000001,34.300000000000004,14.5,16
1917,32101.0,-0.4,2.0,1.7000000000000002,-2.2,6.2,10.3,2.3,24.400000000000002,16.3,16
1918,32117.0,-0.4,1.9000000000000001,2.2,-2.2,6.2,10.8,0.7,-1.7,21.900000000000002,16
1919,32134.0,0.0,1.7000000000000002,2.4000000000000004,-1.7000000000000002,6.1000000000000005,11.100000000000001,12.4,-27.9,26.300000000000004,16
1920,32151.0,0.6000000000000001,1.4000000000000001,1.5,-0.9,5.800000000000001,10.100000000000001,19.0,-36.2,25.900000000000002,16
1921,32171.0,1.0,1.2000000000000002,1.1,-0.4,5.7,9.700000000000001,22.4,-41.1,9.4,16
1922,32184.0,0.9,1.1,1.2000000000000002,-0.4,5.6000000000000005,9.9,22.2,-34.900000000000006,0.5,16
1923,32201.0,0.5,1.0,1.7000000000000002,-0.7000000000000001,5.6000000000000005,10.4,23.6,-26.6,-8.3,16
1924,32217.0,0.4,0.9,1.7000000000000002,-0.9,5.6000000000000005,10.3,34.1,-19.799999999999997,-22.5,16
1925,32235.0,0.5,1.2000000000000002,1.1,-0.7000000000000001,6.0,9.600000000000001,45.7,-17.300000000000004,-29.900000000000006,16
1926,32253.0,0.5,1.2000000000000002,0.1,-0.7000000000000001,6.2,8.6,41.0,-18.8,-34.50000000000001,16
1927,32274.0,0.2,1.6,-0.1,-1.0,6.6000000000000005,8.4,12.200000000000001,-8.600000000000001,-35.9,16
1928,32285.0,-0.30000000000000004,1.7000000000000002,0.6000000000000001,-1.6,6.7,9.1,-9.2,-1.4,-34.60000000000001,16
1929,32301.0,-0.9,1.5,1.8,-2.5,5.9,11.600000000000001,-28.500000000000004,1.6,-30.599999999999998,16
1930,32317.0,-1.0,0.6000000000000001,4.3,-2.3000000000000003,5.4,12.9,-39.0,-6.600000000000001,-13.3,16
1931,32334.0,0.2,-0.5,4.7,-1.1,4.2,13.3,-7.500000000000001,-24.1,-1.3,16
1932,32352.0,1.7000000000000002,-1.0,2.4000000000000004,0.5,3.8000000000000003,11.100000000000001,27.9,-41.7,-8.2,16
1933,32369.0,2.1,-1.0,1.1,1.1,3.9000000000000004,8.700000000000001,37.7,-45.7,-17.200000000000003,16
1934,32384.0,2.1,-1.0,-0.7000000000000001,1.1,3.9000000000000004,7.9,41.900000000000006,-35.1,-36.5,16
1935,32400.0,1.6,-0.9,-1.4000000000000001,0.6000000000000001,4.1000000000000005,7.1000000000000005,34.1,-10.200000000000001,-50.900000000000006,16
1936,32417.0,1.1,-0.9,-1.4000000000000001,0.0,4.2,7.1000000000000005,28.600000000000005,1.7,-54.1,16
1937,32434.0,0.30000000000000004,-0.9,-0.9,-0.9,4.2,7.6000000000000005,19.9,14.400000000000002,-51.4,16
1938,32450.0,-0.30000000000000004,-1.2000000000000002,-0.5,-1.6,3.9000000000000004,8.0,18.700000000000003,14.100000000000001,-41.900000000000006,16
1939,32470.0,-0.30000000000000004,-1.6,-0.7000000000000001,-1.7000000000000002,3.6,7.6000000000000005,22.700000000000003,0.9000000000000001,-30.699999999999996,16
1940,32484.0,-0.30000000000000004,-1.6,-0.7000000000000001,-1.7000000000000002,3.4000000000000004,7.5,22.700000000000003,0.9000000000000001,-30.699999999999996,16
1941,32501.0,-0.30000000000000004,-2.0,-1.1,-1.7000000000000002,3.2,7.2,27.9,-26.300000000000004,-25.900000000000002,16
1942,32517.0,-0.30000000000000004,-2.0,-1.4000000000000001,-1.7000000000000002,3.2,6.9,29.800000000000004,-32.400000000000006,-25.6,16
1943,32534.0,-0.30000000000000004,-1.9000000000000001,-2.1,-1.6,3.5,6.1000000000000005,30.699999999999996,-40.9,-22.9,16
1944,32552.0,-0.4,-1.6,-2.7,-1.6,3.8000000000000003,5.4,21.900000000000002,-38.50000000000001,-18.4,16
1945,32572.0,-0.4,-1.4000000000000001,-2.8000000000000003,-1.6,3.9000000000000004,5.300000000000001,6.4,-30.799999999999997,-14.600000000000001,16
1946,32584.0,-0.5,-1.4000000000000001,-2.6,-1.6,4.0,5.5,-0.9000000000000001,-25.4,-12.5,16
1947,32601.0,-0.6000000000000001,-1.4000000000000001,-2.0,-1.7000000000000002,4.0,6.2,-10.0,-10.8,-7.500000000000001,16
1948,32617.0,-0.6000000000000001,-1.4000000000000001,-1.6,-1.8,3.9000000000000004,6.6000000000000005,-11.4,-3.6000000000000005,-4.7,16
1949,32634.0,-0.7000000000000001,-1.3,-1.0,-1.9000000000000001,3.9000000000000004,7.2,-11.1,8.600000000000001,-0.5,16
1950,32650.0,-0.7000000000000001,-1.3,-0.5,-1.9000000000000001,3.9000000000000004,7.7,-9.0,9.2,3.3000000000000007,16
1951,32672.0,-0.6000000000000001,-1.3,-0.4,-1.8,3.9000000000000004,7.7,-3.0,2.4000000000000004,7.1000000000000005,16
1952,32684.0,-0.5,-1.3,-0.5,-1.6,3.9000000000000004,7.6000000000000005,0.1,-2.4000000000000004,8.600000000000001,16
1953,32700.0,-0.30000000000000004,-1.1,-0.6000000000000001,-1.4000000000000001,4.1000000000000005,7.6000000000000005,4.0,-9.5,8.3,16
1954,32717.0,-0.2,-1.1,-0.6000000000000001,-1.4000000000000001,4.2,7.5,6.300000000000001,-11.4,7.500000000000001,16
1955,32734.0,-0.2,-0.7000000000000001,-0.9,-1.3,4.5,7.2,7.0,-6.8,6.2,16
1956,32750.0,-0.1,-0.4,-1.0,-1.2000000000000002,4.800000000000001,7.1000000000000005,-1.0,4.9,5.300000000000001,16
1957,32769.0,-0.30000000000000004,-0.2,-0.2,-1.4000000000000001,5.0,7.9,-13.3,18.6,4.5,16
1958,32785.0,-0.5,-0.1,0.30000000000000004,-1.6,5.1000000000000005,8.5,-18.1,24.400000000000002,4.7,16
1959,32801.0,-0.7000000000000001,0.30000000000000004,1.2000000000000002,-1.9000000000000001,5.4,9.3,-22.6,27.700000000000003,6.1000000000000005,16
1960,32817.0,-0.7000000000000001,0.5,1.1,-2.0,5.5,9.3,-24.3,27.099999999999998,7.699999999999999,16
1961,32834.0,-0.6000000000000001,0.5,1.0,-1.9000000000000001,5.6000000000000005,9.200000000000001,-33.800000000000004,24.400000000000002,12.299999999999999,16
1962,32850.0,-0.6000000000000001,0.5,0.9,-1.9000000000000001,5.6000000000000005,9.3,-62.800000000000004,37.0,16.3,16
1963,32871.0,-1.0,0.8,2.6,-2.5,5.4,11.100000000000001,-103.7,47.7,20.2,16
1964,32884.0,-1.2000000000000002,0.6000000000000001,4.0,-2.8000000000000003,5.0,12.600000000000001,-116.5,44.8,24.0,16
1965,32901.0,-1.0,0.1,6.300000000000001,-2.6,4.3,15.100000000000001,-108.90000000000002,24.900000000000002,32.9,16
1966,32917.0,0.2,-0.2,6.2,-1.3,3.7,15.100000000000001,-58.7,-5.300000000000001,30.699999999999996,16
1967,32935.0,0.8,-0.4,5.0,-0.8,3.5,13.9,-28.3,-16.3,22.700000000000003,16
1968,32950.0,1.2000000000000002,-0.30000000000000004,1.6,-0.30000000000000004,3.6,10.600000000000001,19.1,-23.3,-0.9000000000000001,16
1969,32969.0,0.8,-0.1,-1.2000000000000002,-0.6000000000000001,3.9000000000000004,7.800000000000001,39.9,-11.1,-20.400000000000002,16
1970,32985.0,0.5,0.0,-2.1,-0.9,4.0,6.800000000000001,41.800000000000004,-0.8,-26.000000000000004,16
1971,33001.0,-0.1,0.2,-3.5,-1.6,4.3,5.300000000000001,32.1,22.000000000000004,-26.300000000000004,16
1972,33017.0,-0.5,0.30000000000000004,-4.1000000000000005,-2.2,4.5,4.7,6.500000000000001,35.599999999999994,-15.299999999999999,16
1973,33034.0,-0.7000000000000001,0.30000000000000004,-4.0,-2.4000000000000004,4.5,4.7,-10.5,37.0,-6.600000000000001,16
1974,33050.0,-0.9,0.2,-3.3000000000000003,-2.7,4.3,5.5,-41.50000000000001,29.800000000000004,15.899999999999999,16
1975,33069.0,-0.6000000000000001,-0.1,-2.0,-2.5,3.8000000000000003,6.7,-57.699999999999996,15.2,40.7,16
1976,33084.0,-0.30000000000000004,-0.30000000000000004,-1.5,-2.1,3.5,7.300000000000001,-57.20000000000001,6.4,51.2,16
1977,33101.0,0.5,-0.7000000000000001,-1.1,-1.2000000000000002,3.1,7.800000000000001,-41.199999999999996,-10.4,61.39999999999999,16
1978,33117.0,1.3,-0.6000000000000001,-1.5,-0.2,3.1,7.4,-20.400000000000002,-24.900000000000002,55.3,16
1979,33134.0,1.6,-0.30000000000000004,-1.7000000000000002,0.1,3.4000000000000004,7.2,-13.000000000000002,-29.800000000000004,47.900000000000006,16
1980,33151.0,1.3,0.2,-1.8,0.0,3.9000000000000004,7.1000000000000005,-0.8,-26.200000000000003,33.6,16
1981,33176.0,0.8,0.6000000000000001,-1.8,-0.4,4.3,7.1000000000000005,11.900000000000002,-9.899999999999999,27.3,16
1982,33184.0,0.7000000000000001,0.8,-1.8,-0.6000000000000001,4.5,7.1000000000000005,16.200000000000003,-2.2,25.5,16
1983,33200.0,0.30000000000000004,1.2000000000000002,-1.4000000000000001,-0.9,5.0,7.4,18.1,8.700000000000001,22.4,16
1984,33217.0,-0.30000000000000004,1.6,-0.9,-1.5,5.5,7.9,11.1,15.8,25.300000000000004,16
1985,33234.0,-0.4,1.7000000000000002,-0.4,-1.6,5.7,8.4,4.7,16.3,29.600000000000005,16
1986,33250.0,-0.4,1.8,1.2000000000000002,-1.6,5.7,10.0,-7.8,6.1000000000000005,36.7,16
1987,33272.0,-0.1,1.8,2.8000000000000003,-1.3,5.7,11.700000000000001,-6.1000000000000005,-13.8,38.400000000000006,16
1988,33284.0,0.0,1.7000000000000002,3.3000000000000003,-1.0,5.6000000000000005,12.100000000000001,2.2,-21.8,37.0,16
1989,33301.0,0.5,1.5,3.0,-0.4,5.6000000000000005,11.8,22.5,-29.500000000000004,28.400000000000002,16
1990,33317.0,0.7000000000000001,1.5,2.1,-0.1,5.7,11.0,31.3,-34.1,13.200000000000003,16
1991,33334.0,0.8,1.6,1.9000000000000001,0.0,5.800000000000001,10.700000000000001,30.4,-33.400000000000006,5.8,16
1992,33350.0,1.3,1.7000000000000002,2.2,0.6000000000000001,6.0,11.0,29.600000000000005,-24.7,-11.8,16
1993,33368.0,1.5,1.9000000000000001,2.2,0.8,6.300000000000001,11.0,44.7,-12.299999999999999,-36.6,16
1994,33384.0,1.4000000000000001,2.1,1.8,0.7000000000000001,6.7,10.600000000000001,53.400000000000006,-2.8,-49.1,16
1995,33400.0,0.30000000000000004,2.9000000000000004,0.8,-0.5,7.6000000000000005,9.5,55.0,17.300000000000004,-65.10000000000001,16
1996,33417.0,-1.0,3.2,0.6000000000000001,-1.9000000000000001,8.0,9.200000000000001,30.4,25.1,-58.60000000000001,16
1997,33434.0,-1.3,3.0,1.0,-2.4000000000000004,7.800000000000001,9.600000000000001,11.1,25.300000000000004,-47.2,16
1998,33450.0,-0.8,1.7000000000000002,3.0,-2.0,6.5,11.600000000000001,-20.400000000000002,5.4,-20.599999999999998,16
1999,33476.0,1.0,0.6000000000000001,4.3,0.8,5.0,12.8,-12.4,-16.4,-6.300000000000001,16
2000,33484.0,1.9000000000000001,0.2,4.1000000000000005,0.8,5.0,12.8,2.9,-22.1,-8.600000000000001,16
2001,33501.0,2.8000000000000003,-0.2,2.3000000000000003,1.8,4.6000000000000005,11.100000000000001,28.1,-25.300000000000004,-27.6,16
2002,33517.0,2.8000000000000003,-0.4,1.5,1.6,4.5,9.600000000000001,34.300000000000004,-25.7,-48.0,16
2003,33534.0,2.4000000000000004,-0.6000000000000001,0.5,1.1,4.2,8.8,33.50000000000001,-22.5,-55.400000000000006,16
2004,33550.0,1.9000000000000001,-0.9,0.0,0.8,4.1000000000000005,8.6,32.400000000000006,-9.3,-66.1,16
2005,33569.0,1.6,-1.2000000000000002,-0.30000000000000004,0.4,3.9000000000000004,8.200000000000001,34.7,7.400000000000001,-71.8,16
2006,33585.0,1.1,-1.6,-0.8,-0.30000000000000004,3.6,7.7,37.800000000000004,23.6,-71.9,16
2007,33600.0,0.8,-1.8,-1.1,-0.6000000000000001,3.4000000000000004,7.300000000000001,38.400000000000006,27.700000000000003,-69.5,16
2008,33617.0,0.6000000000000001,-2.2,-1.6,-1.0,3.1,6.7,34.400000000000006,26.6,-62.800000000000004,16
2009,33634.0,0.5,-2.3000000000000003,-1.6,-1.5,2.7,6.7,31.799999999999997,21.1,-59.40000000000001,16
2010,33650.0,0.2,-2.9000000000000004,-1.5,-1.7000000000000002,2.4000000000000004,6.7,32.7,3.9,-52.2,16
2011,33668.0,0.30000000000000004,-3.5,-1.6,-1.6,1.9000000000000001,6.5,45.6,-15.5,-47.3,16
2012,33684.0,0.5,-3.7,-2.6,-1.4000000000000001,1.8,5.4,60.8,-31.2,-48.0,16
2013,33700.0,0.5,-3.6,-3.1,-1.4000000000000001,1.9000000000000001,4.800000000000001,63.4,-38.1,-49.50000000000001,16
2014,33717.0,0.4,-3.2,-3.9000000000000004,-1.5,2.4000000000000004,3.9000000000000004,57.00000000000001,-50.60000000000001,-50.60000000000001,16
2015,33734.0,0.2,-2.7,-4.1000000000000005,-1.7000000000000002,3.0,3.6,40.1,-55.1,-47.80000000000001,16
2016,33750.0,0.0,-2.5,-4.0,-1.8,3.2,3.7,31.099999999999998,-53.599999999999994,-45.6,16
2017,33772.0,-0.30000000000000004,-1.8,-3.7,-2.0,3.8000000000000003,4.0,12.8,-38.900000000000006,-39.8,16
2018,33784.0,-0.8,-1.2000000000000002,-2.9000000000000004,-2.6,4.5,4.800000000000001,-5.300000000000001,-16.3,-31.799999999999997,16
2019,33800.0,-1.1,-0.9,-2.3000000000000003,-2.9000000000000004,4.7,5.4,-13.000000000000002,-3.6000000000000005,-25.7,16
2020,33817.0,-1.3,-0.5,-0.9,-3.2,5.1000000000000005,6.7,-23.800000000000004,17.6,-10.4,16
2021,33834.0,-1.3,-0.4,0.30000000000000004,-3.2,5.1000000000000005,8.1,-28.200000000000003,18.3,2.9,16
2022,33850.0,-1.3,-0.30000000000000004,0.7000000000000001,-3.2,5.1000000000000005,8.5,-28.400000000000002,9.700000000000001,7.6,16
2023,33869.0,-1.3,0.0,1.2000000000000002,-3.2,5.300000000000001,9.1,-30.1,-13.6,15.100000000000001,16
2024,33884.0,-1.3,0.30000000000000004,1.7000000000000002,-3.1,5.6000000000000005,9.700000000000001,-33.50000000000001,-35.0,20.8,16
2025,33900.0,-1.3,0.4,2.2,-3.0,5.7,10.100000000000001,-34.60000000000001,-41.0,23.0,16
2026,33917.0,-1.1,0.8,3.0,-2.7,6.0,11.100000000000001,-27.9,-41.4,26.300000000000004,16
2027,33935.0,-1.0,0.8,3.2,-2.4000000000000004,6.0,11.3,-10.200000000000001,-24.3,26.000000000000004,16
2028,33950.0,-0.8,1.0,2.8000000000000003,-2.3000000000000003,6.1000000000000005,11.0,-1.9,-11.900000000000002,25.5,16
2029,33969.0,-1.1,1.1,1.7000000000000002,-2.5,6.300000000000001,9.9,1.1,12.200000000000001,25.300000000000004,16
2030,33985.0,-1.6,1.3,0.5,-3.0,6.4,8.700000000000001,-28.500000000000004,26.6,38.300000000000004,16
2031,34000.0,-1.7000000000000002,1.3,0.4,-3.1,6.4,8.700000000000001,-56.400000000000006,26.200000000000003,49.1,16
2032,34017.0,-1.8,0.30000000000000004,2.4000000000000004,-3.2,5.2,10.8,-109.50000000000001,2.1,70.0,16
2033,34036.0,-0.9,-0.7000000000000001,4.4,-2.0,3.8000000000000003,13.100000000000001,-113.2,-33.2,82.39999999999999,16
2034,34052.0,-0.2,-1.1,4.5,-1.3,3.3000000000000003,13.3,-95.0,-43.1,80.4,16
2035,34079.0,1.0,-1.4000000000000001,1.3,0.30000000000000004,2.8000000000000003,10.200000000000001,-21.0,-42.400000000000006,41.800000000000004,16
2036,34084.0,0.9,-1.2000000000000002,0.0,0.30000000000000004,3.1,8.9,-4.6,-30.5,24.1,16
2037,34101.0,0.6000000000000001,-0.9,-1.1,0.0,3.3000000000000003,7.800000000000001,5.8,-13.000000000000002,9.2,16
2038,34117.0,-0.30000000000000004,-0.4,-2.4000000000000004,-1.0,3.8000000000000003,6.4,10.5,33.6,-6.699999999999999,16
2039,34134.0,-1.2000000000000002,-0.30000000000000004,-2.8000000000000003,-2.1,3.9000000000000004,6.1000000000000005,-0.8,71.0,-4.7,16
2040,34150.0,-1.7000000000000002,-0.4,-2.7,-2.7,3.9000000000000004,6.1000000000000005,-10.200000000000001,81.50000000000001,2.3,16
2041,34171.0,-1.9000000000000001,-0.6000000000000001,-2.2,-3.1,3.6,6.6000000000000005,-26.5,78.5,26.1,16
2042,34187.0,-1.0,-1.0,-1.9000000000000001,-2.4000000000000004,3.0,6.9,-32.8,45.5,52.400000000000006,16
2043,34200.0,-0.4,-1.2000000000000002,-1.7000000000000002,-1.8,2.8000000000000003,7.1000000000000005,-32.1,24.8,60.400000000000006,16
2044,34217.0,0.5,-1.4000000000000001,-1.8,-0.7000000000000001,2.5,7.0,-21.6,-14.100000000000001,61.300000000000004,16
2045,34234.0,0.9,-1.0,-2.5,-0.2,2.9000000000000004,6.300000000000001,-10.0,-36.8,49.800000000000004,16
2046,34250.0,0.9,-0.7000000000000001,-2.9000000000000004,-0.1,3.6,5.9,-5.9,-37.800000000000004,43.4,16
2047,34268.0,0.6000000000000001,0.0,-2.8000000000000003,-0.2,3.9000000000000004,6.0,0.0,-21.8,34.400000000000006,16
2048,34287.0,0.5,0.7000000000000001,-2.5,-0.30000000000000004,4.6000000000000005,6.300000000000001,3.5,7.500000000000001,31.5,16
2049,34300.0,0.6000000000000001,1.0,-2.3000000000000003,-0.2,5.0,6.5,3.4,20.400000000000002,30.799999999999997,16
2050,34317.0,0.5,1.6,-1.7000000000000002,-0.30000000000000004,5.6000000000000005,7.1000000000000005,-2.2,34.0,28.500000000000004,16
2051,34334.0,0.4,1.9000000000000001,-1.0,-0.5,5.9,7.800000000000001,-14.0,34.300000000000004,26.400000000000006,16
2052,34350.0,0.30000000000000004,2.0,-0.4,-0.7000000000000001,6.1000000000000005,9.200000000000001,-20.8,31.3,25.0,16
2053,34370.0,0.30000000000000004,2.3000000000000003,1.3,-0.7000000000000001,6.2,10.100000000000001,-28.400000000000002,34.900000000000006,21.0,16
2054,34384.0,0.30000000000000004,2.5,3.3000000000000003,-0.8,6.4,12.200000000000001,-16.700000000000003,51.0,16.8,16
2055,34400.0,0.2,2.4000000000000004,3.9000000000000004,-1.0,6.300000000000001,12.8,-1.7,59.1,15.2,16
2056,34417.0,0.30000000000000004,2.5,3.6,-1.0,6.5,12.4,28.1,51.2,12.5,16
2057,34434.0,0.5,2.6,3.2,-0.9,6.7,12.0,37.400000000000006,13.8,5.9,16
2058,34450.0,0.7000000000000001,2.7,3.3000000000000003,-0.6000000000000001,7.0,12.100000000000001,40.9,-22.2,-1.8000000000000003,16
2059,34468.0,0.9,2.8000000000000003,3.2,-0.4,7.2,11.9,45.7,-35.699999999999996,-5.4,16
2060,34484.0,1.2000000000000002,3.2,2.0,0.0,7.800000000000001,10.8,54.0,-51.4,-13.000000000000002,16
2061,34500.0,0.7000000000000001,3.3000000000000003,0.9,-0.30000000000000004,8.0,9.600000000000001,43.4,-48.9,-17.5,16
2062,34517.0,0.5,3.2,0.8,-0.5,8.0,9.4,29.600000000000005,-39.2,-15.6,16
2063,34534.0,0.30000000000000004,2.5,2.1,-0.7000000000000001,7.300000000000001,10.8,-7.9,-5.9,-9.700000000000001,16
2064,34550.0,0.5,1.3,5.0,-0.5,6.0,13.700000000000001,-19.5,18.8,-6.8,16
2065,34568.0,0.9,0.6000000000000001,5.9,-0.2,5.300000000000001,14.700000000000001,-3.8,29.0,-7.1000000000000005,16
2066,34584.0,1.9000000000000001,-0.6000000000000001,4.7,0.7000000000000001,4.2,13.4,48.9,33.300000000000004,-16.0,16
2067,34600.0,2.3000000000000003,-0.8,1.5,1.1,4.3,10.100000000000001,76.4,13.900000000000002,-32.0,16
2068,34617.0,2.2,-0.7000000000000001,0.30000000000000004,0.9,4.4,8.8,74.7,4.7,-38.300000000000004,16
2069,34634.0,1.8,-0.8,-0.9,0.5,4.5,7.5,55.7,0.30000000000000004,-44.4,16
2070,34650.0,1.2000000000000002,-1.0,-0.9,-0.30000000000000004,4.4,7.4,34.300000000000004,6.600000000000001,-43.1,16
2071,34674.0,0.9,-1.3,-0.5,-0.6000000000000001,4.1000000000000005,7.800000000000001,22.6,19.400000000000002,-36.7,16
2072,34684.0,0.8,-1.5,-0.4,-0.8,3.9000000000000004,7.800000000000001,21.200000000000003,26.5,-33.6,16
2073,34702.0,0.7000000000000001,-2.2,-0.30000000000000004,-1.0,3.2,7.9,23.400000000000002,32.6,-27.5,16
2074,34717.0,0.7000000000000001,-2.6,-0.2,-1.2000000000000002,2.8000000000000003,7.9,27.400000000000002,30.200000000000003,-25.5,16
2075,34734.0,0.7000000000000001,-3.5,-0.6000000000000001,-1.2000000000000002,2.1,7.5,40.1,11.000000000000002,-26.5,16
2076,34750.0,0.9,-3.8000000000000003,-1.4000000000000001,-1.0,1.8,6.5,51.4,-11.700000000000001,-32.5,16
2077,34773.0,1.0,-3.9000000000000004,-2.2,-0.9,1.8,5.6000000000000005,53.400000000000006,-29.900000000000006,-42.7,16
2078,34784.0,0.9,-3.8000000000000003,-2.6,-1.0,2.0,5.2,51.4,-34.400000000000006,-47.5,16
2079,34800.0,0.4,-3.6,-3.1,-1.5,2.2,4.6000000000000005,44.10000000000001,-41.6,-50.8,16
2080,34817.0,0.30000000000000004,-3.5,-3.1,-1.6,2.4000000000000004,4.6000000000000005,40.7,-43.1,-49.199999999999996,16
2081,34834.0,0.1,-3.2,-3.0,-1.8,2.7,4.6000000000000005,36.9,-37.0,-43.900000000000006,16
2082,34850.0,0.0,-2.8000000000000003,-2.9000000000000004,-1.9000000000000001,3.1,4.6000000000000005,35.1,-26.799999999999997,-36.2,16
2083,34868.0,0.0,-2.4000000000000004,-2.8000000000000003,-2.0,3.9000000000000004,4.800000000000001,32.9,-20.5,-32.300000000000004,16
2084,34884.0,-0.2,-1.8,-2.5,-2.2,4.2,4.9,24.900000000000002,-8.899999999999999,-23.5,16
2085,34900.0,-0.30000000000000004,-1.5,-2.2,-2.3000000000000003,4.800000000000001,5.4,12.7,1.0,-12.100000000000001,16
2086,34917.0,-0.5,-1.1,-1.6,-2.5,4.9,5.800000000000001,5.500000000000001,5.7,-6.1000000000000005,16
2087,34934.0,-1.1,-1.0,-0.8,-3.1,5.0,6.6000000000000005,-7.9,10.200000000000001,6.4,16
2088,34950.0,-1.4000000000000001,-0.8,-0.2,-3.4000000000000004,5.2,7.2,-20.2,5.1000000000000005,21.300000000000004,16
2089,34976.0,-1.3,-0.7000000000000001,0.4,-3.3000000000000003,5.2,7.800000000000001,-33.0,-5.7,36.300000000000004,16
2090,34984.0,-1.3,-0.6000000000000001,0.8,-3.2,5.2,8.200000000000001,-39.0,-12.7,42.60000000000001,16
2091,35000.0,-1.0,-0.5,1.5,-2.7,5.300000000000001,9.1,-46.50000000000001,-21.8,50.60000000000001,16
2092,35017.0,-0.9,-0.30000000000000004,1.9000000000000001,-2.4000000000000004,5.5,10.3,-46.6,-26.6,51.2,16
2093,35034.0,-0.8,0.1,2.9000000000000004,-2.3000000000000003,5.7,10.700000000000001,-35.2,-30.4,46.800000000000004,16
2094,35050.0,-0.6000000000000001,0.8,2.8000000000000003,-1.9000000000000001,6.4,10.600000000000001,-15.2,-22.1,41.199999999999996,16
2095,35068.0,-0.6000000000000001,1.3,1.8,-1.9000000000000001,6.9,9.700000000000001,-7.200000000000001,-12.5,39.1,16
2096,35084.0,-0.6000000000000001,1.5,1.0,-1.8,7.1000000000000005,8.8,-4.7,11.700000000000001,38.50000000000001,16
2097,35100.0,-0.5,1.9000000000000001,0.1,-1.7000000000000002,7.5,8.0,-37.1,43.2,36.1,16
2098,35123.0,-1.4000000000000001,1.6,2.0,-2.8000000000000003,7.0,10.0,-79.1,61.39999999999999,32.2,16
2099,35137.0,-1.9000000000000001,1.0,4.7,-3.4000000000000004,6.2,12.9,-87.50000000000001,62.1,33.0,16
2100,35196.0,0.5,0.0,1.3,-0.6000000000000001,4.9,8.9,-11.8,-16.4,34.400000000000006,16
2101,35208.0,0.8,-0.2,-0.30000000000000004,-0.5,4.800000000000001,8.200000000000001,-7.400000000000001,-32.2,18.6,16
2102,35218.0,0.8,-0.2,-0.30000000000000004,-0.7000000000000001,4.800000000000001,7.6000000000000005,-8.5,-30.4,10.9,16
2103,35234.0,0.2,-0.2,-1.2000000000000002,-1.0,4.7,7.300000000000001,-11.000000000000002,-25.4,5.6,16
2104,35250.0,-0.5,-0.7000000000000001,-1.4000000000000001,-1.7000000000000002,4.2,7.1000000000000005,-15.000000000000002,-10.200000000000001,3.4,16
2105,35270.0,-0.5,-1.1,-1.6,-1.7000000000000002,3.8000000000000003,6.9,-13.000000000000002,4.5,6.9,16
2106,35284.0,-0.30000000000000004,-1.2000000000000002,-1.7000000000000002,-1.5,3.6,6.800000000000001,-9.2,10.5,9.2,16
2107,35300.0,0.0,-1.7000000000000002,-2.1,-1.2000000000000002,3.2,6.4,2.7,17.7,10.9,16
2108,35317.0,0.30000000000000004,-1.8,-2.6,-1.0,3.0,5.800000000000001,13.3,18.200000000000003,9.899999999999999,16
2109,35334.0,0.4,-1.8,-3.0,-0.9,3.1,5.4,16.1,13.399999999999999,8.3,16
2110,35350.0,0.30000000000000004,-1.3,-3.6,-1.0,3.6,4.800000000000001,13.8,6.9,4.4,16
2111,35367.0,0.2,-1.0,-3.6,-1.1,3.9000000000000004,4.7,9.899999999999999,5.300000000000001,4.4,16
2112,35387.0,-0.2,-0.1,-3.2,-1.5,4.800000000000001,5.0,-2.2,3.6000000000000005,12.600000000000001,16
2113,35400.0,-0.2,0.2,-3.2,-1.5,5.1000000000000005,5.1000000000000005,-6.4,3.7000000000000006,16.3,16
2114,35417.0,0.1,0.8,-2.9000000000000004,-1.2000000000000002,5.7,5.4,-18.4,8.2,23.400000000000002,16
2115,35434.0,0.2,1.1,-2.5,-1.1,6.0,5.800000000000001,-26.5,13.6,25.7,16
2116,35450.0,-0.1,1.4000000000000001,-1.4000000000000001,-1.3,6.2,6.9,-40.2,27.099999999999998,28.3,16
2117,35472.0,-0.30000000000000004,1.7000000000000002,0.30000000000000004,-1.6,6.4,8.6,-48.400000000000006,37.300000000000004,30.000000000000004,16
2118,35483.0,-0.1,1.9000000000000001,1.4000000000000001,-1.5,6.6000000000000005,9.8,-46.800000000000004,36.6,30.000000000000004,16
2119,35500.0,0.1,2.3000000000000003,3.1,-1.3,6.9,11.5,-26.1,30.1,26.1,16
2120,35517.0,0.5,2.7,3.0,-1.0,7.300000000000001,11.5,0.5,18.3,18.900000000000002,16
2121,35534.0,0.6000000000000001,2.8000000000000003,2.8000000000000003,-0.8,7.4,11.3,8.4,10.8,13.900000000000002,16
2122,35550.0,0.30000000000000004,2.7,3.2,-1.1,7.4,11.700000000000001,18.200000000000003,-0.30000000000000004,3.2,16
2123,35569.0,0.2,2.7,3.1,-1.2000000000000002,7.5,11.600000000000001,28.200000000000003,-17.7,-5.8,16
2124,35584.0,0.4,3.0,2.8000000000000003,-1.0,7.800000000000001,11.3,32.7,-28.200000000000003,-11.4,16
2125,35601.0,0.5,3.3000000000000003,2.2,-0.8,8.200000000000001,10.600000000000001,35.599999999999994,-33.0,-20.0,16
2126,35617.0,0.4,3.3000000000000003,1.9000000000000001,-0.8,8.4,10.3,27.0,-15.8,-21.0,16
2127,35634.0,0.2,3.3000000000000003,2.0,-1.4000000000000001,7.9,10.9,17.200000000000003,-1.5,-20.7,16
2128,35653.0,-0.30000000000000004,2.3000000000000003,3.3000000000000003,-1.6,7.4,11.700000000000001,-6.300000000000001,16.6,-18.200000000000003,16
2129,35667.0,0.0,1.0,5.0,-1.4000000000000001,6.0,13.5,-4.5,10.8,-13.200000000000003,16
2130,35684.0,0.4,0.30000000000000004,5.0,-1.0,5.4,13.5,11.8,5.500000000000001,-12.100000000000001,16
2131,35700.0,1.4000000000000001,-0.7000000000000001,2.7,-0.1,4.5,11.100000000000001,51.4,-11.3,-16.4,16
2132,35717.0,2.0,-0.9,-0.30000000000000004,0.6000000000000001,4.4,8.0,65.0,-29.0,-26.300000000000004,16
2133,35734.0,2.0,-1.0,-1.4000000000000001,0.7000000000000001,4.4,6.1000000000000005,60.400000000000006,-31.2,-31.2,16
2134,35750.0,1.9000000000000001,-1.1,-2.6,0.6000000000000001,4.4,5.6000000000000005,38.2,-23.6,-38.1,16
2135,35767.0,1.5,-1.1,-2.6,0.2,4.5,5.6000000000000005,10.700000000000001,-11.1,-40.6,16
2136,35787.0,0.9,-1.1,-1.7000000000000002,-0.6000000000000001,4.4,6.4,-10.200000000000001,1.5,-36.400000000000006,16
2137,35800.0,0.5,-1.3,-1.2000000000000002,-0.9,4.2,7.0,-16.0,4.4,-32.0,16
2138,35817.0,0.2,-1.9000000000000001,-0.2,-1.3,3.5,8.0,-15.899999999999999,0.4,-23.5,16
2139,35834.0,0.2,-2.5,0.2,-1.3,2.9000000000000004,8.4,-10.700000000000001,-6.1000000000000005,-21.200000000000003,16
2140,35852.0,0.2,-2.7,0.1,-1.3,2.7,8.3,5.6,-25.1,-22.700000000000003,16
2141,35870.0,0.1,-2.9000000000000004,-0.6000000000000001,-1.3,2.5,7.6000000000000005,22.9,-46.4,-27.9,16
2142,35884.0,0.0,-2.9000000000000004,-1.1,-1.4000000000000001,2.7,6.4,29.0,-55.2,-30.1,16
2143,35901.0,-0.2,-2.6,-2.2,-1.4000000000000001,2.8000000000000003,5.9,31.799999999999997,-64.2,-31.799999999999997,16
2144,35917.0,-0.4,-2.5,-2.8000000000000003,-1.5,3.0,5.2,26.200000000000003,-67.8,-31.5,16
2145,35934.0,-0.5,-2.2,-3.0,-1.5,3.3000000000000003,5.0,23.700000000000003,-66.3,-31.400000000000002,16
2146,35950.0,-0.4,-2.0,-3.1,-1.4000000000000001,3.6,4.9,20.8,-49.50000000000001,-31.9,16
2147,35967.0,-0.6000000000000001,-1.4000000000000001,-3.3000000000000003,-1.5,4.1000000000000005,4.6000000000000005,14.5,-20.0,-32.5,16
2148,35988.0,-1.0,-0.8,-2.8000000000000003,-2.1,4.7,5.1000000000000005,-0.30000000000000004,14.0,-26.700000000000003,16
2149,36000.0,-1.3,-0.5,-2.1,-2.4000000000000004,5.0,5.800000000000001,-8.5,29.600000000000005,-19.300000000000004,16
2150,36017.0,-1.5,-0.5,-0.5,-2.8000000000000003,5.0,7.4,-21.1,46.199999999999996,-0.1,16
2151,36034.0,-1.7000000000000002,-0.7000000000000001,1.0,-3.0,4.7,9.0,-24.599999999999998,38.800000000000004,18.0,16
2152,36050.0,-1.6,-0.6000000000000001,1.5,-3.0,4.7,9.5,-23.6,29.0,26.9,16
2153,36067.0,-1.0,-0.6000000000000001,1.9000000000000001,-2.3000000000000003,4.7,9.9,-20.5,5.0,42.7,16
2154,36084.0,-0.30000000000000004,-1.0,2.2,-1.6,4.3,10.3,-21.0,-14.300000000000002,48.0,16
2155,36100.0,-0.1,-1.0,2.3000000000000003,-1.2000000000000002,4.2,10.4,-20.7,-19.5,45.7,16
2156,36117.0,0.0,-0.6000000000000001,2.4000000000000004,-1.1,4.6000000000000005,10.5,-14.600000000000001,-15.299999999999999,36.7,16
2157,36134.0,-0.5,-0.1,2.3000000000000003,-1.5,5.2,10.5,-4.5,2.2,28.200000000000003,16
2158,36152.0,-0.8,0.1,2.0,-1.8,5.300000000000001,10.200000000000001,-0.1,14.600000000000001,25.8,16
2159,36171.0,-0.8,0.30000000000000004,1.2000000000000002,-1.9000000000000001,5.5,9.4,3.1,40.6,26.1,16
2160,36184.0,-0.8,0.4,-0.2,-2.0,5.6000000000000005,8.0,-9.100000000000001,65.6,28.900000000000002,16
2161,36200.0,-0.7000000000000001,0.4,-0.7000000000000001,-1.9000000000000001,5.6000000000000005,7.5,-24.599999999999998,74.10000000000001,31.799999999999997,16
2162,36217.0,-0.8,0.1,-0.5,-2.3000000000000003,5.2,7.7,-72.10000000000001,81.8,36.6,16
2163,36234.0,-1.1,-0.1,0.4,-2.9000000000000004,4.5,10.200000000000001,-119.20000000000002,66.1,38.7,16
2164,36250.0,-1.5,-0.5,3.3000000000000003,-3.1,4.1000000000000005,11.8,-130.8,49.0,40.7,16
2165,36267.0,-1.2000000000000002,-0.9,5.4,-2.8000000000000003,3.4000000000000004,14.100000000000001,-117.5,3.1,45.0,16
2166,36284.0,-0.1,-0.8,4.800000000000001,-1.6,3.2,13.700000000000001,-67.00000000000001,-40.300000000000004,42.800000000000004,16
2167,36300.0,0.5,-0.6000000000000001,3.7,-0.9,3.3000000000000003,12.700000000000001,-39.400000000000006,-50.3,36.300000000000004,16
2168,36317.0,0.7000000000000001,-0.6000000000000001,1.0,-0.5,3.3000000000000003,10.0,3.8,-48.9,16.200000000000003,16
2169,36334.0,0.4,-0.5,-1.3,-0.6000000000000001,3.5,7.7,24.599999999999998,-24.7,-1.9,16
2170,36352.0,0.0,-0.2,-2.6,-1.1,3.8000000000000003,6.300000000000001,23.5,10.600000000000001,-10.299999999999999,16
2171,36367.0,-0.1,-0.2,-3.0,-1.3,3.9000000000000004,5.9,18.200000000000003,26.9,-10.8,16
2172,36384.0,-0.5,-0.1,-2.9000000000000004,-1.7000000000000002,4.0,5.9,6.0,46.9,-8.700000000000001,16
2173,36401.0,-0.6000000000000001,-0.30000000000000004,-2.6,-2.1,3.7,6.5,2.9,49.50000000000001,-5.6,16
2174,36417.0,-0.6000000000000001,-0.4,-2.3000000000000003,-2.1,3.7,6.5,7.1000000000000005,48.6,5.1000000000000005,16
2175,36434.0,-0.5,-0.4,-2.5,-2.1,3.7,6.2,14.300000000000002,37.800000000000004,15.000000000000002,16
2176,36455.0,-0.30000000000000004,-0.1,-2.9000000000000004,-2.0,4.1000000000000005,5.800000000000001,14.300000000000002,19.400000000000002,24.7,16
2177,36468.0,-0.1,0.1,-3.0,-1.8,4.4,5.6000000000000005,11.4,8.5,30.200000000000003,16
2178,36484.0,0.2,0.7000000000000001,-2.8000000000000003,-1.3,5.0,5.800000000000001,3.4,-8.700000000000001,40.300000000000004,16
2179,36500.0,0.4,0.8,-2.5,-1.0,5.300000000000001,6.4,-0.1,-14.300000000000002,42.900000000000006,16
2180,36517.0,0.6000000000000001,1.3,-1.9000000000000001,-0.8,5.6000000000000005,6.6000000000000005,-2.9,-18.200000000000003,42.3,16
2181,36534.0,0.7000000000000001,1.9000000000000001,-1.3,-0.7000000000000001,6.2,7.300000000000001,-2.1,-6.600000000000001,39.1,16
2182,36550.0,0.7000000000000001,2.0,-0.8,-0.6000000000000001,6.5,8.1,-1.0,4.1,37.1,16
2183,36567.0,0.6000000000000001,2.1,-0.1,-0.7000000000000001,6.6000000000000005,8.5,2.3,28.800000000000004,32.9,16
2184,36585.0,0.5,2.4000000000000004,0.6000000000000001,-0.8,6.800000000000001,9.1,3.4,39.2,29.800000000000004,16
2185,36600.0,0.6000000000000001,2.2,1.3,-0.8,6.7,9.9,3.4,37.6,28.500000000000004,16
2186,36617.0,0.7000000000000001,2.1,1.7000000000000002,-0.7000000000000001,6.7,10.3,6.500000000000001,19.300000000000004,23.900000000000006,16
2187,36634.0,1.2000000000000002,1.9000000000000001,2.1,-0.2,6.5,10.600000000000001,15.700000000000001,-3.9,16.3,16
2188,36650.0,1.3,1.8,2.1,0.0,6.5,10.600000000000001,24.8,-23.0,4.0,16
2189,36667.0,1.3,1.8,1.9000000000000001,0.0,6.5,10.4,28.200000000000003,-33.400000000000006,-3.8,16
2190,36687.0,1.2000000000000002,1.8,1.5,0.1,6.7,10.0,35.1,-48.0,-18.5,16
2191,36700.0,1.3,2.0,1.1,0.2,6.800000000000001,9.8,38.50000000000001,-48.50000000000001,-25.5,16
2192,36717.0,1.2000000000000002,1.9000000000000001,0.9,0.2,6.9,9.3,42.60000000000001,-33.0,-37.800000000000004,16
2193,36734.0,0.7000000000000001,2.0,0.6000000000000001,-0.4,7.1000000000000005,9.0,31.6,2.1,-45.7,16
2194,36751.0,-0.4,2.1,1.5,-1.6,7.2,9.8,0.1,24.3,-43.900000000000006,16
2195,36774.0,-0.5,1.3,3.6,-1.8,6.300000000000001,12.0,-23.0,23.5,-28.3,16
2196,36784.0,-0.2,0.6000000000000001,4.7,-1.6,5.6000000000000005,13.100000000000001,-22.2,15.8,-19.799999999999997,16
2197,36800.0,0.9,-0.8,4.800000000000001,-0.5,4.3,13.3,6.4,-17.5,-12.5,16
2198,36817.0,1.5,-1.0,3.8000000000000003,0.1,4.0,12.3,24.5,-36.0,-15.700000000000001,16
2199,36834.0,1.9000000000000001,-0.9,1.1,0.7000000000000001,4.3,9.5,43.6,-58.900000000000006,-28.200000000000003,16
2200,36851.0,1.7000000000000002,-0.7000000000000001,-0.9,0.6000000000000001,4.6000000000000005,7.5,35.699999999999996,-59.1,-35.9,16
2201,36872.0,1.4000000000000001,-0.6000000000000001,-1.6,0.4,4.7,6.800000000000001,12.4,-39.9,-39.300000000000004,16
2202,36884.0,1.2000000000000002,-0.9,-1.2000000000000002,0.2,4.4,7.1000000000000005,1.4,-27.800000000000004,-39.2,16
2203,36900.0,1.0,-1.4000000000000001,-0.1,0.0,3.8000000000000003,8.3,-4.9,-3.7000000000000006,-39.0,16
2204,36917.0,0.9,-1.8,0.4,-0.2,3.4000000000000004,8.8,1.5,7.300000000000001,-40.1,16
2205,36934.0,0.5,-2.6,0.7000000000000001,-0.7000000000000001,2.6,9.1,27.800000000000004,14.0,-43.900000000000006,16
2206,36950.0,0.30000000000000004,-2.8000000000000003,-0.2,-1.0,2.6,8.1,51.2,4.9,-48.9,16
2207,36970.0,0.0,-2.8000000000000003,-1.3,-1.3,2.7,6.800000000000001,57.49999999999999,-17.7,-51.6,16
2208,36984.0,0.0,-2.7,-1.6,-1.4000000000000001,2.8000000000000003,6.5,55.5,-25.8,-50.5,16
2209,37000.0,-0.2,-2.6,-2.0,-1.6,3.0,5.9,50.900000000000006,-37.400000000000006,-47.0,16
2210,37017.0,-0.2,-2.6,-2.3000000000000003,-1.6,3.1,5.7,48.9,-41.4,-44.300000000000004,16
2211,37034.0,-0.2,-2.4000000000000004,-2.8000000000000003,-1.5,3.3000000000000003,5.0,44.300000000000004,-43.900000000000006,-38.60000000000001,16
2212,37051.0,-0.2,-2.0,-3.3000000000000003,-1.5,3.8000000000000003,4.5,33.1,-42.1,-31.9,16
2213,37074.0,-0.30000000000000004,-1.6,-3.3000000000000003,-1.5,4.3,4.5,14.600000000000001,-35.5,-25.8,16
2214,37084.0,-0.30000000000000004,-1.4000000000000001,-3.0,-1.5,4.4,4.7,4.2,-29.300000000000004,-22.3,16
2215,37100.0,-0.6000000000000001,-1.2000000000000002,-1.8,-1.8,4.6000000000000005,5.9,-12.5,-8.8,-15.399999999999999,16
2216,37117.0,-0.7000000000000001,-1.1,-1.1,-1.9000000000000001,4.7,6.6000000000000005,-16.700000000000003,2.4000000000000004,-11.3,16
2217,37134.0,-0.8,-1.0,0.0,-2.1,4.7,7.800000000000001,-18.4,17.200000000000003,-3.4,16
2218,37150.0,-0.7000000000000001,-0.9,0.6000000000000001,-2.0,4.800000000000001,8.4,-13.200000000000003,10.600000000000001,2.5,16
2219,37169.0,-0.6000000000000001,-0.7000000000000001,0.6000000000000001,-2.0,4.9,8.4,-9.4,4.4,4.5,16
2220,37185.0,-0.6000000000000001,-0.5,0.4,-1.9000000000000001,5.2,8.200000000000001,-5.500000000000001,-5.4,7.699999999999999,16
2221,37200.0,-0.9,-0.30000000000000004,0.4,-2.1,5.300000000000001,8.3,-9.100000000000001,-7.500000000000001,10.600000000000001,16
2222,37217.0,-0.9,-0.2,0.6000000000000001,-2.2,5.4,8.5,-12.7,-6.600000000000001,12.7,16
2223,37234.0,-1.0,0.2,0.9,-2.3000000000000003,5.7,8.8,-17.6,-0.7,18.6,16
2224,37250.0,-0.6000000000000001,0.5,1.1,-1.8,6.0,9.1,-17.9,4.300000000000001,24.900000000000002,16
2225,37268.0,-0.4,0.5,1.2000000000000002,-1.5,6.0,9.1,-16.900000000000002,6.699999999999999,25.300000000000004,16
2226,37288.0,-0.4,0.6000000000000001,0.8,-1.6,6.0,8.8,-19.9,11.5,24.1,16
2227,37301.0,-0.4,0.6000000000000001,0.5,-1.6,6.0,8.6,-26.300000000000004,13.700000000000001,25.300000000000004,16
2228,37317.0,-0.4,0.7000000000000001,-0.2,-1.6,6.0,7.9,-57.60000000000001,22.9,29.400000000000002,16
2229,37334.0,-0.6000000000000001,0.8,0.0,-1.8,6.0,8.200000000000001,-84.69999999999999,27.400000000000002,30.9,16
2230,37352.0,-1.7000000000000002,0.5,2.7,-2.9000000000000004,5.300000000000001,11.100000000000001,-134.3,18.8,36.6,16
2231,37375.0,-1.5,-0.4,5.6000000000000005,-2.6,4.1000000000000005,14.3,-124.60000000000001,1.7,50.900000000000006,16
2232,37389.0,0.1,-1.0,4.800000000000001,-1.0,3.2,13.600000000000001,-61.9,-7.1000000000000005,48.800000000000004,16
2233,37400.0,0.7000000000000001,-1.3,3.2,-0.30000000000000004,2.9000000000000004,12.100000000000001,-30.599999999999998,-7.9,37.9,16
2234,37417.0,1.1,-0.9,-0.1,0.1,3.3000000000000003,8.8,4.1,-0.6000000000000001,8.4,16
2235,37435.0,0.9,-0.5,-1.2000000000000002,-0.1,3.7,7.6000000000000005,8.0,6.8,-3.8,16
2236,37450.0,0.30000000000000004,0.0,-2.1,-0.8,4.2,6.7,4.7,21.300000000000004,-14.900000000000002,16
2237,37467.0,-0.2,-0.1,-2.3000000000000003,-1.4000000000000001,4.1000000000000005,6.5,-2.0,35.699999999999996,-12.0,16
2238,37485.0,-0.4,-0.1,-2.3000000000000003,-1.7000000000000002,4.1000000000000005,6.5,-6.699999999999999,39.8,-8.8,16
2239,37500.0,-1.0,0.2,-1.7000000000000002,-2.4000000000000004,4.3,7.1000000000000005,-16.6,41.900000000000006,1.2000000000000002,16
2240,37517.0,-1.3,0.30000000000000004,-0.9,-2.7,4.4,7.800000000000001,-17.799999999999997,37.0,18.1,16
2241,37533.0,-1.0,0.2,-0.8,-2.6,4.3,7.9,-14.400000000000002,31.0,27.700000000000003,16
2242,37550.0,-0.30000000000000004,-0.1,-1.1,-1.8,4.1000000000000005,7.7,-3.1,13.200000000000003,40.0,16
2243,37571.0,0.30000000000000004,-0.1,-1.7000000000000002,-1.2000000000000002,4.0,7.0,7.0,-4.7,39.50000000000001,16
2244,37584.0,0.4,0.1,-2.0,-1.0,4.2,6.7,9.899999999999999,-11.000000000000002,36.2,16
2245,37600.0,0.4,0.7000000000000001,-2.4000000000000004,-0.9,4.9,6.300000000000001,11.1,-14.600000000000001,31.3,16
2246,37617.0,0.4,1.1,-2.1,-0.8,5.4,6.5,11.000000000000002,-7.699999999999999,31.400000000000002,16
2247,37633.0,0.4,1.2000000000000002,-2.0,-0.8,5.5,6.7,11.000000000000002,-1.0,32.400000000000006,16
2248,37650.0,0.30000000000000004,1.4000000000000001,-1.8,-0.8,5.7,6.800000000000001,12.8,5.6,34.400000000000006,16
2249,37669.0,0.4,1.5,-2.0,-0.8,5.9,6.5,12.4,10.8,37.400000000000006,16
2250,37684.0,0.30000000000000004,1.5,-2.1,-0.9,6.0,6.5,9.899999999999999,13.200000000000003,39.599999999999994,16
2251,37700.0,0.2,1.4000000000000001,-1.9000000000000001,-0.9,5.9,6.7,1.6,11.1,45.400000000000006,16
2252,37717.0,0.5,1.5,-1.0,-0.5,6.1000000000000005,7.5,-7.8,6.1000000000000005,49.6,16
2253,37734.0,0.6000000000000001,1.5,-0.5,-0.4,6.0,8.0,-11.8,1.6,49.4,16
2254,37750.0,0.7000000000000001,1.2000000000000002,0.5,-0.2,5.7,9.0,-12.200000000000001,-14.600000000000001,45.099999999999994,16
2255,37768.0,1.2000000000000002,1.0,1.1,0.5,5.6000000000000005,9.700000000000001,-2.8,-21.300000000000004,34.60000000000001,16
2256,37783.0,1.5,1.0,1.4000000000000001,0.8,5.5,10.0,2.1,-18.4,25.5,16
2257,37800.0,1.5,1.1,2.3000000000000003,0.9,5.7,10.9,8.3,-5.8,2.3,16
2258,37817.0,1.2000000000000002,1.7000000000000002,3.1,0.5,6.300000000000001,11.700000000000001,15.8,1.9,-22.000000000000004,16
2259,37833.0,0.8,2.0,3.3000000000000003,0.1,6.6000000000000005,11.9,21.500000000000004,1.4,-30.3,16
2260,37850.0,0.1,2.5,3.1,-0.7000000000000001,7.2,11.700000000000001,27.9,-0.8,-34.1,16
2261,37867.0,-0.5,2.6,3.3000000000000003,-1.3,7.4,11.9,14.600000000000001,2.4000000000000004,-26.300000000000004,16
2262,37884.0,-0.5,2.6,3.7,-1.3,7.4,12.3,3.7000000000000006,4.1,-20.5,16
2263,37900.0,0.0,2.1,5.2,-0.9,6.9,13.8,-13.6,6.699999999999999,-9.899999999999999,16
2264,37917.0,0.4,1.5,5.800000000000001,-0.1,5.7,14.700000000000001,-5.300000000000001,-6.0,-6.300000000000001,16
2265,37934.0,1.3,0.4,5.7,0.5,5.2,14.4,7.400000000000001,-18.200000000000003,-8.2,16
2266,37950.0,2.0,-0.7000000000000001,3.8000000000000003,1.3,4.2,12.5,36.400000000000006,-42.60000000000001,-21.200000000000003,16
2267,37974.0,2.2,-1.0,1.3,1.6,4.0,9.9,52.900000000000006,-52.00000000000001,-40.9,16
2268,37984.0,1.9000000000000001,-1.1,-0.6000000000000001,1.3,4.0,7.9,55.2,-49.50000000000001,-49.199999999999996,16
2269,38000.0,1.7000000000000002,-1.2000000000000002,-1.3,1.2000000000000002,4.0,7.300000000000001,52.60000000000001,-37.0,-59.1,16
2270,38017.0,1.3,-1.4000000000000001,-2.0,0.7000000000000001,3.9000000000000004,6.4,45.9,-20.0,-62.1,16
2271,38033.0,1.0,-1.6,-2.2,0.0,3.6,5.9,42.3,-13.8,-61.7,16
2272,38050.0,0.4,-2.0,-2.5,-0.30000000000000004,3.5,5.800000000000001,33.2,-11.900000000000002,-59.20000000000001,16
2273,38072.0,-0.1,-2.2,-2.5,-0.9,3.3000000000000003,5.800000000000001,26.1,-16.900000000000002,-54.4,16
2274,38086.0,-0.6000000000000001,-2.4000000000000004,-2.5,-1.4000000000000001,3.1,5.6000000000000005,20.5,-21.6,-45.9,16
2275,38100.0,-0.9,-2.4000000000000004,-2.4000000000000004,-1.7000000000000002,3.1,5.7,16.6,-24.900000000000002,-40.9,16
2276,38117.0,-1.1,-2.5,-2.3000000000000003,-1.9000000000000001,3.0,5.800000000000001,12.7,-37.9,-28.700000000000003,16
2277,38133.0,-0.6000000000000001,-2.6,-2.8000000000000003,-1.7000000000000002,3.0,5.6000000000000005,13.3,-48.10000000000001,-21.500000000000004,16
2278,38150.0,-0.30000000000000004,-2.5,-3.2,-0.8,3.0,4.800000000000001,12.5,-67.8,-12.4,16
2279,38167.0,-0.30000000000000004,-2.3000000000000003,-3.7,-0.7000000000000001,3.3000000000000003,4.3,3.4,-83.5,-10.1,16
2280,38184.0,-0.30000000000000004,-1.6,-3.6,-0.5,3.9000000000000004,4.5,-11.5,-89.0,-5.7,16
2281,38200.0,-0.2,-1.3,-3.3000000000000003,-0.2,4.2,4.7,-18.700000000000003,-85.69999999999999,-3.3000000000000007,16
2282,38217.0,0.0,-0.9,-2.2,0.2,4.5,5.9,-31.6,-64.50000000000001,-0.6000000000000001,16
2283,38233.0,0.1,-0.2,-0.5,0.30000000000000004,5.1000000000000005,7.7,-40.6,-25.200000000000003,0.8,16
2284,38250.0,0.1,-0.1,0.4,0.30000000000000004,5.1000000000000005,8.6,-41.50000000000001,-3.5,2.5,16
2285,38269.0,0.0,-0.30000000000000004,2.6,0.2,4.800000000000001,10.8,-34.2,31.6,5.6,16
2286,38287.0,0.0,-0.7000000000000001,3.8000000000000003,0.1,4.4,12.100000000000001,-7.0,38.7,1.9,16
2287,38300.0,0.0,-0.8,3.7,0.0,4.2,12.0,9.899999999999999,35.699999999999996,-2.1,16
2288,38317.0,-0.2,-1.0,2.9000000000000004,-0.30000000000000004,4.1000000000000005,11.200000000000001,37.50000000000001,23.700000000000003,-10.1,16
2289,38334.0,-0.6000000000000001,-1.1,1.3,-0.7000000000000001,4.2,9.5,54.0,16.8,-11.6,16
2290,38350.0,-0.6000000000000001,-1.0,0.5,-0.8,4.4,8.6,54.699999999999996,17.1,-10.600000000000001,16
2291,38371.0,-0.7000000000000001,-0.6000000000000001,-0.4,-0.9,4.9,7.6000000000000005,41.0,25.300000000000004,-7.200000000000001,16
2292,38385.0,-0.7000000000000001,-0.2,-0.4,-1.0,5.4,7.6000000000000005,21.1,37.1,-3.5,16
2293,38400.0,-0.7000000000000001,-0.1,-0.4,-1.2000000000000002,5.5,7.6000000000000005,11.000000000000002,43.2,-2.5,16
2294,38417.0,-0.9,0.2,-0.2,-1.5,5.7,7.800000000000001,-10.200000000000001,48.70000000000001,1.4,16
2295,38433.0,-1.6,0.4,0.0,-2.3000000000000003,5.9,8.0,-35.4,47.5,10.8,16
2296,38450.0,-1.9000000000000001,0.7000000000000001,0.2,-2.7,6.1000000000000005,8.3,-51.800000000000004,46.199999999999996,20.3,16
2297,38470.0,-2.6,0.7000000000000001,1.0,-3.4000000000000004,5.9,9.200000000000001,-96.30000000000001,41.1,46.800000000000004,16
2298,38484.0,-1.8,0.0,2.8000000000000003,-2.6,4.9,11.200000000000001,-130.4,10.0,76.60000000000001,16
2299,38500.0,-1.1,-0.5,3.7,-1.7000000000000002,4.2,12.3,-133.10000000000002,-10.0,85.69999999999999,16
2300,38517.0,0.2,-1.4000000000000001,3.8000000000000003,-0.2,2.9000000000000004,12.600000000000001,-104.50000000000001,-43.50000000000001,80.4,16
2301,38534.0,0.9,-1.3,1.8,0.8,2.8000000000000003,10.700000000000001,-56.50000000000001,-61.7,50.8,16
2302,38550.0,0.9,-1.1,0.6000000000000001,0.9,3.0,9.5,-36.2,-59.5,33.6,16
2303,38567.0,0.2,-0.5,-1.4000000000000001,0.30000000000000004,3.5,7.5,-13.3,-30.1,5.9,16
2304,38587.0,-0.8,-0.1,-2.2,-0.7000000000000001,3.9000000000000004,6.7,-10.200000000000001,9.600000000000001,-2.9,16
2305,38600.0,-1.2000000000000002,-0.1,-2.4000000000000004,-1.2000000000000002,3.9000000000000004,6.6000000000000005,-13.6,27.3,0.30000000000000004,16
2306,38617.0,-1.5,-0.2,-2.1,-1.6,3.7,6.9,-28.200000000000003,49.800000000000004,15.000000000000002,16
2307,38634.0,-0.8,-0.2,-1.0,-1.0,3.6,8.0,-41.7,51.2,34.800000000000004,16
2308,38650.0,-0.4,-0.30000000000000004,-0.30000000000000004,-0.7000000000000001,3.3000000000000003,8.700000000000001,-41.800000000000004,47.80000000000001,43.2,16
2309,38667.0,0.30000000000000004,-0.9,0.30000000000000004,0.0,2.7,9.4,-24.5,35.2,50.7,16
2310,38684.0,0.9,-1.1,-0.5,0.5,2.5,8.5,2.5,12.299999999999999,42.3,16
2311,38700.0,1.0,-0.8,-1.1,0.7000000000000001,2.8000000000000003,8.0,11.6,1.4,33.7,16
2312,38717.0,0.9,-0.1,-1.9000000000000001,0.6000000000000001,3.6,7.1000000000000005,17.300000000000004,-14.300000000000002,18.0,16
2313,38733.0,0.7000000000000001,0.5,-1.6,0.5,4.2,7.4,19.9,-15.2,12.7,16
2314,38750.0,0.5,0.7000000000000001,-1.4000000000000001,0.1,4.7,7.7,23.0,-7.8,13.000000000000002,16
2315,38767.0,0.0,1.2000000000000002,-1.1,-0.1,5.1000000000000005,7.800000000000001,28.400000000000002,12.9,16.5,16
2316,38784.0,-0.2,1.8,-1.3,-0.4,5.7,7.6000000000000005,27.400000000000002,24.0,28.0,16
2317,38800.0,-0.1,2.0,-1.2000000000000002,-0.4,6.2,8.1,21.900000000000002,29.300000000000004,35.1,16
2318,38817.0,-0.2,2.2,-0.30000000000000004,-0.4,6.300000000000001,8.5,6.1000000000000005,39.8,48.70000000000001,16
2319,38833.0,0.0,2.1,1.2000000000000002,-0.30000000000000004,6.1000000000000005,10.100000000000001,-3.4,39.8,62.6,16
2320,38850.0,0.0,1.9000000000000001,1.7000000000000002,-0.30000000000000004,5.6000000000000005,10.8,-1.9,35.9,66.4,16
2321,38867.0,0.2,1.3,1.8,-0.1,5.4,10.600000000000001,7.500000000000001,10.4,66.1,16
2322,38885.0,0.7000000000000001,0.8,1.0,0.6000000000000001,4.9,9.9,8.5,-32.1,52.7,16
2323,38900.0,1.1,0.8,1.1,1.9000000000000001,6.2,9.700000000000001,5.6,-54.4,40.7,16
2324,38917.0,2.0,2.3000000000000003,1.4000000000000001,2.3000000000000003,6.5,10.3,7.1000000000000005,-86.5,22.5,16
2325,38933.0,2.1,2.3000000000000003,1.5,2.6,6.4,10.4,15.700000000000001,-63.500000000000014,7.400000000000001,16
2326,38950.0,2.0,1.9000000000000001,1.6,2.6,6.0,10.3,23.0,-42.7,0.0,16
2327,38967.0,1.8,1.5,1.1,2.5,6.0,9.9,40.6,-6.500000000000001,-15.700000000000001,16
2328,38983.0,1.4000000000000001,1.8,0.7000000000000001,2.1,6.4,9.4,46.1,14.800000000000002,-25.4,16
2329,39000.0,1.4000000000000001,1.9000000000000001,0.5,1.9000000000000001,6.6000000000000005,9.200000000000001,29.500000000000004,39.300000000000004,-24.400000000000002,16
2330,39017.0,1.2000000000000002,2.0,0.7000000000000001,1.6,6.7,9.4,12.200000000000001,44.8,-19.0,16
2331,39033.0,0.6000000000000001,1.0,2.2,0.9,5.7,10.9,-17.200000000000003,29.400000000000002,-11.2,16
2332,39050.0,0.8,-0.4,2.6,1.1,4.2,11.4,-16.900000000000002,4.9,-6.4,16
2333,39067.0,1.1,-1.0,2.0,1.3,3.6,10.8,-10.9,-15.100000000000001,-7.200000000000001,16
2334,39084.0,1.2000000000000002,-1.5,0.4,1.6,3.1,9.200000000000001,2.8,-63.8,-14.600000000000001,16
2335,39100.0,1.4000000000000001,-0.9,-0.6000000000000001,2.0,3.7,8.1,6.699999999999999,-68.80000000000001,-25.6,16
2336,39117.0,1.4000000000000001,-0.8,-1.2000000000000002,2.1,3.9000000000000004,7.5,7.8,-51.800000000000004,-30.3,16
2337,39134.0,1.5,-1.2000000000000002,-2.2,2.2,3.5,6.5,6.0,-12.8,-30.200000000000003,16
2338,39153.0,0.30000000000000004,-1.9000000000000001,-2.3000000000000003,0.9,2.7,6.4,-1.6,26.799999999999997,-36.7,16
2339,39167.0,0.1,-1.6,-2.4000000000000004,0.6000000000000001,3.1,6.300000000000001,-9.0,41.50000000000001,-40.4,16
2340,39185.0,-0.30000000000000004,-1.1,-1.8,0.0,3.5,6.9,-26.400000000000006,37.0,-43.300000000000004,16
2341,39200.0,-1.4000000000000001,-2.0,0.9,-1.2000000000000002,2.4000000000000004,9.700000000000001,-34.800000000000004,9.0,-39.9,16
2342,39217.0,-1.7000000000000002,-2.1,1.8,-1.5,2.3000000000000003,10.600000000000001,-22.9,-8.3,-35.599999999999994,16
2343,39233.0,-1.3,-2.1,1.0,-1.0,2.3000000000000003,9.8,27.400000000000002,-54.6,-26.700000000000003,16
2344,39250.0,-1.0,-2.2,-2.0,-0.6000000000000001,2.4000000000000004,6.6000000000000005,56.10000000000001,-72.4,-19.1,16
2345,39268.0,-0.8,-2.1,-3.2,-0.30000000000000004,2.6,5.4,53.400000000000006,-71.30000000000001,-15.399999999999999,16
2346,39283.0,0.8,-0.7000000000000001,-3.7,1.5,4.1000000000000005,4.800000000000001,29.400000000000002,-47.5,-15.5,16
2347,39300.0,0.6000000000000001,-1.4000000000000001,-2.4000000000000004,1.3,3.4000000000000004,6.1000000000000005,18.200000000000003,3.2,-27.0,16
2348,39317.0,0.6000000000000001,-1.4000000000000001,-2.0,1.2000000000000002,3.4000000000000004,6.4,22.4,32.7,-28.500000000000004,16
2349,39333.0,0.2,-0.9,-1.7000000000000002,0.5,4.0,6.7,33.6,88.3,-31.2,16
2350,39350.0,-0.4,-0.9,-2.2,-0.5,4.1000000000000005,6.1000000000000005,33.50000000000001,125.30000000000001,-26.700000000000003,16
2351,39367.0,-0.9,-1.0,-2.1,-1.1,4.0,6.2,14.200000000000001,88.7,-24.5,16
2352,39384.0,-0.7000000000000001,-0.9,-0.5,-1.2000000000000002,4.1000000000000005,7.800000000000001,-1.6,79.6,-20.400000000000002,16
2353,39400.0,-0.7000000000000001,-0.6000000000000001,0.4,-1.4000000000000001,4.4,8.700000000000001,4.4,96.4,-9.899999999999999,16
2354,39417.0,-0.7000000000000001,-0.6000000000000001,0.6000000000000001,-1.7000000000000002,4.4,8.8,10.200000000000001,103.10000000000001,-5.6,16
2355,39434.0,-0.9,-0.5,0.1,-2.1,4.6000000000000005,8.3,19.799999999999997,96.5,4.4,16
2356,39450.0,-1.3,-0.2,-0.4,-2.8000000000000003,5.0,7.7,10.5,79.39999999999999,12.100000000000001,16
2357,39467.0,-1.2000000000000002,0.2,-0.2,-2.8000000000000003,5.300000000000001,7.800000000000001,-0.2,71.39999999999999,15.5,16
2358,39489.0,-0.5,0.1,1.6,-2.3000000000000003,5.2,9.600000000000001,-20.2,71.6,29.900000000000006,16
2359,39500.0,-0.4,0.0,1.7000000000000002,-2.2,5.1000000000000005,9.8,-18.200000000000003,74.4,31.799999999999997,16
2360,39517.0,-0.4,-0.1,1.5,-2.3000000000000003,5.0,9.5,-14.400000000000002,72.4,29.700000000000006,16
2361,39533.0,-0.6000000000000001,-0.30000000000000004,0.30000000000000004,-2.6,4.7,8.4,-18.3,54.800000000000004,18.6,16
2362,39550.0,-0.4,0.0,0.4,-2.6,5.0,8.5,-41.7,43.50000000000001,3.2,16
2363,39570.0,-1.4000000000000001,0.5,0.8,-3.7,5.300000000000001,9.0,-66.2,36.5,1.4,16
2364,39584.0,-2.3000000000000003,0.0,1.1,-4.7,4.7,9.3,-82.39999999999999,43.50000000000001,3.7000000000000006,16
2365,39602.0,-3.0,-0.6000000000000001,1.7000000000000002,-5.6000000000000005,3.8000000000000003,10.100000000000001,-121.4,60.5,17.799999999999997,16
2366,39617.0,-3.2,-1.0,2.5,-5.6000000000000005,2.5,11.9,-136.5,55.1,25.5,16
2367,39633.0,-2.3000000000000003,-1.7000000000000002,4.6000000000000005,-5.0,2.0,13.3,-141.9,24.599999999999998,37.50000000000001,16
2368,39650.0,-1.2000000000000002,-1.9000000000000001,4.2,-3.8000000000000003,1.5,13.0,-110.30000000000001,-28.700000000000003,39.400000000000006,16
2369,39668.0,0.9,-1.2000000000000002,3.5,-1.5,2.0,12.5,-63.0,-41.4,28.500000000000004,16
2370,39683.0,1.1,-0.9,2.6,-1.2000000000000002,2.2,11.600000000000001,-40.1,-32.9,17.799999999999997,16
2371,39700.0,0.9,-0.5,1.0,-1.4000000000000001,2.6,10.100000000000001,-6.0,-2.3,-3.8,16
2372,39717.0,0.4,-0.1,-0.30000000000000004,-2.0,3.0,8.700000000000001,9.100000000000001,24.1,-13.3,16
2373,39733.0,0.30000000000000004,0.0,-1.0,-2.2,3.0,8.1,8.600000000000001,30.200000000000003,-14.900000000000002,16
2374,39751.0,-0.1,-0.1,-1.5,-2.6,3.0,7.5,-3.6000000000000005,19.9,-16.8,16
2375,39770.0,-0.30000000000000004,-0.2,-1.0,-2.8000000000000003,2.9000000000000004,8.0,-9.899999999999999,-10.5,-14.900000000000002,16
2376,39784.0,-0.30000000000000004,-0.2,-0.8,-2.8000000000000003,2.8000000000000003,8.200000000000001,-3.9,-22.6,-12.200000000000001,16
2377,39800.0,0.1,-0.2,-1.2000000000000002,-2.3000000000000003,2.8000000000000003,7.800000000000001,19.700000000000003,-36.400000000000006,-8.8,16
2378,39817.0,0.30000000000000004,-0.1,-2.4000000000000004,-2.0,3.1,6.6000000000000005,39.9,-35.599999999999994,-11.700000000000001,16
2379,39833.0,0.2,0.1,-2.8000000000000003,-2.0,3.3000000000000003,6.2,45.3,-33.6,-14.0,16
2380,39850.0,-1.4000000000000001,0.2,-2.6,-3.6,3.5,6.300000000000001,50.60000000000001,-29.800000000000004,-8.2,16
2381,39867.0,-0.2,1.2000000000000002,-2.5,-2.4000000000000004,4.800000000000001,6.4,62.199999999999996,-13.200000000000003,15.700000000000001,16
2382,39883.0,-0.1,1.4000000000000001,-2.7,-2.2,5.1000000000000005,6.1000000000000005,64.50000000000001,-1.4,20.1,16
2383,39900.0,0.30000000000000004,1.5,-3.1,-1.8,5.4,5.6000000000000005,57.3,19.400000000000002,25.7,16
2384,39917.0,0.8,1.6,-2.5,-1.4000000000000001,5.6000000000000005,6.1000000000000005,39.400000000000006,30.1,28.700000000000003,16
2385,39935.0,0.8,1.5,-1.9000000000000001,-1.5,5.5,7.2,30.3,28.0,26.400000000000006,16
2386,39951.0,0.30000000000000004,1.1,-0.9,-1.9000000000000001,5.300000000000001,7.6000000000000005,15.000000000000002,17.799999999999997,16.900000000000002,16
2387,39967.0,-0.30000000000000004,1.4000000000000001,0.0,-2.4000000000000004,5.7,8.5,3.8,-4.7,8.0,16
2388,39983.0,-0.4,1.7000000000000002,0.6000000000000001,-2.6,5.9,9.1,1.1,-15.000000000000002,5.1000000000000005,16
2389,40000.0,-0.30000000000000004,1.8,1.6,-2.4000000000000004,6.1000000000000005,10.100000000000001,6.9,-21.0,3.7000000000000006,16
2390,40017.0,-0.2,1.7000000000000002,1.9000000000000001,-2.2,5.800000000000001,10.3,22.5,-2.6,1.5,16
2391,40033.0,-0.2,1.3,1.5,-2.3000000000000003,5.7,10.0,28.700000000000003,7.0,-0.2,16
2392,40052.0,-0.30000000000000004,1.2000000000000002,1.5,-2.5,5.7,9.9,31.099999999999998,22.8,-4.9,16
2393,40072.0,-0.6000000000000001,0.9,1.8,-2.9000000000000004,5.5,10.200000000000001,35.699999999999996,18.8,-7.500000000000001,16
2394,40083.0,-0.6000000000000001,0.9,1.7000000000000002,-2.8000000000000003,5.6000000000000005,10.100000000000001,40.6,12.0,-5.300000000000001,16
2395,40100.0,0.2,1.2000000000000002,1.5,-2.1,6.0,9.8,46.199999999999996,1.3,2.0,16
2396,40117.0,0.8,1.3,0.6000000000000001,-1.5,6.2,8.8,40.300000000000004,-4.800000000000001,2.8,16
2397,40133.0,0.9,1.3,0.2,-1.3,6.300000000000001,8.4,26.799999999999997,-6.1000000000000005,0.30000000000000004,16
2398,40151.0,0.6000000000000001,1.5,0.2,-1.6,6.5,8.4,-15.299999999999999,-11.700000000000001,-7.200000000000001,16
2399,40171.0,-0.4,0.7000000000000001,1.6,-2.6,5.6000000000000005,9.9,-47.900000000000006,-23.3,-7.300000000000001,16
2400,40184.0,-0.6000000000000001,0.30000000000000004,2.3000000000000003,-2.7,5.0,10.700000000000001,-51.70000000000001,-26.6,-2.2,16
2401,40200.0,-0.30000000000000004,-0.2,3.2,-2.3000000000000003,4.5,11.700000000000001,-35.1,-24.0,8.700000000000001,16
2402,40217.0,0.1,-0.4,2.3000000000000003,-1.9000000000000001,4.2,10.9,-2.7,-7.500000000000001,18.3,16
2403,40233.0,0.30000000000000004,-0.5,1.2000000000000002,-1.4000000000000001,4.2,8.6,7.9,2.4000000000000004,21.0,16
2404,40250.0,1.0,-0.2,-0.9,-1.0,4.5,7.6000000000000005,2.7,13.8,22.5,16
2405,40267.0,1.3,0.1,-1.4000000000000001,-0.7000000000000001,4.800000000000001,7.1000000000000005,-29.800000000000004,19.9,17.200000000000003,16
2406,40283.0,1.2000000000000002,0.2,-0.8,-1.0,4.5,8.6,-46.50000000000001,22.8,15.6,16
2407,40300.0,1.0,-0.30000000000000004,0.8,-1.1,4.1000000000000005,9.4,-57.3,19.300000000000004,16.4,16
2408,40317.0,1.2000000000000002,-1.1,1.6,-0.8,3.2,10.3,-37.400000000000006,-1.0,9.700000000000001,16
2409,40334.0,1.3,-1.5,1.4000000000000001,-1.0,2.5,9.9,-19.9,-16.0,0.4,16
2410,40350.0,0.9,-1.7000000000000002,0.7000000000000001,-1.1,2.6,9.4,16.3,-26.700000000000003,-21.200000000000003,16
2411,40374.0,0.0,-0.8,-0.6000000000000001,-2.6,3.3000000000000003,7.300000000000001,44.8,-9.5,-33.0,16
2412,40384.0,0.0,-2.3000000000000003,-2.0,-2.0,2.2,6.6000000000000005,53.400000000000006,12.4,-27.800000000000004,16
2413,40400.0,0.2,-1.8,-2.4000000000000004,-1.8,2.7,6.1000000000000005,50.0,15.899999999999999,-23.800000000000004,16
2414,40417.0,0.1,-1.2000000000000002,-2.2,-2.0,3.4000000000000004,6.2,41.800000000000004,22.700000000000003,-17.200000000000003,16
2415,40433.0,0.6000000000000001,-1.3,-2.2,-1.7000000000000002,3.2,6.1000000000000005,37.300000000000004,21.200000000000003,-14.200000000000001,16
2416,40450.0,1.2000000000000002,-1.2000000000000002,-1.9000000000000001,-1.0,3.6,6.4,25.200000000000003,12.600000000000001,-9.899999999999999,16
2417,40469.0,1.2000000000000002,-1.3,-0.9,-1.0,3.5,7.300000000000001,12.4,3.7000000000000006,-15.6,16
2418,40485.0,0.5,-1.3,0.0,-1.8,3.4000000000000004,8.200000000000001,6.9,-1.9,-24.3,16
2419,40500.0,0.4,-1.0,0.2,-1.9000000000000001,3.7,8.4,6.2,-6.4,-26.200000000000003,16
2420,40517.0,0.0,-0.6000000000000001,0.5,-2.2,4.1000000000000005,8.8,2.6,-13.5,-26.5,16
2421,40533.0,-0.9,-0.9,1.2000000000000002,-3.2,3.8000000000000003,9.4,5.6,-14.700000000000001,-22.700000000000003,16
2422,40550.0,-1.2000000000000002,-0.9,1.2000000000000002,-3.5,3.8000000000000003,9.5,12.200000000000001,-13.5,-18.0,16
2423,40567.0,-0.7000000000000001,-0.5,0.9,-2.9000000000000004,4.3,9.200000000000001,26.000000000000004,-3.6000000000000005,-3.6000000000000005,16
2424,40583.0,-0.2,-0.1,1.1,-2.6,4.800000000000001,9.3,27.099999999999998,21.0,10.600000000000001,16
2425,40600.0,-0.30000000000000004,-0.30000000000000004,1.2000000000000002,-2.6,4.6000000000000005,9.4,24.900000000000002,33.50000000000001,17.5,16
2426,40617.0,-0.7000000000000001,-0.7000000000000001,1.4000000000000001,-3.2,4.2,9.5,16.6,45.7,27.700000000000003,16
2427,40633.0,-0.4,-0.2,1.1,-2.9000000000000004,4.800000000000001,9.200000000000001,1.3,39.0,26.400000000000006,16
2428,40652.0,-0.7000000000000001,-0.2,1.1,-3.2,4.800000000000001,9.200000000000001,-0.4,5.0,20.900000000000002,16
2429,40672.0,-1.7000000000000002,-0.6000000000000001,1.5,-3.8000000000000003,5.1000000000000005,9.600000000000001,-0.2,-60.2,13.399999999999999,16
2430,40684.0,-1.3,0.6000000000000001,1.1,-3.4000000000000004,5.7,9.3,0.2,-91.7,18.6,16
2431,40700.0,-1.1,0.7000000000000001,0.7000000000000001,-3.1,5.800000000000001,8.9,0.0,-92.50000000000001,21.900000000000002,16
2432,40717.0,-0.8,1.1,-0.4,-2.5,6.1000000000000005,7.9,-23.800000000000004,-48.800000000000004,31.099999999999998,16
2433,40733.0,-0.8,1.0,0.4,-2.5,5.9,8.8,-67.10000000000001,-11.000000000000002,36.8,16
2434,40750.0,-1.3,0.4,1.3,-2.8000000000000003,5.2,9.8,-81.90000000000002,-6.1000000000000005,38.800000000000004,16
2435,40767.0,-1.5,-1.3,3.3000000000000003,-2.9000000000000004,3.3000000000000003,12.0,-78.80000000000001,-26.9,42.7,16
2436,40783.0,-0.6000000000000001,-2.2,2.9000000000000004,-1.9000000000000001,2.2,11.700000000000001,-37.7,-67.2,39.8,16
2437,40800.0,-0.8,-2.7,1.1,-1.9000000000000001,1.7000000000000002,9.9,-13.900000000000002,-92.60000000000001,34.2,16
2438,40817.0,1.3,0.4,-1.7000000000000002,0.6000000000000001,4.7,7.2,-8.8,-113.89999999999999,22.2,16
2439,40834.0,-0.5,-0.9,-1.8,-0.9,3.4000000000000004,7.1000000000000005,-20.400000000000002,-75.3,19.799999999999997,16
2440,40850.0,-0.4,-0.1,-1.6,-0.7000000000000001,4.2,7.300000000000001,-22.2,-49.300000000000004,28.800000000000004,16
2441,40867.0,-0.9,0.2,-1.6,-1.1,4.4,7.300000000000001,-21.200000000000003,-8.600000000000001,33.7,16
2442,40884.0,-1.5,-0.1,-1.0,-1.7000000000000002,4.0,8.0,-18.700000000000003,11.700000000000001,41.50000000000001,16
2443,40900.0,-1.4000000000000001,-0.1,-1.0,-1.9000000000000001,3.9000000000000004,7.7,-15.700000000000001,5.500000000000001,42.1,16
2444,40917.0,-2.1,-0.4,-1.6,-2.2,3.7,7.4,-6.699999999999999,-31.799999999999997,39.1,16
2445,40933.0,-1.6,0.30000000000000004,-2.7,-1.5,4.4,6.2,1.1,-56.400000000000006,52.00000000000001,16
2446,40950.0,-1.1,0.7000000000000001,-3.4000000000000004,-0.8,4.800000000000001,5.5,0.0,-54.699999999999996,59.1,16
2447,40972.0,-0.5,0.5,-3.6,0.30000000000000004,4.4,5.7,-15.8,-27.9,65.3,16
2448,40985.0,0.0,0.30000000000000004,-3.0,0.6000000000000001,4.3,5.800000000000001,-18.0,-22.4,64.7,16
2449,41003.0,1.0,0.9,-2.5,1.8,4.800000000000001,6.4,-25.6,-12.4,61.7,16
2450,41017.0,1.3,1.0,-1.9000000000000001,2.1,4.800000000000001,7.0,-31.0,10.200000000000001,58.60000000000001,16
2451,41033.0,1.0,0.4,-1.1,1.7000000000000002,4.1000000000000005,7.800000000000001,-36.7,58.900000000000006,48.6,16
2452,41050.0,0.5,0.0,-0.7000000000000001,0.30000000000000004,3.4000000000000004,9.0,-41.50000000000001,73.10000000000001,41.50000000000001,16
2453,41068.0,-1.0,-0.2,0.8,-0.5,3.4000000000000004,9.9,-51.1,59.699999999999996,30.1,16
2454,41084.0,-2.2,-0.6000000000000001,1.1,-1.9000000000000001,2.7,10.3,-71.9,61.0,33.2,16
2455,41100.0,-1.7000000000000002,-0.1,0.9,1.3,3.9000000000000004,10.200000000000001,-84.0,65.3,38.60000000000001,16
2456,41117.0,4.3,3.3000000000000003,0.7000000000000001,4.4,6.2,10.0,-84.69999999999999,40.1,16.5,16
2457,41133.0,5.2,6.800000000000001,1.5,5.5,9.5,10.8,-43.70000000000001,-64.2,-27.9,16
2458,41150.0,3.2,5.5,2.6,0.30000000000000004,3.9000000000000004,11.8,-16.5,-98.50000000000001,-36.5,16
2459,41167.0,0.1,-0.5,1.5,0.7000000000000001,2.3000000000000003,10.9,16.900000000000002,-35.8,-13.8,16
2460,41183.0,2.7,1.2000000000000002,1.8,3.3000000000000003,4.1000000000000005,11.100000000000001,36.7,1.3,-14.5,16
2461,41200.0,2.2,0.8,1.6,2.0,3.8000000000000003,10.700000000000001,48.50000000000001,12.0,-42.1,16
2462,41217.0,1.0,1.1,1.5,1.5,4.3,10.8,50.8,15.700000000000001,-42.900000000000006,16
2463,41233.0,1.4000000000000001,1.4000000000000001,2.0,1.8,4.800000000000001,11.3,54.9,38.2,-31.400000000000002,16
2464,41252.0,1.0,0.6000000000000001,2.2,1.2000000000000002,4.2,11.4,42.900000000000006,64.9,-23.5,16
2465,41267.0,0.8,0.1,3.3000000000000003,0.9,3.7,12.600000000000001,21.900000000000002,45.8,-28.400000000000002,16
2466,41283.0,0.9,-0.5,3.9000000000000004,0.8,3.1,13.100000000000001,23.3,49.1,-29.400000000000002,16
2467,41300.0,0.9,-0.9,2.9000000000000004,0.6000000000000001,2.9000000000000004,12.200000000000001,43.00000000000001,37.0,-33.9,16
2468,41317.0,0.9,-1.3,1.8,0.6000000000000001,2.5,10.9,47.2,29.1,-39.9,16
2469,41333.0,1.3,-1.6,-0.30000000000000004,0.9,2.4000000000000004,8.9,49.699999999999996,2.7,-54.800000000000004,16
2470,41350.0,1.4000000000000001,-1.5,-1.5,0.9,2.6,7.6000000000000005,44.4,-9.4,-63.2,16
2471,41367.0,1.2000000000000002,-1.7000000000000002,-1.7000000000000002,0.7000000000000001,2.5,7.300000000000001,40.6,-6.600000000000001,-63.0,16
2472,41383.0,2.3000000000000003,-0.6000000000000001,-1.9000000000000001,1.7000000000000002,3.6,7.0,30.599999999999998,2.2,-64.2,16
2473,41400.0,1.6,-1.7000000000000002,-1.2000000000000002,0.9,2.6,7.7,19.6,22.1,-69.4,16
2474,41417.0,1.4000000000000001,-1.6,-0.7000000000000001,0.7000000000000001,2.7,8.200000000000001,20.3,19.9,-69.7,16
2475,41433.0,1.8,-1.7000000000000002,0.30000000000000004,0.9,2.6,9.200000000000001,25.7,-2.4000000000000004,-80.10000000000001,16
2476,41450.0,-0.9,-2.2,0.0,-1.8,2.2,8.8,40.6,-38.60000000000001,-88.10000000000001,16
2477,41467.0,-0.6000000000000001,-1.9000000000000001,-0.2,-1.6,2.5,8.5,42.900000000000006,-43.70000000000001,-86.00000000000001,16
2478,41485.0,-0.9,-1.6,-0.7000000000000001,-1.8,2.9000000000000004,8.0,50.8,-51.6,-76.3,16
2479,41500.0,-0.4,-1.8,-1.7000000000000002,-1.2000000000000002,2.9000000000000004,7.0,55.8,-50.5,-60.300000000000004,16
2480,41517.0,0.0,-1.8,-2.1,-0.9,3.0,6.5,54.800000000000004,-47.5,-56.9,16
2481,41533.0,0.5,-1.4000000000000001,-2.8000000000000003,-0.30000000000000004,3.4000000000000004,5.7,46.800000000000004,-43.4,-49.800000000000004,16
2482,41553.0,-0.1,-1.7000000000000002,-3.0,-0.8,3.3000000000000003,5.4,30.200000000000003,-41.50000000000001,-39.8,16
2483,41571.0,0.9,-0.4,-2.1,0.2,4.5,6.2,10.5,-30.699999999999996,-32.5,16
2484,41584.0,0.2,-1.0,-1.7000000000000002,-0.5,4.0,6.7,4.800000000000001,-20.900000000000002,-30.3,16
2485,41600.0,0.0,-0.5,-0.8,-0.7000000000000001,4.5,7.6000000000000005,3.2,-3.2,-14.900000000000002,16
2486,41617.0,0.0,-0.4,-0.5,-0.7000000000000001,4.5,7.800000000000001,4.2,5.8,-8.8,16
2487,41633.0,-0.30000000000000004,-0.6000000000000001,-0.30000000000000004,-1.1,4.4,8.0,4.9,14.5,3.4,16
2488,41650.0,-0.1,-0.6000000000000001,0.2,-0.9,4.4,8.5,6.2,13.200000000000003,12.9,16
2489,41668.0,-0.1,-0.6000000000000001,0.4,-0.9,4.4,8.700000000000001,9.899999999999999,10.1,14.900000000000002,16
2490,41683.0,0.0,-0.4,0.1,-0.8,4.6000000000000005,8.4,20.5,4.2,14.100000000000001,16
2491,41700.0,-0.30000000000000004,-0.2,-0.6000000000000001,-1.1,5.0,7.7,23.900000000000006,6.2,15.6,16
2492,41717.0,-0.6000000000000001,-0.1,-0.7000000000000001,-1.3,5.0,7.5,19.300000000000004,11.8,19.300000000000004,16
2493,41733.0,-0.5,0.1,-0.1,-1.3,5.300000000000001,8.0,2.2,26.6,28.600000000000005,16
2494,41750.0,-0.30000000000000004,0.2,0.8,-1.1,5.300000000000001,9.0,-13.200000000000003,31.2,30.4,16
2495,41767.0,-0.30000000000000004,0.1,1.2000000000000002,-1.1,5.300000000000001,9.600000000000001,-17.9,24.599999999999998,26.1,16
2496,41783.0,-0.4,0.5,1.4000000000000001,-1.2000000000000002,5.6000000000000005,9.600000000000001,-27.0,1.9,10.600000000000001,16
2497,41800.0,-1.3,0.8,0.9,-2.1,5.800000000000001,9.3,-42.900000000000006,-10.5,0.30000000000000004,16
2498,41817.0,-1.6,1.1,0.8,-3.0,6.0,9.5,-54.6,-6.4,1.6,16
2499,41834.0,-3.0,0.9,1.6,-3.8000000000000003,5.5,10.200000000000001,-90.80000000000001,31.2,17.9,16
2500,41850.0,-3.0,-0.30000000000000004,4.4,-4.0,4.0,13.100000000000001,-121.6,71.7,48.10000000000001,16
2501,41867.0,-2.6,-1.2000000000000002,5.7,-3.7,3.0,14.5,-121.2,74.89999999999999,56.7,16
2502,41884.0,-1.2000000000000002,-2.3000000000000003,6.1000000000000005,-2.4000000000000004,1.5,15.100000000000001,-86.89999999999999,35.0,43.800000000000004,16
2503,41900.0,-0.4,-2.5,4.2,-1.5,1.2000000000000002,13.3,-29.700000000000006,-41.0,-3.0,16
2504,41917.0,-0.6000000000000001,-1.4000000000000001,1.3,-1.5,2.3000000000000003,10.4,-4.6,-65.2,-24.5,16
2505,41934.0,-0.8,-1.0,0.0,-1.7000000000000002,2.7,9.1,31.6,-65.6,-45.5,16
2506,41950.0,-1.3,-0.4,-2.4000000000000004,-2.1,3.4000000000000004,6.6000000000000005,44.6,-25.4,-40.6,16
2507,41967.0,-1.0,-0.2,-3.7,-1.9000000000000001,3.7,5.300000000000001,32.9,17.0,-24.0,16
2508,41983.0,-0.7000000000000001,-0.30000000000000004,-4.0,-1.7000000000000002,3.7,4.9,21.900000000000002,29.900000000000006,-15.100000000000001,16
2509,42000.0,-0.2,-0.7000000000000001,-4.0,-1.3,3.3000000000000003,4.9,-3.4,35.9,-0.4,16
2510,42017.0,0.1,-1.0,-3.8000000000000003,-1.1,3.0,5.1000000000000005,-24.3,23.800000000000004,8.5,16
2511,42033.0,0.30000000000000004,-1.0,-3.7,-0.9,2.9000000000000004,5.2,-31.5,14.5,12.200000000000001,16
2512,42050.0,0.8,-1.0,-3.2,-0.4,2.8000000000000003,5.7,-37.6,-1.0,17.799999999999997,16
2513,42067.0,1.3,-0.7000000000000001,-2.6,0.2,3.0,6.4,-29.800000000000004,-1.6,17.200000000000003,16
2514,42084.0,1.4000000000000001,-0.5,-2.2,0.30000000000000004,3.1,6.7,-20.900000000000002,0.4,14.600000000000001,16
2515,42101.0,1.5,0.1,-2.0,0.4,3.7,6.9,1.2000000000000002,8.4,8.5,16
2516,42117.0,1.2000000000000002,0.6000000000000001,-2.3000000000000003,0.1,4.2,6.6000000000000005,14.0,12.5,6.600000000000001,16
2517,42133.0,1.1,1.1,-2.3000000000000003,0.0,4.800000000000001,6.6000000000000005,14.100000000000001,11.4,10.0,16
2518,42151.0,0.6000000000000001,2.1,-1.9000000000000001,-0.5,5.800000000000001,7.0,0.0,3.0,19.400000000000002,16
2519,42168.0,0.4,3.3000000000000003,-0.2,-0.6000000000000001,7.0,8.6,-26.799999999999997,-2.0,37.9,16
2520,42183.0,0.5,3.5,1.0,-0.5,7.2,9.9,-37.1,-3.4,46.6,16
2521,42200.0,0.8,2.9000000000000004,3.1,-0.1,6.5,12.0,-41.6,-5.0,55.900000000000006,16
2522,42217.0,0.9,2.4000000000000004,4.3,0.1,5.9,13.3,-23.5,-10.8,51.1,16
2523,42233.0,0.9,2.3000000000000003,4.4,0.2,5.9,13.5,-8.600000000000001,-15.700000000000001,46.199999999999996,16
2524,42250.0,1.1,2.5,3.4000000000000004,0.5,6.1000000000000005,12.5,25.1,-23.700000000000003,32.7,16
2525,42267.0,1.1,2.6,1.7000000000000002,0.6000000000000001,6.300000000000001,10.700000000000001,41.900000000000006,-24.7,19.300000000000004,16
2526,42283.0,1.1,2.6,1.4000000000000001,0.6000000000000001,6.4,10.4,42.0,-21.900000000000002,13.000000000000002,16
2527,42300.0,0.9,2.0,1.5,0.5,6.0,10.4,40.9,-10.8,1.4,16
2528,42317.0,0.9,1.8,1.7000000000000002,0.5,6.0,10.600000000000001,46.800000000000004,-3.4,-12.7,16
2529,42333.0,0.8,2.0,1.3,0.4,6.300000000000001,10.200000000000001,52.60000000000001,-3.8,-21.200000000000003,16
2530,42350.0,0.1,2.5,0.7000000000000001,-0.30000000000000004,6.9,9.5,54.699999999999996,-1.6,-30.1,16
2531,42367.0,0.0,2.8000000000000003,1.0,-0.5,7.4,9.700000000000001,47.0,4.9,-28.3,16
2532,42383.0,-0.1,2.7,1.1,-0.6000000000000001,7.300000000000001,9.8,39.300000000000004,10.700000000000001,-26.1,16
2533,42400.0,-0.30000000000000004,1.5,2.0,-1.0,6.2,10.700000000000001,14.600000000000001,20.2,-20.3,16
2534,42417.0,0.1,-0.2,3.4000000000000004,-0.6000000000000001,4.5,12.100000000000001,6.8,13.200000000000003,-14.400000000000002,16
2535,42434.0,0.7000000000000001,-0.8,3.8000000000000003,0.5,3.7,12.200000000000001,15.8,3.8,-14.400000000000002,16
2536,42451.0,1.5,-1.3,2.5,0.8,3.6,11.200000000000001,48.9,-20.2,-31.2,16
2537,42467.0,1.6,-1.2000000000000002,1.4000000000000001,0.9,3.8000000000000003,10.0,60.00000000000001,-27.3,-43.300000000000004,16
2538,42483.0,1.0,-1.0,-0.8,0.30000000000000004,4.1000000000000005,7.800000000000001,61.39999999999999,-30.3,-55.0,16
2539,42500.0,0.9,-0.9,-2.1,0.2,4.3,6.4,44.300000000000004,-33.0,-50.900000000000006,16
2540,42517.0,0.8,-1.0,-2.3000000000000003,0.1,4.3,6.0,18.200000000000003,-28.0,-43.4,16
2541,42533.0,0.7000000000000001,-1.3,-1.9000000000000001,-0.2,3.7,7.0,6.300000000000001,-23.5,-38.7,16
2542,42550.0,0.2,-1.9000000000000001,-0.8,-0.4,3.3000000000000003,7.5,-5.2,-16.0,-30.200000000000003,16
2543,42567.0,-0.1,-2.5,-0.5,-0.8,2.7,7.9,-5.500000000000001,-12.9,-27.400000000000002,16
2544,42584.0,-0.1,-2.7,-0.30000000000000004,-0.8,2.5,8.0,-3.9,-16.1,-27.400000000000002,16
2545,42600.0,-0.30000000000000004,-2.8000000000000003,0.0,-1.0,2.4000000000000004,8.3,6.0,-27.700000000000003,-29.300000000000004,16
2546,42617.0,-0.6000000000000001,-3.0,0.1,-1.2000000000000002,2.2,8.4,22.4,-33.0,-31.6,16
2547,42633.0,-0.6000000000000001,-2.9000000000000004,-0.9,-1.2000000000000002,2.4000000000000004,7.4,42.7,-41.900000000000006,-34.800000000000004,16
2548,42650.0,-0.7000000000000001,-2.7,-1.8,-1.2000000000000002,2.6,6.4,49.0,-44.4,-35.9,16
2549,42667.0,-0.9,-2.3000000000000003,-3.4000000000000004,-1.5,3.2,4.7,44.8,-41.50000000000001,-33.300000000000004,16
2550,42683.0,-0.6000000000000001,-1.7000000000000002,-4.1000000000000005,-1.1,3.7,3.9000000000000004,19.0,-32.9,-24.400000000000002,16
2551,42700.0,-0.6000000000000001,-1.8,-3.8000000000000003,-1.1,3.7,4.3,3.8,-28.1,-20.0,16
2552,42717.0,-0.8,-1.7000000000000002,-2.5,-1.2000000000000002,3.8000000000000003,5.6000000000000005,-19.300000000000004,-19.799999999999997,-13.5,16
2553,42733.0,-0.4,-1.2000000000000002,-1.1,-0.8,4.2,7.0,-26.300000000000004,-16.5,-11.000000000000002,16
2554,42750.0,-1.2000000000000002,-1.3,-0.5,-1.7000000000000002,4.0,7.6000000000000005,-28.200000000000003,-14.800000000000002,-7.6,16
2555,42769.0,-1.6,-1.0,0.5,-2.0,4.2,8.700000000000001,-24.5,-7.500000000000001,5.9,16
2556,42787.0,-1.4000000000000001,-0.9,0.30000000000000004,-1.8,4.3,8.5,-10.700000000000001,-3.4,18.1,16
2557,42800.0,-1.0,-0.9,-0.1,-1.4000000000000001,4.3,8.1,-8.100000000000001,-5.2,21.400000000000002,16
2558,42817.0,-0.7000000000000001,-0.6000000000000001,-0.30000000000000004,-1.0,4.6000000000000005,8.0,-14.300000000000002,-4.7,22.5,16
2559,42833.0,-0.7000000000000001,-0.4,0.4,-1.0,4.7,8.6,-19.700000000000003,4.800000000000001,21.900000000000002,16
2560,42850.0,-0.9,-0.30000000000000004,0.7000000000000001,-1.1,4.7,9.0,-19.9,12.0,22.6,16
2561,42867.0,-1.1,0.0,0.7000000000000001,-1.4000000000000001,5.0,9.0,-15.8,22.700000000000003,27.3,16
2562,42883.0,-1.0,0.1,0.5,-1.2000000000000002,5.300000000000001,8.9,-18.700000000000003,34.2,31.0,16
2563,42900.0,-0.8,0.6000000000000001,0.7000000000000001,-1.1,5.5,9.1,-23.0,38.1,31.099999999999998,16
2564,42917.0,-0.6000000000000001,0.9,0.7000000000000001,-1.0,5.7,9.1,-35.1,43.00000000000001,33.6,16
2565,42933.0,-0.30000000000000004,1.1,0.8,-0.9,5.800000000000001,9.3,-56.50000000000001,40.6,35.4,16
2566,42950.0,-0.2,1.1,0.9,-0.7000000000000001,5.7,9.5,-70.0,38.7,36.2,16
2567,42967.0,-0.6000000000000001,0.8,1.9000000000000001,-1.2000000000000002,5.1000000000000005,10.600000000000001,-103.2,36.0,36.8,16
2568,42983.0,-1.1,0.0,4.7,-1.7000000000000002,3.9000000000000004,13.600000000000001,-125.00000000000001,30.799999999999997,40.1,16
2569,43000.0,-0.8,-0.30000000000000004,6.2,-1.5,3.5,15.200000000000001,-118.60000000000001,22.2,40.9,16
2570,43017.0,0.1,-0.6000000000000001,7.1000000000000005,-0.6000000000000001,3.0,16.2,-66.7,0.0,28.700000000000003,16
2571,43033.0,0.30000000000000004,-0.2,3.9000000000000004,-0.30000000000000004,3.3000000000000003,13.100000000000001,2.5,-11.4,2.9,16
2572,43050.0,0.30000000000000004,0.1,2.0,-0.30000000000000004,3.6,11.3,27.700000000000003,-5.7,-6.600000000000001,16
2573,43067.0,-0.2,0.4,-1.0,-0.8,4.1000000000000005,8.1,55.0,20.900000000000002,-15.000000000000002,16
2574,43084.0,-0.30000000000000004,0.7000000000000001,-3.0,-1.1,4.6000000000000005,6.1000000000000005,52.7,46.4,-9.899999999999999,16
2575,43100.0,-0.4,0.7000000000000001,-3.4000000000000004,-1.3,4.6000000000000005,5.6000000000000005,43.900000000000006,54.800000000000004,-4.7,16
2576,43117.0,-0.6000000000000001,0.30000000000000004,-3.4000000000000004,-1.7000000000000002,4.4,5.5,18.6,63.30000000000001,8.8,16
2577,43133.0,-0.5,-0.2,-2.8000000000000003,-1.7000000000000002,3.8000000000000003,6.1000000000000005,-6.699999999999999,56.400000000000006,24.1,16
2578,43150.0,-0.30000000000000004,-0.6000000000000001,-2.3000000000000003,-1.6,3.4000000000000004,6.6000000000000005,-16.6,45.9,30.599999999999998,16
2579,43169.0,0.2,-1.1,-1.2000000000000002,-1.1,2.8000000000000003,7.7,-24.200000000000003,18.3,39.599999999999994,16
2580,43183.0,0.6000000000000001,-1.4000000000000001,-1.2000000000000002,-0.7000000000000001,2.5,7.7,-13.6,-8.8,43.50000000000001,16
2581,43200.0,0.9,-1.4000000000000001,-1.5,-0.30000000000000004,2.5,7.4,-5.7,-18.200000000000003,43.6,16
2582,43217.0,1.4000000000000001,-1.2000000000000002,-2.4000000000000004,0.4,2.7,6.5,6.9,-23.2,41.300000000000004,16
2583,43233.0,1.8,-0.8,-3.1,0.9,3.2,5.800000000000001,10.299999999999999,-15.700000000000001,36.5,16
2584,43250.0,2.0,-0.5,-3.1,1.2000000000000002,3.8000000000000003,5.9,8.899999999999999,-10.299999999999999,33.2,16
2585,43267.0,2.0,0.1,-2.7,1.2000000000000002,4.1000000000000005,6.1000000000000005,3.6000000000000005,0.9000000000000001,26.700000000000003,16
2586,43283.0,1.7000000000000002,0.8,-2.1,0.9,4.800000000000001,6.7,-2.0,15.000000000000002,21.1,16
2587,43300.0,1.2000000000000002,1.0,-1.6,0.1,5.2,8.0,-6.300000000000001,22.2,20.1,16
2588,43317.0,0.8,1.5,0.2,-0.1,5.4,8.9,-11.700000000000001,35.599999999999994,24.200000000000003,16
2589,43333.0,0.8,1.5,1.0,0.0,5.300000000000001,10.3,-5.9,46.9,27.400000000000002,16
2590,43352.0,1.2000000000000002,1.3,2.4000000000000004,0.1,5.300000000000001,11.200000000000001,4.5,38.400000000000006,22.3,16
2591,43367.0,1.4000000000000001,1.5,2.5,0.30000000000000004,5.5,11.3,11.000000000000002,26.799999999999997,17.5,16
2592,43383.0,1.3,1.6,2.1,0.2,5.7,10.9,19.9,-5.0,5.4,16
2593,43400.0,1.1,1.9000000000000001,1.5,0.1,6.1000000000000005,10.3,20.5,-32.8,-3.8,16
2594,43417.0,0.9,1.9000000000000001,1.4000000000000001,0.0,6.1000000000000005,10.100000000000001,17.5,-39.300000000000004,-7.200000000000001,16
2595,43433.0,0.8,1.8,1.8,0.0,6.1000000000000005,10.600000000000001,11.3,-45.7,-14.5,16
2596,43450.0,0.8,2.1,1.8,0.2,6.4,10.5,15.8,-49.1,-21.300000000000004,16
2597,43467.0,0.9,2.3000000000000003,1.6,0.30000000000000004,6.6000000000000005,10.4,18.1,-45.9,-24.200000000000003,16
2598,43483.0,0.8,2.5,0.9,0.30000000000000004,6.9,9.700000000000001,14.700000000000001,-35.699999999999996,-28.200000000000003,16
2599,43500.0,0.2,2.5,0.7000000000000001,-0.30000000000000004,6.9,9.5,-13.3,-23.6,-27.0,16
2600,43516.0,0.1,2.3000000000000003,1.5,-0.30000000000000004,6.6000000000000005,10.3,-33.400000000000006,-20.2,-22.3,16
2601,43533.0,0.30000000000000004,0.9,4.2,-0.1,5.1000000000000005,13.100000000000001,-55.0,-19.9,-13.3,16
2602,43550.0,1.1,-0.1,5.0,0.8,4.0,14.0,-34.400000000000006,-36.7,-16.0,16
2603,43567.0,1.4000000000000001,-0.4,4.3,1.1,3.6,13.3,-16.1,-46.4,-23.099999999999998,16
2604,43583.0,1.4000000000000001,-0.6000000000000001,1.6,1.2000000000000002,3.5,10.700000000000001,12.100000000000001,-57.00000000000001,-37.7,16
2605,43600.0,1.0,-0.5,-0.30000000000000004,1.0,3.7,8.700000000000001,20.7,-50.7,-42.7,16
2606,43617.0,1.0,-0.4,-1.0,1.1,3.7,8.0,20.7,-40.0,-42.5,16
2607,43633.0,0.9,-0.8,-2.1,0.9,3.4000000000000004,6.9,13.700000000000001,-12.100000000000001,-41.199999999999996,16
2608,43651.0,0.7000000000000001,-1.3,-2.4000000000000004,0.6000000000000001,2.9000000000000004,6.6000000000000005,1.8000000000000003,6.9,-40.0,16
2609,43675.0,0.7000000000000001,-1.6,-1.8,0.5,2.4000000000000004,8.0,-3.4,10.1,-44.4,16
2610,43684.0,0.4,-1.9000000000000001,-0.5,0.2,2.3000000000000003,8.5,3.0,7.0,-49.699999999999996,16
2611,43700.0,-0.4,-2.0,-0.5,-0.7000000000000001,2.3000000000000003,8.5,24.8,1.0,-58.800000000000004,16
2612,43717.0,-0.7000000000000001,-2.0,-0.8,-1.0,2.3000000000000003,8.1,36.300000000000004,-1.4,-60.00000000000001,16
2613,43733.0,-1.0,-1.9000000000000001,-2.0,-1.4000000000000001,2.5,6.800000000000001,49.6,-4.2,-57.00000000000001,16
2614,43750.0,-0.8,-1.8,-2.3000000000000003,-1.2000000000000002,2.7,6.4,44.300000000000004,-7.699999999999999,-49.9,16
2615,43767.0,-0.5,-1.7000000000000002,-2.1,-1.0,2.8000000000000003,6.6000000000000005,39.2,-11.6,-46.7,16
2616,43783.0,-0.1,-1.6,-1.7000000000000002,-0.6000000000000001,3.1,6.9,31.0,-25.200000000000003,-44.9,16
2617,43800.0,-0.30000000000000004,-1.3,-1.3,-0.7000000000000001,3.4000000000000004,7.300000000000001,17.9,-37.300000000000004,-42.800000000000004,16
2618,43817.0,-0.4,-1.2000000000000002,-1.0,-0.8,3.5,7.6000000000000005,11.6,-41.0,-39.699999999999996,16
2619,43833.0,-0.30000000000000004,-1.2000000000000002,-0.1,-0.7000000000000001,3.5,8.5,3.2,-40.7,-31.6,16
2620,43850.0,-0.2,-1.2000000000000002,0.6000000000000001,-0.5,3.5,9.1,7.699999999999999,-28.0,-23.5,16
2621,43867.0,-0.1,-1.3,0.6000000000000001,-0.4,3.4000000000000004,9.1,13.3,-17.9,-20.1,16
2622,43883.0,0.0,-1.4000000000000001,0.4,-0.30000000000000004,3.4000000000000004,8.9,23.800000000000004,0.2,-17.6,16
2623,43900.0,-0.2,-1.5,0.2,-0.5,3.4000000000000004,8.700000000000001,33.0,3.6000000000000005,-16.8,16
2624,43916.0,-0.2,-1.5,0.1,-0.6000000000000001,3.4000000000000004,8.6,38.1,2.9,-16.200000000000003,16
2625,43933.0,-0.5,-1.4000000000000001,-0.5,-0.9,3.6,7.9,44.6,9.700000000000001,-14.400000000000002,16
2626,43950.0,-0.6000000000000001,-1.3,-0.9,-1.2000000000000002,3.8000000000000003,7.300000000000001,40.7,22.9,-8.100000000000001,16
2627,43967.0,-0.5,-1.2000000000000002,-1.1,-1.1,3.9000000000000004,7.2,35.4,30.3,-4.7,16
2628,43984.0,-0.2,-1.0,-1.2000000000000002,-0.9,4.3,7.0,21.1,43.70000000000001,-0.2,16
2629,44000.0,-0.5,-0.8,-0.9,-1.3,4.4,7.2,3.7000000000000006,49.9,-2.6,16
2630,44016.0,-1.2000000000000002,-0.6000000000000001,-0.7000000000000001,-1.6,5.2,7.9,-6.300000000000001,49.300000000000004,-2.0,16
2631,44033.0,-0.8,0.1,-0.2,-1.9000000000000001,5.2,8.0,-23.900000000000006,48.2,2.4000000000000004,16
2632,44050.0,-1.2000000000000002,0.30000000000000004,-0.4,-2.4000000000000004,5.300000000000001,7.800000000000001,-46.300000000000004,37.9,3.3000000000000007,16
2633,44067.0,-1.7000000000000002,0.4,-0.4,-3.4000000000000004,5.4,8.200000000000001,-62.199999999999996,32.300000000000004,5.6,16
2634,44083.0,-2.6,0.5,0.4,-3.9000000000000004,5.2,8.8,-105.20000000000002,27.9,18.8,16
2635,44100.0,-2.9000000000000004,-0.1,3.3000000000000003,-4.3,4.2,11.9,-149.79999999999998,23.800000000000004,39.300000000000004,16
2636,44117.0,-2.2,-0.9,6.2,-3.5,2.9000000000000004,15.100000000000001,-153.4,-6.300000000000001,48.9,16
2637,44133.0,-1.7000000000000002,-1.0,6.6000000000000005,-2.9000000000000004,2.6,15.600000000000001,-136.7,-29.400000000000002,46.199999999999996,16
2638,44150.0,-0.8,-0.8,5.300000000000001,-1.9000000000000001,2.5,14.5,-82.7,-58.3,34.400000000000006,16
2639,44167.0,-0.6000000000000001,-0.5,2.6,-1.4000000000000001,2.8000000000000003,11.9,-28.800000000000004,-47.80000000000001,19.0,16
2640,44183.0,-0.6000000000000001,-0.2,1.1,-1.4000000000000001,3.0,10.5,-7.500000000000001,-27.800000000000004,12.7,16
2641,44200.0,-0.8,0.30000000000000004,-1.2000000000000002,-1.6,3.5,8.1,17.1,22.6,5.6,16
2642,44217.0,-1.0,0.30000000000000004,-2.8000000000000003,-2.0,3.7,6.5,19.0,58.60000000000001,7.6,16
2643,44233.0,-1.1,0.30000000000000004,-3.2,-2.2,3.6,6.0,12.299999999999999,68.3,11.900000000000002,16
2644,44250.0,-1.1,0.1,-3.0,-2.4000000000000004,3.4000000000000004,6.1000000000000005,-6.500000000000001,70.3,24.1,16
2645,44267.0,-0.7000000000000001,-0.2,-2.6,-2.1,3.1,6.5,-13.000000000000002,63.4,29.600000000000005,16
2646,44283.0,-0.5,-0.2,-2.5,-2.0,3.1,6.6000000000000005,-18.900000000000002,43.6,37.50000000000001,16
2647,44300.0,-0.2,-0.2,-2.4000000000000004,-1.7000000000000002,3.1,6.7,-16.3,22.8,41.800000000000004,16
2648,44317.0,0.2,0.1,-2.2,-1.3,3.3000000000000003,6.9,-6.0,11.6,45.400000000000006,16
2649,44333.0,0.4,0.2,-2.3000000000000003,-1.2000000000000002,3.4000000000000004,6.7,0.4,10.8,46.7,16
2650,44350.0,0.8,0.4,-2.5,-0.7000000000000001,3.8000000000000003,6.5,7.500000000000001,13.6,50.1,16
2651,44367.0,1.2000000000000002,0.8,-2.2,-0.30000000000000004,4.2,6.7,8.700000000000001,17.400000000000002,51.800000000000004,16
2652,44383.0,1.4000000000000001,1.1,-1.8,-0.1,4.5,7.2,8.600000000000001,18.5,52.00000000000001,16
2653,44400.0,1.5,1.7000000000000002,-1.1,0.1,5.1000000000000005,7.800000000000001,8.4,19.700000000000003,50.900000000000006,16
2654,44416.0,1.4000000000000001,2.1,-0.2,0.0,5.6000000000000005,8.700000000000001,2.0,16.5,50.3,16
2655,44433.0,1.4000000000000001,2.4000000000000004,0.6000000000000001,0.0,6.0,9.5,-1.2000000000000002,14.400000000000002,50.2,16
2656,44450.0,0.9,2.6,2.3000000000000003,-0.5,6.1000000000000005,11.200000000000001,-0.2,9.2,45.6,16
2657,44467.0,0.5,2.7,3.6,-0.9,6.4,12.5,14.600000000000001,5.300000000000001,40.2,16
2658,44483.0,0.5,2.8000000000000003,3.9000000000000004,-0.9,6.5,12.8,27.099999999999998,4.2,37.400000000000006,16
2659,44500.0,0.7000000000000001,2.7,2.8000000000000003,-0.6000000000000001,6.6000000000000005,11.700000000000001,51.1,0.5,30.9,16
2660,44516.0,0.9,2.5,1.7000000000000002,-0.4,6.6000000000000005,10.5,57.800000000000004,-2.8,23.0,16
2661,44533.0,0.9,2.4000000000000004,1.4000000000000001,-0.30000000000000004,6.6000000000000005,10.200000000000001,56.400000000000006,-3.5,18.6,16
2662,44550.0,0.9,1.9000000000000001,1.9000000000000001,-0.4,6.300000000000001,10.600000000000001,53.2,-2.4000000000000004,9.0,16
2663,44571.0,1.2000000000000002,1.8,2.2,0.0,6.4,10.9,66.3,-2.7,-2.1,16
2664,44584.0,1.3,1.8,1.8,0.1,6.5,10.4,76.2,-1.7,-7.699999999999999,16
2665,44600.0,1.1,1.6,1.0,-0.1,6.6000000000000005,9.5,88.3,1.1,-15.5,16
2666,44616.0,0.9,1.8,0.5,-0.30000000000000004,7.0,8.9,86.89999999999999,3.7000000000000006,-15.399999999999999,16
2667,44633.0,1.0,1.8,0.30000000000000004,-0.30000000000000004,7.2,8.5,81.10000000000001,6.600000000000001,-12.4,16
2668,44650.0,1.3,1.6,-0.2,0.0,7.2,7.9,57.49999999999999,6.9,-5.1000000000000005,16
2669,44666.0,1.3,0.9,0.9,0.0,6.6000000000000005,8.9,28.0,2.4000000000000004,1.1,16
2670,44683.0,1.2000000000000002,0.5,1.3,-0.1,6.2,9.4,19.200000000000003,-3.9,3.7000000000000006,16
2671,44700.0,1.6,-0.2,0.9,0.5,5.5,8.9,9.600000000000001,-32.9,7.400000000000001,16
2672,44716.0,2.1,-0.7000000000000001,0.2,1.2000000000000002,5.0,8.200000000000001,-2.8,-70.3,6.1000000000000005,16
2673,44733.0,2.1,-0.8,-0.1,1.3,4.9,8.0,-10.299999999999999,-86.60000000000001,4.2,16
2674,44750.0,2.1,-1.0,-0.30000000000000004,1.6,4.7,7.9,-24.400000000000002,-101.80000000000001,-0.7,16
2675,44767.0,1.8,-1.0,-0.30000000000000004,1.6,4.5,7.9,-34.1,-93.10000000000001,-3.3000000000000007,16
2676,44783.0,1.7000000000000002,-1.1,-0.30000000000000004,1.4000000000000001,4.1000000000000005,8.200000000000001,-37.9,-81.3,-3.9,16
2677,44800.0,1.3,-1.7000000000000002,0.30000000000000004,1.4000000000000001,3.7,8.700000000000001,-42.0,-51.9,-5.4,16
2678,44817.0,1.1,-2.4000000000000004,1.3,1.2000000000000002,2.8000000000000003,9.700000000000001,-32.0,-31.2,-13.000000000000002,16
2679,44833.0,0.8,-3.0,1.4000000000000001,1.0,2.2,9.8,-21.6,-23.700000000000003,-22.000000000000004,16
2680,44850.0,0.5,-3.1,1.1,0.7000000000000001,2.0,9.600000000000001,7.200000000000001,-12.200000000000001,-43.70000000000001,16
2681,44867.0,0.1,-3.2,0.1,0.1,2.1,8.5,40.800000000000004,-4.9,-61.10000000000001,16
2682,44884.0,-0.6000000000000001,-3.2,-1.3,-0.6000000000000001,2.2,7.0,67.5,2.0,-69.3,16
2683,44900.0,-0.8,-3.2,-1.9000000000000001,-0.9,2.3000000000000003,6.300000000000001,74.4,4.0,-68.5,16
2684,44917.0,-0.8,-2.9000000000000004,-2.9000000000000004,-1.1,2.7,5.2,75.7,0.30000000000000004,-60.900000000000006,16
2685,44933.0,-0.6000000000000001,-2.6,-3.3000000000000003,-1.0,3.3000000000000003,4.6000000000000005,70.10000000000001,-4.9,-55.60000000000001,16
2686,44950.0,-0.5,-2.3000000000000003,-3.2,-0.9,3.6,4.6000000000000005,49.300000000000004,-15.899999999999999,-44.00000000000001,16
2687,44967.0,-0.5,-1.7000000000000002,-2.8000000000000003,-0.9,4.3,4.9,22.700000000000003,-21.8,-32.1,16
2688,44983.0,-0.8,-1.4000000000000001,-2.1,-1.2000000000000002,4.5,5.6000000000000005,-7.300000000000001,-22.4,-17.6,16
2689,45000.0,-0.9,-1.4000000000000001,-1.4000000000000001,-1.2000000000000002,4.5,6.300000000000001,-20.7,-21.0,-9.5,16
2690,45017.0,-0.9,-1.6,0.5,-1.3,4.2,8.200000000000001,-34.0,-20.1,5.7,16
2691,45033.0,-0.7000000000000001,-1.6,1.5,-1.0,4.1000000000000005,9.3,-31.3,-20.1,10.299999999999999,16
2692,45050.0,-0.7000000000000001,-1.7000000000000002,1.5,-0.9,4.0,9.4,-15.399999999999999,-14.5,12.299999999999999,16
2693,45067.0,-0.6000000000000001,-1.6,1.0,-0.8,4.0,8.9,2.2,-3.1,11.000000000000002,16
2694,45083.0,-0.7000000000000001,-1.6,0.7000000000000001,-0.9,4.1000000000000005,8.6,15.000000000000002,20.1,7.6,16
2695,45100.0,-0.9,-1.5,0.6000000000000001,-1.1,4.2,8.5,19.700000000000003,34.800000000000004,6.1000000000000005,16
2696,45116.0,-0.8,-1.0,0.4,-1.3,4.800000000000001,8.200000000000001,27.400000000000002,60.7,4.5,16
2697,45133.0,-0.9,-0.8,0.2,-1.7000000000000002,5.2,7.7,28.500000000000004,73.6,1.2000000000000002,16
2698,45151.0,-1.1,-0.30000000000000004,-0.2,-1.8,5.6000000000000005,7.5,24.1,77.7,0.5,16
2699,45167.0,-1.1,0.4,-0.7000000000000001,-2.0,6.300000000000001,6.9,5.0,77.3,-0.8,16
2700,45183.0,-1.1,1.0,-1.5,-2.2,6.800000000000001,6.1000000000000005,-33.50000000000001,68.1,-2.7,16
2701,45200.0,-1.0,1.1,-1.6,-2.3000000000000003,6.9,6.1000000000000005,-63.4,63.2,-3.6000000000000005,16
2702,45216.0,-2.2,0.5,-0.1,-3.6,5.9,7.800000000000001,-140.5,56.9,-8.2,16
2703,45233.0,-3.0,-0.4,5.2,-4.6000000000000005,4.5,13.4,-196.4,34.800000000000004,-4.2,16
2704,45250.0,-2.8000000000000003,-0.5,7.6000000000000005,-4.4,4.1000000000000005,16.0,-194.5,11.4,-2.5,16
2705,45266.0,-1.8,-1.0,9.700000000000001,-3.4000000000000004,3.1,18.400000000000002,-137.4,-25.300000000000004,-20.0,16
2706,45283.0,-1.7000000000000002,-0.6000000000000001,7.7,-3.2,3.3000000000000003,16.6,-41.800000000000004,-28.800000000000004,-48.9,16
2707,45300.0,-1.7000000000000002,-0.2,5.9,-3.3000000000000003,3.7,14.9,5.0,-16.900000000000002,-57.1,16
2708,45318.0,-1.5,0.30000000000000004,2.0,-3.2,4.3,10.9,71.30000000000001,32.1,-57.60000000000001,16
2709,45335.0,-1.0,0.30000000000000004,-1.3,-3.0,4.6000000000000005,7.4,90.30000000000001,78.7,-45.3,16
2710,45350.0,-0.7000000000000001,0.2,-2.4000000000000004,-2.8000000000000003,4.6000000000000005,6.300000000000001,85.69999999999999,90.9,-37.1,16
2711,45367.0,-0.2,-0.30000000000000004,-3.5,-2.7,4.3,4.9,62.199999999999996,86.89999999999999,-22.4,16
2712,45383.0,0.30000000000000004,-0.8,-3.9000000000000004,-2.4000000000000004,3.9000000000000004,4.3,34.60000000000001,54.50000000000001,-10.299999999999999,16
2713,45400.0,0.6000000000000001,-0.9,-4.0,-2.2,3.8000000000000003,4.2,22.6,34.50000000000001,-5.300000000000001,16
2714,45416.0,0.8,-1.0,-4.0,-2.0,3.7,4.1000000000000005,4.2,1.1,2.2,16
2715,45433.0,1.0,-0.8,-4.1000000000000005,-1.7000000000000002,3.9000000000000004,4.1000000000000005,-2.0,-17.0,8.700000000000001,16
2716,45453.0,1.2000000000000002,-0.6000000000000001,-4.1000000000000005,-1.3,4.3,3.8000000000000003,2.5,-16.5,15.8,16
2717,45467.0,1.5,-0.2,-4.4,-1.1,4.6000000000000005,3.6,4.2,-8.5,18.8,16
2718,45483.0,1.6,0.5,-4.4,-1.0,5.300000000000001,3.6,6.4,11.5,24.900000000000002,16
2719,45500.0,1.7000000000000002,0.8,-4.4,-0.9,5.7,3.6,7.300000000000001,22.2,28.3,16
2720,45516.0,1.6,1.4000000000000001,-4.5,-1.0,6.300000000000001,3.5,2.6,43.800000000000004,36.5,16
2721,45533.0,1.0,1.8,-3.7,-1.6,6.7,4.1000000000000005,-17.1,60.00000000000001,46.50000000000001,16
2722,45550.0,0.7000000000000001,2.0,-2.8000000000000003,-2.4000000000000004,7.0,6.1000000000000005,-29.300000000000004,65.2,51.0,16
2723,45566.0,-0.1,2.2,-0.6000000000000001,-2.9000000000000004,7.0,7.2,-50.3,68.60000000000001,56.0,16
2724,45583.0,-0.9,2.0,1.6,-3.8000000000000003,6.800000000000001,9.5,-62.300000000000004,65.7,59.300000000000004,16
2725,45600.0,-1.1,1.8,2.6,-4.1000000000000005,6.2,11.600000000000001,-62.300000000000004,54.4,60.7,16
2726,45616.0,-1.0,1.4000000000000001,4.3,-3.9000000000000004,6.1000000000000005,12.3,-45.8,5.4,57.9,16
2727,45633.0,-0.2,1.8,3.9000000000000004,-2.9000000000000004,6.4,12.0,-17.200000000000003,-56.10000000000001,46.199999999999996,16
2728,45650.0,0.2,2.1,2.6,-2.2,6.800000000000001,10.8,3.1,-85.0,33.2,16
2729,45666.0,0.2,2.3000000000000003,2.3000000000000003,-2.1,7.0,10.600000000000001,8.3,-83.5,27.5,16
2730,45683.0,-0.2,2.3000000000000003,2.4000000000000004,-2.2,7.0,10.700000000000001,19.5,-62.50000000000001,20.5,16
2731,45700.0,-0.1,2.2,2.5,-1.9000000000000001,7.1000000000000005,10.8,36.5,-41.50000000000001,13.8,16
2732,45716.0,0.1,2.3000000000000003,2.2,-1.7000000000000002,7.300000000000001,10.5,45.400000000000006,-34.60000000000001,9.3,16
2733,45734.0,0.1,2.4000000000000004,1.4000000000000001,-1.6,7.5,9.600000000000001,49.800000000000004,-24.200000000000003,3.1,16
2734,45750.0,0.4,2.7,1.0,-1.3,8.0,9.200000000000001,35.9,-20.8,-0.4,16
2735,45767.0,0.30000000000000004,2.8000000000000003,1.1,-1.4000000000000001,8.1,9.200000000000001,24.3,-19.700000000000003,-2.4000000000000004,16
2736,45783.0,-0.4,2.3000000000000003,1.7000000000000002,-2.0,7.6000000000000005,9.9,0.5,-17.7,-0.2,16
2737,45800.0,-0.2,1.2000000000000002,3.0,-1.8,6.6000000000000005,11.200000000000001,-7.400000000000001,-15.299999999999999,8.8,16
2738,45817.0,0.1,0.7000000000000001,3.5,-1.4000000000000001,6.0,11.700000000000001,-1.4,-15.2,11.5,16
2739,45833.0,1.0,0.0,3.0,-0.4,5.4,11.3,22.1,-16.6,8.600000000000001,16
2740,45850.0,1.5,-0.4,1.7000000000000002,0.1,5.2,9.9,38.2,-21.0,-2.5,16
2741,45866.0,1.5,-0.4,1.3,0.1,5.1000000000000005,9.5,41.1,-21.7,-7.1000000000000005,16
2742,45883.0,1.4000000000000001,-0.6000000000000001,0.7000000000000001,0.1,5.1000000000000005,8.8,41.300000000000004,-18.3,-12.100000000000001,16
2743,45900.0,1.3,-0.8,0.6000000000000001,0.0,5.0,8.6,36.7,-10.8,-15.399999999999999,16
2744,45916.0,1.1,-1.0,0.7000000000000001,-0.2,4.800000000000001,8.700000000000001,35.4,-7.500000000000001,-17.6,16
2745,45933.0,0.6000000000000001,-1.5,0.9,-0.4,4.6000000000000005,8.8,36.0,-3.5,-19.6,16
2746,45950.0,0.2,-2.0,1.1,-1.2000000000000002,4.0,9.0,48.2,6.500000000000001,-23.3,16
2747,45967.0,0.0,-2.4000000000000004,1.0,-1.5,3.7,8.8,56.50000000000001,6.0,-25.200000000000003,16
2748,45983.0,-0.2,-2.9000000000000004,0.1,-1.7000000000000002,3.3000000000000003,7.7,73.5,-4.5,-30.9,16
2749,46000.0,-0.2,-3.2,-1.2000000000000002,-1.8,3.2,6.2,83.80000000000001,-20.0,-35.9,16
2750,46016.0,-0.2,-3.3000000000000003,-1.9000000000000001,-1.7000000000000002,3.2,5.4,86.00000000000001,-26.6,-37.6,16
2751,46033.0,0.0,-3.4000000000000004,-3.1,-1.5,3.3000000000000003,4.0,82.10000000000001,-33.800000000000004,-39.2,16
2752,46050.0,0.0,-3.3000000000000003,-3.7,-1.6,3.4000000000000004,3.3000000000000003,67.8,-33.300000000000004,-40.1,16
2753,46067.0,-0.1,-3.2,-3.6,-1.7000000000000002,3.6,3.3000000000000003,60.00000000000001,-32.6,-39.2,16
2754,46083.0,-0.2,-2.7,-3.1,-1.7000000000000002,4.2,3.7,48.6,-26.9,-34.800000000000004,16
2755,46100.0,-0.2,-2.3000000000000003,-2.9000000000000004,-1.8,4.7,3.7,41.7,-17.300000000000004,-28.900000000000002,16
2756,46116.0,-0.1,-1.9000000000000001,-2.9000000000000004,-1.7000000000000002,5.1000000000000005,3.7,37.400000000000006,-13.3,-25.5,16
2757,46133.0,-0.1,-1.2000000000000002,-2.9000000000000004,-1.8,5.800000000000001,3.6,21.6,-3.9,-17.7,16
2758,46150.0,-0.4,-0.8,-2.2,-2.1,6.2,4.3,-4.5,9.3,-8.3,16
2759,46167.0,-0.6000000000000001,-0.7000000000000001,-1.3,-2.3000000000000003,6.2,5.2,-15.8,16.700000000000003,-3.4,16
2760,46184.0,-0.8,-0.6000000000000001,0.30000000000000004,-2.5,6.4,6.9,-25.200000000000003,32.7,7.200000000000001,16
2761,46200.0,-0.8,-0.7000000000000001,0.7000000000000001,-2.6,6.2,7.300000000000001,-23.5,36.9,17.400000000000002,16
2762,46217.0,-0.8,-0.7000000000000001,0.7000000000000001,-2.6,6.2,7.300000000000001,-24.0,32.6,22.1,16
2763,46233.0,-0.6000000000000001,-0.6000000000000001,0.7000000000000001,-2.4000000000000004,6.2,7.4,-29.200000000000003,21.8,27.800000000000004,16
2764,46250.0,-0.4,-0.5,0.7000000000000001,-2.2,6.2,7.4,-35.8,16.4,31.3,16
2765,46267.0,-0.4,-0.5,0.7000000000000001,-2.2,6.2,7.5,-37.300000000000004,16.3,32.6,16
2766,46283.0,-0.2,-0.2,0.9,-2.0,6.4,7.800000000000001,-37.800000000000004,23.3,31.3,16
2767,46300.0,-0.5,0.30000000000000004,0.8,-2.3000000000000003,6.9,7.800000000000001,-34.7,30.699999999999996,27.700000000000003,16
2768,46316.0,-0.6000000000000001,0.6000000000000001,0.5,-2.4000000000000004,7.4,7.0,-35.8,32.1,27.700000000000003,16
2769,46333.0,-0.6000000000000001,1.1,-0.30000000000000004,-2.4000000000000004,7.6000000000000005,6.800000000000001,-52.2,28.0,29.900000000000006,16
2770,46350.0,-0.4,1.5,-0.8,-2.2,7.800000000000001,6.4,-87.80000000000001,18.900000000000002,33.50000000000001,16
2771,46367.0,-0.9,1.4000000000000001,0.4,-2.6,7.4,7.800000000000001,-139.1,17.9,34.0,16
2772,46383.0,-1.6,1.0,2.1,-3.4000000000000004,6.800000000000001,9.8,-161.20000000000002,21.200000000000003,33.6,16
2773,46400.0,-2.7,0.30000000000000004,6.1000000000000005,-4.5,5.6000000000000005,14.100000000000001,-165.3,16.700000000000003,38.50000000000001,16
2774,46417.0,-2.2,-0.30000000000000004,7.300000000000001,-3.9000000000000004,4.7,15.600000000000001,-113.3,-4.1,38.7,16
2775,46433.0,-1.7000000000000002,-0.4,6.2,-3.3000000000000003,4.5,14.600000000000001,-77.60000000000001,-15.8,33.2,16
2776,46450.0,-0.8,-0.4,2.8000000000000003,-2.3000000000000003,4.5,11.3,-20.2,-32.2,15.6,16
2777,46467.0,-0.6000000000000001,-0.30000000000000004,1.5,-2.0,4.7,8.9,-0.8,-28.200000000000003,7.8,16
2778,46483.0,-0.6000000000000001,-0.1,-0.6000000000000001,-2.1,4.800000000000001,7.9,28.200000000000003,2.2,-4.300000000000001,16
2779,46500.0,-1.1,0.0,-2.2,-2.7,5.0,6.2,40.4,42.800000000000004,-6.300000000000001,16
2780,46516.0,-1.5,-0.1,-3.1,-3.3000000000000003,5.0,5.1000000000000005,35.4,71.5,5.8,16
2781,46533.0,-1.4000000000000001,-0.30000000000000004,-3.4000000000000004,-3.3000000000000003,4.9,4.800000000000001,27.2,78.60000000000001,14.5,16
2782,46550.0,-1.0,-0.8,-3.4000000000000004,-3.1,4.4,4.7,16.3,80.4,23.2,16
2783,46566.0,-0.4,-1.2000000000000002,-2.9000000000000004,-2.6,4.0,5.1000000000000005,-17.400000000000002,52.400000000000006,43.70000000000001,16
2784,46583.0,0.0,-1.3,-2.6,-2.2,3.8000000000000003,5.4,-25.1,36.7,48.2,16
2785,46600.0,0.5,-1.5,-2.1,-1.7000000000000002,3.6,5.9,-32.8,6.8,52.5,16
2786,46616.0,0.9,-1.3,-1.9000000000000001,-1.1,3.8000000000000003,6.2,-29.600000000000005,-4.4,53.9,16
2787,46633.0,1.1,-1.1,-1.9000000000000001,-0.9,3.9000000000000004,6.2,-25.5,-2.3,54.800000000000004,16
2788,46650.0,1.7000000000000002,-0.8,-1.9000000000000001,-0.2,4.2,6.2,-16.5,9.700000000000001,54.300000000000004,16
2789,46670.0,2.0,-0.4,-2.0,0.2,4.6000000000000005,6.2,-8.700000000000001,21.6,48.10000000000001,16
2790,46684.0,2.0,-0.2,-1.9000000000000001,0.1,4.800000000000001,6.2,-7.200000000000001,24.8,43.2,16
2791,46700.0,1.8,0.4,-1.7000000000000002,-0.1,5.4,6.4,-7.699999999999999,27.0,36.0,16
2792,46716.0,1.5,0.7000000000000001,-1.2000000000000002,-0.30000000000000004,5.7,6.9,-12.100000000000001,27.9,31.2,16
2793,46733.0,1.3,0.8,-0.8,-0.5,5.800000000000001,7.300000000000001,-15.299999999999999,27.099999999999998,29.1,16
2794,46750.0,1.3,1.0,-0.1,-0.5,5.9,8.0,-19.0,18.700000000000003,26.000000000000004,16
2795,46766.0,1.9000000000000001,1.0,0.2,0.1,6.0,8.3,-20.8,0.0,17.400000000000002,16
2796,46783.0,2.1,1.2000000000000002,0.5,0.4,6.1000000000000005,8.700000000000001,-21.900000000000002,-13.399999999999999,11.000000000000002,16
2797,46800.0,2.3000000000000003,1.6,0.9,0.6000000000000001,6.4,9.1,-21.0,-42.3,-3.2,16
2798,46816.0,2.1,1.9000000000000001,1.3,0.6000000000000001,6.7,9.600000000000001,-19.400000000000002,-60.00000000000001,-13.5,16
2799,46833.0,2.0,2.1,1.7000000000000002,0.6000000000000001,6.800000000000001,10.0,-18.8,-59.5,-17.9,16
2800,46850.0,1.5,1.9000000000000001,2.6,0.2,6.7,11.0,-16.0,-44.8,-26.700000000000003,16
2801,46866.0,0.8,2.1,3.6,-0.4,6.9,12.100000000000001,-4.2,-30.699999999999996,-31.7,16
2802,46884.0,0.7000000000000001,2.3000000000000003,3.6,-0.5,7.0,12.0,5.6,-26.6,-32.0,16
2803,46900.0,0.7000000000000001,2.5,2.7,-0.5,7.300000000000001,11.200000000000001,16.5,-24.5,-30.5,16
2804,46916.0,0.2,2.8000000000000003,2.5,-0.9,7.6000000000000005,11.0,4.9,-20.7,-28.500000000000004,16
2805,46933.0,-0.1,2.8000000000000003,2.7,-1.3,7.6000000000000005,11.200000000000001,-4.9,-18.4,-25.8,16
2806,46950.0,-0.7000000000000001,2.0,3.6,-1.9000000000000001,6.800000000000001,12.200000000000001,-19.1,-19.0,-15.899999999999999,16
2807,46969.0,-0.8,0.9,4.0,-1.9000000000000001,5.6000000000000005,12.600000000000001,-16.4,-30.799999999999997,-6.300000000000001,16
2808,46983.0,-0.5,0.4,3.8000000000000003,-1.1,4.7,12.0,-10.8,-39.9,-3.5,16
2809,47000.0,0.1,-0.30000000000000004,2.7,-0.8,4.4,11.4,5.2,-57.00000000000001,-9.0,16
2810,47016.0,0.30000000000000004,-0.30000000000000004,1.2000000000000002,-0.5,4.5,9.9,25.6,-58.3,-18.200000000000003,16
2811,47033.0,0.4,-0.30000000000000004,0.4,-0.1,4.6000000000000005,8.3,34.2,-48.70000000000001,-21.200000000000003,16
2812,47050.0,0.6000000000000001,-0.30000000000000004,-0.9,-0.1,4.7,7.7,43.2,-17.1,-24.5,16
2813,47066.0,0.7000000000000001,-0.2,-1.5,0.0,4.800000000000001,7.1000000000000005,41.7,9.5,-27.700000000000003,16
2814,47083.0,0.5,-0.2,-1.4000000000000001,-0.5,5.0,7.300000000000001,39.2,17.200000000000003,-29.600000000000005,16
2815,47100.0,0.1,-0.2,-0.8,-0.8,5.0,7.6000000000000005,33.6,22.2,-29.900000000000006,16
2816,47117.0,-0.5,-0.6000000000000001,0.1,-1.4000000000000001,4.7,8.5,29.800000000000004,12.7,-26.799999999999997,16
2817,47133.0,-1.0,-0.9,1.0,-1.9000000000000001,4.5,9.3,35.0,-4.7,-21.900000000000002,16
2818,47151.0,-1.0,-1.0,1.0,-2.0,4.4,9.3,41.900000000000006,-12.4,-19.300000000000004,16
2819,47166.0,-1.0,-1.5,0.1,-2.0,4.1000000000000005,8.200000000000001,56.50000000000001,-27.9,-16.4,16
2820,47183.0,-0.7000000000000001,-1.6,-1.1,-1.6,4.1000000000000005,7.0,62.800000000000004,-36.8,-14.900000000000002,16
2821,47200.0,-0.5,-1.7000000000000002,-1.6,-1.4000000000000001,4.1000000000000005,6.4,62.50000000000001,-37.7,-14.600000000000001,16
2822,47217.0,-0.2,-1.8,-2.4000000000000004,-1.0,4.2,5.5,58.2,-39.9,-13.8,16
2823,47233.0,0.0,-1.7000000000000002,-2.7,-0.7000000000000001,4.3,5.1000000000000005,47.60000000000001,-39.50000000000001,-12.7,16
2824,47251.0,0.0,-1.6,-2.6,-0.7000000000000001,4.5,5.1000000000000005,41.199999999999996,-39.1,-12.200000000000001,16
2825,47269.0,-0.1,-1.4000000000000001,-2.3000000000000003,-0.7000000000000001,4.800000000000001,5.300000000000001,29.500000000000004,-36.2,-10.8,16
2826,47284.0,-0.1,-1.2000000000000002,-1.9000000000000001,-0.6000000000000001,5.0,5.6000000000000005,16.3,-23.900000000000006,-7.0,16
2827,47300.0,-0.1,-1.3,-1.3,-0.6000000000000001,4.9,6.2,11.8,-15.299999999999999,-5.1000000000000005,16
2828,47316.0,-0.2,-1.6,0.0,-0.7000000000000001,4.6000000000000005,7.5,11.5,3.8,-2.9,16
2829,47333.0,-0.2,-1.7000000000000002,0.5,-0.7000000000000001,4.6000000000000005,8.0,21.0,17.6,-2.4000000000000004,16
2830,47350.0,0.0,-1.7000000000000002,0.6000000000000001,-0.6000000000000001,4.6000000000000005,8.0,26.5,19.5,-2.9,16
2831,47367.0,-0.7000000000000001,-1.9000000000000001,0.0,-1.4000000000000001,4.5,7.4,31.6,17.0,-4.300000000000001,16
2832,47383.0,-0.5,-1.6,0.1,-1.2000000000000002,4.800000000000001,7.4,27.700000000000003,11.900000000000002,-1.4,16
2833,47400.0,-0.5,-1.6,0.1,-1.3,4.9,7.4,24.5,14.0,-0.8,16
2834,47416.0,-0.7000000000000001,-1.4000000000000001,-0.1,-1.5,5.1000000000000005,7.2,15.5,19.700000000000003,1.0,16
2835,47433.0,-0.9,-1.2000000000000002,0.1,-1.8,5.300000000000001,7.300000000000001,1.0,21.300000000000004,3.6000000000000005,16
2836,47450.0,-0.9,-1.0,0.4,-1.7000000000000002,5.4,7.6000000000000005,-4.4,19.5,4.6,16
2837,47466.0,-0.7000000000000001,-0.7000000000000001,0.5,-1.6,5.7,7.7,-9.899999999999999,15.700000000000001,4.7,16
2838,47483.0,-0.7000000000000001,-0.2,0.2,-1.7000000000000002,6.2,7.4,-16.4,19.200000000000003,5.300000000000001,16
2839,47500.0,-0.6000000000000001,0.1,-0.4,-1.6,6.5,6.9,-24.3,22.4,5.9,16
2840,47516.0,-0.6000000000000001,0.4,-1.4000000000000001,-1.6,6.7,6.0,-60.900000000000006,30.4,10.5,16
2841,47534.0,-1.4000000000000001,0.0,-0.5,-2.5,6.0,7.1000000000000005,-118.69999999999999,32.1,18.5,16
2842,47551.0,-1.8,-0.4,1.2000000000000002,-2.9000000000000004,5.4,8.9,-143.8,27.700000000000003,25.200000000000003,16
2843,47567.0,-1.4000000000000001,-1.0,5.4,-2.5,4.3,13.5,-152.3,4.5,35.4,16
2844,47583.0,-0.8,-1.2000000000000002,7.0,-1.8,3.8000000000000003,15.3,-97.2,-23.400000000000002,25.4,16
2845,47600.0,-0.7000000000000001,-1.0,6.2,-1.6,4.0,14.600000000000001,-57.699999999999996,-23.0,16.200000000000003,16
2846,47616.0,-0.8,-0.4,2.0,-1.7000000000000002,4.6000000000000005,10.5,8.0,5.0,3.1,16
2847,47633.0,-1.0,0.1,-1.2000000000000002,-2.0,5.2,7.2,30.4,33.800000000000004,-0.4,16
2848,47650.0,-1.0,0.4,-2.3000000000000003,-2.1,5.4,6.0,27.3,46.4,2.2,16
2849,47666.0,-1.4000000000000001,0.30000000000000004,-3.5,-2.6,5.4,4.800000000000001,0.7,58.900000000000006,12.8,16
2850,47683.0,-1.3,-0.2,-2.8000000000000003,-2.6,4.9,5.5,-33.2,51.2,31.2,16
2851,47700.0,-1.0,-0.2,-2.2,-2.2,4.4,6.5,-43.4,42.800000000000004,38.0,16
2852,47716.0,-0.6000000000000001,-0.8,-1.4000000000000001,-2.0,4.1000000000000005,6.9,-46.199999999999996,25.8,46.0,16
2853,47733.0,-0.30000000000000004,-0.9,-1.3,-1.4000000000000001,3.9000000000000004,7.1000000000000005,-31.3,10.8,47.400000000000006,16
2854,47750.0,0.1,-0.9,-1.5,-1.3,3.9000000000000004,6.9,-21.1,7.699999999999999,46.4,16
2855,47766.0,0.2,-0.6000000000000001,-2.5,-1.1,4.2,5.9,-4.9,8.100000000000001,45.400000000000006,16
2856,47783.0,0.5,-0.1,-3.2,-0.8,4.6000000000000005,5.2,-1.6,15.8,47.400000000000006,16
2857,47800.0,0.8,0.0,-2.9000000000000004,-0.5,4.800000000000001,5.4,-4.1,20.5,49.300000000000004,16
2858,47817.0,1.0,0.2,-2.5,-0.30000000000000004,5.0,5.9,-10.200000000000001,21.6,51.2,16
2859,47833.0,1.2000000000000002,0.8,-1.6,0.0,5.5,6.7,-13.8,15.399999999999999,49.800000000000004,16
2860,47850.0,1.3,1.0,-1.2000000000000002,0.1,5.9,7.6000000000000005,-14.700000000000001,10.5,48.6,16
2861,47867.0,1.2000000000000002,1.4000000000000001,-0.7000000000000001,0.1,6.1000000000000005,7.6000000000000005,-15.8,0.5,45.2,16
2862,47883.0,1.0,1.8,-0.30000000000000004,0.1,6.5,8.1,-24.3,-4.7,44.5,16
2863,47900.0,1.1,1.7000000000000002,0.4,0.30000000000000004,6.300000000000001,8.9,-31.2,-8.600000000000001,45.6,16
2864,47916.0,1.3,1.7000000000000002,0.9,0.5,6.300000000000001,9.4,-32.0,-12.0,44.300000000000004,16
2865,47933.0,1.7000000000000002,1.7000000000000002,1.7000000000000002,1.1,6.2,10.200000000000001,-25.1,-21.200000000000003,35.8,16
2866,47950.0,1.9000000000000001,1.6,1.9000000000000001,1.3,6.1000000000000005,10.5,-18.200000000000003,-25.4,29.0,16
2867,47966.0,1.8,1.4000000000000001,1.6,1.3,5.9,10.200000000000001,-6.2,-28.700000000000003,13.3,16
2868,47983.0,1.1,1.2000000000000002,2.1,0.8,5.800000000000001,10.700000000000001,-4.300000000000001,-24.0,1.2000000000000002,16
2869,48000.0,0.7000000000000001,0.9,3.0,0.4,5.5,11.700000000000001,2.8,-15.8,-2.1,16
2870,48016.0,0.9,1.0,2.8000000000000003,0.6000000000000001,5.5,11.5,11.2,-17.200000000000003,-2.6,16
2871,48033.0,1.5,1.6,1.3,1.3,6.2,9.9,18.1,-30.4,-4.6,16
2872,48050.0,1.2000000000000002,2.2,1.1,1.1,6.800000000000001,9.700000000000001,0.8,-37.0,-7.0,16
2873,48066.0,1.1,2.4000000000000004,1.3,1.0,7.0,10.0,-12.0,-34.60000000000001,-6.500000000000001,16
2874,48084.0,0.6000000000000001,1.9000000000000001,3.1,0.7000000000000001,6.4,11.8,-33.9,-19.0,-3.8,16
2875,48100.0,0.6000000000000001,0.7000000000000001,5.0,0.7000000000000001,5.2,13.8,-29.600000000000005,-3.1,-5.7,16
2876,48116.0,0.7000000000000001,0.1,5.300000000000001,0.7000000000000001,4.6000000000000005,14.200000000000001,-15.899999999999999,-1.3,-10.5,16
2877,48135.0,0.6000000000000001,-0.2,4.0,0.6000000000000001,4.3,12.9,23.2,-9.700000000000001,-23.700000000000003,16
2878,48154.0,0.6000000000000001,-0.2,0.9,0.6000000000000001,4.4,9.700000000000001,47.60000000000001,-17.0,-32.5,16
2879,48174.0,0.7000000000000001,0.0,-1.0,0.7000000000000001,4.800000000000001,7.7,45.099999999999994,-16.1,-35.599999999999994,16
2880,48186.0,0.7000000000000001,0.2,-1.3,0.8,5.1000000000000005,7.300000000000001,37.7,-11.4,-36.2,16
2881,48200.0,0.6000000000000001,0.2,-0.8,0.6000000000000001,5.1000000000000005,7.9,25.1,0.6000000000000001,-38.400000000000006,16
2882,48216.0,0.30000000000000004,0.1,-0.5,0.2,5.1000000000000005,8.1,22.700000000000003,7.1000000000000005,-39.0,16
2883,48233.0,-0.1,-0.1,0.1,-0.30000000000000004,4.9,8.700000000000001,21.7,16.8,-37.300000000000004,16
2884,48250.0,-0.1,-0.8,1.3,-0.4,4.3,9.9,28.500000000000004,8.8,-38.50000000000001,16
2885,48266.0,-0.2,-1.0,1.5,-0.6000000000000001,4.1000000000000005,10.0,36.0,1.3,-41.7,16
2886,48283.0,-0.5,-1.4000000000000001,1.0,-0.9,3.8000000000000003,9.4,50.2,-10.5,-48.0,16
2887,48300.0,-0.8,-1.9000000000000001,0.2,-1.2000000000000002,3.5,8.6,62.199999999999996,-22.700000000000003,-50.8,16
2888,48316.0,-0.8,-2.0,-0.2,-1.2000000000000002,3.5,8.1,68.9,-25.1,-50.400000000000006,16
2889,48333.0,-0.7000000000000001,-2.2,-1.4000000000000001,-1.2000000000000002,3.5,6.7,82.3,-19.400000000000002,-47.5,16
2890,48350.0,-0.6000000000000001,-2.1,-2.7,-1.2000000000000002,3.8000000000000003,5.300000000000001,81.10000000000001,-9.5,-39.699999999999996,16
2891,48366.0,-0.5,-2.0,-2.9000000000000004,-1.1,4.0,4.9,74.60000000000001,-4.2,-33.400000000000006,16
2892,48383.0,-0.2,-2.0,-2.8000000000000003,-0.8,4.1000000000000005,4.9,54.50000000000001,5.6,-19.9,16
2893,48400.0,0.30000000000000004,-2.3000000000000003,-1.7000000000000002,-0.4,3.9000000000000004,5.9,35.2,11.4,-10.8,16
2894,48416.0,0.2,-2.5,-1.1,-0.6000000000000001,3.8000000000000003,6.9,28.700000000000003,11.2,-9.3,16
2895,48433.0,0.0,-2.5,-0.4,-0.8,3.8000000000000003,7.1000000000000005,22.700000000000003,9.899999999999999,-5.7,16
2896,48450.0,-0.30000000000000004,-2.5,-0.1,-1.1,3.8000000000000003,7.4,18.4,9.100000000000001,0.30000000000000004,16
2897,48468.0,-0.1,-2.6,0.2,-0.9,3.7,7.6000000000000005,19.6,-0.6000000000000001,6.9,16
2898,48483.0,0.2,-2.5,0.0,-0.6000000000000001,3.8000000000000003,7.4,22.4,-7.200000000000001,8.0,16
2899,48500.0,0.6000000000000001,-2.1,-0.7000000000000001,-0.2,4.3,6.6000000000000005,19.0,-13.100000000000001,5.8,16
2900,48516.0,0.6000000000000001,-1.7000000000000002,-0.7000000000000001,-0.1,4.7,6.7,9.100000000000001,-12.8,3.6000000000000005,16
2901,48533.0,0.30000000000000004,-0.7000000000000001,0.5,-0.30000000000000004,5.6000000000000005,7.9,-13.100000000000001,-16.6,3.0,16
2902,48550.0,-0.1,0.1,1.5,-0.6000000000000001,6.4,8.9,-18.200000000000003,-16.0,10.200000000000001,16
2903,48566.0,-0.4,0.7000000000000001,1.4000000000000001,-0.9,6.9,8.8,-15.5,-14.900000000000002,15.700000000000001,16
2904,48583.0,-0.2,1.0,1.1,-0.7000000000000001,7.300000000000001,8.6,-5.0,-17.400000000000002,27.700000000000003,16
2905,48600.0,-0.1,1.1,-0.1,-0.4,7.4,7.4,9.700000000000001,-26.5,35.5,16
2906,48616.0,-0.1,0.7000000000000001,-1.9000000000000001,-0.2,7.1000000000000005,5.4,33.2,-37.7,36.6,16
2907,48633.0,0.2,0.7000000000000001,-3.7,0.1,7.2,3.6,45.400000000000006,-37.50000000000001,35.0,16
2908,48650.0,0.4,1.3,-8.0,0.4,7.800000000000001,-0.8,17.799999999999997,-8.5,24.200000000000003,16
2909,48666.0,-1.0,1.4000000000000001,-7.1000000000000005,-0.9,7.800000000000001,0.1,-86.8,13.200000000000003,19.9,16
2910,48683.0,-2.2,1.1,-3.3000000000000003,-2.1,7.300000000000001,4.1000000000000005,-139.60000000000002,23.900000000000006,24.599999999999998,16
2911,48700.0,-2.3000000000000003,0.1,6.9,-2.3000000000000003,5.800000000000001,14.700000000000001,-180.39999999999998,60.2,37.9,16
2912,48717.0,-1.4000000000000001,-0.9,14.200000000000001,-1.6,4.5,22.400000000000002,-119.60000000000002,76.5,25.300000000000004,16
2913,48737.0,-1.3,-1.0,12.200000000000001,-1.7000000000000002,4.3,20.6,8.899999999999999,47.5,-1.0,16
2914,48752.0,-1.3,-1.0,12.200000000000001,-1.5,4.6000000000000005,16.5,59.300000000000004,30.599999999999998,-10.700000000000001,16
2915,48768.0,-0.9,-0.5,0.9,-1.4000000000000001,5.2,9.1,88.60000000000001,20.8,-18.700000000000003,16
2916,48784.0,-1.1,-0.5,-1.6,-1.6,5.2,6.4,100.5,24.599999999999998,-27.800000000000004,16
2917,48800.0,-1.0,-0.9,-4.9,-1.8,5.1000000000000005,2.9000000000000004,80.7,40.1,-24.0,16
2918,48817.0,-0.9,-1.4000000000000001,-6.6000000000000005,-1.8,4.7,1.1,52.00000000000001,52.80000000000001,-15.700000000000001,16
2919,48834.0,-1.0,-1.7000000000000002,-7.1000000000000005,-2.0,4.5,0.4,35.9,52.900000000000006,-11.2,16
2920,48850.0,-1.1,-1.9000000000000001,-7.7,-2.3000000000000003,4.3,-0.30000000000000004,-8.899999999999999,45.7,-1.3,16
2921,48866.0,-1.2000000000000002,-1.6,-5.0,-2.4000000000000004,4.4,2.5,-68.1,36.7,13.000000000000002,16
2922,48883.0,-0.9,-1.6,-2.1,-2.2,4.3,5.5,-88.8,32.6,20.3,16
2923,48900.0,0.4,-1.6,3.7,-0.9,4.1000000000000005,11.5,-86.4,22.1,24.400000000000002,16
2924,48916.0,0.5,-0.6000000000000001,5.6000000000000005,-0.8,4.9,13.5,-37.400000000000006,4.4,13.3,16
2925,48933.0,0.1,-0.1,5.1000000000000005,-1.1,5.4,13.100000000000001,-12.200000000000001,-5.1000000000000005,10.299999999999999,16
2926,48950.0,0.30000000000000004,0.9,2.6,-0.9,6.5,10.5,23.2,-24.7,17.7,16
2927,48966.0,1.0,1.6,-0.2,0.0,7.300000000000001,7.7,28.500000000000004,-37.400000000000006,23.800000000000004,16
2928,48983.0,1.1,1.8,-0.5,0.2,7.5,7.300000000000001,22.700000000000003,-37.7,23.5,16
2929,49000.0,0.7000000000000001,1.9000000000000001,-0.30000000000000004,-0.1,7.7,7.6000000000000005,19.1,-27.099999999999998,21.300000000000004,16
2930,49016.0,0.30000000000000004,1.7000000000000002,-0.5,-0.4,7.6000000000000005,7.300000000000001,28.800000000000004,-13.5,20.3,16
2931,49033.0,0.1,1.6,-0.8,-0.6000000000000001,7.5,6.9,33.2,-11.900000000000002,19.400000000000002,16
2932,49050.0,-0.30000000000000004,1.4000000000000001,-1.1,-0.9,7.4,6.6000000000000005,36.2,-17.5,19.400000000000002,16
2933,49067.0,-0.1,0.9,-1.4000000000000001,-0.6000000000000001,7.1000000000000005,6.2,42.900000000000006,-34.50000000000001,20.8,16
2934,49083.0,0.1,0.8,-1.9000000000000001,-0.30000000000000004,7.0,5.6000000000000005,46.0,-45.2,20.2,16
2935,49100.0,0.6000000000000001,0.7000000000000001,-2.9000000000000004,0.4,7.0,4.5,46.0,-61.0,18.6,16
2936,49116.0,1.0,0.5,-3.9000000000000004,1.0,7.0,3.5,35.2,-64.0,16.6,16
2937,49133.0,1.0,0.30000000000000004,-3.8000000000000003,1.1,6.800000000000001,3.4000000000000004,24.7,-59.80000000000001,16.3,16
2938,49150.0,1.5,0.2,-2.0,1.8,6.7,5.2,3.3000000000000007,-40.300000000000004,17.200000000000003,16
2939,49167.0,2.4000000000000004,0.2,0.30000000000000004,2.8000000000000003,6.7,7.6000000000000005,-5.500000000000001,-22.1,10.5,16
2940,49183.0,2.5,0.30000000000000004,1.4000000000000001,3.0,6.800000000000001,8.6,-5.4,-15.5,2.7,16
2941,49200.0,1.9000000000000001,1.3,3.2,2.3000000000000003,7.800000000000001,10.5,-2.9,2.7,-11.5,16
2942,49216.0,1.0,2.5,4.2,1.3,9.0,11.5,-4.4,23.2,-10.299999999999999,16
2943,49233.0,0.7000000000000001,2.6,4.6000000000000005,1.1,9.200000000000001,11.9,-11.700000000000001,28.500000000000004,-5.8,16
2944,49250.0,0.5,2.0,7.0,0.8,8.5,14.4,-23.0,21.8,1.4,16
2945,49266.0,0.2,1.0,8.0,0.4,7.4,15.600000000000001,-3.4,-5.300000000000001,-0.9000000000000001,16
2946,49283.0,0.0,0.8,7.300000000000001,0.2,7.300000000000001,13.0,17.1,-26.300000000000004,-5.1000000000000005,16
2947,49300.0,-0.2,0.8,3.1,0.2,7.4,10.600000000000001,54.50000000000001,-56.10000000000001,-12.9,16
2948,49316.0,-0.2,1.1,-0.5,0.30000000000000004,7.9,6.800000000000001,60.900000000000006,-56.7,-17.300000000000004,16
2949,49334.0,0.1,0.9,-2.6,0.7000000000000001,7.800000000000001,4.6000000000000005,55.5,-47.900000000000006,-18.4,16
2950,49351.0,0.1,0.7000000000000001,-2.7,0.7000000000000001,7.6000000000000005,4.4,36.1,-16.6,-20.900000000000002,16
2951,49368.0,-0.30000000000000004,0.0,-2.4000000000000004,0.2,7.1000000000000005,4.7,22.700000000000003,10.1,-22.3,16
2952,49383.0,-0.7000000000000001,-0.9,-2.6,-0.30000000000000004,6.2,4.4,15.2,12.100000000000001,-26.200000000000003,16
2953,49400.0,-1.0,-1.2000000000000002,-2.9000000000000004,-0.7000000000000001,5.9,4.1000000000000005,9.600000000000001,3.5,-29.0,16
2954,49416.0,-2.0,-1.5,-2.6,-1.7000000000000002,5.6000000000000005,4.3,-7.500000000000001,-13.5,-29.500000000000004,16
2955,49433.0,-2.2,-1.7000000000000002,-1.0,-2.0,5.300000000000001,6.0,-14.300000000000002,-11.900000000000002,-19.300000000000004,16
2956,49450.0,-2.2,-1.9000000000000001,-0.2,-1.9000000000000001,5.1000000000000005,6.800000000000001,-9.4,-5.500000000000001,-12.600000000000001,16
2957,49467.0,-1.0,-2.6,1.4000000000000001,-0.8,4.4,8.3,17.200000000000003,9.899999999999999,-0.7,16
2958,49483.0,0.0,-2.7,0.2,0.1,4.4,7.1000000000000005,50.8,17.200000000000003,0.6000000000000001,16
2959,49500.0,0.5,-2.6,-0.5,0.6000000000000001,4.6000000000000005,6.300000000000001,57.1,18.8,-0.7,16
2960,49516.0,1.1,-2.0,-1.5,1.2000000000000002,5.2,5.1000000000000005,50.2,27.700000000000003,-2.9,16
2961,49533.0,2.1,-0.8,-2.3000000000000003,2.1,6.5,4.3,25.200000000000003,43.1,-6.0,16
2962,49550.0,1.1,-1.8,-2.3000000000000003,1.0,5.5,4.3,8.4,55.5,-6.500000000000001,16
2963,49566.0,0.8,-1.9000000000000001,-1.5,0.6000000000000001,5.300000000000001,5.1000000000000005,-19.700000000000003,42.60000000000001,5.2,16
2964,49583.0,0.5,-2.0,0.30000000000000004,0.30000000000000004,5.2,6.9,-34.300000000000004,22.5,15.299999999999999,16
2965,49600.0,0.4,-2.1,0.4,0.2,5.1000000000000005,7.1000000000000005,-33.400000000000006,17.799999999999997,20.3,16
2966,49618.0,0.30000000000000004,-2.0,0.6000000000000001,0.1,5.0,7.300000000000001,-26.799999999999997,16.0,27.0,16
2967,49634.0,0.4,-1.8,1.3,0.30000000000000004,5.300000000000001,8.1,-13.3,17.7,30.5,16
2968,49652.0,-0.1,-1.5,0.2,-0.2,5.5,7.0,-1.6,22.3,32.9,16
2969,49666.0,0.0,-1.2000000000000002,-0.5,-0.1,5.800000000000001,6.300000000000001,15.000000000000002,19.0,39.2,16
2970,49683.0,0.30000000000000004,-0.6000000000000001,-1.6,0.30000000000000004,6.4,5.1000000000000005,15.5,5.300000000000001,46.6,16
2971,49700.0,0.30000000000000004,0.0,-1.9000000000000001,0.4,7.0,4.800000000000001,7.300000000000001,0.2,49.699999999999996,16
2972,49716.0,0.5,0.9,-1.5,0.7000000000000001,7.9,5.2,-21.300000000000004,-1.7,54.50000000000001,16
2973,49736.0,0.30000000000000004,0.5,0.9,0.6000000000000001,7.4,7.7,-43.4,12.8,63.10000000000001,16
2974,49750.0,0.8,0.30000000000000004,1.7000000000000002,1.2000000000000002,7.2,8.6,-44.00000000000001,29.0,65.4,16
2975,49767.0,0.8,0.6000000000000001,2.5,0.30000000000000004,7.800000000000001,9.5,-24.0,47.3,61.50000000000001,16
2976,49783.0,-0.1,0.8,0.8,0.4,7.6000000000000005,7.800000000000001,13.399999999999999,32.7,67.10000000000001,16
2977,49801.0,-0.30000000000000004,1.0,0.1,0.7000000000000001,9.200000000000001,6.4,13.3,35.5,73.7,16
2978,49816.0,-0.4,2.5,0.6000000000000001,0.2,9.3,7.6000000000000005,-16.200000000000003,52.00000000000001,71.10000000000001,16
2979,49833.0,-2.3000000000000003,0.0,1.4000000000000001,-1.7000000000000002,6.7,8.5,-36.6,91.50000000000001,80.9,16
2980,49850.0,-2.0,0.2,1.8,-1.5,6.800000000000001,8.9,-41.800000000000004,92.10000000000001,93.60000000000001,16
2981,49867.0,-1.2000000000000002,-0.4,3.0,-0.6000000000000001,6.1000000000000005,10.3,-48.400000000000006,83.30000000000001,103.2,16
2982,49883.0,-0.5,-0.4,3.4000000000000004,0.1,6.0,10.8,-34.900000000000006,76.4,82.50000000000001,16
2983,49900.0,-0.6000000000000001,-0.30000000000000004,3.2,-0.1,6.1000000000000005,10.700000000000001,-18.6,70.5,65.3,16
2984,49916.0,-1.0,-0.4,1.6,-0.5,6.0,9.1,22.6,57.400000000000006,33.300000000000004,16
2985,49933.0,-1.8,-0.5,0.8,-1.5,6.0,8.200000000000001,55.5,61.39999999999999,15.2,16
2986,49950.0,-1.6,-0.2,0.1,-1.3,6.4,7.5,62.50000000000001,70.6,14.5,16
2987,49967.0,-1.4000000000000001,-0.5,-0.7000000000000001,-1.3,6.300000000000001,6.5,61.199999999999996,71.0,12.600000000000001,16
2988,49983.0,-1.3,-1.8,-1.9000000000000001,-1.4000000000000001,5.1000000000000005,5.1000000000000005,49.0,59.40000000000001,6.8,16
2989,50000.0,-1.0,-1.9000000000000001,-1.6,-0.7000000000000001,5.0,5.4,40.1,47.900000000000006,8.700000000000001,16
2990,50018.0,-0.4,-2.1,-1.6,-0.6000000000000001,4.9,5.300000000000001,26.300000000000004,38.50000000000001,6.4,16
2991,50033.0,-0.1,-2.4000000000000004,-1.3,-0.4,4.6000000000000005,5.5,19.9,37.400000000000006,-3.6000000000000005,16
2992,50050.0,-0.1,-2.9000000000000004,-1.6,-0.5,3.8000000000000003,5.9,22.2,34.2,-5.4,16
2993,50066.0,0.2,-2.8000000000000003,0.0,-0.2,4.3,6.7,31.799999999999997,31.5,12.7,16
2994,50083.0,1.1,-2.6,-0.2,0.7000000000000001,4.5,6.5,47.0,64.9,25.6,16
2995,50100.0,1.5,-2.7,-0.30000000000000004,1.1,4.6000000000000005,5.800000000000001,55.7,72.60000000000001,24.400000000000002,16
2996,50116.0,1.8,-2.5,-1.4000000000000001,1.2000000000000002,4.800000000000001,4.9,67.60000000000001,69.10000000000001,18.3,16
2997,50133.0,1.7000000000000002,-1.9000000000000001,-2.1,1.1,5.5,4.1000000000000005,60.7,45.400000000000006,14.5,16
2998,50150.0,2.0,-1.2000000000000002,-2.4000000000000004,1.3,6.300000000000001,3.6,32.7,51.2,10.700000000000001,16
2999,50166.0,1.9000000000000001,-1.0,-2.7,1.1,6.5,3.3000000000000003,15.399999999999999,54.0,10.700000000000001,16
3000,50183.0,1.8,-0.5,-1.8,1.0,7.0,4.2,-18.200000000000003,48.9,21.900000000000002,16
3001,50200.0,1.8,-0.5,0.5,1.0,6.9,6.6000000000000005,-44.300000000000004,32.6,34.1,16
3002,50218.0,2.0,-0.7000000000000001,1.1,1.2000000000000002,6.7,7.2,-52.5,30.000000000000004,34.800000000000004,16
3003,50237.0,2.0,-0.7000000000000001,1.1,1.3,6.5,7.300000000000001,-57.800000000000004,26.6,21.6,16
3004,50254.0,1.8,-0.1,0.2,1.1,7.0,6.6000000000000005,-47.0,-1.7,3.4,16
3005,50266.0,1.5,0.2,0.30000000000000004,0.8,7.300000000000001,6.800000000000001,-40.7,-20.900000000000002,-2.2,16
3006,50284.0,0.9,0.6000000000000001,1.4000000000000001,0.30000000000000004,7.6000000000000005,8.0,-28.0,-50.7,0.9000000000000001,16
3007,50300.0,0.8,1.0,2.0,0.30000000000000004,8.0,8.700000000000001,-18.3,-57.3,13.3,16
3008,50316.0,0.7000000000000001,1.1,2.0,0.4,8.0,8.700000000000001,-16.1,-55.1,17.0,16
3009,50333.0,1.0,0.7000000000000001,2.8000000000000003,0.9,7.7,9.600000000000001,-21.200000000000003,-51.50000000000001,19.400000000000002,16
3010,50350.0,1.6,1.0,1.0,1.6,7.800000000000001,7.800000000000001,-24.599999999999998,-38.400000000000006,9.600000000000001,16
3011,50366.0,1.8,1.5,-0.30000000000000004,1.8,8.3,6.5,-23.2,-42.0,0.1,16
3012,50383.0,2.2,2.8000000000000003,-1.9000000000000001,2.4000000000000004,9.600000000000001,4.9,-10.200000000000001,-64.10000000000001,-17.300000000000004,16
3013,50400.0,0.6000000000000001,2.9000000000000004,-2.4000000000000004,0.9,9.8,4.4,10.1,-64.2,-12.7,16
3014,50416.0,0.5,2.9000000000000004,-2.6,0.9,9.8,4.2,12.8,-53.9,-0.9000000000000001,16
3015,50434.0,1.4000000000000001,1.5,-1.8,1.9000000000000001,8.5,5.0,2.7,-40.6,15.5,16
3016,50450.0,1.9000000000000001,-0.2,-0.2,2.5,6.7,6.5,-10.1,-45.9,10.8,16
3017,50467.0,2.4000000000000004,-0.4,-0.4,3.2,6.5,6.4,-16.8,-53.300000000000004,7.200000000000001,16
3018,50483.0,3.3000000000000003,0.2,-0.6000000000000001,4.2,7.0,6.2,-33.400000000000006,-63.30000000000001,-2.2,16
3019,50500.0,3.5,0.30000000000000004,1.4000000000000001,4.5,7.0,8.4,-55.3,-29.900000000000006,-9.2,16
3020,50516.0,3.4000000000000004,0.1,3.1,4.4,6.800000000000001,10.100000000000001,-66.3,7.400000000000001,-4.2,16
3021,50533.0,2.4000000000000004,-1.3,6.0,3.3000000000000003,5.2,13.200000000000001,-52.300000000000004,60.5,-3.2,16
3022,50550.0,1.5,-2.1,5.7,2.2,4.3,13.0,0.5,56.9,-26.200000000000003,16
3023,50571.0,0.7000000000000001,-2.2,3.2,1.2000000000000002,4.3,10.5,34.60000000000001,25.900000000000002,-57.20000000000001,16
3024,50583.0,0.2,-2.1,2.1,0.7000000000000001,4.5,9.3,42.5,12.5,-70.0,16
3025,50600.0,-0.7000000000000001,-1.3,-0.9,-0.5,5.4,6.300000000000001,53.7,1.7,-80.2,16
3026,50616.0,-0.9,-1.3,-2.0,-0.8,5.4,5.1000000000000005,56.10000000000001,-1.2000000000000002,-76.80000000000001,16
3027,50633.0,-1.7000000000000002,-1.3,-3.8000000000000003,-1.7000000000000002,5.6000000000000005,3.1,56.7,5.4,-72.10000000000001,16
3028,50650.0,-1.7000000000000002,-1.5,-5.5,-1.9000000000000001,5.5,1.2000000000000002,50.400000000000006,-4.1,-64.7,16
3029,50666.0,-1.5,-1.4000000000000001,-5.6000000000000005,-1.8,5.6000000000000005,1.1,37.2,-8.100000000000001,-59.1,16
3030,50683.0,-0.8,-1.2000000000000002,-3.2,-1.2000000000000002,5.9,3.4000000000000004,-16.6,-0.5,-41.300000000000004,16
3031,50700.0,-0.8,-2.0,2.2,-1.2000000000000002,4.800000000000001,8.9,-70.3,4.5,-21.200000000000003,16
3032,50717.0,-0.8,-3.0,5.6000000000000005,-1.3,2.8000000000000003,15.9,-83.2,-3.8,-13.6,16
3033,50733.0,-0.5,-4.3,10.9,-1.0,2.3000000000000003,18.0,-59.40000000000001,-40.1,-13.5,16
3034,50750.0,-0.2,-4.0,9.1,-0.5,2.5,16.400000000000002,16.700000000000003,-68.0,-39.1,16
3035,50766.0,-0.4,-2.4000000000000004,4.1000000000000005,-0.7000000000000001,4.2,11.200000000000001,54.1,-67.2,-50.0,16
3036,50783.0,-0.9,-1.7000000000000002,1.6,-1.2000000000000002,5.0,8.6,103.8,-32.7,-53.0,16
3037,50800.0,-1.4000000000000001,-0.6000000000000001,-2.5,-1.9000000000000001,6.5,4.2,120.9,18.200000000000003,-37.6,16
3038,50816.0,-1.5,-0.2,-4.0,-1.9000000000000001,7.4,1.3,118.2,34.900000000000006,-26.5,16
3039,50833.0,-1.0,0.5,-5.9,-1.7000000000000002,7.9,0.30000000000000004,94.5,39.300000000000004,-9.100000000000001,16
3040,50850.0,-0.5,1.2000000000000002,-6.800000000000001,-1.3,8.700000000000001,-0.8,53.9,17.5,-2.0,16
3041,50867.0,-0.2,1.6,-6.7,-1.0,9.200000000000001,-0.8,30.000000000000004,5.0,0.0,16
3042,50883.0,0.1,1.6,-4.5,-0.7000000000000001,9.200000000000001,1.4000000000000001,-18.8,-11.1,1.2000000000000002,16
3043,50900.0,-0.5,1.1,-0.8,-1.2000000000000002,8.6,5.2,-44.2,-11.900000000000002,0.1,16
3044,50917.0,-1.0,1.3,1.9000000000000001,-1.7000000000000002,8.700000000000001,8.0,-43.50000000000001,-5.0,-6.300000000000001,16
3045,50933.0,-1.2000000000000002,1.7000000000000002,3.2,-2.0,9.0,9.4,-47.400000000000006,2.0,-4.300000000000001,16
3046,50950.0,-0.7000000000000001,2.5,5.300000000000001,-1.5,9.700000000000001,11.700000000000001,-64.80000000000001,14.700000000000001,4.6,16
3047,50966.0,-0.30000000000000004,1.6,7.4,-1.0,8.700000000000001,14.0,-82.2,11.700000000000001,5.2,16
3048,50983.0,-0.30000000000000004,1.1,8.200000000000001,-1.0,8.1,15.0,-84.5,1.3,2.3,16
3049,51000.0,-1.0,0.7000000000000001,9.1,-1.8,7.5,16.1,-65.2,-18.1,-17.1,16
3050,51016.0,-1.8,0.2,7.7,-2.6,7.0,14.8,-16.5,-30.3,-28.200000000000003,16
3051,51033.0,-2.0,0.1,6.300000000000001,-2.8000000000000003,6.9,13.600000000000001,14.700000000000001,-32.6,-31.9,16
3052,51050.0,-2.4000000000000004,0.0,2.8000000000000003,-3.2,6.9,9.9,76.3,-15.5,-39.1,16
3053,51066.0,-3.0,0.0,-1.3,-4.0,7.1000000000000005,5.5,116.6,16.1,-31.400000000000002,16
3054,51083.0,-2.8000000000000003,0.1,-3.3000000000000003,-3.8000000000000003,7.4,3.3000000000000003,124.7,32.9,-21.8,16
3055,51100.0,-2.1,-0.30000000000000004,-6.6000000000000005,-3.3000000000000003,7.300000000000001,-0.4,113.7,50.3,-4.300000000000001,16
3056,51116.0,-1.9000000000000001,-0.6000000000000001,-7.7,-2.9000000000000004,6.7,-2.3000000000000003,75.5,38.50000000000001,7.400000000000001,16
3057,51133.0,-1.4000000000000001,-1.5,-8.6,-2.7,6.300000000000001,-2.7,52.2,29.0,10.600000000000001,16
3058,51151.0,-0.9,-2.2,-8.6,-2.3000000000000003,5.7,-2.9000000000000004,12.100000000000001,11.700000000000001,15.399999999999999,16
3059,51167.0,-0.4,-3.3000000000000003,-8.3,-1.7000000000000002,4.5,-2.6,-15.8,-1.3,21.300000000000004,16
3060,51183.0,0.1,-3.8000000000000003,-7.6000000000000005,-1.1,4.0,-1.9000000000000001,-25.900000000000002,-2.1,24.3,16
3061,51200.0,0.9,-4.4,-6.300000000000001,-0.30000000000000004,3.2,-0.6000000000000001,-33.2,8.899999999999999,22.1,16
3062,51216.0,0.7000000000000001,-4.6000000000000005,-5.2,-0.5,2.9000000000000004,0.5,-25.7,27.6,8.600000000000001,16
3063,51233.0,0.4,-4.7,-4.9,-0.8,2.9000000000000004,0.8,-21.0,36.8,3.5,16
3064,51250.0,-0.2,-3.9000000000000004,-4.2,-1.5,3.5,1.5,-20.1,42.5,0.1,16
3065,51266.0,-0.1,-3.4000000000000004,-3.2,-1.4000000000000001,4.0,2.6,-38.2,29.1,3.2,16
3066,51283.0,0.1,-2.9000000000000004,-2.3000000000000003,-1.3,4.4,3.5,-54.199999999999996,17.799999999999997,5.300000000000001,16
3067,51300.0,-0.30000000000000004,-1.4000000000000001,0.7000000000000001,-1.7000000000000002,5.7,6.7,-83.89999999999999,2.8,6.4,16
3068,51316.0,-0.5,-0.30000000000000004,3.6,-1.9000000000000001,6.6000000000000005,9.9,-95.5,-3.5,17.400000000000002,16
3069,51333.0,-0.1,0.30000000000000004,4.800000000000001,-1.4000000000000001,7.1000000000000005,11.200000000000001,-89.30000000000001,-6.0,21.200000000000003,16
3070,51350.0,0.0,1.4000000000000001,5.9,-1.2000000000000002,8.1,12.4,-58.7,-9.2,13.8,16
3071,51366.0,-0.8,3.1,5.5,-2.1,9.700000000000001,12.200000000000001,-20.5,-3.9,3.6000000000000005,16
3072,51383.0,-1.1,3.8000000000000003,4.9,-2.4000000000000004,10.5,11.600000000000001,-2.6,-0.5,4.7,16
3073,51402.0,-1.1,4.9,3.3000000000000003,-2.3000000000000003,11.600000000000001,10.100000000000001,21.500000000000004,2.7,11.8,16
3074,51416.0,-0.8,5.2,2.1,-2.0,12.0,8.8,23.5,2.1,18.0,16
3075,51433.0,-0.8,5.0,2.2,-2.0,11.9,8.9,18.700000000000003,0.8,20.599999999999998,16
3076,51450.0,-0.5,4.1000000000000005,3.3000000000000003,-1.7000000000000002,11.100000000000001,10.0,13.000000000000002,-3.3000000000000007,24.400000000000002,16
3077,51466.0,-0.1,3.7,3.9000000000000004,-1.1,10.8,10.5,32.9,-10.0,18.3,16
3078,51483.0,-0.2,4.0,3.4000000000000004,-1.2000000000000002,11.200000000000001,10.0,47.2,-10.299999999999999,13.3,16
3079,51500.0,-0.30000000000000004,3.8000000000000003,2.5,-1.3,11.100000000000001,9.0,56.50000000000001,-1.1,16.700000000000003,16
3080,51517.0,0.30000000000000004,3.6,2.4000000000000004,-0.6000000000000001,11.100000000000001,8.8,47.80000000000001,7.699999999999999,25.4,16
3081,51533.0,0.4,2.9000000000000004,2.8000000000000003,-0.5,10.4,9.1,40.2,14.900000000000002,29.1,16
3082,51550.0,0.6000000000000001,1.4000000000000001,3.5,-0.2,9.0,9.8,34.50000000000001,22.5,36.300000000000004,16
3083,51566.0,1.3,0.0,3.3000000000000003,0.5,7.7,9.4,45.400000000000006,16.8,33.0,16
3084,51584.0,1.6,-0.4,2.8000000000000003,1.1,7.2,8.0,55.0,8.3,26.9,16
3085,51600.0,2.0,-0.7000000000000001,1.2000000000000002,1.3,7.2,7.1000000000000005,73.30000000000001,-3.7000000000000006,8.899999999999999,16
3086,51617.0,1.8,-0.9,-0.30000000000000004,1.1,7.2,5.4,82.2,-0.5,-3.0,16
3087,51633.0,1.8,-0.9,-1.0,1.0,7.300000000000001,3.9000000000000004,83.70000000000002,3.6000000000000005,-5.8,16
3088,51650.0,1.5,-1.1,-1.7000000000000002,0.8,7.2,3.6,79.39999999999999,16.900000000000002,-7.1000000000000005,16
3089,51666.0,1.3,-1.8,-1.9000000000000001,0.5,6.7,3.2,71.7,26.300000000000004,-8.899999999999999,16
3090,51684.0,0.6000000000000001,-2.6,-2.2,-0.30000000000000004,5.9,2.7,64.30000000000001,25.4,-15.000000000000002,16
3091,51700.0,0.2,-3.0,-2.4000000000000004,-0.7000000000000001,5.6000000000000005,2.4000000000000004,60.6,22.6,-17.300000000000004,16
3092,51716.0,0.2,-3.4000000000000004,-3.1,-0.7000000000000001,5.2,1.5,49.800000000000004,15.8,-17.400000000000002,16
3093,51733.0,0.1,-4.0,-3.0,-1.0,4.6000000000000005,1.5,41.199999999999996,11.8,-17.1,16
3094,51750.0,0.0,-4.4,-2.5,-1.0,4.2,1.9000000000000001,19.9,5.4,-16.900000000000002,16
3095,51768.0,0.2,-4.9,-1.5,-0.9,3.7,2.9000000000000004,9.600000000000001,3.7000000000000006,-18.200000000000003,16
3096,51783.0,0.30000000000000004,-5.300000000000001,-1.4000000000000001,-0.9,3.3000000000000003,2.9000000000000004,13.700000000000001,7.200000000000001,-24.0,16
3097,51800.0,0.30000000000000004,-5.4,-1.5,-0.9,3.1,2.8000000000000003,14.0,9.4,-24.900000000000002,16
3098,51817.0,0.7000000000000001,-5.6000000000000005,-1.6,-0.7000000000000001,2.9000000000000004,2.7,8.600000000000001,12.5,-21.500000000000004,16
3099,51833.0,1.3,-5.4,-1.5,-0.1,3.1,2.7,0.0,14.300000000000002,-21.6,16
3100,51850.0,1.4000000000000001,-5.1000000000000005,-1.3,-0.1,3.4000000000000004,2.9000000000000004,-6.0,17.400000000000002,-25.7,16
3101,51866.0,0.7000000000000001,-4.1000000000000005,-1.1,-0.9,4.3,3.2,-24.900000000000002,28.1,-29.800000000000004,16
3102,51883.0,0.2,-3.4000000000000004,-0.6000000000000001,-1.5,4.800000000000001,3.8000000000000003,-50.60000000000001,31.6,-21.7,16
3103,51900.0,0.0,-3.3000000000000003,-0.4,-1.7000000000000002,4.800000000000001,4.0,-62.50000000000001,26.799999999999997,-18.4,16
3104,51916.0,-0.8,-2.6,0.2,-2.6,5.4,4.800000000000001,-80.8,11.5,-16.4,16
3105,51933.0,-1.2000000000000002,-1.4000000000000001,0.6000000000000001,-3.1,6.5,5.5,-92.10000000000001,-2.5,-8.0,16
3106,51952.0,-1.0,-0.4,0.5,-2.8000000000000003,7.2,5.7,-94.5,-11.1,-3.0,16
3107,51969.0,-0.7000000000000001,0.2,0.8,-2.5,7.7,6.1000000000000005,-98.7,-29.1,3.1,16
3108,51983.0,-0.8,1.9000000000000001,1.6,-2.6,9.3,7.2,-100.6,-32.1,3.4,16
3109,52000.0,-1.3,2.8000000000000003,2.2,-3.0,10.100000000000001,7.9,-101.20000000000002,-22.4,1.2000000000000002,16
3110,52016.0,-2.5,4.3,4.0,-4.2,11.4,10.0,-93.7,1.4,5.9,16
3111,52033.0,-3.0,4.4,4.800000000000001,-5.0,11.100000000000001,11.4,-70.3,15.6,15.2,16
3112,52050.0,-3.2,3.8000000000000003,4.9,-4.9,10.8,11.200000000000001,-54.0,13.8,18.200000000000003,16
3113,52066.0,-2.7,4.2,3.4000000000000004,-4.4,11.100000000000001,9.8,-31.7,6.600000000000001,17.400000000000002,16
3114,52084.0,-2.4000000000000004,5.2,2.8000000000000003,-4.1000000000000005,12.100000000000001,9.3,-34.50000000000001,11.000000000000002,23.400000000000002,16
3115,52099.0,-2.3000000000000003,5.6000000000000005,2.8000000000000003,-4.0,12.5,9.4,-38.60000000000001,19.700000000000003,27.6,16
3116,52116.0,-2.5,5.1000000000000005,3.7,-4.3,12.0,10.3,-47.400000000000006,43.2,36.8,16
3117,52133.0,-3.3000000000000003,3.8000000000000003,5.1000000000000005,-5.1000000000000005,10.600000000000001,11.9,-46.199999999999996,62.0,46.6,16
3118,52150.0,-3.5,2.8000000000000003,5.6000000000000005,-5.4,9.600000000000001,12.5,-38.7,62.800000000000004,51.2,16
3119,52167.0,-3.2,0.8,5.7,-5.0,7.6000000000000005,12.600000000000001,-10.8,48.10000000000001,57.00000000000001,16
3120,52183.0,-1.8,-0.5,3.8000000000000003,-3.6,6.4,10.700000000000001,23.400000000000002,28.700000000000003,45.9,16
3121,52200.0,-1.1,-0.9,2.5,-3.0,6.0,9.4,37.300000000000004,22.4,37.1,16
3122,52216.0,-0.4,-1.4000000000000001,0.1,-2.2,5.7,6.800000000000001,54.50000000000001,23.5,24.900000000000002,16
3123,52233.0,-0.1,-1.6,-1.7000000000000002,-2.0,5.6000000000000005,4.9,60.1,41.1,20.2,16
3124,52249.0,0.0,-1.7000000000000002,-2.3000000000000003,-1.9000000000000001,5.6000000000000005,4.1000000000000005,59.5,52.00000000000001,20.900000000000002,16
3125,52266.0,0.5,-2.1,-3.4000000000000004,-1.5,5.2,2.8000000000000003,52.80000000000001,68.4,24.400000000000002,16
3126,52283.0,1.1,-2.6,-3.9000000000000004,-0.9,4.9,2.1,39.0,77.00000000000001,26.000000000000004,16
3127,52299.0,1.3,-2.7,-4.0,-0.7000000000000001,4.7,1.9000000000000001,30.699999999999996,78.60000000000001,24.900000000000002,16
3128,52316.0,1.6,-3.0,-4.0,-0.6000000000000001,4.6000000000000005,1.8,15.2,74.7,19.700000000000003,16
3129,52333.0,1.6,-3.2,-3.6,-0.6000000000000001,4.3,2.1,2.4000000000000004,63.2,13.8,16
3130,52350.0,1.7000000000000002,-3.3000000000000003,-3.3000000000000003,-0.5,4.1000000000000005,2.6,-1.6,59.1,11.4,16
3131,52366.0,2.0,-3.2,-2.9000000000000004,-0.4,4.3,2.7,-4.7,59.20000000000001,8.3,16
3132,52383.0,2.1,-2.7,-2.8000000000000003,-0.4,4.800000000000001,2.8000000000000003,-6.0,68.80000000000001,7.300000000000001,16
3133,52400.0,2.1,-2.4000000000000004,-2.7,-0.30000000000000004,5.4,3.0,-7.699999999999999,71.30000000000001,8.100000000000001,16
3134,52416.0,2.4000000000000004,-1.7000000000000002,-2.2,-0.2,5.7,3.3000000000000003,-15.2,66.9,8.600000000000001,16
3135,52433.0,2.4000000000000004,-0.9,-1.6,-0.30000000000000004,6.5,3.8000000000000003,-24.200000000000003,56.7,5.1000000000000005,16
3136,52450.0,2.2,0.2,-1.2000000000000002,-0.5,7.5,4.3,-36.8,45.2,3.0,16
3137,52466.0,1.9000000000000001,0.6000000000000001,-0.5,-0.9,7.9,5.0,-45.099999999999994,39.599999999999994,5.0,16
3138,52483.0,1.4000000000000001,1.2000000000000002,1.0,-1.4000000000000001,8.4,6.7,-56.0,29.900000000000006,16.3,16
3139,52500.0,1.7000000000000002,2.1,2.2,-1.0,9.200000000000001,8.0,-56.300000000000004,24.3,20.900000000000002,16
3140,52516.0,1.8,2.1,2.5,-0.9,9.200000000000001,8.3,-47.60000000000001,7.8,19.1,16
3141,52533.0,1.6,2.3000000000000003,3.0,-1.0,9.4,8.9,-31.099999999999998,-14.600000000000001,11.1,16
3142,52550.0,1.7000000000000002,2.7,3.3000000000000003,-0.9,9.8,9.3,-9.600000000000001,-25.4,9.100000000000001,16
3143,52566.0,1.9000000000000001,3.1,3.2,-0.6000000000000001,10.200000000000001,9.3,1.8000000000000003,-22.700000000000003,10.200000000000001,16
3144,52583.0,2.2,3.5,3.0,-0.30000000000000004,10.700000000000001,9.0,21.0,-6.699999999999999,11.700000000000001,16
3145,52600.0,2.4000000000000004,3.3000000000000003,2.5,0.0,10.5,8.5,30.1,2.9,11.000000000000002,16
3146,52616.0,2.2,2.7,2.5,-0.2,10.0,8.5,32.300000000000004,1.3,6.699999999999999,16
3147,52633.0,1.8,1.7000000000000002,2.5,-0.6000000000000001,9.1,8.4,40.300000000000004,-12.7,-1.8000000000000003,16
3148,52650.0,1.9000000000000001,1.7000000000000002,2.3000000000000003,-0.5,9.1,8.200000000000001,49.0,-22.5,-5.7,16
3149,52666.0,2.2,2.0,0.9,-0.1,9.600000000000001,6.6000000000000005,65.89999999999999,-32.2,-13.6,16
3150,52683.0,2.7,1.9000000000000001,0.0,0.4,9.700000000000001,5.6000000000000005,60.2,-32.1,-11.5,16
3151,52699.0,3.1,2.3000000000000003,-0.2,0.9,10.100000000000001,5.300000000000001,46.50000000000001,-27.5,-11.700000000000001,16
3152,52716.0,3.0,2.1,0.0,0.9,10.0,5.4,38.300000000000004,-22.1,-13.100000000000001,16
3153,52733.0,2.6,1.0,0.4,0.5,8.9,5.800000000000001,20.5,-18.900000000000002,-12.5,16
3154,52749.0,2.2,0.2,0.9,0.1,8.1,6.2,5.2,-34.300000000000004,-16.200000000000003,16
3155,52766.0,2.0,-0.1,1.0,-0.1,7.800000000000001,6.4,-0.8,-48.2,-19.1,16
3156,52783.0,2.0,-0.7000000000000001,1.2000000000000002,0.0,7.1000000000000005,6.7,-11.000000000000002,-85.60000000000001,-24.0,16
3157,52800.0,2.1,-0.9,1.5,0.30000000000000004,6.9,7.1000000000000005,-22.3,-117.7,-27.400000000000002,16
3158,52816.0,2.2,-0.8,1.8,0.4,7.0,7.5,-29.1,-127.5,-27.9,16
3159,52833.0,2.1,-1.1,2.9000000000000004,0.6000000000000001,6.5,8.8,-41.199999999999996,-135.5,-26.5,16
3160,52849.0,1.7000000000000002,-1.9000000000000001,4.0,0.4,5.6000000000000005,10.100000000000001,-40.2,-129.60000000000002,-29.0,16
3161,52867.0,0.7000000000000001,-2.7,4.6000000000000005,-0.4,4.800000000000001,10.9,-33.800000000000004,-121.80000000000001,-31.7,16
3162,52883.0,0.30000000000000004,-2.9000000000000004,4.4,-0.8,4.5,10.700000000000001,-11.1,-101.30000000000001,-38.7,16
3163,52900.0,-0.5,-3.3000000000000003,3.2,-1.5,4.1000000000000005,9.600000000000001,14.100000000000001,-87.00000000000001,-49.1,16
3164,52916.0,-1.1,-3.3000000000000003,2.3000000000000003,-2.0,4.1000000000000005,8.700000000000001,23.800000000000004,-83.2,-54.4,16
3165,52933.0,-1.9000000000000001,-3.3000000000000003,0.2,-2.8000000000000003,4.1000000000000005,6.5,31.799999999999997,-83.60000000000001,-57.49999999999999,16
3166,52950.0,-1.7000000000000002,-3.4000000000000004,-1.2000000000000002,-2.9000000000000004,4.1000000000000005,5.6000000000000005,29.0,-88.8,-54.4,16
3167,52966.0,-1.4000000000000001,-3.4000000000000004,-1.0,-2.3000000000000003,4.0,5.2,16.700000000000003,-105.0,-43.70000000000001,16
3168,52983.0,-1.3,-3.5,-0.2,-2.1,3.9000000000000004,6.0,14.600000000000001,-111.6,-46.50000000000001,16
3169,53000.0,-2.0,-3.0,-0.4,-2.7,4.4,5.9,23.2,-100.2,-53.8,16
3170,53016.0,-2.2,-2.7,-0.6000000000000001,-2.8000000000000003,4.7,5.6000000000000005,27.3,-93.49999999999999,-53.599999999999994,16
3171,53033.0,-2.3000000000000003,-1.9000000000000001,-1.4000000000000001,-2.9000000000000004,5.6000000000000005,4.7,25.900000000000002,-77.4,-48.10000000000001,16
3172,53049.0,-2.2,-1.1,-1.9000000000000001,-2.8000000000000003,6.300000000000001,4.2,10.9,-68.9,-38.60000000000001,16
3173,53066.0,-2.2,-1.0,-1.8,-2.8000000000000003,6.6000000000000005,4.6000000000000005,-0.5,-69.80000000000001,-33.2,16
3174,53083.0,-1.7000000000000002,-0.4,-0.9,-2.2,7.0,5.2,-23.099999999999998,-73.7,-25.200000000000003,16
3175,53100.0,-2.7,-0.8,-0.30000000000000004,-3.1,6.5,5.9,-28.700000000000003,-84.5,-24.8,16
3176,53116.0,-2.4000000000000004,-0.6000000000000001,0.2,-2.7,6.7,6.5,-31.3,-84.5,-23.6,16
3177,53133.0,-2.3000000000000003,-0.30000000000000004,0.5,-2.6,6.9,6.9,-32.6,-82.8,-22.9,16
3178,53150.0,-2.2,-0.2,0.9,-2.0,7.2,7.7,-18.8,-75.3,-25.0,16
3179,53167.0,-1.6,0.6000000000000001,1.3,-1.7000000000000002,7.800000000000001,7.800000000000001,-0.4,-49.300000000000004,-35.599999999999994,16
3180,53183.0,-1.8,0.9,1.1,-1.9000000000000001,8.1,7.6000000000000005,7.699999999999999,-31.5,-38.60000000000001,16
3181,53200.0,-2.2,1.4000000000000001,0.8,-2.4000000000000004,8.700000000000001,7.2,16.0,5.300000000000001,-34.800000000000004,16
3182,53216.0,-2.3000000000000003,1.7000000000000002,0.9,-2.7,9.0,7.4,14.900000000000002,31.799999999999997,-25.900000000000002,16
3183,53234.0,-2.1,1.8,0.9,-2.6,9.1,7.300000000000001,12.5,38.50000000000001,-24.0,16
3184,53252.0,-2.3000000000000003,1.6,0.6000000000000001,-2.9000000000000004,8.9,7.0,2.2,41.0,-25.1,16
3185,53266.0,-2.5,1.5,0.4,-2.8000000000000003,9.200000000000001,7.0,-7.699999999999999,40.4,-24.200000000000003,16
3186,53283.0,-1.9000000000000001,2.1,0.7000000000000001,-2.8000000000000003,9.3,7.1000000000000005,-33.7,35.3,-18.8,16
3187,53300.0,-2.2,1.6,1.3,-3.2,8.8,7.9,-59.5,29.600000000000005,-9.899999999999999,16
3188,53317.0,-2.2,0.6000000000000001,3.0,-3.3000000000000003,7.5,9.8,-75.2,28.200000000000003,4.0,16
3189,53333.0,-2.1,0.0,3.7,-3.2,6.800000000000001,10.600000000000001,-72.4,28.700000000000003,9.100000000000001,16
3190,53349.0,-1.4000000000000001,-0.9,3.9000000000000004,-2.6,5.800000000000001,10.9,-47.900000000000006,31.2,12.299999999999999,16
3191,53366.0,-0.7000000000000001,-1.4000000000000001,2.6,-2.0,5.300000000000001,9.700000000000001,-14.5,39.699999999999996,5.6,16
3192,53383.0,-0.6000000000000001,-1.5,1.5,-1.9000000000000001,5.1000000000000005,8.6,0.2,44.00000000000001,1.2000000000000002,16
3193,53400.0,0.0,-1.6,-0.8,-1.4000000000000001,5.1000000000000005,6.2,15.5,49.0,-3.4,16
3194,53416.0,0.4,-1.5,-2.1,-1.2000000000000002,5.2,4.800000000000001,15.399999999999999,47.5,-6.600000000000001,16
3195,53433.0,0.4,-1.6,-2.5,-1.2000000000000002,5.2,4.4,13.700000000000001,44.8,-7.699999999999999,16
3196,53450.0,0.6000000000000001,-1.9000000000000001,-3.3000000000000003,-1.1,4.9,3.5,10.200000000000001,41.50000000000001,-4.9,16
3197,53466.0,0.6000000000000001,-2.2,-4.3,-1.2000000000000002,4.6000000000000005,2.5,3.5,37.400000000000006,0.7,16
3198,53483.0,0.7000000000000001,-2.4000000000000004,-4.5,-1.2000000000000002,4.3,2.3000000000000003,-2.8,36.400000000000006,4.0,16
3199,53499.0,0.1,-1.9000000000000001,-4.0,-1.8,4.7,2.7,-16.3,31.400000000000002,15.899999999999999,16
3200,53516.0,0.0,-1.2000000000000002,-1.8,-1.9000000000000001,5.5,4.9,-10.0,30.4,41.900000000000006,16
3201,53533.0,-0.1,-1.7000000000000002,-0.9,-1.9000000000000001,4.9,5.7,2.5,37.50000000000001,53.7,16
3202,53550.0,0.5,-2.0,-1.2000000000000002,-1.3,4.800000000000001,5.300000000000001,32.2,51.4,72.80000000000001,16
3203,53566.0,1.4000000000000001,-0.7000000000000001,-2.1,-0.30000000000000004,6.2,4.3,52.1,42.2,71.10000000000001,16
3204,53583.0,1.7000000000000002,-0.2,-2.5,0.0,6.7,3.8000000000000003,56.9,28.1,60.1,16
3205,53599.0,2.1,0.5,-3.2,0.6000000000000001,7.6000000000000005,3.0,54.4,-31.0,32.2,16
3206,53616.0,2.9000000000000004,1.3,-2.4000000000000004,1.5,8.5,3.7,15.399999999999999,-65.0,11.8,16
3207,53633.0,3.3000000000000003,1.6,-2.8000000000000003,2.0,8.8,3.4000000000000004,-45.7,-24.0,7.1000000000000005,16
3208,53649.0,1.7000000000000002,1.6,-1.0,0.4,8.6,5.4,-118.10000000000001,-13.6,4.7,16
3209,53668.0,1.7000000000000002,1.7000000000000002,1.9000000000000001,0.6000000000000001,8.4,8.6,-98.2,-68.4,2.7,16
3210,53683.0,2.1,1.8,2.3000000000000003,1.1,8.5,9.1,-86.1,-68.3,-4.0,16
3211,53699.0,2.5,2.0,1.7000000000000002,1.6,8.5,8.700000000000001,-58.7,-62.0,-23.6,16
3212,53716.0,2.3000000000000003,2.3000000000000003,1.3,1.5,8.700000000000001,8.5,-32.300000000000004,-65.2,-47.5,16
3213,53733.0,1.9000000000000001,2.5,1.6,1.1,8.8,8.700000000000001,-24.900000000000002,-55.60000000000001,-57.3,16
3214,53749.0,0.9,2.6,2.1,0.1,9.0,9.4,-8.3,-15.8,-64.80000000000001,16
3215,53766.0,0.5,2.0,2.6,-0.5,8.4,9.8,14.900000000000002,24.3,-55.5,16
3216,53783.0,0.7000000000000001,1.8,2.6,-0.4,8.200000000000001,9.700000000000001,25.1,39.300000000000004,-50.5,16
3217,53800.0,1.0,1.4000000000000001,1.6,-0.30000000000000004,7.9,8.700000000000001,40.800000000000004,42.0,-51.2,16
3218,53816.0,0.9,1.2000000000000002,0.7000000000000001,-0.6000000000000001,7.800000000000001,7.7,34.900000000000006,13.900000000000002,-55.5,16
3219,53833.0,0.9,1.2000000000000002,0.7000000000000001,-0.7000000000000001,8.1,7.9,25.4,-5.9,-59.00000000000001,16
3220,53849.0,0.7000000000000001,1.6,0.8,-1.0,8.200000000000001,7.800000000000001,9.4,-43.900000000000006,-72.2,16
3221,53866.0,-0.5,1.6,0.7000000000000001,-2.1,8.200000000000001,7.7,-7.0,-58.1,-75.8,16
3222,53883.0,-1.0,1.3,0.4,-2.7,7.800000000000001,7.5,-19.700000000000003,-53.300000000000004,-63.0,16
3223,53900.0,-0.8,1.2000000000000002,0.2,-2.5,7.6000000000000005,7.4,-24.200000000000003,-50.1,-54.199999999999996,16
3224,53916.0,-0.4,0.6000000000000001,0.0,-2.1,6.9,7.300000000000001,-33.800000000000004,-44.6,-38.1,16
3225,53933.0,0.0,0.0,0.0,-1.6,6.2,7.4,-42.800000000000004,-61.8,-29.500000000000004,16
3226,53955.0,0.4,-0.1,-0.2,-1.1,6.0,7.300000000000001,-47.7,-80.7,-28.200000000000003,16
3227,53966.0,0.4,0.2,-0.2,-0.9,6.2,7.4,-60.400000000000006,-115.60000000000001,-28.200000000000003,16
3228,53983.0,0.0,1.0,-0.1,-1.1,6.800000000000001,7.7,-75.8,-111.10000000000002,-21.8,16
3229,53999.0,-0.1,1.1,0.4,-1.0,6.800000000000001,8.3,-84.4,-93.3,-15.399999999999999,16
3230,54016.0,0.2,-0.30000000000000004,2.3000000000000003,-0.5,5.1000000000000005,10.4,-84.0,-54.1,-1.5,16
3231,54033.0,0.7000000000000001,-1.5,3.4000000000000004,0.0,3.8000000000000003,11.700000000000001,-55.60000000000001,-31.799999999999997,-10.700000000000001,16
3232,54049.0,0.7000000000000001,-1.4000000000000001,3.5,0.1,3.8000000000000003,11.8,-35.4,-27.700000000000003,-21.500000000000004,16
3233,54066.0,0.0,-1.7000000000000002,2.2,-0.7000000000000001,3.4000000000000004,10.5,7.400000000000001,-24.8,-40.300000000000004,16
3234,54084.0,-0.7000000000000001,-1.6,0.4,-1.3,3.6,8.700000000000001,30.5,-27.700000000000003,-49.699999999999996,16
3235,54099.0,-0.9,-1.5,-0.30000000000000004,-1.6,3.7,8.0,35.0,-29.0,-50.2,16
3236,54116.0,-1.2000000000000002,-1.7000000000000002,-1.2000000000000002,-1.8,3.7,7.0,37.300000000000004,-30.599999999999998,-42.800000000000004,16
3237,54133.0,-0.4,-1.2000000000000002,-1.9000000000000001,-1.0,4.2,6.2,34.0,-34.60000000000001,-31.6,16
3238,54154.0,0.2,-1.3,-1.9000000000000001,-0.4,4.1000000000000005,6.1000000000000005,21.6,-43.300000000000004,-28.700000000000003,16
3239,54167.0,0.1,-1.3,-1.7000000000000002,-0.4,4.2,6.300000000000001,13.100000000000001,-47.900000000000006,-29.300000000000004,16
3240,54185.0,-0.4,-0.9,-0.6000000000000001,-0.8,4.5,7.4,0.0,-50.3,-26.400000000000006,16
3241,54202.0,-0.8,-0.9,0.6000000000000001,-1.2000000000000002,4.5,8.700000000000001,0.30000000000000004,-28.800000000000004,-16.5,16
3242,54216.0,-0.7000000000000001,-1.2000000000000002,0.9,-1.1,4.2,9.0,6.0,-16.900000000000002,-10.9,16
3243,54233.0,-0.5,-1.3,1.4000000000000001,-0.9,4.2,9.5,22.6,0.8,-5.0,16
3244,54254.0,-0.5,-1.3,0.7000000000000001,-0.9,4.3,8.700000000000001,39.599999999999994,4.5,-5.7,16
3245,54267.0,-0.5,-1.2000000000000002,0.30000000000000004,-0.9,4.4,8.3,43.4,2.7,-7.699999999999999,16
3246,54284.0,-1.0,-1.2000000000000002,-0.1,-1.5,4.6000000000000005,7.7,46.4,-1.3,-10.5,16
3247,54299.0,-1.2000000000000002,-1.0,-0.30000000000000004,-1.6,4.800000000000001,7.5,47.0,-0.2,-10.0,16
3248,54316.0,-1.4000000000000001,-0.8,-0.6000000000000001,-2.0,5.1000000000000005,7.1000000000000005,45.400000000000006,12.8,-7.8,16
3249,54333.0,-1.3,-0.7000000000000001,-0.7000000000000001,-1.9000000000000001,5.300000000000001,6.9,42.60000000000001,31.7,-1.3,16
3250,54353.0,-0.9,-0.6000000000000001,-0.6000000000000001,-1.6,5.6000000000000005,6.9,36.7,53.400000000000006,3.3000000000000007,16
3251,54367.0,-0.7000000000000001,-0.4,-0.6000000000000001,-1.5,5.800000000000001,6.9,33.800000000000004,57.800000000000004,2.3,16
3252,54383.0,-0.8,0.0,-0.6000000000000001,-1.8,6.300000000000001,6.800000000000001,24.3,49.699999999999996,-4.9,16
3253,54399.0,-1.1,0.1,-0.6000000000000001,-2.1,6.4,6.7,14.300000000000002,40.9,-7.699999999999999,16
3254,54418.0,-1.7000000000000002,0.2,-0.4,-2.8000000000000003,6.5,7.0,-13.900000000000002,18.5,-7.0,16
3255,54433.0,-1.7000000000000002,0.4,-0.30000000000000004,-2.8000000000000003,6.5,7.1000000000000005,-48.10000000000001,-1.0,4.0,16
3256,54449.0,-1.7000000000000002,0.2,-0.30000000000000004,-2.8000000000000003,6.2,7.2,-68.3,-8.2,10.4,16
3257,54466.0,-1.5,-0.9,0.8,-2.5,4.9,8.5,-105.7,-26.000000000000004,18.5,16
3258,54483.0,-0.9,-1.7000000000000002,2.7,-1.8,3.8000000000000003,10.700000000000001,-113.4,-48.300000000000004,14.900000000000002,16
3259,54500.0,-0.6000000000000001,-1.7000000000000002,3.2,-1.3,3.5,11.5,-103.10000000000001,-55.0,8.100000000000001,16
3260,54516.0,-0.6000000000000001,-1.7000000000000002,2.9000000000000004,-1.3,3.4000000000000004,11.100000000000001,-62.199999999999996,-50.900000000000006,-5.8,16
3261,54533.0,-0.4,-1.2000000000000002,0.8,-1.0,3.8000000000000003,9.200000000000001,-20.1,-23.800000000000004,-12.100000000000001,16
3262,54549.0,-0.30000000000000004,-0.8,-0.30000000000000004,-0.9,4.5,7.0,-7.300000000000001,-5.500000000000001,-12.7,16
3263,54566.0,-0.1,-0.2,-2.3000000000000003,-0.8,4.800000000000001,6.0,-2.3,23.0,-10.700000000000001,16
3264,54583.0,0.0,0.2,-3.1,-0.8,5.1000000000000005,5.2,-17.200000000000003,30.1,-14.100000000000001,16
3265,54600.0,-1.1,0.0,-2.7,-2.0,4.800000000000001,5.6000000000000005,-40.300000000000004,36.8,-11.5,16
3266,54616.0,-1.2000000000000002,0.2,-1.9000000000000001,-2.2,5.0,6.5,-46.800000000000004,39.2,-5.8,16
3267,54633.0,-0.9,0.30000000000000004,-0.7000000000000001,-2.0,5.0,7.7,-41.900000000000006,47.7,5.4,16
3268,54649.0,-0.7000000000000001,0.4,-0.9,-1.9000000000000001,5.0,7.6000000000000005,-25.200000000000003,55.0,13.3,16
3269,54666.0,-0.6000000000000001,0.4,-1.1,-1.9000000000000001,4.9,7.300000000000001,-16.6,53.599999999999994,17.0,16
3270,54683.0,-0.1,0.8,-1.8,-1.5,5.4,6.6000000000000005,-6.0,42.5,24.8,16
3271,54700.0,0.4,1.3,-2.4000000000000004,-1.1,5.9,6.0,-6.1000000000000005,25.6,30.699999999999996,16
3272,54716.0,0.7000000000000001,1.7000000000000002,-2.4000000000000004,-0.8,6.300000000000001,6.0,-10.0,18.900000000000002,32.6,16
3273,54733.0,0.8,2.3000000000000003,-1.8,-0.7000000000000001,6.9,6.5,-18.200000000000003,9.600000000000001,37.300000000000004,16
3274,54754.0,1.2000000000000002,3.0,-0.9,-0.2,7.6000000000000005,7.5,-18.700000000000003,6.9,40.1,16
3275,54766.0,1.1,3.0,-0.7000000000000001,-0.30000000000000004,7.5,7.7,-17.1,11.2,40.5,16
3276,54783.0,1.1,3.2,-0.1,-0.2,7.7,8.3,-14.300000000000002,24.200000000000003,43.6,16
3277,54799.0,1.3,2.7,0.7000000000000001,0.0,7.2,9.1,-11.000000000000002,29.800000000000004,43.2,16
3278,54816.0,1.4000000000000001,2.5,1.1,0.0,7.0,9.600000000000001,-6.9,26.799999999999997,40.5,16
3279,54841.0,1.5,2.3000000000000003,1.7000000000000002,0.2,6.800000000000001,10.200000000000001,12.600000000000001,1.3,24.7,16
3280,54850.0,1.7000000000000002,2.2,1.7000000000000002,0.4,6.800000000000001,10.100000000000001,19.6,-7.1000000000000005,19.400000000000002,16
3281,54866.0,1.8,2.0,1.5,0.5,6.7,9.9,25.7,-13.200000000000003,13.399999999999999,16
3282,54883.0,1.7000000000000002,1.8,1.3,0.5,6.7,9.700000000000001,30.3,-15.8,-1.9,16
3283,54899.0,1.0,1.7000000000000002,1.9000000000000001,-0.2,6.6000000000000005,10.3,32.0,-4.1,-14.800000000000002,16
3284,54916.0,0.6000000000000001,1.6,2.2,-0.6000000000000001,6.5,10.5,34.300000000000004,2.7,-18.4,16
3285,54933.0,0.5,1.4000000000000001,2.4000000000000004,-0.5,6.5,10.600000000000001,44.6,2.9,-22.1,16
3286,54949.0,0.8,1.5,1.4000000000000001,-0.5,6.7,9.5,51.300000000000004,-4.800000000000001,-24.599999999999998,16
3287,54966.0,0.7000000000000001,1.4000000000000001,0.9,-0.6000000000000001,6.800000000000001,9.0,47.2,-9.5,-24.0,16
3288,54983.0,0.7000000000000001,1.5,0.0,-0.5,6.9,8.1,22.000000000000004,-17.799999999999997,-20.1,16
3289,54999.0,0.7000000000000001,1.6,1.3,-0.5,7.0,9.5,-5.9,-26.5,-13.8,16
3290,55016.0,0.5,0.6000000000000001,1.9000000000000001,-0.6000000000000001,6.0,10.100000000000001,-12.9,-28.800000000000004,-9.600000000000001,16
3291,55033.0,1.6,-0.1,3.1,0.5,5.300000000000001,11.3,-9.5,-38.7,-0.9000000000000001,16
3292,55050.0,2.1,-0.7000000000000001,2.3000000000000003,1.2000000000000002,4.7,10.5,11.900000000000002,-55.2,-9.100000000000001,16
3293,55066.0,2.2,-0.6000000000000001,1.5,1.4000000000000001,4.800000000000001,9.700000000000001,19.300000000000004,-62.50000000000001,-14.0,16
3294,55083.0,2.2,-0.1,0.1,1.5,5.300000000000001,8.3,17.300000000000004,-66.60000000000001,-21.8,16
3295,55099.0,1.8,-0.1,-0.30000000000000004,1.2000000000000002,5.4,8.0,3.4,-56.800000000000004,-26.9,16
3296,55116.0,1.4000000000000001,-0.4,-0.30000000000000004,0.9,5.1000000000000005,7.9,-2.3,-49.0,-27.400000000000002,16
3297,55133.0,1.1,-0.6000000000000001,0.0,0.7000000000000001,4.800000000000001,8.200000000000001,-7.9,-34.400000000000006,-27.099999999999998,16
3298,55150.0,0.7000000000000001,-1.1,0.7000000000000001,0.30000000000000004,4.3,8.9,-4.7,-18.200000000000003,-28.900000000000002,16
3299,55166.0,0.4,-1.5,0.8,0.0,3.9000000000000004,9.1,-0.5,-11.900000000000002,-30.3,16
3300,55183.0,0.1,-1.8,1.0,-0.4,3.5,9.200000000000001,12.4,-8.4,-35.1,16
3301,55200.0,-0.4,-2.1,0.4,-0.9,3.3000000000000003,8.6,29.500000000000004,-12.4,-42.60000000000001,16
3302,55216.0,-0.9,-2.4000000000000004,-0.30000000000000004,-1.4000000000000001,3.0,7.9,38.2,-18.5,-45.8,16
3303,55233.0,-1.4000000000000001,-2.3000000000000003,-1.6,-1.9000000000000001,3.3000000000000003,6.5,46.6,-28.500000000000004,-45.5,16
3304,55249.0,-1.3,-1.7000000000000002,-2.4000000000000004,-1.8,4.0,5.6000000000000005,43.6,-36.1,-39.0,16
3305,55266.0,-1.1,-1.4000000000000001,-2.4000000000000004,-1.6,4.4,5.5,37.9,-37.6,-34.2,16
3306,55283.0,-0.9,-1.5,-2.0,-1.3,4.3,5.9,24.3,-43.4,-27.400000000000002,16
3307,55299.0,-0.8,-1.2000000000000002,-1.5,-1.2000000000000002,4.6000000000000005,6.4,10.5,-49.199999999999996,-23.5,16
3308,55316.0,-0.9,-1.1,-1.2000000000000002,-1.2000000000000002,4.9,7.1000000000000005,3.1,-52.5,-20.900000000000002,16
3309,55333.0,-0.9,-0.9,-0.2,-1.2000000000000002,4.9,7.7,-8.899999999999999,-57.60000000000001,-14.600000000000001,16
3310,55350.0,-0.7000000000000001,-1.0,0.8,-0.8,4.7,8.700000000000001,-8.700000000000001,-58.900000000000006,-9.100000000000001,16
3311,55367.0,-0.6000000000000001,-1.0,1.2000000000000002,-0.7000000000000001,4.7,9.1,-2.4000000000000004,-55.5,-9.600000000000001,16
3312,55383.0,-0.7000000000000001,-1.3,1.2000000000000002,-0.7000000000000001,4.4,9.0,18.5,-40.300000000000004,-13.6,16
3313,55400.0,-0.9,-1.2000000000000002,0.5,-0.8,4.6000000000000005,8.3,37.400000000000006,-20.7,-18.0,16
3314,55416.0,-0.9,-1.0,-0.30000000000000004,-0.9,4.9,7.4,43.900000000000006,-13.200000000000003,-19.700000000000003,16
3315,55433.0,-0.9,-0.8,-0.5,-0.8,5.2,7.1000000000000005,49.199999999999996,-4.300000000000001,-21.8,16
3316,55449.0,-1.1,-0.7000000000000001,-1.0,-1.2000000000000002,5.4,6.6000000000000005,47.3,7.9,-25.8,16
3317,55470.0,-1.3,-0.4,-1.4000000000000001,-1.5,5.800000000000001,6.1000000000000005,39.699999999999996,26.799999999999997,-21.8,16
3318,55485.0,-1.3,-0.2,-1.5,-1.6,6.0,5.9,33.0,34.900000000000006,-18.4,16
3319,55500.0,-1.2000000000000002,-0.1,-1.0,-1.6,6.300000000000001,6.300000000000001,15.899999999999999,40.4,-12.5,16
3320,55516.0,-1.3,0.0,-0.9,-1.9000000000000001,6.6000000000000005,6.300000000000001,8.0,39.8,-10.9,16
3321,55533.0,-1.7000000000000002,0.30000000000000004,-1.1,-2.2,6.6000000000000005,6.2,-16.3,37.7,-7.200000000000001,16
3322,55549.0,-2.1,0.4,-1.0,-2.8000000000000003,6.7,6.4,-53.9,32.300000000000004,1.8000000000000003,16
3323,55569.0,-2.8000000000000003,0.2,-0.30000000000000004,-3.5,6.1000000000000005,7.300000000000001,-101.4,30.9,19.400000000000002,16
3324,55583.0,-2.7,-0.4,0.6000000000000001,-3.5,5.4,8.4,-124.8,29.200000000000003,30.200000000000003,16
3325,55600.0,-1.7000000000000002,-1.6,3.1,-2.4000000000000004,3.8000000000000003,11.100000000000001,-150.70000000000002,12.7,46.1,16
3326,55616.0,-0.4,-2.1,5.0,-1.0,2.9000000000000004,13.3,-132.3,-10.9,41.50000000000001,16
3327,55633.0,0.0,-2.2,5.2,-0.6000000000000001,2.7,13.600000000000001,-108.0,-17.1,32.1,16
3328,55649.0,0.30000000000000004,-1.8,3.8000000000000003,-0.2,2.8000000000000003,12.4,-46.50000000000001,-7.400000000000001,7.8,16
3329,55670.0,0.0,-1.1,1.0,-0.6000000000000001,3.5,9.600000000000001,4.5,34.0,-12.299999999999999,16
3330,55683.0,-0.2,-0.8,-0.4,-0.9,3.8000000000000003,8.200000000000001,19.0,58.7,-17.799999999999997,16
3331,55700.0,-0.30000000000000004,-0.5,-2.2,-1.3,4.2,6.300000000000001,25.200000000000003,101.0,-20.1,16
3332,55716.0,0.0,-0.30000000000000004,-2.4000000000000004,-1.4000000000000001,4.4,6.0,14.400000000000002,122.39999999999999,-16.6,16
3333,55733.0,0.0,-0.5,-2.2,-1.6,4.3,6.1000000000000005,8.2,125.9,-15.8,16
3334,55749.0,0.2,-0.6000000000000001,-1.7000000000000002,-1.8,4.2,6.5,1.3,126.4,-12.9,16
3335,55769.0,0.5,-0.5,-1.1,-1.8,4.2,7.0,2.3,114.10000000000001,-9.899999999999999,16
3336,55783.0,0.5,-0.5,-0.8,-2.0,4.2,7.300000000000001,5.9,103.49999999999999,-9.0,16
3337,55800.0,0.30000000000000004,-0.30000000000000004,-0.9,-2.4000000000000004,4.5,7.1000000000000005,16.1,81.3,-7.6,16
3338,55816.0,0.6000000000000001,0.30000000000000004,-1.6,-2.3000000000000003,5.1000000000000005,6.2,22.1,59.20000000000001,1.1,16
3339,55833.0,0.9,0.6000000000000001,-2.0,-2.1,5.5,5.800000000000001,21.300000000000004,46.199999999999996,5.7,16
3340,55849.0,0.9,1.3,-2.4000000000000004,-2.1,6.2,5.4,9.600000000000001,14.300000000000002,13.3,16
3341,55871.0,1.1,2.2,-2.6,-1.8,7.2,5.2,-12.5,-22.8,21.6,16
3342,55883.0,1.3,2.7,-2.2,-1.6,7.6000000000000005,5.6000000000000005,-25.5,-37.7,25.200000000000003,16
3343,55900.0,1.2000000000000002,3.1,-0.8,-1.5,8.0,7.1000000000000005,-47.2,-49.50000000000001,30.1,16
3344,55916.0,0.8,3.0,1.3,-1.6,7.7,9.4,-51.0,-39.50000000000001,32.7,16
3345,55933.0,0.7000000000000001,2.9000000000000004,2.2,-1.7000000000000002,7.6000000000000005,10.3,-42.900000000000006,-29.600000000000005,32.7,16
3346,55949.0,0.7000000000000001,2.5,3.0,-1.6,7.2,11.100000000000001,-13.200000000000003,-10.299999999999999,29.300000000000004,16
3347,55970.0,0.7000000000000001,2.4000000000000004,2.4000000000000004,-1.5,7.300000000000001,10.5,20.2,-7.0,21.1,16
3348,55983.0,0.6000000000000001,2.5,1.7000000000000002,-1.6,7.4,9.8,32.6,-11.8,16.700000000000003,16
3349,56000.0,0.6000000000000001,2.7,0.2,-1.5,7.7,8.3,43.1,-24.1,11.6,16
3350,56016.0,0.8,2.8000000000000003,-0.7000000000000001,-1.2000000000000002,8.0,7.4,35.599999999999994,-33.2,7.0,16
3351,56033.0,0.7000000000000001,2.8000000000000003,-0.5,-1.2000000000000002,8.0,7.5,27.800000000000004,-33.50000000000001,2.9,16
3352,56049.0,0.6000000000000001,2.4000000000000004,0.7000000000000001,-1.3,7.7,8.8,19.300000000000004,-31.099999999999998,-7.0,16
3353,56068.0,0.30000000000000004,2.4000000000000004,1.1,-1.5,7.800000000000001,9.1,29.500000000000004,-27.9,-14.200000000000001,16
3354,56083.0,0.30000000000000004,2.4000000000000004,0.8,-1.5,7.9,8.3,33.9,-24.400000000000002,-14.400000000000002,16
3355,56100.0,0.5,2.5,0.0,-1.3,8.0,8.0,30.4,-17.300000000000004,-10.600000000000001,16
3356,56116.0,0.30000000000000004,2.9000000000000004,0.2,-1.4000000000000001,8.4,8.1,-1.8000000000000003,-2.3,-9.0,16
3357,56133.0,0.1,2.5,1.1,-1.7000000000000002,7.1000000000000005,10.600000000000001,-23.099999999999998,-0.7,-7.1000000000000005,16
3358,56151.0,0.2,0.8,3.9000000000000004,-1.6,6.2,12.0,-46.300000000000004,-13.000000000000002,-2.7,16
3359,56173.0,0.8,-0.6000000000000001,5.1000000000000005,-0.9,4.7,13.3,-30.1,-41.0,-4.7,16
3360,56183.0,1.4000000000000001,-1.0,3.5,-0.1,4.3,11.700000000000001,-12.200000000000001,-54.800000000000004,-7.200000000000001,16
3361,56199.0,1.6,-1.0,1.9000000000000001,0.2,4.3,10.200000000000001,21.0,-72.4,-12.9,16
3362,56216.0,1.6,-0.9,-0.7000000000000001,0.4,4.4,7.5,31.5,-76.89999999999999,-18.5,16
3363,56233.0,1.5,-0.9,-1.6,0.2,4.5,5.9,28.800000000000004,-74.0,-20.2,16
3364,56251.0,1.0,-0.8,-2.5,0.1,4.6000000000000005,5.7,12.200000000000001,-59.300000000000004,-19.6,16
3365,56266.0,0.6000000000000001,-0.8,-2.2,-0.30000000000000004,4.7,6.0,-9.100000000000001,-36.300000000000004,-16.0,16
3366,56283.0,0.7000000000000001,-0.2,-1.5,-0.30000000000000004,5.0,7.800000000000001,-24.599999999999998,-17.5,-12.4,16
3367,56300.0,-0.30000000000000004,-2.0,-0.7000000000000001,-1.1,3.4000000000000004,7.6000000000000005,-26.9,-4.5,-12.600000000000001,16
3368,56316.0,0.30000000000000004,-1.8,0.7000000000000001,-0.6000000000000001,3.4000000000000004,9.0,-25.5,-6.9,-7.6,16
3369,56333.0,0.30000000000000004,-2.3000000000000003,1.4000000000000001,-0.5,2.9000000000000004,9.700000000000001,-7.500000000000001,-20.599999999999998,-20.599999999999998,16
3370,56349.0,0.0,-2.5,1.5,-0.8,2.7,9.9,6.9,-26.200000000000003,-27.099999999999998,16
3371,56369.0,-0.7000000000000001,-2.3000000000000003,0.8,-1.4000000000000001,2.9000000000000004,9.1,37.400000000000006,-34.1,-35.3,16
3372,56385.0,-1.0,-2.2,-0.5,-1.7000000000000002,3.1,7.7,49.699999999999996,-36.300000000000004,-34.800000000000004,16
3373,56400.0,-0.9,-1.9000000000000001,-1.2000000000000002,-1.6,3.5,7.0,60.2,-36.0,-28.900000000000002,16
3374,56416.0,-0.8,-1.6,-2.1,-1.5,4.0,6.0,49.800000000000004,-32.7,-20.8,16
3375,56433.0,-0.8,-1.4000000000000001,-2.0,-1.4000000000000001,4.2,6.0,29.700000000000006,-33.9,-11.5,16
3376,56451.0,-0.5,-1.2000000000000002,-1.5,-1.0,4.5,6.4,19.799999999999997,-33.6,-7.6,16
3377,56470.0,-0.7000000000000001,-1.1,-0.9,-1.1,4.6000000000000005,7.0,5.2,-27.9,-4.300000000000001,16
3378,56484.0,-0.8,-1.1,0.0,-1.2000000000000002,4.6000000000000005,7.9,-0.8,-19.1,-0.4,16
3379,56499.0,-0.7000000000000001,-1.1,0.5,-1.2000000000000002,4.5,8.5,0.7,-13.3,0.6000000000000001,16
3380,56516.0,-0.9,-1.2000000000000002,1.0,-1.3,4.5,9.0,12.5,-2.1,0.0,16
3381,56533.0,-1.1,-1.1,0.9,-1.8,4.6000000000000005,8.6,27.6,-1.4,-0.8,16
3382,56551.0,-1.4000000000000001,-1.0,0.4,-1.8,4.800000000000001,8.3,33.6,-2.5,1.1,16
3383,56573.0,-1.0,-0.8,-0.6000000000000001,-1.4000000000000001,5.2,7.1000000000000005,40.7,1.5,3.3000000000000007,16
3384,56584.0,-1.0,-0.6000000000000001,-0.9,-1.4000000000000001,5.4,6.800000000000001,37.800000000000004,4.9,2.5,16
3385,56599.0,-1.0,-0.5,-1.0,-1.4000000000000001,5.5,6.7,33.0,8.3,2.3,16
3386,56616.0,-0.7000000000000001,0.0,-0.9,-1.2000000000000002,6.0,6.7,20.400000000000002,15.000000000000002,2.4000000000000004,16
3387,56633.0,-0.6000000000000001,0.4,-0.7000000000000001,-1.1,6.5,6.800000000000001,6.0,19.1,1.1,16
3388,56650.0,-0.7000000000000001,0.7000000000000001,-0.7000000000000001,-1.2000000000000002,6.800000000000001,6.800000000000001,-3.4,21.1,0.6000000000000001,16
3389,56668.0,-1.1,0.9,-0.9,-1.7000000000000002,7.0,6.7,-30.200000000000003,22.2,2.2,16
3390,56683.0,-1.2000000000000002,1.2000000000000002,-0.9,-1.9000000000000001,7.1000000000000005,6.800000000000001,-70.0,20.400000000000002,8.899999999999999,16
3391,56699.0,-1.7000000000000002,0.9,-0.4,-2.4000000000000004,6.7,7.4,-95.0,20.3,13.100000000000001,16
3392,56716.0,-2.1,0.0,2.0,-2.8000000000000003,5.4,10.100000000000001,-141.1,10.0,27.0,16
3393,56733.0,-1.1,-0.9,5.300000000000001,-1.7000000000000002,4.1000000000000005,13.700000000000001,-151.0,-19.400000000000002,33.9,16
3394,56749.0,-0.6000000000000001,-1.3,6.5,-1.1,3.5,15.0,-134.9,-36.300000000000004,28.500000000000004,16
3395,56768.0,0.0,-1.1,6.6000000000000005,-0.4,3.4000000000000004,15.4,-69.7,-42.900000000000006,5.4,16
3396,56783.0,-0.5,-0.8,4.1000000000000005,-0.9,3.7,12.9,8.899999999999999,-8.8,-14.400000000000002,16
3397,56799.0,-0.7000000000000001,-0.8,2.2,-1.2000000000000002,3.9000000000000004,9.1,39.50000000000001,15.8,-20.0,16
3398,56816.0,-0.8,-0.7000000000000001,-1.0,-1.4000000000000001,4.1000000000000005,7.6000000000000005,68.4,60.7,-23.6,16
3399,56833.0,-0.7000000000000001,-0.7000000000000001,-3.1,-1.6,4.2,5.4,65.10000000000001,82.39999999999999,-18.6,16
3400,56849.0,-0.5,-0.8,-3.6,-1.5,4.2,4.800000000000001,55.8,83.80000000000001,-14.100000000000001,16
3401,56869.0,-0.1,-1.2000000000000002,-4.0,-1.3,3.9000000000000004,4.3,29.0,73.5,-6.9,16
3402,56883.0,0.30000000000000004,-1.3,-3.3000000000000003,-1.1,3.8000000000000003,4.9,6.9,49.50000000000001,-5.2,16
3403,56899.0,0.4,-1.3,-2.9000000000000004,-1.1,3.8000000000000003,5.300000000000001,1.9,39.8,-5.9,16
3404,56916.0,0.2,-1.3,-2.3000000000000003,-1.4000000000000001,3.8000000000000003,5.9,3.8,31.3,-6.600000000000001,16
3405,56933.0,0.30000000000000004,-1.0,-2.3000000000000003,-1.4000000000000001,4.1000000000000005,5.800000000000001,16.0,30.699999999999996,-2.1,16
3406,56949.0,0.5,-0.7000000000000001,-2.6,-1.0,4.7,5.1000000000000005,20.5,32.1,0.6000000000000001,16
3407,56972.0,1.3,0.4,-3.4000000000000004,-0.4,5.6000000000000005,4.5,17.799999999999997,22.6,8.100000000000001,16
3408,56983.0,1.5,0.9,-3.6,-0.30000000000000004,6.2,4.3,11.000000000000002,15.399999999999999,8.5,16
3409,56999.0,1.4000000000000001,2.0,-3.3000000000000003,-0.4,7.300000000000001,4.6000000000000005,-10.1,4.0,10.1,16
3410,57016.0,1.3,2.4000000000000004,-3.0,-0.5,7.6000000000000005,4.9,-20.7,0.1,12.100000000000001,16
3411,57033.0,0.8,2.5,-2.0,-0.9,7.7,5.9,-37.800000000000004,-7.300000000000001,14.800000000000002,16
3412,57050.0,0.5,2.7,-0.7000000000000001,-1.1,7.800000000000001,7.300000000000001,-44.9,-6.600000000000001,18.3,16
3413,57068.0,0.5,2.6,-0.1,-1.1,7.6000000000000005,8.0,-44.4,-3.6000000000000005,19.6,16
3414,57084.0,0.7000000000000001,2.2,1.1,-0.9,7.2,9.200000000000001,-34.300000000000004,-4.4,18.1,16
3415,57099.0,0.8,2.2,1.5,-0.6000000000000001,7.300000000000001,9.700000000000001,-25.900000000000002,-8.899999999999999,15.000000000000002,16
3416,57116.0,1.1,2.5,1.4000000000000001,-0.4,7.4,9.600000000000001,-10.200000000000001,-18.5,7.500000000000001,16
3417,57133.0,1.2000000000000002,2.7,1.4000000000000001,-0.2,7.6000000000000005,9.700000000000001,-4.2,-25.4,-2.7,16
3418,57152.0,0.8,2.6,2.0,-0.6000000000000001,7.5,10.3,-3.2,-20.900000000000002,-13.700000000000001,16
3419,57179.0,0.2,2.0,3.5,-1.1,7.0,11.8,4.7,-12.299999999999999,-23.0,16
3420,57183.0,0.2,2.0,3.5,-1.1,7.0,11.8,14.5,-8.899999999999999,-26.400000000000006,16
3421,57199.0,0.30000000000000004,2.2,2.7,-1.1,7.300000000000001,10.9,33.7,-2.0,-26.1,16
3422,57216.0,0.5,2.3000000000000003,1.9000000000000001,-0.9,7.4,10.200000000000001,35.599999999999994,-1.9,-24.1,16
3423,57233.0,0.8,2.5,1.2000000000000002,-0.6000000000000001,7.7,9.4,20.5,-7.300000000000001,-20.8,16
3424,57249.0,0.7000000000000001,2.2,1.5,-0.8,7.5,9.700000000000001,-8.5,-14.100000000000001,-15.100000000000001,16
3425,57268.0,0.8,1.0,2.7,-0.6000000000000001,6.1000000000000005,11.0,-34.800000000000004,-30.200000000000003,-6.9,16
3426,57284.0,1.0,0.30000000000000004,3.3000000000000003,-0.30000000000000004,5.4,11.700000000000001,-40.1,-42.60000000000001,-5.6,16
3427,57300.0,1.4000000000000001,-0.6000000000000001,3.7,0.2,4.4,12.200000000000001,-29.700000000000006,-66.2,-10.1,16
3428,57316.0,1.4000000000000001,-0.8,3.3000000000000003,0.4,4.1000000000000005,11.8,-17.7,-70.8,-14.100000000000001,16
3429,57333.0,1.5,-0.9,1.3,0.6000000000000001,4.1000000000000005,9.8,10.200000000000001,-64.7,-19.200000000000003,16
3430,57349.0,1.5,-1.0,-0.8,0.8,4.0,7.800000000000001,24.599999999999998,-46.199999999999996,-22.6,16
3431,57368.0,1.5,-0.9,-1.5,0.8,4.3,6.4,25.1,-35.1,-24.3,16
3432,57383.0,1.3,-0.6000000000000001,-2.3000000000000003,0.7000000000000001,4.4,6.1000000000000005,14.300000000000002,-12.4,-29.1,16
3433,57400.0,0.9,-0.9,-1.5,0.2,4.2,7.0,-3.1,4.300000000000001,-32.7,16
3434,57416.0,0.6000000000000001,-1.2000000000000002,-0.6000000000000001,-0.1,3.8000000000000003,7.9,-9.100000000000001,7.699999999999999,-34.7,16
3435,57433.0,0.1,-1.6,1.0,-0.7000000000000001,3.3000000000000003,9.5,-5.1000000000000005,8.4,-41.1,16
3436,57449.0,-0.5,-2.0,1.8,-1.5,3.0,10.3,15.5,2.3,-45.8,16
3437,57471.0,-1.0,-1.9000000000000001,1.4000000000000001,-2.0,3.2,9.9,44.9,-12.4,-44.2,16
3438,57483.0,-1.1,-1.8,0.9,-2.1,3.3000000000000003,9.200000000000001,57.800000000000004,-19.1,-41.199999999999996,16
3439,57499.0,-1.0,-1.7000000000000002,-0.5,-2.0,3.6,7.7,71.39999999999999,-28.700000000000003,-35.3,16
3440,57516.0,-1.0,-1.5,-1.1,-1.9000000000000001,4.2,6.7,70.8,-30.1,-32.2,16
3441,57533.0,-0.9,-1.1,-1.7000000000000002,-1.9000000000000001,4.5,6.4,58.0,-28.1,-23.3,16
3442,57549.0,-0.8,-1.1,-1.9000000000000001,-1.7000000000000002,4.6000000000000005,6.1000000000000005,37.0,-30.4,-13.000000000000002,16
3443,57567.0,-0.6000000000000001,-1.2000000000000002,-1.4000000000000001,-1.5,4.6000000000000005,6.6000000000000005,16.900000000000002,-37.2,-6.300000000000001,16
3444,57585.0,-0.6000000000000001,-1.2000000000000002,-1.0,-1.5,4.6000000000000005,6.9,10.299999999999999,-36.300000000000004,-3.9,16
3445,57599.0,-0.7000000000000001,-1.3,-0.4,-1.5,4.4,7.5,3.7000000000000006,-28.500000000000004,1.6,16
3446,57616.0,-0.6000000000000001,-1.5,0.0,-1.3,4.2,7.9,5.8,-16.8,5.500000000000001,16
3447,57633.0,-0.5,-1.6,0.0,-1.2000000000000002,4.1000000000000005,7.9,10.200000000000001,-9.899999999999999,5.8,16
3448,57649.0,-0.5,-1.8,-0.30000000000000004,-1.1,3.9000000000000004,7.6000000000000005,20.8,-0.1,3.0,16
3449,57667.0,-0.7000000000000001,-1.7000000000000002,-0.7000000000000001,-1.4000000000000001,4.2,7.1000000000000005,30.9,5.500000000000001,-0.7,16
3450,57683.0,-0.8,-1.5,-0.8,-1.5,4.4,6.9,34.50000000000001,9.0,-1.6,16
3451,57700.0,-1.0,-1.2000000000000002,-1.2000000000000002,-1.7000000000000002,4.800000000000001,6.5,37.6,18.3,0.6000000000000001,16
3452,57716.0,-1.0,-0.9,-1.3,-1.7000000000000002,5.1000000000000005,6.300000000000001,31.6,28.0,6.0,16
3453,57733.0,-0.7000000000000001,-0.8,-1.2000000000000002,-1.5,5.300000000000001,6.300000000000001,26.5,31.799999999999997,8.600000000000001,16
3454,57752.0,-0.2,-0.5,-0.8,-1.1,5.7,6.7,15.700000000000001,38.1,7.9,16
3455,57770.0,-0.4,-0.1,-1.0,-1.4000000000000001,6.0,6.5,3.8,40.300000000000004,4.300000000000001,16
3456,57783.0,-0.6000000000000001,0.1,-1.2000000000000002,-1.6,6.300000000000001,6.300000000000001,-5.500000000000001,39.699999999999996,3.9,16
3457,57800.0,-1.1,0.4,-1.5,-2.2,6.5,6.0,-33.9,34.300000000000004,7.200000000000001,16
3458,57816.0,-1.6,0.8,-2.0,-2.8000000000000003,6.7,5.6000000000000005,-83.30000000000001,32.7,18.1,16
3459,57833.0,-2.0,0.7000000000000001,-1.9000000000000001,-3.3000000000000003,6.4,5.800000000000001,-119.8,33.9,26.000000000000004,16
3460,57849.0,-2.3000000000000003,-0.7000000000000001,1.4000000000000001,-3.5,4.5,9.4,-192.50000000000003,17.400000000000002,47.0,16
3461,57869.0,-1.1,-2.3000000000000003,5.800000000000001,-2.3000000000000003,2.4000000000000004,14.3,-208.8,-27.5,61.39999999999999,16
3462,57883.0,-0.30000000000000004,-2.6,6.9,-1.3,1.8,15.5,-189.2,-49.50000000000001,59.00000000000001,16
3463,57899.0,0.8,-1.9000000000000001,5.800000000000001,0.0,2.1,14.700000000000001,-115.8,-70.3,44.2,16
3464,57916.0,0.9,-1.5,2.3000000000000003,0.4,2.3000000000000003,11.3,-40.6,-52.2,28.500000000000004,16
3465,57933.0,0.9,-1.4000000000000001,0.4,0.5,2.4000000000000004,9.5,-15.000000000000002,-33.0,22.2,16
3466,57949.0,1.2000000000000002,-0.9,-2.4000000000000004,0.8,2.9000000000000004,6.6000000000000005,10.200000000000001,10.299999999999999,12.200000000000001,16
3467,57967.0,1.1,-0.7000000000000001,-3.8000000000000003,0.6000000000000001,3.1,5.2,7.699999999999999,45.8,3.8,16
3468,57986.0,1.0,-0.4,-3.9000000000000004,0.30000000000000004,3.4000000000000004,5.0,-10.200000000000001,55.2,-3.1,16
3469,57999.0,0.8,-0.30000000000000004,-3.6,0.1,3.5,5.300000000000001,-21.1,48.50000000000001,-7.6,16
3470,58016.0,0.1,0.2,-2.1,-0.8,3.8000000000000003,6.800000000000001,-39.50000000000001,26.300000000000004,-14.700000000000001,16
3471,58033.0,-0.4,0.5,-1.4000000000000001,-1.3,4.0,7.6000000000000005,-42.60000000000001,17.0,-14.600000000000001,16
3472,58052.0,-1.2000000000000002,0.9,-0.30000000000000004,-2.1,4.4,8.700000000000001,-36.5,10.5,-5.9,16
3473,58071.0,-0.9,1.3,0.0,-1.9000000000000001,4.7,9.1,-19.400000000000002,10.299999999999999,8.100000000000001,16
3474,58083.0,-0.7000000000000001,1.6,0.0,-1.6,5.0,9.0,-9.5,11.1,13.3,16
3475,58100.0,-0.2,2.1,-0.6000000000000001,-1.2000000000000002,5.5,8.4,6.699999999999999,13.8,19.6,16
3476,58116.0,-0.2,2.6,-1.1,-1.2000000000000002,6.1000000000000005,7.800000000000001,11.000000000000002,13.100000000000001,25.200000000000003,16
3477,58133.0,-0.1,2.9000000000000004,-1.3,-1.1,6.4,7.6000000000000005,8.100000000000001,10.299999999999999,28.900000000000002,16
3478,58150.0,-0.1,3.2,-1.2000000000000002,-1.1,6.7,7.800000000000001,-5.300000000000001,1.8000000000000003,37.2,16
3479,58169.0,-0.30000000000000004,3.0,-0.1,-1.2000000000000002,6.6000000000000005,8.8,-18.4,-8.5,43.50000000000001,16
3480,58183.0,-0.30000000000000004,3.0,0.5,-1.1,6.5,9.5,-21.500000000000004,-11.1,45.7,16
3481,58199.0,-0.30000000000000004,2.7,1.6,-1.1,6.2,10.600000000000001,-21.300000000000004,-8.8,46.50000000000001,16
3482,58216.0,-0.1,2.1,2.6,-0.8,5.6000000000000005,11.600000000000001,-9.100000000000001,-7.699999999999999,42.3,16
3483,58233.0,0.1,1.9000000000000001,2.8000000000000003,-0.6000000000000001,5.4,11.9,2.1,-6.8,37.9,16
3484,58249.0,0.4,1.7000000000000002,2.3000000000000003,-0.2,5.300000000000001,11.4,31.5,-3.4,25.200000000000003,16
3485,58267.0,0.6000000000000001,1.7000000000000002,1.0,0.0,5.5,10.0,54.0,4.800000000000001,12.200000000000001,16
3486,58283.0,0.6000000000000001,1.7000000000000002,0.5,-0.2,5.6000000000000005,9.200000000000001,58.3,9.700000000000001,6.2,16
3487,58299.0,0.30000000000000004,1.6,0.2,-0.30000000000000004,5.7,9.1,55.900000000000006,20.0,-1.6,16
3488,58316.0,0.4,1.6,0.6000000000000001,-0.30000000000000004,5.800000000000001,9.4,45.3,23.3,-7.699999999999999,16
3489,58333.0,0.4,1.6,0.9,-0.5,6.1000000000000005,9.9,41.199999999999996,19.700000000000003,-11.2,16
3490,58349.0,0.30000000000000004,1.8,1.0,-0.5,6.2,9.8,36.300000000000004,10.299999999999999,-13.8,16
3491,58369.0,0.4,1.8,0.6000000000000001,-0.5,6.300000000000001,9.3,27.400000000000002,-0.2,-10.200000000000001,16
3492,58383.0,0.5,1.9000000000000001,0.4,-0.2,6.6000000000000005,9.0,18.8,-3.1,-6.9,16
3493,58400.0,0.7000000000000001,1.9000000000000001,0.5,-0.2,6.4,9.3,-7.699999999999999,-4.1,0.1,16
3494,58416.0,0.8,1.0,2.2,0.0,5.5,10.9,-41.199999999999996,-11.6,5.6,16
3495,58433.0,1.5,-0.2,4.800000000000001,0.8,4.2,13.700000000000001,-50.5,-42.900000000000006,5.9,16
3496,58449.0,1.9000000000000001,-0.6000000000000001,5.5,1.3,3.6,14.4,-39.599999999999994,-60.00000000000001,1.2000000000000002,16
3497,58466.0,2.4000000000000004,-1.1,4.9,2.0,3.1,14.0,4.0,-74.30000000000001,-12.0,16
3498,58483.0,2.3000000000000003,-1.1,2.4000000000000004,2.1,3.2,11.4,47.2,-61.7,-25.8,16
3499,58499.0,2.3000000000000003,-1.2000000000000002,1.0,2.2,3.2,10.0,60.00000000000001,-48.6,-30.799999999999997,16
3500,58516.0,2.4000000000000004,-1.2000000000000002,-0.9,2.4000000000000004,3.4000000000000004,8.0,68.80000000000001,-20.2,-40.9,16
3501,58533.0,2.2,-1.4000000000000001,-1.6,2.1,3.4000000000000004,7.1000000000000005,66.9,3.6000000000000005,-54.699999999999996,16
3502,58549.0,1.7000000000000002,-1.5,-1.8,1.5,3.5,6.9,65.8,12.4,-60.900000000000006,16
3503,58567.0,1.2000000000000002,-1.6,-2.0,0.30000000000000004,3.4000000000000004,6.4,63.70000000000001,24.400000000000002,-66.80000000000001,16
3504,58583.0,-0.30000000000000004,-1.8,-2.3000000000000003,-0.9,3.5,6.1000000000000005,58.60000000000001,31.0,-63.4,16
3505,58599.0,-0.6000000000000001,-1.8,-2.3000000000000003,-1.3,3.5,6.0,53.9,33.6,-59.00000000000001,16
3506,58616.0,-0.7000000000000001,-1.8,-2.0,-1.5,3.6,6.2,45.6,31.6,-47.3,16
3507,58633.0,-0.2,-2.0,-1.3,-1.2000000000000002,3.5,6.800000000000001,44.8,19.300000000000004,-39.599999999999994,16
3508,58649.0,-0.2,-2.1,-1.3,-1.3,3.4000000000000004,6.800000000000001,47.5,11.4,-38.60000000000001,16
3509,58670.0,-0.30000000000000004,-2.2,-1.9000000000000001,-1.4000000000000001,3.4000000000000004,6.1000000000000005,50.60000000000001,-5.8,-37.2,16
3510,58683.0,-0.5,-1.9000000000000001,-2.2,-1.7000000000000002,3.9000000000000004,5.7,43.70000000000001,-16.8,-34.300000000000004,16
3511,58699.0,-0.5,-1.7000000000000002,-2.1,-1.7000000000000002,4.1000000000000005,5.800000000000001,38.800000000000004,-18.6,-31.0,16
3512,58716.0,-0.30000000000000004,-1.3,-1.7000000000000002,-1.5,4.5,6.0,32.300000000000004,-18.900000000000002,-22.4,16
3513,58733.0,-0.4,-1.1,-1.6,-1.5,4.800000000000001,6.1000000000000005,27.3,-13.200000000000003,-17.0,16
3514,58750.0,-0.5,-0.9,-1.5,-1.7000000000000002,5.0,6.1000000000000005,23.5,-8.8,-14.800000000000002,16
3515,58768.0,-0.6000000000000001,-0.6000000000000001,-1.0,-1.8,5.4,6.6000000000000005,15.299999999999999,0.6000000000000001,-9.700000000000001,16
3516,58785.0,-1.2000000000000002,-0.4,0.1,-2.4000000000000004,5.6000000000000005,7.6000000000000005,9.5,11.900000000000002,-6.600000000000001,16
3517,58799.0,-1.4000000000000001,-0.5,0.30000000000000004,-2.7,5.6000000000000005,7.9,9.899999999999999,17.400000000000002,-4.4,16
3518,58816.0,-1.6,-0.30000000000000004,0.5,-2.9000000000000004,5.7,8.1,13.200000000000003,24.400000000000002,2.5,16
3519,58833.0,-1.5,-0.2,0.5,-3.0,5.9,8.0,14.300000000000002,29.600000000000005,9.5,16
3520,58849.0,-1.6,-0.30000000000000004,0.30000000000000004,-3.1,5.800000000000001,7.800000000000001,12.4,31.3,12.0,16
3521,58872.0,-1.6,-0.30000000000000004,0.6000000000000001,-3.2,5.800000000000001,8.0,-3.1,35.5,18.6,16
3522,58887.0,-1.4000000000000001,-0.2,0.9,-3.0,5.9,8.4,-7.400000000000001,35.4,19.200000000000003,16
3523,58899.0,-1.3,-0.30000000000000004,1.2000000000000002,-2.9000000000000004,5.9,8.700000000000001,-9.2,32.6,18.1,16
3524,58916.0,-1.0,-0.4,1.2000000000000002,-2.6,5.7,8.6,-8.4,22.9,10.8,16
3525,58933.0,-1.0,-0.1,0.4,-2.7,6.0,7.9,-13.5,15.2,2.0,16
3526,58951.0,-0.9,0.1,-0.6000000000000001,-2.6,6.1000000000000005,6.9,-32.9,7.300000000000001,0.0,16
3527,58967.0,-0.9,0.30000000000000004,-1.1,-2.6,6.300000000000001,6.5,-49.800000000000004,4.800000000000001,1.2000000000000002,16
3528,58983.0,-1.0,0.4,-1.1,-2.7,6.2,6.6000000000000005,-71.8,4.300000000000001,2.9,16
3529,58999.0,-1.3,0.0,-0.30000000000000004,-3.1,5.6000000000000005,7.6000000000000005,-122.20000000000002,3.5,7.300000000000001,16
3530,59017.0,-1.3,-1.2000000000000002,2.5,-3.0,3.9000000000000004,10.600000000000001,-146.60000000000002,-12.9,9.899999999999999,16
3531,59033.0,-0.9,-1.4000000000000001,4.4,-2.5,3.4000000000000004,12.8,-118.10000000000001,-27.400000000000002,0.30000000000000004,16
3532,59049.0,-0.7000000000000001,-1.1,4.4,-2.3000000000000003,3.6,12.9,-86.7,-24.599999999999998,-6.500000000000001,16
3533,59066.0,-0.7000000000000001,-0.7000000000000001,2.6,-2.4000000000000004,3.8000000000000003,11.100000000000001,-13.3,0.4,-17.7,16
3534,59083.0,-0.6000000000000001,-0.6000000000000001,-0.7000000000000001,-2.4000000000000004,4.0,7.9,39.300000000000004,38.2,-22.1,16
3535,59099.0,-0.5,-0.5,-1.8,-2.5,4.3,5.5,51.2,57.400000000000006,-23.099999999999998,16
3536,59116.0,-0.4,-0.4,-3.5,-2.6,4.4,4.7,54.800000000000004,86.89999999999999,-21.300000000000004,16
3537,59137.0,-0.2,-0.30000000000000004,-4.2,-2.7,4.6000000000000005,3.9000000000000004,40.6,99.8,-13.3,16
3538,59152.0,-0.2,-0.5,-3.8000000000000003,-2.9000000000000004,4.5,4.1000000000000005,16.1,96.9,-4.300000000000001,16
3539,59167.0,-0.1,-0.6000000000000001,-3.4000000000000004,-3.0,4.4,4.5,4.6,87.80000000000001,-0.1,16
3540,59183.0,0.1,-0.4,-2.4000000000000004,-2.9000000000000004,4.5,5.4,-12.200000000000001,63.900000000000006,8.3,16
3541,59200.0,0.4,-0.30000000000000004,-1.5,-2.7,4.6000000000000005,6.2,-16.1,51.300000000000004,12.299999999999999,16
3542,59216.0,0.6000000000000001,-0.2,-1.4000000000000001,-2.5,4.7,6.300000000000001,-15.5,26.6,21.300000000000004,16
3543,59233.0,1.0,0.1,-1.8,-2.1,5.0,5.9,-12.100000000000001,5.500000000000001,30.699999999999996,16
3544,59252.0,1.6,0.9,-2.4000000000000004,-1.4000000000000001,5.800000000000001,5.4,-17.1,-6.300000000000001,39.50000000000001,16
3545,59271.0,2.1,1.5,-2.3000000000000003,-0.8,6.4,5.4,-29.400000000000002,-12.8,42.2,16
3546,59283.0,2.1,1.7000000000000002,-2.0,-0.8,6.5,5.800000000000001,-36.1,-13.6,40.7,16
3547,59299.0,1.5,1.8,-1.3,-0.9,6.6000000000000005,6.2,-41.199999999999996,-12.0,38.1,16
3548,59316.0,1.2000000000000002,2.0,-0.9,-1.5,6.800000000000001,7.1000000000000005,-47.80000000000001,0.5,34.400000000000006,16
3549,59333.0,0.5,2.0,0.30000000000000004,-2.2,6.7,8.3,-53.10000000000001,17.200000000000003,34.300000000000004,16
3550,59349.0,0.2,1.7000000000000002,2.0,-2.4000000000000004,6.2,10.100000000000001,-49.0,13.5,33.50000000000001,16
3551,59366.0,0.4,1.6,2.6,-2.3000000000000003,6.1000000000000005,10.700000000000001,-39.9,6.4,31.6,16
3552,59383.0,0.9,1.9000000000000001,2.5,-1.7000000000000002,6.5,10.700000000000001,-13.5,-10.0,24.200000000000003,16
3553,59399.0,1.0,2.1,1.4000000000000001,-1.5,6.7,9.700000000000001,2.7,-24.0,13.399999999999999,16
3554,59416.0,0.9,2.3000000000000003,1.5,-1.6,6.9,9.700000000000001,4.4,-27.0,8.0,16
3555,59433.0,0.5,2.3000000000000003,2.2,-1.9000000000000001,6.9,10.4,6.2,-19.0,-2.0,16
3556,59449.0,0.30000000000000004,2.2,2.9000000000000004,-2.1,6.9,11.100000000000001,11.4,-9.4,-10.9,16
3557,59469.0,0.30000000000000004,2.3000000000000003,2.7,-2.0,7.0,11.0,15.700000000000001,-8.8,-14.600000000000001,16
3558,59485.0,0.4,2.3000000000000003,2.4000000000000004,-2.0,7.1000000000000005,10.700000000000001,17.0,-11.2,-18.1,16
3559,59499.0,0.1,2.5,2.4000000000000004,-2.2,7.2,10.700000000000001,4.1,-15.8,-19.5,16
3560,59516.0,0.0,2.6,2.6,-2.3000000000000003,7.300000000000001,11.0,-6.0,-18.4,-19.0,16
3561,59533.0,-0.30000000000000004,2.3000000000000003,3.9000000000000004,-2.6,7.0,12.200000000000001,-25.4,-27.099999999999998,-15.899999999999999,16
3562,59549.0,0.0,1.2000000000000002,5.300000000000001,-2.2,5.800000000000001,13.8,-29.900000000000006,-33.6,-13.200000000000003,16
3563,59567.0,0.4,0.6000000000000001,5.5,-1.7000000000000002,5.2,14.100000000000001,-19.400000000000002,-52.1,-13.6,16
3564,59584.0,0.7000000000000001,0.30000000000000004,5.300000000000001,-1.1,4.800000000000001,13.100000000000001,13.200000000000003,-63.0,-22.1,16
3565,59599.0,1.1,0.2,1.7000000000000002,-0.7000000000000001,4.9,10.3,42.60000000000001,-50.400000000000006,-28.600000000000005,16
3566,59616.0,1.1,0.2,0.4,-0.7000000000000001,4.9,9.0,48.400000000000006,-39.599999999999994,-30.3,16
3567,59633.0,1.0,0.0,-1.1,-0.8,4.9,7.5,43.2,-17.200000000000003,-31.5,16
3568,59649.0,0.6000000000000001,-0.1,-1.6,-1.2000000000000002,4.800000000000001,6.9,24.900000000000002,1.7,-30.599999999999998,16
3569,59666.0,0.4,-0.2,-1.5,-1.5,4.7,7.0,15.5,6.9,-28.400000000000002,16
3570,59684.0,0.30000000000000004,-0.7000000000000001,-0.4,-1.6,4.3,8.0,3.4,8.100000000000001,-21.6,16
3571,59699.0,0.2,-1.4000000000000001,0.30000000000000004,-1.8,3.5,8.700000000000001,5.7,-3.9,-20.400000000000002,16
3572,59716.0,0.0,-1.7000000000000002,0.4,-1.9000000000000001,3.2,8.9,10.299999999999999,-10.8,-21.400000000000002,16
3573,59733.0,-0.1,-2.0,0.4,-2.1,2.9000000000000004,8.8,26.6,-21.900000000000002,-24.8,16
3574,59749.0,-0.30000000000000004,-2.5,-0.4,-2.2,2.5,7.9,46.50000000000001,-28.600000000000005,-26.300000000000004,16
3575,59766.0,-0.2,-2.5,-0.9,-2.1,2.6,7.4,55.1,-31.400000000000002,-25.900000000000002,16
3576,59783.0,0.0,-2.6,-1.7000000000000002,-1.9000000000000001,2.7,6.5,68.1,-35.5,-26.700000000000003,16
3577,59799.0,-0.1,-2.6,-2.2,-1.9000000000000001,2.8000000000000003,5.9,73.5,-35.4,-25.4,16
3578,59816.0,-0.1,-2.5,-2.4000000000000004,-1.8,3.1,5.4,74.30000000000001,-36.9,-23.5,16
3579,59833.0,-0.2,-2.3000000000000003,-2.6,-1.8,3.4000000000000004,5.2,67.8,-42.0,-18.3,16
3580,59849.0,-0.2,-1.8,-2.9000000000000004,-1.7000000000000002,4.0,4.800000000000001,52.5,-49.0,-13.3,16
3581,59870.0,-0.2,-1.3,-2.9000000000000004,-1.7000000000000002,4.6000000000000005,4.800000000000001,26.5,-54.800000000000004,-7.1000000000000005,16
3582,59883.0,-0.30000000000000004,-1.1,-2.6,-1.6,4.7,5.1000000000000005,11.6,-55.5,-5.2,16
3583,59899.0,-0.5,-0.9,-1.6,-1.7000000000000002,4.9,6.1000000000000005,-14.900000000000002,-51.4,-3.2,16
3584,59916.0,-0.7000000000000001,-0.9,-0.7000000000000001,-2.0,5.0,7.9,-23.2,-47.0,-2.2,16
3585,59933.0,-0.9,-0.9,0.8,-2.0,4.800000000000001,8.6,-23.2,-32.400000000000006,0.6000000000000001,16
3586,59949.0,-1.2000000000000002,-1.1,1.3,-2.3000000000000003,4.6000000000000005,9.200000000000001,-6.8,-15.399999999999999,0.0,16
3587,59966.0,-1.4000000000000001,-0.9,1.0,-2.4000000000000004,4.800000000000001,8.8,9.100000000000001,5.2,-0.6000000000000001,16
3588,59983.0,-1.6,-0.9,1.0,-2.7,4.9,8.9,13.5,13.8,-0.4,16
3589,59999.0,-1.9000000000000001,-0.6000000000000001,1.2000000000000002,-3.1,5.1000000000000005,9.0,17.9,28.1,3.1,16
3590,60016.0,-2.0,-0.30000000000000004,0.6000000000000001,-3.2,5.5,8.4,19.700000000000003,34.60000000000001,7.300000000000001,16
3591,60033.0,-1.9000000000000001,-0.30000000000000004,0.1,-3.2,5.5,7.9,16.900000000000002,31.5,10.299999999999999,16
3592,60049.0,-1.7000000000000002,-0.1,-0.8,-3.1,5.800000000000001,6.9,-3.8,19.9,15.2,16
3593,60066.0,-1.3,0.2,-1.7000000000000002,-2.7,6.0,6.1000000000000005,-42.900000000000006,2.2,16.8,16
3594,60083.0,-1.4000000000000001,0.4,-1.6,-2.8000000000000003,6.1000000000000005,6.300000000000001,-68.80000000000001,-5.1000000000000005,17.6,16
3595,60099.0,-2.1,0.1,0.0,-3.4000000000000004,5.5,8.0,-123.4,-1.3,23.6,16
3596,60116.0,-2.0,-0.8,2.9000000000000004,-3.3000000000000003,4.2,11.200000000000001,-154.00000000000003,3.5,32.5,16
3597,60133.0,-1.6,-1.2000000000000002,4.4,-2.8000000000000003,3.5,12.9,-148.8,0.5,33.50000000000001,16
3598,60512.0,0.0,2.6,3.0,-3.3000000000000003,7.4,10.8,32.9,-21.1,11.6,16
3599,60519.0,0.1,2.7,2.2,-3.2,7.7,10.100000000000001,42.3,-27.5,10.600000000000001,16
3600,60533.0,0.2,2.9000000000000004,1.6,-3.0,7.9,9.4,45.7,-33.0,8.700000000000001,16
3601,60550.0,0.4,3.2,1.2000000000000002,-2.7,8.4,9.0,42.3,-41.0,3.0,16
3602,60566.0,0.4,3.3000000000000003,1.6,-2.6,8.6,9.4,40.6,-43.00000000000001,-2.3,16
3603,60583.0,0.2,3.2,1.6,-2.9000000000000004,8.6,9.200000000000001,40.7,-40.800000000000004,-3.9,16
3604,60599.0,0.0,3.2,1.4000000000000001,-3.0,8.9,9.0,38.1,-30.000000000000004,-1.2000000000000002,16
3605,60616.0,0.1,3.5,0.9,-2.8000000000000003,9.1,8.6,19.300000000000004,-10.700000000000001,4.0,16
3606,60633.0,0.30000000000000004,3.0,1.7000000000000002,-2.5,8.6,9.4,-13.900000000000002,-2.8,7.9,16
3607,60649.0,0.4,2.1,2.7,-2.4000000000000004,7.7,10.4,-28.200000000000003,-9.700000000000001,8.899999999999999,16
3608,60666.0,0.9,0.4,4.5,-1.8,5.9,12.4,-32.1,-40.1,7.9,16
3609,60683.0,1.3,0.0,4.5,-0.8,5.2,11.8,-20.599999999999998,-56.400000000000006,5.7,16
3610,60699.0,1.8,-0.4,2.7,-0.6000000000000001,5.0,10.700000000000001,8.600000000000001,-73.4,-1.3,16
3611,60716.0,1.7000000000000002,-0.5,0.30000000000000004,-0.5,5.0,8.4,25.0,-65.8,-6.600000000000001,16
3612,60733.0,1.6,-0.4,-1.1,-0.4,5.2,6.9,24.3,-39.9,-8.3,16
3613,60749.0,1.5,-0.4,-1.7000000000000002,-0.5,5.2,6.300000000000001,18.8,-24.0,-8.0,16
3614,60768.0,1.3,-0.9,-2.1,-0.7000000000000001,4.7,5.9,3.3000000000000007,2.1,-6.4,16
3615,60784.0,1.4000000000000001,-1.6,-1.0,-0.7000000000000001,4.0,7.0,-6.9,11.900000000000002,-7.9,16
3616,60799.0,1.2000000000000002,-1.9000000000000001,-0.30000000000000004,-0.8,3.7,7.7,-4.9,10.5,-12.0,16
3617,60816.0,0.6000000000000001,-2.2,0.4,-1.5,3.3000000000000003,8.3,11.000000000000002,4.6,-20.900000000000002,16
3618,60833.0,0.1,-2.4000000000000004,-0.30000000000000004,-2.1,3.2,7.6000000000000005,30.200000000000003,-0.2,-23.099999999999998,16
3619,60849.0,-0.1,-2.4000000000000004,-0.6000000000000001,-2.3000000000000003,3.2,7.300000000000001,36.300000000000004,-2.3,-22.000000000000004,16
3620,60866.0,-0.1,-2.5,-1.1,-2.3000000000000003,3.2,6.7,43.70000000000001,-9.4,-16.1,16
3621,60884.0,0.2,-2.6,-1.2000000000000002,-2.0,3.2,6.5,46.50000000000001,-14.700000000000001,-13.3,16
3622,60899.0,0.4,-2.5,-1.3,-1.8,3.3000000000000003,6.300000000000001,47.900000000000006,-15.5,-12.600000000000001,16
3623,60917.0,0.4,-2.2,-1.6,-1.8,3.7,5.9,46.9,-19.400000000000002,-11.5,16
3624,60933.0,-0.1,-2.0,-1.9000000000000001,-2.1,4.0,5.6000000000000005,37.9,-26.5,-9.0,16
3625,60949.0,0.0,-1.8,-1.9000000000000001,-2.1,4.3,5.5,31.099999999999998,-28.800000000000004,-5.8,16
3626,60966.0,0.2,-1.1,-2.0,-1.7000000000000002,5.0,5.4,12.9,-30.4,-2.0,16
3627,60983.0,0.2,-0.7000000000000001,-0.9,-1.7000000000000002,5.4,6.6000000000000005,-6.0,-26.5,-4.6,16
3628,60999.0,-0.1,-0.9,0.0,-2.0,5.2,7.5,-9.100000000000001,-22.1,-6.2,16
3629,61016.0,-0.6000000000000001,-1.1,0.7000000000000001,-2.5,4.9,8.1,0.8,-12.8,-5.8,16
3630,61033.0,-1.1,-1.0,0.5,-2.9000000000000004,5.1000000000000005,8.0,13.399999999999999,-11.000000000000002,-1.6,16
3631,61051.0,-1.0,-0.7000000000000001,0.4,-2.7,5.7,7.800000000000001,16.6,-8.899999999999999,3.6000000000000005,16
3632,61066.0,-0.9,-0.1,0.7000000000000001,-2.7,6.0,8.1,15.700000000000001,-4.9,5.6,16
3633,61083.0,-1.0,-0.1,1.4000000000000001,-2.9000000000000004,6.0,8.8,17.6,12.9,8.3,16
3634,61099.0,-1.1,-0.2,1.5,-3.0,6.0,8.9,22.9,22.2,9.700000000000001,16
3635,61116.0,-0.8,0.0,0.9,-2.7,6.300000000000001,8.200000000000001,32.6,31.5,12.100000000000001,16
3636,61133.0,-0.6000000000000001,0.4,0.0,-2.5,6.7,7.2,27.400000000000002,24.900000000000002,8.899999999999999,16
3637,61150.0,-0.7000000000000001,0.5,-0.5,-2.9000000000000004,7.0,6.1000000000000005,16.700000000000003,19.300000000000004,7.200000000000001,16
3638,61167.0,-0.9,0.7000000000000001,-1.6,-2.9000000000000004,7.1000000000000005,5.6000000000000005,-18.8,5.1000000000000005,10.1,16
3639,61183.0,-0.9,0.8,-2.0,-2.9000000000000004,7.0,5.300000000000001,-75.4,-1.9,16.0,16
3640,61199.0,-1.2000000000000002,0.5,-1.5,-3.2,6.6000000000000005,5.9,-110.0,-2.8,18.6,16
3641,61216.0,-1.9000000000000001,-1.1,1.8,-3.8000000000000003,4.6000000000000005,9.600000000000001,-166.8,-19.5,22.5,16
3642,61233.0,-1.7000000000000002,-2.1,5.7,-3.4000000000000004,3.2,13.8,-163.5,-50.3,20.3,16
3643,61249.0,-1.5,-2.1,6.4,-3.1,3.0,14.700000000000001,-135.5,-62.6,15.8,16
3644,61266.0,-1.0,-1.5,4.7,-2.4000000000000004,3.3000000000000003,13.200000000000001,-55.1,-66.9,4.4,16
3645,61283.0,-0.7000000000000001,-1.2000000000000002,1.2000000000000002,-2.0,3.6,9.700000000000001,10.299999999999999,-31.3,-5.2,16
3646,61299.0,-0.5,-1.0,-0.5,-1.9000000000000001,4.1000000000000005,6.6000000000000005,29.0,-5.0,-9.0,16
3647,61316.0,-0.5,-0.7000000000000001,-2.8000000000000003,-2.0,4.3,5.6000000000000005,38.400000000000006,46.199999999999996,-12.9,16
3648,61333.0,-0.7000000000000001,-0.6000000000000001,-3.7,-2.4000000000000004,4.4,4.6000000000000005,25.200000000000003,75.8,-10.1,16
3649,61349.0,-0.6000000000000001,-0.7000000000000001,-3.9000000000000004,-2.4000000000000004,4.3,4.3,15.700000000000001,79.00000000000001,-6.500000000000001,16
3650,61366.0,-0.30000000000000004,-0.9,-3.8000000000000003,-2.3000000000000003,4.1000000000000005,4.4,-4.4,68.4,-0.8,16
3651,61383.0,-0.30000000000000004,-1.0,-2.8000000000000003,-2.4000000000000004,4.0,5.300000000000001,-16.4,50.60000000000001,1.3,16
3652,61399.0,-0.30000000000000004,-0.9,-2.4000000000000004,-2.6,4.1000000000000005,5.800000000000001,-16.1,45.6,3.6000000000000005,16
3653,61416.0,-0.30000000000000004,-0.7000000000000001,-2.3000000000000003,-2.7,4.2,5.800000000000001,-8.700000000000001,44.6,10.8,16
3654,61432.0,-0.2,-0.4,-2.7,-2.6,4.5,5.300000000000001,-4.7,45.3,21.300000000000004,16
3655,61449.0,0.30000000000000004,0.0,-3.0,-2.2,5.0,5.0,-8.5,36.400000000000006,31.3,16
3656,61466.0,0.4,0.30000000000000004,-3.0,-2.1,5.2,4.9,-12.8,30.4,35.0,16
3657,61484.0,0.5,0.8,-2.7,-2.0,5.7,5.2,-25.7,15.2,40.2,16
3658,61499.0,0.6000000000000001,1.1,-2.2,-1.9000000000000001,6.300000000000001,6.300000000000001,-32.2,6.699999999999999,42.400000000000006,16
3659,61516.0,0.5,1.8,-1.2000000000000002,-1.9000000000000001,6.6000000000000005,6.9,-42.60000000000001,1.0,45.5,16
3660,61533.0,0.30000000000000004,2.2,0.1,-2.1,6.9,8.200000000000001,-49.699999999999996,9.100000000000001,48.0,16
3661,61549.0,0.4,2.1,1.5,-1.9000000000000001,6.7,9.700000000000001,-49.4,22.4,47.3,16
3662,61566.0,0.5,2.1,2.4000000000000004,-1.8,6.7,10.600000000000001,-45.2,28.200000000000003,43.800000000000004,16
3663,61586.0,0.6000000000000001,1.8,4.0,-1.7000000000000002,6.4,12.3,-21.300000000000004,36.5,33.300000000000004,16
3664,61600.0,0.9,1.9000000000000001,3.8000000000000003,-1.5,6.6000000000000005,12.100000000000001,18.3,36.300000000000004,21.400000000000002,16
3665,61616.0,1.0,2.0,3.0,-1.5,6.7,11.200000000000001,33.50000000000001,33.800000000000004,15.2,16
3666,61633.0,0.7000000000000001,2.2,1.5,-1.8,7.0,9.700000000000001,41.199999999999996,23.700000000000003,4.7,16
3667,61649.0,0.5,2.4000000000000004,1.5,-2.0,7.4,9.600000000000001,32.2,8.899999999999999,-3.8,16
3668,61672.0,0.2,2.5,1.8,-2.4000000000000004,7.5,9.9,24.599999999999998,-8.5,-9.700000000000001,16
3669,61685.0,0.1,2.6,1.8,-2.5,7.6000000000000005,9.9,21.300000000000004,-15.000000000000002,-10.1,16
3670,61699.0,0.2,2.8000000000000003,1.7000000000000002,-2.3000000000000003,7.9,9.8,11.000000000000002,-22.700000000000003,-8.100000000000001,16
3671,61716.0,0.1,2.7,1.6,-2.4000000000000004,7.9,9.700000000000001,2.0,-21.500000000000004,-7.0,16
3672,61732.0,-0.2,2.6,2.1,-2.6,7.7,10.3,-29.200000000000003,-12.5,-2.8,16
3673,61749.0,0.1,1.5,4.4,-2.3000000000000003,6.5,12.700000000000001,-57.20000000000001,-15.8,2.8,16
3674,61766.0,0.5,0.7000000000000001,5.9,-1.8,5.6000000000000005,14.3,-59.699999999999996,-24.0,4.0,16
3675,61783.0,1.5,-0.6000000000000001,6.9,-0.7000000000000001,4.1000000000000005,15.4,-28.500000000000004,-52.900000000000006,-3.5,16
3676,61799.0,1.8,-1.0,6.1000000000000005,-0.30000000000000004,3.7,14.700000000000001,-2.2,-63.2,-10.4,16
3677,61816.0,2.3000000000000003,-1.0,2.9000000000000004,0.30000000000000004,3.8000000000000003,11.5,43.800000000000004,-64.30000000000001,-25.7,16
3678,61833.0,2.3000000000000003,-1.2000000000000002,0.0,0.5,3.8000000000000003,8.6,61.0,-47.1,-35.3,16
3679,61849.0,2.6,-1.2000000000000002,-1.3,0.8,3.9000000000000004,7.1000000000000005,56.9,-26.200000000000003,-42.5,16
3680,61866.0,2.6,-1.4000000000000001,-1.6,0.9,3.8000000000000003,6.800000000000001,52.300000000000004,-17.9,-46.7,16
3681,61883.0,2.3000000000000003,-1.7000000000000002,-1.7000000000000002,0.5,3.5,6.6000000000000005,43.6,-10.200000000000001,-56.400000000000006,16
3682,61899.0,1.9000000000000001,-2.1,-1.3,0.0,3.3000000000000003,7.0,39.8,-12.0,-63.2,16
3683,61916.0,1.6,-2.3000000000000003,-1.1,-0.30000000000000004,3.0,7.1000000000000005,41.300000000000004,-15.899999999999999,-66.2,16
3684,61933.0,0.8,-2.5,-1.1,-1.1,2.9000000000000004,7.0,48.6,-24.7,-69.10000000000001,16
3685,61951.0,0.4,-2.6,-1.4000000000000001,-1.6,2.9000000000000004,6.6000000000000005,57.1,-28.0,-65.8,16
3686,61970.0,0.7000000000000001,-2.5,-2.1,-1.4000000000000001,3.1,5.7,65.7,-26.400000000000006,-60.00000000000001,16
3687,61983.0,0.8,-2.4000000000000004,-2.5,-1.3,3.2,5.300000000000001,66.5,-24.599999999999998,-57.9,16
3688,61999.0,0.9,-2.3000000000000003,-2.8000000000000003,-1.2000000000000002,3.7,4.800000000000001,61.300000000000004,-25.900000000000002,-54.300000000000004,16
3689,62016.0,1.0,-1.9000000000000001,-2.9000000000000004,-1.2000000000000002,4.3,4.800000000000001,56.2,-27.6,-52.80000000000001,16
3690,62033.0,0.8,-1.2000000000000002,-2.6,-1.3,4.7,4.9,42.1,-27.800000000000004,-50.400000000000006,16
3691,62049.0,0.2,-0.7000000000000001,-2.2,-2.0,5.300000000000001,5.300000000000001,24.599999999999998,-25.4,-44.5,16
3692,62066.0,-0.2,-0.4,-1.7000000000000002,-2.4000000000000004,5.5,5.800000000000001,14.800000000000002,-23.3,-39.0,16
3693,62083.0,-0.6000000000000001,-0.2,-0.30000000000000004,-2.8000000000000003,5.7,7.2,0.4,-23.3,-25.1,16
3694,62099.0,-0.8,-0.2,1.0,-3.0,5.7,8.5,-1.1,-22.9,-14.800000000000002,16
3695,62116.0,-1.1,-0.30000000000000004,1.5,-3.2,5.7,9.0,2.5,-21.500000000000004,-11.1,16
3696,62132.0,-1.2000000000000002,-0.30000000000000004,1.6,-3.3000000000000003,5.7,9.1,15.700000000000001,-20.400000000000002,-4.800000000000001,16
3697,62150.0,-1.3,0.0,0.8,-3.4000000000000004,6.0,8.3,32.0,-19.5,2.1,16
3698,62167.0,-1.3,0.1,-0.5,-3.4000000000000004,6.2,7.0,36.0,-11.000000000000002,8.899999999999999,16
3699,62183.0,-1.4000000000000001,0.1,-0.6000000000000001,-3.4000000000000004,6.2,6.800000000000001,31.3,-4.5,10.9,16
3700,62199.0,-1.6,-0.2,-0.2,-3.6,6.0,7.1000000000000005,21.0,9.2,13.700000000000001,16
3701,62216.0,-1.4000000000000001,-0.30000000000000004,0.1,-3.4000000000000004,5.9,7.4,17.7,22.000000000000004,16.700000000000003,16
3702,62233.0,-1.2000000000000002,-0.30000000000000004,0.0,-3.3000000000000003,6.0,7.2,16.6,24.1,15.299999999999999,16
3703,62249.0,-1.5,-0.30000000000000004,-0.7000000000000001,-3.6,6.0,6.5,5.500000000000001,19.1,9.700000000000001,16
3704,62268.0,-1.6,-0.1,-1.5,-3.8000000000000003,6.2,5.7,-20.900000000000002,10.299999999999999,7.400000000000001,16
3705,62283.0,-1.8,0.1,-1.7000000000000002,-3.9000000000000004,6.300000000000001,5.5,-40.1,8.3,7.500000000000001,16
3706,62299.0,-2.5,0.30000000000000004,-1.7000000000000002,-4.7,6.4,5.7,-94.80000000000001,11.6,10.600000000000001,16
3707,62316.0,-3.8000000000000003,-0.5,1.0,-6.0,5.2,8.700000000000001,-155.4,2.4000000000000004,23.5,16
3708,62333.0,-3.8000000000000003,-1.2000000000000002,2.8000000000000003,-6.0,4.2,10.600000000000001,-170.40000000000003,-14.700000000000001,33.1,16
3709,62349.0,-2.5,-1.5,5.0,-4.5,3.5,13.200000000000001,-158.00000000000003,-66.60000000000001,42.900000000000006,16
3710,62368.0,-1.5,-1.3,4.6000000000000005,-3.1,3.4000000000000004,13.100000000000001,-103.60000000000001,-103.89999999999999,33.7,16
3711,62383.0,-1.3,-1.1,3.5,-2.8000000000000003,3.5,12.200000000000001,-70.3,-103.10000000000001,26.300000000000004,16
3712,62399.0,-1.2000000000000002,-0.6000000000000001,1.0,-2.4000000000000004,3.9000000000000004,9.8,-13.700000000000001,-53.599999999999994,12.8,16
3713,62416.0,-1.1,-0.4,-1.0,-2.3000000000000003,4.1000000000000005,7.7,22.4,27.5,5.2,16
3714,62433.0,-1.0,-0.30000000000000004,-1.8,-2.3000000000000003,4.3,6.800000000000001,31.6,66.3,4.4,16
3715,62449.0,-0.7000000000000001,-0.4,-3.1,-2.4000000000000004,4.3,5.4,32.1,112.80000000000001,7.6,16
3716,62466.0,-0.5,-0.7000000000000001,-3.6,-2.4000000000000004,4.0,4.7,13.399999999999999,115.10000000000002,13.200000000000003,16
3717,62483.0,-0.30000000000000004,-0.8,-3.6,-2.4000000000000004,4.0,4.7,0.30000000000000004,105.0,16.1,16
3718,62499.0,-0.2,-0.9,-3.1,-2.5,3.8000000000000003,5.2,-25.200000000000003,75.00000000000001,21.900000000000002,16
3719,62516.0,-0.1,-0.9,-1.9000000000000001,-2.5,3.7,6.4,-37.6,46.1,30.4,16
3720,62533.0,0.2,-0.9,-1.4000000000000001,-2.3000000000000003,3.7,6.9,-36.7,37.400000000000006,34.7,16
3721,62552.0,0.6000000000000001,-0.8,-0.9,-1.8,3.8000000000000003,7.4,-22.4,27.6,40.5,16
3722,62572.0,0.9,-0.6000000000000001,-1.1,-1.5,4.0,7.1000000000000005,-4.1,24.3,41.800000000000004,16
3723,62583.0,1.1,-0.4,-1.4000000000000001,-1.4000000000000001,4.1000000000000005,6.9,2.8,25.5,41.300000000000004,16
3724,62599.0,1.3,0.1,-1.8,-1.1,4.7,6.4,10.700000000000001,30.1,39.599999999999994,16
3725,62616.0,1.5,0.7000000000000001,-1.8,-1.0,5.4,6.300000000000001,10.0,33.400000000000006,35.8,16
3726,62633.0,1.4000000000000001,0.9,-1.7000000000000002,-1.1,5.7,6.5,6.8,36.7,33.50000000000001,16
3727,62649.0,0.9,1.4000000000000001,-1.2000000000000002,-1.7000000000000002,6.2,6.9,-3.3000000000000007,46.9,30.599999999999998,16
3728,62668.0,0.4,1.7000000000000002,-0.2,-2.2,6.5,7.800000000000001,-17.1,55.60000000000001,31.6,16
3729,62683.0,0.30000000000000004,1.7000000000000002,0.6000000000000001,-2.4000000000000004,6.5,8.6,-22.4,55.1,32.400000000000006,16
3730,62699.0,0.30000000000000004,1.5,2.1,-2.5,6.2,10.100000000000001,-23.2,43.00000000000001,31.3,16
3731,62716.0,0.5,1.4000000000000001,2.5,-2.3000000000000003,6.1000000000000005,10.600000000000001,-8.8,19.5,27.5,16
3732,62733.0,0.7000000000000001,1.5,2.1,-1.9000000000000001,6.6000000000000005,9.700000000000001,-1.3,7.200000000000001,24.7,16
3733,62749.0,1.0,2.2,1.4000000000000001,-1.7000000000000002,7.0,9.5,1.6,-12.200000000000001,17.200000000000003,16
3734,62766.0,0.7000000000000001,2.5,2.0,-1.9000000000000001,7.300000000000001,10.100000000000001,-5.4,-18.3,5.300000000000001,16
3735,62783.0,0.5,2.3000000000000003,2.6,-2.2,7.1000000000000005,10.700000000000001,-6.699999999999999,-17.5,0.4,16
3736,62799.0,0.0,1.9000000000000001,3.0,-2.6,6.7,11.200000000000001,0.2,-19.300000000000004,-8.3,16
3737,62816.0,-0.2,1.8,2.1,-2.8000000000000003,6.6000000000000005,10.3,8.2,-20.0,-9.4,16
3738,62833.0,-0.2,2.0,1.3,-2.7,6.9,9.600000000000001,6.600000000000001,-22.6,-6.9,16
3739,62849.0,-0.30000000000000004,2.6,0.8,-2.8000000000000003,7.4,9.0,-21.1,-18.3,0.30000000000000004,16
3740,62871.0,-0.5,2.2,1.9000000000000001,-2.9000000000000004,6.9,10.3,-65.3,-13.6,10.8,16
3741,62883.0,-0.4,1.6,3.1,-2.8000000000000003,6.2,11.600000000000001,-80.7,-16.8,17.9,16
3742,62899.0,0.7000000000000001,-0.1,5.2,-1.5,4.2,13.9,-80.9,-37.0,25.200000000000003,16
3743,62916.0,1.7000000000000002,-1.2000000000000002,4.7,-0.4,3.0,13.5,-43.4,-63.8,10.200000000000001,16
3744,62932.0,2.0,-1.4000000000000001,3.4000000000000004,0.2,2.8000000000000003,11.0,-20.3,-76.60000000000001,-2.3,16
3745,62949.0,1.8,-0.9,0.9,0.2,3.3000000000000003,9.8,14.100000000000001,-82.10000000000001,-26.6,16
3746,62967.0,1.7000000000000002,0.1,-0.6000000000000001,0.1,4.3,8.3,27.9,-42.3,-35.9,16
3747,62982.0,1.7000000000000002,0.4,-1.0,0.1,4.7,7.800000000000001,31.0,-16.1,-36.300000000000004,16
3748,62999.0,1.7000000000000002,0.4,-1.1,0.1,4.7,7.7,33.800000000000004,22.8,-33.800000000000004,16
3749,63016.0,1.2000000000000002,-0.1,-0.8,-0.5,4.3,8.0,30.000000000000004,28.700000000000003,-35.0,16
3750,63032.0,0.5,-0.6000000000000001,-0.6000000000000001,-1.3,3.9000000000000004,8.1,26.5,16.0,-34.60000000000001,16
3751,63049.0,0.2,-0.8,-0.5,-1.7000000000000002,3.7,8.200000000000001,25.5,6.699999999999999,-34.0,16
3752,63066.0,-0.1,-0.9,-0.6000000000000001,-2.0,3.7,8.0,27.6,-10.200000000000001,-31.799999999999997,16
3753,63083.0,-0.4,-1.1,-1.1,-2.3000000000000003,3.6,7.5,35.1,-22.2,-28.700000000000003,16
3754,63099.0,-0.4,-1.0,-1.5,-2.3000000000000003,3.7,7.1000000000000005,38.50000000000001,-23.800000000000004,-24.599999999999998,16
3755,63116.0,-0.2,-0.8,-2.4000000000000004,-2.1,4.0,6.1000000000000005,40.4,-28.1,-16.8,16
3756,63132.0,0.2,-0.7000000000000001,-2.7,-1.6,4.2,5.7,31.400000000000002,-34.50000000000001,-9.3,16
3757,63152.0,0.2,-0.6000000000000001,-2.3000000000000003,-1.4000000000000001,4.3,6.1000000000000005,19.300000000000004,-36.8,-4.6,16
3758,63176.0,0.30000000000000004,-0.4,-2.0,-1.3,4.6000000000000005,6.300000000000001,9.899999999999999,-34.300000000000004,0.4,16
3759,63184.0,0.1,-0.4,-1.7000000000000002,-1.4000000000000001,4.6000000000000005,6.7,5.2,-31.799999999999997,3.1,16
3760,63199.0,0.0,-0.4,-1.2000000000000002,-1.5,4.6000000000000005,7.2,0.9000000000000001,-26.200000000000003,6.1000000000000005,16
3761,63216.0,0.0,0.5,0.4,-1.4000000000000001,5.4,8.8,10.0,-23.5,-7.1000000000000005,16
3762,63232.0,-1.2000000000000002,-2.2,0.1,-2.6,2.8000000000000003,8.5,14.5,19.300000000000004,5.0,16
3763,63249.0,-0.6000000000000001,-0.8,-0.1,-2.1,4.2,8.200000000000001,11.6,35.1,16.900000000000002,16
3764,63266.0,-1.1,-1.1,0.5,-2.7,4.0,8.8,19.6,30.200000000000003,9.4,16
3765,63283.0,-1.4000000000000001,-1.0,0.9,-3.1,4.1000000000000005,9.200000000000001,18.900000000000002,40.300000000000004,13.8,16
3766,63299.0,-1.4000000000000001,-1.0,1.0,-3.1,4.2,9.200000000000001,25.300000000000004,38.900000000000006,16.700000000000003,16
3767,63316.0,-1.2000000000000002,-1.2000000000000002,0.4,-3.0,4.1000000000000005,8.5,34.2,38.400000000000006,21.8,16
3768,63332.0,-1.0,-1.4000000000000001,-0.2,-2.9000000000000004,4.0,7.9,29.500000000000004,47.80000000000001,20.0,16
3769,63349.0,-1.0,-1.4000000000000001,-0.2,-2.9000000000000004,4.0,7.800000000000001,25.900000000000002,54.1,18.8,16
3770,63366.0,-0.4,-0.9,-0.30000000000000004,-2.5,4.6000000000000005,7.6000000000000005,21.300000000000004,60.6,16.3,16
3771,63383.0,-0.1,-0.7000000000000001,-0.5,-2.4000000000000004,4.800000000000001,7.300000000000001,14.100000000000001,68.2,10.8,16
3772,63399.0,-0.2,-0.6000000000000001,-0.9,-2.6,4.9,6.9,7.0,70.2,6.4,16
3773,63416.0,-0.6000000000000001,-0.30000000000000004,-1.4000000000000001,-3.1,5.1000000000000005,6.300000000000001,-20.7,65.10000000000001,-2.2,16
3774,63432.0,-1.1,-0.1,-1.3,-3.8000000000000003,5.2,6.5,-64.60000000000001,56.2,-7.300000000000001,16
3775,63449.0,-1.7000000000000002,-0.1,-0.5,-4.4,5.1000000000000005,7.300000000000001,-89.0,55.2,-7.9,16
3776,63470.0,-2.5,-0.30000000000000004,2.1,-5.5,4.5,10.100000000000001,-120.60000000000001,56.50000000000001,-2.5,16
3777,63482.0,-2.4000000000000004,-0.5,3.6,-5.6000000000000005,4.3,11.100000000000001,-119.7,53.50000000000001,1.1,16
3778,63499.0,-2.3000000000000003,-1.2000000000000002,3.7,-5.2,2.9000000000000004,11.200000000000001,-79.7,29.400000000000002,-1.6,16
3779,63516.0,-1.3,-0.9,1.8,-4.6000000000000005,3.4000000000000004,10.100000000000001,-41.50000000000001,28.600000000000005,1.1,16
3780,63533.0,-0.9,-0.2,-0.1,-4.2,4.0,8.200000000000001,-11.3,24.400000000000002,1.5,16
3781,63549.0,-1.0,-0.2,-1.1,-4.5,4.1000000000000005,6.300000000000001,-3.2,27.099999999999998,2.9,16
3782,63566.0,-1.1,-0.1,-2.5,-4.6000000000000005,4.2,5.7,-7.300000000000001,37.6,9.5,16
3783,63582.0,-1.0,-0.2,-2.4000000000000004,-4.6000000000000005,4.0,5.800000000000001,-25.7,39.50000000000001,23.6,16
3784,63599.0,-0.9,-0.5,-2.0,-4.4,3.4000000000000004,6.4,-34.900000000000006,37.0,29.900000000000006,16
3785,63616.0,-0.5,-0.8,-1.4000000000000001,-4.1000000000000005,3.3000000000000003,6.7,-47.5,24.8,35.9,16
3786,63632.0,-0.1,-0.9,-1.0,-3.7,3.1,7.2,-46.9,6.0,36.0,16
3787,63649.0,0.1,-0.9,-1.0,-3.5,3.0,7.300000000000001,-41.800000000000004,-1.8000000000000003,35.4,16
3788,63669.0,0.1,-0.8,-1.3,-3.4000000000000004,3.1,6.7,-25.4,-9.0,37.1,16
3789,63683.0,0.1,-0.8,-1.6,-3.5,3.1,6.300000000000001,-9.600000000000001,-4.9,39.599999999999994,16
3790,63699.0,-0.1,-0.8,-2.5,-3.5,3.2,5.800000000000001,-1.3,6.8,41.4,16
3791,63716.0,-0.2,-0.7000000000000001,-2.5,-3.6,3.3000000000000003,5.7,0.9000000000000001,13.900000000000002,42.400000000000006,16
3792,63732.0,-0.2,-0.7000000000000001,-2.5,-3.6,3.3000000000000003,5.7,2.2,30.000000000000004,45.5,16
3793,63749.0,-0.1,-0.6000000000000001,-2.4000000000000004,-3.3000000000000003,3.6,6.1000000000000005,-2.7,29.700000000000006,49.199999999999996,16
3794,63766.0,0.4,-0.30000000000000004,-1.5,-3.1,3.8000000000000003,6.6000000000000005,-6.600000000000001,21.0,48.10000000000001,16
3795,63785.0,0.5,0.2,-0.4,-2.9000000000000004,4.3,7.7,-16.900000000000002,1.5,40.300000000000004,16
3796,63799.0,0.5,0.7000000000000001,0.5,-2.8000000000000003,4.800000000000001,8.700000000000001,-23.700000000000003,-16.3,34.1,16
3797,63816.0,0.5,1.0,0.9,-2.7,5.0,9.200000000000001,-25.0,-26.200000000000003,33.6,16
3798,63832.0,0.9,1.2000000000000002,1.7000000000000002,-2.1,5.2,10.0,-22.000000000000004,-47.1,32.7,16
3799,63849.0,1.3,1.3,1.9000000000000001,-1.6,5.300000000000001,10.3,-12.600000000000001,-62.800000000000004,25.7,16
3800,63866.0,1.4000000000000001,1.4000000000000001,2.0,-1.3,5.5,10.4,-7.200000000000001,-62.50000000000001,21.400000000000002,16
3801,63884.0,1.6,1.6,2.0,-1.0,5.7,10.600000000000001,1.9,-43.1,13.6,16
3802,63899.0,1.5,1.4000000000000001,2.3000000000000003,-0.9,5.5,10.9,7.6,-15.5,3.7000000000000006,16
3803,63916.0,1.4000000000000001,1.2000000000000002,2.5,-1.1,5.300000000000001,11.100000000000001,10.4,-6.500000000000001,-2.4000000000000004,16
3804,63932.0,1.2000000000000002,1.4000000000000001,2.9000000000000004,-1.3,5.5,11.4,22.4,-2.5,-12.100000000000001,16
3805,63949.0,1.2000000000000002,1.4000000000000001,2.4000000000000004,-1.3,5.7,10.9,36.2,4.7,-14.200000000000001,16
3806,63966.0,1.0,1.5,1.8,-1.5,5.800000000000001,10.3,39.300000000000004,7.8,-12.7,16
3807,63983.0,1.1,1.9000000000000001,0.5,-1.4000000000000001,6.300000000000001,9.0,23.0,16.8,-8.100000000000001,16
3808,63999.0,1.1,2.2,0.30000000000000004,-1.7000000000000002,6.6000000000000005,9.3,-27.099999999999998,25.8,-9.100000000000001,16
3809,64016.0,0.5,1.8,2.1,-2.1,6.1000000000000005,10.600000000000001,-52.300000000000004,19.400000000000002,-10.200000000000001,16
3810,64032.0,0.2,0.7000000000000001,5.2,-2.4000000000000004,4.800000000000001,13.8,-74.30000000000001,-9.4,-8.899999999999999,16
3811,64052.0,0.7000000000000001,0.0,6.300000000000001,-1.8,4.0,15.100000000000001,-47.1,-44.300000000000004,-10.4,16
3812,64073.0,1.3,0.1,4.800000000000001,-1.1,4.0,13.700000000000001,2.0,-51.2,-16.8,16
3813,64082.0,1.4000000000000001,0.2,3.3000000000000003,-1.0,4.1000000000000005,12.200000000000001,22.6,-42.1,-20.400000000000002,16
3814,64099.0,1.2000000000000002,0.30000000000000004,0.9,-1.1,4.3,9.8,40.2,-18.700000000000003,-24.5,16
3815,64116.0,1.2000000000000002,0.4,0.2,-1.0,4.5,9.0,38.7,-9.600000000000001,-25.300000000000004,16
3816,64132.0,1.0,0.5,-0.2,-1.3,4.6000000000000005,8.700000000000001,27.700000000000003,-0.8,-26.000000000000004,16
3817,64151.0,0.30000000000000004,0.1,0.0,-2.0,4.3,8.8,22.700000000000003,-0.2,-25.200000000000003,16
3818,64169.0,-0.30000000000000004,-0.4,-0.30000000000000004,-2.6,3.9000000000000004,8.5,25.5,-2.5,-21.300000000000004,16
3819,64182.0,-0.30000000000000004,-0.6000000000000001,-0.4,-2.6,3.7,8.4,28.700000000000003,-6.699999999999999,-19.400000000000002,16
3820,64199.0,-0.4,-1.0,-0.7000000000000001,-2.8000000000000003,3.4000000000000004,8.0,38.400000000000006,-18.200000000000003,-17.5,16
3821,64216.0,-0.5,-1.1,-0.9,-2.8000000000000003,3.3000000000000003,7.7,45.099999999999994,-23.700000000000003,-16.6,16
3822,64232.0,-0.5,-1.3,-1.8,-2.8000000000000003,3.3000000000000003,6.800000000000001,56.9,-29.400000000000002,-14.400000000000002,16
3823,64249.0,-0.2,-1.4000000000000001,-2.8000000000000003,-2.4000000000000004,3.3000000000000003,5.7,60.6,-32.0,-11.3,16
3824,64266.0,-0.2,-1.3,-3.2,-2.3000000000000003,3.5,5.2,57.400000000000006,-32.6,-10.1,16
3825,64282.0,-0.30000000000000004,-1.0,-3.4000000000000004,-2.4000000000000004,3.9000000000000004,5.0,42.0,-33.400000000000006,-6.1000000000000005,16
3826,64299.0,-0.1,-0.8,-2.3000000000000003,-2.1,4.1000000000000005,6.0,22.6,-39.1,-1.6,16
3827,64316.0,-0.2,-1.0,-1.7000000000000002,-2.1,4.1000000000000005,7.2,15.6,-43.50000000000001,-1.3,16
3828,64332.0,-0.4,-0.9,-0.8,-2.2,4.2,7.5,9.2,-43.800000000000004,-1.3,16
3829,64349.0,-0.6000000000000001,-0.8,-0.1,-2.3000000000000003,4.3,8.200000000000001,9.100000000000001,-32.1,0.4,16
3830,64366.0,-0.6000000000000001,-0.8,0.30000000000000004,-2.3000000000000003,4.3,8.6,11.3,-26.000000000000004,1.2000000000000002,16
3831,64383.0,-0.7000000000000001,-0.9,1.0,-2.4000000000000004,4.2,9.3,21.500000000000004,-18.1,0.9000000000000001,16
3832,64399.0,-0.8,-1.0,1.2000000000000002,-2.4000000000000004,4.2,9.5,38.7,-11.3,-1.1,16
3833,64416.0,-0.9,-1.0,1.1,-2.5,4.4,8.8,48.10000000000001,-8.700000000000001,-2.4000000000000004,16
3834,64432.0,-0.9,-0.8,0.2,-2.5,4.6000000000000005,8.3,64.10000000000001,-8.8,-3.0,16
3835,64449.0,-0.9,-0.9,-0.6000000000000001,-2.5,4.7,7.4,70.10000000000001,-4.7,-1.5,16
3836,64468.0,-0.7000000000000001,-1.0,-1.2000000000000002,-2.3000000000000003,4.800000000000001,6.7,64.9,2.5,-1.4,16
3837,64482.0,-0.7000000000000001,-0.9,-1.1,-2.2,5.0,6.7,58.60000000000001,6.2,-2.4000000000000004,16
3838,64499.0,-0.4,-0.5,-0.7000000000000001,-2.0,5.5,7.0,43.70000000000001,10.700000000000001,-3.5,16
3839,64516.0,-0.30000000000000004,-0.2,-0.5,-2.0,5.9,7.1000000000000005,30.5,2.2,-6.1000000000000005,16
3840,64532.0,-0.30000000000000004,0.0,-0.7000000000000001,-1.9000000000000001,6.1000000000000005,6.9,22.2,-0.1,-6.8,16
3841,64549.0,-0.6000000000000001,0.2,-1.3,-2.2,6.300000000000001,6.2,-5.8,5.0,-6.500000000000001,16
3842,64566.0,-1.7000000000000002,0.2,-1.1,-3.5,6.2,6.6000000000000005,-57.3,18.0,0.0,16
3843,64583.0,-2.2,0.1,-0.2,-4.0,6.0,7.5,-88.7,21.1,7.300000000000001,16
3844,64599.0,-1.6,-1.1,3.3000000000000003,-3.4000000000000004,4.4,11.200000000000001,-130.6,0.9000000000000001,23.099999999999998,16
3845,64616.0,-0.5,-2.0,6.0,-2.1,3.2,14.200000000000001,-113.2,-45.400000000000006,21.500000000000004,16
3846,64633.0,0.0,-1.8,5.800000000000001,-1.6,3.2,14.200000000000001,-85.0,-61.199999999999996,15.8,16
3847,64649.0,0.4,-1.5,2.9000000000000004,-1.0,3.5,11.5,-23.3,-54.4,1.8000000000000003,16
3848,64666.0,0.4,-1.4000000000000001,1.2000000000000002,-0.9,3.7,8.200000000000001,12.8,-11.8,-10.8,16
3849,64683.0,0.4,-1.0,-1.5,-0.9,4.0,7.0,18.3,13.3,-15.6,16
3850,64699.0,0.2,-0.7000000000000001,-2.8000000000000003,-1.3,4.3,5.6000000000000005,13.000000000000002,54.50000000000001,-21.0,16
3851,64716.0,-0.2,-0.9,-3.3000000000000003,-1.9000000000000001,4.1000000000000005,5.0,-2.8,69.7,-18.4,16
3852,64733.0,-0.1,-0.9,-3.4000000000000004,-2.0,4.1000000000000005,4.9,-12.200000000000001,68.1,-15.399999999999999,16
3853,64749.0,0.1,-0.9,-3.1,-1.9000000000000001,4.0,5.2,-28.900000000000002,56.400000000000006,-9.5,16
3854,64770.0,0.4,-0.9,-2.5,-1.8,3.9000000000000004,5.800000000000001,-33.7,43.6,-5.4,16
3855,64784.0,0.5,-0.9,-2.3000000000000003,-1.6,3.8000000000000003,6.0,-30.599999999999998,40.300000000000004,-4.300000000000001,16
3856,64799.0,0.6000000000000001,-0.8,-2.3000000000000003,-1.7000000000000002,3.9000000000000004,6.0,-19.1,40.300000000000004,-3.8,16
3857,64816.0,0.4,-0.4,-2.3000000000000003,-2.1,4.2,5.9,-6.1000000000000005,47.80000000000001,-1.2000000000000002,16
3858,64832.0,0.5,-0.1,-2.3000000000000003,-2.0,4.5,5.9,0.30000000000000004,53.8,2.3,16
3859,64849.0,0.9,0.30000000000000004,-2.5,-1.8,5.0,5.6000000000000005,8.899999999999999,62.800000000000004,8.100000000000001,16
3860,64866.0,1.1,1.2000000000000002,-2.6,-1.8,5.9,5.4,8.3,64.4,9.8,16
3861,64883.0,1.1,1.6,-2.4000000000000004,-1.8,6.300000000000001,5.6000000000000005,3.4,61.7,10.5,16
3862,64899.0,0.7000000000000001,2.0,-1.2000000000000002,-2.3000000000000003,6.7,6.7,-11.2,44.2,12.9,16
3863,64916.0,0.1,2.6,-0.1,-2.9000000000000004,7.300000000000001,7.800000000000001,-27.2,28.700000000000003,16.700000000000003,16
3864,64933.0,0.0,2.7,0.5,-3.1,7.4,8.5,-35.2,21.6,19.6,16
3865,64949.0,0.0,2.6,2.5,-3.1,7.2,10.600000000000001,-42.900000000000006,2.5,24.400000000000002,16
3866,64966.0,0.2,2.4000000000000004,4.4,-2.8000000000000003,7.0,12.5,-28.0,-18.8,25.300000000000004,16
3867,64983.0,0.4,2.4000000000000004,4.7,-2.5,6.9,12.9,-13.100000000000001,-29.300000000000004,24.900000000000002,16
3868,64999.0,1.1,2.3000000000000003,4.1000000000000005,-1.7000000000000002,6.9,12.3,17.200000000000003,-43.300000000000004,18.8,16
3869,65016.0,1.3,2.1,3.4000000000000004,-1.3,6.800000000000001,11.700000000000001,35.599999999999994,-45.7,5.6,16
3870,65033.0,1.2000000000000002,2.0,3.2,-1.5,6.9,11.3,41.4,-43.1,-2.4000000000000004,16
3871,65049.0,0.7000000000000001,2.1,2.8000000000000003,-1.7000000000000002,7.0,11.0,51.70000000000001,-36.0,-15.000000000000002,16
3872,65066.0,0.5,2.2,1.8,-1.9000000000000001,7.300000000000001,10.0,56.400000000000006,-33.400000000000006,-18.8,16
3873,65082.0,0.5,2.3000000000000003,1.3,-1.8,7.6000000000000005,8.8,53.300000000000004,-32.2,-17.7,16
3874,65100.0,0.6000000000000001,2.3000000000000003,0.2,-1.7000000000000002,7.6000000000000005,8.3,31.099999999999998,-28.800000000000004,-12.200000000000001,16
3875,65116.0,0.4,2.0,-0.1,-1.8,7.300000000000001,8.1,-16.700000000000003,-29.200000000000003,-7.6,16
3876,65133.0,0.4,1.5,0.9,-1.5,6.0,10.8,-42.900000000000006,-35.5,-3.8,16
3877,65150.0,1.2000000000000002,-0.1,4.0,-0.8,5.0,12.3,-66.1,-59.60000000000001,2.6,16
3878,65171.0,2.2,-1.3,5.2,0.4,3.7,13.8,-39.0,-86.4,-4.5,16
3879,65183.0,2.5,-1.2000000000000002,3.4000000000000004,0.9,3.7,12.100000000000001,8.600000000000001,-81.3,-18.4,16
3880,65200.0,2.3000000000000003,-1.0,2.0,0.9,3.9000000000000004,10.600000000000001,26.200000000000003,-69.10000000000001,-23.5,16
3881,65216.0,2.3000000000000003,-1.1,-0.4,0.9,3.9000000000000004,8.200000000000001,37.50000000000001,-41.7,-28.3,16
3882,65233.0,2.4000000000000004,-1.0,-0.9,1.3,4.1000000000000005,7.300000000000001,30.3,-18.8,-33.300000000000004,16
3883,65249.0,2.5,-1.1,-1.5,1.2000000000000002,4.0,7.0,24.5,-9.700000000000001,-37.800000000000004,16
3884,65271.0,2.1,-1.5,-0.9,0.8,3.6,7.5,13.8,0.5,-48.300000000000004,16
3885,65283.0,1.8,-1.8,-0.4,0.1,3.0,8.5,12.7,0.8,-53.8,16
3886,65299.0,1.2000000000000002,-2.3000000000000003,0.4,-0.2,2.8000000000000003,8.8,23.0,-7.699999999999999,-65.3,16
3887,65316.0,0.2,-2.6,0.2,-1.4000000000000001,2.6,8.6,45.9,-17.1,-73.30000000000001,16
3888,65332.0,-0.30000000000000004,-2.6,-0.2,-2.2,2.8000000000000003,7.5,69.3,-19.1,-68.9,16
3889,65349.0,-0.5,-2.5,-1.6,-2.2,2.9000000000000004,6.6000000000000005,77.4,-17.400000000000002,-63.500000000000014,16
3890,65367.0,-0.2,-2.4000000000000004,-3.0,-2.0,3.1,5.0,78.7,-16.4,-55.2,16
3891,65382.0,-0.1,-2.1,-3.5,-1.9000000000000001,3.6,4.3,66.3,-23.700000000000003,-49.800000000000004,16
3892,65399.0,0.0,-1.7000000000000002,-3.4000000000000004,-1.8,4.1000000000000005,4.4,58.1,-28.400000000000002,-47.7,16
3893,65416.0,-0.2,-1.2000000000000002,-2.6,-1.9000000000000001,4.7,5.1000000000000005,43.1,-35.699999999999996,-41.50000000000001,16
3894,65432.0,-0.30000000000000004,-0.7000000000000001,-1.8,-2.1,5.2,5.800000000000001,34.400000000000006,-35.1,-33.2,16
3895,65449.0,-0.5,-0.5,-1.7000000000000002,-2.2,5.5,5.9,30.1,-31.3,-28.700000000000003,16
3896,65466.0,-1.0,-0.1,-1.1,-2.7,5.9,6.5,15.8,-26.200000000000003,-16.700000000000003,16
3897,65483.0,-0.9,-0.2,0.2,-2.6,5.800000000000001,7.800000000000001,3.9,-22.3,-3.6000000000000005,16
3898,65499.0,-0.8,-0.30000000000000004,0.8,-2.5,5.7,8.4,2.1,-22.1,-0.2,16
3899,65518.0,-0.9,-0.4,1.6,-2.5,5.7,9.200000000000001,9.0,-24.3,2.0,16
3900,65533.0,-1.2000000000000002,-0.6000000000000001,1.3,-2.8000000000000003,5.5,8.9,23.0,-19.200000000000003,5.2,16
3901,65550.0,-1.2000000000000002,-0.6000000000000001,1.0,-2.8000000000000003,5.5,8.6,28.0,-12.5,6.9,16
3902,65569.0,-1.1,-0.7000000000000001,0.2,-2.6,5.4,7.7,29.600000000000005,5.500000000000001,9.700000000000001,16
3903,65585.0,-0.7000000000000001,-0.5,-0.30000000000000004,-2.2,5.7,7.1000000000000005,20.1,20.5,11.6,16
3904,65599.0,-0.5,-0.4,-0.30000000000000004,-2.1,5.800000000000001,7.1000000000000005,13.5,24.7,10.299999999999999,16
3905,65616.0,-0.5,-0.4,-0.5,-2.2,5.800000000000001,6.800000000000001,-1.5,26.400000000000006,5.1000000000000005,16
3906,65632.0,-0.9,-0.1,-0.9,-2.6,6.1000000000000005,6.5,-24.599999999999998,25.300000000000004,0.6000000000000001,16
3907,65649.0,-1.2000000000000002,-0.1,-1.1,-2.9000000000000004,6.0,6.4,-40.2,26.000000000000004,0.30000000000000004,16
3908,65668.0,-1.8,-0.2,-1.2000000000000002,-3.7,5.800000000000001,6.4,-82.7,29.1,3.4,16
3909,65683.0,-2.8000000000000003,-0.6000000000000001,0.8,-4.7,5.0,8.6,-135.6,25.300000000000004,10.299999999999999,16
3910,65702.0,-2.4000000000000004,-1.5,4.2,-4.3,3.7,12.3,-158.10000000000002,-4.1,19.400000000000002,16
3911,65716.0,-1.8,-1.8,5.5,-3.7,3.2,13.700000000000001,-148.4,-27.0,19.200000000000003,16
3912,65732.0,-1.0,-1.5,5.9,-2.7,3.2,14.4,-93.4,-53.9,7.8,16
3913,65753.0,-0.9,-1.5,3.3000000000000003,-2.5,3.0,12.0,-21.6,-29.900000000000006,-5.0,16
3914,65768.0,-0.7000000000000001,-1.5,1.5,-2.3000000000000003,3.1,10.100000000000001,6.9,-5.8,-9.5,16
3915,65788.0,-0.4,-1.2000000000000002,-1.6,-2.2,3.5,7.0,35.2,44.5,-17.300000000000004,16
3916,65802.0,-0.7000000000000001,-0.9,-3.6,-2.6,3.8000000000000003,4.9,32.1,79.8,-20.7,16
3917,65816.0,-0.8,-0.9,-4.1000000000000005,-2.9000000000000004,3.9000000000000004,4.3,22.700000000000003,86.89999999999999,-18.4,16
3918,65832.0,-0.6000000000000001,-0.8,-4.3,-3.0,3.9000000000000004,4.0,-3.4,80.50000000000001,-7.9,16
3919,65849.0,-0.5,-0.8,-4.1000000000000005,-3.0,3.9000000000000004,4.1000000000000005,-15.899999999999999,71.0,-1.6,16
3920,65873.0,0.0,-0.8,-3.5,-2.7,3.8000000000000003,4.7,-42.0,39.50000000000001,18.6,16
3921,65882.0,0.30000000000000004,-0.7000000000000001,-3.3000000000000003,-2.4000000000000004,3.8000000000000003,4.9,-46.7,30.9,24.3,16
3922,65899.0,0.8,-0.5,-2.7,-1.9000000000000001,3.9000000000000004,5.6000000000000005,-48.400000000000006,21.0,32.1,16
3923,65916.0,1.0,-0.4,-2.4000000000000004,-1.8,3.9000000000000004,5.800000000000001,-45.400000000000006,20.3,34.2,16
3924,65932.0,1.4000000000000001,0.0,-2.1,-1.3,4.2,6.2,-35.699999999999996,26.1,36.300000000000004,16
3925,65950.0,1.5,0.6000000000000001,-2.0,-1.2000000000000002,4.800000000000001,6.300000000000001,-29.600000000000005,36.8,35.2,16
3926,65967.0,1.6,0.9,-1.7000000000000002,-1.2000000000000002,5.0,6.6000000000000005,-28.800000000000004,41.50000000000001,35.4,16
3927,65984.0,1.2000000000000002,1.3,-0.9,-1.6,5.4,7.4,-34.60000000000001,46.199999999999996,34.2,16
3928,65999.0,0.9,1.8,0.2,-2.0,5.800000000000001,8.5,-47.5,47.3,36.5,16
3929,66016.0,0.9,1.8,0.2,-2.0,5.800000000000001,9.3,-54.800000000000004,43.800000000000004,37.1,16
3930,66033.0,0.6000000000000001,1.7000000000000002,3.1,-2.4000000000000004,5.6000000000000005,11.5,-60.300000000000004,26.000000000000004,34.0,16
3931,66049.0,0.1,1.6,4.800000000000001,-2.9000000000000004,5.4,13.3,-42.800000000000004,0.8,30.699999999999996,16
3932,66070.0,0.1,1.9000000000000001,4.6000000000000005,-2.8000000000000003,5.7,13.200000000000001,-8.0,-19.6,30.5,16
3933,66083.0,0.4,2.0,3.6,-2.4000000000000004,5.800000000000001,12.200000000000001,8.0,-25.7,30.799999999999997,16
3934,66099.0,1.1,2.1,2.0,-1.6,6.0,10.600000000000001,18.900000000000002,-33.1,26.9,16
3935,66116.0,1.2000000000000002,2.1,1.9000000000000001,-1.4000000000000001,6.1000000000000005,10.5,17.799999999999997,-35.2,21.1,16
3936,66132.0,1.0,2.1,2.1,-1.5,6.1000000000000005,10.8,15.5,-32.0,7.200000000000001,16
3937,66155.0,0.5,2.3000000000000003,2.3000000000000003,-1.9000000000000001,6.4,11.0,19.9,-31.3,-4.6,16
3938,66166.0,0.4,2.4000000000000004,2.0,-2.0,6.5,10.700000000000001,23.6,-29.900000000000006,-6.600000000000001,16
3939,66182.0,0.30000000000000004,2.5,1.2000000000000002,-2.0,6.800000000000001,9.9,22.4,-21.500000000000004,-4.5,16
3940,66199.0,0.4,2.5,0.5,-1.8,6.7,9.200000000000001,0.9000000000000001,-8.0,0.1,16
3941,66216.0,0.30000000000000004,2.3000000000000003,0.7000000000000001,-1.9000000000000001,6.5,9.3,-19.400000000000002,-3.1,1.0,16
3942,66232.0,0.30000000000000004,1.4000000000000001,2.9000000000000004,-1.9000000000000001,5.5,11.700000000000001,-58.0,-16.8,3.5,16
3943,66249.0,1.1,0.2,5.7,-0.9,4.1000000000000005,14.600000000000001,-55.60000000000001,-56.9,2.2,16
3944,66268.0,1.7000000000000002,-0.5,5.5,-0.1,3.4000000000000004,14.5,-11.900000000000002,-83.30000000000001,-10.4,16
3945,66282.0,1.7000000000000002,-0.30000000000000004,4.2,0.0,3.6,13.3,13.100000000000001,-79.9,-16.3,16
3946,66299.0,1.8,-0.2,1.0,0.30000000000000004,3.8000000000000003,10.100000000000001,45.7,-53.400000000000006,-23.5,16
3947,66316.0,1.8,-0.2,-0.2,0.30000000000000004,3.9000000000000004,8.9,49.50000000000001,-37.6,-26.1,16
3948,66332.0,1.9000000000000001,-0.1,-1.2000000000000002,0.4,4.1000000000000005,7.800000000000001,42.2,-8.5,-32.2,16
3949,66349.0,1.7000000000000002,-0.1,-1.2000000000000002,0.0,4.1000000000000005,8.0,30.000000000000004,11.3,-39.699999999999996,16
3950,66368.0,1.1,-0.7000000000000001,0.30000000000000004,-0.5,3.6,9.200000000000001,26.6,8.600000000000001,-45.099999999999994,16
3951,66384.0,0.7000000000000001,-1.1,0.7000000000000001,-0.9,3.3000000000000003,9.600000000000001,31.5,0.8,-48.300000000000004,16
3952,66399.0,-0.4,-1.4000000000000001,0.7000000000000001,-2.0,3.0,9.5,46.4,-12.100000000000001,-52.300000000000004,16
3953,66416.0,-0.7000000000000001,-1.5,0.4,-2.4000000000000004,3.0,9.200000000000001,53.7,-17.1,-51.0,16
3954,66434.0,-0.6000000000000001,-1.9000000000000001,-0.5,-2.3000000000000003,2.8000000000000003,8.200000000000001,68.9,-26.000000000000004,-45.099999999999994,16
3955,66451.0,-0.30000000000000004,-2.1,-1.8,-2.0,2.8000000000000003,6.800000000000001,80.4,-32.2,-43.50000000000001,16
3956,66466.0,-0.30000000000000004,-2.1,-2.3000000000000003,-1.9000000000000001,2.8000000000000003,6.2,83.80000000000001,-35.1,-44.00000000000001,16
3957,66482.0,-0.30000000000000004,-2.0,-3.2,-1.9000000000000001,3.1,5.2,84.80000000000001,-38.2,-45.099999999999994,16
3958,66499.0,-0.5,-1.8,-3.7,-2.1,3.5,4.5,78.60000000000001,-38.50000000000001,-43.6,16
3959,66516.0,-0.7000000000000001,-1.5,-3.7,-2.3000000000000003,3.9000000000000004,4.4,73.7,-38.400000000000006,-41.4,16
3960,66532.0,-0.9,-1.0,-3.7,-2.4000000000000004,4.6000000000000005,4.3,59.00000000000001,-34.50000000000001,-32.9,16
3961,66549.0,-1.0,-0.5,-3.3000000000000003,-2.5,5.1000000000000005,4.6000000000000005,39.1,-29.1,-22.700000000000003,16
3962,66566.0,-1.1,-0.4,-2.9000000000000004,-2.6,5.300000000000001,5.0,27.800000000000004,-24.900000000000002,-18.0,16
3963,66582.0,-1.5,-0.30000000000000004,-1.5,-3.0,5.4,6.300000000000001,9.4,-18.0,-9.899999999999999,16
3964,66599.0,-2.0,-0.4,-0.1,-3.5,5.4,7.7,3.1,-14.0,-0.8,16
3965,66616.0,-2.1,-0.4,0.30000000000000004,-3.5,5.4,8.1,3.2,-12.9,4.5,16
3966,66632.0,-2.2,-0.5,1.0,-3.7,5.300000000000001,8.9,4.4,-12.200000000000001,14.200000000000001,16
3967,66650.0,-2.2,-0.7000000000000001,1.5,-3.6,5.1000000000000005,9.3,9.3,-12.4,21.300000000000004,16
3968,66666.0,-2.1,-1.0,1.1,-3.4000000000000004,4.800000000000001,9.0,12.0,-12.100000000000001,22.3,16
3969,66682.0,-2.1,-0.9,0.8,-3.4000000000000004,4.9,8.6,13.8,-6.300000000000001,23.5,16
3970,66699.0,-1.8,-0.7000000000000001,0.4,-3.1,5.2,8.200000000000001,7.8,2.2,25.5,16
3971,66716.0,-1.5,-0.6000000000000001,0.5,-2.7,5.300000000000001,8.3,4.2,3.7000000000000006,25.200000000000003,16
3972,66732.0,-1.3,-0.6000000000000001,0.5,-2.6,5.300000000000001,8.3,-2.3,7.699999999999999,21.7,16
3973,66751.0,-1.5,-0.30000000000000004,0.1,-2.7,5.5,8.0,-9.2,14.700000000000001,17.5,16
3974,66767.0,-1.6,-0.1,-0.8,-2.9000000000000004,5.7,7.0,-30.5,29.300000000000004,21.300000000000004,16
3975,66782.0,-1.8,-0.2,-1.0,-3.1,5.6000000000000005,6.9,-49.6,34.900000000000006,23.900000000000006,16
3976,66799.0,-2.2,-0.7000000000000001,0.7000000000000001,-3.6,4.800000000000001,8.700000000000001,-92.39999999999999,34.400000000000006,26.6,16
3977,66816.0,-1.8,-1.2000000000000002,3.4000000000000004,-3.2,4.0,11.700000000000001,-103.60000000000001,27.3,27.9,16
3978,66832.0,-1.5,-1.6,4.3,-2.9000000000000004,3.6,12.700000000000001,-92.39999999999999,7.0,26.300000000000004,16
3979,66849.0,-1.1,-1.7000000000000002,4.4,-2.4000000000000004,3.2,12.9,-44.8,-3.4,14.900000000000002,16
3980,66866.0,-0.8,-1.5,1.9000000000000001,-2.2,3.4000000000000004,10.4,9.0,24.0,3.9,16
3981,66882.0,-0.7000000000000001,-1.4000000000000001,0.2,-2.2,3.6,8.700000000000001,26.9,45.400000000000006,0.7,16
3982,66899.0,-0.5,-1.3,-2.3000000000000003,-2.2,3.8000000000000003,6.1000000000000005,35.5,81.3,-2.9,16
3983,66916.0,-0.30000000000000004,-1.2000000000000002,-3.4000000000000004,-2.3000000000000003,3.9000000000000004,4.800000000000001,16.4,97.50000000000001,-0.9000000000000001,16
3984,66934.0,-0.1,-1.3,-3.5,-2.3000000000000003,3.8000000000000003,4.7,2.8,94.2,1.4,16
3985,66951.0,0.30000000000000004,-1.5,-2.8000000000000003,-2.1,3.5,5.300000000000001,-21.0,75.60000000000001,5.500000000000001,16
3986,66966.0,0.5,-1.6,-2.1,-2.0,3.3000000000000003,6.0,-28.800000000000004,55.5,5.6,16
3987,66982.0,0.6000000000000001,-1.7000000000000002,-1.9000000000000001,-2.0,3.3000000000000003,6.2,-25.7,47.80000000000001,5.300000000000001,16
3988,67000.0,0.7000000000000001,-1.5,-2.0,-2.0,3.4000000000000004,6.1000000000000005,-12.8,45.2,5.7,16
3989,67016.0,0.9,-1.2000000000000002,-2.6,-1.9000000000000001,3.7,5.4,0.30000000000000004,53.599999999999994,9.5,16
3990,67032.0,1.2000000000000002,-1.0,-2.9000000000000004,-1.7000000000000002,3.9000000000000004,5.1000000000000005,3.7000000000000006,58.900000000000006,12.0,16
3991,67050.0,1.7000000000000002,-0.5,-3.2,-1.2000000000000002,4.4,4.6000000000000005,2.7,66.0,14.600000000000001,16
3992,67066.0,2.0,-0.2,-3.2,-1.2000000000000002,5.1000000000000005,4.7,-1.3,67.8,14.400000000000002,16
3993,67083.0,1.7000000000000002,0.6000000000000001,-2.7,-1.5,5.5,5.0,-13.8,69.80000000000001,12.0,16
3994,67099.0,1.1,1.3,-1.8,-2.3000000000000003,6.1000000000000005,5.9,-31.0,66.60000000000001,12.9,16
3995,67116.0,0.30000000000000004,1.8,-0.4,-3.2,6.6000000000000005,7.2,-50.0,58.7,17.6,16
3996,67132.0,0.1,2.0,0.4,-3.5,6.7,8.1,-58.1,51.800000000000004,20.5,16
3997,67151.0,-0.2,2.1,2.3000000000000003,-3.8000000000000003,6.7,10.100000000000001,-62.800000000000004,29.900000000000006,25.4,16
3998,67166.0,0.1,2.3000000000000003,3.5,-3.5,6.800000000000001,11.4,-47.900000000000006,-1.9,28.500000000000004,16
3999,67182.0,0.2,2.5,3.8000000000000003,-3.3000000000000003,6.9,11.700000000000001,-35.9,-16.700000000000003,28.900000000000002,16
4000,67199.0,0.6000000000000001,2.6,3.2,-2.7,7.1000000000000005,11.200000000000001,-12.100000000000001,-38.0,26.9,16
4001,67216.0,0.6000000000000001,2.8000000000000003,2.9000000000000004,-2.6,7.300000000000001,11.0,-1.1,-45.2,19.400000000000002,16
4002,67232.0,0.4,2.9000000000000004,2.9000000000000004,-2.8000000000000003,7.4,11.0,1.7,-44.8,14.700000000000001,16
4003,67249.0,-0.2,2.9000000000000004,3.3000000000000003,-3.2,7.5,11.5,9.100000000000001,-44.5,8.100000000000001,16
4004,67266.0,-0.1,3.0,2.9000000000000004,-2.9000000000000004,7.6000000000000005,11.100000000000001,18.1,-43.4,7.9,16
4005,67282.0,0.0,2.9000000000000004,2.5,-2.8000000000000003,7.6000000000000005,10.8,19.0,-44.7,9.5,16
4006,67300.0,0.2,2.9000000000000004,1.8,-2.4000000000000004,7.6000000000000005,10.0,6.699999999999999,-50.400000000000006,12.8,16
4007,67316.0,0.1,2.8000000000000003,1.8,-2.3000000000000003,7.5,10.100000000000001,-23.800000000000004,-55.60000000000001,18.6,16
4008,67332.0,0.30000000000000004,2.5,2.3000000000000003,-2.0,7.2,10.700000000000001,-39.0,-59.5,23.2,16
4009,67349.0,0.9,1.0,3.8000000000000003,-1.2000000000000002,5.6000000000000005,12.4,-55.2,-72.2,26.6,16
4010,67366.0,1.6,0.1,4.4,-0.2,4.6000000000000005,13.100000000000001,-38.60000000000001,-86.89999999999999,16.700000000000003,16
4011,67383.0,1.6,0.0,3.0,0.0,4.4,11.8,-2.5,-73.8,3.1,16
4012,67399.0,1.3,0.0,1.7000000000000002,-0.1,4.5,10.600000000000001,12.7,-57.699999999999996,-1.5,16
4013,67416.0,1.1,0.2,-0.4,-0.2,4.7,8.4,24.0,-22.000000000000004,-5.2,16
4014,67432.0,1.2000000000000002,0.30000000000000004,-1.0,-0.2,4.9,7.800000000000001,20.400000000000002,-5.6,-6.0,16
4015,67449.0,1.4000000000000001,0.0,-0.6000000000000001,0.0,4.6000000000000005,8.200000000000001,5.500000000000001,14.800000000000002,-8.899999999999999,16
4016,67466.0,0.9,-0.8,1.1,-0.5,3.8000000000000003,9.9,3.9,12.4,-16.5,16
4017,67483.0,0.5,-1.3,1.5,-0.9,3.3000000000000003,10.3,20.599999999999998,-0.4,-24.599999999999998,16
4018,67499.0,0.2,-1.6,1.4000000000000001,-1.3,3.0,10.100000000000001,31.6,-8.8,-27.9,16
4019,67516.0,-0.4,-2.1,0.5,-1.8,2.7,9.3,53.599999999999994,-22.3,-30.3,16
4020,67532.0,-0.4,-2.4000000000000004,-0.7000000000000001,-1.8,2.5,7.9,69.9,-29.300000000000004,-28.900000000000002,16
4021,67549.0,-0.30000000000000004,-2.5,-1.4000000000000001,-1.7000000000000002,2.5,7.2,75.1,-31.2,-28.200000000000003,16
4022,67566.0,-0.1,-2.7,-2.5,-1.5,2.5,5.9,77.7,-32.9,-28.700000000000003,16
4023,67582.0,-0.1,-2.6,-3.0,-1.4000000000000001,2.8000000000000003,5.300000000000001,72.10000000000001,-34.1,-30.000000000000004,16
4024,67599.0,-0.1,-2.4000000000000004,-3.0,-1.5,3.0,5.2,67.4,-33.0,-29.800000000000004,16
4025,67616.0,-0.30000000000000004,-2.1,-2.8000000000000003,-1.6,3.5,5.300000000000001,58.2,-29.700000000000006,-26.700000000000003,16
4026,67633.0,-0.2,-1.8,-2.5,-1.5,4.0,5.4,45.2,-22.1,-20.900000000000002,16
4027,67650.0,-0.30000000000000004,-1.7000000000000002,-2.2,-1.5,4.1000000000000005,5.7,37.1,-19.200000000000003,-18.4,16
4028,67670.0,-0.30000000000000004,-1.6,-1.4000000000000001,-1.6,4.2,6.4,21.0,-15.6,-14.600000000000001,16
4029,67684.0,-0.5,-1.6,-0.30000000000000004,-1.8,4.3,7.5,13.3,-16.3,-11.8,16
4030,67699.0,-0.6000000000000001,-1.6,0.0,-1.8,4.2,7.9,14.200000000000001,-18.5,-10.700000000000001,16
4031,67716.0,-0.5,-1.6,0.1,-1.7000000000000002,4.3,7.9,20.3,-23.0,-8.8,16
4032,67732.0,-0.5,-1.3,-0.4,-1.6,4.7,7.4,23.400000000000002,-21.500000000000004,-8.100000000000001,16
4033,67749.0,-0.5,-1.2000000000000002,-0.5,-1.6,4.800000000000001,7.2,23.0,-18.3,-7.6,16
4034,67766.0,-0.4,-1.0,-0.8,-1.6,5.0,6.9,18.700000000000003,-7.699999999999999,-8.5,16
4035,67782.0,-0.7000000000000001,-0.9,-0.8,-1.9000000000000001,5.1000000000000005,6.800000000000001,12.0,4.1,-8.4,16
4036,67799.0,-0.6000000000000001,-0.7000000000000001,-0.9,-1.8,5.300000000000001,6.800000000000001,8.600000000000001,11.3,-6.2,16
4037,67816.0,-0.4,-0.30000000000000004,-1.0,-1.6,5.7,6.6000000000000005,-1.1,25.7,-4.6,16
4038,67832.0,-0.4,-0.1,-1.0,-1.7000000000000002,5.9,6.6000000000000005,-16.5,32.0,-9.3,16
4039,67849.0,-0.5,0.2,-0.9,-1.9000000000000001,6.1000000000000005,6.800000000000001,-25.5,34.50000000000001,-11.900000000000002,16
4040,67866.0,-1.0,0.4,-0.8,-2.6,6.2,6.9,-47.60000000000001,35.2,-14.800000000000002,16
4041,67882.0,-2.0,0.5,-0.5,-3.7,6.1000000000000005,7.300000000000001,-80.50000000000001,37.1,-9.2,16
4042,67901.0,-2.5,0.0,1.3,-4.3,5.4,9.3,-123.8,37.800000000000004,5.7,16
4043,67916.0,-2.2,-0.5,2.9000000000000004,-4.0,4.6000000000000005,11.0,-138.50000000000003,32.0,13.000000000000002,16
4044,67932.0,-1.2000000000000002,-1.0,6.2,-3.0,3.8000000000000003,14.700000000000001,-128.4,6.8,14.400000000000002,16
4045,67949.0,-0.8,-0.8,7.1000000000000005,-2.7,3.8000000000000003,15.700000000000001,-101.50000000000001,-2.0,9.2,16
4046,67966.0,-0.5,-0.7000000000000001,5.800000000000001,-2.4000000000000004,3.8000000000000003,14.5,-26.5,2.4000000000000004,-6.500000000000001,16
4047,67984.0,-0.5,-0.5,2.3000000000000003,-2.5,4.0,10.9,28.200000000000003,27.099999999999998,-20.7,16
4048,68000.0,-0.7000000000000001,-0.5,0.8,-3.0,4.2,8.3,41.0,37.7,-25.7,16
4049,68016.0,-1.0,-0.30000000000000004,-0.8,-3.2,4.4,7.6000000000000005,47.2,54.6,-26.6,16
4050,68032.0,-0.8,-0.4,-1.8,-3.3000000000000003,4.4,6.5,42.7,65.0,-16.5,16
4051,68049.0,-0.6000000000000001,-0.6000000000000001,-2.3000000000000003,-3.2,4.3,5.9,37.1,64.4,-9.8,16
4052,68066.0,0.1,-0.7000000000000001,-2.9000000000000004,-2.7,4.2,5.300000000000001,21.1,52.300000000000004,3.4,16
4053,68082.0,0.6000000000000001,-1.1,-3.0,-2.2,3.8000000000000003,5.1000000000000005,4.9,29.400000000000002,11.1,16
4054,68099.0,0.9,-1.2000000000000002,-3.0,-1.6,3.7,5.0,-0.8,16.900000000000002,13.000000000000002,16
4055,68116.0,1.4000000000000001,-1.1,-3.1,-1.4000000000000001,3.8000000000000003,5.0,-6.600000000000001,-2.3,12.100000000000001,16
4056,68132.0,1.4000000000000001,-0.9,-3.3000000000000003,-1.3,4.0,4.7,-9.3,-6.600000000000001,9.0,16
4057,68150.0,1.2000000000000002,-0.4,-3.1,-1.5,4.4,4.9,-12.5,2.3,11.6,16
4058,68168.0,1.0,-0.1,-2.9000000000000004,-1.7000000000000002,4.7,5.1000000000000005,-12.8,9.600000000000001,14.900000000000002,16
4059,68182.0,1.1,0.6000000000000001,-2.5,-1.7000000000000002,5.4,5.5,-13.6,25.6,23.099999999999998,16
4060,68199.0,1.4000000000000001,1.1,-1.9000000000000001,-1.3,5.9,6.1000000000000005,-15.299999999999999,30.1,26.5,16
4061,68216.0,1.3,1.3,-1.5,-1.4000000000000001,6.1000000000000005,6.5,-24.0,25.8,28.400000000000002,16
4062,68232.0,0.6000000000000001,1.7000000000000002,-0.1,-2.1,6.4,7.9,-34.400000000000006,19.0,27.700000000000003,16
4063,68251.0,0.1,1.8,1.1,-2.6,6.5,9.200000000000001,-35.0,17.200000000000003,31.2,16
4064,68268.0,0.1,1.8,1.6,-2.7,6.5,9.700000000000001,-32.6,15.899999999999999,32.6,16
4065,68283.0,0.1,1.9000000000000001,2.5,-2.6,6.6000000000000005,10.600000000000001,-20.8,8.600000000000001,32.300000000000004,16
4066,68300.0,0.4,2.2,2.4000000000000004,-2.3000000000000003,6.9,10.5,0.2,-1.0,27.099999999999998,16
4067,68316.0,0.4,2.3000000000000003,2.0,-2.2,7.0,10.200000000000001,8.5,-5.1000000000000005,22.4,16
4068,68332.0,0.0,2.3000000000000003,1.2000000000000002,-2.6,7.1000000000000005,9.4,15.6,-10.700000000000001,12.299999999999999,16
4069,68349.0,-0.5,2.3000000000000003,1.3,-3.1,7.1000000000000005,9.5,12.200000000000001,-8.2,5.0,16
4070,68366.0,-0.7000000000000001,2.2,1.7000000000000002,-3.2,7.1000000000000005,9.8,11.3,-6.1000000000000005,3.0,16
4071,68382.0,-0.4,2.3000000000000003,1.7000000000000002,-2.9000000000000004,7.300000000000001,9.9,18.900000000000002,-9.2,2.7,16
4072,68399.0,0.2,2.6,0.0,-2.3000000000000003,7.6000000000000005,8.1,24.599999999999998,-10.200000000000001,4.7,16
4073,68416.0,0.4,2.7,-0.9,-2.0,7.800000000000001,7.2,16.6,-11.5,7.1000000000000005,16
4074,68432.0,0.5,2.9000000000000004,-1.2000000000000002,-1.9000000000000001,8.0,6.9,-17.300000000000004,-18.700000000000003,13.100000000000001,16
4075,68450.0,0.5,2.3000000000000003,0.2,-1.8,7.300000000000001,8.4,-54.4,-27.3,22.2,16
4076,68466.0,0.7000000000000001,1.8,1.3,-1.5,6.7,9.600000000000001,-67.00000000000001,-38.1,27.2,16
4077,68483.0,1.5,0.5,3.4000000000000004,-0.5,5.300000000000001,11.9,-70.5,-70.7,32.0,16
4078,68499.0,2.0,0.2,3.7,0.9,4.7,12.200000000000001,-46.50000000000001,-100.70000000000002,26.1,16
4079,68515.0,2.9000000000000004,0.1,2.8000000000000003,1.5,4.7,11.5,-30.9,-106.30000000000001,20.5,16
4080,68532.0,3.2,0.2,0.9,2.1,4.800000000000001,9.700000000000001,-8.700000000000001,-94.3,7.200000000000001,16
4081,68551.0,3.0,0.4,-0.5,2.1,5.0,8.4,-5.300000000000001,-64.80000000000001,-3.9,16
4082,68566.0,2.7,0.5,-0.7000000000000001,1.9000000000000001,5.0,8.200000000000001,-9.700000000000001,-47.3,-8.0,16
4083,68582.0,2.2,0.1,0.4,1.5,4.5,9.3,-21.6,-22.5,-11.6,16
4084,68599.0,1.8,-0.6000000000000001,2.4000000000000004,1.1,3.7,11.4,-19.700000000000003,-17.200000000000003,-18.900000000000002,16
4085,68616.0,1.6,-0.9,3.0,1.0,3.4000000000000004,12.0,-11.6,-17.400000000000002,-24.599999999999998,16
4086,68632.0,1.2000000000000002,-1.6,3.1,0.6000000000000001,2.8000000000000003,12.100000000000001,15.700000000000001,-18.1,-39.699999999999996,16
4087,68649.0,0.4,-2.0,2.1,-0.30000000000000004,2.4000000000000004,11.0,46.1,-13.3,-53.300000000000004,16
4088,68665.0,-0.1,-2.1,1.3,-0.7000000000000001,2.4000000000000004,10.200000000000001,57.60000000000001,-9.899999999999999,-57.9,16
4089,68682.0,-0.6000000000000001,-2.3000000000000003,-0.1,-1.3,2.4000000000000004,8.700000000000001,75.7,-11.900000000000002,-61.599999999999994,16
4090,68699.0,-0.9,-2.5,-1.5,-1.7000000000000002,2.4000000000000004,7.1000000000000005,84.9,-16.0,-62.4,16
4091,68716.0,-1.1,-2.5,-2.1,-1.9000000000000001,2.5,6.4,85.80000000000001,-19.1,-61.10000000000001,16
4092,68732.0,-1.0,-2.3000000000000003,-2.9000000000000004,-1.9000000000000001,2.9000000000000004,5.5,81.0,-25.200000000000003,-57.00000000000001,16
4093,68749.0,-1.2000000000000002,-2.0,-3.2,-2.1,3.4000000000000004,5.1000000000000005,69.80000000000001,-27.9,-50.8,16
4094,68766.0,-1.3,-1.8,-3.1,-2.2,3.7,5.1000000000000005,62.199999999999996,-26.5,-46.1,16
4095,68782.0,-1.7000000000000002,-1.4000000000000001,-2.3000000000000003,-2.6,4.2,5.800000000000001,45.0,-15.700000000000001,-32.8,16
4096,68799.0,-1.7000000000000002,-1.3,-1.7000000000000002,-2.4000000000000004,4.4,6.9,33.0,2.2,-15.700000000000001,16
4097,68816.0,-1.2000000000000002,-1.4000000000000001,-0.5,-2.0,4.1000000000000005,7.7,30.599999999999998,6.8,-10.200000000000001,16
4098,68833.0,-0.9,-1.6,0.0,-1.9000000000000001,4.1000000000000005,7.9,28.800000000000004,1.3,-7.400000000000001,16
4099,68850.0,-1.1,-1.6,0.4,-2.2,4.2,8.200000000000001,30.699999999999996,-10.1,-8.3,16
4100,68866.0,-1.3,-1.6,0.30000000000000004,-2.3000000000000003,4.3,8.200000000000001,33.400000000000006,-10.5,-7.6,16
4101,68882.0,-1.4000000000000001,-1.3,-0.2,-2.5,4.6000000000000005,7.6000000000000005,36.8,0.30000000000000004,-3.2,16
4102,68899.0,-1.1,-1.2000000000000002,-0.4,-2.2,4.800000000000001,7.2,31.7,15.899999999999999,2.2,16
4103,68915.0,-0.5,-0.8,-0.2,-1.7000000000000002,5.300000000000001,7.4,28.200000000000003,22.1,4.4,16
4104,68933.0,-0.2,-0.6000000000000001,-0.1,-1.4000000000000001,5.6000000000000005,7.5,22.2,34.0,6.600000000000001,16
4105,68949.0,-0.1,-0.5,0.2,-1.4000000000000001,5.6000000000000005,7.7,13.6,40.300000000000004,1.1,16
4106,68966.0,-0.2,-0.2,0.0,-1.6,6.0,7.5,1.7,42.800000000000004,-5.500000000000001,16
4107,68984.0,-0.30000000000000004,0.0,-0.1,-1.8,6.1000000000000005,7.4,-7.300000000000001,42.800000000000004,-7.8,16
4108,69001.0,-0.9,0.30000000000000004,-0.7000000000000001,-2.5,6.4,6.800000000000001,-35.5,42.0,-6.300000000000001,16
4109,69016.0,-1.7000000000000002,-0.1,-0.6000000000000001,-3.4000000000000004,5.800000000000001,7.0,-56.9,39.9,-2.6,16
4110,69032.0,-2.1,-0.6000000000000001,0.5,-3.9000000000000004,5.2,8.200000000000001,-107.4,28.400000000000002,8.8,16
4111,69049.0,-1.5,-1.2000000000000002,3.4000000000000004,-3.2,4.2,11.4,-131.9,2.0,22.5,16
4112,69066.0,-0.2,-1.8,4.9,-1.9000000000000001,3.3000000000000003,13.200000000000001,-109.2,-35.5,20.8,16
4113,69082.0,0.1,-1.7000000000000002,4.6000000000000005,-1.4000000000000001,3.3000000000000003,13.0,-85.1,-47.0,12.200000000000001,16
4114,69099.0,0.2,-1.3,2.2,-1.3,3.5,10.700000000000001,-35.1,-32.9,-8.2,16
4115,69116.0,0.0,-1.2000000000000002,0.7000000000000001,-1.8,3.6,8.200000000000001,-8.8,10.5,-23.5,16
4116,69132.0,-0.6000000000000001,-1.0,-1.1,-2.2,3.7,7.4,-3.3000000000000007,33.2,-26.799999999999997,16
4117,69151.0,-1.0,-0.8,-2.1,-2.8000000000000003,3.9000000000000004,6.4,-1.9,71.7,-22.8,16
4118,69166.0,-0.9,-0.9,-2.6,-2.6,3.7,5.5,-5.8,79.19999999999999,-17.300000000000004,16
4119,69182.0,-0.2,-1.0,-3.0,-2.4000000000000004,3.7,5.4,-19.1,68.1,-5.7,16
4120,69199.0,0.30000000000000004,-1.0,-2.8000000000000003,-2.0,3.5,5.6000000000000005,-29.500000000000004,39.9,-1.5,16
4121,69216.0,0.5,-0.7000000000000001,-2.6,-1.8,3.7,5.800000000000001,-29.200000000000003,16.3,-1.3,16
4122,69232.0,0.5,-0.6000000000000001,-2.7,-1.9000000000000001,3.8000000000000003,5.7,-27.3,12.5,-1.0,16
4123,69249.0,0.4,-0.30000000000000004,-2.6,-2.0,4.1000000000000005,5.800000000000001,-22.700000000000003,14.300000000000002,3.3000000000000007,16
4124,69265.0,0.7000000000000001,0.2,-2.3000000000000003,-1.8,4.5,6.1000000000000005,-11.700000000000001,26.799999999999997,12.8,16
4125,69282.0,1.0,0.5,-2.5,-1.5,4.800000000000001,5.800000000000001,-6.500000000000001,35.699999999999996,17.0,16
4126,69299.0,1.4000000000000001,1.1,-2.6,-1.1,5.4,5.7,-7.500000000000001,45.6,21.7,16
4127,69316.0,1.2000000000000002,1.6,-1.7000000000000002,-1.4000000000000001,5.9,6.5,-18.5,42.60000000000001,22.5,16
4128,69332.0,1.0,1.8,-1.2000000000000002,-1.7000000000000002,6.0,7.0,-24.1,41.800000000000004,23.099999999999998,16
4129,69349.0,0.5,2.1,-0.1,-2.3000000000000003,6.300000000000001,8.200000000000001,-34.900000000000006,43.300000000000004,27.099999999999998,16
4130,69366.0,0.0,2.1,1.6,-2.8000000000000003,6.300000000000001,9.9,-41.4,37.9,30.4,16
4131,69382.0,-0.2,2.1,2.2,-3.1,6.2,10.5,-39.2,30.9,31.7,16
4132,69399.0,-0.2,2.0,2.7,-3.0,6.1000000000000005,11.0,-28.400000000000002,8.899999999999999,34.1,16
4133,69416.0,0.30000000000000004,2.3000000000000003,2.4000000000000004,-2.4000000000000004,6.300000000000001,10.9,-14.900000000000002,-24.400000000000002,31.7,16
4134,69432.0,0.5,2.4000000000000004,2.1,-2.2,6.5,10.600000000000001,-9.3,-37.7,28.3,16
4135,69449.0,0.8,2.4000000000000004,1.7000000000000002,-1.7000000000000002,6.5,10.200000000000001,-3.3000000000000007,-49.199999999999996,18.900000000000002,16
4136,69466.0,0.6000000000000001,2.3000000000000003,2.2,-1.7000000000000002,6.4,10.700000000000001,2.8,-39.599999999999994,5.0,16
4137,69487.0,-0.1,2.2,2.6,-2.4000000000000004,6.4,11.200000000000001,13.8,-23.5,-9.0,16
4138,69500.0,-0.2,2.3000000000000003,2.5,-2.5,6.6000000000000005,11.100000000000001,22.000000000000004,-18.3,-12.299999999999999,16
4139,69516.0,0.1,2.3000000000000003,1.3,-2.2,6.7,9.8,31.7,-9.8,-11.6,16
4140,69532.0,0.0,2.4000000000000004,0.7000000000000001,-2.2,6.800000000000001,9.3,27.099999999999998,-7.699999999999999,-11.2,16
4141,69549.0,0.1,2.6,0.6000000000000001,-2.2,7.0,9.200000000000001,-0.9000000000000001,-4.4,-9.5,16
4142,69566.0,-0.2,2.1,2.3000000000000003,-2.5,6.4,11.0,-31.799999999999997,-13.5,-6.8,16
4143,69582.0,-0.30000000000000004,1.5,3.6,-2.3000000000000003,5.2,13.200000000000001,-39.599999999999994,-21.900000000000002,-4.0,16
4144,69599.0,0.2,0.4,4.9,-1.9000000000000001,4.6000000000000005,13.700000000000001,-29.1,-46.800000000000004,-0.6000000000000001,16
4145,69616.0,1.1,-0.2,3.9000000000000004,-0.8,4.0,12.8,4.1,-64.2,-3.3000000000000007,16
4146,69632.0,1.5,-0.2,2.6,0.0,4.2,10.200000000000001,32.7,-55.900000000000006,-8.8,16
4147,69649.0,1.8,0.0,0.1,0.1,4.3,9.0,38.1,-43.2,-12.100000000000001,16
4148,69666.0,1.9000000000000001,0.0,-1.1,0.30000000000000004,4.5,7.7,33.6,-13.000000000000002,-17.7,16
4149,69683.0,1.6,0.0,-1.3,0.0,4.5,7.5,20.1,11.4,-22.3,16
4150,69700.0,1.5,-0.1,-1.1,-0.2,4.4,7.7,14.100000000000001,17.400000000000002,-24.200000000000003,16
4151,69716.0,1.1,-0.6000000000000001,0.0,-0.6000000000000001,3.9000000000000004,8.700000000000001,9.5,14.800000000000002,-26.700000000000003,16
4152,69732.0,0.6000000000000001,-1.0,0.4,-1.2000000000000002,3.5,9.1,18.4,2.5,-31.6,16
4153,69750.0,0.2,-1.2000000000000002,0.30000000000000004,-1.6,3.4000000000000004,9.0,24.8,-1.4,-32.8,16
4154,69766.0,-0.4,-1.5,-0.2,-2.3000000000000003,3.2,8.5,37.400000000000006,-3.9,-31.099999999999998,16
4155,69784.0,-0.6000000000000001,-1.6,-0.8,-2.5,3.2,7.7,48.400000000000006,-3.3000000000000007,-25.900000000000002,16
4156,69799.0,-0.5,-1.6,-1.3,-2.4000000000000004,3.2,7.2,51.50000000000001,-3.6000000000000005,-23.5,16
4157,69816.0,-0.30000000000000004,-1.7000000000000002,-2.1,-2.3000000000000003,3.2,6.300000000000001,53.7,-10.600000000000001,-20.8,16
4158,69835.0,-0.30000000000000004,-1.5,-2.5,-2.2,3.5,5.9,49.0,-20.7,-19.300000000000004,16
4159,69849.0,-0.5,-1.5,-2.5,-2.4000000000000004,3.6,5.800000000000001,44.2,-26.6,-17.799999999999997,16
4160,69866.0,-1.0,-1.2000000000000002,-2.2,-2.9000000000000004,3.9000000000000004,6.1000000000000005,31.9,-35.4,-10.5,16
4161,69882.0,-0.8,-1.2000000000000002,-1.5,-2.5,4.0,6.7,18.6,-35.9,0.2,16
4162,69899.0,-0.5,-1.3,-1.1,-2.2,3.9000000000000004,7.1000000000000005,14.0,-35.4,3.3000000000000007,16
4163,69915.0,-0.4,-1.5,0.0,-2.0,3.7,8.1,10.1,-29.0,3.1,16
4164,69932.0,-0.6000000000000001,-1.7000000000000002,0.7000000000000001,-2.2,3.6,8.8,16.5,-18.1,-0.7,16
4165,69949.0,-0.9,-1.8,0.8,-2.5,3.5,8.9,22.4,-10.9,-1.9,16
4166,69966.0,-1.3,-1.8,0.4,-2.9000000000000004,3.6,8.5,34.1,2.2,-0.5,16
4167,69982.0,-1.3,-1.6,-0.30000000000000004,-2.9000000000000004,3.9000000000000004,7.7,37.800000000000004,5.2,1.7,16
4168,69999.0,-1.2000000000000002,-1.6,-0.5,-2.8000000000000003,3.9000000000000004,7.4,36.8,4.1,5.8,16
4169,70015.0,-0.9,-1.5,-0.1,-2.5,4.1000000000000005,7.800000000000001,26.300000000000004,5.2,4.0,16
4170,70032.0,-0.5,-1.1,1.1,-2.2,4.5,8.9,25.5,26.300000000000004,-4.4,16
4171,70049.0,-0.5,-0.9,1.5,-2.2,4.800000000000001,9.3,31.0,43.900000000000006,-10.200000000000001,16
4172,70067.0,-0.30000000000000004,-0.7000000000000001,1.3,-2.3000000000000003,5.1000000000000005,9.0,48.10000000000001,74.30000000000001,-22.700000000000003,16
4173,70082.0,-0.4,-0.6000000000000001,0.6000000000000001,-2.8000000000000003,5.4,7.4,50.8,81.7,-34.800000000000004,16
4174,70099.0,-0.7000000000000001,-0.2,-0.9,-3.1,5.800000000000001,6.6000000000000005,42.7,74.2,-38.900000000000006,16
4175,70116.0,-1.2000000000000002,0.6000000000000001,-2.1,-3.8000000000000003,6.5,5.300000000000001,6.500000000000001,52.5,-40.6,16
4176,70132.0,-2.2,0.9,-2.6,-5.0,6.7,4.800000000000001,-55.400000000000006,29.700000000000006,-29.400000000000002,16
4177,70151.0,-3.2,0.2,-0.1,-6.1000000000000005,5.7,7.5,-129.3,4.5,-7.9,16
4178,70166.0,-2.9000000000000004,-0.2,1.9000000000000001,-5.800000000000001,5.1000000000000005,9.600000000000001,-152.1,-8.8,4.2,16
4179,70182.0,-1.4000000000000001,-1.2000000000000002,5.9,-4.2,3.7,14.0,-149.70000000000002,-45.5,19.400000000000002,16
4180,70199.0,-0.7000000000000001,-1.4000000000000001,7.0,-3.4000000000000004,3.3000000000000003,15.200000000000001,-122.79999999999998,-66.5,18.0,16
4181,70215.0,-0.4,-0.9,5.800000000000001,-2.9000000000000004,3.6,14.200000000000001,-39.599999999999994,-67.9,5.9,16
4182,70232.0,-0.7000000000000001,-0.5,1.4000000000000001,-3.0,4.1000000000000005,9.9,29.0,-16.1,-0.7,16
4183,70249.0,-0.9,-0.4,-0.6000000000000001,-3.2,4.2,7.9,44.300000000000004,10.600000000000001,-0.1,16
4184,70267.0,-0.6000000000000001,0.0,-3.1,-3.0,4.800000000000001,5.2,43.4,53.400000000000006,7.699999999999999,16
4185,70282.0,-0.2,-0.1,-4.2,-2.8000000000000003,4.800000000000001,4.0,14.300000000000002,69.7,16.3,16
4186,70299.0,-0.1,-0.4,-4.1000000000000005,-2.9000000000000004,4.5,4.1000000000000005,-4.4,63.599999999999994,19.400000000000002,16
4187,70315.0,-0.2,-0.7000000000000001,-2.7,-3.0,4.1000000000000005,5.4,-31.7,37.7,23.900000000000006,16
4188,70333.0,-0.1,-0.7000000000000001,-1.8,-2.9000000000000004,4.0,6.300000000000001,-31.099999999999998,22.700000000000003,29.300000000000004,16
4189,70349.0,-0.1,-0.7000000000000001,-1.8,-2.9000000000000004,4.0,6.1000000000000005,-24.1,20.400000000000002,32.0,16
4190,70366.0,0.1,-0.6000000000000001,-2.4000000000000004,-2.7,4.1000000000000005,5.7,-10.600000000000001,21.300000000000004,38.400000000000006,16
4191,70382.0,0.6000000000000001,-0.4,-3.0,-2.3000000000000003,4.3,5.1000000000000005,-4.0,25.200000000000003,44.300000000000004,16
4192,70399.0,0.8,-0.30000000000000004,-3.2,-1.9000000000000001,4.7,4.9,-4.6,26.300000000000004,45.6,16
4193,70416.0,1.0,-0.1,-3.1,-1.9000000000000001,4.9,5.300000000000001,-10.8,24.400000000000002,43.800000000000004,16
4194,70432.0,1.0,0.6000000000000001,-1.8,-1.8,5.300000000000001,6.2,-11.700000000000001,22.8,40.6,16
4195,70449.0,0.9,1.1,-1.2000000000000002,-1.9000000000000001,5.9,6.800000000000001,-7.500000000000001,24.7,35.599999999999994,16
4196,70465.0,0.7000000000000001,1.2000000000000002,-1.1,-2.1,6.1000000000000005,6.9,-6.1000000000000005,24.400000000000002,33.0,16
4197,70482.0,0.30000000000000004,1.6,-0.7000000000000001,-2.5,6.5,7.300000000000001,-9.4,25.4,29.800000000000004,16
4198,70499.0,-0.1,1.7000000000000002,0.2,-2.9000000000000004,6.5,8.1,-18.0,23.3,26.799999999999997,16
4199,70515.0,-0.2,1.7000000000000002,0.8,-3.0,6.5,8.700000000000001,-21.900000000000002,19.1,24.5,16
4200,70532.0,-0.2,1.6,2.1,-3.0,6.4,10.100000000000001,-21.300000000000004,7.500000000000001,17.300000000000004,16
4201,70549.0,-0.2,1.6,2.6,-3.1,6.4,10.700000000000001,-6.0,-6.1000000000000005,6.1000000000000005,16
4202,70566.0,-0.30000000000000004,1.6,2.4000000000000004,-3.2,6.4,10.5,3.1,-11.6,-0.5,16
4203,70582.0,-0.5,1.8,1.8,-3.3000000000000003,6.6000000000000005,9.8,18.4,-11.000000000000002,-12.4,16
4204,70599.0,-0.7000000000000001,1.8,1.4000000000000001,-3.5,6.7,9.4,25.8,0.9000000000000001,-21.900000000000002,16
4205,70616.0,-0.8,1.8,1.3,-3.6,6.7,9.3,27.9,4.1,-24.900000000000002,16
4206,70632.0,-0.6000000000000001,2.2,0.8,-3.5,7.2,8.8,32.400000000000006,4.5,-25.900000000000002,16
4207,70650.0,-0.5,2.5,-0.4,-3.5,7.6000000000000005,7.5,22.8,6.699999999999999,-20.3,16
4208,70666.0,-0.5,2.6,-0.8,-3.5,7.7,7.1000000000000005,9.700000000000001,7.200000000000001,-15.8,16
4209,70683.0,-0.5,2.6,-0.5,-3.6,7.7,7.4,-29.900000000000006,8.3,-5.4,16
4210,70699.0,-0.7000000000000001,1.8,1.9000000000000001,-3.8000000000000003,6.7,9.9,-70.2,5.1000000000000005,7.500000000000001,16
4211,70716.0,-0.2,1.2000000000000002,3.4000000000000004,-3.3000000000000003,6.0,11.5,-79.39999999999999,-1.8000000000000003,14.200000000000001,16
4212,70733.0,1.0,0.1,5.4,-2.0,4.800000000000001,13.700000000000001,-65.4,-27.400000000000002,17.799999999999997,16
4213,70749.0,1.8,0.1,4.4,-1.0,4.6000000000000005,12.9,-24.3,-40.1,13.100000000000001,16
4214,70766.0,1.9000000000000001,0.1,3.1,-0.8,4.6000000000000005,11.600000000000001,-6.1000000000000005,-39.50000000000001,10.1,16
4215,70782.0,2.1,0.0,0.7000000000000001,-0.5,4.6000000000000005,9.200000000000001,11.3,-30.5,7.8,16
4216,70799.0,2.2,0.1,-0.5,-0.30000000000000004,4.7,8.0,10.299999999999999,-13.8,7.300000000000001,16
4217,70815.0,2.2,0.0,-0.9,-0.30000000000000004,4.6000000000000005,7.6000000000000005,7.200000000000001,-6.1000000000000005,6.699999999999999,16
4218,70833.0,2.0,-0.30000000000000004,-1.1,-0.5,4.4,7.300000000000001,-1.6,6.600000000000001,5.500000000000001,16
4219,70849.0,1.9000000000000001,-0.8,0.1,-0.6000000000000001,3.8000000000000003,8.6,-8.5,8.600000000000001,0.4,16
4220,70865.0,1.7000000000000002,-1.1,0.7000000000000001,-0.8,3.5,9.200000000000001,-5.6,4.4,-4.4,16
4221,70882.0,1.3,-1.4000000000000001,1.0,-1.0,3.3000000000000003,9.5,2.4000000000000004,-1.6,-8.899999999999999,16
4222,70899.0,0.8,-1.9000000000000001,0.30000000000000004,-1.7000000000000002,2.8000000000000003,8.8,39.2,-15.700000000000001,-19.0,16
4223,70916.0,0.6000000000000001,-1.9000000000000001,-0.2,-1.9000000000000001,2.8000000000000003,8.200000000000001,51.70000000000001,-20.0,-20.599999999999998,16
4224,70932.0,0.4,-1.9000000000000001,-1.8,-2.1,3.0,6.5,68.5,-23.0,-19.9,16
4225,70952.0,0.30000000000000004,-1.8,-3.2,-2.1,3.3000000000000003,5.0,68.2,-22.4,-16.0,16
4226,70965.0,0.30000000000000004,-1.6,-3.6,-2.0,3.6,4.6000000000000005,61.9,-24.400000000000002,-13.8,16
4227,70982.0,0.5,-1.1,-3.6,-1.8,4.2,4.5,41.50000000000001,-34.0,-10.700000000000001,16
4228,70999.0,0.30000000000000004,-0.8,-2.9000000000000004,-1.9000000000000001,4.5,5.1000000000000005,18.3,-45.400000000000006,-9.3,16
4229,71015.0,0.30000000000000004,-0.7000000000000001,-2.5,-1.8,4.7,6.2,7.1000000000000005,-49.800000000000004,-8.2,16
4230,71032.0,0.1,-0.6000000000000001,-0.9,-1.9000000000000001,4.7,7.1000000000000005,-10.600000000000001,-52.1,-7.400000000000001,16
4231,71049.0,-0.30000000000000004,-0.5,0.7000000000000001,-2.2,4.7,8.8,-13.000000000000002,-40.9,-8.100000000000001,16
4232,71066.0,-0.5,-0.5,1.3,-2.4000000000000004,4.7,9.4,-9.2,-32.0,-8.5,16
4233,71082.0,-0.9,-0.5,2.2,-2.7,4.7,10.4,4.5,-15.8,-9.4,16
4234,71099.0,-1.2000000000000002,-0.4,2.5,-3.1,4.800000000000001,10.700000000000001,21.6,-4.9,-10.5,16
4235,71116.0,-1.5,-0.5,2.4000000000000004,-3.5,4.800000000000001,10.0,31.0,-2.8,-10.700000000000001,16
4236,71132.0,-1.7000000000000002,-0.6000000000000001,1.2000000000000002,-3.5,4.800000000000001,9.3,45.5,1.0,-9.2,16
4237,71150.0,-1.6,-0.6000000000000001,0.30000000000000004,-3.5,4.9,8.200000000000001,45.099999999999994,6.300000000000001,-7.1000000000000005,16
4238,71166.0,-1.2000000000000002,-0.6000000000000001,0.0,-3.1,5.0,7.9,38.7,12.5,-6.0,16
4239,71182.0,-1.0,-0.5,0.0,-3.0,5.2,7.800000000000001,35.3,14.600000000000001,-8.2,16
4240,71199.0,-1.2000000000000002,-0.30000000000000004,-0.2,-3.3000000000000003,5.4,7.6000000000000005,31.799999999999997,16.6,-12.100000000000001,16
4241,71216.0,-1.3,0.0,-0.9,-3.5,5.800000000000001,6.800000000000001,20.400000000000002,21.900000000000002,-15.899999999999999,16
4242,71232.0,-1.3,0.1,-1.3,-3.5,5.9,6.4,-4.7,21.500000000000004,-13.6,16
4243,71250.0,-1.6,0.1,-1.6,-3.9000000000000004,5.7,6.2,-46.4,20.2,-7.400000000000001,16
4244,71268.0,-2.2,-0.5,-0.1,-4.6000000000000005,4.9,7.800000000000001,-97.10000000000001,15.000000000000002,3.3000000000000007,16
4245,71286.0,-1.7000000000000002,-1.3,2.8000000000000003,-4.0,3.8000000000000003,10.9,-123.4,-4.1,12.200000000000001,16
4246,71299.0,-1.3,-1.7000000000000002,4.1000000000000005,-3.7,3.2,12.3,-118.50000000000001,-18.5,12.5,16
4247,71315.0,-0.8,-1.7000000000000002,4.9,-3.0,2.9000000000000004,13.4,-73.10000000000001,-34.800000000000004,5.9,16
4248,71332.0,-0.4,-1.5,4.1000000000000005,-2.6,3.1,12.600000000000001,-41.50000000000001,-28.200000000000003,1.8000000000000003,16
4249,71349.0,0.2,-1.4000000000000001,0.6000000000000001,-1.9000000000000001,3.1,9.1,11.4,0.2,-5.6,16
4250,71365.0,0.6000000000000001,-1.3,-2.7,-1.7000000000000002,3.3000000000000003,5.800000000000001,25.200000000000003,18.3,-15.700000000000001,16
4251,71382.0,0.5,-1.1,-3.9000000000000004,-1.8,3.5,4.6000000000000005,18.6,20.7,-19.5,16
4252,71399.0,0.0,-0.8,-5.1000000000000005,-2.3000000000000003,3.7,3.3000000000000003,-14.5,14.100000000000001,-20.599999999999998,16
4253,71416.0,-1.5,-0.9,-4.7,-3.9000000000000004,3.6,3.8000000000000003,-59.00000000000001,-6.0,-9.100000000000001,16
4254,71432.0,-1.9000000000000001,-0.7000000000000001,-3.8000000000000003,-4.3,3.6,4.7,-79.8,-15.299999999999999,3.8,16
4255,71449.0,-1.1,-0.5,-1.0,-3.4000000000000004,3.5,7.6000000000000005,-100.80000000000001,-27.400000000000002,32.9,16
4256,71465.0,0.1,-0.8,1.0,-2.1,2.9000000000000004,9.8,-84.1,-31.400000000000002,45.6,16
4257,71482.0,0.5,-0.8,1.5,-1.6,2.9000000000000004,10.3,-65.5,-30.1,45.400000000000006,16
4258,71499.0,1.1,-0.5,1.2000000000000002,-0.9,3.2,10.100000000000001,-19.700000000000003,-18.1,38.300000000000004,16
4259,71515.0,1.2000000000000002,-0.1,-0.2,-0.7000000000000001,3.6,8.700000000000001,20.0,5.500000000000001,31.0,16
4260,71532.0,1.3,0.1,-1.0,-0.6000000000000001,3.9000000000000004,7.9,32.0,17.1,28.400000000000002,16
4261,71550.0,1.5,0.8,-1.8,-0.4,4.6000000000000005,7.0,37.400000000000006,34.50000000000001,23.3,16
4262,71566.0,1.6,1.3,-1.6,-0.4,5.300000000000001,7.1000000000000005,26.799999999999997,34.800000000000004,19.5,16
4263,71582.0,1.6,1.6,-1.1,-0.4,5.6000000000000005,7.6000000000000005,19.700000000000003,31.6,18.3,16
4264,71599.0,1.5,2.2,0.2,-0.6000000000000001,6.300000000000001,8.8,8.8,29.400000000000002,16.5,16
4265,71616.0,1.3,2.5,1.3,-0.9,6.7,9.9,4.4,29.200000000000003,15.2,16
4266,71632.0,1.2000000000000002,2.6,1.8,-1.0,6.7,10.4,4.9,26.300000000000004,14.0,16
4267,71649.0,1.1,2.4000000000000004,2.7,-1.1,6.7,11.3,12.7,15.399999999999999,9.4,16
4268,71665.0,1.0,2.3000000000000003,3.0,-1.2000000000000002,6.6000000000000005,11.5,30.5,1.9,2.9,16
4269,71682.0,1.0,2.3000000000000003,2.7,-1.2000000000000002,6.7,11.3,40.6,-2.5,-0.1,16
4270,71699.0,0.8,2.2,2.1,-1.3,6.800000000000001,10.600000000000001,54.300000000000004,-6.0,-5.300000000000001,16
4271,71716.0,0.7000000000000001,2.0,1.5,-1.5,6.7,10.0,58.2,-4.1,-9.600000000000001,16
4272,71732.0,0.6000000000000001,1.7000000000000002,1.5,-1.6,6.6000000000000005,9.9,57.60000000000001,-1.7,-13.200000000000003,16
4273,71749.0,0.2,1.3,1.8,-2.0,6.300000000000001,10.100000000000001,58.1,2.5,-21.1,16
4274,71765.0,0.1,1.3,1.7000000000000002,-2.1,6.5,9.3,66.4,-1.7,-23.2,16
4275,71783.0,0.2,1.4000000000000001,0.30000000000000004,-2.1,6.7,7.6000000000000005,67.8,-4.1,-21.0,16
4276,71802.0,0.0,1.1,-1.1,-2.2,6.5,6.9,53.10000000000001,-14.5,-15.5,16
4277,71816.0,0.1,0.8,-1.9000000000000001,-2.1,6.300000000000001,6.1000000000000005,20.2,-32.6,-7.6,16
4278,71833.0,0.30000000000000004,0.7000000000000001,-1.9000000000000001,-1.9000000000000001,6.2,6.1000000000000005,0.6000000000000001,-41.300000000000004,-4.300000000000001,16
4279,71849.0,0.5,-0.1,-0.8,-1.5,5.300000000000001,7.300000000000001,-33.0,-60.900000000000006,-0.4,16
4280,71866.0,0.6000000000000001,-1.0,0.6000000000000001,-1.1,4.3,8.8,-41.1,-84.80000000000001,1.9,16
4281,71882.0,0.8,-1.2000000000000002,0.7000000000000001,-0.6000000000000001,3.9000000000000004,8.700000000000001,-34.800000000000004,-94.6,2.2,16
4282,71899.0,0.7000000000000001,-1.2000000000000002,-0.30000000000000004,-0.6000000000000001,4.0,8.1,-16.8,-103.7,0.9000000000000001,16
4283,71915.0,0.6000000000000001,-0.9,-2.0,-0.5,4.2,6.4,-12.7,-93.4,2.1,16
4284,71932.0,0.8,-0.8,-2.4000000000000004,-0.1,4.3,6.0,-20.7,-81.3,4.0,16
4285,71949.0,1.6,-0.30000000000000004,-1.6,1.0,4.7,6.9,-43.2,-56.6,2.6,16
4286,71965.0,1.5,-0.7000000000000001,0.30000000000000004,0.9,4.1000000000000005,8.9,-57.1,-35.3,-9.2,16
4287,71982.0,1.1,-0.9,2.0,0.6000000000000001,3.8000000000000003,10.700000000000001,-57.49999999999999,-28.500000000000004,-16.0,16
4288,71999.0,0.8,-0.9,2.6,0.30000000000000004,3.7,11.4,-46.9,-20.0,-29.600000000000005,16
4289,72016.0,0.5,-1.1,3.0,-0.4,3.2,12.100000000000001,-21.300000000000004,-16.0,-40.800000000000004,16
4290,72032.0,-0.4,-1.3,2.9000000000000004,-1.0,3.2,11.8,-2.5,-13.3,-44.2,16
4291,72049.0,-0.6000000000000001,-1.3,2.1,-1.2000000000000002,3.2,10.9,37.9,-3.1,-48.800000000000004,16
4292,72065.0,-0.8,-1.2000000000000002,-0.4,-1.5,3.5,8.4,66.2,-0.30000000000000004,-48.0,16
4293,72083.0,-0.9,-0.9,-2.2,-1.7000000000000002,3.9000000000000004,6.4,71.30000000000001,-2.5,-42.800000000000004,16
4294,72099.0,-0.9,-0.7000000000000001,-2.8000000000000003,-1.6,4.3,5.7,66.5,-3.4,-37.9,16
4295,72115.0,-0.7000000000000001,-0.30000000000000004,-3.2,-1.5,4.800000000000001,5.2,47.0,-8.3,-28.800000000000004,16
4296,72132.0,-0.7000000000000001,0.0,-2.7,-1.5,5.2,5.6000000000000005,24.1,-11.6,-19.6,16
4297,72159.0,-0.5,0.0,-1.7000000000000002,-1.3,5.2,6.6000000000000005,9.899999999999999,-6.600000000000001,-9.0,16
4298,72166.0,-0.5,0.0,-1.7000000000000002,-1.3,5.2,6.6000000000000005,9.899999999999999,-6.600000000000001,-9.0,16
4299,72182.0,-0.4,0.1,-0.6000000000000001,-1.3,5.4,7.6000000000000005,5.2,7.300000000000001,3.0,16
4300,72199.0,-0.5,0.2,-0.4,-1.3,5.4,7.800000000000001,5.300000000000001,10.200000000000001,7.400000000000001,16
4301,72215.0,-0.4,0.4,0.0,-1.3,5.7,8.3,2.7,9.3,16.1,16
4302,72232.0,-0.30000000000000004,0.4,1.1,-1.2000000000000002,5.7,9.4,1.1,6.4,21.7,16
4303,72249.0,-0.30000000000000004,0.4,1.6,-1.2000000000000002,5.7,9.9,4.5,6.699999999999999,23.099999999999998,16
4304,72265.0,-0.5,0.2,2.0,-1.3,5.6000000000000005,10.200000000000001,17.9,12.8,23.6,16
4305,72283.0,-0.8,-0.30000000000000004,1.5,-1.6,5.1000000000000005,9.700000000000001,24.400000000000002,15.8,24.400000000000002,16
4306,72299.0,-0.7000000000000001,-0.4,1.0,-1.6,5.1000000000000005,9.200000000000001,32.400000000000006,14.900000000000002,27.700000000000003,16
4307,72315.0,-0.5,-0.30000000000000004,0.0,-1.3,5.300000000000001,8.1,31.3,12.200000000000001,28.900000000000002,16
4308,72332.0,-0.4,-0.1,-0.5,-1.2000000000000002,5.5,7.6000000000000005,19.700000000000003,11.5,25.6,16
4309,72349.0,-0.30000000000000004,0.1,-0.7000000000000001,-1.1,5.7,7.300000000000001,11.5,12.299999999999999,24.400000000000002,16
4310,72366.0,-0.30000000000000004,0.1,-1.0,-1.1,5.800000000000001,7.0,-12.200000000000001,15.000000000000002,20.5,16
4311,72382.0,-0.7000000000000001,-0.30000000000000004,-0.9,-1.5,5.2,7.2,-47.60000000000001,19.400000000000002,19.5,16
4312,72399.0,-0.9,-0.7000000000000001,-0.2,-1.7000000000000002,4.7,8.0,-68.3,22.4,18.8,16
4313,72415.0,-1.0,-1.7000000000000002,2.3000000000000003,-1.9000000000000001,3.5,10.700000000000001,-97.40000000000002,21.900000000000002,14.5,16
4314,72432.0,-0.6000000000000001,-2.3000000000000003,4.6000000000000005,-1.4000000000000001,2.7,13.200000000000001,-83.2,2.2,0.0,16
4315,72450.0,-0.6000000000000001,-2.3000000000000003,4.7,-1.5,2.6,13.3,-59.5,-5.6,-10.700000000000001,16
4316,72466.0,-0.9,-1.5,2.7,-1.9000000000000001,3.2,11.4,-2.4000000000000004,3.3000000000000007,-28.700000000000003,16
4317,72482.0,-1.4000000000000001,-1.1,-0.5,-2.5,3.7,8.1,34.50000000000001,38.300000000000004,-36.400000000000006,16
4318,72499.0,-1.7000000000000002,-0.9,-1.8,-2.9000000000000004,3.9000000000000004,6.800000000000001,38.900000000000006,57.800000000000004,-34.50000000000001,16
4319,72515.0,-1.9000000000000001,-0.6000000000000001,-3.5,-3.4000000000000004,4.3,5.0,23.800000000000004,86.89999999999999,-20.1,16
4320,72532.0,-1.5,-0.8,-4.3,-3.3000000000000003,4.1000000000000005,4.1000000000000005,-16.200000000000003,86.89999999999999,2.0,16
4321,72549.0,-1.1,-0.9,-4.2,-3.0,3.9000000000000004,4.2,-40.7,73.9,12.9,16
4322,72566.0,0.0,-1.6,-2.2,-2.0,3.1,6.2,-81.60000000000001,31.7,30.000000000000004,16
4323,72582.0,1.1,-2.0,0.2,-0.8,2.4000000000000004,8.700000000000001,-88.4,-13.900000000000002,35.4,16
4324,72599.0,1.5,-1.9000000000000001,0.9,0.1,2.3000000000000003,9.8,-77.80000000000001,-29.300000000000004,33.300000000000004,16
4325,72615.0,1.9000000000000001,-1.8,0.9,0.2,2.3000000000000003,9.600000000000001,-39.50000000000001,-29.800000000000004,23.3,16
4326,72632.0,1.7000000000000002,-1.4000000000000001,-0.30000000000000004,0.1,2.7,8.4,3.7000000000000006,5.8,12.9,16
4327,72649.0,1.5,-1.2000000000000002,-0.9,-0.2,3.1,7.1000000000000005,21.1,30.200000000000003,10.0,16
4328,72665.0,1.4000000000000001,-1.5,-3.2,-0.5,2.8000000000000003,5.4,41.199999999999996,74.0,7.8,16
4329,72682.0,3.5,0.9,-2.2,1.5,5.2,6.300000000000001,16.4,73.30000000000001,14.100000000000001,16
4330,72699.0,3.0,1.6,-1.1,-1.1,4.6000000000000005,7.4,11.3,63.30000000000001,0.0,16
4331,72715.0,0.9,0.0,-0.7000000000000001,-1.4000000000000001,4.4,7.7,9.4,72.4,-10.200000000000001,16
4332,72732.0,0.7000000000000001,1.4000000000000001,-0.1,-1.8,5.800000000000001,8.200000000000001,9.2,58.1,1.9,16
4333,72749.0,0.30000000000000004,1.4000000000000001,0.1,-2.2,5.800000000000001,8.3,4.5,50.900000000000006,3.7000000000000006,16
4334,72765.0,0.4,1.6,0.7000000000000001,-2.3000000000000003,6.1000000000000005,9.0,-0.9000000000000001,38.0,15.5,16
4335,72783.0,1.0,1.7000000000000002,1.2000000000000002,-1.7000000000000002,6.1000000000000005,9.4,-0.30000000000000004,20.2,18.200000000000003,16
4336,72799.0,1.4000000000000001,1.9000000000000001,1.1,-1.2000000000000002,6.4,9.4,2.7,9.5,16.1,16
4337,72815.0,1.6,2.0,1.0,-1.0,6.6000000000000005,9.3,9.8,-14.700000000000001,9.2,16
4338,72832.0,1.3,1.9000000000000001,0.0,-1.2000000000000002,6.5,8.3,11.2,-37.400000000000006,1.2000000000000002,16
4339,72849.0,1.6,2.7,0.6000000000000001,-0.8,7.300000000000001,8.9,5.0,-47.1,-7.6,16
4340,72865.0,1.2000000000000002,2.2,0.9,-1.2000000000000002,6.800000000000001,9.200000000000001,3.9,-40.9,-15.100000000000001,16
4341,72882.0,0.4,1.9000000000000001,1.4000000000000001,-1.8,6.5,9.8,5.6,-24.400000000000002,-22.700000000000003,16
4342,72899.0,-0.2,1.7000000000000002,1.3,-2.4000000000000004,6.4,9.600000000000001,12.200000000000001,-16.900000000000002,-26.300000000000004,16
4343,72916.0,0.1,1.9000000000000001,0.9,-2.2,6.6000000000000005,9.200000000000001,12.299999999999999,-15.8,-24.1,16
4344,72932.0,0.0,2.1,0.0,-2.3000000000000003,6.800000000000001,8.3,1.4,-20.7,-26.5,16
4345,72949.0,-0.5,1.9000000000000001,-0.6000000000000001,-2.7,6.6000000000000005,7.800000000000001,-35.2,-20.2,-23.800000000000004,16
4346,72965.0,-0.6000000000000001,2.0,0.0,-2.8000000000000003,6.5,8.5,-59.40000000000001,-24.0,-20.1,16
4347,72982.0,-0.1,1.2000000000000002,3.4000000000000004,-2.2,5.5,12.100000000000001,-89.5,-31.799999999999997,-11.000000000000002,16
4348,73000.0,1.0,-0.1,5.7,-1.0,3.9000000000000004,14.5,-67.00000000000001,-42.1,-10.5,16
4349,73025.0,1.7000000000000002,0.0,4.2,-0.2,3.9000000000000004,13.100000000000001,-19.400000000000002,-49.199999999999996,-19.9,16
4350,73059.0,1.6,1.0,0.30000000000000004,-0.2,4.9,9.3,-0.2,-19.6,-40.5,16
4351,73065.0,1.6,1.0,0.30000000000000004,-0.2,4.9,9.3,-0.2,-19.6,-40.5,16
4352,73082.0,1.5,1.3,0.9,-0.30000000000000004,5.2,10.0,-11.6,5.4,-43.300000000000004,16
4353,73099.0,1.6,0.7000000000000001,3.1,-0.30000000000000004,4.5,12.100000000000001,-6.699999999999999,21.0,-45.0,16
4354,73115.0,1.5,0.2,3.9000000000000004,-0.5,4.0,12.9,6.8,21.6,-48.70000000000001,16
4355,73132.0,1.1,-0.4,3.6,-1.0,3.5,12.600000000000001,49.50000000000001,15.5,-56.9,16
4356,73150.0,0.6000000000000001,-0.9,1.6,-1.6,3.2,10.5,91.8,6.300000000000001,-62.300000000000004,16
4357,73165.0,0.4,-1.0,0.5,-1.9000000000000001,3.2,9.4,106.9,4.300000000000001,-63.30000000000001,16
4358,73182.0,0.2,-1.2000000000000002,-1.3,-2.2,3.3000000000000003,7.300000000000001,121.80000000000001,7.8,-61.199999999999996,16
4359,73199.0,0.1,-1.6,-2.2,-2.4000000000000004,3.2,6.2,123.00000000000001,13.200000000000003,-55.900000000000006,16
4360,73215.0,-0.1,-1.9000000000000001,-2.5,-2.6,3.1,5.800000000000001,122.20000000000002,14.700000000000001,-52.300000000000004,16
4361,73232.0,-0.2,-2.1,-3.0,-2.9000000000000004,3.1,5.0,114.3,11.4,-41.300000000000004,16
4362,73249.0,0.0,-1.8,-3.3000000000000003,-2.7,3.7,4.5,95.5,-1.1,-25.4,16
4363,73266.0,0.30000000000000004,-1.7000000000000002,-3.0,-2.4000000000000004,3.9000000000000004,4.7,81.7,-10.0,-16.6,16
4364,73282.0,0.7000000000000001,-1.8,-2.1,-2.0,4.0,5.5,57.1,-31.799999999999997,-4.0,16
4365,73299.0,0.5,-1.8,-1.8,-2.0,4.0,5.7,37.800000000000004,-45.5,3.9,16
4366,73315.0,0.30000000000000004,-1.8,-1.5,-2.5,3.9000000000000004,6.6000000000000005,26.9,-44.2,6.2,16
4367,73332.0,-0.5,-2.3000000000000003,-0.30000000000000004,-2.9000000000000004,3.6,7.2,7.200000000000001,-17.400000000000002,8.700000000000001,16
4368,73350.0,-0.9,-2.6,0.7000000000000001,-3.3000000000000003,3.3000000000000003,8.200000000000001,-3.4,16.200000000000003,16.1,16
4369,73366.0,-0.9,-2.8000000000000003,1.0,-3.4000000000000004,2.8000000000000003,8.6,-5.8,25.8,19.1,16
4370,73382.0,-1.2000000000000002,-3.3000000000000003,1.2000000000000002,-3.6,2.5,8.700000000000001,-8.0,22.3,19.200000000000003,16
4371,73399.0,-1.7000000000000002,-3.4000000000000004,1.1,-4.1000000000000005,2.4000000000000004,8.6,-3.8,2.2,18.5,16
4372,73415.0,-2.2,-3.0,0.0,-4.5,2.8000000000000003,7.5,-0.1,-9.0,19.6,16
4373,73432.0,-2.2,-2.7,-0.8,-4.5,3.1,6.800000000000001,1.1,-22.5,27.5,16
4374,73449.0,-1.9000000000000001,-2.1,-1.8,-4.1000000000000005,3.7,5.800000000000001,-11.5,-24.900000000000002,37.1,16
4375,73465.0,-1.5,-1.6,-1.8,-3.6,4.2,5.800000000000001,-28.900000000000002,-21.300000000000004,40.7,16
4376,73482.0,-1.3,-1.1,-1.5,-3.4000000000000004,4.6000000000000005,6.1000000000000005,-37.1,-16.0,41.7,16
4377,73499.0,-1.1,-0.5,-0.9,-3.0,5.1000000000000005,6.800000000000001,-47.900000000000006,-0.8,40.4,16
4378,73515.0,-1.2000000000000002,0.1,-1.3,-3.1,5.6000000000000005,6.5,-52.5,8.600000000000001,38.50000000000001,16
4379,73532.0,-1.6,0.30000000000000004,-1.6,-3.5,5.6000000000000005,6.300000000000001,-73.5,25.5,35.5,16
4380,73551.0,-2.6,0.5,-1.3,-4.5,5.6000000000000005,6.7,-122.20000000000002,40.6,33.800000000000004,16
4381,73566.0,-3.0,0.2,2.1,-5.0,4.9,10.4,-170.8,37.800000000000004,39.8,16
4382,73582.0,-2.6,-0.2,4.3,-4.7,4.3,12.8,-174.5,24.8,44.2,16
4383,73599.0,-1.5,-0.5,6.7,-3.6,3.5,15.5,-136.0,-10.8,45.6,16
4384,73615.0,-0.5,0.30000000000000004,5.0,-2.4000000000000004,4.1000000000000005,13.9,-68.60000000000001,-28.400000000000002,38.800000000000004,16
4385,73635.0,-0.4,0.7000000000000001,1.8,-2.2,4.4,10.8,-20.400000000000002,-13.6,27.2,16
4386,73649.0,-0.30000000000000004,0.8,0.5,-2.1,4.5,9.5,-8.0,2.1,23.3,16
4387,73670.0,-0.2,1.1,-1.0,-2.1,4.800000000000001,8.0,-0.2,35.9,16.4,16
4388,73682.0,-0.30000000000000004,1.0,-1.2000000000000002,-2.3000000000000003,4.7,7.7,-0.8,50.400000000000006,14.200000000000001,16
4389,73699.0,-0.5,0.4,-1.2000000000000002,-2.6,4.2,7.7,1.3,66.1,16.4,16
4390,73715.0,-0.2,0.0,-1.4000000000000001,-2.5,3.8000000000000003,7.4,8.2,66.2,22.2,16
4391,73732.0,0.0,-0.2,-1.6,-2.3000000000000003,3.7,7.2,11.8,63.599999999999994,25.4,16
4392,73749.0,0.6000000000000001,-0.30000000000000004,-2.4000000000000004,-1.9000000000000001,3.6,6.300000000000001,17.400000000000002,54.1,31.3,16
4393,73765.0,0.8,-0.30000000000000004,-3.0,-1.7000000000000002,3.6,5.6000000000000005,16.8,45.8,35.699999999999996,16
4394,73782.0,1.0,-0.30000000000000004,-3.2,-1.6,3.7,5.4,14.600000000000001,43.900000000000006,38.2,16
4395,73799.0,1.4000000000000001,-0.1,-3.2,-1.3,4.0,5.300000000000001,8.700000000000001,42.0,44.300000000000004,16
4396,73815.0,1.7000000000000002,0.30000000000000004,-2.8000000000000003,-1.0,4.5,5.6000000000000005,-2.3,39.0,47.400000000000006,16
4397,73832.0,1.8,0.5,-2.3000000000000003,-0.9,4.7,6.1000000000000005,-8.0,37.0,47.900000000000006,16
4398,73849.0,1.9000000000000001,1.0,-1.2000000000000002,-0.8,5.1000000000000005,7.2,-15.700000000000001,32.9,47.3,16
4399,73865.0,1.6,1.6,-0.30000000000000004,-1.1,5.7,8.1,-16.5,31.5,45.6,16
4400,73882.0,1.7000000000000002,1.8,0.1,-1.1,5.9,8.4,-16.700000000000003,29.900000000000006,44.8,16
4401,73899.0,1.5,1.8,1.3,-1.2000000000000002,6.0,9.600000000000001,-18.200000000000003,21.1,38.300000000000004,16
4402,73915.0,1.4000000000000001,1.9000000000000001,2.0,-1.5,6.2,11.0,-9.700000000000001,14.0,29.400000000000002,16
4403,73932.0,1.2000000000000002,2.1,3.0,-1.5,6.300000000000001,11.4,-0.1,11.6,25.900000000000002,16
4404,73950.0,1.3,2.1,2.9000000000000004,-1.4000000000000001,6.4,11.3,24.900000000000002,2.2,20.0,16
4405,73966.0,1.6,2.3000000000000003,1.6,-1.0,6.7,10.0,44.5,-14.300000000000002,12.8,16
4406,73982.0,1.6,2.3000000000000003,1.1,-1.0,6.9,9.4,47.7,-22.1,7.500000000000001,16
4407,73999.0,1.3,2.4000000000000004,0.9,-1.2000000000000002,7.0,9.200000000000001,46.300000000000004,-30.200000000000003,-2.3,16
4408,74016.0,1.2000000000000002,2.3000000000000003,1.1,-1.3,6.9,9.700000000000001,46.4,-26.1,-9.899999999999999,16
4409,74032.0,1.1,2.0,1.5,-1.2000000000000002,7.0,9.600000000000001,48.400000000000006,-23.6,-13.200000000000003,16
4410,74049.0,1.0,2.0,1.1,-1.3,7.0,9.3,50.1,-23.800000000000004,-18.0,16
4411,74066.0,0.8,2.2,0.7000000000000001,-1.5,7.4,8.8,42.2,-29.500000000000004,-17.1,16
4412,74082.0,0.8,2.3000000000000003,0.30000000000000004,-1.3,7.800000000000001,8.1,32.7,-31.6,-14.900000000000002,16
4413,74099.0,0.9,2.8000000000000003,0.0,-1.3,8.1,8.1,-4.1,-32.6,-9.700000000000001,16
4414,74116.0,1.2000000000000002,2.4000000000000004,2.1,-0.8,7.5,10.3,-48.2,-35.1,-3.0,16
4415,74133.0,1.4000000000000001,1.4000000000000001,3.9000000000000004,-0.7000000000000001,6.4,12.200000000000001,-61.199999999999996,-39.2,-2.7,16
4416,74150.0,1.8,-0.30000000000000004,6.6000000000000005,-0.1,4.7,15.100000000000001,-50.900000000000006,-59.20000000000001,-12.9,16
4417,74165.0,2.0,-0.7000000000000001,5.9,0.30000000000000004,4.1000000000000005,14.5,-2.8,-71.9,-31.400000000000002,16
4418,74182.0,1.8,-0.7000000000000001,3.0,0.30000000000000004,4.2,11.700000000000001,42.0,-56.2,-49.199999999999996,16
4419,74199.0,1.7000000000000002,-0.8,1.7000000000000002,0.2,4.2,10.3,52.2,-38.800000000000004,-56.6,16
4420,74215.0,1.7000000000000002,-1.0,0.1,0.1,4.1000000000000005,8.700000000000001,55.3,-8.100000000000001,-71.10000000000001,16
4421,74233.0,1.4000000000000001,-1.1,-0.2,-0.7000000000000001,4.0,8.0,53.400000000000006,2.1,-77.9,16
4422,74251.0,0.8,-1.2000000000000002,-0.4,-1.0,4.0,8.0,48.9,11.4,-86.1,16
4423,74274.0,0.0,-1.9000000000000001,0.6000000000000001,-2.1,3.5,8.8,59.300000000000004,7.400000000000001,-83.80000000000001,16
4424,74284.0,-0.2,-2.1,0.4,-2.4000000000000004,3.3000000000000003,8.5,67.7,5.300000000000001,-82.10000000000001,16
4425,74299.0,-0.30000000000000004,-2.3000000000000003,-0.1,-2.6,3.2,8.0,75.1,3.3000000000000007,-80.30000000000001,16
4426,74315.0,-0.30000000000000004,-2.5,-1.1,-2.8000000000000003,3.2,6.800000000000001,83.00000000000001,0.9000000000000001,-75.1,16
4427,74335.0,-0.1,-2.8000000000000003,-1.9000000000000001,-2.7,3.0,5.9,83.80000000000001,-5.0,-68.2,16
4428,74349.0,0.1,-2.9000000000000004,-2.2,-2.5,2.9000000000000004,5.4,83.10000000000001,-9.2,-65.0,16
4429,74366.0,0.30000000000000004,-3.0,-3.0,-2.4000000000000004,3.0,4.5,76.60000000000001,-16.1,-59.1,16
4430,74382.0,0.30000000000000004,-2.9000000000000004,-3.1,-2.5,3.2,4.2,65.6,-18.200000000000003,-53.0,16
4431,74399.0,0.2,-2.7,-2.9000000000000004,-2.6,3.3000000000000003,4.3,59.40000000000001,-17.200000000000003,-49.0,16
4432,74415.0,0.1,-2.6,-2.3000000000000003,-2.7,3.6,4.800000000000001,49.699999999999996,-13.8,-40.4,16
4433,74432.0,0.2,-2.4000000000000004,-1.7000000000000002,-2.7,3.8000000000000003,5.300000000000001,46.4,-12.100000000000001,-29.500000000000004,16
4434,74449.0,0.2,-2.3000000000000003,-1.9000000000000001,-2.7,4.0,5.1000000000000005,45.9,-13.100000000000001,-24.0,16
4435,74466.0,0.2,-1.8,-2.3000000000000003,-2.7,4.5,4.6000000000000005,34.900000000000006,-16.6,-13.3,16
4436,74482.0,-0.1,-1.6,-1.8,-3.0,4.7,5.1000000000000005,11.3,-17.1,-3.6000000000000005,16
4437,74499.0,-0.2,-1.5,-1.2000000000000002,-3.0,4.800000000000001,5.7,-0.30000000000000004,-17.0,0.7,16
4438,74515.0,-0.8,-1.5,0.4,-3.6,4.800000000000001,7.300000000000001,-14.400000000000002,-15.2,8.4,16
4439,74532.0,-2.7,-1.5,1.7000000000000002,-5.5,4.800000000000001,8.6,-12.4,-4.9,23.2,16
4440,74549.0,-3.9000000000000004,-1.6,2.1,-6.7,4.7,9.0,-6.4,1.4,38.2,16
4441,74565.0,-4.2,-1.5,1.8,-6.800000000000001,4.9,8.8,7.8,14.5,81.10000000000001,16
4442,74582.0,-1.8,-1.0,0.9,-4.2,5.5,7.9,13.5,22.000000000000004,108.2,16
4443,74599.0,-0.5,-0.7000000000000001,0.4,-2.9000000000000004,5.800000000000001,7.300000000000001,11.900000000000002,22.5,106.80000000000001,16
4444,74615.0,0.5,-0.1,-0.4,-1.7000000000000002,6.5,6.5,5.2,13.900000000000002,82.8,16
4445,74632.0,-0.4,0.8,-1.2000000000000002,-2.5,7.5,5.6000000000000005,-7.699999999999999,16.200000000000003,54.0,16
4446,74650.0,-0.9,1.1,-1.7000000000000002,-3.0,7.7,5.2,-19.700000000000003,23.3,46.0,16
4447,74665.0,-1.0,1.5,-2.7,-3.1,8.0,4.2,-58.60000000000001,37.300000000000004,39.8,16
4448,74682.0,-1.0,1.8,-1.5,-3.2,8.200000000000001,5.7,-114.2,44.8,29.1,16
4449,74699.0,-1.3,1.6,0.1,-3.4000000000000004,7.800000000000001,7.4,-136.6,44.8,21.6,16
4450,74715.0,-1.6,1.1,3.4000000000000004,-3.8000000000000003,6.9,11.0,-149.10000000000002,24.8,6.2,16
4451,74732.0,-1.5,0.7000000000000001,5.2,-3.8000000000000003,6.2,13.0,-125.50000000000001,-14.600000000000001,-9.700000000000001,16
4452,74749.0,-1.5,0.5,5.5,-3.8000000000000003,5.9,13.5,-102.10000000000001,-29.700000000000006,-16.3,16
4453,74765.0,-0.6000000000000001,0.6000000000000001,4.9,-2.8000000000000003,5.800000000000001,13.100000000000001,-39.0,-24.599999999999998,-26.1,16
4454,74782.0,0.30000000000000004,0.8,2.6,-2.0,5.9,10.8,27.9,21.400000000000002,-43.00000000000001,16
4455,74799.0,0.4,0.7000000000000001,1.1,-2.2,6.0,7.9,53.599999999999994,48.50000000000001,-52.1,16
4456,74816.0,0.30000000000000004,0.7000000000000001,-1.1,-2.4000000000000004,6.1000000000000005,6.7,81.60000000000001,90.5,-65.0,16
4457,74833.0,-0.1,0.4,-2.3000000000000003,-3.2,5.9,5.300000000000001,83.30000000000001,111.20000000000002,-68.0,16
4458,74850.0,0.1,-0.1,-3.0,-3.4000000000000004,5.6000000000000005,4.3,69.4,106.0,-61.10000000000001,16
4459,74868.0,0.2,-0.30000000000000004,-3.0,-3.5,5.4,4.1000000000000005,59.1,94.6,-55.8,16
4460,74882.0,0.5,-0.7000000000000001,-2.6,-3.5,5.0,4.4,40.9,66.3,-43.00000000000001,16
4461,74899.0,1.0,-1.0,-2.2,-3.2,4.800000000000001,4.6000000000000005,30.699999999999996,45.8,-28.600000000000005,16
4462,74915.0,1.2000000000000002,-1.1,-2.1,-3.0,4.7,4.6000000000000005,28.700000000000003,39.400000000000006,-21.200000000000003,16
4463,74932.0,1.7000000000000002,-0.8,-1.9000000000000001,-2.7,5.1000000000000005,4.7,26.200000000000003,34.1,-6.600000000000001,16
4464,74949.0,2.1,-0.5,-1.8,-2.3000000000000003,5.300000000000001,4.7,25.200000000000003,33.1,-0.7,16
4465,74965.0,2.3000000000000003,-0.2,-1.7000000000000002,-2.1,5.800000000000001,4.800000000000001,21.6,30.1,5.8,16
4466,74982.0,2.5,0.5,-1.4000000000000001,-1.9000000000000001,6.5,4.9,13.900000000000002,26.000000000000004,7.400000000000001,16
4467,74999.0,2.0,1.2000000000000002,-1.1,-2.4000000000000004,7.2,5.2,4.1,25.200000000000003,9.5,16
4468,75015.0,1.9000000000000001,1.4000000000000001,-1.1,-2.6,7.4,5.2,-3.0,22.1,11.900000000000002,16
4469,75032.0,1.5,1.6,-0.30000000000000004,-2.9000000000000004,7.6000000000000005,5.9,-21.7,5.300000000000001,15.399999999999999,16
4470,75049.0,1.4000000000000001,1.7000000000000002,0.6000000000000001,-3.0,7.7,7.0,-35.699999999999996,-21.900000000000002,18.200000000000003,16
4471,75065.0,1.6,1.7000000000000002,1.0,-2.7,7.7,7.5,-37.9,-38.400000000000006,20.599999999999998,16
4472,75082.0,2.2,1.7000000000000002,2.2,-1.8,7.6000000000000005,8.8,-33.6,-69.5,21.900000000000002,16
4473,75099.0,2.3000000000000003,1.7000000000000002,3.0,-1.5,7.6000000000000005,9.9,-18.5,-91.8,15.000000000000002,16
4474,75115.0,2.4000000000000004,1.6,3.3000000000000003,-1.3,7.5,10.200000000000001,-9.100000000000001,-97.8,8.4,16
4475,75135.0,2.2,1.5,3.6,-1.3,7.5,10.600000000000001,11.1,-101.30000000000001,-11.000000000000002,16
4476,75149.0,2.0,1.5,3.6,-1.4000000000000001,7.4,10.5,23.800000000000004,-98.60000000000001,-20.900000000000002,16
4477,75166.0,1.7000000000000002,1.3,2.8000000000000003,-1.5,7.4,10.0,51.1,-81.7,-35.5,16
4478,75186.0,1.3,1.5,1.3,-1.8,7.7,8.4,63.599999999999994,-59.300000000000004,-42.60000000000001,16
4479,75199.0,1.3,1.7000000000000002,0.5,-1.8,8.3,7.300000000000001,42.1,-43.2,-48.70000000000001,16
4480,75215.0,1.0,1.9000000000000001,0.4,-2.1,8.200000000000001,7.5,23.099999999999998,-43.4,-52.1,16
4481,75232.0,0.1,1.0,1.9000000000000001,-3.0,7.2,9.0,-10.600000000000001,-57.60000000000001,-53.400000000000006,16
4482,75249.0,-0.6000000000000001,0.1,3.1,-3.6,6.2,10.4,-33.400000000000006,-82.10000000000001,-49.50000000000001,16
4483,75265.0,-0.5,-0.5,3.7,-3.4000000000000004,5.5,11.100000000000001,-38.900000000000006,-97.8,-46.4,16
4484,75282.0,0.0,-1.4000000000000001,4.0,-2.7,4.5,11.600000000000001,-32.6,-122.79999999999998,-42.800000000000004,16
4485,75299.0,0.7000000000000001,-1.8,2.5,-1.8,4.0,10.3,-11.8,-128.8,-44.4,16
4486,75315.0,0.9,-1.9000000000000001,1.5,-1.4000000000000001,3.9000000000000004,9.3,-2.4000000000000004,-123.6,-47.80000000000001,16
4487,75332.0,1.4000000000000001,-1.8,-0.4,-0.7000000000000001,3.9000000000000004,7.5,10.8,-100.6,-56.9,16
4488,75349.0,1.3,-1.4000000000000001,-1.7000000000000002,-0.7000000000000001,4.3,6.300000000000001,12.5,-62.300000000000004,-70.2,16
4489,75365.0,0.9,-1.4000000000000001,-1.7000000000000002,-1.1,4.3,6.2,10.5,-41.7,-76.4,16
4490,75385.0,-0.1,-1.7000000000000002,-1.2000000000000002,-2.3000000000000003,4.0,6.7,15.399999999999999,-10.8,-80.60000000000001,16
4491,75400.0,-0.30000000000000004,-2.0,-1.5,-2.6,3.7,6.300000000000001,30.9,-2.0,-75.4,16
4492,75415.0,-0.1,-2.1,-1.8,-2.5,3.5,5.9,39.0,-4.0,-72.80000000000001,16
4493,75432.0,-0.1,-2.1,-2.1,-2.6,3.6,5.6000000000000005,55.1,-6.0,-71.10000000000001,16
4494,75450.0,-0.7000000000000001,-1.9000000000000001,-2.6,-3.3000000000000003,3.9000000000000004,4.9,71.6,3.4,-65.4,16
4495,75467.0,-0.8,-1.8,-2.9000000000000004,-3.5,4.1000000000000005,4.5,76.5,7.400000000000001,-57.800000000000004,16
4496,75483.0,-0.1,-1.5,-3.4000000000000004,-2.9000000000000004,4.5,3.8000000000000003,77.4,3.3000000000000007,-38.7,16
4497,75499.0,0.8,-0.6000000000000001,-3.8000000000000003,-2.0,5.5,3.3000000000000003,63.599999999999994,-16.900000000000002,-26.400000000000006,16
4498,75515.0,1.0,0.1,-3.8000000000000003,-1.8,7.1000000000000005,3.4000000000000004,49.199999999999996,-28.400000000000002,-23.700000000000003,16
4499,75532.0,0.9,1.7000000000000002,-3.3000000000000003,-1.9000000000000001,7.9,3.7,8.3,-39.9,-17.799999999999997,16
4500,75549.0,-0.2,2.6,-1.0,-2.9000000000000004,8.8,6.0,-42.400000000000006,-30.200000000000003,-10.5,16
4501,75566.0,-0.6000000000000001,2.9000000000000004,0.9,-3.3000000000000003,8.6,9.9,-60.900000000000006,-21.200000000000003,-3.2,16
4502,75584.0,-0.4,1.9000000000000001,4.2,-3.0,7.9,11.5,-67.8,-12.100000000000001,13.200000000000003,16
4503,75599.0,0.5,0.5,5.9,-2.1,6.300000000000001,13.4,-43.2,-32.6,14.200000000000001,16
4504,75615.0,0.9,0.2,5.6000000000000005,-1.2000000000000002,5.800000000000001,12.4,-25.4,-50.60000000000001,7.500000000000001,16
4505,75632.0,1.4000000000000001,-0.1,3.7,-0.9,5.7,11.4,3.5,-75.60000000000001,-7.9,16
4506,75649.0,1.7000000000000002,-0.6000000000000001,1.8,-0.4,5.2,9.5,23.800000000000004,-61.599999999999994,-20.1,16
4507,75665.0,1.6,-0.9,1.0,-0.6000000000000001,4.800000000000001,8.3,29.800000000000004,-41.4,-27.0,16
4508,75682.0,1.3,-1.4000000000000001,0.4,-0.8,4.6000000000000005,8.0,41.199999999999996,4.5,-37.2,16
4509,75699.0,1.2000000000000002,-1.0,-0.30000000000000004,-1.1,5.0,7.2,49.50000000000001,44.4,-43.900000000000006,16
4510,75715.0,0.4,-0.8,-0.30000000000000004,-2.1,5.300000000000001,7.0,47.400000000000006,58.800000000000004,-47.80000000000001,16
4511,75732.0,-0.2,-0.6000000000000001,-0.1,-2.9000000000000004,5.5,7.2,34.50000000000001,71.7,-53.300000000000004,16
4512,75750.0,-1.4000000000000001,-0.2,0.0,-4.3,5.9,7.2,16.0,62.0,-50.5,16
4513,75766.0,-1.9000000000000001,0.0,-0.2,-5.6000000000000005,6.5,6.5,1.2000000000000002,52.900000000000006,-45.9,16
4514,75782.0,-2.9000000000000004,0.8,-1.0,-6.2,6.7,6.1000000000000005,-49.199999999999996,28.200000000000003,-27.3,16
4515,75799.0,-3.1,0.2,1.0,-6.5,5.9,8.4,-119.8,-10.200000000000001,0.9000000000000001,16
4516,75815.0,-2.7,-1.1,5.300000000000001,-5.9,4.2,13.100000000000001,-144.5,-73.6,18.0,16
4517,75832.0,-2.3000000000000003,-1.4000000000000001,6.7,-5.300000000000001,3.8000000000000003,14.600000000000001,-129.4,-108.90000000000002,21.400000000000002,16
4518,75849.0,-1.3,-1.5,6.0,-3.9000000000000004,3.5,14.3,-62.800000000000004,-148.5,16.900000000000002,16
4519,75865.0,-0.9,-1.4000000000000001,3.1,-3.1,3.5,11.5,3.7000000000000006,-119.89999999999999,-3.6000000000000005,16
4520,75882.0,-0.9,-1.1,1.7000000000000002,-3.0,3.8000000000000003,10.100000000000001,26.5,-85.4,-14.600000000000001,16
4521,75900.0,-1.3,-0.5,0.0,-3.4000000000000004,4.5,8.3,51.1,0.8,-27.6,16
4522,75915.0,-1.4000000000000001,-0.30000000000000004,-1.4000000000000001,-3.7,4.800000000000001,6.800000000000001,58.400000000000006,53.300000000000004,-25.1,16
4523,75932.0,-1.4000000000000001,-0.30000000000000004,-2.0,-3.8000000000000003,4.9,6.1000000000000005,55.3,57.400000000000006,-21.500000000000004,16
4524,75949.0,-1.3,-0.4,-2.8000000000000003,-3.8000000000000003,5.0,5.2,38.400000000000006,34.1,-13.200000000000003,16
4525,75965.0,-0.9,-0.6000000000000001,-3.1,-3.5,4.800000000000001,4.800000000000001,18.3,-10.200000000000001,-6.300000000000001,16
4526,75983.0,-0.7000000000000001,-0.8,-3.2,-3.3000000000000003,4.6000000000000005,4.800000000000001,10.4,-30.3,-3.9,16
4527,75999.0,-0.5,-1.0,-3.1,-2.9000000000000004,4.5,4.800000000000001,3.3000000000000007,-51.2,-1.3,16
4528,76015.0,-0.2,-1.0,-3.3000000000000003,-2.5,4.5,4.6000000000000005,9.4,-41.50000000000001,0.9000000000000001,16
4529,76032.0,0.0,-1.0,-3.5,-2.2,4.5,4.4,14.5,-29.600000000000005,0.8,16
4530,76050.0,0.30000000000000004,-0.8,-3.5,-1.9000000000000001,4.7,4.4,24.400000000000002,3.4,-2.2,16
4531,76065.0,0.5,-0.4,-4.1000000000000005,-1.8,5.2,3.7,33.400000000000006,35.9,-5.6,16
4532,76082.0,0.5,-0.1,-4.5,-1.9000000000000001,5.5,3.2,32.9,44.6,-6.8,16
4533,76099.0,0.6000000000000001,0.7000000000000001,-4.3,-2.0,6.4,3.3000000000000003,21.900000000000002,53.599999999999994,-6.500000000000001,16
4534,76115.0,0.5,1.3,-3.0,-2.2,7.0,4.5,9.600000000000001,58.400000000000006,-6.8,16
4535,76132.0,0.4,1.5,-2.3000000000000003,-2.4000000000000004,7.300000000000001,5.1000000000000005,5.7,61.8,-7.0,16
4536,76149.0,0.6000000000000001,2.0,-1.6,-2.4000000000000004,7.7,5.7,1.3,68.1,-9.8,16
4537,76170.0,0.6000000000000001,2.1,-1.4000000000000001,-2.8000000000000003,7.9,6.5,-5.6,68.60000000000001,-17.300000000000004,16
4538,76182.0,0.0,2.3000000000000003,0.0,-3.3000000000000003,8.0,7.300000000000001,-6.500000000000001,65.89999999999999,-19.300000000000004,16
4539,76199.0,-0.30000000000000004,2.6,1.3,-3.8000000000000003,8.3,8.4,4.2,56.2,-19.300000000000004,16
4540,76215.0,-1.0,2.8000000000000003,1.6,-4.6000000000000005,8.6,8.700000000000001,18.0,46.4,-18.200000000000003,16
4541,76232.0,-1.2000000000000002,2.8000000000000003,2.0,-4.800000000000001,8.6,9.0,23.900000000000006,38.400000000000006,-15.299999999999999,16
4542,76249.0,-1.2000000000000002,2.3000000000000003,2.9000000000000004,-4.9,8.200000000000001,9.9,38.400000000000006,17.200000000000003,-9.3,16
4543,76265.0,-0.9,2.2,2.3000000000000003,-4.7,8.200000000000001,9.200000000000001,61.7,-8.0,-5.6,16
4544,76284.0,0.0,2.7,0.1,-3.8000000000000003,8.9,6.800000000000001,72.4,-30.200000000000003,-0.8,16
4545,76299.0,0.4,2.9000000000000004,-0.7000000000000001,-3.3000000000000003,9.200000000000001,6.0,65.89999999999999,-36.8,2.7,16
4546,76315.0,1.0,3.1,-1.1,-2.6,9.600000000000001,5.5,40.1,-49.699999999999996,8.0,16
4547,76333.0,1.2000000000000002,3.1,-0.9,-2.0,9.5,5.800000000000001,24.200000000000003,-53.300000000000004,9.0,16
4548,76350.0,1.4000000000000001,2.7,-0.5,-1.9000000000000001,9.3,6.2,-10.299999999999999,-57.400000000000006,7.1000000000000005,16
4549,76371.0,1.2000000000000002,1.6,1.6,-1.9000000000000001,8.0,8.5,-42.1,-56.0,2.6,16
4550,76383.0,1.3,0.8,2.9000000000000004,-1.8,7.300000000000001,9.9,-46.199999999999996,-55.60000000000001,1.3,16
4551,76399.0,2.1,-0.6000000000000001,3.7,-0.8,5.7,10.8,-27.6,-60.5,-6.300000000000001,16
4552,76415.0,2.9000000000000004,-1.0,2.2,0.1,5.2,9.5,-0.30000000000000004,-73.2,-23.400000000000002,16
4553,76432.0,3.0,-1.1,0.0,0.4,5.2,7.300000000000001,10.0,-78.60000000000001,-32.6,16
4554,76449.0,2.9000000000000004,-1.3,-1.1,0.30000000000000004,5.0,6.2,21.900000000000002,-85.1,-45.7,16
4555,76465.0,2.3000000000000003,-1.4000000000000001,-2.7,-0.1,4.9,4.6000000000000005,19.9,-80.60000000000001,-50.8,16
4556,76482.0,1.4000000000000001,-1.5,-3.1,-0.9,4.800000000000001,4.2,15.399999999999999,-71.10000000000001,-50.8,16
4557,76499.0,1.2000000000000002,-1.6,-3.0,-1.2000000000000002,4.6000000000000005,4.3,4.300000000000001,-38.7,-45.7,16
4558,76516.0,0.9,-1.6,-2.7,-1.5,4.6000000000000005,4.6000000000000005,-15.399999999999999,-11.2,-42.0,16
4559,76532.0,0.2,-1.6,0.1,-2.3000000000000003,4.5,7.5,-29.200000000000003,-10.600000000000001,-42.7,16
4560,76549.0,-0.2,-1.8,2.1,-2.7,4.2,9.5,-45.099999999999994,-28.0,-48.50000000000001,16
4561,76565.0,-0.6000000000000001,-2.1,5.1000000000000005,-3.1,3.7,12.600000000000001,-19.200000000000003,-50.0,-54.4,16
4562,76582.0,-0.5,-2.2,4.9,-2.9000000000000004,3.6,12.600000000000001,38.900000000000006,-50.60000000000001,-54.4,16
4563,76599.0,-0.2,-2.3000000000000003,3.7,-2.7,3.6,11.3,66.9,-42.7,-54.4,16
4564,76615.0,-0.1,-2.2,1.0,-2.6,3.8000000000000003,8.4,97.00000000000001,-24.8,-55.400000000000006,16
4565,76632.0,-0.30000000000000004,-1.7000000000000002,-0.9,-2.8000000000000003,4.5,6.4,98.10000000000001,-17.9,-50.8,16
4566,76649.0,-0.30000000000000004,-1.3,-1.7000000000000002,-2.9000000000000004,5.0,5.5,90.0,-18.5,-45.5,16
4567,76665.0,-0.4,-0.8,-2.4000000000000004,-3.1,5.6000000000000005,4.6000000000000005,61.599999999999994,-22.1,-31.5,16
4568,76684.0,-0.5,-0.7000000000000001,-2.3000000000000003,-3.1,5.800000000000001,4.6000000000000005,25.1,-24.200000000000003,-14.300000000000002,16
4569,76699.0,-0.2,-0.6000000000000001,-1.8,-2.8000000000000003,5.9,5.1000000000000005,8.600000000000001,-23.5,-6.300000000000001,16
4570,76715.0,0.30000000000000004,-0.9,-0.30000000000000004,-2.2,5.6000000000000005,6.6000000000000005,-12.7,-17.1,0.9000000000000001,16
4571,76732.0,0.5,-1.2000000000000002,0.5,-2.0,5.300000000000001,7.5,-15.2,-11.700000000000001,-0.4,16
4572,76752.0,0.30000000000000004,-1.1,1.0,-2.2,5.300000000000001,8.0,-12.600000000000001,-7.400000000000001,-3.3000000000000007,16
4573,76765.0,0.0,-1.1,1.1,-2.5,5.300000000000001,8.200000000000001,-3.9,10.4,-12.0,16
4574,76782.0,-0.7000000000000001,-1.1,1.1,-3.3000000000000003,5.2,8.1,7.1000000000000005,31.7,-18.700000000000003,16
4575,76799.0,-0.8,-1.1,0.9,-3.5,5.300000000000001,7.9,11.1,40.300000000000004,-20.2,16
4576,76816.0,-0.9,-1.0,0.30000000000000004,-3.8000000000000003,5.300000000000001,7.2,13.5,42.900000000000006,-23.6,16
4577,76832.0,-1.2000000000000002,-0.6000000000000001,-0.2,-4.2,5.800000000000001,6.6000000000000005,7.1000000000000005,24.900000000000002,-28.400000000000002,16
4578,76849.0,-1.2000000000000002,-0.6000000000000001,-0.2,-4.5,6.0,6.300000000000001,-0.2,14.700000000000001,-29.500000000000004,16
4579,76865.0,-1.6,-0.2,-1.2000000000000002,-4.7,6.0,5.7,-22.4,-10.200000000000001,-29.1,16
4580,76882.0,-1.7000000000000002,-0.4,-1.7000000000000002,-4.800000000000001,5.7,5.300000000000001,-54.0,-31.6,-28.0,16
4581,76899.0,-1.8,-0.4,-1.9000000000000001,-4.9,5.6000000000000005,5.1000000000000005,-74.80000000000001,-37.6,-26.5,16
4582,76915.0,-2.3000000000000003,-0.5,-1.2000000000000002,-5.4,5.2,6.1000000000000005,-126.89999999999999,-42.3,-22.000000000000004,16
4583,76932.0,-2.2,-1.0,2.3000000000000003,-5.300000000000001,4.3,10.0,-159.6,-46.1,-17.1,16
4584,76950.0,-2.2,-1.5,3.8000000000000003,-5.0,3.1,12.600000000000001,-154.00000000000003,-48.9,-18.1,16
4585,76973.0,-1.8,-1.5,4.5,-4.7,3.2,12.600000000000001,-105.3,-53.599999999999994,-22.5,16
4586,76982.0,-1.6,-1.3,2.5,-4.4,3.2,10.8,-42.5,-40.6,-24.0,16
4587,76999.0,-1.4000000000000001,-1.1,0.9,-4.2,3.3000000000000003,9.200000000000001,-18.1,-28.400000000000002,-22.8,16
4588,77015.0,-1.0,-0.7000000000000001,-2.0,-3.9000000000000004,3.7,6.300000000000001,1.3,2.6,-19.1,16
4589,77032.0,-0.9,-0.5,-3.0,-3.6,4.2,4.7,-15.2,26.9,-14.0,16
4590,77049.0,-0.7000000000000001,0.1,-3.8000000000000003,-3.8000000000000003,4.4,4.800000000000001,-31.3,31.9,-11.8,16
4591,77068.0,-0.8,0.1,-3.0,-3.9000000000000004,4.3,5.4,-63.4,30.699999999999996,-7.400000000000001,16
4592,77082.0,-0.8,0.4,-1.5,-3.9000000000000004,4.3,6.9,-77.20000000000002,28.200000000000003,-1.7,16
4593,77099.0,-0.8,0.5,-0.6000000000000001,-4.0,4.3,7.800000000000001,-75.1,29.1,1.7,16
4594,77115.0,-0.6000000000000001,0.7000000000000001,0.4,-3.9000000000000004,4.3,8.9,-54.300000000000004,33.7,8.5,16
4595,77132.0,-0.4,0.9,0.6000000000000001,-3.8000000000000003,4.5,9.0,-25.7,37.2,13.700000000000001,16
4596,77149.0,-0.30000000000000004,1.0,0.30000000000000004,-3.7,4.7,8.3,-11.3,36.300000000000004,16.8,16
4597,77169.0,0.1,1.6,-1.1,-3.5,5.300000000000001,7.300000000000001,10.700000000000001,32.7,24.400000000000002,16
4598,77187.0,0.2,1.8,-1.5,-3.4000000000000004,5.5,6.800000000000001,16.6,25.4,33.2,16
4599,77199.0,0.30000000000000004,2.1,-1.9000000000000001,-3.3000000000000003,5.9,6.4,13.5,18.6,37.800000000000004,16
4600,77215.0,0.5,2.7,-2.1,-3.0,6.5,6.2,-3.7000000000000006,-2.8,47.0,16
4601,77232.0,0.7000000000000001,3.1,-1.1,-2.7,6.9,7.2,-25.5,-24.400000000000002,53.7,16
4602,77249.0,0.9,2.9000000000000004,0.4,-2.3000000000000003,6.800000000000001,8.8,-34.400000000000006,-36.9,54.9,16
4603,77271.0,1.1,2.6,1.5,-1.9000000000000001,6.5,10.0,-24.900000000000002,-34.1,50.60000000000001,16
4604,77282.0,1.3,2.4000000000000004,1.6,-1.6,6.2,10.100000000000001,-14.700000000000001,-32.8,46.300000000000004,16
4605,77299.0,1.6,2.2,1.6,-1.2000000000000002,6.0,10.100000000000001,-3.6000000000000005,-32.2,39.8,16
4606,77315.0,1.5,2.0,1.2000000000000002,-1.2000000000000002,6.0,9.8,17.6,-33.2,21.0,16
4607,77332.0,1.0,1.9000000000000001,0.7000000000000001,-1.6,6.0,9.3,31.2,-30.9,3.4,16
4608,77349.0,0.5,1.8,0.8,-2.0,6.0,9.4,37.0,-19.6,-8.3,16
4609,77368.0,0.30000000000000004,1.5,1.0,-2.6,5.4,9.8,37.800000000000004,-13.000000000000002,-13.6,16
4610,77382.0,-0.4,0.8,1.6,-2.9000000000000004,5.2,10.100000000000001,40.300000000000004,-7.8,-22.1,16
4611,77399.0,-0.6000000000000001,0.8,1.4000000000000001,-3.1,5.300000000000001,9.9,44.9,-8.8,-23.0,16
4612,77415.0,-0.5,1.1,0.7000000000000001,-3.0,5.7,9.1,50.1,-15.8,-16.200000000000003,16
4613,77432.0,-0.30000000000000004,1.5,-0.6000000000000001,-2.7,6.2,7.800000000000001,29.800000000000004,-36.9,-3.6000000000000005,16
4614,77449.0,0.1,2.5,-0.30000000000000004,-2.2,7.1000000000000005,8.200000000000001,-20.7,-58.1,4.4,16
4615,77468.0,0.1,2.2,2.7,-1.9000000000000001,6.7,11.3,-67.00000000000001,-64.50000000000001,12.299999999999999,16
4616,77482.0,0.5,1.4000000000000001,4.4,-1.5,5.9,13.100000000000001,-74.7,-64.4,16.6,16
4617,77499.0,1.7000000000000002,0.1,6.6000000000000005,0.0,4.4,15.5,-57.400000000000006,-75.2,12.7,16
4618,77515.0,2.1,0.0,6.5,0.5,4.2,15.5,-36.1,-79.39999999999999,4.7,16
4619,77532.0,2.2,0.6000000000000001,4.1000000000000005,0.8,4.7,13.200000000000001,5.8,-67.5,-11.8,16
4620,77549.0,1.8,0.6000000000000001,1.6,0.6000000000000001,4.800000000000001,10.600000000000001,21.8,-44.00000000000001,-24.3,16
4621,77573.0,1.3,0.7000000000000001,0.6000000000000001,0.1,5.0,9.600000000000001,18.5,-14.300000000000002,-34.2,16
4622,77582.0,0.9,0.5,0.4,-0.30000000000000004,4.800000000000001,9.4,16.3,1.1,-37.2,16
4623,77598.0,0.4,-0.1,0.2,-0.9,4.3,9.200000000000001,17.9,23.5,-39.699999999999996,16
4624,77615.0,0.4,-0.4,0.1,-1.0,4.0,9.1,21.6,27.6,-41.6,16
4625,77632.0,0.0,-1.1,-0.1,-1.5,3.3000000000000003,8.9,33.800000000000004,23.2,-49.50000000000001,16
4626,77649.0,-0.4,-1.6,-0.6000000000000001,-2.1,2.9000000000000004,8.200000000000001,52.1,9.899999999999999,-59.20000000000001,16
4627,77668.0,-1.1,-1.9000000000000001,-1.5,-2.8000000000000003,2.8000000000000003,7.300000000000001,68.2,1.1,-65.0,16
4628,77682.0,-1.3,-2.1,-1.7000000000000002,-3.2,2.6,6.9,73.6,0.0,-64.7,16
4629,77699.0,-1.4000000000000001,-2.4000000000000004,-2.2,-3.4000000000000004,2.6,6.300000000000001,84.0,-2.7,-57.1,16
4630,77717.0,-1.0,-2.4000000000000004,-2.6,-3.0,2.7,5.7,89.0,-6.9,-44.6,16
4631,77732.0,-0.8,-2.5,-2.7,-2.8000000000000003,2.7,5.5,86.8,-13.000000000000002,-39.699999999999996,16
4632,77749.0,-0.6000000000000001,-2.7,-2.7,-2.6,2.8000000000000003,5.4,76.60000000000001,-34.7,-32.0,16
4633,77768.0,-0.30000000000000004,-2.3000000000000003,-2.2,-2.3000000000000003,3.3000000000000003,5.7,64.2,-56.2,-26.200000000000003,16
4634,77782.0,-0.4,-2.1,-2.0,-2.3000000000000003,3.5,5.9,59.00000000000001,-60.6,-23.5,16
4635,77799.0,-0.30000000000000004,-1.7000000000000002,-1.9000000000000001,-2.0,4.0,6.0,45.400000000000006,-46.300000000000004,-15.100000000000001,16
4636,77815.0,0.0,-1.5,-1.7000000000000002,-1.5,4.3,6.5,36.0,-33.7,-11.4,16
4637,77832.0,0.30000000000000004,-1.5,-0.5,-1.5,4.3,7.300000000000001,17.9,-16.4,-9.5,16
4638,77849.0,-0.1,-1.4000000000000001,1.2000000000000002,-1.8,4.4,9.0,14.100000000000001,-10.5,-11.3,16
4639,77876.0,-0.7000000000000001,-1.5,1.5,-2.5,4.6000000000000005,8.9,22.1,-9.2,-10.200000000000001,16
4640,77882.0,-0.8,-1.3,1.1,-2.5,4.6000000000000005,8.9,23.900000000000006,-10.4,-7.9,16
4641,77899.0,-1.1,-1.2000000000000002,0.8,-2.7,4.7,8.5,17.9,-14.200000000000001,-3.3000000000000007,16
4642,77915.0,-0.7000000000000001,-1.0,0.7000000000000001,-2.3000000000000003,4.9,8.4,13.8,-14.400000000000002,0.0,16
4643,77932.0,-0.2,-1.1,0.7000000000000001,-1.8,4.9,8.4,7.200000000000001,-15.6,6.4,16
4644,77948.0,0.5,-1.4000000000000001,0.9,-1.1,4.6000000000000005,8.6,5.8,-25.5,-0.30000000000000004,16
4645,77966.0,0.7000000000000001,-1.2000000000000002,1.0,-0.8,4.800000000000001,8.700000000000001,7.8,-36.5,-21.300000000000004,16
4646,77982.0,0.4,-1.4000000000000001,1.0,-1.0,4.6000000000000005,8.700000000000001,10.1,-42.7,-33.7,16
4647,77999.0,-0.7000000000000001,-1.3,0.2,-2.1,4.7,7.9,16.0,-46.6,-50.5,16
4648,78015.0,-1.6,-0.4,-1.3,-3.1,5.6000000000000005,6.4,9.100000000000001,-27.0,-49.699999999999996,16
4649,78032.0,-1.9000000000000001,-0.1,-2.1,-3.4000000000000004,5.9,5.6000000000000005,-3.9,-14.900000000000002,-43.300000000000004,16
4650,78048.0,-2.2,0.4,-2.2,-3.8000000000000003,6.2,5.6000000000000005,-49.50000000000001,-0.9000000000000001,-24.3,16
4651,78067.0,-2.2,0.0,0.0,-3.8000000000000003,5.6000000000000005,8.0,-97.00000000000001,-5.300000000000001,-9.8,16
4652,78082.0,-2.2,-0.30000000000000004,1.4000000000000001,-3.8000000000000003,5.1000000000000005,9.4,-108.7,-10.8,-6.9,16
4653,78099.0,-2.3000000000000003,-0.8,3.2,-3.9000000000000004,4.3,11.5,-102.60000000000001,-20.900000000000002,-4.300000000000001,16
4654,78115.0,-2.5,-1.0,3.4000000000000004,-4.1000000000000005,4.0,11.8,-68.3,-22.1,-1.6,16
4655,78132.0,-2.6,-0.7000000000000001,2.7,-4.2,4.1000000000000005,11.200000000000001,-47.5,-15.100000000000001,0.2,16
4656,78149.0,-2.4000000000000004,-0.2,0.30000000000000004,-3.9000000000000004,4.6000000000000005,8.8,-17.9,8.100000000000001,6.0,16
4657,78171.0,-2.3000000000000003,0.0,-1.6,-3.9000000000000004,4.7,6.9,-12.100000000000001,27.3,11.5,16
4658,78182.0,-2.3000000000000003,0.0,-2.3000000000000003,-4.0,4.7,6.2,-14.900000000000002,33.7,14.900000000000002,16
4659,78199.0,-2.3000000000000003,0.0,-3.0,-4.0,4.7,5.5,-24.8,42.400000000000006,23.800000000000004,16
4660,78217.0,-2.0,-0.30000000000000004,-3.0,-3.9000000000000004,4.3,5.5,-36.0,45.9,33.50000000000001,16
4661,78234.0,-1.7000000000000002,-0.7000000000000001,-2.5,-3.7,3.8000000000000003,6.1000000000000005,-39.400000000000006,45.5,37.400000000000006,16
4662,78249.0,-1.5,-0.8,-2.3000000000000003,-3.5,3.6,6.2,-36.5,43.900000000000006,43.1,16
4663,78267.0,-1.2000000000000002,-1.0,-2.0,-3.2,3.4000000000000004,6.5,-23.5,44.00000000000001,46.800000000000004,16
4664,78282.0,-1.0,-1.0,-2.0,-3.1,3.4000000000000004,6.5,-14.300000000000002,45.400000000000006,49.0,16
4665,78299.0,-0.6000000000000001,-0.7000000000000001,-2.5,-2.7,3.7,6.0,2.9,49.800000000000004,54.0,16
4666,78315.0,0.1,0.1,-3.6,-2.1,4.6000000000000005,4.7,7.200000000000001,48.800000000000004,61.199999999999996,16
4667,78332.0,0.5,0.5,-3.9000000000000004,-1.8,5.1000000000000005,4.5,-0.8,46.4,64.4,16
4668,78349.0,0.9,1.6,-3.6,-1.3,6.1000000000000005,4.7,-25.4,32.7,69.7,16
4669,78369.0,1.3,2.3000000000000003,-2.6,-0.9,6.800000000000001,5.800000000000001,-54.199999999999996,19.1,72.60000000000001,16
4670,78382.0,1.4000000000000001,2.6,-1.8,-0.7000000000000001,7.0,6.6000000000000005,-68.0,13.200000000000003,71.9,16
4671,78399.0,1.4000000000000001,2.5,1.1,-0.6000000000000001,6.7,9.600000000000001,-84.69999999999999,6.600000000000001,66.1,16
4672,78415.0,1.8,2.1,3.7,-0.2,6.2,12.4,-72.2,3.8,53.8,16
4673,78432.0,2.1,2.0,4.5,0.2,6.0,13.200000000000001,-55.3,0.5,44.6,16
4674,78449.0,3.0,2.0,5.1000000000000005,1.2000000000000002,5.9,13.8,-8.0,-9.899999999999999,19.799999999999997,16
4675,78469.0,3.3000000000000003,2.2,3.7,1.5,6.300000000000001,12.5,40.4,-14.600000000000001,-11.8,16
4676,78482.0,3.2,2.3000000000000003,2.7,1.4000000000000001,6.5,11.4,56.7,-15.100000000000001,-26.5,16
4677,78499.0,2.7,2.4000000000000004,1.3,1.0,6.7,9.9,71.8,-17.1,-50.5,16
4678,78515.0,2.1,2.3000000000000003,0.8,0.30000000000000004,6.800000000000001,9.4,70.0,-13.700000000000001,-67.10000000000001,16
4679,78532.0,1.7000000000000002,2.2,0.9,-0.1,6.800000000000001,9.4,68.4,-11.6,-72.50000000000001,16
4680,78549.0,1.0,2.4000000000000004,0.9,-0.9,7.2,9.3,70.0,-8.600000000000001,-75.4,16
4681,78566.0,0.4,2.8000000000000003,0.30000000000000004,-1.5,7.800000000000001,8.6,62.199999999999996,-11.5,-69.4,16
4682,78583.0,0.2,3.3000000000000003,0.4,-1.9000000000000001,8.4,8.700000000000001,32.1,-9.700000000000001,-60.300000000000004,16
4683,78598.0,0.1,3.3000000000000003,1.1,-2.1,8.4,9.3,12.5,-5.300000000000001,-55.60000000000001,16
4684,78615.0,0.4,2.3000000000000003,3.5,-1.8,7.4,11.8,-13.900000000000002,-3.1,-46.7,16
4685,78632.0,0.7000000000000001,1.6,4.7,-1.5,5.7,14.0,-15.000000000000002,-7.200000000000001,-45.8,16
4686,78649.0,0.6000000000000001,-0.1,5.800000000000001,-1.7000000000000002,4.9,14.200000000000001,9.100000000000001,-23.5,-50.2,16
4687,78669.0,0.30000000000000004,-0.30000000000000004,3.7,-1.9000000000000001,4.800000000000001,12.100000000000001,47.2,-39.300000000000004,-50.900000000000006,16
4688,78682.0,0.30000000000000004,-0.30000000000000004,0.7000000000000001,-1.8,4.9,9.1,60.5,-41.50000000000001,-45.2,16
4689,78700.0,0.4,-0.6000000000000001,-0.4,-1.8,4.7,7.9,56.300000000000004,-40.1,-42.800000000000004,16
4690,78715.0,0.2,-0.8,-1.8,-1.9000000000000001,4.5,6.4,36.300000000000004,-37.0,-40.0,16
4691,78732.0,-0.5,-1.2000000000000002,-2.4000000000000004,-2.5,4.1000000000000005,5.800000000000001,11.900000000000002,-35.2,-35.599999999999994,16
4692,78749.0,-0.7000000000000001,-1.4000000000000001,-2.3000000000000003,-2.8000000000000003,3.9000000000000004,5.9,0.9000000000000001,-34.7,-32.0,16
4693,78768.0,-1.1,-2.1,-1.4000000000000001,-3.2,3.2,6.800000000000001,-11.1,-35.3,-25.200000000000003,16
4694,78782.0,-1.2000000000000002,-2.3000000000000003,-1.2000000000000002,-3.2,3.0,7.1000000000000005,-10.8,-35.1,-23.099999999999998,16
4695,78800.0,-1.3,-2.6,-0.9,-3.3000000000000003,2.6,7.4,-6.1000000000000005,-33.300000000000004,-23.6,16
4696,78815.0,-1.1,-2.4000000000000004,0.30000000000000004,-3.0,2.8000000000000003,8.6,1.6,-33.0,-29.900000000000006,16
4697,78832.0,-1.3,-2.5,1.4000000000000001,-3.3000000000000003,2.7,9.700000000000001,29.500000000000004,-29.900000000000006,-40.6,16
4698,78849.0,-1.5,-2.5,1.5,-3.4000000000000004,2.7,9.8,48.10000000000001,-24.7,-44.7,16
4699,78866.0,-1.9000000000000001,-2.8000000000000003,0.6000000000000001,-3.9000000000000004,2.6,8.700000000000001,81.3,-12.4,-46.7,16
4700,78882.0,-1.9000000000000001,-2.8000000000000003,-0.8,-3.9000000000000004,2.8000000000000003,7.2,92.8,-7.8,-43.800000000000004,16
4701,78899.0,-1.6,-2.5,-1.3,-3.7,3.2,6.6000000000000005,99.00000000000001,-2.1,-31.0,16
4702,78915.0,-1.2000000000000002,-2.4000000000000004,-1.8,-3.3000000000000003,3.5,5.9,86.8,-9.4,-15.399999999999999,16
4703,78932.0,-0.6000000000000001,-2.3000000000000003,-1.8,-2.6,3.8000000000000003,5.800000000000001,62.6,-30.699999999999996,-2.4000000000000004,16
4704,78948.0,-0.4,-2.3000000000000003,-1.6,-2.4000000000000004,3.9000000000000004,5.9,49.300000000000004,-43.50000000000001,0.5,16
4705,78966.0,-0.30000000000000004,-2.3000000000000003,-1.2000000000000002,-2.2,3.9000000000000004,6.300000000000001,24.400000000000002,-57.49999999999999,0.6000000000000001,16
4706,78984.0,-0.5,-2.0,-0.1,-2.3000000000000003,4.2,7.300000000000001,11.4,-49.199999999999996,-4.7,16
4707,78999.0,-0.8,-1.8,0.2,-2.5,4.4,7.7,11.900000000000002,-36.9,-6.600000000000001,16
4708,79015.0,-1.3,-1.6,0.6000000000000001,-3.0,4.6000000000000005,8.1,24.200000000000003,-10.700000000000001,-4.4,16
4709,79032.0,-1.6,-1.5,0.6000000000000001,-3.7,5.0,7.5,39.1,10.0,2.9,16
4710,79049.0,-2.3000000000000003,-1.2000000000000002,-0.7000000000000001,-4.1000000000000005,5.1000000000000005,6.6000000000000005,40.7,12.600000000000001,8.3,16
4711,79068.0,-2.6,-0.8,-2.4000000000000004,-4.4,5.7,4.800000000000001,25.7,-5.6,23.900000000000006,16
4712,79083.0,-2.3000000000000003,0.30000000000000004,-2.7,-3.9000000000000004,6.800000000000001,4.6000000000000005,-14.800000000000002,-28.800000000000004,39.1,16
4713,79099.0,-2.1,0.9,-1.9000000000000001,-3.6,7.300000000000001,5.4,-41.50000000000001,-33.6,43.4,16
4714,79115.0,-2.6,1.3,0.7000000000000001,-4.0,7.5,8.200000000000001,-83.80000000000001,-42.3,40.2,16
4715,79132.0,-3.7,1.7000000000000002,3.3000000000000003,-4.800000000000001,7.800000000000001,10.9,-91.4,-58.5,38.900000000000006,16
4716,79149.0,-4.0,2.0,3.7,-5.0,8.0,11.5,-81.60000000000001,-63.900000000000006,44.10000000000001,16
4717,79173.0,-3.8000000000000003,2.7,2.7,-4.5,8.5,10.700000000000001,-45.8,-41.800000000000004,78.4,16
4718,79183.0,-3.2,2.7,1.9000000000000001,-3.8000000000000003,8.4,10.0,-45.5,-24.599999999999998,90.80000000000001,16
4719,79199.0,-2.6,2.4000000000000004,1.6,-3.0,8.1,9.700000000000001,-52.400000000000006,-7.8,100.0,16
4720,79215.0,-1.4000000000000001,0.8,2.2,-1.7000000000000002,6.300000000000001,10.5,-69.00000000000001,9.600000000000001,103.8,16
4721,79232.0,-0.4,-0.8,3.3000000000000003,-0.5,4.5,11.700000000000001,-59.699999999999996,8.5,90.30000000000001,16
4722,79249.0,0.0,-1.4000000000000001,3.3000000000000003,-0.1,3.9000000000000004,11.8,-41.199999999999996,9.100000000000001,78.60000000000001,16
4723,79268.0,0.4,-1.6,2.1,0.30000000000000004,3.6,10.600000000000001,10.8,30.4,53.8,16
4724,79282.0,0.7000000000000001,-1.3,-0.6000000000000001,0.6000000000000001,4.1000000000000005,7.800000000000001,55.900000000000006,73.9,33.400000000000006,16
4725,79299.0,0.9,-1.1,-2.1,0.6000000000000001,4.4,6.300000000000001,67.3,94.80000000000001,26.000000000000004,16
4726,79315.0,1.1,-0.7000000000000001,-4.1000000000000005,0.6000000000000001,5.0,4.1000000000000005,65.89999999999999,117.80000000000001,15.899999999999999,16
4727,79332.0,1.3,-0.8,-4.7,0.5,5.0,3.3000000000000003,44.7,114.99999999999999,10.200000000000001,16
4728,79351.0,1.3,-1.1,-4.6000000000000005,0.1,4.7,3.6,31.3,109.30000000000001,7.699999999999999,16
4729,79374.0,0.8,-1.2000000000000002,-2.9000000000000004,-0.5,4.7,4.9,-8.4,95.69999999999999,6.699999999999999,16
4730,79383.0,0.9,-1.3,-2.1,-0.6000000000000001,4.5,5.800000000000001,-15.100000000000001,92.39999999999999,8.8,16
4731,79399.0,0.9,-1.6,-1.4000000000000001,-0.6000000000000001,4.2,6.4,-16.1,87.3,11.5,16
4732,79415.0,1.3,-2.2,-0.7000000000000001,-0.5,3.6,7.1000000000000005,-5.300000000000001,70.3,16.3,16
4733,79432.0,1.5,-2.5,-1.2000000000000002,-0.4,3.3000000000000003,6.5,16.4,49.699999999999996,18.200000000000003,16
4734,79448.0,1.8,-2.2,-2.1,-0.1,3.7,5.6000000000000005,25.7,41.4,18.700000000000003,16
4735,79465.0,2.1,-1.3,-3.6,0.30000000000000004,4.6000000000000005,3.9000000000000004,25.8,35.4,17.799999999999997,16
4736,79482.0,2.1,-0.5,-3.6,0.2,5.5,3.8000000000000003,9.600000000000001,40.7,15.2,16
4737,79499.0,1.7000000000000002,0.0,-2.7,-0.30000000000000004,6.0,4.7,-2.7,52.80000000000001,13.6,16
4738,79515.0,1.4000000000000001,0.2,-2.2,-0.6000000000000001,6.1000000000000005,5.2,-7.400000000000001,59.1,13.200000000000003,16
4739,79532.0,0.9,0.8,-1.2000000000000002,-1.3,6.7,6.1000000000000005,-15.000000000000002,66.4,13.399999999999999,16
4740,79548.0,0.7000000000000001,1.1,-0.6000000000000001,-1.9000000000000001,7.2,7.5,-18.0,68.80000000000001,13.3,16
4741,79566.0,0.2,1.4000000000000001,1.0,-2.2,7.300000000000001,8.3,-18.4,69.80000000000001,11.6,16
4742,79582.0,-0.2,1.4000000000000001,2.1,-2.8000000000000003,7.300000000000001,9.4,-7.8,59.699999999999996,8.0,16
4743,79599.0,-0.6000000000000001,1.9000000000000001,1.9000000000000001,-3.3000000000000003,7.9,9.1,8.700000000000001,37.1,8.4,16
4744,79615.0,-0.8,2.3000000000000003,1.6,-3.4000000000000004,8.200000000000001,8.8,13.100000000000001,22.1,11.1,16
4745,79632.0,-0.8,2.5,0.9,-3.5,8.5,8.200000000000001,12.7,-11.3,18.3,16
4746,79649.0,-0.7000000000000001,2.5,0.6000000000000001,-3.1,8.5,7.9,8.5,-27.3,21.400000000000002,16
4747,79675.0,-0.1,2.1,1.2000000000000002,-2.5,8.1,8.6,-8.5,-50.60000000000001,19.799999999999997,16
4748,79683.0,0.2,2.0,1.5,-2.1,8.1,8.9,-6.8,-54.4,16.1,16
4749,79699.0,0.4,2.2,1.3,-1.6,8.5,8.1,5.300000000000001,-57.00000000000001,8.8,16
4750,79715.0,0.30000000000000004,2.3000000000000003,0.1,-1.8,8.5,7.5,6.699999999999999,-54.4,7.6,16
4751,79732.0,-0.1,2.7,-0.7000000000000001,-1.9000000000000001,8.9,6.7,-7.9,-45.6,10.8,16
4752,79749.0,0.2,3.2,-0.2,-1.6,9.3,7.300000000000001,-44.6,-26.9,17.400000000000002,16
4753,79766.0,0.2,2.6,1.0,-1.5,8.700000000000001,8.6,-64.10000000000001,-21.6,19.6,16
4754,79785.0,0.4,1.1,3.5,-1.2000000000000002,7.0,11.4,-78.2,-28.400000000000002,22.9,16
4755,79798.0,0.5,-0.6000000000000001,4.1000000000000005,-1.0,5.1000000000000005,12.100000000000001,-71.7,-35.9,22.8,16
4756,79815.0,0.6000000000000001,-1.2000000000000002,3.6,-0.7000000000000001,4.5,11.600000000000001,-45.5,-57.20000000000001,16.3,16
4757,79832.0,1.2000000000000002,-1.0,1.4000000000000001,0.1,4.5,9.600000000000001,-21.300000000000004,-81.10000000000001,2.9,16
4758,79849.0,1.5,-0.2,-0.5,0.6000000000000001,5.300000000000001,7.7,-22.700000000000003,-80.9,-9.4,16
4759,79865.0,1.6,0.0,-0.7000000000000001,0.8,5.5,7.5,-29.400000000000002,-74.10000000000001,-14.100000000000001,16
4760,79882.0,1.2000000000000002,-0.30000000000000004,0.30000000000000004,0.6000000000000001,5.0,8.700000000000001,-38.400000000000006,-55.900000000000006,-20.8,16
4761,79898.0,1.1,-1.0,1.2000000000000002,0.5,4.2,9.600000000000001,-26.9,-39.300000000000004,-27.800000000000004,16
4762,79915.0,1.0,-1.2000000000000002,1.3,0.5,4.0,9.700000000000001,-16.8,-30.9,-32.300000000000004,16
4763,79932.0,0.9,-1.6,0.9,0.4,3.5,9.3,9.0,-14.300000000000002,-44.00000000000001,16
4764,79949.0,0.6000000000000001,-2.0,0.1,0.0,3.2,8.5,30.000000000000004,-1.2000000000000002,-58.900000000000006,16
4765,79975.0,-0.2,-2.1,-0.6000000000000001,-0.9,3.2,7.7,40.9,4.4,-70.9,16
4766,79982.0,-0.30000000000000004,-2.1,-1.0,-1.1,3.2,7.4,44.7,5.4,-73.0,16
4767,79999.0,-0.6000000000000001,-2.2,-1.0,-1.6,3.3000000000000003,7.2,51.50000000000001,5.300000000000001,-69.60000000000001,16
4768,80015.0,-0.7000000000000001,-2.2,-1.0,-1.7000000000000002,3.3000000000000003,7.1000000000000005,55.5,3.6000000000000005,-65.3,16
4769,80032.0,-0.4,-2.2,-1.8,-1.6,3.4000000000000004,6.300000000000001,60.900000000000006,-3.3000000000000007,-55.60000000000001,16
4770,80048.0,-0.1,-1.9000000000000001,-2.6,-1.3,3.8000000000000003,5.300000000000001,53.7,-15.700000000000001,-46.6,16
4771,80067.0,0.1,-1.5,-2.6,-1.1,4.3,5.2,44.300000000000004,-21.6,-42.60000000000001,16
4772,80083.0,0.1,-1.3,-2.3000000000000003,-1.2000000000000002,4.5,5.5,23.2,-31.799999999999997,-34.0,16
4773,80098.0,0.0,-1.1,-1.6,-1.2000000000000002,4.7,6.2,7.9,-35.3,-23.3,16
4774,80116.0,0.1,-1.1,-0.8,-1.0,4.800000000000001,6.9,3.1,-36.300000000000004,-18.700000000000003,16
4775,80132.0,0.0,-1.0,-0.5,-1.0,4.800000000000001,7.300000000000001,-0.2,-34.900000000000006,-13.200000000000003,16
4776,80148.0,-0.2,-0.7000000000000001,0.0,-1.3,5.1000000000000005,7.800000000000001,5.500000000000001,-24.400000000000002,-11.5,16
4777,80167.0,-0.7000000000000001,-0.1,0.4,-1.7000000000000002,5.7,8.1,14.400000000000002,-1.9,-8.700000000000001,16
4778,80185.0,-1.1,0.0,0.0,-2.2,5.9,7.7,20.1,17.400000000000002,-2.2,16
4779,80198.0,-1.3,0.1,-0.2,-2.4000000000000004,6.0,7.5,18.8,24.400000000000002,2.6,16
4780,80215.0,-1.4000000000000001,0.2,-0.6000000000000001,-2.6,6.2,7.1000000000000005,14.600000000000001,30.1,7.300000000000001,16
4781,80232.0,-1.5,0.4,-0.6000000000000001,-2.8000000000000003,6.300000000000001,7.0,-2.9,37.1,16.1,16
4782,80248.0,-1.5,0.6000000000000001,-0.2,-2.8000000000000003,6.6000000000000005,7.5,-26.200000000000003,31.6,22.700000000000003,16
4783,80269.0,-1.8,0.9,0.4,-3.1,6.7,8.1,-47.2,18.6,20.2,16
4784,80282.0,-2.2,0.9,0.30000000000000004,-3.5,6.6000000000000005,8.1,-55.7,11.4,17.5,16
4785,80302.0,-3.3000000000000003,1.3,0.5,-4.7,6.9,8.4,-75.00000000000001,10.8,17.799999999999997,16
4786,80315.0,-3.9000000000000004,1.4000000000000001,1.0,-5.300000000000001,6.800000000000001,9.1,-96.60000000000001,40.800000000000004,31.2,16
4787,80332.0,-3.7,1.2000000000000002,1.4000000000000001,-5.1000000000000005,6.4,9.600000000000001,-107.00000000000001,57.49999999999999,41.800000000000004,16
4788,80348.0,-2.9000000000000004,0.4,2.9000000000000004,-4.5,5.300000000000001,11.200000000000001,-125.00000000000001,68.2,58.7,16
4789,80365.0,-1.9000000000000001,-0.7000000000000001,4.9,-3.6,3.9000000000000004,13.5,-122.30000000000001,49.800000000000004,65.6,16
4790,80384.0,-0.8,-1.5,5.4,-2.5,2.9000000000000004,14.200000000000001,-107.7,30.3,62.300000000000004,16
4791,80398.0,-0.2,-1.3,4.7,-1.8,2.9000000000000004,13.5,-60.1,-15.700000000000001,45.9,16
4792,80415.0,0.6000000000000001,-0.5,2.5,-0.8,3.7,11.4,-9.700000000000001,-39.0,24.200000000000003,16
4793,80432.0,0.7000000000000001,-0.4,1.1,-0.7000000000000001,3.8000000000000003,10.100000000000001,10.5,-35.3,14.300000000000002,16
4794,80449.0,0.7000000000000001,-0.2,-1.0,-0.6000000000000001,4.1000000000000005,7.9,36.8,-9.100000000000001,-1.1,16
4795,80466.0,0.6000000000000001,-0.1,-2.5,-0.8,4.4,6.300000000000001,48.300000000000004,24.400000000000002,-11.5,16
4796,80483.0,0.30000000000000004,-0.1,-3.2,-1.1,4.4,5.6000000000000005,48.9,40.0,-14.300000000000002,16
4797,80499.0,-0.2,-0.2,-3.9000000000000004,-1.9000000000000001,4.4,4.7,37.800000000000004,67.2,-13.8,16
4798,80515.0,-0.5,-0.4,-3.6,-2.4000000000000004,4.2,4.9,16.6,82.8,-4.9,16
4799,80532.0,-0.4,-0.7000000000000001,-3.2,-2.4000000000000004,4.0,5.300000000000001,8.0,84.0,1.3,16
4800,80549.0,0.2,-1.1,-2.1,-2.1,3.6,6.2,-1.2000000000000002,74.4,10.8,16
4801,80567.0,0.6000000000000001,-1.3,-1.5,-1.7000000000000002,3.3000000000000003,6.800000000000001,5.0,55.5,14.300000000000002,16
4802,80585.0,1.0,-1.3,-1.8,-1.5,3.4000000000000004,6.4,19.0,38.2,16.6,16
4803,80598.0,1.2000000000000002,-1.2000000000000002,-2.3000000000000003,-1.3,3.6,5.9,24.0,30.9,16.8,16
4804,80615.0,1.6,-0.6000000000000001,-3.3000000000000003,-0.9,4.2,4.800000000000001,21.0,19.300000000000004,18.0,16
4805,80632.0,1.7000000000000002,-0.4,-3.6,-0.8,4.4,4.5,14.300000000000002,14.300000000000002,19.1,16
4806,80648.0,1.8,0.2,-3.6,-0.7000000000000001,5.1000000000000005,4.4,-6.1000000000000005,9.100000000000001,22.5,16
4807,80668.0,1.8,1.0,-2.9000000000000004,-0.7000000000000001,5.800000000000001,5.1000000000000005,-33.400000000000006,11.1,26.400000000000006,16
4808,80682.0,1.8,1.2000000000000002,-2.2,-0.7000000000000001,6.0,5.800000000000001,-46.7,13.5,28.0,16
4809,80698.0,1.8,1.2000000000000002,-0.4,-0.6000000000000001,5.9,7.7,-68.0,20.900000000000002,27.3,16
4810,80715.0,1.8,1.2000000000000002,1.5,-0.6000000000000001,5.7,9.700000000000001,-76.80000000000001,22.1,17.5,16
4811,80732.0,1.7000000000000002,1.3,2.6,-0.8,5.6000000000000005,10.9,-74.4,18.8,11.1,16
4812,80749.0,1.3,1.5,4.5,-1.2000000000000002,5.7,12.9,-52.2,10.0,-1.1,16
4813,80767.0,1.3,2.2,4.800000000000001,-1.2000000000000002,6.300000000000001,13.3,-16.0,2.5,-7.699999999999999,16
4814,80782.0,1.3,2.4000000000000004,4.7,-1.2000000000000002,6.5,13.200000000000001,0.2,-3.3000000000000007,-11.2,16
4815,80799.0,0.9,2.0,4.5,-1.6,6.2,13.0,24.3,-21.300000000000004,-23.2,16
4816,80815.0,0.30000000000000004,1.8,4.2,-2.1,6.1000000000000005,12.700000000000001,44.4,-43.2,-39.1,16
4817,80832.0,0.0,2.0,3.9000000000000004,-2.4000000000000004,6.4,12.4,54.800000000000004,-51.70000000000001,-46.199999999999996,16
4818,80849.0,-0.30000000000000004,2.5,2.4000000000000004,-2.6,7.0,10.9,75.4,-60.7,-51.300000000000004,16
4819,80868.0,-0.30000000000000004,2.8000000000000003,0.8,-2.5,7.6000000000000005,9.3,79.19999999999999,-51.70000000000001,-46.6,16
4820,80882.0,-0.30000000000000004,2.7,0.30000000000000004,-2.3000000000000003,7.6000000000000005,8.4,73.2,-44.5,-44.2,16
4821,80898.0,0.0,2.4000000000000004,0.1,-2.1,7.5,8.4,48.400000000000006,-29.400000000000002,-41.50000000000001,16
4822,80915.0,0.30000000000000004,1.8,1.2000000000000002,-1.8,6.9,9.5,20.599999999999998,-21.8,-44.2,16
4823,80932.0,0.4,1.1,2.1,-1.8,6.300000000000001,10.4,14.300000000000002,-22.9,-46.6,16
4824,80949.0,0.9,0.30000000000000004,3.0,-1.3,5.5,11.3,24.8,-29.1,-51.1,16
4825,80969.0,1.3,0.0,1.9000000000000001,-0.9,5.300000000000001,10.100000000000001,49.300000000000004,-31.400000000000002,-57.400000000000006,16
4826,80983.0,1.1,0.1,0.30000000000000004,-1.1,5.4,8.5,59.00000000000001,-22.2,-60.900000000000006,16
4827,80998.0,1.0,0.0,-0.2,-1.2000000000000002,5.4,7.9,56.10000000000001,-15.000000000000002,-60.2,16
4828,81015.0,0.8,-0.2,-0.4,-1.5,5.300000000000001,7.6000000000000005,37.800000000000004,-4.0,-58.0,16
4829,81032.0,0.30000000000000004,-0.8,0.30000000000000004,-2.1,4.7,8.3,20.8,-4.4,-55.900000000000006,16
4830,81048.0,0.2,-1.2000000000000002,0.6000000000000001,-2.2,4.3,8.6,18.700000000000003,-6.1000000000000005,-52.80000000000001,16
4831,81067.0,0.1,-2.0,0.7000000000000001,-2.4000000000000004,3.5,8.6,27.0,-13.6,-45.7,16
4832,81082.0,0.2,-2.7,-0.1,-2.3000000000000003,2.8000000000000003,7.800000000000001,40.4,-24.400000000000002,-41.199999999999996,16
4833,81099.0,0.30000000000000004,-2.9000000000000004,-0.4,-2.2,2.6,7.4,44.9,-28.400000000000002,-40.800000000000004,16
4834,81115.0,0.30000000000000004,-3.2,-1.0,-2.2,2.4000000000000004,6.800000000000001,49.50000000000001,-33.50000000000001,-43.70000000000001,16
4835,81132.0,0.0,-3.3000000000000003,-1.6,-2.5,2.4000000000000004,6.2,53.599999999999994,-38.60000000000001,-45.6,16
4836,81150.0,0.0,-3.2,-1.9000000000000001,-2.5,2.6,5.800000000000001,56.400000000000006,-39.50000000000001,-44.2,16
4837,81168.0,-0.1,-3.1,-2.6,-2.5,2.8000000000000003,5.0,59.40000000000001,-37.300000000000004,-38.60000000000001,16
4838,81182.0,-0.1,-2.7,-3.0,-2.5,3.2,4.5,53.10000000000001,-35.8,-30.4,16
4839,81198.0,0.0,-2.5,-3.1,-2.5,3.5,4.4,46.800000000000004,-36.1,-26.200000000000003,16
4840,81215.0,-0.2,-2.0,-2.8000000000000003,-2.5,4.0,4.5,26.5,-34.900000000000006,-20.0,16
4841,81232.0,-0.5,-1.8,-1.6,-2.8000000000000003,4.2,5.800000000000001,5.0,-29.700000000000006,-14.100000000000001,16
4842,81249.0,-0.6000000000000001,-1.7000000000000002,-0.8,-3.0,4.3,6.5,-0.6000000000000001,-24.7,-11.000000000000002,16
4843,81266.0,-1.1,-1.6,0.4,-3.4000000000000004,4.4,7.800000000000001,-1.0,-6.699999999999999,-4.7,16
4844,81282.0,-1.4000000000000001,-1.5,0.6000000000000001,-3.7,4.5,7.9,6.1000000000000005,8.5,2.0,16
4845,81298.0,-1.5,-1.5,0.6000000000000001,-3.8000000000000003,4.5,7.9,9.600000000000001,10.5,6.2,16
4846,81315.0,-1.4000000000000001,-1.4000000000000001,0.30000000000000004,-3.7,4.7,7.7,16.5,10.700000000000001,13.8,16
4847,81332.0,-1.2000000000000002,-1.2000000000000002,-0.2,-3.6,4.9,7.0,17.300000000000004,12.7,20.2,16
4848,81349.0,-1.2000000000000002,-1.1,-0.6000000000000001,-3.6,5.0,6.7,13.8,13.3,22.700000000000003,16
4849,81365.0,-1.1,-0.8,-0.9,-3.4000000000000004,5.300000000000001,6.300000000000001,0.5,14.900000000000002,27.9,16
4850,81382.0,-0.9,-0.5,-0.8,-3.2,5.6000000000000005,6.4,-16.200000000000003,16.3,29.600000000000005,16
4851,81398.0,-0.8,-0.30000000000000004,-0.9,-3.1,5.800000000000001,6.300000000000001,-24.7,17.200000000000003,27.9,16
4852,81415.0,-0.9,0.4,-1.2000000000000002,-3.2,6.4,6.1000000000000005,-45.6,17.200000000000003,18.6,16
4853,81432.0,-1.6,1.2000000000000002,-1.5,-4.0,7.0,5.9,-73.7,26.200000000000003,8.600000000000001,16
4854,81449.0,-2.1,1.4000000000000001,-1.6,-4.5,7.2,5.9,-93.49999999999999,36.0,6.500000000000001,16
4855,81471.0,-2.9000000000000004,1.7000000000000002,-0.4,-6.0,6.6000000000000005,9.5,-187.9,76.0,3.3000000000000007,16
4856,81482.0,-3.6,0.8,4.7,-6.4,5.7,12.700000000000001,-206.3,75.5,0.9000000000000001,16
4857,81498.0,-4.0,0.2,7.7,-6.9,4.800000000000001,15.9,-203.70000000000002,62.900000000000006,-1.4,16
4858,81516.0,-3.6,0.1,10.4,-6.7,4.3,18.900000000000002,-140.20000000000002,16.0,-9.0,16
4859,81532.0,-2.9000000000000004,1.3,8.0,-5.9,5.2,16.6,-40.6,-12.5,-15.2,16
4860,81549.0,-2.6,1.3,5.6000000000000005,-5.7,5.300000000000001,14.200000000000001,5.300000000000001,-11.700000000000001,-14.300000000000002,16
4861,81565.0,-2.2,0.9,0.9,-5.300000000000001,5.0,9.5,65.2,9.8,-7.9,16
4862,81583.0,-1.5,0.8,-2.5,-4.7,5.1000000000000005,5.9,75.4,37.9,1.7,16
4863,81598.0,-1.1,0.8,-3.6,-4.1000000000000005,5.1000000000000005,4.1000000000000005,65.8,46.4,8.600000000000001,16
4864,81615.0,-0.4,0.30000000000000004,-4.3,-3.8000000000000003,4.9,3.9000000000000004,34.900000000000006,45.0,24.599999999999998,16
4865,81632.0,0.2,-0.5,-4.0,-3.2,4.2,4.1000000000000005,2.3,31.3,39.300000000000004,16
4866,81649.0,0.5,-0.7000000000000001,-3.6,-2.7,3.8000000000000003,4.9,-10.600000000000001,23.400000000000002,44.9,16
4867,81666.0,0.9,-1.1,-2.8000000000000003,-2.4000000000000004,3.6,5.300000000000001,-23.3,11.6,54.0,16
4868,81683.0,1.3,-1.5,-2.5,-2.0,3.2,5.5,-23.0,9.600000000000001,61.10000000000001,16
4869,81699.0,1.6,-1.6,-2.6,-1.4000000000000001,3.0,5.4,-22.1,11.5,63.500000000000014,16
4870,81715.0,2.0,-1.7000000000000002,-2.7,-1.2000000000000002,2.9000000000000004,5.300000000000001,-19.799999999999997,13.200000000000003,65.8,16
4871,81732.0,2.2,-1.8,-2.8000000000000003,-0.9,2.8000000000000003,5.2,-17.7,11.5,64.50000000000001,16
4872,81749.0,2.3000000000000003,-1.6,-2.9000000000000004,-0.6000000000000001,3.0,5.2,-16.6,8.899999999999999,62.0,16
4873,81770.0,1.9000000000000001,-1.3,-2.7,-1.0,3.4000000000000004,5.4,-14.600000000000001,4.7,51.0,16
4874,81782.0,1.6,-1.0,-2.5,-1.3,3.7,5.6000000000000005,-14.100000000000001,4.5,48.50000000000001,16
4875,81798.0,1.1,-0.4,-2.3000000000000003,-1.7000000000000002,4.3,5.800000000000001,-11.4,7.200000000000001,48.400000000000006,16
4876,81815.0,1.1,-0.1,-2.3000000000000003,-1.7000000000000002,4.6000000000000005,5.800000000000001,-12.0,11.4,49.300000000000004,16
4877,81832.0,0.8,0.30000000000000004,-1.6,-1.9000000000000001,5.0,6.4,-20.5,19.300000000000004,48.50000000000001,16
4878,81849.0,0.8,0.6000000000000001,-0.6000000000000001,-1.9000000000000001,5.2,7.5,-29.900000000000006,23.6,44.00000000000001,16
4879,81865.0,0.9,0.8,0.0,-1.8,5.4,8.1,-31.6,25.8,40.0,16
4880,81885.0,0.6000000000000001,1.2000000000000002,0.9,-2.1,5.7,9.0,-29.700000000000006,29.300000000000004,29.0,16
4881,81898.0,0.0,1.7000000000000002,1.5,-2.8000000000000003,6.2,9.700000000000001,-25.4,31.2,18.5,16
4882,81915.0,-0.2,1.8,2.0,-3.0,6.300000000000001,10.100000000000001,-23.3,30.3,13.900000000000002,16
4883,81932.0,-0.6000000000000001,1.7000000000000002,3.1,-3.5,6.2,11.200000000000001,-16.5,21.0,5.8,16
4884,81949.0,-1.1,1.8,3.7,-4.0,6.300000000000001,11.9,-1.6,0.9000000000000001,-4.300000000000001,16
4885,81966.0,-1.3,2.2,3.8000000000000003,-4.2,6.7,12.0,7.500000000000001,-11.000000000000002,-8.3,16
4886,81982.0,-1.6,2.5,3.0,-4.4,7.0,11.200000000000001,24.400000000000002,-35.2,-9.100000000000001,16
4887,81998.0,-1.2000000000000002,2.9000000000000004,1.8,-3.9000000000000004,7.5,10.0,23.0,-54.300000000000004,0.5,16
4888,82015.0,-1.0,2.9000000000000004,1.5,-3.6,7.6000000000000005,9.8,15.2,-61.9,5.500000000000001,16
4889,82032.0,-0.6000000000000001,2.9000000000000004,1.0,-3.0,7.6000000000000005,9.3,-9.700000000000001,-71.9,13.399999999999999,16
4890,82050.0,-0.30000000000000004,2.4000000000000004,1.3,-2.5,7.1000000000000005,9.8,-45.400000000000006,-71.0,16.1,16
4891,82065.0,-0.30000000000000004,1.9000000000000001,2.0,-2.3000000000000003,6.5,10.600000000000001,-60.900000000000006,-67.2,16.4,16
4892,82082.0,-0.1,0.9,3.8000000000000003,-1.9000000000000001,5.300000000000001,12.600000000000001,-66.7,-59.300000000000004,19.400000000000002,16
4893,82098.0,-0.2,0.4,3.9000000000000004,-1.9000000000000001,4.7,12.8,-40.4,-48.2,21.400000000000002,16
4894,82115.0,-0.5,0.4,3.0,-2.1,4.6000000000000005,11.9,-24.3,-38.60000000000001,25.4,16
4895,82132.0,0.0,0.5,1.0,-1.4000000000000001,4.7,9.9,-3.9,-12.7,40.9,16
4896,82150.0,1.1,0.0,-1.3,-0.30000000000000004,4.2,7.7,-5.8,4.0,50.400000000000006,16
4897,82166.0,1.9000000000000001,-0.30000000000000004,-1.9000000000000001,0.5,3.9000000000000004,7.1000000000000005,-16.200000000000003,2.0,49.699999999999996,16
4898,82182.0,2.8000000000000003,-0.6000000000000001,-1.5,1.5,3.6,7.5,-37.800000000000004,-16.1,34.300000000000004,16
4899,82198.0,2.8000000000000003,-0.9,0.4,1.7000000000000002,3.2,9.5,-41.0,-23.400000000000002,10.299999999999999,16
4900,82215.0,2.5,-1.1,1.5,1.5,2.9000000000000004,10.600000000000001,-30.3,-23.0,-2.9,16
4901,82232.0,1.9000000000000001,-1.7000000000000002,2.6,0.8,2.3000000000000003,11.700000000000001,11.8,-20.2,-29.800000000000004,16
4902,82250.0,1.5,-1.9000000000000001,2.0,0.5,2.2,11.100000000000001,68.4,-13.6,-52.7,16
4903,82265.0,1.4000000000000001,-2.1,1.0,0.30000000000000004,2.1,10.0,93.89999999999999,-7.8,-62.6,16
4904,82282.0,0.9,-2.3000000000000003,-1.4000000000000001,-0.2,2.2,7.4,124.39999999999999,-4.1,-77.60000000000001,16
4905,82298.0,0.30000000000000004,-2.2,-2.8000000000000003,-0.9,2.6,5.800000000000001,124.90000000000002,-9.8,-83.00000000000001,16
4906,82315.0,0.1,-2.2,-3.0,-1.2000000000000002,2.8000000000000003,5.5,119.1,-15.700000000000001,-81.2,16
4907,82332.0,0.1,-1.9000000000000001,-3.1,-1.3,3.4000000000000004,5.2,105.80000000000001,-32.2,-72.2,16
4908,82349.0,0.5,-1.0,-3.0,-0.9,4.5,5.1000000000000005,91.4,-35.699999999999996,-62.900000000000006,16
4909,82368.0,0.6000000000000001,-0.7000000000000001,-2.8000000000000003,-0.8,5.0,5.2,74.60000000000001,-30.200000000000003,-54.199999999999996,16
4910,82385.0,0.5,-0.4,-2.6,-0.9,5.300000000000001,5.300000000000001,65.2,-27.700000000000003,-49.9,16
4911,82398.0,0.5,0.2,-2.0,-1.0,6.0,5.7,45.9,-18.0,-39.50000000000001,16
4912,82415.0,0.4,0.2,-1.6,-1.4000000000000001,6.2,6.5,36.2,-10.299999999999999,-35.4,16
4913,82432.0,-0.2,0.30000000000000004,-0.6000000000000001,-1.7000000000000002,6.300000000000001,7.1000000000000005,19.700000000000003,3.4,-28.1,16
4914,82448.0,-0.4,0.2,0.30000000000000004,-2.0,6.1000000000000005,7.9,12.200000000000001,8.5,-19.0,16
4915,82465.0,-0.5,0.1,0.9,-2.1,6.1000000000000005,8.5,11.3,7.6,-14.800000000000002,16
4916,82482.0,-0.6000000000000001,-0.1,1.2000000000000002,-2.3000000000000003,5.9,8.8,14.5,4.2,-10.1,16
4917,82498.0,-1.1,-0.30000000000000004,1.5,-2.8000000000000003,5.800000000000001,9.1,24.599999999999998,7.400000000000001,-5.6,16
4918,82515.0,-0.9,-0.6000000000000001,0.6000000000000001,-2.6,5.5,8.0,33.1,23.5,4.4,16
4919,82532.0,-0.6000000000000001,-0.7000000000000001,0.2,-2.3000000000000003,5.5,7.6000000000000005,32.300000000000004,27.2,7.400000000000001,16
4920,82548.0,-0.5,-0.8,-0.4,-2.4000000000000004,5.5,6.9,22.700000000000003,27.800000000000004,5.300000000000001,16
4921,82565.0,-1.5,-0.4,-0.7000000000000001,-3.4000000000000004,5.9,6.6000000000000005,9.600000000000001,29.700000000000006,7.200000000000001,16
4922,82582.0,-2.0,-0.4,-0.7000000000000001,-3.9000000000000004,5.9,6.6000000000000005,4.9,34.7,13.3,16
4923,82598.0,-2.3000000000000003,-0.9,-1.0,-4.3,5.4,6.2,-0.5,57.49999999999999,32.9,16
4924,82615.0,-0.9,-1.5,-2.1,-3.0,4.800000000000001,5.1000000000000005,-21.0,95.4,47.900000000000006,16
4925,82632.0,0.1,-1.7000000000000002,-2.2,-2.2,4.6000000000000005,5.0,-40.1,110.80000000000001,45.7,16
4926,82648.0,0.5,-2.2,-1.0,-1.9000000000000001,3.9000000000000004,6.300000000000001,-77.20000000000002,112.9,21.200000000000003,16
4927,82665.0,-0.1,-2.4000000000000004,0.4,-3.5,3.5,8.9,-85.5,102.4,6.4,16
4928,82682.0,-1.4000000000000001,-2.2,1.8,-4.2,3.6,9.200000000000001,-73.2,70.4,-14.100000000000001,16
4929,82698.0,-2.0,-1.5,0.5,-5.0,4.1000000000000005,8.0,-59.20000000000001,37.9,-22.700000000000003,16
4930,82715.0,-1.8,-0.8,-0.5,-4.9,4.5,7.1000000000000005,-67.9,5.0,-26.200000000000003,16
4931,82732.0,-1.7000000000000002,-0.5,-0.2,-4.800000000000001,4.7,7.4,-75.60000000000001,-5.9,-27.099999999999998,16
4932,82748.0,-1.6,-0.30000000000000004,0.7000000000000001,-4.7,4.7,8.5,-79.9,-18.0,-27.099999999999998,16
4933,82766.0,-1.5,0.0,0.5,-4.6000000000000005,4.800000000000001,8.4,-69.4,-14.300000000000002,-21.900000000000002,16
4934,82782.0,-1.4000000000000001,0.2,0.30000000000000004,-4.6000000000000005,4.9,8.4,-64.50000000000001,-8.2,-18.8,16
4935,82799.0,-1.4000000000000001,0.30000000000000004,0.4,-4.6000000000000005,4.800000000000001,8.5,-54.4,5.6,-11.900000000000002,16
4936,82815.0,-0.7000000000000001,0.2,0.6000000000000001,-3.9000000000000004,4.5,8.8,-34.50000000000001,21.500000000000004,-1.4,16
4937,82832.0,-0.2,0.0,0.30000000000000004,-3.5,4.3,8.5,-21.0,27.3,2.5,16
4938,82848.0,0.7000000000000001,-0.30000000000000004,-0.9,-2.7,4.1000000000000005,7.2,3.3000000000000007,31.3,5.9,16
4939,82868.0,1.3,-0.2,-2.1,-2.1,4.2,6.0,17.400000000000002,34.800000000000004,5.4,16
4940,82882.0,1.6,-0.2,-2.4000000000000004,-1.9000000000000001,4.2,5.6000000000000005,21.500000000000004,39.2,4.5,16
4941,82898.0,2.0,-0.1,-2.6,-1.6,4.5,5.2,28.800000000000004,53.400000000000006,4.5,16
4942,82915.0,2.5,0.30000000000000004,-3.0,-1.2000000000000002,4.9,4.7,34.0,72.7,6.2,16
4943,82932.0,2.8000000000000003,0.6000000000000001,-3.2,-1.0,5.2,4.4,33.300000000000004,84.69999999999999,7.500000000000001,16
4944,82948.0,3.1,1.2000000000000002,-3.2,-1.0,6.0,4.2,20.900000000000002,109.39999999999999,5.9,16
4945,82965.0,2.7,1.9000000000000001,-2.1,-1.7000000000000002,6.7,5.1000000000000005,-0.4,123.4,-1.3,16
4946,82982.0,2.1,2.4000000000000004,-1.4000000000000001,-2.4000000000000004,7.2,5.7,-10.200000000000001,126.4,-6.8,16
4947,82998.0,-0.4,3.2,0.2,-5.300000000000001,7.9,7.1000000000000005,-31.0,120.7,-16.5,16
4948,83015.0,-3.2,3.4000000000000004,2.4000000000000004,-8.3,8.0,9.200000000000001,-45.8,80.30000000000001,-5.0,16
4949,83032.0,-3.9000000000000004,3.2,3.1,-9.1,7.800000000000001,9.9,-45.3,43.800000000000004,11.900000000000002,16
4950,83048.0,-2.9000000000000004,3.2,2.9000000000000004,-8.0,7.800000000000001,9.9,-38.800000000000004,-46.1,50.1,16
4951,83065.0,-0.9,3.4000000000000004,2.6,-5.6000000000000005,8.0,9.8,-36.9,-114.50000000000001,64.9,16
4952,83082.0,-0.5,3.4000000000000004,3.0,-5.1000000000000005,8.0,10.4,-34.0,-127.80000000000001,61.8,16
4953,83099.0,-0.6000000000000001,3.2,4.1000000000000005,-4.7,7.9,11.8,-16.3,-113.8,47.900000000000006,16
4954,83115.0,-0.4,3.3000000000000003,4.7,-4.2,8.1,12.5,23.3,-71.10000000000001,36.9,16
4955,83132.0,0.0,3.4000000000000004,4.1000000000000005,-3.6,8.6,11.100000000000001,44.6,-48.2,31.099999999999998,16
4956,83149.0,0.0,3.7,2.8000000000000003,-3.7,8.8,10.5,65.6,-6.1000000000000005,15.000000000000002,16
4957,83165.0,-1.0,3.5,2.4000000000000004,-4.7,8.8,10.0,49.800000000000004,23.900000000000006,-5.4,16
4958,83183.0,-2.4000000000000004,2.3000000000000003,3.9000000000000004,-6.2,7.7,11.5,26.200000000000003,14.600000000000001,-11.4,16
4959,83198.0,-2.2,1.6,4.6000000000000005,-6.1000000000000005,7.1000000000000005,12.200000000000001,27.3,-2.7,-5.4,16
4960,83215.0,-0.2,0.7000000000000001,4.0,-4.0,6.2,11.600000000000001,48.9,-27.400000000000002,6.1000000000000005,16
4961,83232.0,0.9,0.30000000000000004,3.0,-1.9000000000000001,5.800000000000001,9.4,58.800000000000004,-33.800000000000004,7.1000000000000005,16
4962,83248.0,2.3000000000000003,-0.1,1.1,-1.3,5.7,8.5,63.30000000000001,-38.0,-3.5,16
4963,83268.0,2.1,-0.1,0.1,-1.4000000000000001,5.800000000000001,7.5,50.0,-32.400000000000006,-21.6,16
4964,83282.0,1.1,-0.6000000000000001,0.2,-2.4000000000000004,5.300000000000001,7.5,31.5,-26.799999999999997,-28.200000000000003,16
4965,83298.0,0.9,-0.9,0.1,-2.6,5.1000000000000005,7.4,25.200000000000003,-25.200000000000003,-27.0,16
4966,83315.0,0.8,-1.5,0.1,-2.7,4.5,7.4,16.1,-21.8,-22.5,16
4967,83333.0,0.9,-2.3000000000000003,0.30000000000000004,-2.5,3.7,7.6000000000000005,15.000000000000002,-24.5,-18.8,16
4968,83348.0,1.0,-2.6,0.5,-2.5,3.4000000000000004,7.800000000000001,17.9,-27.700000000000003,-19.400000000000002,16
4969,83365.0,1.0,-3.3000000000000003,0.1,-2.4000000000000004,2.7,7.5,30.5,-39.8,-22.6,16
4970,83382.0,1.0,-3.7,-0.5,-2.3000000000000003,2.3000000000000003,6.800000000000001,45.7,-55.900000000000006,-26.799999999999997,16
4971,83398.0,1.0,-3.9000000000000004,-0.8,-2.3000000000000003,2.2,6.4,53.400000000000006,-64.7,-28.700000000000003,16
4972,83415.0,1.1,-4.2,-1.9000000000000001,-2.0,2.0,5.300000000000001,66.7,-78.2,-32.8,16
4973,83432.0,1.0,-4.2,-2.7,-2.0,2.1,4.4,71.9,-80.0,-39.2,16
4974,83448.0,0.8,-4.1000000000000005,-2.9000000000000004,-2.1,2.2,4.2,72.7,-78.80000000000001,-41.6,16
4975,83467.0,0.5,-3.8000000000000003,-3.2,-2.3000000000000003,2.7,3.8000000000000003,71.10000000000001,-76.7,-42.5,16
4976,83482.0,0.6000000000000001,-3.1,-3.4000000000000004,-2.2,3.4000000000000004,3.4000000000000004,60.6,-76.60000000000001,-40.4,16
4977,83498.0,0.7000000000000001,-2.6,-3.4000000000000004,-2.0,3.9000000000000004,3.4000000000000004,51.800000000000004,-76.80000000000001,-38.800000000000004,16
4978,83515.0,0.5,-1.6,-3.0,-2.1,4.9,3.8000000000000003,26.799999999999997,-73.30000000000001,-38.1,16
4979,83532.0,-0.4,-0.8,-2.0,-2.9000000000000004,5.800000000000001,4.800000000000001,-5.8,-62.300000000000004,-35.3,16
4980,83548.0,-1.1,-0.4,-1.1,-3.6,6.1000000000000005,5.7,-20.7,-55.60000000000001,-30.4,16
4981,83566.0,-1.7000000000000002,0.2,0.7000000000000001,-4.1000000000000005,6.6000000000000005,7.7,-38.50000000000001,-40.9,-10.8,16
4982,83582.0,-1.4000000000000001,0.1,2.1,-3.7,6.4,9.200000000000001,-39.9,-37.300000000000004,8.3,16
4983,83598.0,-1.2000000000000002,0.0,2.6,-3.5,6.300000000000001,9.8,-36.1,-39.8,13.100000000000001,16
4984,83615.0,-1.1,-0.1,3.4000000000000004,-3.3000000000000003,6.1000000000000005,10.700000000000001,-19.6,-38.2,12.8,16
4985,83632.0,-1.4000000000000001,-0.30000000000000004,2.6,-3.5,5.9,10.0,2.7,-17.799999999999997,9.4,16
4986,83649.0,-1.6,0.0,2.0,-3.6,6.2,9.3,10.200000000000001,-6.1000000000000005,8.100000000000001,16
4987,83668.0,-1.6,0.6000000000000001,1.1,-3.7,6.9,8.4,13.6,19.200000000000003,7.500000000000001,16
4988,83682.0,-2.0,0.5,0.4,-4.2,6.800000000000001,7.6000000000000005,9.2,35.9,9.8,16
4989,83699.0,-1.9000000000000001,0.7000000000000001,0.1,-4.2,7.1000000000000005,7.300000000000001,2.8,39.8,13.399999999999999,16
4990,83715.0,-1.4000000000000001,0.7000000000000001,-0.6000000000000001,-3.8000000000000003,7.1000000000000005,6.6000000000000005,-14.300000000000002,43.4,21.7,16
4991,83732.0,-1.2000000000000002,0.6000000000000001,-0.8,-3.6,6.800000000000001,6.5,-43.00000000000001,53.50000000000001,25.5,16
4992,83748.0,-1.2000000000000002,0.30000000000000004,-0.30000000000000004,-3.7,6.5,7.0,-59.5,56.9,24.1,16
4993,83767.0,-1.5,-0.5,1.1,-4.1000000000000005,5.5,8.5,-82.9,53.10000000000001,17.799999999999997,16
4994,83783.0,-1.1,-1.6,2.4000000000000004,-3.8000000000000003,4.2,10.0,-83.00000000000001,31.7,13.900000000000002,16
4995,83798.0,-0.8,-2.1,2.6,-3.4000000000000004,3.6,10.3,-71.9,13.3,9.2,16
4996,83815.0,-0.2,-2.0,1.2000000000000002,-2.8000000000000003,3.5,9.0,-38.7,-18.3,-5.7,16
4997,83832.0,0.2,-1.7000000000000002,-1.3,-2.4000000000000004,3.7,6.5,-14.800000000000002,-21.300000000000004,-19.6,16
4998,83848.0,0.2,-1.7000000000000002,-2.3000000000000003,-2.8000000000000003,3.8000000000000003,4.800000000000001,-11.3,-13.100000000000001,-26.1,16
4999,83867.0,-0.6000000000000001,-1.4000000000000001,-3.4000000000000004,-3.3000000000000003,4.0,4.4,-18.6,20.7,-32.8,16
5000,83882.0,-1.2000000000000002,-0.9,-3.4000000000000004,-4.2,4.3,4.4,-42.1,66.7,-26.5,16
5001,83898.0,-1.3,-1.0,-3.0,-4.4,4.2,4.800000000000001,-56.7,82.60000000000001,-19.9,16
5002,83915.0,-0.7000000000000001,-0.9,-1.3,-4.0,4.0,6.6000000000000005,-75.7,81.90000000000002,-4.4,16
5003,83932.0,0.0,-0.9,0.5,-3.4000000000000004,3.8000000000000003,8.4,-68.5,36.300000000000004,0.6000000000000001,16
5004,83948.0,0.1,-1.0,0.7000000000000001,-3.4000000000000004,3.6,8.4,-37.1,-5.8,-2.2,16
5005,83965.0,-0.1,-0.7000000000000001,-0.30000000000000004,-3.5,3.8000000000000003,7.7,-21.200000000000003,-12.8,-2.8,16
5006,83984.0,-0.30000000000000004,0.1,-1.3,-3.7,4.6000000000000005,6.7,-0.2,4.2,4.800000000000001,16
5007,83998.0,0.2,0.2,-1.7000000000000002,-3.2,4.800000000000001,6.300000000000001,14.700000000000001,34.7,18.6,16
5008,84015.0,0.7000000000000001,0.30000000000000004,-1.9000000000000001,-2.9000000000000004,4.9,6.0,18.900000000000002,44.4,23.3,16
5009,84032.0,1.2000000000000002,1.1,-2.1,-2.4000000000000004,5.800000000000001,5.7,18.0,48.2,26.000000000000004,16
5010,84048.0,1.2000000000000002,1.5,-2.1,-2.8000000000000003,6.5,5.5,6.300000000000001,35.599999999999994,24.599999999999998,16
5011,84065.0,0.5,1.9000000000000001,-2.1,-3.2,6.7,5.5,-4.2,27.0,25.0,16
5012,84082.0,-0.5,2.2,-1.1,-4.1000000000000005,7.0,6.5,-28.1,12.600000000000001,30.5,16
5013,84098.0,-0.9,2.4000000000000004,0.7000000000000001,-4.5,7.2,8.4,-41.6,7.6,40.9,16
5014,84115.0,-1.3,2.1,1.0,-4.9,6.9,8.8,-42.0,7.8,46.1,16
5015,84132.0,-0.4,2.5,2.1,-3.9000000000000004,7.2,9.9,-40.9,-2.4000000000000004,59.80000000000001,16
5016,84148.0,-0.2,2.6,2.5,-3.6,6.800000000000001,10.4,-34.800000000000004,-12.600000000000001,58.400000000000006,16
5017,84165.0,0.0,1.9000000000000001,2.4000000000000004,-3.3000000000000003,6.7,10.4,-20.900000000000002,-23.2,54.300000000000004,16
5018,84182.0,0.30000000000000004,2.2,2.3000000000000003,-2.8000000000000003,6.9,10.3,-10.299999999999999,-33.400000000000006,44.6,16
5019,84198.0,-0.1,1.8,2.6,-3.1,6.6000000000000005,10.700000000000001,-2.7,-29.900000000000006,33.2,16
5020,84215.0,-0.4,1.4000000000000001,2.6,-3.4000000000000004,6.2,10.700000000000001,2.7,-28.800000000000004,29.1,16
5021,84232.0,0.8,2.6,2.8000000000000003,-2.0,7.5,11.0,22.1,-29.800000000000004,22.2,16
5022,84248.0,1.0,2.1,1.3,-1.8,7.2,9.5,38.900000000000006,-17.400000000000002,12.9,16
5023,84265.0,1.1,2.3000000000000003,0.7000000000000001,-1.5,7.5,8.8,37.1,-11.6,9.2,16
5024,84282.0,0.9,2.5,0.30000000000000004,-1.8,7.7,8.3,9.100000000000001,-1.4,-6.0,16
5025,84298.0,0.0,1.9000000000000001,2.5,-2.7,7.0,10.600000000000001,-26.1,4.9,-14.200000000000001,16
5026,84315.0,-0.1,1.2000000000000002,3.8000000000000003,-2.8000000000000003,6.300000000000001,12.0,-29.1,3.8,-13.900000000000002,16
5027,84332.0,0.5,0.0,4.7,-2.2,5.1000000000000005,13.0,-5.0,-7.400000000000001,-11.8,16
5028,84348.0,1.6,-0.2,2.7,-1.1,4.9,10.9,27.800000000000004,-25.1,-14.700000000000001,16
5029,84365.0,1.8,0.0,1.2000000000000002,-0.8,5.1000000000000005,9.5,33.7,-29.800000000000004,-18.900000000000002,16
5030,84382.0,1.5,0.1,-0.5,-1.1,5.300000000000001,7.7,22.9,-31.5,-23.2,16
5031,84398.0,1.3,0.2,-0.6000000000000001,-1.2000000000000002,5.4,7.7,-0.6000000000000001,-31.5,-19.400000000000002,16
5032,84415.0,1.3,0.0,-0.1,-1.2000000000000002,5.2,8.1,-10.200000000000001,-32.1,-16.3,16
5033,84432.0,1.3,-0.8,1.2000000000000002,-1.1,4.4,9.5,-15.700000000000001,-37.300000000000004,-13.3,16
5034,84448.0,1.3,-1.6,2.0,-1.0,3.5,10.4,-9.700000000000001,-43.00000000000001,-14.700000000000001,16
5035,84465.0,1.2000000000000002,-1.9000000000000001,1.9000000000000001,-1.1,3.2,10.3,17.1,-48.0,-24.5,16
5036,84484.0,0.8,-2.2,1.0,-1.3,2.9000000000000004,9.3,46.300000000000004,-40.7,-36.2,16
5037,84498.0,0.2,-2.5,-0.1,-1.9000000000000001,2.8000000000000003,8.200000000000001,69.4,-27.0,-46.4,16
5038,84515.0,0.0,-2.7,-0.7000000000000001,-2.1,2.7,7.5,78.5,-21.300000000000004,-48.6,16
5039,84532.0,-0.2,-2.8000000000000003,-2.1,-2.4000000000000004,2.7,5.9,90.5,-20.900000000000002,-48.400000000000006,16
5040,84548.0,0.0,-2.7,-3.2,-2.2,3.1,4.7,88.8,-28.0,-43.1,16
5041,84565.0,0.1,-2.4000000000000004,-3.4000000000000004,-2.1,3.5,4.3,84.69999999999999,-32.6,-39.300000000000004,16
5042,84584.0,0.2,-2.1,-3.6,-2.0,3.9000000000000004,4.0,68.60000000000001,-39.1,-32.300000000000004,16
5043,84603.0,0.30000000000000004,-1.6,-3.5,-1.9000000000000001,4.5,4.0,43.300000000000004,-42.900000000000006,-23.700000000000003,16
5044,84616.0,0.30000000000000004,-1.1,-2.6,-1.7000000000000002,5.0,4.800000000000001,14.900000000000002,-46.800000000000004,-16.1,16
5045,84632.0,0.1,-1.1,-1.9000000000000001,-1.9000000000000001,5.1000000000000005,5.5,3.8,-45.9,-11.900000000000002,16
5046,84648.0,0.2,-1.0,-0.30000000000000004,-1.7000000000000002,5.1000000000000005,7.2,-6.9,-38.400000000000006,-5.0,16
5047,84665.0,0.1,-1.1,0.4,-1.8,4.9,8.200000000000001,-4.7,-33.0,-4.0,16
5048,84682.0,0.0,-1.1,0.9,-1.8,4.9,8.4,4.800000000000001,-17.9,-1.4,16
5049,84698.0,0.0,-1.0,1.2000000000000002,-1.7000000000000002,5.1000000000000005,8.700000000000001,14.100000000000001,-12.4,-0.5,16
5050,84715.0,-0.2,-0.9,1.5,-1.9000000000000001,5.300000000000001,9.0,23.2,-4.800000000000001,-4.300000000000001,16
5051,84732.0,-0.4,-1.0,1.5,-2.1,5.2,9.0,27.099999999999998,0.6000000000000001,-7.0,16
5052,84748.0,-0.8,-0.9,1.1,-2.6,5.300000000000001,8.5,33.50000000000001,8.8,-10.1,16
5053,84772.0,-0.7000000000000001,-0.5,0.5,-2.5,5.800000000000001,7.9,34.400000000000006,16.8,-10.1,16
5054,84782.0,-0.6000000000000001,-0.30000000000000004,0.30000000000000004,-2.5,6.0,7.6000000000000005,32.400000000000006,20.1,-11.6,16
5055,84798.0,-0.9,0.0,-0.2,-2.9000000000000004,6.5,7.0,22.3,25.4,-16.5,16
5056,84815.0,-1.3,0.4,-0.6000000000000001,-3.5,6.800000000000001,6.6000000000000005,0.5,25.900000000000002,-15.899999999999999,16
5057,84832.0,-1.4000000000000001,0.5,-0.7000000000000001,-3.6,6.9,6.5,-14.900000000000002,25.300000000000004,-14.100000000000001,16
5058,84848.0,-2.0,0.5,-0.8,-4.2,6.7,6.5,-55.3,21.6,-8.899999999999999,16
5059,84865.0,-2.5,-0.4,0.4,-4.800000000000001,5.7,7.800000000000001,-80.2,16.3,-3.6000000000000005,16
5060,84882.0,-2.1,-0.8,1.5,-4.4,5.1000000000000005,9.1,-123.9,-5.500000000000001,10.700000000000001,16
5061,84898.0,-1.0,-1.9000000000000001,4.0,-3.2,3.6,11.9,-129.9,-50.60000000000001,18.700000000000003,16
5062,84915.0,0.1,-2.5,4.4,-1.8,2.7,12.600000000000001,-94.5,-99.8,10.299999999999999,16
5063,84932.0,0.5,-2.4000000000000004,3.5,-1.3,2.8000000000000003,11.9,-70.9,-115.39999999999999,1.8000000000000003,16
5064,84950.0,0.4,-1.7000000000000002,0.8,-1.0,3.2,9.3,-28.3,-121.30000000000001,-14.300000000000002,16
5065,84965.0,-0.1,-1.6,-0.7000000000000001,-1.6,3.6,6.4,-14.300000000000002,-112.20000000000002,-18.3,16
5066,84982.0,-0.6000000000000001,-1.0,-3.3000000000000003,-1.6,3.9000000000000004,5.2,-9.100000000000001,-80.8,-14.400000000000002,16
5067,84998.0,0.1,-0.30000000000000004,-4.3,-0.8,4.5,4.2,-30.200000000000003,-47.80000000000001,-5.500000000000001,16
5068,85015.0,0.30000000000000004,-0.30000000000000004,-3.3000000000000003,-0.5,4.4,5.300000000000001,-61.7,-22.1,-8.3,16
5069,85032.0,0.0,-0.4,-2.0,-0.8,4.2,6.6000000000000005,-71.7,-11.4,-14.300000000000002,16
5070,85049.0,-0.7000000000000001,-0.1,0.2,-1.6,4.2,9.0,-58.0,8.600000000000001,-21.6,16
5071,85066.0,-1.0,-0.1,0.5,-2.2,4.3,8.8,-12.7,28.700000000000003,-21.500000000000004,16
5072,85082.0,-1.4000000000000001,0.2,-0.8,-2.4000000000000004,4.5,8.0,8.2,35.8,-19.9,16
5073,85098.0,-1.3,0.8,-2.6,-2.5,5.2,6.1000000000000005,32.300000000000004,45.0,-14.100000000000001,16
5074,85115.0,-1.1,1.4000000000000001,-3.7,-2.4000000000000004,5.9,4.9,31.2,54.0,-2.5,16
5075,85132.0,-0.8,1.8,-3.9000000000000004,-2.3000000000000003,6.300000000000001,4.6000000000000005,24.3,53.7,4.1,16
5076,85148.0,-0.7000000000000001,2.1,-3.6,-2.2,6.7,4.9,5.4,40.9,15.899999999999999,16
5077,85168.0,-0.6000000000000001,2.6,-2.7,-2.2,7.2,5.800000000000001,-14.900000000000002,25.7,27.2,16
5078,85184.0,-0.5,2.8000000000000003,-2.0,-2.1,7.300000000000001,7.1000000000000005,-28.500000000000004,15.000000000000002,37.7,16
5079,85198.0,-0.4,2.6,-0.8,-2.1,7.1000000000000005,7.7,-31.099999999999998,10.600000000000001,41.50000000000001,16
5080,85215.0,-0.5,2.4000000000000004,0.5,-2.1,6.9,9.0,-30.000000000000004,4.800000000000001,45.6,16
5081,85232.0,-0.30000000000000004,2.4000000000000004,1.3,-1.9000000000000001,6.9,9.9,-26.9,2.3,45.099999999999994,16
5082,85248.0,0.0,2.3000000000000003,3.0,-1.4000000000000001,6.800000000000001,11.600000000000001,-11.000000000000002,-5.500000000000001,38.800000000000004,16
5083,85268.0,0.1,2.3000000000000003,3.5,-1.3,6.9,12.100000000000001,15.2,-18.1,26.9,16
5084,85284.0,-0.1,2.2,2.4000000000000004,-1.4000000000000001,6.9,11.0,38.400000000000006,-26.5,19.200000000000003,16
5085,85299.0,-0.2,2.2,1.7000000000000002,-1.4000000000000001,7.0,10.3,42.3,-25.4,16.1,16
5086,85315.0,-0.1,2.4000000000000004,1.6,-1.2000000000000002,7.2,10.100000000000001,36.6,-11.8,8.4,16
5087,85332.0,-0.1,2.1,2.2,-1.2000000000000002,7.0,10.700000000000001,33.50000000000001,-0.9000000000000001,3.3000000000000007,16
5088,85348.0,-0.1,1.4000000000000001,3.1,-1.3,6.4,11.600000000000001,44.00000000000001,15.399999999999999,-8.600000000000001,16
5089,85366.0,0.0,1.9000000000000001,2.1,-1.3,7.1000000000000005,10.5,66.7,26.5,-18.700000000000003,16
5090,85382.0,0.0,2.0,1.1,-1.4000000000000001,7.300000000000001,9.4,68.9,33.7,-19.9,16
5091,85398.0,0.0,1.9000000000000001,0.30000000000000004,-1.5,7.4,8.5,48.70000000000001,42.900000000000006,-21.300000000000004,16
5092,85415.0,0.30000000000000004,1.3,1.3,-1.4000000000000001,6.800000000000001,9.4,16.3,48.6,-25.1,16
5093,85432.0,0.5,0.7000000000000001,2.1,-1.0,5.7,10.9,7.1000000000000005,48.800000000000004,-27.400000000000002,16
5094,85448.0,1.2000000000000002,-0.4,3.2,-0.8,5.2,11.3,12.5,50.7,-32.9,16
5095,85466.0,1.9000000000000001,-1.3,2.7,-0.30000000000000004,4.3,10.700000000000001,42.60000000000001,52.60000000000001,-42.60000000000001,16
5096,85482.0,2.2,-1.4000000000000001,1.8,0.0,4.3,8.5,58.0,53.9,-50.1,16
5097,85498.0,2.6,-1.3,-0.6000000000000001,0.0,4.5,7.1000000000000005,70.9,49.9,-66.0,16
5098,85515.0,2.0,-1.1,-1.9000000000000001,-0.8,4.800000000000001,5.7,57.00000000000001,35.699999999999996,-74.60000000000001,16
5099,85532.0,1.3,-0.8,-1.8,-1.7000000000000002,5.2,5.7,45.5,29.800000000000004,-74.4,16
5100,85548.0,1.2000000000000002,-0.7000000000000001,-1.4000000000000001,-1.9000000000000001,5.2,6.0,26.5,25.200000000000003,-66.1,16
5101,85565.0,1.2000000000000002,-0.9,-0.7000000000000001,-2.1,5.0,6.6000000000000005,19.300000000000004,28.500000000000004,-55.2,16
5102,85582.0,1.0,-1.3,-0.6000000000000001,-2.5,4.6000000000000005,6.6000000000000005,19.700000000000003,30.1,-46.1,16
5103,85598.0,1.0,-1.4000000000000001,-0.7000000000000001,-2.5,4.5,6.5,20.5,27.2,-41.199999999999996,16
5104,85615.0,1.0,-1.8,-0.9,-2.6,4.1000000000000005,6.300000000000001,17.5,15.899999999999999,-35.0,16
5105,85632.0,0.9,-2.0,-1.0,-2.8000000000000003,3.8000000000000003,6.0,14.400000000000002,6.4,-32.6,16
5106,85648.0,0.8,-2.1,-1.3,-2.8000000000000003,3.7,5.800000000000001,10.1,-15.5,-27.3,16
5107,85665.0,0.8,-2.0,-1.7000000000000002,-2.8000000000000003,3.8000000000000003,5.4,7.6,-32.1,-19.9,16
5108,85682.0,0.8,-1.8,-2.1,-2.7,3.9000000000000004,5.0,8.3,-39.2,-15.399999999999999,16
5109,85698.0,0.9,-1.7000000000000002,-2.3000000000000003,-2.6,4.1000000000000005,4.800000000000001,7.8,-51.2,-5.7,16
5110,85715.0,0.8,-1.3,-2.4000000000000004,-2.6,4.4,4.800000000000001,0.9000000000000001,-60.5,0.6000000000000001,16
5111,85732.0,0.4,-0.7000000000000001,-2.0,-2.8000000000000003,5.0,5.2,-7.699999999999999,-64.80000000000001,6.2,16
5112,85748.0,0.4,-0.4,-1.9000000000000001,-2.7,5.300000000000001,5.4,-12.100000000000001,-60.8,10.299999999999999,16
5113,85766.0,0.4,0.1,-1.1,-2.5,5.800000000000001,6.2,-23.5,-45.9,17.1,16
5114,85782.0,0.30000000000000004,0.2,0.30000000000000004,-2.5,5.9,7.7,-31.5,-34.50000000000001,20.2,16
5115,85798.0,0.30000000000000004,0.2,1.0,-2.4000000000000004,5.800000000000001,8.5,-31.2,-32.9,20.7,16
5116,85815.0,0.1,0.2,2.0,-2.5,5.800000000000001,9.600000000000001,-22.9,-32.9,19.6,16
5117,85832.0,-0.2,0.30000000000000004,2.4000000000000004,-2.7,5.9,10.0,-8.5,-29.200000000000003,18.1,16
5118,85848.0,-0.30000000000000004,0.4,2.3000000000000003,-2.7,6.0,10.0,-1.6,-21.400000000000002,17.7,16
5119,85868.0,-0.4,0.30000000000000004,2.0,-2.8000000000000003,5.9,9.700000000000001,6.4,3.0,18.0,16
5120,85888.0,-0.6000000000000001,0.0,1.9000000000000001,-3.0,5.7,9.600000000000001,6.1000000000000005,17.400000000000002,15.5,16
5121,85899.0,-0.8,-0.1,1.9000000000000001,-3.2,5.6000000000000005,9.5,5.2,20.400000000000002,12.4,16
5122,85915.0,-1.2000000000000002,0.0,2.1,-3.7,5.7,9.8,7.300000000000001,23.6,3.9,16
5123,85932.0,-1.7000000000000002,0.1,1.1,-4.3,5.800000000000001,8.8,18.8,26.799999999999997,-3.4,16
5124,85948.0,-1.8,0.4,0.2,-4.4,6.1000000000000005,7.800000000000001,19.0,29.800000000000004,-3.0,16
5125,85965.0,-2.2,0.7000000000000001,-1.1,-4.9,6.4,6.5,-2.3,32.9,1.4,16
5126,85982.0,-2.3000000000000003,0.9,-1.5,-5.1000000000000005,6.6000000000000005,6.1000000000000005,-45.099999999999994,32.9,13.399999999999999,16
5127,85998.0,-2.5,0.6000000000000001,-1.0,-5.300000000000001,6.300000000000001,6.7,-71.9,29.600000000000005,20.2,16
5128,86015.0,-2.5,-0.4,1.7000000000000002,-5.300000000000001,4.9,9.5,-116.5,14.5,31.6,16
5129,86032.0,-1.8,-1.3,5.0,-4.6000000000000005,3.7,13.100000000000001,-115.9,-13.5,37.1,16
5130,86048.0,-1.5,-1.9000000000000001,5.7,-4.2,3.0,13.9,-95.30000000000001,-27.400000000000002,36.300000000000004,16
5131,86065.0,-0.5,-2.1,4.1000000000000005,-3.0,2.7,12.5,-36.300000000000004,-40.6,25.900000000000002,16
5132,86082.0,0.0,-1.4000000000000001,0.6000000000000001,-2.5,3.3000000000000003,9.0,8.8,-24.599999999999998,10.200000000000001,16
5133,86098.0,0.0,-1.3,-0.8,-2.4000000000000004,3.5,7.5,20.400000000000002,-9.4,3.9,16
5134,86115.0,-0.1,-1.1,-3.2,-2.6,3.7,5.1000000000000005,26.400000000000006,22.1,-3.2,16
5135,86132.0,-0.1,-0.8,-4.3,-2.8000000000000003,4.1000000000000005,3.9000000000000004,10.9,47.60000000000001,-1.0,16
5136,86148.0,-0.1,-0.8,-4.5,-2.7,3.9000000000000004,3.6,-1.1,55.1,2.1,16
5137,86168.0,0.1,-1.1,-4.2,-2.7,3.7,3.9000000000000004,-26.799999999999997,56.300000000000004,8.0,16
5138,86182.0,0.5,-1.3,-3.2,-2.5,3.5,4.9,-43.900000000000006,47.1,11.900000000000002,16
5139,86198.0,0.6000000000000001,-1.2000000000000002,-2.8000000000000003,-2.4000000000000004,3.4000000000000004,5.300000000000001,-45.9,43.900000000000006,13.100000000000001,16
5140,86215.0,0.8,-0.9,-1.9000000000000001,-2.3000000000000003,3.6,6.2,-41.4,45.9,15.000000000000002,16
5141,86232.0,0.9,-0.6000000000000001,-1.4000000000000001,-2.3000000000000003,3.9000000000000004,6.7,-27.3,56.50000000000001,16.700000000000003,16
5142,86248.0,1.1,-0.2,-1.3,-2.2,4.6000000000000005,6.6000000000000005,-12.4,69.60000000000001,19.5,16
5143,86265.0,1.2000000000000002,0.4,-1.5,-2.3000000000000003,4.9,6.4,-10.299999999999999,72.10000000000001,20.599999999999998,16
5144,86282.0,1.0,1.1,-1.2000000000000002,-2.6,5.5,6.7,-15.700000000000001,61.599999999999994,25.8,16
5145,86298.0,1.0,1.4000000000000001,-0.8,-2.7,6.1000000000000005,7.4,-22.5,40.0,32.400000000000006,16
5146,86315.0,0.8,1.8,-0.1,-2.8000000000000003,6.2,7.7,-25.7,29.0,35.1,16
5147,86332.0,0.5,2.1,0.30000000000000004,-3.1,6.5,8.200000000000001,-30.699999999999996,8.3,39.300000000000004,16
5148,86348.0,0.4,2.2,0.8,-3.1,6.6000000000000005,8.8,-31.799999999999997,-0.5,41.199999999999996,16
5149,86365.0,0.30000000000000004,2.0,1.3,-3.2,6.4,9.3,-29.600000000000005,-17.200000000000003,42.900000000000006,16
5150,86381.0,0.0,1.8,2.2,-3.4000000000000004,6.2,10.3,-17.799999999999997,-31.2,41.199999999999996,16
5151,86399.0,-0.30000000000000004,1.8,3.4000000000000004,-3.5,6.300000000000001,11.600000000000001,3.8,-36.5,37.9,16
5152,86415.0,-0.5,1.7000000000000002,3.7,-3.6,6.2,11.8,20.3,-35.2,36.300000000000004,16
5153,86432.0,-0.30000000000000004,1.6,2.6,-3.2,6.300000000000001,10.8,53.2,-37.7,30.699999999999996,16
5154,86448.0,-0.4,1.7000000000000002,1.7000000000000002,-3.2,6.6000000000000005,9.8,68.5,-38.800000000000004,20.599999999999998,16
5155,86466.0,-0.4,1.7000000000000002,1.1,-3.2,6.800000000000001,9.200000000000001,72.0,-36.300000000000004,15.700000000000001,16
5156,86482.0,-0.1,2.1,0.0,-2.8000000000000003,7.4,7.9,71.0,-33.7,6.500000000000001,16
5157,86498.0,0.4,2.8000000000000003,-0.7000000000000001,-2.2,8.3,7.2,55.3,-22.6,-2.1,16
5158,86515.0,0.30000000000000004,2.9000000000000004,-0.5,-2.2,8.4,7.4,42.800000000000004,-11.900000000000002,-6.699999999999999,16
5159,86532.0,0.2,3.1,0.7000000000000001,-2.5,8.700000000000001,8.5,17.300000000000004,15.000000000000002,-15.399999999999999,16
5160,86550.0,0.1,2.8000000000000003,1.7000000000000002,-2.6,8.4,9.5,0.6000000000000001,37.300000000000004,-19.9,16
5161,86567.0,0.7000000000000001,1.7000000000000002,2.4000000000000004,-2.2,7.300000000000001,10.200000000000001,-4.9,40.1,-22.000000000000004,16
5162,86582.0,1.1,1.2000000000000002,2.5,-1.9000000000000001,6.7,10.3,-7.0,23.0,-28.3,16
5163,86598.0,2.2,0.6000000000000001,1.7000000000000002,-0.8,6.1000000000000005,9.5,-0.6000000000000001,-8.600000000000001,-39.2,16
5164,86615.0,2.6,0.5,1.2000000000000002,-0.4,6.1000000000000005,9.0,1.1,-18.3,-45.8,16
5165,86631.0,2.5,0.2,0.5,-0.6000000000000001,5.7,8.3,1.7,-19.400000000000002,-58.800000000000004,16
5166,86648.0,1.3,0.2,0.6000000000000001,-1.9000000000000001,5.7,8.4,7.200000000000001,3.9,-56.400000000000006,16
5167,86665.0,0.9,0.2,0.6000000000000001,-2.3000000000000003,5.6000000000000005,8.4,13.8,17.9,-48.50000000000001,16
5168,86682.0,0.7000000000000001,-0.1,0.1,-2.6,5.300000000000001,7.9,25.1,36.5,-27.3,16
5169,86698.0,0.9,-1.1,-0.2,-2.5,4.4,7.4,21.300000000000004,26.6,-12.7,16
5170,86715.0,1.0,-1.5,0.0,-2.5,4.0,7.6000000000000005,16.4,9.3,-10.700000000000001,16
5171,86732.0,0.8,-2.1,0.7000000000000001,-2.6,3.3000000000000003,8.3,13.200000000000003,-36.0,-12.7,16
5172,86748.0,0.2,-2.4000000000000004,1.0,-3.1,3.1,8.700000000000001,24.400000000000002,-69.20000000000002,-16.6,16
5173,86765.0,-0.1,-2.5,0.9,-3.3000000000000003,3.0,8.6,36.7,-76.7,-15.899999999999999,16
5174,86781.0,-0.4,-2.8000000000000003,-0.4,-3.4000000000000004,2.8000000000000003,7.300000000000001,65.6,-76.4,-9.899999999999999,16
5175,86798.0,-0.4,-2.7,-2.2,-3.2,3.1,5.300000000000001,78.10000000000001,-70.3,-3.0,16
5176,86815.0,-0.30000000000000004,-2.5,-2.9000000000000004,-3.0,3.4000000000000004,4.6000000000000005,72.7,-67.8,-1.0,16
5177,86832.0,-0.4,-2.1,-3.1,-3.0,3.9000000000000004,4.3,49.4,-71.7,1.4,16
5178,86849.0,-0.5,-1.5,-2.4000000000000004,-2.8000000000000003,4.6000000000000005,5.0,27.3,-77.00000000000001,4.7,16
5179,86871.0,-0.6000000000000001,-1.2000000000000002,-1.4000000000000001,-2.8000000000000003,5.0,6.0,13.6,-71.19999999999999,5.1000000000000005,16
5180,86882.0,-0.9,-1.1,-1.0,-2.9000000000000004,5.1000000000000005,6.5,9.8,-64.2,5.500000000000001,16
5181,86898.0,-1.4000000000000001,-1.1,-0.2,-3.3000000000000003,5.1000000000000005,7.2,4.7,-45.5,7.8,16
5182,86915.0,-1.6,-1.0,0.2,-3.5,5.1000000000000005,7.6000000000000005,3.1,-34.50000000000001,9.8,16
5183,86931.0,-1.6,-1.1,1.0,-3.4000000000000004,5.0,8.5,5.8,-16.6,15.000000000000002,16
5184,86948.0,-1.6,-1.5,1.3,-3.3000000000000003,4.7,8.700000000000001,16.5,-4.9,16.0,16
5185,86965.0,-1.6,-1.6,0.7000000000000001,-3.4000000000000004,4.7,8.200000000000001,22.2,-1.3,15.8,16
5186,86982.0,-1.6,-1.4000000000000001,-0.4,-3.4000000000000004,4.9,7.0,20.7,5.2,15.8,16
5187,86998.0,-1.7000000000000002,-1.2000000000000002,-0.6000000000000001,-3.4000000000000004,5.2,6.7,10.0,17.1,15.2,16
5188,87015.0,-1.9000000000000001,-0.7000000000000001,-0.7000000000000001,-3.7,5.6000000000000005,6.6000000000000005,-3.0,31.3,14.600000000000001,16
5189,87032.0,-1.9000000000000001,-0.7000000000000001,-0.7000000000000001,-3.9000000000000004,5.800000000000001,7.0,-10.4,36.1,13.8,16
5190,87048.0,-2.5,-0.4,0.5,-4.4,5.9,7.800000000000001,-15.8,37.300000000000004,13.5,16
5191,87065.0,-2.2,-0.2,0.1,-4.2,6.0,7.4,-15.700000000000001,35.599999999999994,15.8,16
5192,87082.0,-2.0,-0.2,-0.4,-4.1000000000000005,6.0,7.0,-25.5,28.400000000000002,18.0,16
5193,87101.0,-1.8,0.0,-0.9,-3.8000000000000003,6.1000000000000005,6.5,-52.80000000000001,25.5,18.4,16
5194,87115.0,-2.2,-0.2,-0.1,-4.3,5.800000000000001,7.4,-93.7,34.800000000000004,20.900000000000002,16
5195,87132.0,-2.4000000000000004,-0.5,0.9,-4.6000000000000005,5.300000000000001,8.6,-113.1,39.0,23.2,16
5196,87148.0,-2.0,-0.9,3.6,-4.2,4.5,11.5,-125.00000000000001,29.400000000000002,27.400000000000002,16
5197,87166.0,-1.5,-1.2000000000000002,4.7,-3.8000000000000003,4.1000000000000005,12.8,-114.50000000000001,18.3,26.1,16
5198,87182.0,-1.0,-1.5,4.9,-3.2,3.6,13.100000000000001,-65.7,-2.9,14.400000000000002,16
5199,87198.0,-0.6000000000000001,-0.9,1.9000000000000001,-2.8000000000000003,4.1000000000000005,10.200000000000001,-11.000000000000002,8.5,3.6000000000000005,16
5200,87215.0,-0.5,-0.5,-1.1,-2.8000000000000003,4.5,7.2,15.5,39.0,-1.3,16
5201,87231.0,-0.5,-0.4,-2.2,-2.8000000000000003,4.7,6.0,17.300000000000004,52.80000000000001,-1.8000000000000003,16
5202,87248.0,-0.5,0.0,-3.6,-3.0,5.1000000000000005,4.5,4.4,69.60000000000001,3.1,16
5203,87265.0,-0.4,0.0,-3.8000000000000003,-3.2,5.0,4.2,-25.8,73.8,13.000000000000002,16
5204,87282.0,-0.30000000000000004,-0.30000000000000004,-3.4000000000000004,-3.2,4.7,4.6000000000000005,-42.3,68.60000000000001,18.4,16
5205,87298.0,0.2,-0.8,-2.1,-2.8000000000000003,4.1000000000000005,5.9,-61.9,48.10000000000001,26.9,16
5206,87315.0,0.6000000000000001,-1.0,-1.0,-2.4000000000000004,3.7,7.1000000000000005,-55.3,27.700000000000003,32.7,16
5207,87331.0,0.8,-0.9,-0.9,-2.2,3.7,7.2,-44.2,22.000000000000004,34.2,16
5208,87348.0,1.1,-0.7000000000000001,-1.7000000000000002,-1.9000000000000001,4.0,6.4,-20.2,24.8,35.4,16
5209,87365.0,1.5,-0.1,-2.6,-1.5,4.5,5.5,-10.0,35.2,37.1,16
5210,87381.0,1.7000000000000002,0.2,-2.5,-1.3,4.9,5.6000000000000005,-9.700000000000001,39.599999999999994,38.0,16
5211,87398.0,2.1,0.9,-2.1,-1.0,5.5,5.9,-9.899999999999999,44.7,37.7,16
5212,87415.0,1.9000000000000001,1.8,-1.6,-1.3,6.5,6.4,-14.300000000000002,47.5,36.300000000000004,16
5213,87432.0,1.8,2.1,-1.1,-1.4000000000000001,6.800000000000001,6.9,-18.6,49.699999999999996,36.2,16
5214,87448.0,1.3,2.5,0.4,-2.0,7.2,8.3,-23.3,54.50000000000001,36.400000000000006,16
5215,87465.0,0.9,2.5,1.4000000000000001,-2.4000000000000004,7.2,9.3,-23.099999999999998,54.0,36.9,16
5216,87482.0,0.9,2.4000000000000004,2.0,-2.5,7.1000000000000005,9.9,-19.300000000000004,39.599999999999994,37.6,16
5217,87498.0,0.8,2.3000000000000003,2.8000000000000003,-2.6,7.0,10.700000000000001,-8.3,11.3,35.3,16
5218,87515.0,1.0,2.3000000000000003,2.3000000000000003,-2.2,7.0,10.3,8.0,-21.500000000000004,32.2,16
5219,87532.0,1.0,2.2,2.0,-2.2,7.0,10.0,13.6,-34.0,29.500000000000004,16
5220,87549.0,0.8,2.1,1.6,-2.1,7.1000000000000005,9.600000000000001,19.700000000000003,-48.70000000000001,23.6,16
5221,87565.0,0.5,2.0,2.1,-2.3000000000000003,7.0,10.100000000000001,22.6,-45.099999999999994,14.0,16
5222,87581.0,0.30000000000000004,1.8,2.3000000000000003,-2.4000000000000004,6.9,10.4,27.099999999999998,-41.7,8.899999999999999,16
5223,87598.0,0.30000000000000004,1.7000000000000002,2.1,-2.3000000000000003,6.9,10.100000000000001,43.2,-39.8,0.4,16
5224,87615.0,0.0,1.5,0.9,-2.5,6.9,8.8,52.2,-40.1,-5.8,16
5225,87632.0,-0.1,1.8,0.2,-2.5,7.2,8.1,49.0,-36.2,-7.6,16
5226,87648.0,-0.4,2.8000000000000003,-0.5,-2.8000000000000003,8.3,7.4,16.900000000000002,-8.5,-10.8,16
5227,87665.0,-1.1,2.8000000000000003,0.9,-3.6,8.200000000000001,8.9,-32.7,13.000000000000002,-6.1000000000000005,16
5228,87682.0,-1.2000000000000002,2.1,2.9000000000000004,-3.6,6.5,13.0,-53.599999999999994,14.200000000000001,-0.30000000000000004,16
5229,87698.0,-0.7000000000000001,0.2,6.5,-3.2,5.4,14.700000000000001,-62.800000000000004,-14.0,5.9,16
5230,87715.0,0.30000000000000004,-0.9,7.5,-2.0,4.2,15.8,-28.500000000000004,-63.599999999999994,2.2,16
5231,87732.0,0.9,-1.0,6.6000000000000005,-1.4000000000000001,4.1000000000000005,15.0,-3.9,-80.4,-2.4000000000000004,16
5232,87748.0,1.6,-0.9,3.2,-0.30000000000000004,4.3,11.600000000000001,39.400000000000006,-84.80000000000001,-12.5,16
5233,87765.0,1.8,-1.1,0.4,0.0,4.2,8.8,53.9,-65.3,-25.900000000000002,16
5234,87782.0,1.5,-1.2000000000000002,-0.30000000000000004,-0.7000000000000001,4.2,7.7,54.1,-52.2,-33.1,16
5235,87798.0,0.6000000000000001,-1.2000000000000002,-0.7000000000000001,-1.1,4.3,7.6000000000000005,50.0,-16.8,-41.1,16
5236,87815.0,0.1,-1.6,-0.8,-1.8,3.9000000000000004,7.4,47.60000000000001,13.3,-41.0,16
5237,87832.0,-0.1,-2.2,-1.0,-2.1,3.5,7.0,47.0,19.700000000000003,-39.50000000000001,16
5238,87848.0,-0.2,-2.4000000000000004,-1.1,-2.3000000000000003,3.3000000000000003,6.9,47.80000000000001,14.400000000000002,-38.900000000000006,16
5239,87865.0,-0.5,-2.7,-1.4000000000000001,-2.6,3.1,6.5,50.7,-4.1,-36.8,16
5240,87881.0,-0.9,-2.8000000000000003,-2.0,-3.1,3.1,5.800000000000001,52.60000000000001,-22.4,-31.400000000000002,16
5241,87898.0,-0.8,-2.6,-2.4000000000000004,-3.0,3.4000000000000004,5.4,52.2,-27.099999999999998,-26.000000000000004,16
5242,87915.0,-0.4,-2.4000000000000004,-3.1,-2.5,3.6,4.5,46.300000000000004,-28.600000000000005,-16.3,16
5243,87931.0,-0.30000000000000004,-2.2,-3.3000000000000003,-2.2,4.1000000000000005,4.2,38.1,-27.9,-12.4,16
5244,87949.0,-0.1,-1.9000000000000001,-3.1,-2.2,4.2,4.5,14.100000000000001,-35.9,-6.600000000000001,16
5245,87965.0,-0.2,-1.6,-1.7000000000000002,-2.1,4.5,5.9,-7.8,-47.3,-3.2,16
5246,87982.0,-0.4,-1.5,-0.1,-2.2,4.5,7.5,-15.6,-44.7,0.8,16
5247,87998.0,-0.6000000000000001,-1.5,0.5,-2.4000000000000004,4.5,8.200000000000001,-14.300000000000002,-36.2,2.4000000000000004,16
5248,88015.0,-0.6000000000000001,-1.6,1.1,-2.3000000000000003,4.4,8.8,-2.0,-11.900000000000002,5.6,16
5249,88031.0,-0.30000000000000004,-1.7000000000000002,1.1,-2.0,4.3,8.700000000000001,13.100000000000001,11.900000000000002,4.800000000000001,16
5250,88048.0,-0.30000000000000004,-1.7000000000000002,0.9,-2.0,4.3,8.6,20.2,20.8,2.4000000000000004,16
5251,88066.0,-0.5,-1.9000000000000001,0.2,-2.3000000000000003,4.2,7.800000000000001,34.1,29.600000000000005,-0.1,16
5252,88082.0,-0.5,-1.8,-0.2,-2.3000000000000003,4.3,6.9,38.400000000000006,31.400000000000002,-0.1,16
5253,88098.0,-0.4,-1.8,-0.8,-2.4000000000000004,4.4,6.6000000000000005,40.7,36.1,-0.5,16
5254,88115.0,-0.5,-1.8,-0.9,-2.5,4.5,6.4,39.0,39.50000000000001,-0.1,16
5255,88133.0,-0.30000000000000004,-1.7000000000000002,-0.9,-2.5,4.7,6.2,28.700000000000003,40.6,5.8,16
5256,88148.0,-0.2,-1.5,-0.9,-2.4000000000000004,4.9,6.2,24.1,40.6,6.8,16
5257,88166.0,-0.30000000000000004,-0.8,-0.8,-2.5,5.6000000000000005,6.300000000000001,12.600000000000001,43.1,6.2,16
5258,88181.0,-0.30000000000000004,-0.4,-0.7000000000000001,-2.6,6.0,6.300000000000001,0.5,43.50000000000001,6.1000000000000005,16
5259,88198.0,-0.2,-0.1,-0.7000000000000001,-2.6,6.300000000000001,6.300000000000001,-7.699999999999999,44.6,7.500000000000001,16
5260,88215.0,-0.2,0.30000000000000004,-1.1,-2.7,6.7,5.9,-31.0,41.199999999999996,10.9,16
5261,88231.0,0.0,0.5,-1.4000000000000001,-2.6,6.800000000000001,5.7,-69.9,31.7,17.9,16
5262,88248.0,-0.1,0.5,-1.1,-2.6,6.6000000000000005,6.0,-94.6,28.0,21.8,16
5263,88265.0,-0.30000000000000004,-0.1,1.2000000000000002,-2.8000000000000003,5.7,8.6,-143.0,25.4,28.800000000000004,16
5264,88281.0,0.30000000000000004,-0.6000000000000001,4.7,-2.2,4.9,12.4,-153.0,14.0,29.700000000000006,16
5265,88298.0,0.5,-0.9,6.0,-2.0,4.4,13.9,-138.9,5.300000000000001,25.8,16
5266,88315.0,0.9,-1.1,6.1000000000000005,-1.5,3.9000000000000004,14.3,-80.60000000000001,-8.0,11.1,16
5267,88332.0,1.4000000000000001,-0.6000000000000001,2.9000000000000004,-1.0,4.3,11.100000000000001,-18.8,7.200000000000001,-8.0,16
5268,88348.0,1.4000000000000001,-0.4,1.2000000000000002,-1.1,4.5,9.4,0.2,23.0,-18.0,16
5269,88369.0,1.1,-0.2,-1.6,-1.9000000000000001,4.800000000000001,5.800000000000001,11.8,49.1,-34.0,16
5270,88383.0,0.7000000000000001,0.0,-2.8000000000000003,-2.2,4.9,5.2,-1.9,56.800000000000004,-40.9,16
5271,88398.0,0.4,0.1,-3.0,-3.1,4.800000000000001,5.4,-14.0,53.9,-42.3,16
5272,88415.0,-0.4,0.0,-2.1,-3.7,4.7,5.9,-37.50000000000001,41.800000000000004,-42.5,16
5273,88431.0,-0.7000000000000001,0.2,-1.5,-4.1000000000000005,4.7,6.6000000000000005,-42.0,26.300000000000004,-32.9,16
5274,88448.0,-0.6000000000000001,0.2,-1.6,-3.8000000000000003,4.6000000000000005,6.1000000000000005,-38.1,18.8,-25.6,16
5275,88465.0,0.0,0.30000000000000004,-2.5,-3.4000000000000004,4.6000000000000005,5.6000000000000005,-28.600000000000005,1.6,-11.700000000000001,16
5276,88481.0,0.6000000000000001,0.7000000000000001,-3.2,-2.9000000000000004,5.0,4.9,-26.200000000000003,-6.8,-4.300000000000001,16
5277,88498.0,0.9,1.2000000000000002,-3.4000000000000004,-2.5,5.4,4.7,-27.700000000000003,-2.3,2.0,16
5278,88515.0,1.0,1.5,-3.3000000000000003,-2.4000000000000004,5.6000000000000005,4.800000000000001,-28.900000000000002,2.2,5.6,16
5279,88532.0,1.4000000000000001,2.0,-2.7,-2.0,6.2,5.4,-33.50000000000001,9.4,12.200000000000001,16
5280,88548.0,1.5,2.3000000000000003,-2.0,-2.0,6.5,7.0,-37.0,10.700000000000001,14.5,16
5281,88565.0,1.3,2.6,-0.4,-2.1,6.6000000000000005,7.800000000000001,-41.4,8.3,17.0,16
5282,88581.0,1.1,2.9000000000000004,1.1,-2.3000000000000003,6.800000000000001,9.3,-38.2,1.7,19.200000000000003,16
5283,88598.0,0.5,2.7,2.3000000000000003,-2.8000000000000003,6.6000000000000005,10.600000000000001,-30.599999999999998,-2.5,17.9,16
5284,88615.0,0.4,2.7,2.8000000000000003,-3.0,6.5,11.100000000000001,-23.3,-4.5,17.5,16
5285,88631.0,0.2,2.6,3.2,-3.1,6.5,11.600000000000001,-3.1,-9.4,17.200000000000003,16
5286,88648.0,0.30000000000000004,2.5,3.1,-2.7,6.4,11.3,7.8,-15.299999999999999,16.700000000000003,16
5287,88665.0,0.6000000000000001,2.3000000000000003,2.7,-2.5,6.4,11.100000000000001,27.3,-29.400000000000002,12.600000000000001,16
5288,88681.0,0.6000000000000001,2.2,2.3000000000000003,-2.4000000000000004,6.4,10.8,40.6,-35.3,3.3000000000000007,16
5289,88698.0,0.0,1.9000000000000001,2.6,-3.0,6.300000000000001,11.0,53.300000000000004,-24.0,-6.699999999999999,16
5290,88715.0,-0.5,1.7000000000000002,2.7,-3.4000000000000004,6.1000000000000005,11.100000000000001,61.0,-13.6,-9.5,16
5291,88732.0,-0.8,1.4000000000000001,2.5,-3.8000000000000003,6.0,10.8,75.9,4.4,-11.000000000000002,16
5292,88748.0,-0.30000000000000004,1.7000000000000002,1.4000000000000001,-3.3000000000000003,6.5,9.5,83.80000000000001,13.3,-9.2,16
5293,88765.0,-0.2,1.8,0.8,-3.2,6.800000000000001,8.9,80.2,15.700000000000001,-7.300000000000001,16
5294,88781.0,0.0,2.2,0.30000000000000004,-3.2,7.300000000000001,8.200000000000001,56.2,15.399999999999999,-4.6,16
5295,88798.0,-0.1,2.3000000000000003,0.9,-3.2,7.5,8.8,15.000000000000002,2.8,-2.1,16
5296,88815.0,-0.1,2.1,2.1,-3.2,7.4,10.100000000000001,-4.4,-7.500000000000001,-0.5,16
5297,88831.0,0.2,1.3,4.5,-2.8000000000000003,6.5,12.600000000000001,-20.400000000000002,-29.900000000000006,3.4,16
5298,88848.0,0.7000000000000001,0.0,5.2,-2.2,5.2,13.3,-6.600000000000001,-57.60000000000001,4.0,16
5299,88865.0,1.0,-0.5,4.800000000000001,-1.8,4.7,13.0,5.4,-68.7,1.1,16
5300,88882.0,1.5,-0.5,2.8000000000000003,-1.1,4.7,11.0,26.300000000000004,-74.5,-6.600000000000001,16
5301,88900.0,1.5,-0.6000000000000001,0.9,-0.9,4.800000000000001,9.200000000000001,31.5,-60.6,-12.100000000000001,16
5302,88915.0,1.4000000000000001,-0.7000000000000001,0.30000000000000004,-1.0,4.6000000000000005,8.6,29.600000000000005,-50.3,-13.900000000000002,16
5303,88931.0,1.2000000000000002,-1.1,-0.5,-1.1,4.3,7.7,22.9,-31.5,-16.6,16
5304,88948.0,0.9,-1.6,-0.7000000000000001,-1.4000000000000001,3.8000000000000003,7.5,16.1,-21.8,-17.300000000000004,16
5305,88965.0,0.7000000000000001,-1.9000000000000001,-0.7000000000000001,-1.5,3.6,7.4,14.5,-19.400000000000002,-17.200000000000003,16
5306,88981.0,0.4,-2.5,-0.8,-1.8,3.0,7.4,15.5,-23.3,-19.1,16
5307,88999.0,0.1,-2.7,-0.7000000000000001,-2.0,2.8000000000000003,7.5,21.0,-32.5,-24.3,16
5308,89015.0,0.0,-2.8000000000000003,-0.6000000000000001,-2.1,2.7,7.5,26.5,-35.3,-27.099999999999998,16
5309,89032.0,-0.1,-2.9000000000000004,-0.6000000000000001,-2.3000000000000003,2.5,7.300000000000001,48.10000000000001,-41.7,-31.099999999999998,16
5310,89048.0,-0.4,-3.2,-1.8,-2.4000000000000004,2.5,6.1000000000000005,69.20000000000002,-45.099999999999994,-33.7,16
5311,89065.0,-0.5,-3.1,-2.5,-2.5,3.0,4.800000000000001,74.2,-47.0,-34.60000000000001,16
5312,89082.0,-0.6000000000000001,-2.4000000000000004,-3.3000000000000003,-2.5,3.5,4.5,67.8,-46.7,-31.2,16
5313,89098.0,-0.4,-1.9000000000000001,-3.0,-2.2,4.1000000000000005,4.6000000000000005,50.1,-41.4,-22.9,16
5314,89115.0,-0.2,-1.7000000000000002,-2.7,-2.0,4.4,4.9,40.300000000000004,-37.6,-19.200000000000003,16
5315,89131.0,0.0,-1.5,-2.3000000000000003,-1.7000000000000002,4.7,5.300000000000001,22.1,-24.3,-15.000000000000002,16
5316,89148.0,0.0,-1.2000000000000002,-1.5,-1.7000000000000002,5.0,6.0,6.9,-5.1000000000000005,-13.6,16
5317,89165.0,-0.1,-1.1,-1.0,-2.1,4.9,6.9,1.7,6.4,-13.200000000000003,16
5318,89182.0,-0.5,-1.2000000000000002,-0.30000000000000004,-2.4000000000000004,4.9,7.2,-2.3,29.800000000000004,-11.3,16
5319,89198.0,-0.7000000000000001,-1.2000000000000002,-0.30000000000000004,-2.8000000000000003,4.800000000000001,7.2,0.1,41.6,-7.6,16
5320,89215.0,-0.8,-1.1,-0.5,-2.9000000000000004,5.1000000000000005,6.800000000000001,0.5,38.2,-3.7000000000000006,16
5321,89232.0,-0.7000000000000001,-0.8,-0.6000000000000001,-2.8000000000000003,5.300000000000001,6.800000000000001,-0.9000000000000001,33.1,-1.1,16
5322,89248.0,-0.5,-0.4,-0.4,-2.7,5.6000000000000005,7.0,-4.800000000000001,24.8,5.0,16
5323,89266.0,-0.5,-0.30000000000000004,-0.6000000000000001,-2.8000000000000003,5.800000000000001,6.6000000000000005,-12.4,19.400000000000002,11.5,16
5324,89282.0,-0.4,-0.30000000000000004,-0.8,-2.7,5.7,6.6000000000000005,-18.0,18.1,15.5,16
5325,89298.0,-0.2,-0.2,-0.4,-2.5,5.800000000000001,7.0,-31.3,19.400000000000002,19.700000000000003,16
5326,89315.0,-0.30000000000000004,0.1,0.4,-2.6,6.0,7.9,-40.7,27.099999999999998,18.6,16
5327,89332.0,-0.30000000000000004,0.1,0.7000000000000001,-2.7,5.9,8.200000000000001,-41.900000000000006,26.9,17.9,16
5328,89348.0,-0.5,-0.30000000000000004,0.9,-2.8000000000000003,5.4,8.5,-40.1,29.200000000000003,15.299999999999999,16
5329,89365.0,-0.6000000000000001,-0.4,0.8,-3.3000000000000003,5.2,8.4,-46.800000000000004,47.60000000000001,7.6,16
5330,89382.0,-1.0,-0.4,1.1,-3.6,5.1000000000000005,8.8,-54.4,57.699999999999996,3.5,16
5331,89398.0,-1.4000000000000001,-0.4,1.9000000000000001,-4.2,5.0,9.600000000000001,-63.900000000000006,75.8,-1.0,16
5332,89415.0,-1.8,-0.7000000000000001,2.5,-4.800000000000001,4.5,10.3,-68.4,86.89999999999999,1.4,16
5333,89431.0,-1.8,-0.8,2.7,-4.9,4.3,10.5,-72.0,78.60000000000001,2.1,16
5334,89448.0,-1.4000000000000001,-1.0,3.1,-4.7,3.8000000000000003,11.0,-72.0,34.60000000000001,2.4000000000000004,16
5335,89465.0,-0.6000000000000001,-1.0,2.6,-3.8000000000000003,3.7,10.700000000000001,-51.1,-16.8,3.4,16
5336,89482.0,-0.2,-0.9,1.6,-3.4000000000000004,3.7,9.8,-35.4,-32.9,3.1,16
5337,89498.0,0.5,-0.4,-0.7000000000000001,-2.6,4.2,7.5,-11.8,-41.1,0.1,16
5338,89515.0,0.7000000000000001,0.4,-2.2,-2.3000000000000003,5.0,6.1000000000000005,-3.8,-19.9,-2.1,16
5339,89531.0,0.6000000000000001,0.6000000000000001,-2.6,-2.4000000000000004,5.2,5.6000000000000005,-5.2,-1.7,-2.9,16
5340,89548.0,0.0,0.7000000000000001,-3.3000000000000003,-3.1,5.2,4.9,-18.200000000000003,36.7,0.8,16
5341,89567.0,-0.30000000000000004,0.4,-3.1,-3.5,4.9,5.0,-39.9,59.1,12.4,16
5342,89582.0,-0.30000000000000004,0.1,-2.6,-3.6,4.5,5.5,-50.5,59.00000000000001,18.8,16
5343,89598.0,0.1,-0.6000000000000001,-1.2000000000000002,-3.3000000000000003,3.7,7.0,-59.699999999999996,37.300000000000004,28.200000000000003,16
5344,89615.0,0.5,-0.7000000000000001,-0.7000000000000001,-2.8000000000000003,3.4000000000000004,7.5,-50.7,-7.9,31.5,16
5345,89631.0,0.7000000000000001,-0.5,-0.8,-2.6,3.6,7.5,-44.5,-31.0,32.400000000000006,16
5346,89648.0,0.8,-0.2,-1.3,-2.3000000000000003,3.9000000000000004,7.1000000000000005,-34.0,-62.4,37.400000000000006,16
5347,89665.0,0.9,-0.1,-1.6,-1.9000000000000001,3.9000000000000004,6.800000000000001,-27.400000000000002,-68.5,45.8,16
5348,89682.0,1.2000000000000002,-0.1,-1.8,-1.5,3.9000000000000004,6.7,-26.300000000000004,-66.5,49.1,16
5349,89699.0,1.7000000000000002,0.1,-1.9000000000000001,-0.7000000000000001,4.1000000000000005,6.7,-28.700000000000003,-63.10000000000001,51.1,16
5350,89715.0,1.9000000000000001,0.5,-1.5,-0.2,4.4,7.2,-36.300000000000004,-63.900000000000006,46.9,16
5351,89732.0,1.9000000000000001,0.6000000000000001,-1.0,-0.1,4.5,7.7,-41.900000000000006,-64.7,42.7,16
5352,89748.0,1.4000000000000001,0.9,0.4,-0.30000000000000004,4.6000000000000005,9.200000000000001,-51.800000000000004,-62.1,34.300000000000004,16
5353,89765.0,0.8,0.8,1.8,-0.7000000000000001,4.4,10.8,-47.80000000000001,-54.6,27.5,16
5354,89781.0,0.7000000000000001,0.9,2.2,-0.7000000000000001,4.4,11.200000000000001,-38.800000000000004,-48.70000000000001,24.7,16
5355,89804.0,1.0,1.1,2.1,-0.2,4.6000000000000005,11.200000000000001,2.0,-27.9,12.200000000000001,16
5356,89816.0,1.1,1.2000000000000002,1.7000000000000002,-0.1,4.7,10.8,15.100000000000001,-20.7,5.2,16
5357,89831.0,1.0,1.3,1.2000000000000002,-0.1,4.800000000000001,10.3,25.4,-12.5,-3.0,16
5358,89849.0,0.1,1.3,0.30000000000000004,-1.0,5.0,9.3,31.099999999999998,5.6,-15.6,16
5359,89865.0,-0.6000000000000001,1.4000000000000001,0.2,-1.9000000000000001,5.2,9.200000000000001,17.9,14.100000000000001,-17.6,16
5360,89881.0,-0.8,1.3,0.6000000000000001,-2.3000000000000003,5.1000000000000005,10.200000000000001,7.6,12.5,-16.8,16
5361,89898.0,-1.0,1.3,2.1,-2.3000000000000003,5.1000000000000005,11.100000000000001,-8.4,-0.9000000000000001,-14.700000000000001,16
5362,89915.0,-0.9,1.7000000000000002,3.0,-2.2,5.4,12.0,0.2,-11.5,-12.200000000000001,16
5363,89931.0,-0.9,1.8,2.3000000000000003,-2.0,5.5,10.600000000000001,8.2,-11.6,-9.0,16
5364,89948.0,-0.6000000000000001,1.8,1.2000000000000002,-1.8,5.6000000000000005,10.3,2.3,-12.100000000000001,-2.4000000000000004,16
5365,89965.0,-0.5,1.9000000000000001,1.2000000000000002,-1.7000000000000002,5.7,10.3,-19.700000000000003,-16.3,1.7,16
5366,89982.0,-0.5,1.4000000000000001,2.3000000000000003,-1.7000000000000002,5.1000000000000005,11.5,-33.1,-16.1,4.9,16
5367,89998.0,-0.4,1.1,3.2,-1.5,4.7,12.4,-50.2,-15.299999999999999,12.100000000000001,16
5368,90015.0,0.8,0.4,4.2,-0.30000000000000004,3.9000000000000004,13.5,-40.300000000000004,-20.599999999999998,17.7,16
5369,90031.0,1.9000000000000001,0.0,3.9000000000000004,0.9,3.4000000000000004,13.3,-12.0,-29.500000000000004,10.299999999999999,16
5370,90048.0,1.9000000000000001,0.0,3.9000000000000004,1.3,3.4000000000000004,12.700000000000001,2.6,-29.0,4.4,16
5371,90065.0,2.3000000000000003,-0.2,2.2,1.5,3.2,11.600000000000001,22.1,-19.1,-8.3,16
5372,90081.0,2.4000000000000004,-0.30000000000000004,1.8,1.7000000000000002,3.1,10.8,31.0,-4.5,-20.2,16
5373,90098.0,2.3000000000000003,-0.5,1.1,1.6,3.1,10.4,30.5,2.7,-26.300000000000004,16
5374,90115.0,2.3000000000000003,-0.5,1.3,1.5,3.1,10.600000000000001,22.6,12.200000000000001,-36.5,16
5375,90132.0,2.0,-0.7000000000000001,1.7000000000000002,1.0,2.8000000000000003,11.3,20.900000000000002,14.0,-41.800000000000004,16
5376,90148.0,1.5,-1.4000000000000001,1.9000000000000001,0.6000000000000001,2.3000000000000003,11.200000000000001,28.200000000000003,15.5,-50.2,16
5377,90165.0,0.0,-3.2,1.2000000000000002,-1.0,0.6000000000000001,10.5,43.6,13.6,-56.7,16
5378,90183.0,1.8,-1.1,-0.7000000000000001,0.7000000000000001,2.9000000000000004,8.5,57.3,5.500000000000001,-56.10000000000001,16
5379,90198.0,0.5,-2.1,-1.3,-0.7000000000000001,1.9000000000000001,7.9,67.2,-7.0,-67.2,16
5380,90215.0,0.0,-3.1,-2.7,-1.3,1.1,6.300000000000001,74.60000000000001,-14.0,-76.60000000000001,16
5381,90231.0,-0.4,-2.2,-4.1000000000000005,-1.7000000000000002,2.2,4.800000000000001,75.5,-35.9,-76.80000000000001,16
5382,90248.0,-0.7000000000000001,-2.4000000000000004,-4.6000000000000005,-2.0,2.1,4.3,71.19999999999999,-45.0,-75.8,16
5383,90265.0,-0.7000000000000001,-2.1,-5.300000000000001,-1.9000000000000001,2.5,3.4000000000000004,55.0,-57.20000000000001,-68.1,16
5384,90281.0,-0.4,-1.9000000000000001,-5.4,-1.6,2.8000000000000003,3.2,37.7,-64.10000000000001,-62.4,16
5385,90298.0,-0.2,-1.4000000000000001,-5.1000000000000005,-1.3,3.3000000000000003,3.5,29.600000000000005,-62.800000000000004,-61.39999999999999,16
5386,90315.0,-0.6000000000000001,-0.9,-4.6000000000000005,-1.7000000000000002,3.8000000000000003,3.9000000000000004,16.1,-51.9,-61.8,16
5387,90331.0,-1.5,-0.5,-3.5,-2.6,4.2,5.0,-1.6,-25.7,-52.00000000000001,16
5388,90348.0,-1.9000000000000001,-0.30000000000000004,-2.6,-3.0,4.5,5.9,-6.699999999999999,-14.700000000000001,-42.7,16
5389,90365.0,-1.6,0.2,-0.7000000000000001,-2.8000000000000003,4.9,7.800000000000001,-7.8,1.1,-23.099999999999998,16
5390,90381.0,-1.4000000000000001,0.2,0.1,-2.3000000000000003,4.800000000000001,9.1,-2.7,5.0,-12.0,16
5391,90398.0,-1.2000000000000002,0.1,1.0,-2.4000000000000004,4.800000000000001,9.5,0.0,2.4000000000000004,-11.000000000000002,16
5392,90415.0,-1.9000000000000001,0.4,1.3,-3.1,5.1000000000000005,9.8,4.7,-12.9,-9.700000000000001,16
5393,90431.0,-2.6,0.6000000000000001,1.7000000000000002,-3.8000000000000003,5.300000000000001,10.200000000000001,8.899999999999999,-13.8,3.1,16
5394,90448.0,-2.9000000000000004,0.2,1.4000000000000001,-4.1000000000000005,4.9,10.0,12.4,-9.600000000000001,13.100000000000001,16
5395,90465.0,-2.0,0.6000000000000001,0.9,-3.1,5.4,9.5,13.700000000000001,-11.3,32.1,16
5396,90481.0,-1.4000000000000001,1.1,0.8,-2.5,5.9,9.3,3.9,-0.1,35.2,16
5397,90498.0,-1.4000000000000001,0.8,0.9,-2.4000000000000004,5.6000000000000005,9.4,-3.4,1.9,34.400000000000006,16
5398,90515.0,-1.6,0.5,1.9000000000000001,-2.6,5.300000000000001,10.5,-15.8,-8.0,26.9,16
5399,90532.0,-1.9000000000000001,0.5,2.2,-2.8000000000000003,5.300000000000001,10.8,-13.000000000000002,-11.900000000000002,23.6,16
5400,90548.0,-2.0,0.5,1.9000000000000001,-2.9000000000000004,5.2,10.5,-13.000000000000002,-4.1,23.900000000000006,16
5401,90565.0,-2.3000000000000003,0.1,1.1,-3.2,4.800000000000001,9.8,-21.900000000000002,15.8,29.700000000000006,16
5402,90581.0,-1.9000000000000001,-0.2,1.2000000000000002,-2.9000000000000004,4.4,9.9,-50.1,36.0,39.9,16
5403,90598.0,-1.6,-0.6000000000000001,1.8,-2.6,3.9000000000000004,10.600000000000001,-64.50000000000001,37.300000000000004,43.4,16
5404,90615.0,-0.6000000000000001,-1.9000000000000001,3.6,-1.6,2.4000000000000004,12.5,-73.10000000000001,18.5,40.7,16
5405,90631.0,-0.2,-2.5,3.5,-1.2000000000000002,1.6,12.600000000000001,-43.00000000000001,-2.3,23.5,16
5406,90648.0,-0.2,-2.5,2.6,-1.2000000000000002,1.7000000000000002,10.4,-20.400000000000002,-1.2000000000000002,13.900000000000002,16
5407,90665.0,-0.1,-2.3000000000000003,0.0,-1.1,1.8,9.0,17.0,28.0,1.8000000000000003,16
5408,90681.0,0.0,-2.4000000000000004,-2.4000000000000004,-1.2000000000000002,1.8,6.6000000000000005,26.5,67.8,-5.2,16
5409,90698.0,0.0,-2.3000000000000003,-3.0,-1.3,1.9000000000000001,5.9,20.5,85.20000000000002,-6.8,16
5410,90715.0,0.1,-2.2,-3.5,-1.6,1.9000000000000001,5.4,1.6,114.2,-6.1000000000000005,16
5411,90731.0,0.4,-2.0,-3.6,-1.7000000000000002,2.1,5.1000000000000005,-20.8,127.69999999999999,-1.1,16
5412,90750.0,0.4,-1.5,-2.8000000000000003,-2.0,2.4000000000000004,5.9,-38.1,120.9,-2.0,16
5413,90765.0,0.2,-1.2000000000000002,-2.5,-2.4000000000000004,2.7,6.1000000000000005,-41.4,115.10000000000002,-3.3000000000000007,16
5414,90781.0,-0.5,-0.7000000000000001,-2.2,-3.5,3.1,6.300000000000001,-39.699999999999996,99.10000000000001,-2.0,16
5415,90798.0,-0.6000000000000001,-0.4,-2.3000000000000003,-3.7,3.5,6.1000000000000005,-36.2,87.10000000000001,3.1,16
5416,90815.0,-0.4,0.1,-2.6,-3.6,3.8000000000000003,5.9,-26.000000000000004,64.60000000000001,16.900000000000002,16
5417,90831.0,0.7000000000000001,0.8,-3.3000000000000003,-2.7,4.4,5.1000000000000005,-20.3,49.0,25.6,16
5418,90848.0,1.5,1.3,-3.7,-2.0,4.9,4.7,-23.700000000000003,39.2,23.3,16
5419,90865.0,1.6,1.9000000000000001,-3.6,-1.9000000000000001,5.4,4.800000000000001,-27.099999999999998,35.599999999999994,21.400000000000002,16
5420,90882.0,1.0,2.6,-2.6,-2.5,6.1000000000000005,5.7,-33.9,29.800000000000004,22.8,16
5421,90898.0,0.5,3.2,-1.6,-3.1,6.7,6.7,-36.400000000000006,26.200000000000003,34.400000000000006,16
5422,90915.0,0.30000000000000004,3.3000000000000003,-1.2000000000000002,-3.3000000000000003,6.800000000000001,7.1000000000000005,-39.9,25.200000000000003,40.1,16
5423,90931.0,0.2,3.6,0.30000000000000004,-3.4000000000000004,7.0,8.6,-56.0,23.400000000000002,46.300000000000004,16
5424,90948.0,0.0,3.0,3.0,-3.6,6.300000000000001,11.4,-69.4,16.8,42.900000000000006,16
5425,90966.0,-0.1,2.7,4.3,-3.7,6.0,12.8,-64.10000000000001,5.6,39.599999999999994,16
5426,90981.0,0.0,2.5,6.0,-3.6,5.6000000000000005,14.5,-29.400000000000002,-17.400000000000002,30.4,16
5427,90998.0,0.1,2.2,5.300000000000001,-3.3000000000000003,5.5,13.9,22.8,-36.2,21.0,16
5428,91015.0,0.2,2.2,4.4,-3.1,5.5,13.100000000000001,45.3,-37.400000000000006,16.900000000000002,16
5429,91032.0,0.30000000000000004,2.0,2.3000000000000003,-2.9000000000000004,5.6000000000000005,11.0,70.6,-26.200000000000003,10.9,16
5430,91048.0,-0.2,1.6,1.2000000000000002,-3.4000000000000004,5.4,9.8,68.0,-12.8,2.2,16
5431,91066.0,0.30000000000000004,1.9000000000000001,1.0,-2.9000000000000004,5.800000000000001,9.600000000000001,61.300000000000004,-5.8,0.2,16
5432,91081.0,0.30000000000000004,1.7000000000000002,1.0,-2.9000000000000004,5.7,9.5,56.2,-15.000000000000002,-12.4,16
5433,91098.0,-0.8,1.5,1.3,-3.9000000000000004,5.7,9.700000000000001,48.70000000000001,-16.900000000000002,-10.5,16
5434,91115.0,-0.8,1.9000000000000001,1.3,-3.8000000000000003,6.1000000000000005,9.700000000000001,48.400000000000006,-21.7,-4.6,16
5435,91131.0,-0.30000000000000004,2.4000000000000004,0.8,-3.3000000000000003,6.800000000000001,9.200000000000001,31.3,-14.900000000000002,5.500000000000001,16
5436,91148.0,0.0,2.5,1.4000000000000001,-3.0,6.9,9.8,-3.5,-3.6000000000000005,10.5,16
5437,91165.0,0.0,1.7000000000000002,2.2,-2.9000000000000004,6.2,10.600000000000001,-17.200000000000003,-7.1000000000000005,12.5,16
5438,91182.0,0.30000000000000004,0.30000000000000004,3.9000000000000004,-2.6,4.7,12.4,-23.3,-24.7,15.6,16
5439,91198.0,1.1,-0.2,3.6,-1.6,4.2,12.200000000000001,-1.0,-46.9,15.399999999999999,16
5440,91215.0,1.3,-0.2,2.6,-1.3,4.2,11.200000000000001,9.4,-54.4,12.600000000000001,16
5441,91231.0,1.5,0.1,0.5,-0.9,4.5,9.1,9.3,-63.8,7.0,16
5442,91248.0,1.6,0.1,0.30000000000000004,-0.7000000000000001,4.5,9.1,-14.700000000000001,-63.2,1.5,16
5443,91265.0,1.5,-0.2,0.9,-0.6000000000000001,3.9000000000000004,10.3,-24.0,-62.0,-1.7,16
5444,91281.0,1.5,-0.7000000000000001,2.1,-0.4,3.6,11.0,-28.1,-56.9,-9.100000000000001,16
5445,91298.0,1.5,-1.5,3.2,-0.30000000000000004,2.7,12.100000000000001,-10.9,-55.8,-23.5,16
5446,91315.0,1.3,-1.9000000000000001,3.3000000000000003,-0.5,2.3000000000000003,12.3,6.500000000000001,-54.6,-33.1,16
5447,91332.0,0.9,-2.6,2.2,-0.7000000000000001,1.7000000000000002,11.100000000000001,53.300000000000004,-40.7,-51.9,16
5448,91348.0,0.5,-3.0,-0.1,-1.1,1.5,8.700000000000001,98.0,-18.6,-67.00000000000001,16
5449,91369.0,0.4,-3.4000000000000004,-2.5,-1.3,1.4000000000000001,6.1000000000000005,127.40000000000002,1.6,-76.80000000000001,16
5450,91382.0,0.5,-3.6,-3.7,-1.4000000000000001,1.4000000000000001,4.800000000000001,134.70000000000002,7.8,-80.4,16
5451,91398.0,0.4,-3.7,-4.6000000000000005,-1.8,1.6,2.9000000000000004,132.1,11.900000000000002,-86.00000000000001,16
5452,91415.0,0.0,-3.4000000000000004,-5.800000000000001,-2.4000000000000004,2.4000000000000004,2.1,122.30000000000001,11.000000000000002,-86.2,16
5453,91431.0,-0.30000000000000004,-2.7,-5.9,-2.6,2.9000000000000004,1.9000000000000001,94.0,6.1000000000000005,-79.1,16
5454,91448.0,-0.7000000000000001,-2.3000000000000003,-5.300000000000001,-3.1,3.4000000000000004,2.3000000000000003,62.900000000000006,6.1000000000000005,-64.4,16
5455,91465.0,-0.6000000000000001,-1.9000000000000001,-4.7,-3.1,4.1000000000000005,3.8000000000000003,47.3,9.4,-53.8,16
5456,91482.0,-0.4,-1.5,-3.0,-3.1,4.3,4.5,22.000000000000004,15.5,-34.800000000000004,16
5457,91498.0,-0.5,-1.2000000000000002,-1.8,-3.2,4.6000000000000005,5.6000000000000005,-0.30000000000000004,19.5,-18.0,16
5458,91515.0,-0.6000000000000001,-1.0,-1.1,-3.4000000000000004,4.7,6.300000000000001,-12.7,18.200000000000003,-9.4,16
5459,91532.0,-0.8,-1.1,1.0,-3.7,4.6000000000000005,8.5,-33.0,14.300000000000002,4.1,16
5460,91548.0,-1.1,-1.5,3.0,-3.9000000000000004,4.1000000000000005,10.5,-32.400000000000006,19.700000000000003,15.8,16
5461,91565.0,-1.2000000000000002,-1.7000000000000002,3.2,-4.1000000000000005,3.8000000000000003,10.8,-10.5,23.3,29.300000000000004,16
5462,91581.0,-1.1,-1.8,2.7,-4.0,3.7,10.3,0.5,20.8,36.6,16
5463,91598.0,-0.6000000000000001,-1.6,0.9,-3.4000000000000004,4.0,8.5,9.700000000000001,1.4,48.800000000000004,16
5464,91615.0,-0.5,-0.9,-0.6000000000000001,-3.2,4.7,7.0,-8.899999999999999,-27.700000000000003,58.60000000000001,16
5465,91631.0,-0.7000000000000001,-0.5,-0.8,-3.2,5.2,6.800000000000001,-26.000000000000004,-46.199999999999996,64.0,16
5466,91648.0,-1.2000000000000002,0.0,-0.6000000000000001,-3.3000000000000003,5.5,7.2,-60.5,-89.10000000000001,78.3,16
5467,91665.0,-1.0,0.2,0.1,-2.7,5.6000000000000005,8.1,-73.5,-111.6,87.80000000000001,16
5468,91681.0,-1.0,0.2,0.6000000000000001,-2.4000000000000004,5.5,8.8,-87.00000000000001,-125.10000000000001,102.60000000000001,16
5469,91698.0,-0.8,0.5,1.6,-1.7000000000000002,5.6000000000000005,9.9,-85.80000000000001,-75.00000000000001,111.0,16
5470,91716.0,0.0,1.2000000000000002,2.0,-0.8,6.0,10.5,-89.9,15.000000000000002,109.10000000000001,16
5471,91731.0,0.0,1.3,2.7,-0.7000000000000001,6.0,11.3,-98.8,55.5,101.80000000000001,16
5472,91748.0,-0.2,0.4,5.800000000000001,-1.1,4.9,14.600000000000001,-107.30000000000001,89.6,74.60000000000001,16
5473,91765.0,-1.0,-0.2,8.200000000000001,-2.0,4.0,17.2,-80.0,66.9,42.1,16
5474,91782.0,-1.4000000000000001,-0.30000000000000004,8.5,-2.4000000000000004,3.8000000000000003,17.6,-53.7,46.199999999999996,27.700000000000003,16
5475,91798.0,-1.8,-0.30000000000000004,7.0,-2.9000000000000004,3.8000000000000003,16.1,15.000000000000002,7.6,7.0,16
5476,91815.0,-2.1,-0.5,3.4000000000000004,-3.2,3.8000000000000003,12.4,78.7,-4.9,-8.100000000000001,16
5477,91831.0,-2.3000000000000003,-0.7000000000000001,1.5,-3.5,3.8000000000000003,10.5,100.1,2.1,-12.600000000000001,16
5478,91848.0,-2.1,-0.8,-1.5,-3.4000000000000004,4.0,7.2,119.30000000000003,28.400000000000002,-10.8,16
5479,91865.0,-1.4000000000000001,-1.1,-3.5,-2.8000000000000003,4.1000000000000005,5.0,112.5,53.7,-0.7,16
5480,91881.0,-1.0,-1.5,-4.1000000000000005,-2.6,3.8000000000000003,4.2,101.30000000000001,61.10000000000001,3.9,16
5481,91898.0,-0.1,-2.0,-4.4,-1.8,3.5,3.7,72.7,62.1,11.1,16
5482,91915.0,0.30000000000000004,-2.4000000000000004,-4.0,-1.5,3.3000000000000003,4.0,47.3,58.800000000000004,9.700000000000001,16
5483,91932.0,0.4,-2.5,-3.8000000000000003,-1.5,3.2,4.2,39.8,58.400000000000006,8.4,16
5484,91953.0,0.5,-2.7,-3.5,-1.5,3.1,4.3,31.3,61.9,7.0,16
5485,91965.0,0.6000000000000001,-2.7,-3.3000000000000003,-1.6,3.1,4.4,28.200000000000003,68.80000000000001,7.6,16
5486,91981.0,0.6000000000000001,-2.6,-2.9000000000000004,-1.7000000000000002,3.3000000000000003,4.6000000000000005,27.400000000000002,73.9,8.2,16
5487,91998.0,0.9,-2.5,-2.7,-1.6,3.4000000000000004,4.7,29.500000000000004,84.0,10.1,16
5488,92015.0,1.2000000000000002,-2.1,-3.2,-1.5,3.9000000000000004,4.1000000000000005,29.200000000000003,87.3,13.000000000000002,16
5489,92031.0,1.3,-1.7000000000000002,-3.2,-1.4000000000000001,4.4,4.0,23.5,86.2,13.6,16
5490,92048.0,1.2000000000000002,-1.1,-3.1,-1.8,4.9,4.0,6.9,71.10000000000001,13.700000000000001,16
5491,92066.0,0.9,-0.2,-3.1,-2.1,5.9,3.9000000000000004,-15.299999999999999,58.400000000000006,15.6,16
5492,92082.0,0.8,0.30000000000000004,-2.7,-2.3000000000000003,6.300000000000001,4.3,-29.300000000000004,59.5,16.4,16
5493,92098.0,0.9,0.8,-1.2000000000000002,-2.3000000000000003,6.7,5.800000000000001,-51.6,73.9,17.400000000000002,16
5494,92115.0,1.0,0.8,0.2,-2.3000000000000003,6.6000000000000005,7.2,-57.20000000000001,89.9,15.000000000000002,16
5495,92132.0,1.1,1.0,0.6000000000000001,-2.5,6.9,8.1,-55.1,93.49999999999999,10.299999999999999,16
5496,92148.0,1.1,1.2000000000000002,1.1,-2.6,7.300000000000001,8.3,-44.300000000000004,85.4,0.30000000000000004,16
5497,92165.0,1.1,2.7,1.1,-2.8000000000000003,8.200000000000001,8.1,-35.9,73.2,-2.5,16
5498,92182.0,1.2000000000000002,3.6,0.5,-2.7,9.1,7.5,-23.6,29.0,0.5,16
5499,92198.0,1.3,3.8000000000000003,0.5,-2.7,9.3,7.5,-27.099999999999998,14.700000000000001,1.8000000000000003,16
5500,92215.0,1.3,3.9000000000000004,1.3,-2.6,9.4,8.4,-33.800000000000004,-7.300000000000001,1.8000000000000003,16
5501,92231.0,1.4000000000000001,4.2,1.5,-2.2,10.0,8.6,-32.8,-18.0,1.1,16
5502,92248.0,1.6,4.800000000000001,1.2000000000000002,-2.1,10.200000000000001,8.5,-29.500000000000004,-41.4,0.6000000000000001,16
5503,92265.0,1.7000000000000002,5.0,1.7000000000000002,-2.0,10.4,9.1,-36.400000000000006,-56.300000000000004,2.2,16
5504,92282.0,1.7000000000000002,5.0,3.1,-1.7000000000000002,10.3,10.700000000000001,-40.7,-58.60000000000001,1.6,16
5505,92300.0,1.8,4.7,4.5,-1.6,10.0,12.200000000000001,-50.0,-43.900000000000006,-4.9,16
5506,92317.0,1.7000000000000002,3.2,6.9,-1.7000000000000002,8.4,14.700000000000001,-36.2,-20.5,-20.2,16
5507,92331.0,1.5,2.5,7.6000000000000005,-1.9000000000000001,7.1000000000000005,15.700000000000001,-18.200000000000003,-13.900000000000002,-28.200000000000003,16
5508,92348.0,1.2000000000000002,1.6,7.300000000000001,-2.1,6.800000000000001,15.200000000000001,31.0,-18.0,-41.7,16
5509,92365.0,0.6000000000000001,1.2000000000000002,4.9,-2.7,6.5,12.8,72.0,-36.7,-45.7,16
5510,92381.0,0.2,0.9,2.5,-3.1,6.300000000000001,10.3,82.8,-46.0,-44.8,16
5511,92398.0,0.1,0.7000000000000001,1.6,-3.2,6.300000000000001,9.4,87.60000000000001,-57.800000000000004,-38.1,16
5512,92415.0,-0.30000000000000004,0.0,0.6000000000000001,-3.4000000000000004,5.800000000000001,8.3,80.4,-63.8,-27.800000000000004,16
5513,92431.0,-0.4,-0.9,-0.2,-3.4000000000000004,5.1000000000000005,7.4,74.30000000000001,-65.3,-16.0,16
5514,92448.0,-0.30000000000000004,-1.4000000000000001,-0.5,-3.3000000000000003,4.6000000000000005,7.0,71.8,-66.5,-10.8,16
5515,92465.0,-0.2,-2.4000000000000004,-0.9,-3.0,3.8000000000000003,6.6000000000000005,67.2,-72.60000000000001,-5.0,16
5516,92481.0,-0.2,-2.7,-1.0,-2.8000000000000003,3.6,6.4,61.50000000000001,-74.80000000000001,-6.8,16
5517,92498.0,0.0,-2.8000000000000003,-0.9,-2.5,3.6,6.5,58.60000000000001,-73.6,-9.4,16
5518,92515.0,-0.2,-3.3000000000000003,-0.8,-2.6,3.2,6.5,57.49999999999999,-66.7,-16.900000000000002,16
5519,92531.0,-0.5,-3.7,-1.1,-2.8000000000000003,2.9000000000000004,6.1000000000000005,64.4,-65.0,-17.300000000000004,16
5520,92548.0,-0.6000000000000001,-3.7,-1.6,-2.8000000000000003,2.9000000000000004,5.5,67.4,-66.2,-15.2,16
5521,92565.0,-0.4,-3.6,-2.5,-2.4000000000000004,3.2,4.5,63.10000000000001,-69.3,-7.8,16
5522,92581.0,0.2,-3.5,-2.5,-1.6,3.4000000000000004,4.4,47.3,-74.60000000000001,-2.2,16
5523,92598.0,0.4,-3.5,-2.3000000000000003,-1.4000000000000001,3.4000000000000004,4.5,39.2,-78.3,-2.0,16
5524,92616.0,0.6000000000000001,-3.2,-2.0,-1.0,3.8000000000000003,4.800000000000001,25.8,-77.5,-4.6,16
5525,92631.0,0.6000000000000001,-2.8000000000000003,-1.7000000000000002,-0.8,4.1000000000000005,5.1000000000000005,12.7,-63.30000000000001,-6.9,16
5526,92648.0,0.7000000000000001,-2.7,-1.5,-0.7000000000000001,4.2,5.4,5.500000000000001,-54.50000000000001,-8.3,16
5527,92665.0,0.6000000000000001,-2.7,-0.7000000000000001,-0.7000000000000001,4.2,6.1000000000000005,-2.9,-38.300000000000004,-13.399999999999999,16
5528,92681.0,0.2,-2.6,0.30000000000000004,-1.1,4.3,7.2,-1.8000000000000003,-22.8,-19.799999999999997,16
5529,92698.0,0.0,-2.6,0.7000000000000001,-1.3,4.3,7.6000000000000005,3.8,-16.6,-23.0,16
5530,92715.0,-0.7000000000000001,-2.3000000000000003,0.30000000000000004,-2.0,4.6000000000000005,7.1000000000000005,16.900000000000002,-7.6,-24.1,16
5531,92731.0,-0.9,-1.9000000000000001,-0.7000000000000001,-2.3000000000000003,5.0,6.1000000000000005,20.5,-0.6000000000000001,-17.9,16
5532,92748.0,-0.8,-1.7000000000000002,-1.0,-2.2,5.2,5.800000000000001,16.900000000000002,2.9,-14.300000000000002,16
5533,92765.0,-0.4,-1.3,-1.1,-1.9000000000000001,5.6000000000000005,5.6000000000000005,1.1,5.6,-10.600000000000001,16
5534,92781.0,-0.5,-0.8,-1.1,-2.0,6.1000000000000005,5.7,-12.600000000000001,10.700000000000001,-11.3,16
5535,92798.0,-0.7000000000000001,-0.6000000000000001,-1.0,-2.2,6.300000000000001,5.7,-19.0,16.200000000000003,-11.8,16
5536,92815.0,-0.9,-0.6000000000000001,-0.5,-2.6,6.2,6.300000000000001,-27.400000000000002,22.6,-15.399999999999999,16
5537,92831.0,-1.7000000000000002,-0.2,-0.4,-3.4000000000000004,6.5,6.4,-25.4,24.599999999999998,-17.300000000000004,16
5538,92848.0,-2.1,0.30000000000000004,-0.9,-3.9000000000000004,6.9,6.0,-24.900000000000002,28.800000000000004,-14.600000000000001,16
5539,92865.0,-2.9000000000000004,0.9,-2.9000000000000004,-4.800000000000001,7.5,4.0,-50.0,40.5,0.1,16
5540,92881.0,-3.3000000000000003,1.3,-4.1000000000000005,-5.300000000000001,7.7,3.0,-120.00000000000001,23.099999999999998,23.0,16
5541,92898.0,-3.3000000000000003,1.2000000000000002,-2.8000000000000003,-5.0,6.4,7.2,-163.80000000000004,5.4,33.9,16
5542,92915.0,-2.9000000000000004,-0.1,2.6,-4.800000000000001,5.5,10.3,-225.20000000000002,-42.2,41.50000000000001,16
5543,92932.0,-3.1,0.0,8.1,-4.7,5.1000000000000005,16.3,-217.4,-73.8,33.7,16
5544,92949.0,-2.8000000000000003,0.30000000000000004,10.200000000000001,-4.2,4.9,18.8,-137.3,-65.4,29.900000000000006,16
5545,92965.0,-2.1,0.4,9.200000000000001,-3.3000000000000003,4.9,18.0,-82.9,-50.2,27.800000000000004,16
5546,92981.0,-1.0,0.4,4.7,-2.2,4.800000000000001,13.5,3.3000000000000007,-9.4,11.700000000000001,16
5547,92998.0,-0.8,0.7000000000000001,0.9,-2.1,5.2,9.700000000000001,41.7,32.400000000000006,-6.500000000000001,16
5548,93015.0,-0.8,0.7000000000000001,-0.4,-2.2,5.300000000000001,8.3,47.80000000000001,51.800000000000004,-12.8,16
5549,93031.0,-0.8,0.4,-2.3000000000000003,-2.4000000000000004,5.1000000000000005,6.300000000000001,43.50000000000001,73.5,-20.0,16
5550,93048.0,-1.0,0.1,-2.7,-3.1,4.7,5.800000000000001,36.1,77.20000000000002,-20.7,16
5551,93065.0,-1.3,-0.4,-2.6,-3.3000000000000003,4.4,5.800000000000001,23.099999999999998,80.8,-14.700000000000001,16
5552,93081.0,-1.2000000000000002,-1.0,-2.4000000000000004,-3.4000000000000004,3.9000000000000004,5.9,21.8,81.0,-3.5,16
5553,93098.0,-0.4,-1.3,-2.9000000000000004,-2.9000000000000004,3.7,5.2,26.000000000000004,79.1,8.4,16
5554,93117.0,0.0,-1.4000000000000001,-3.2,-2.2,3.6,4.6000000000000005,25.8,76.4,12.8,16
5555,93131.0,0.8,-1.4000000000000001,-3.6,-2.0,3.7,4.4,20.2,67.10000000000001,15.299999999999999,16
5556,93148.0,1.0,-0.9,-3.5,-1.9000000000000001,4.2,4.3,10.299999999999999,57.800000000000004,17.0,16
5557,93165.0,0.9,-0.7000000000000001,-3.4000000000000004,-2.1,4.5,4.4,4.7,54.699999999999996,19.0,16
5558,93184.0,0.9,0.2,-3.0,-2.2,5.4,4.7,-6.4,49.50000000000001,26.9,16
5559,93198.0,1.2000000000000002,1.2000000000000002,-2.3000000000000003,-1.9000000000000001,6.300000000000001,5.4,-19.9,46.7,36.5,16
5560,93215.0,1.3,1.4000000000000001,-1.9000000000000001,-1.8,6.6000000000000005,5.800000000000001,-26.799999999999997,46.199999999999996,39.699999999999996,16
5561,93231.0,1.6,1.9000000000000001,-1.2000000000000002,-1.5,7.0,6.4,-42.1,43.70000000000001,41.800000000000004,16
5562,93249.0,1.7000000000000002,2.2,0.5,-1.5,7.2,8.200000000000001,-58.5,33.400000000000006,37.1,16
5563,93265.0,1.8,2.3000000000000003,1.7000000000000002,-1.4000000000000001,7.2,9.5,-60.1,25.200000000000003,33.7,16
5564,93281.0,1.7000000000000002,2.4000000000000004,3.6,-1.4000000000000001,7.300000000000001,11.4,-43.2,9.700000000000001,26.799999999999997,16
5565,93298.0,2.1,2.6,4.1000000000000005,-1.0,7.5,12.0,-14.700000000000001,-5.7,21.1,16
5566,93315.0,2.4000000000000004,2.6,4.1000000000000005,-0.6000000000000001,7.5,12.0,-1.3,-14.400000000000002,16.1,16
5567,93331.0,2.6,2.3000000000000003,3.6,-0.30000000000000004,7.300000000000001,11.600000000000001,22.4,-29.0,0.2,16
5568,93348.0,2.4000000000000004,2.4000000000000004,2.8000000000000003,-0.5,7.4,10.8,42.0,-36.8,-17.5,16
5569,93365.0,2.3000000000000003,2.6,2.1,-0.4,7.7,10.100000000000001,51.50000000000001,-41.0,-23.099999999999998,16
5570,93381.0,2.3000000000000003,2.8000000000000003,0.5,-0.4,8.1,8.5,56.9,-51.300000000000004,-28.800000000000004,16
5571,93398.0,2.4000000000000004,3.1,-0.30000000000000004,-0.2,8.5,7.6000000000000005,39.50000000000001,-58.3,-29.500000000000004,16
5572,93415.0,2.5,3.1,-0.30000000000000004,0.0,8.6,7.6000000000000005,21.6,-56.9,-31.6,16
5573,93431.0,2.4000000000000004,2.8000000000000003,1.2000000000000002,0.0,8.200000000000001,9.200000000000001,-20.400000000000002,-48.6,-38.400000000000006,16
5574,93449.0,2.5,1.6,4.5,0.2,6.9,12.600000000000001,-36.300000000000004,-38.1,-43.800000000000004,16
5575,93466.0,2.6,0.7000000000000001,5.800000000000001,0.30000000000000004,5.9,14.0,-28.3,-35.699999999999996,-49.1,16
5576,93481.0,2.6,-0.2,5.9,0.30000000000000004,4.9,14.100000000000001,7.699999999999999,-38.900000000000006,-63.8,16
5577,93498.0,2.1,-0.4,3.6,-0.2,4.800000000000001,11.8,37.800000000000004,-49.300000000000004,-75.8,16
5578,93515.0,1.8,-0.5,2.5,-0.5,4.7,10.700000000000001,44.300000000000004,-54.300000000000004,-78.4,16
5579,93531.0,1.1,-0.6000000000000001,0.8,-1.2000000000000002,4.7,9.0,46.199999999999996,-57.800000000000004,-78.7,16
5580,93550.0,0.6000000000000001,-0.7000000000000001,-0.4,-1.6,4.6000000000000005,7.800000000000001,32.400000000000006,-55.60000000000001,-74.60000000000001,16
5581,93565.0,0.6000000000000001,-0.8,-0.4,-1.6,4.3,8.3,22.9,-54.699999999999996,-72.60000000000001,16
5582,93582.0,0.5,-1.4000000000000001,0.8,-1.7000000000000002,3.9000000000000004,9.0,13.100000000000001,-55.2,-74.0,16
5583,93598.0,-0.1,-1.9000000000000001,1.3,-2.2,3.4000000000000004,9.5,26.300000000000004,-51.70000000000001,-83.30000000000001,16
5584,93615.0,-0.5,-2.1,1.1,-2.7,3.2,9.3,37.9,-46.1,-86.3,16
5585,93631.0,-1.0,-2.5,0.0,-3.3000000000000003,2.8000000000000003,8.200000000000001,63.30000000000001,-31.799999999999997,-85.69999999999999,16
5586,93648.0,-0.9,-2.6,-1.6,-3.2,2.9000000000000004,6.4,71.9,-14.100000000000001,-77.3,16
5587,93665.0,-0.6000000000000001,-2.7,-2.0,-2.8000000000000003,2.8000000000000003,5.6000000000000005,68.60000000000001,-11.2,-72.10000000000001,16
5588,93682.0,0.0,-2.8000000000000003,-2.5,-2.5,2.8000000000000003,5.300000000000001,59.60000000000001,-15.6,-61.7,16
5589,93698.0,0.4,-3.0,-2.8000000000000003,-2.1,2.7,4.9,48.70000000000001,-27.9,-53.599999999999994,16
5590,93715.0,1.0,-2.8000000000000003,-2.3000000000000003,-1.5,3.0,5.300000000000001,41.4,-38.1,-50.60000000000001,16
5591,93731.0,0.9,-2.8000000000000003,-1.6,-1.6,2.9000000000000004,6.0,31.400000000000002,-60.5,-49.50000000000001,16
5592,93748.0,0.2,-2.6,-0.4,-2.2,3.1,7.2,37.9,-67.9,-47.2,16
5593,93765.0,-0.2,-2.3000000000000003,-0.30000000000000004,-2.6,3.5,7.300000000000001,46.7,-63.2,-41.50000000000001,16
5594,93782.0,0.0,-1.6,-0.9,-2.3000000000000003,4.3,6.6000000000000005,60.5,-44.2,-20.900000000000002,16
5595,93798.0,0.4,-1.4000000000000001,-1.8,-1.8,4.6000000000000005,5.6000000000000005,52.80000000000001,-32.300000000000004,-3.9,16
5596,93815.0,0.4,-1.3,-2.0,-1.7000000000000002,5.0,5.5,39.9,-32.300000000000004,3.6000000000000005,16
5597,93831.0,0.2,-1.1,-1.5,-1.8,5.0,5.800000000000001,7.500000000000001,-43.70000000000001,18.1,16
5598,93848.0,0.0,-1.1,-0.2,-1.9000000000000001,5.1000000000000005,7.2,-20.3,-52.80000000000001,33.9,16
5599,93866.0,-0.1,-1.3,0.9,-1.7000000000000002,4.800000000000001,8.4,-33.300000000000004,-53.599999999999994,42.900000000000006,16
5600,93881.0,-0.2,-1.3,1.1,-1.7000000000000002,4.7,8.700000000000001,-35.4,-52.80000000000001,43.4,16
5601,93898.0,-0.5,-0.9,1.5,-1.8,5.0,9.200000000000001,-33.7,-51.70000000000001,40.300000000000004,16
5602,93915.0,-1.1,-0.6000000000000001,1.3,-2.2,5.300000000000001,9.1,-24.200000000000003,-42.1,32.7,16
5603,93931.0,-1.4000000000000001,-0.4,0.9,-2.4000000000000004,5.4,8.700000000000001,-20.5,-35.699999999999996,29.600000000000005,16
5604,93951.0,-1.5,0.2,-0.2,-2.4000000000000004,6.0,7.7,-20.3,-31.3,26.000000000000004,16
5605,93965.0,-1.2000000000000002,0.8,-1.0,-1.9000000000000001,6.5,6.9,-35.0,-31.799999999999997,23.700000000000003,16
5606,93981.0,-1.0,0.8,-1.4000000000000001,-1.7000000000000002,6.5,6.6000000000000005,-46.50000000000001,-34.1,22.5,16
5607,94001.0,-0.5,0.8,-1.8,-1.0,6.300000000000001,6.300000000000001,-82.10000000000001,-38.60000000000001,13.900000000000002,16
5608,94015.0,-0.7000000000000001,0.0,0.2,-1.1,5.2,8.5,-125.60000000000001,-45.400000000000006,-12.0,16
5609,94031.0,-1.0,-0.1,2.1,-1.5,4.9,10.5,-136.9,-46.7,-28.0,16
5610,94048.0,-1.6,-0.7000000000000001,5.5,-2.0,3.8000000000000003,14.200000000000001,-132.70000000000002,-43.00000000000001,-42.0,16
5611,94071.0,-1.0,-1.3,4.1000000000000005,-1.5,3.1,13.0,-36.9,-6.600000000000001,-66.60000000000001,16
5612,94081.0,-0.7000000000000001,-1.3,1.7000000000000002,-1.3,3.1,10.600000000000001,-6.0,0.30000000000000004,-73.10000000000001,16
5613,94098.0,-1.3,-1.0,-2.3000000000000003,-2.0,3.4000000000000004,6.5,4.2,4.2,-83.30000000000001,16
5614,94115.0,-1.7000000000000002,-0.2,-3.4000000000000004,-2.5,4.1000000000000005,5.4,-29.600000000000005,6.300000000000001,-75.60000000000001,16
5615,94131.0,-1.5,-0.1,-3.1,-2.4000000000000004,4.1000000000000005,5.800000000000001,-49.0,9.0,-66.9,16
5616,94148.0,-1.5,0.2,-1.1,-2.5,4.1000000000000005,7.9,-78.9,17.799999999999997,-54.199999999999996,16
5617,94165.0,-1.7000000000000002,0.7000000000000001,1.3,-2.9000000000000004,4.4,10.3,-80.0,28.0,-51.300000000000004,16
5618,94181.0,-2.0,0.9,2.2,-3.3000000000000003,4.4,11.200000000000001,-67.4,35.4,-49.50000000000001,16
5619,94198.0,-2.7,1.2000000000000002,2.4000000000000004,-4.2,4.7,11.5,-25.4,54.800000000000004,-39.8,16
5620,94215.0,-2.7,1.6,0.9,-4.4,5.1000000000000005,10.0,-3.6000000000000005,61.9,-31.5,16
5621,94231.0,-2.5,1.7000000000000002,0.1,-4.4,5.2,9.1,26.300000000000004,67.5,-13.6,16
5622,94248.0,-2.0,1.6,-1.2000000000000002,-4.2,5.2,7.7,39.400000000000006,66.4,2.6,16
5623,94265.0,-1.7000000000000002,1.6,-2.0,-4.0,5.4,6.800000000000001,38.7,61.7,17.0,16
5624,94281.0,-1.5,1.6,-2.2,-3.9000000000000004,5.4,6.6000000000000005,35.1,57.3,24.599999999999998,16
5625,94298.0,-0.9,1.4000000000000001,-2.1,-3.4000000000000004,5.4,6.5,26.6,44.7,38.0,16
5626,94317.0,-0.5,1.3,-1.8,-3.0,5.4,6.800000000000001,19.300000000000004,34.800000000000004,46.50000000000001,16
5627,94331.0,-0.7000000000000001,1.0,-1.2000000000000002,-3.3000000000000003,5.1000000000000005,7.4,16.3,33.50000000000001,50.1,16
5628,94348.0,0.4,1.3,-0.2,-2.2,5.6000000000000005,8.3,20.900000000000002,38.50000000000001,62.50000000000001,16
5629,94365.0,0.8,1.2000000000000002,-0.1,-1.9000000000000001,5.6000000000000005,8.3,33.50000000000001,55.7,57.9,16
5630,94384.0,0.9,0.8,-0.7000000000000001,-1.8,5.4,7.6000000000000005,36.0,61.199999999999996,52.60000000000001,16
5631,94398.0,1.2000000000000002,0.9,-0.6000000000000001,-1.6,5.5,7.6000000000000005,31.7,55.0,48.6,16
5632,94415.0,1.5,0.9,-0.2,-1.3,5.6000000000000005,7.9,18.900000000000002,39.300000000000004,35.1,16
5633,94431.0,1.7000000000000002,0.8,0.1,-1.1,5.5,8.6,12.5,31.0,27.800000000000004,16
5634,94448.0,1.7000000000000002,0.7000000000000001,0.5,-1.2000000000000002,5.5,9.200000000000001,5.2,12.8,14.700000000000001,16
5635,94465.0,1.3,0.6000000000000001,2.0,-1.5,5.5,10.100000000000001,9.899999999999999,-2.5,5.8,16
5636,94481.0,1.3,0.8,2.1,-1.5,6.0,10.100000000000001,16.1,-10.200000000000001,5.300000000000001,16
5637,94499.0,1.2000000000000002,1.3,1.8,-1.5,6.300000000000001,9.9,29.600000000000005,-32.6,9.899999999999999,16
5638,94515.0,1.7000000000000002,1.6,1.1,-0.8,6.7,9.200000000000001,35.5,-47.0,16.700000000000003,16
5639,94531.0,2.1,1.7000000000000002,0.6000000000000001,0.0,7.2,8.4,32.6,-48.9,18.0,16
5640,94548.0,2.3000000000000003,2.2,0.1,0.0,7.4,8.200000000000001,5.500000000000001,-38.400000000000006,12.9,16
5641,94565.0,1.9000000000000001,1.6,1.2000000000000002,-0.30000000000000004,6.800000000000001,9.4,-36.0,-39.1,2.5,16
5642,94582.0,1.0,0.7000000000000001,3.7,-1.1,5.800000000000001,12.0,-49.199999999999996,-46.50000000000001,-10.9,16
5643,94598.0,0.4,0.4,4.4,-1.6,5.4,12.8,-38.7,-45.7,-14.800000000000002,16
5644,94614.0,-0.30000000000000004,0.2,3.4000000000000004,-2.2,5.2,11.8,3.7000000000000006,-37.6,-9.0,16
5645,94631.0,-0.6000000000000001,0.4,0.4,-2.4000000000000004,5.5,8.8,32.6,-27.400000000000002,5.300000000000001,16
5646,94648.0,-0.4,0.7000000000000001,-1.1,-2.2,5.800000000000001,7.300000000000001,29.500000000000004,-21.6,11.2,16
5647,94665.0,-0.2,1.1,-2.9000000000000004,-1.8,6.2,5.5,-1.7,-24.599999999999998,20.8,16
5648,94681.0,0.1,1.0,-2.6,-1.2000000000000002,5.7,7.0,-24.0,-29.200000000000003,24.7,16
5649,94698.0,0.30000000000000004,-0.1,-0.1,-1.1,4.9,8.4,-51.4,-41.0,28.1,16
5650,94715.0,0.1,-1.0,1.5,-1.1,3.9000000000000004,10.100000000000001,-39.599999999999994,-46.1,20.400000000000002,16
5651,94731.0,-0.6000000000000001,-1.4000000000000001,1.4000000000000001,-1.7000000000000002,3.4000000000000004,10.100000000000001,-1.7,-32.300000000000004,13.100000000000001,16
5652,94748.0,-0.9,-1.8,0.7000000000000001,-1.9000000000000001,3.1,9.4,18.5,-21.500000000000004,10.299999999999999,16
5653,94765.0,-1.1,-2.2,-0.9,-2.1,2.8000000000000003,7.7,49.0,-0.2,8.4,16
5654,94781.0,-0.7000000000000001,-2.6,-2.3000000000000003,-1.8,2.6,6.1000000000000005,62.199999999999996,18.200000000000003,7.699999999999999,16
5655,94798.0,-0.4,-2.7,-2.8000000000000003,-1.5,2.5,5.5,63.30000000000001,21.300000000000004,6.500000000000001,16
5656,94815.0,0.30000000000000004,-2.9000000000000004,-3.1,-0.8,2.5,5.1000000000000005,61.0,17.200000000000003,2.6,16
5657,94831.0,0.9,-2.8000000000000003,-3.4000000000000004,-0.2,2.7,4.7,57.3,10.4,-2.1,16
5658,94848.0,1.3,-2.6,-3.5,0.1,3.0,4.5,54.9,7.200000000000001,-3.5,16
5659,94865.0,2.0,-2.5,-3.4000000000000004,0.8,3.2,4.5,46.4,11.1,-4.7,16
5660,94881.0,3.3000000000000003,-1.7000000000000002,-3.0,2.0,4.1000000000000005,4.800000000000001,30.3,25.6,-10.600000000000001,16
5661,94898.0,3.5,-1.6,-2.6,2.2,4.2,5.2,19.799999999999997,33.6,-19.5,16
5662,94915.0,3.0,-1.3,-1.5,1.6,4.4,6.2,-1.9,45.400000000000006,-38.60000000000001,16
5663,94931.0,2.4000000000000004,-0.8,-0.30000000000000004,1.2000000000000002,4.7,6.800000000000001,-11.3,44.10000000000001,-45.8,16
5664,94949.0,1.9000000000000001,-0.6000000000000001,0.2,0.1,5.0,7.9,-28.3,33.0,-57.400000000000006,16
5665,94965.0,1.1,-0.30000000000000004,0.7000000000000001,-0.8,5.1000000000000005,8.5,-42.60000000000001,19.300000000000004,-62.4,16
5666,94981.0,0.4,0.0,1.7000000000000002,-1.6,5.2,9.600000000000001,-55.2,6.9,-63.500000000000014,16
5667,94998.0,-0.1,-0.1,2.2,-2.2,5.1000000000000005,10.100000000000001,-58.7,1.6,-62.50000000000001,16
5668,95015.0,-0.8,-0.1,3.0,-3.0,4.9,11.0,-58.5,-7.8,-54.4,16
5669,95031.0,-1.7000000000000002,0.6000000000000001,3.5,-4.0,5.4,11.700000000000001,-51.50000000000001,-13.700000000000001,-41.7,16
5670,95048.0,-2.2,0.8,3.5,-4.5,5.5,11.8,-43.900000000000006,-18.0,-33.300000000000004,16
5671,95065.0,-2.5,1.2000000000000002,3.0,-4.800000000000001,5.800000000000001,11.4,-23.700000000000003,-23.099999999999998,-9.899999999999999,16
5672,95081.0,-2.2,1.6,1.6,-4.4,6.2,10.0,-12.5,-26.400000000000006,10.8,16
5673,95098.0,-2.2,1.6,0.7000000000000001,-4.3,6.2,9.1,-14.700000000000001,-29.1,17.9,16
5674,95114.0,-1.9000000000000001,1.1,-1.3,-4.0,5.6000000000000005,7.2,-44.00000000000001,-30.699999999999996,32.1,16
5675,95131.0,-1.8,0.1,-0.8,-3.7,4.4,7.9,-101.10000000000001,-42.900000000000006,37.300000000000004,16
5676,95148.0,-1.6,-0.4,1.0,-3.2,3.1,12.200000000000001,-124.3,-55.60000000000001,33.9,16
5677,95165.0,-1.4000000000000001,-1.2000000000000002,5.300000000000001,-2.9000000000000004,2.6,14.3,-116.2,-69.5,17.7,16
5678,95184.0,-1.8,-1.5,6.1000000000000005,-3.2,2.1,15.3,-39.9,-37.7,-6.8,16
5679,95198.0,-1.7000000000000002,-1.0,4.3,-3.2,3.0,11.200000000000001,6.0,-9.700000000000001,-15.6,16
5680,95215.0,-1.8,-0.6000000000000001,0.0,-3.3000000000000003,3.1,9.1,63.8,53.2,-21.500000000000004,16
5681,95231.0,-1.6,-0.6000000000000001,-2.8000000000000003,-3.5,3.3000000000000003,6.1000000000000005,65.6,106.4,-16.0,16
5682,95248.0,-0.8,-0.2,-4.1000000000000005,-3.1,3.8000000000000003,4.7,52.400000000000006,122.30000000000001,-10.8,16
5683,95270.0,-0.8,-1.1,-3.5,-3.5,2.9000000000000004,5.1000000000000005,-5.500000000000001,109.00000000000001,4.7,16
5684,95281.0,-0.5,-1.2000000000000002,-3.1,-3.3000000000000003,2.8000000000000003,5.5,-18.900000000000002,90.0,12.9,16
5685,95298.0,0.1,-1.5,-2.7,-2.9000000000000004,2.4000000000000004,5.800000000000001,-26.799999999999997,68.60000000000001,20.8,16
5686,95315.0,0.5,-1.5,-2.8000000000000003,-2.5,2.3000000000000003,5.800000000000001,-31.3,27.400000000000002,33.400000000000006,16
5687,95331.0,1.2000000000000002,-1.4000000000000001,-3.2,-1.7000000000000002,2.4000000000000004,5.300000000000001,-26.6,-9.0,36.2,16
5688,95349.0,1.3,-1.0,-3.7,-1.5,2.7,4.9,-23.3,-29.0,30.599999999999998,16
5689,95368.0,1.7000000000000002,0.0,-3.3000000000000003,-0.9,3.7,5.300000000000001,-22.9,-37.7,23.700000000000003,16
5690,95381.0,1.6,0.30000000000000004,-2.8000000000000003,-1.0,4.0,5.800000000000001,-21.400000000000002,-34.300000000000004,17.400000000000002,16
5691,95398.0,0.7000000000000001,0.9,-1.9000000000000001,-1.7000000000000002,4.5,6.800000000000001,-11.6,-10.600000000000001,11.000000000000002,16
5692,95414.0,0.30000000000000004,1.4000000000000001,-1.4000000000000001,-2.1,5.0,7.300000000000001,-4.4,5.500000000000001,12.8,16
5693,95431.0,0.0,2.3000000000000003,-0.2,-2.5,6.1000000000000005,8.4,13.000000000000002,33.7,20.0,16
5694,95448.0,-0.4,3.0,0.2,-3.0,6.9,8.700000000000001,25.200000000000003,49.6,27.9,16
5695,95464.0,-0.6000000000000001,3.3000000000000003,0.1,-3.3000000000000003,7.2,8.6,23.700000000000003,48.0,31.9,16
5696,95481.0,-1.3,3.4000000000000004,0.6000000000000001,-4.0,7.4,9.0,7.8,18.700000000000003,38.1,16
5697,95498.0,-1.8,3.0,1.7000000000000002,-4.4,7.1000000000000005,10.200000000000001,-13.3,-28.600000000000005,43.900000000000006,16
5698,95514.0,-1.8,2.9000000000000004,2.5,-4.3,7.0,11.100000000000001,-20.5,-52.300000000000004,46.199999999999996,16
5699,95531.0,-1.4000000000000001,2.5,3.9000000000000004,-3.7,6.5,12.600000000000001,-18.0,-84.9,48.9,16
5700,95548.0,-0.8,1.8,4.4,-2.7,5.9,13.100000000000001,5.8,-86.8,44.4,16
5701,95565.0,-0.5,1.5,4.0,-2.2,5.7,12.8,20.5,-77.20000000000002,38.0,16
5702,95581.0,0.1,1.3,2.9000000000000004,-1.5,5.6000000000000005,11.700000000000001,43.70000000000001,-49.199999999999996,18.5,16
5703,95599.0,-0.4,1.3,2.5,-1.9000000000000001,5.800000000000001,11.3,60.6,-19.6,-3.1,16
5704,95614.0,-0.6000000000000001,1.4000000000000001,2.3000000000000003,-2.1,6.0,11.0,70.7,-9.899999999999999,-9.700000000000001,16
5705,95631.0,-0.5,1.7000000000000002,1.3,-1.9000000000000001,6.6000000000000005,9.9,86.8,6.500000000000001,-11.900000000000002,16
5706,95648.0,0.0,1.9000000000000001,0.0,-1.6,7.0,8.4,81.90000000000002,24.900000000000002,-11.4,16
5707,95665.0,0.0,1.9000000000000001,-0.5,-1.6,7.1000000000000005,7.9,69.60000000000001,35.2,-13.3,16
5708,95682.0,-0.5,1.7000000000000002,-0.7000000000000001,-2.3000000000000003,7.0,7.6000000000000005,25.1,51.70000000000001,-17.799999999999997,16
5709,95698.0,-1.2000000000000002,0.7000000000000001,0.7000000000000001,-3.2,6.0,9.0,-24.3,39.8,-15.000000000000002,16
5710,95715.0,-1.3,0.1,2.1,-3.4000000000000004,5.300000000000001,10.4,-37.9,23.0,-9.5,16
5711,95731.0,-1.1,-1.5,4.5,-3.2,3.6,12.8,-28.500000000000004,-6.0,4.800000000000001,16
5712,95748.0,0.2,-1.6,3.6,-1.8,3.6,12.0,15.700000000000001,-6.600000000000001,21.900000000000002,16
5713,95769.0,1.5,-1.3,0.5,-0.4,4.0,8.8,47.900000000000006,-2.7,29.900000000000006,16
5714,95781.0,1.9000000000000001,-1.1,-1.0,0.1,4.2,7.300000000000001,47.60000000000001,-1.6,28.900000000000002,16
5715,95798.0,2.2,-1.0,-2.0,0.5,4.5,5.5,22.700000000000003,-5.2,21.8,16
5716,95814.0,2.1,-1.1,-3.2,0.4,4.3,5.0,2.7,-8.4,16.700000000000003,16
5717,95831.0,1.7000000000000002,-1.7000000000000002,-3.2,0.0,3.7,5.1000000000000005,-36.9,-16.900000000000002,9.0,16
5718,95848.0,1.1,-2.5,-2.0,-0.5,2.7,6.4,-58.400000000000006,-14.800000000000002,3.5,16
5719,95865.0,0.9,-2.9000000000000004,-1.2000000000000002,-0.7000000000000001,2.2,7.2,-57.800000000000004,-10.5,0.30000000000000004,16
5720,95884.0,0.8,-3.2,-0.2,-0.7000000000000001,1.7000000000000002,8.3,-37.6,1.9,-4.7,16
5721,95898.0,0.9,-3.1,0.1,-0.7000000000000001,1.8,8.6,0.9000000000000001,13.6,-8.600000000000001,16
5722,95914.0,0.8,-3.2,-0.1,-1.0,1.6,7.6000000000000005,22.9,17.0,-10.700000000000001,16
5723,95931.0,0.9,-3.2,-1.7000000000000002,-0.8,1.8,6.7,55.900000000000006,19.0,-11.000000000000002,16
5724,95948.0,1.5,-2.5,-3.0,-0.2,2.6,5.2,64.50000000000001,9.4,-12.4,16
5725,95967.0,2.5,-1.7000000000000002,-3.0,0.8,3.6,5.1000000000000005,55.60000000000001,-0.8,-17.1,16
5726,95981.0,3.3000000000000003,-1.6,-2.4000000000000004,1.5,3.7,5.6000000000000005,49.699999999999996,-1.5,-21.200000000000003,16
5727,95998.0,1.4000000000000001,-0.30000000000000004,-1.3,-0.4,5.1000000000000005,6.6000000000000005,42.2,3.0,-29.0,16
5728,96014.0,1.4000000000000001,0.5,-1.8,-0.5,6.0,6.0,37.1,11.000000000000002,-25.4,16
5729,96031.0,1.1,0.9,-2.0,-0.8,6.5,5.800000000000001,17.7,11.6,-10.299999999999999,16
5730,96048.0,0.9,1.3,-0.8,-1.1,6.800000000000001,7.0,-18.8,2.9,-1.4,16
5731,96067.0,0.0,1.2000000000000002,1.5,-1.9000000000000001,6.6000000000000005,9.4,-35.9,-10.600000000000001,1.7,16
5732,96081.0,-0.4,1.3,2.4000000000000004,-2.2,6.7,10.3,-33.2,-15.000000000000002,4.0,16
5733,96098.0,-1.1,1.6,3.2,-2.9000000000000004,7.0,11.200000000000001,-12.7,-16.0,9.8,16
5734,96115.0,-1.4000000000000001,1.8,3.1,-3.4000000000000004,7.300000000000001,10.600000000000001,13.3,-6.1000000000000005,15.700000000000001,16
5735,96131.0,-1.8,1.8,2.0,-3.6,7.2,10.0,22.5,0.1,18.0,16
5736,96148.0,-2.1,1.7000000000000002,0.7000000000000001,-3.9000000000000004,7.2,8.6,28.500000000000004,5.6,22.000000000000004,16
5737,96165.0,-2.0,1.7000000000000002,0.5,-3.5,7.5,8.6,25.5,5.0,24.1,16
5738,96183.0,-1.6,1.8,0.9,-3.3000000000000003,7.5,8.700000000000001,20.3,-2.2,23.2,16
5739,96198.0,-1.4000000000000001,1.7000000000000002,0.9,-3.1,7.4,8.8,16.8,-4.5,15.6,16
5740,96214.0,-1.2000000000000002,1.7000000000000002,1.0,-2.9000000000000004,7.6000000000000005,8.8,6.699999999999999,4.5,6.4,16
5741,96231.0,-1.1,1.5,1.1,-2.8000000000000003,7.300000000000001,9.0,-2.4000000000000004,12.8,0.8,16
5742,96248.0,-1.6,0.2,2.4000000000000004,-3.4000000000000004,5.9,10.3,-28.3,33.0,-15.000000000000002,16
5743,96267.0,-2.4000000000000004,-1.1,5.2,-4.4,4.5,13.200000000000001,-40.800000000000004,41.50000000000001,-29.200000000000003,16
5744,96281.0,-2.3000000000000003,-1.7000000000000002,6.5,-4.4,3.9000000000000004,14.5,-28.1,39.1,-33.400000000000006,16
5745,96299.0,-1.8,-3.0,6.0,-4.0,2.6,14.0,31.6,22.9,-45.6,16
5746,96314.0,-0.8,-3.2,1.6,-3.2,2.5,9.5,87.60000000000001,8.600000000000001,-61.0,16
5747,96331.0,-0.4,-3.1,-0.6000000000000001,-2.9000000000000004,2.7,7.2,97.7,13.900000000000002,-66.5,16
5748,96348.0,0.2,-2.9000000000000004,-3.7,-2.6,3.1,3.9000000000000004,88.10000000000001,34.800000000000004,-73.2,16
5749,96368.0,0.4,-2.5,-4.800000000000001,-2.6,3.5,2.5,49.50000000000001,58.7,-73.0,16
5750,96381.0,0.5,-2.5,-4.9,-2.7,3.5,2.4000000000000004,28.0,63.70000000000001,-70.0,16
5751,96398.0,0.8,-2.8000000000000003,-4.6000000000000005,-2.7,3.1,2.5,-9.2,57.3,-59.5,16
5752,96414.0,1.1,-2.9000000000000004,-4.3,-2.5,2.9000000000000004,2.8000000000000003,-36.5,42.900000000000006,-47.900000000000006,16
5753,96431.0,1.3,-2.9000000000000004,-4.2,-2.5,2.8000000000000003,2.9000000000000004,-46.300000000000004,36.400000000000006,-42.7,16
5754,96448.0,1.1,-2.7,-3.7,-2.8000000000000003,2.8000000000000003,3.4000000000000004,-58.60000000000001,25.200000000000003,-34.50000000000001,16
5755,96470.0,0.8,-2.0,-3.0,-3.2,3.3000000000000003,4.2,-57.20000000000001,21.900000000000002,-24.599999999999998,16
5756,96481.0,0.6000000000000001,-1.6,-2.9000000000000004,-3.4000000000000004,3.5,4.3,-51.800000000000004,23.800000000000004,-18.4,16
5757,96498.0,0.4,-1.0,-2.8000000000000003,-3.7,4.0,4.4,-41.800000000000004,29.700000000000006,-1.3,16
5758,96514.0,0.7000000000000001,-0.30000000000000004,-3.6,-3.4000000000000004,4.6000000000000005,3.6,-39.300000000000004,20.8,15.299999999999999,16
5759,96531.0,0.5,0.1,-3.4000000000000004,-3.6,4.9,3.8000000000000003,-44.300000000000004,10.700000000000001,21.7,16
5760,96548.0,0.2,0.9,-2.2,-3.8000000000000003,5.7,5.1000000000000005,-54.199999999999996,-2.7,37.7,16
5761,96566.0,-0.5,1.7000000000000002,-1.8,-4.4,6.4,5.6000000000000005,-58.7,-10.8,57.3,16
5762,96587.0,-0.5,2.0,-0.5,-4.4,6.7,7.1000000000000005,-73.8,-10.299999999999999,77.20000000000002,16
5763,96599.0,-0.4,1.9000000000000001,0.8,-4.2,6.5,8.4,-80.2,-8.600000000000001,84.0,16
5764,96614.0,-0.30000000000000004,1.7000000000000002,2.9000000000000004,-3.8000000000000003,6.300000000000001,10.700000000000001,-76.4,-17.5,87.80000000000001,16
5765,96632.0,-0.2,1.8,3.4000000000000004,-3.6,6.300000000000001,11.3,-66.9,-28.500000000000004,86.89999999999999,16
5766,96648.0,0.30000000000000004,2.0,3.5,-2.9000000000000004,6.5,11.5,-42.900000000000006,-53.400000000000006,80.60000000000001,16
5767,96668.0,0.7000000000000001,2.2,2.6,-2.2,6.7,10.8,-22.700000000000003,-73.5,68.5,16
5768,96682.0,0.9,2.3000000000000003,2.2,-1.6,6.9,9.9,-14.400000000000002,-78.80000000000001,60.900000000000006,16
5769,96698.0,1.0,2.4000000000000004,1.3,-1.4000000000000001,7.0,9.600000000000001,-6.0,-68.2,43.900000000000006,16
5770,96714.0,0.7000000000000001,2.3000000000000003,1.3,-1.6,6.9,9.700000000000001,-6.4,-36.1,27.099999999999998,16
5771,96731.0,0.4,2.2,1.7000000000000002,-1.8,6.800000000000001,10.100000000000001,-5.8,-15.299999999999999,19.5,16
5772,96748.0,0.30000000000000004,1.9000000000000001,2.3000000000000003,-1.9000000000000001,6.5,10.700000000000001,4.4,19.300000000000004,7.500000000000001,16
5773,96765.0,0.6000000000000001,2.0,1.7000000000000002,-1.7000000000000002,6.7,10.0,20.7,37.400000000000006,-3.1,16
5774,96783.0,0.8,2.1,1.0,-1.7000000000000002,6.9,9.200000000000001,23.700000000000003,44.5,-5.300000000000001,16
5775,96800.0,0.7000000000000001,2.2,1.0,-1.8,7.0,9.3,13.000000000000002,49.50000000000001,-9.0,16
5776,96814.0,0.2,2.2,1.8,-2.5,7.0,10.0,-11.900000000000002,47.400000000000006,-14.100000000000001,16
5777,96831.0,0.0,2.1,2.7,-3.0,6.4,12.3,-23.800000000000004,44.8,-14.800000000000002,16
5778,96848.0,-0.2,1.2000000000000002,5.300000000000001,-3.1,5.9,13.600000000000001,-27.700000000000003,34.50000000000001,-12.7,16
5779,96867.0,0.2,0.30000000000000004,6.0,-2.7,5.0,14.4,4.7,16.4,-9.5,16
5780,96884.0,1.0,-0.2,3.5,-1.9000000000000001,4.5,11.8,41.0,-16.1,-14.0,16
5781,96898.0,1.4000000000000001,-0.2,2.0,-1.6,4.6000000000000005,10.3,47.60000000000001,-31.3,-18.4,16
5782,96914.0,1.6,0.1,0.0,-1.2000000000000002,5.0,8.3,41.4,-42.7,-25.1,16
5783,96931.0,1.7000000000000002,0.1,-0.5,-1.1,4.9,7.6000000000000005,34.300000000000004,-41.7,-25.900000000000002,16
5784,96948.0,1.6,-0.2,-0.5,-1.1,4.7,7.7,19.700000000000003,-32.2,-25.900000000000002,16
5785,96966.0,1.3,-0.6000000000000001,-0.4,-1.4000000000000001,4.3,7.800000000000001,13.399999999999999,-22.2,-26.200000000000003,16
5786,96981.0,0.9,-0.9,-1.0,-1.8,4.1000000000000005,7.300000000000001,13.200000000000003,-18.4,-25.7,16
5787,97000.0,0.6000000000000001,-1.0,-1.2000000000000002,-2.0,4.0,7.0,12.8,-14.600000000000001,-21.400000000000002,16
5788,97014.0,0.30000000000000004,-1.2000000000000002,-1.3,-2.3000000000000003,3.8000000000000003,6.9,10.299999999999999,-13.900000000000002,-15.6,16
5789,97031.0,0.1,-1.5,-1.4000000000000001,-2.5,3.6,6.800000000000001,9.700000000000001,-15.299999999999999,-14.100000000000001,16
5790,97048.0,0.1,-1.6,-1.5,-2.5,3.5,6.7,11.6,-18.6,-13.200000000000003,16
5791,97065.0,0.0,-1.6,-1.8,-2.6,3.4000000000000004,6.4,17.6,-25.7,-11.8,16
5792,97082.0,-0.1,-1.5,-2.2,-2.6,3.6,5.9,24.1,-30.4,-9.4,16
5793,97098.0,-0.1,-1.3,-2.3000000000000003,-2.6,3.8000000000000003,5.800000000000001,25.7,-30.5,-7.300000000000001,16
5794,97114.0,0.0,-1.1,-2.1,-2.4000000000000004,4.1000000000000005,5.9,24.8,-25.300000000000004,-1.8000000000000003,16
5795,97131.0,0.1,-0.9,-1.8,-2.2,4.4,6.300000000000001,23.400000000000002,-17.200000000000003,4.0,16
5796,97148.0,0.2,-0.7000000000000001,-1.7000000000000002,-2.1,4.6000000000000005,6.300000000000001,21.6,-10.8,6.500000000000001,16
5797,97169.0,0.5,-0.5,-0.7000000000000001,-1.8,4.800000000000001,7.300000000000001,15.2,4.0,10.5,16
5798,97181.0,0.1,-0.7000000000000001,0.5,-2.2,4.6000000000000005,8.5,14.400000000000002,16.6,10.0,16
5799,97198.0,0.0,-0.8,0.8,-2.4000000000000004,4.6000000000000005,8.700000000000001,17.300000000000004,21.1,9.4,16
5800,97214.0,-0.5,-0.9,1.2000000000000002,-2.9000000000000004,4.6000000000000005,9.1,24.3,26.9,9.899999999999999,16
5801,97231.0,-0.9,-1.1,1.2000000000000002,-3.3000000000000003,4.4,9.0,33.0,20.2,14.5,16
5802,97248.0,-0.8,-1.0,0.8,-3.2,4.6000000000000005,8.6,37.800000000000004,14.700000000000001,17.400000000000002,16
5803,97267.0,-0.7000000000000001,-1.0,0.0,-3.1,4.7,7.6000000000000005,43.4,8.899999999999999,21.300000000000004,16
5804,97282.0,-0.6000000000000001,-1.2000000000000002,-0.6000000000000001,-3.0,4.6000000000000005,7.0,41.800000000000004,12.7,22.1,16
5805,97298.0,-0.7000000000000001,-1.3,-0.8,-3.1,4.5,6.7,39.599999999999994,17.1,21.500000000000004,16
5806,97315.0,-0.6000000000000001,-1.1,-1.1,-3.1,4.800000000000001,6.300000000000001,30.1,29.500000000000004,21.400000000000002,16
5807,97331.0,-0.8,-0.9,-0.6000000000000001,-3.3000000000000003,5.1000000000000005,6.7,13.100000000000001,38.50000000000001,20.2,16
5808,97348.0,-0.9,-0.8,-0.1,-3.4000000000000004,5.2,7.2,5.0,37.1,17.400000000000002,16
5809,97369.0,-0.9,-0.7000000000000001,0.4,-3.5,5.300000000000001,7.7,-3.6000000000000005,25.7,9.3,16
5810,97382.0,-1.2000000000000002,-0.7000000000000001,-0.1,-3.8000000000000003,5.300000000000001,7.2,-11.4,17.6,4.2,16
5811,97399.0,-1.3,-0.7000000000000001,-0.5,-4.0,5.2,6.800000000000001,-19.1,13.5,3.9,16
5812,97416.0,-1.3,-0.7000000000000001,-0.9,-4.0,5.2,6.5,-49.199999999999996,11.2,7.500000000000001,16
5813,97431.0,-1.4000000000000001,-0.5,-1.1,-4.1000000000000005,5.1000000000000005,6.4,-100.70000000000002,10.1,13.8,16
5814,97448.0,-1.5,-0.8,-0.1,-4.3,4.3,9.8,-132.8,7.8,14.900000000000002,16
5815,97467.0,-1.5,-1.4000000000000001,4.2,-4.2,3.7,12.200000000000001,-164.4,-6.500000000000001,14.400000000000002,16
5816,97481.0,-1.0,-1.8,6.4,-3.7,2.9000000000000004,14.700000000000001,-123.6,-15.899999999999999,10.0,16
5817,97498.0,-0.7000000000000001,-1.7000000000000002,5.800000000000001,-3.3000000000000003,2.9000000000000004,14.100000000000001,-85.69999999999999,-14.400000000000002,4.800000000000001,16
5818,97515.0,0.0,-0.9,1.9000000000000001,-2.6,3.5,10.3,-17.7,5.300000000000001,-6.600000000000001,16
5819,97531.0,0.30000000000000004,-0.5,-1.8,-2.4000000000000004,4.0,6.7,6.9,32.5,-16.200000000000003,16
5820,97549.0,0.1,-0.1,-3.6,-2.8000000000000003,4.3,4.7,-2.3,48.6,-23.700000000000003,16
5821,97567.0,0.0,0.0,-3.9000000000000004,-3.0,4.4,4.4,-13.6,54.0,-23.400000000000002,16
5822,97582.0,-0.30000000000000004,-0.1,-3.7,-3.5,4.2,4.5,-35.9,57.00000000000001,-17.6,16
5823,97599.0,-0.4,-0.1,-3.4000000000000004,-3.7,4.1000000000000005,5.300000000000001,-47.2,54.50000000000001,-7.0,16
5824,97614.0,-0.2,0.1,-2.5,-3.6,4.1000000000000005,5.7,-46.0,53.9,-0.6000000000000001,16
5825,97631.0,0.1,0.2,-2.1,-3.5,4.1000000000000005,6.1000000000000005,-34.800000000000004,49.800000000000004,11.8,16
5826,97648.0,0.30000000000000004,0.30000000000000004,-1.9000000000000001,-3.2,4.3,6.300000000000001,-27.5,47.60000000000001,17.0,16
5827,97672.0,0.6000000000000001,0.7000000000000001,-2.0,-3.1,4.6000000000000005,6.1000000000000005,-8.600000000000001,38.400000000000006,29.300000000000004,16
5828,97681.0,0.6000000000000001,1.0,-2.1,-3.2,4.9,6.0,-6.699999999999999,31.5,32.1,16
5829,97698.0,0.6000000000000001,1.2000000000000002,-2.0,-3.3000000000000003,5.5,6.300000000000001,-6.9,24.599999999999998,34.60000000000001,16
5830,97714.0,0.30000000000000004,1.7000000000000002,-1.4000000000000001,-3.5,5.7,6.6000000000000005,-7.699999999999999,12.8,40.5,16
5831,97731.0,0.1,2.3000000000000003,-0.6000000000000001,-3.6,6.4,7.4,-6.9,6.500000000000001,48.10000000000001,16
5832,97748.0,0.1,2.7,-0.30000000000000004,-3.5,6.800000000000001,7.7,-6.300000000000001,5.4,54.699999999999996,16
5833,97767.0,0.1,2.8000000000000003,-0.2,-3.5,7.1000000000000005,8.0,-8.899999999999999,4.5,56.800000000000004,16
5834,97781.0,0.1,2.9000000000000004,0.4,-3.5,7.1000000000000005,8.5,-20.400000000000002,3.4,56.0,16
5835,97798.0,0.0,2.7,1.8,-3.4000000000000004,7.0,9.9,-27.2,-6.0,49.4,16
5836,97814.0,-0.1,2.6,2.4000000000000004,-3.5,6.800000000000001,10.5,-25.6,-13.8,44.8,16
5837,97831.0,-0.30000000000000004,2.4000000000000004,3.2,-3.6,6.7,11.4,-13.000000000000002,-27.6,36.2,16
5838,97848.0,-0.4,2.0,3.2,-3.5,6.4,11.5,5.6,-34.50000000000001,26.799999999999997,16
5839,97867.0,-0.30000000000000004,1.9000000000000001,3.2,-3.3000000000000003,6.300000000000001,11.5,13.3,-35.2,20.3,16
5840,97882.0,-0.30000000000000004,1.9000000000000001,2.8000000000000003,-3.3000000000000003,6.4,11.200000000000001,28.600000000000005,-40.300000000000004,6.9,16
5841,97898.0,-0.2,2.4000000000000004,1.4000000000000001,-3.0,6.9,9.8,39.1,-46.6,-0.5,16
5842,97915.0,-0.2,2.6,0.8,-2.9000000000000004,7.2,9.1,36.7,-46.4,-0.2,16
5843,97931.0,-0.30000000000000004,2.8000000000000003,0.1,-3.0,7.5,8.4,16.6,-36.6,3.0,16
5844,97948.0,-0.7000000000000001,2.8000000000000003,1.0,-3.3000000000000003,7.6000000000000005,9.4,-24.3,-14.300000000000002,10.200000000000001,16
5845,97968.0,-0.30000000000000004,1.6,4.1000000000000005,-2.9000000000000004,6.2,12.600000000000001,-55.1,8.5,19.5,16
5846,97986.0,0.1,0.7000000000000001,5.9,-2.5,5.2,14.4,-54.300000000000004,13.8,21.500000000000004,16
5847,97998.0,0.9,-0.6000000000000001,7.2,-1.7000000000000002,3.9000000000000004,15.8,-18.700000000000003,7.500000000000001,16.1,16
5848,98014.0,1.1,-0.7000000000000001,6.1000000000000005,-1.4000000000000001,3.8000000000000003,14.700000000000001,6.600000000000001,-3.4,11.3,16
5849,98032.0,1.2000000000000002,-0.6000000000000001,2.5,-1.2000000000000002,4.0,11.200000000000001,34.900000000000006,-27.800000000000004,5.9,16
5850,98048.0,1.4000000000000001,-0.5,0.30000000000000004,-0.9,4.2,9.0,26.5,-43.300000000000004,4.800000000000001,16
5851,98066.0,1.5,-0.5,-0.1,-0.8,4.1000000000000005,8.5,17.200000000000003,-45.6,4.2,16
5852,98081.0,1.3,-0.8,-0.30000000000000004,-0.8,3.9000000000000004,8.4,4.4,-43.50000000000001,2.8,16
5853,98098.0,1.2000000000000002,-1.1,-0.9,-0.7000000000000001,3.6,7.800000000000001,1.9,-37.1,2.6,16
5854,98114.0,1.2000000000000002,-1.3,-1.1,-0.6000000000000001,3.4000000000000004,7.6000000000000005,1.7,-34.1,1.8000000000000003,16
5855,98131.0,1.2000000000000002,-1.9000000000000001,-1.1,-0.6000000000000001,2.8000000000000003,7.6000000000000005,6.600000000000001,-30.200000000000003,-4.800000000000001,16
5856,98148.0,1.0,-2.2,-1.4000000000000001,-0.7000000000000001,2.5,7.300000000000001,20.7,-29.0,-15.100000000000001,16
5857,98166.0,0.8,-2.3000000000000003,-1.8,-0.9,2.4000000000000004,6.9,28.500000000000004,-29.400000000000002,-20.7,16
5858,98181.0,0.4,-2.5,-2.6,-1.3,2.4000000000000004,6.0,38.7,-31.5,-28.900000000000002,16
5859,98198.0,0.4,-2.6,-3.3000000000000003,-1.2000000000000002,2.4000000000000004,5.2,41.800000000000004,-33.0,-31.0,16
5860,98215.0,0.5,-2.5,-3.6,-0.9,2.6,4.800000000000001,45.0,-31.5,-33.9,16
5861,98234.0,0.7000000000000001,-2.3000000000000003,-3.5,-0.8,2.8000000000000003,4.9,43.70000000000001,-23.5,-38.1,16
5862,98253.0,0.8,-1.9000000000000001,-1.8,-0.8,3.2,6.5,44.4,-8.8,-43.2,16
5863,98269.0,0.5,-1.7000000000000002,-0.5,-1.2000000000000002,3.5,7.7,57.800000000000004,4.5,-47.3,16
5864,98281.0,0.2,-1.6,-0.4,-1.5,3.8000000000000003,7.7,66.3,8.5,-48.300000000000004,16
5865,98298.0,-0.4,-1.0,-1.3,-2.2,4.4,6.7,73.6,9.600000000000001,-45.6,16
5866,98314.0,-0.9,-0.2,-1.8,-2.8000000000000003,5.4,6.1000000000000005,67.3,7.1000000000000005,-41.300000000000004,16
5867,98331.0,-0.9,0.0,-1.4000000000000001,-2.9000000000000004,5.7,6.4,42.60000000000001,6.300000000000001,-26.000000000000004,16
5868,98348.0,-0.7000000000000001,0.0,-0.30000000000000004,-2.8000000000000003,5.7,7.4,22.9,11.1,-10.299999999999999,16
5869,98364.0,-0.30000000000000004,-0.2,0.7000000000000001,-2.6,5.7,7.9,16.8,11.900000000000002,-5.500000000000001,16
5870,98381.0,-0.2,-0.4,1.2000000000000002,-2.2,5.4,8.9,13.8,9.4,-2.2,16
5871,98398.0,-0.2,-0.9,1.2000000000000002,-2.3000000000000003,4.9,8.9,23.2,7.1000000000000005,-7.1000000000000005,16
5872,98414.0,-0.6000000000000001,-1.0,0.5,-2.8000000000000003,4.9,8.0,30.9,15.100000000000001,-15.700000000000001,16
5873,98431.0,-0.9,-0.9,0.2,-3.2,5.0,7.7,31.2,23.3,-17.1,16
5874,98448.0,-1.6,-0.7000000000000001,0.0,-4.0,5.300000000000001,7.4,25.900000000000002,45.0,-12.100000000000001,16
5875,98465.0,-1.6,-0.6000000000000001,0.2,-4.2,5.4,7.6000000000000005,16.4,61.10000000000001,-4.0,16
5876,98483.0,-1.4000000000000001,-0.7000000000000001,0.1,-4.1000000000000005,5.300000000000001,7.5,10.700000000000001,59.1,-1.9,16
5877,98498.0,-1.5,-0.9,-0.5,-4.3,5.1000000000000005,6.800000000000001,-12.600000000000001,34.60000000000001,0.30000000000000004,16
5878,98515.0,-1.8,-1.1,-0.8,-4.6000000000000005,4.800000000000001,6.6000000000000005,-53.599999999999994,0.5,6.8,16
5879,98531.0,-2.1,-1.2000000000000002,-0.6000000000000001,-4.800000000000001,4.6000000000000005,6.800000000000001,-78.7,-12.100000000000001,13.000000000000002,16
5880,98550.0,-2.3000000000000003,-1.9000000000000001,1.0,-5.0,3.6,8.700000000000001,-127.5,-21.8,29.600000000000005,16
5881,98569.0,-1.4000000000000001,-2.6,4.0,-4.0,2.5,12.0,-146.1,-24.599999999999998,40.5,16
5882,98582.0,-0.9,-3.0,5.0,-3.4000000000000004,1.9000000000000001,13.200000000000001,-133.9,-26.200000000000003,38.800000000000004,16
5883,98598.0,-0.2,-3.2,4.4,-2.6,1.5,12.8,-77.60000000000001,-21.0,25.7,16
5884,98614.0,0.2,-2.1,1.0,-2.2,2.5,9.5,-24.3,0.6000000000000001,7.500000000000001,16
5885,98631.0,0.1,-1.7000000000000002,-0.7000000000000001,-2.3000000000000003,2.9000000000000004,7.7,-14.300000000000002,17.9,-0.5,16
5886,98648.0,-0.30000000000000004,-0.9,-2.9000000000000004,-2.8000000000000003,3.5,5.5,-22.8,48.9,-9.600000000000001,16
5887,98664.0,-0.8,-0.2,-3.4000000000000004,-3.5,4.1000000000000005,5.0,-46.800000000000004,61.10000000000001,-7.8,16
5888,98681.0,-1.1,-0.2,-3.3000000000000003,-3.9000000000000004,4.0,5.1000000000000005,-58.400000000000006,61.199999999999996,-3.5,16
5889,98698.0,-1.1,0.0,-2.7,-4.0,4.1000000000000005,5.7,-73.9,49.1,10.200000000000001,16
5890,98714.0,-0.6000000000000001,0.1,-1.8,-3.6,3.9000000000000004,6.7,-75.5,32.8,22.8,16
5891,98731.0,-0.30000000000000004,0.2,-1.5,-3.4000000000000004,4.0,7.0,-70.3,23.099999999999998,27.9,16
5892,98748.0,0.2,0.5,-1.5,-2.8000000000000003,4.1000000000000005,7.1000000000000005,-51.1,5.7,37.300000000000004,16
5893,98766.0,0.7000000000000001,1.0,-2.3000000000000003,-2.3000000000000003,4.6000000000000005,6.300000000000001,-34.60000000000001,1.2000000000000002,43.300000000000004,16
5894,98784.0,0.9,1.5,-2.5,-2.0,5.0,6.1000000000000005,-34.0,1.3,47.400000000000006,16
5895,98798.0,1.1,1.7000000000000002,-2.3000000000000003,-1.8,5.2,6.4,-35.1,-0.9000000000000001,49.9,16
5896,98814.0,1.6,2.1,-1.5,-1.2000000000000002,5.5,7.1000000000000005,-33.800000000000004,-8.100000000000001,51.6,16
5897,98831.0,1.7000000000000002,2.3000000000000003,-1.2000000000000002,-1.0,5.800000000000001,7.4,-32.0,-13.3,49.9,16
5898,98850.0,1.3,2.8000000000000003,-0.2,-1.3,6.2,8.6,-31.400000000000002,-13.700000000000001,44.4,16
5899,98873.0,0.9,3.0,0.9,-1.9000000000000001,6.300000000000001,10.200000000000001,-26.799999999999997,-4.5,43.00000000000001,16
5900,98881.0,0.6000000000000001,3.0,1.4000000000000001,-2.1,6.300000000000001,10.700000000000001,-24.3,0.2,42.60000000000001,16
5901,98898.0,0.30000000000000004,2.8000000000000003,2.4000000000000004,-2.2,6.2,11.200000000000001,-17.9,2.4000000000000004,42.0,16
5902,98914.0,0.4,2.5,3.2,-2.0,5.9,12.100000000000001,-6.500000000000001,-7.200000000000001,38.800000000000004,16
5903,98931.0,0.5,2.3000000000000003,3.3000000000000003,-1.9000000000000001,5.7,12.200000000000001,3.0,-15.000000000000002,34.60000000000001,16
5904,98948.0,0.4,2.1,2.5,-1.8,5.6000000000000005,11.4,21.0,-30.799999999999997,23.900000000000006,16
5905,98964.0,0.4,2.0,1.8,-1.7000000000000002,5.7,10.700000000000001,29.600000000000005,-30.699999999999996,15.100000000000001,16
5906,98981.0,0.4,1.7000000000000002,1.9000000000000001,-1.7000000000000002,5.5,10.8,31.0,-22.9,11.700000000000001,16
5907,98998.0,0.5,1.5,2.1,-1.5,5.4,11.0,35.1,-3.4,5.6,16
5908,99014.0,0.9,1.6,2.0,-1.2000000000000002,5.6000000000000005,10.8,45.7,5.0,-3.0,16
5909,99031.0,0.6000000000000001,1.9000000000000001,0.8,-1.4000000000000001,6.1000000000000005,9.600000000000001,49.300000000000004,12.200000000000001,-5.0,16
5910,99048.0,0.2,2.0,0.30000000000000004,-1.9000000000000001,6.2,9.0,39.50000000000001,19.400000000000002,-3.5,16
5911,99064.0,-0.2,2.3000000000000003,1.2000000000000002,-2.4000000000000004,6.5,9.9,-8.899999999999999,42.0,3.3000000000000007,16
5912,99082.0,0.1,1.3,5.5,-2.2,5.4,14.3,-48.10000000000001,51.300000000000004,9.5,16
5913,99098.0,0.30000000000000004,0.4,7.5,-2.1,4.5,16.3,-45.0,44.5,10.299999999999999,16
5914,99114.0,0.9,-1.0,7.800000000000001,-1.6,3.0,16.7,-0.2,10.200000000000001,3.3000000000000007,16
5915,99131.0,2.0,-0.8,4.7,-0.4,3.3000000000000003,13.600000000000001,47.0,-28.800000000000004,-9.3,16
5916,99148.0,2.4000000000000004,-0.7000000000000001,2.8000000000000003,0.1,3.5,11.700000000000001,59.5,-39.8,-15.100000000000001,16
5917,99168.0,2.8000000000000003,-0.8,-0.30000000000000004,0.6000000000000001,3.6,8.5,59.1,-46.6,-25.5,16
5918,99183.0,2.8000000000000003,-0.7000000000000001,-1.4000000000000001,0.6000000000000001,3.6,6.800000000000001,37.6,-47.5,-37.9,16
5919,99198.0,2.5,-1.0,-2.1,0.4,3.5,6.7,23.5,-46.1,-43.70000000000001,16
5920,99214.0,1.7000000000000002,-1.4000000000000001,-1.7000000000000002,-0.30000000000000004,3.1,7.1000000000000005,4.4,-43.1,-53.8,16
5921,99231.0,1.0,-1.7000000000000002,-1.8,-1.0,2.7,6.9,0.30000000000000004,-34.300000000000004,-58.60000000000001,16
5922,99248.0,0.6000000000000001,-1.8,-1.7000000000000002,-1.3,2.6,7.1000000000000005,-0.2,-27.9,-59.300000000000004,16
5923,99265.0,0.0,-2.0,-0.9,-1.9000000000000001,2.3000000000000003,7.9,5.2,-15.2,-57.49999999999999,16
5924,99282.0,-0.1,-2.3000000000000003,-1.0,-2.1,2.1,7.7,27.0,-11.4,-52.2,16
5925,99298.0,0.0,-2.4000000000000004,-1.5,-2.0,2.0,7.2,37.1,-13.399999999999999,-50.5,16
5926,99318.0,0.2,-2.6,-2.4000000000000004,-1.8,1.9000000000000001,6.300000000000001,47.1,-24.599999999999998,-52.900000000000006,16
5927,99331.0,0.1,-2.5,-2.9000000000000004,-2.0,2.0,5.6000000000000005,49.50000000000001,-35.2,-57.800000000000004,16
5928,99348.0,-0.1,-2.4000000000000004,-3.1,-2.1,2.2,5.5,50.2,-37.7,-58.7,16
5929,99366.0,-0.1,-2.2,-3.2,-2.2,2.3000000000000003,5.300000000000001,52.00000000000001,-37.6,-57.800000000000004,16
5930,99382.0,0.0,-1.8,-3.0,-2.0,3.0,5.300000000000001,54.800000000000004,-20.0,-51.4,16
5931,99398.0,0.1,-1.5,-2.9000000000000004,-2.0,3.3000000000000003,5.4,54.1,-12.8,-49.4,16
5932,99414.0,0.0,-0.8,-2.7,-2.1,4.1000000000000005,5.5,48.2,-3.6000000000000005,-44.8,16
5933,99431.0,-0.4,-0.2,-2.0,-2.6,4.800000000000001,6.2,28.500000000000004,-2.5,-39.50000000000001,16
5934,99448.0,-0.8,0.0,-1.0,-3.1,5.1000000000000005,7.1000000000000005,15.000000000000002,-0.30000000000000004,-35.4,16
5935,99464.0,-1.3,0.2,0.9,-3.5,5.2,9.0,-0.2,7.699999999999999,-22.6,16
5936,99482.0,-1.2000000000000002,0.0,2.3000000000000003,-3.6,4.9,10.4,-3.2,18.700000000000003,-12.4,16
5937,99498.0,-1.3,-0.30000000000000004,2.8000000000000003,-3.7,4.7,10.9,-2.7,21.8,-11.3,16
5938,99514.0,-1.7000000000000002,-0.6000000000000001,3.1,-4.2,4.3,11.3,2.9,23.900000000000006,-12.4,16
5939,99531.0,-2.1,-0.7000000000000001,2.9000000000000004,-4.800000000000001,4.2,11.0,7.300000000000001,20.0,-14.0,16
5940,99548.0,-2.3000000000000003,-0.6000000000000001,2.7,-5.0,4.4,10.8,9.0,18.0,-14.400000000000002,16
5941,99564.0,-2.5,-0.4,2.5,-5.2,4.6000000000000005,10.600000000000001,17.0,19.6,-12.200000000000001,16
5942,99581.0,-2.3000000000000003,-0.2,1.0,-5.1000000000000005,4.800000000000001,9.0,25.300000000000004,23.800000000000004,-5.6,16
5943,99598.0,-2.2,-0.1,-0.1,-5.1000000000000005,5.0,7.9,20.2,22.4,-1.4,16
5944,99615.0,-1.9000000000000001,-0.1,-1.7000000000000002,-4.9,5.0,6.2,-17.300000000000004,13.8,11.2,16
5945,99631.0,-1.4000000000000001,-0.4,-1.0,-4.4,4.6000000000000005,7.0,-74.2,0.6000000000000001,26.000000000000004,16
5946,99648.0,-1.4000000000000001,-1.0,0.4,-4.0,3.2,10.100000000000001,-98.10000000000001,-4.7,30.799999999999997,16
5947,99666.0,-0.8,-1.6,3.1,-3.6,2.9000000000000004,11.5,-112.80000000000001,-12.100000000000001,34.1,16
5948,99681.0,-0.1,-2.2,4.6000000000000005,-2.9000000000000004,2.0,13.100000000000001,-81.3,-11.4,24.599999999999998,16
5949,99698.0,0.0,-2.3000000000000003,4.3,-2.7,1.9000000000000001,12.9,-54.699999999999996,-8.899999999999999,15.299999999999999,16
5950,99715.0,0.1,-1.7000000000000002,1.5,-2.7,2.4000000000000004,10.200000000000001,-2.5,3.4,-1.6,16
5951,99731.0,-0.1,-1.2000000000000002,-1.5,-2.9000000000000004,3.0,7.2,12.4,13.900000000000002,-6.500000000000001,16
5952,99749.0,-0.2,-0.9,-2.5,-3.3000000000000003,3.4000000000000004,5.5,14.400000000000002,36.2,-11.4,16
5953,99767.0,-0.5,-0.6000000000000001,-3.2,-3.5,3.5,5.300000000000001,-5.9,49.0,-6.9,16
5954,99781.0,-0.8,-0.6000000000000001,-2.6,-4.0,3.5,5.800000000000001,-27.3,53.7,3.7000000000000006,16
5955,99798.0,-0.30000000000000004,-0.7000000000000001,-2.1,-3.7,3.3000000000000003,6.300000000000001,-35.599999999999994,49.699999999999996,16.900000000000002,16
5956,99814.0,-0.1,-0.7000000000000001,-2.0,-3.5,3.2,6.4,-34.1,44.5,22.8,16
5957,99831.0,0.4,-0.7000000000000001,-2.1,-3.0,3.1,6.300000000000001,-24.900000000000002,30.699999999999996,31.3,16
5958,99848.0,0.7000000000000001,-0.5,-2.4000000000000004,-2.7,3.3000000000000003,6.0,-19.1,22.700000000000003,33.2,16
5959,99865.0,0.7000000000000001,-0.30000000000000004,-2.6,-2.8000000000000003,3.5,5.7,-7.200000000000001,11.4,33.50000000000001,16
5960,99881.0,0.6000000000000001,0.30000000000000004,-3.3000000000000003,-2.8000000000000003,4.2,5.0,-0.1,10.200000000000001,37.1,16
5961,99898.0,0.6000000000000001,0.5,-3.4000000000000004,-2.8000000000000003,4.7,4.9,0.0,11.6,39.400000000000006,16
5962,99914.0,0.6000000000000001,1.0,-2.9000000000000004,-2.7,5.0,5.300000000000001,-5.8,17.400000000000002,44.5,16
5963,99931.0,0.8,1.4000000000000001,-2.1,-2.5,5.4,6.1000000000000005,-8.3,20.3,45.5,16
5964,99948.0,0.8,1.9000000000000001,-1.3,-2.5,6.0,6.9,-12.8,24.400000000000002,42.3,16
5965,99964.0,0.6000000000000001,2.1,-0.5,-2.8000000000000003,6.1000000000000005,7.7,-16.6,27.400000000000002,39.0,16
5966,99985.0,0.1,2.2,0.9,-3.4000000000000004,6.300000000000001,9.1,-20.7,34.900000000000006,32.9,16
5967,99998.0,-0.2,2.4000000000000004,2.0,-3.7,6.4,10.200000000000001,-19.9,40.6,27.400000000000002,16
5968,100014.0,-0.30000000000000004,2.3000000000000003,2.7,-3.8000000000000003,6.4,10.9,-17.400000000000002,39.2,24.3,16
5969,100031.0,-0.4,2.1,3.8000000000000003,-4.0,6.2,12.0,-2.3,26.000000000000004,16.0,16
5970,100048.0,-0.30000000000000004,2.1,3.3000000000000003,-3.9000000000000004,6.2,11.5,21.500000000000004,5.1000000000000005,5.9,16
5971,100065.0,-0.2,2.1,2.8000000000000003,-3.8000000000000003,6.300000000000001,10.9,29.700000000000006,-2.7,1.3,16
5972,100081.0,-0.4,2.3000000000000003,2.2,-4.0,6.6000000000000005,10.4,33.0,-9.4,-6.9,16
5973,100098.0,-0.30000000000000004,2.3000000000000003,2.5,-3.9000000000000004,6.800000000000001,10.700000000000001,34.900000000000006,-8.600000000000001,-9.0,16
5974,100114.0,0.1,2.5,2.4000000000000004,-3.5,7.0,10.5,39.9,-10.0,-7.9,16
5975,100131.0,1.1,2.5,1.1,-2.5,7.1000000000000005,9.200000000000001,45.0,-13.8,-3.4,16
5976,100148.0,1.7000000000000002,2.1,0.1,-1.8,6.800000000000001,8.1,26.000000000000004,-20.400000000000002,-3.5,16
5977,100168.0,1.9000000000000001,1.7000000000000002,0.8,-1.5,6.4,8.9,-11.3,-17.5,-12.7,16
5978,100181.0,1.6,1.4000000000000001,2.0,-1.8,6.0,10.200000000000001,-29.700000000000006,-9.8,-18.4,16
5979,100198.0,1.5,1.0,3.7,-1.9000000000000001,5.1000000000000005,13.700000000000001,-37.0,4.2,-24.599999999999998,16
5980,100214.0,1.5,0.1,6.5,-1.9000000000000001,4.6000000000000005,14.8,-37.0,4.2,-24.599999999999998,16
5981,100231.0,2.1,-0.2,5.0,-1.4000000000000001,4.3,13.3,27.3,3.6000000000000005,-30.4,16
5982,100248.0,2.3000000000000003,-0.30000000000000004,1.7000000000000002,-1.2000000000000002,4.3,9.9,45.6,-17.400000000000002,-35.3,16
5983,100264.0,2.2,-0.4,0.6000000000000001,-1.3,4.2,8.8,39.400000000000006,-29.500000000000004,-38.50000000000001,16
5984,100281.0,1.9000000000000001,-0.30000000000000004,-0.5,-1.6,4.3,7.800000000000001,17.0,-47.1,-41.4,16
5985,100298.0,1.6,-0.6000000000000001,-0.4,-1.8,4.0,7.9,-3.0,-53.300000000000004,-40.5,16
5986,100314.0,1.5,-0.8,-0.2,-1.7000000000000002,3.8000000000000003,8.200000000000001,-7.200000000000001,-54.199999999999996,-39.50000000000001,16
5987,100331.0,1.7000000000000002,-1.1,0.4,-1.5,3.4000000000000004,8.8,-2.3,-52.7,-40.1,16
5988,100348.0,1.7000000000000002,-1.5,0.30000000000000004,-1.4000000000000001,2.9000000000000004,8.700000000000001,18.3,-49.9,-49.199999999999996,16
5989,100369.0,1.2000000000000002,-1.6,-0.8,-1.8,2.9000000000000004,7.7,40.2,-45.7,-61.7,16
5990,100382.0,0.8,-1.6,-1.2000000000000002,-2.1,2.9000000000000004,7.2,47.80000000000001,-42.2,-66.5,16
5991,100398.0,0.30000000000000004,-1.5,-2.0,-2.7,3.0,6.4,58.0,-36.0,-69.00000000000001,16
5992,100414.0,0.1,-1.5,-2.4000000000000004,-3.0,3.2,5.5,61.300000000000004,-35.2,-66.80000000000001,16
5993,100431.0,0.1,-1.5,-3.0,-2.9000000000000004,3.3000000000000003,5.2,60.2,-37.1,-58.900000000000006,16
5994,100448.0,0.5,-1.3,-2.7,-2.5,3.5,5.4,52.900000000000006,-41.0,-51.50000000000001,16
5995,100464.0,0.5,-1.3,-2.4000000000000004,-2.4000000000000004,3.7,6.0,50.2,-43.800000000000004,-49.699999999999996,16
5996,100481.0,0.5,-0.9,-1.9000000000000001,-2.4000000000000004,4.0,6.2,45.6,-49.0,-46.6,16
5997,100498.0,0.5,-0.7000000000000001,-1.1,-2.3000000000000003,4.3,7.0,40.2,-50.400000000000006,-39.8,16
5998,100514.0,0.5,-0.4,-0.5,-2.3000000000000003,4.7,7.5,36.0,-38.300000000000004,-32.6,16
5999,100531.0,0.5,-0.30000000000000004,-0.1,-2.2,4.800000000000001,7.9,32.2,-27.800000000000004,-29.800000000000004,16
6000,100548.0,0.1,-0.5,1.2000000000000002,-2.7,4.6000000000000005,9.200000000000001,25.4,-6.0,-27.700000000000003,16
6001,100565.0,-0.5,-0.5,2.5,-3.4000000000000004,4.7,10.4,30.200000000000003,16.3,-22.6,16
6002,100582.0,-0.8,-0.7000000000000001,2.9000000000000004,-3.7,4.6000000000000005,10.8,36.5,24.900000000000002,-18.8,16
6003,100598.0,-1.3,-1.2000000000000002,2.7,-4.3,4.1000000000000005,10.5,51.4,29.800000000000004,-12.0,16
6004,100614.0,-1.6,-1.4000000000000001,1.8,-4.7,4.1000000000000005,9.4,57.00000000000001,24.599999999999998,-6.600000000000001,16
6005,100631.0,-1.8,-1.5,1.2000000000000002,-5.0,4.1000000000000005,8.8,55.7,21.6,-3.8,16
6006,100648.0,-1.9000000000000001,-1.4000000000000001,0.1,-5.1000000000000005,4.2,7.6000000000000005,46.50000000000001,12.100000000000001,5.300000000000001,16
6007,100665.0,-1.8,-1.5,-0.7000000000000001,-5.0,4.3,6.800000000000001,39.9,3.4,9.899999999999999,16
6008,100682.0,-1.7000000000000002,-1.4000000000000001,-0.8,-4.800000000000001,4.4,6.6000000000000005,20.900000000000002,-13.200000000000003,18.5,16
6009,100698.0,-1.5,-1.3,-1.1,-4.6000000000000005,4.5,6.4,-6.4,-22.000000000000004,24.599999999999998,16
6010,100714.0,-1.3,-1.3,-1.0,-4.3,4.4,6.5,-44.10000000000001,-21.8,27.099999999999998,16
6011,100731.0,-1.4000000000000001,-1.5,-0.7000000000000001,-4.3,4.1000000000000005,6.9,-65.0,-20.599999999999998,26.6,16
6012,100748.0,-2.0,-2.2,1.2000000000000002,-4.800000000000001,3.2,9.0,-99.5,-21.1,23.2,16
6013,100766.0,-1.8,-2.4000000000000004,3.1,-4.5,2.7,11.100000000000001,-97.50000000000001,-24.7,21.200000000000003,16
6014,100781.0,-1.7000000000000002,-2.7,3.6,-4.4,2.3000000000000003,11.700000000000001,-82.2,-23.800000000000004,19.200000000000003,16
6015,100798.0,-1.2000000000000002,-2.6,2.2,-3.9000000000000004,2.3000000000000003,10.5,-39.50000000000001,-16.0,10.700000000000001,16
6016,100814.0,-0.9,-1.9000000000000001,-0.7000000000000001,-3.5,2.9000000000000004,7.6000000000000005,-11.4,3.3000000000000007,1.7,16
6017,100831.0,-0.9,-1.7000000000000002,-1.9000000000000001,-3.6,3.1,6.4,-9.2,14.800000000000002,-0.6000000000000001,16
6018,100848.0,-1.2000000000000002,-1.2000000000000002,-3.6,-4.0,3.5,4.7,-23.5,33.9,1.0,16
6019,100867.0,-1.5,-0.9,-4.0,-4.4,3.6,4.3,-56.800000000000004,42.3,14.400000000000002,16
6020,100881.0,-1.3,-1.0,-3.5,-4.2,3.5,4.7,-73.7,40.5,23.700000000000003,16
6021,100898.0,-0.30000000000000004,-1.3,-1.9000000000000001,-3.3000000000000003,2.9000000000000004,6.4,-91.30000000000001,28.600000000000005,38.2,16
6022,100914.0,0.5,-1.4000000000000001,-0.7000000000000001,-2.4000000000000004,2.7,7.7,-80.60000000000001,14.400000000000002,42.1,16
6023,100931.0,0.9,-1.2000000000000002,-0.6000000000000001,-2.0,2.7,7.9,-66.7,10.8,40.9,16
6024,100948.0,1.3,-0.9,-1.5,-1.6,3.0,7.0,-36.8,20.3,35.699999999999996,16
6025,100970.0,1.4000000000000001,-0.4,-2.5,-1.6,3.5,6.0,-23.0,44.00000000000001,32.2,16
6026,100981.0,1.4000000000000001,0.0,-2.6,-1.6,3.8000000000000003,5.9,-22.8,56.400000000000006,31.799999999999997,16
6027,100998.0,1.6,0.5,-2.1,-1.6,4.2,6.300000000000001,-26.799999999999997,71.10000000000001,33.800000000000004,16
6028,101014.0,1.9000000000000001,0.9,-1.4000000000000001,-1.5,4.6000000000000005,7.0,-33.7,68.60000000000001,33.2,16
6029,101031.0,1.8,1.2000000000000002,-0.7000000000000001,-1.6,4.9,7.6000000000000005,-39.2,63.599999999999994,31.3,16
6030,101048.0,1.0,1.7000000000000002,0.7000000000000001,-2.5,5.300000000000001,9.1,-48.6,50.0,27.9,16
6031,101067.0,0.1,2.2,2.2,-3.5,5.7,10.600000000000001,-52.7,38.1,31.099999999999998,16
6032,101081.0,-0.1,2.3000000000000003,3.0,-3.7,5.7,11.4,-51.800000000000004,32.6,34.900000000000006,16
6033,101098.0,0.2,2.3000000000000003,4.3,-3.4000000000000004,5.7,12.700000000000001,-38.1,16.3,40.9,16
6034,101114.0,0.6000000000000001,2.1,4.5,-2.9000000000000004,5.5,13.100000000000001,-11.900000000000002,-5.500000000000001,36.300000000000004,16
6035,101131.0,0.7000000000000001,2.2,4.2,-2.8000000000000003,5.7,12.700000000000001,2.8,-17.5,31.400000000000002,16
6036,101148.0,0.6000000000000001,2.3000000000000003,3.2,-2.7,5.800000000000001,11.8,26.6,-34.0,20.0,16
6037,101168.0,0.5,2.1,2.4000000000000004,-2.7,5.800000000000001,11.0,44.9,-37.1,8.899999999999999,16
6038,101181.0,0.6000000000000001,2.0,2.1,-2.7,5.800000000000001,10.3,50.900000000000006,-33.0,3.3000000000000007,16
6039,101198.0,0.2,1.7000000000000002,1.7000000000000002,-2.9000000000000004,5.7,10.200000000000001,55.8,-22.000000000000004,-9.0,16
6040,101214.0,0.0,1.6,1.8,-3.4000000000000004,5.7,10.5,58.60000000000001,-12.600000000000001,-18.8,16
6041,101231.0,-0.4,1.5,2.0,-3.5,5.800000000000001,10.3,62.800000000000004,-9.600000000000001,-20.7,16
6042,101248.0,-0.30000000000000004,1.6,1.3,-3.4000000000000004,6.0,9.700000000000001,73.2,-8.8,-19.200000000000003,16
6043,101266.0,-0.1,2.0,-0.1,-3.2,6.6000000000000005,8.200000000000001,64.50000000000001,-18.3,-12.299999999999999,16
6044,101281.0,0.0,2.0,-0.30000000000000004,-2.9000000000000004,6.7,7.9,50.60000000000001,-26.200000000000003,-8.0,16
6045,101298.0,0.2,1.9000000000000001,-0.30000000000000004,-2.7,6.6000000000000005,8.0,17.7,-46.9,-0.6000000000000001,16
6046,101314.0,0.5,1.6,0.2,-2.2,6.4,8.5,-12.100000000000001,-65.89999999999999,7.400000000000001,16
6047,101331.0,1.1,0.8,1.4000000000000001,-1.4000000000000001,5.5,9.8,-27.700000000000003,-77.20000000000002,13.399999999999999,16
6048,101348.0,1.3,0.5,1.8,-1.1,5.1000000000000005,10.3,-26.700000000000003,-83.2,14.400000000000002,16
6049,101364.0,1.6,0.1,1.5,-0.5,4.800000000000001,10.200000000000001,-13.6,-90.80000000000001,13.100000000000001,16
6050,101381.0,1.8,0.2,0.9,0.1,4.9,9.600000000000001,4.7,-81.60000000000001,9.0,16
6051,101398.0,1.8,0.30000000000000004,0.0,0.2,5.0,8.8,10.700000000000001,-73.8,5.300000000000001,16
6052,101414.0,1.5,0.4,-0.9,0.0,5.1000000000000005,7.800000000000001,8.0,-52.400000000000006,0.0,16
6053,101431.0,1.0,0.30000000000000004,-0.9,-0.30000000000000004,5.0,7.800000000000001,-2.1,-32.6,-2.2,16
6054,101448.0,0.9,0.2,-0.8,-0.4,4.9,7.9,-6.699999999999999,-24.7,-2.1,16
6055,101464.0,0.8,-0.4,0.4,-0.5,4.2,9.1,-14.400000000000002,-14.600000000000001,-2.7,16
6056,101481.0,0.7000000000000001,-1.0,1.2000000000000002,-0.5,3.6,10.0,-9.2,-19.9,-11.8,16
6057,101498.0,0.4,-1.2000000000000002,1.3,-0.8,3.4000000000000004,10.200000000000001,-3.9,-24.599999999999998,-18.900000000000002,16
6058,101514.0,-0.7000000000000001,-1.5,1.4000000000000001,-1.8,3.1,10.3,11.000000000000002,-32.7,-27.400000000000002,16
6059,101531.0,-1.3,-1.6,1.0,-2.4000000000000004,3.1,9.8,36.6,-29.500000000000004,-24.599999999999998,16
6060,101548.0,-1.2000000000000002,-1.6,0.2,-2.3000000000000003,3.2,9.0,49.699999999999996,-26.200000000000003,-21.0,16
6061,101568.0,-1.1,-1.5,-1.6,-2.2,3.4000000000000004,7.0,63.10000000000001,-21.200000000000003,-14.900000000000002,16
6062,101581.0,-1.2000000000000002,-1.3,-2.6,-2.2,3.7,5.9,51.0,-27.9,-8.2,16
6063,101598.0,-1.1,-1.2000000000000002,-2.6,-2.1,3.9000000000000004,5.9,42.7,-34.50000000000001,-4.1,16
6064,101614.0,-0.8,-1.0,-2.3000000000000003,-1.6,4.2,6.2,29.1,-44.10000000000001,2.8,16
6065,101631.0,-0.7000000000000001,-0.9,-1.8,-1.4000000000000001,4.4,6.6000000000000005,21.500000000000004,-42.60000000000001,6.600000000000001,16
6066,101648.0,-0.6000000000000001,-0.7000000000000001,-1.6,-1.2000000000000002,4.5,6.800000000000001,18.5,-35.8,8.5,16
6067,101665.0,-0.5,-0.7000000000000001,-1.0,-1.1,4.6000000000000005,7.4,15.5,-13.100000000000001,10.9,16
6068,101681.0,-0.5,-0.6000000000000001,-0.7000000000000001,-1.1,4.800000000000001,7.6000000000000005,16.1,10.8,10.600000000000001,16
6069,101698.0,-0.6000000000000001,-0.6000000000000001,-0.6000000000000001,-1.2000000000000002,4.800000000000001,7.7,15.899999999999999,19.0,9.8,16
6070,101714.0,-0.9,-0.8,-0.1,-1.5,4.7,8.200000000000001,16.8,22.9,7.0,16
6071,101731.0,-1.2000000000000002,-0.8,0.0,-1.9000000000000001,4.7,8.3,24.3,12.4,6.2,16
6072,101748.0,-1.2000000000000002,-0.8,-0.30000000000000004,-1.9000000000000001,4.7,7.9,29.400000000000002,4.5,7.200000000000001,16
6073,101764.0,-1.0,-1.0,-1.1,-1.7000000000000002,4.6000000000000005,7.0,34.1,-2.0,9.100000000000001,16
6074,101781.0,-0.7000000000000001,-1.2000000000000002,-1.5,-1.4000000000000001,4.5,6.5,31.7,5.9,8.100000000000001,16
6075,101798.0,-0.30000000000000004,-1.2000000000000002,-1.4000000000000001,-1.0,4.6000000000000005,6.6000000000000005,28.600000000000005,13.5,6.2,16
6076,101814.0,0.1,-1.2000000000000002,-0.5,-0.6000000000000001,4.6000000000000005,7.4,24.900000000000002,35.5,-0.5,16
6077,101832.0,0.30000000000000004,-1.1,0.5,-0.6000000000000001,4.7,8.3,28.900000000000002,63.8,-12.7,16
6078,101848.0,-0.30000000000000004,-1.1,0.8,-1.3,4.800000000000001,8.6,32.6,78.60000000000001,-19.300000000000004,16
6079,101866.0,-1.2000000000000002,-0.9,0.30000000000000004,-2.6,5.1000000000000005,8.0,35.599999999999994,103.10000000000001,-20.7,16
6080,101881.0,-1.5,-0.7000000000000001,-0.2,-3.3000000000000003,5.4,7.4,27.3,110.0,-17.5,16
6081,101897.0,-1.5,-0.5,-0.4,-3.6,5.4,7.1000000000000005,-7.400000000000001,102.89999999999999,-8.700000000000001,16
6082,101914.0,-1.7000000000000002,-0.8,0.1,-3.8000000000000003,5.1000000000000005,7.7,-60.7,67.60000000000001,0.30000000000000004,16
6083,101931.0,-1.9000000000000001,-1.1,2.7,-4.1000000000000005,4.5,10.5,-105.60000000000002,25.5,7.500000000000001,16
6084,101948.0,-1.7000000000000002,-1.4000000000000001,4.2,-3.9000000000000004,4.1000000000000005,12.100000000000001,-111.10000000000002,8.700000000000001,9.899999999999999,16
6085,101967.0,-1.1,-1.6,5.5,-3.3000000000000003,3.6,13.700000000000001,-81.90000000000002,-5.8,9.4,16
6086,101982.0,-0.6000000000000001,-1.7000000000000002,3.5,-2.8000000000000003,3.4000000000000004,11.700000000000001,-22.2,6.699999999999999,2.2,16
6087,101998.0,-0.4,-1.5,1.4000000000000001,-2.5,3.8000000000000003,7.800000000000001,2.1,17.5,-0.7,16
6088,102014.0,-0.2,-1.2000000000000002,-1.9000000000000001,-2.5,3.9000000000000004,6.300000000000001,16.900000000000002,36.2,-3.4,16
6089,102031.0,0.0,-1.1,-3.5,-2.4000000000000004,4.0,4.6000000000000005,3.1,43.900000000000006,-0.30000000000000004,16
6090,102048.0,0.2,-1.0,-3.8000000000000003,-2.1,4.1000000000000005,4.2,-8.100000000000001,43.800000000000004,2.1,16
6091,102065.0,0.6000000000000001,-0.9,-3.5,-2.0,4.2,4.6000000000000005,-31.9,36.8,5.0,16
6092,102081.0,1.2000000000000002,0.4,-3.7,-1.5,5.300000000000001,4.4,-51.300000000000004,25.5,5.2,16
6093,102098.0,0.7000000000000001,-0.4,-3.8000000000000003,-2.8000000000000003,3.5,4.9,-63.0,13.100000000000001,0.0,16
6094,102114.0,-0.30000000000000004,-0.9,-2.1,-3.0,3.7,6.1000000000000005,-84.4,2.9,10.9,16
6095,102131.0,-0.2,-0.5,-0.2,-2.8000000000000003,3.9000000000000004,8.200000000000001,-70.6,0.6000000000000001,25.0,16
6096,102148.0,0.4,-0.30000000000000004,0.1,-1.6,4.2,8.4,-52.900000000000006,9.4,32.1,16
6097,102165.0,1.4000000000000001,0.30000000000000004,-0.30000000000000004,-1.3,4.5,8.1,-14.800000000000002,32.7,39.8,16
6098,102181.0,1.7000000000000002,0.7000000000000001,-1.9000000000000001,-1.0,5.0,6.4,3.6000000000000005,38.2,37.300000000000004,16
6099,102198.0,1.6,1.5,-2.1,-1.1,5.9,6.2,-0.6000000000000001,29.700000000000006,35.699999999999996,16
6100,102214.0,1.6,1.9000000000000001,-1.8,-1.2000000000000002,6.300000000000001,6.5,-5.300000000000001,27.400000000000002,36.400000000000006,16
6101,102231.0,1.4000000000000001,2.1,-1.6,-1.6,6.5,5.5,-13.5,30.4,42.1,16
6102,102248.0,1.4000000000000001,2.3000000000000003,-3.3000000000000003,-1.3,6.7,4.9,-24.0,17.300000000000004,44.9,16
6103,102264.0,1.3,2.4000000000000004,-1.1,-1.4000000000000001,6.7,7.2,-58.60000000000001,10.8,40.4,16
6104,102281.0,1.1,2.0,0.5,-1.5,6.2,8.9,-57.3,13.700000000000001,39.699999999999996,16
6105,102298.0,1.1,1.7000000000000002,1.6,-1.5,5.800000000000001,10.0,-45.6,11.1,33.400000000000006,16
6106,102314.0,1.2000000000000002,1.7000000000000002,2.2,-1.4000000000000001,5.800000000000001,10.600000000000001,-36.0,2.8,29.200000000000003,16
6107,102331.0,1.4000000000000001,2.1,2.1,-1.2000000000000002,6.2,10.700000000000001,-13.200000000000003,-16.8,14.5,16
6108,102348.0,0.7000000000000001,2.3000000000000003,1.5,-1.8,6.300000000000001,10.100000000000001,-2.9,-21.900000000000002,2.6,16
6109,102368.0,0.2,2.0,1.7000000000000002,-2.2,6.1000000000000005,10.3,-4.4,-9.2,-3.1,16
6110,102381.0,0.1,1.9000000000000001,2.0,-2.3000000000000003,5.9,10.600000000000001,-7.200000000000001,-1.6,-5.1000000000000005,16
6111,102398.0,0.0,1.8,2.5,-2.5,5.6000000000000005,11.700000000000001,-10.200000000000001,1.5,-6.9,16
6112,102414.0,0.0,1.5,3.4000000000000004,-2.4000000000000004,5.5,12.0,-9.2,-11.3,-9.100000000000001,16
6113,102431.0,0.5,1.9000000000000001,2.6,-1.8,5.9,11.4,0.2,-44.6,-9.4,16
6114,102448.0,0.8,2.3000000000000003,1.7000000000000002,-1.3,6.300000000000001,10.5,-9.700000000000001,-63.900000000000006,-9.3,16
6115,102466.0,0.7000000000000001,2.3000000000000003,1.7000000000000002,-1.3,6.300000000000001,10.5,-21.0,-64.4,-8.899999999999999,16
6116,102482.0,0.7000000000000001,2.3000000000000003,2.9000000000000004,-1.2000000000000002,6.2,11.9,-43.2,-54.199999999999996,-4.9,16
6117,102498.0,1.4000000000000001,1.3,5.300000000000001,-0.4,5.1000000000000005,14.3,-42.60000000000001,-39.0,-3.9,16
6118,102514.0,1.8,0.8,6.1000000000000005,0.2,4.5,15.200000000000001,-27.3,-37.0,-9.600000000000001,16
6119,102531.0,2.1,0.30000000000000004,5.2,0.6000000000000001,4.0,14.4,22.1,-40.6,-30.699999999999996,16
6120,102548.0,1.9000000000000001,0.4,1.7000000000000002,0.5,4.3,10.9,57.3,-43.900000000000006,-50.2,16
6121,102564.0,1.6,0.5,0.2,0.2,4.5,9.4,59.80000000000001,-41.4,-55.3,16
6122,102581.0,1.4000000000000001,0.6000000000000001,-0.8,0.0,4.7,8.200000000000001,39.599999999999994,-28.3,-57.49999999999999,16
6123,102598.0,1.3,0.30000000000000004,0.8,-0.1,4.4,9.9,20.7,-5.6,-56.0,16
6124,102614.0,1.2000000000000002,-0.1,1.4000000000000001,-0.30000000000000004,4.0,10.4,22.1,1.2000000000000002,-56.2,16
6125,102631.0,0.9,-0.6000000000000001,1.0,-0.7000000000000001,3.6,10.0,31.5,-4.2,-58.5,16
6126,102648.0,0.0,-1.2000000000000002,0.30000000000000004,-1.6,3.1,9.3,35.3,-22.9,-59.699999999999996,16
6127,102664.0,-0.4,-1.3,0.1,-1.9000000000000001,3.0,9.1,37.300000000000004,-34.60000000000001,-57.800000000000004,16
6128,102681.0,-0.8,-1.7000000000000002,-0.30000000000000004,-2.3000000000000003,2.7,8.700000000000001,46.1,-52.2,-50.3,16
6129,102698.0,-1.0,-2.1,-1.1,-2.3000000000000003,2.4000000000000004,7.7,57.20000000000001,-61.10000000000001,-43.4,16
6130,102716.0,-0.8,-2.3000000000000003,-2.4000000000000004,-2.1,2.4000000000000004,6.4,62.800000000000004,-67.10000000000001,-38.7,16
6131,102731.0,-0.8,-2.4000000000000004,-3.1,-2.0,2.4000000000000004,5.7,61.50000000000001,-68.5,-37.1,16
6132,102748.0,-0.6000000000000001,-2.2,-3.6,-1.6,2.7,5.0,51.1,-69.5,-34.50000000000001,16
6133,102765.0,-0.4,-2.1,-3.4000000000000004,-1.2000000000000002,2.9000000000000004,5.4,45.7,-65.5,-34.2,16
6134,102781.0,-0.30000000000000004,-2.1,-2.8000000000000003,-1.1,3.0,5.7,39.8,-47.900000000000006,-33.6,16
6135,102798.0,0.30000000000000004,-1.9000000000000001,-1.8,-0.6000000000000001,3.3000000000000003,6.6000000000000005,40.6,-19.300000000000004,-33.9,16
6136,102814.0,0.4,-1.9000000000000001,-1.3,-0.6000000000000001,3.3000000000000003,7.1000000000000005,46.0,19.9,-37.6,16
6137,102831.0,0.0,-1.9000000000000001,-1.0,-1.0,3.4000000000000004,7.300000000000001,47.900000000000006,38.50000000000001,-38.60000000000001,16
6138,102847.0,-0.6000000000000001,-1.5,-0.4,-1.9000000000000001,3.9000000000000004,7.800000000000001,48.6,66.9,-35.699999999999996,16
6139,102864.0,-0.9,-1.4000000000000001,-0.1,-2.3000000000000003,4.0,8.0,46.800000000000004,75.8,-31.7,16
6140,102881.0,-1.3,-1.5,0.30000000000000004,-3.0,4.0,8.3,41.199999999999996,75.2,-21.7,16
6141,102898.0,-1.4000000000000001,-1.7000000000000002,1.0,-3.3000000000000003,3.9000000000000004,8.9,36.5,56.50000000000001,-12.9,16
6142,102914.0,-1.4000000000000001,-2.0,0.9,-3.5,3.7,8.700000000000001,43.00000000000001,31.400000000000002,-6.0,16
6143,102931.0,-1.3,-2.1,0.30000000000000004,-3.3000000000000003,3.7,8.0,47.400000000000006,20.7,-2.8,16
6144,102948.0,-0.8,-2.0,-1.1,-2.9000000000000004,3.9000000000000004,6.5,46.1,7.699999999999999,0.2,16
6145,102964.0,-0.5,-1.6,-1.9000000000000001,-2.6,4.4,5.6000000000000005,29.900000000000006,3.6000000000000005,0.9000000000000001,16
6146,102981.0,-0.30000000000000004,-1.2000000000000002,-2.0,-2.4000000000000004,4.7,5.5,19.700000000000003,2.8,0.30000000000000004,16
6147,102998.0,-0.5,-1.0,-1.5,-2.6,5.0,5.9,0.5,8.100000000000001,-4.6,16
6148,103014.0,-0.7000000000000001,-0.6000000000000001,-1.5,-2.9000000000000004,5.300000000000001,6.0,-17.0,19.300000000000004,-9.100000000000001,16
6149,103031.0,-1.1,-0.4,-1.6,-3.3000000000000003,5.5,5.9,-29.400000000000002,24.8,-10.4,16
6150,103048.0,-2.3000000000000003,0.1,-1.6,-4.7,5.9,6.0,-68.9,34.300000000000004,-3.6000000000000005,16
6151,103066.0,-3.0,0.2,0.6000000000000001,-5.5,5.6000000000000005,8.3,-124.90000000000002,45.400000000000006,15.6,16
6152,103081.0,-2.9000000000000004,-0.4,2.6,-5.5,4.9,10.5,-146.3,46.9,25.0,16
6153,103097.0,-1.9000000000000001,-1.5,6.7,-4.5,3.4000000000000004,14.9,-147.1,31.099999999999998,38.800000000000004,16
6154,103114.0,-0.5,-2.0,7.300000000000001,-3.1,2.5,15.600000000000001,-93.00000000000001,-4.5,33.300000000000004,16
6155,103131.0,-0.1,-2.0,6.2,-2.6,2.5,14.600000000000001,-60.8,-20.8,21.7,16
6156,103148.0,0.0,-1.1,2.7,-2.4000000000000004,3.3000000000000003,11.3,-10.299999999999999,-25.5,1.4,16
6157,103164.0,-0.4,-0.9,-0.5,-2.8000000000000003,3.6,8.0,11.000000000000002,-2.4000000000000004,-7.0,16
6158,103181.0,-0.5,-0.8,-1.7000000000000002,-2.9000000000000004,3.7,6.800000000000001,9.700000000000001,9.600000000000001,-7.500000000000001,16
6159,103198.0,-0.5,-0.6000000000000001,-3.0,-3.1,3.8000000000000003,5.5,-8.0,25.8,-2.5,16
6160,103214.0,-0.4,-0.8,-3.3000000000000003,-3.0,3.5,5.2,-31.9,29.300000000000004,9.2,16
6161,103232.0,-0.30000000000000004,-1.0,-3.2,-2.7,3.1,5.5,-43.50000000000001,25.200000000000003,15.6,16
6162,103248.0,0.2,-1.1,-2.7,-2.5,3.0,5.800000000000001,-61.50000000000001,12.7,24.400000000000002,16
6163,103264.0,0.7000000000000001,-1.0,-1.5,-2.0,2.9000000000000004,7.1000000000000005,-64.9,5.300000000000001,28.1,16
6164,103281.0,0.7000000000000001,-1.0,-1.1,-1.9000000000000001,2.9000000000000004,7.5,-57.699999999999996,4.1,26.9,16
6165,103298.0,0.8,-0.7000000000000001,-1.4000000000000001,-1.8,3.1,7.300000000000001,-35.4,8.899999999999999,23.6,16
6166,103314.0,0.7000000000000001,-0.2,-1.9000000000000001,-1.9000000000000001,3.6,6.800000000000001,-20.400000000000002,21.200000000000003,21.8,16
6167,103331.0,0.6000000000000001,0.1,-2.0,-2.1,3.8000000000000003,6.6000000000000005,-15.8,28.500000000000004,22.6,16
6168,103349.0,0.7000000000000001,0.5,-2.4000000000000004,-2.0,4.2,6.2,-12.5,32.400000000000006,29.200000000000003,16
6169,103372.0,1.1,1.4000000000000001,-2.5,-1.6,5.5,6.300000000000001,-24.599999999999998,24.1,33.2,16
6170,103381.0,1.1,1.9000000000000001,-2.3000000000000003,-1.6,5.5,6.300000000000001,-34.0,18.200000000000003,33.1,16
6171,103397.0,1.0,2.5,-1.1,-1.7000000000000002,6.0,7.5,-53.400000000000006,9.700000000000001,34.7,16
6172,103414.0,0.4,2.4000000000000004,0.7000000000000001,-2.3000000000000003,5.800000000000001,9.4,-67.00000000000001,9.0,38.300000000000004,16
6173,103431.0,0.4,2.5,1.5,-2.1,5.800000000000001,11.200000000000001,-68.9,8.3,40.1,16
6174,103448.0,0.9,2.3000000000000003,3.4000000000000004,-1.8,5.5,12.3,-58.900000000000006,1.6,40.1,16
6175,103465.0,1.6,2.4000000000000004,4.1000000000000005,-1.0,5.6000000000000005,13.0,-28.700000000000003,-12.7,31.7,16
6176,103481.0,1.7000000000000002,2.5,3.7,-0.6000000000000001,5.7,12.100000000000001,-13.200000000000003,-24.400000000000002,24.400000000000002,16
6177,103498.0,1.8,2.8000000000000003,2.5,-0.5,6.0,11.5,4.800000000000001,-47.0,9.700000000000001,16
6178,103514.0,1.4000000000000001,3.0,1.8,-0.7000000000000001,6.2,10.9,8.3,-59.699999999999996,0.1,16
6179,103531.0,1.2000000000000002,2.6,2.5,-0.7000000000000001,5.800000000000001,11.600000000000001,6.8,-58.1,-2.0,16
6180,103547.0,1.2000000000000002,2.3000000000000003,2.8000000000000003,-0.7000000000000001,5.6000000000000005,11.9,10.299999999999999,-46.50000000000001,-7.8,16
6181,103564.0,1.3,2.0,3.2,-0.4,5.4,12.4,21.300000000000004,-40.300000000000004,-15.2,16
6182,103582.0,1.7000000000000002,1.9000000000000001,2.7,0.1,5.4,11.9,41.4,-41.199999999999996,-23.2,16
6183,103598.0,1.9000000000000001,1.8,2.0,0.30000000000000004,5.4,11.200000000000001,48.2,-41.199999999999996,-25.7,16
6184,103614.0,2.2,1.7000000000000002,0.8,0.7000000000000001,5.4,10.0,43.4,-39.400000000000006,-32.6,16
6185,103631.0,2.6,1.7000000000000002,0.5,1.3,5.5,9.600000000000001,29.700000000000006,-28.700000000000003,-38.800000000000004,16
6186,103648.0,2.8000000000000003,1.6,0.7000000000000001,1.5,5.4,9.8,22.1,-20.8,-42.7,16
6187,103664.0,2.5,1.1,1.2000000000000002,1.1,4.9,10.3,9.600000000000001,-9.0,-50.7,16
6188,103681.0,2.3000000000000003,0.4,1.8,0.9,4.2,11.0,-0.7,-14.600000000000001,-54.50000000000001,16
6189,103697.0,2.3000000000000003,0.1,2.1,0.9,4.0,11.3,-1.4,-22.700000000000003,-56.10000000000001,16
6190,103714.0,2.3000000000000003,-0.30000000000000004,2.0,1.0,3.5,11.200000000000001,6.600000000000001,-40.4,-61.0,16
6191,103731.0,2.3000000000000003,-0.6000000000000001,1.1,1.1,3.3000000000000003,10.200000000000001,14.400000000000002,-51.50000000000001,-65.4,16
6192,103748.0,2.0,-0.6000000000000001,0.7000000000000001,0.8,3.2,9.9,14.700000000000001,-54.800000000000004,-67.2,16
6193,103764.0,1.6,-0.6000000000000001,0.2,0.5,3.2,9.4,9.700000000000001,-57.400000000000006,-67.4,16
6194,103781.0,1.3,-0.8,0.2,0.4,3.0,9.4,2.4000000000000004,-57.49999999999999,-65.5,16
6195,103797.0,1.5,-0.9,0.7000000000000001,0.6000000000000001,2.9000000000000004,10.0,1.3,-54.4,-65.5,16
6196,103814.0,1.5,-1.7000000000000002,2.0,0.6000000000000001,2.1,11.200000000000001,15.700000000000001,-41.50000000000001,-73.10000000000001,16
6197,103832.0,1.1,-2.2,1.7000000000000002,0.30000000000000004,1.7000000000000002,10.9,47.3,-29.1,-87.50000000000001,16
6198,103848.0,0.8,-2.4000000000000004,1.2000000000000002,-0.1,1.5,10.4,62.800000000000004,-22.700000000000003,-95.60000000000002,16
6199,103864.0,-0.30000000000000004,-2.6,-0.2,-1.3,1.5,8.9,90.19999999999999,-14.100000000000001,-105.10000000000001,16
6200,103881.0,-0.8,-2.4000000000000004,-1.9000000000000001,-1.9000000000000001,2.0,7.0,103.89999999999999,-7.300000000000001,-101.7,16
6201,103897.0,-0.9,-2.2,-2.6,-2.0,2.3000000000000003,6.2,101.7,-6.2,-96.60000000000001,16
6202,103914.0,-0.8,-1.9000000000000001,-3.0,-2.1,2.9000000000000004,5.7,83.5,-6.9,-85.20000000000002,16
6203,103931.0,-1.0,-1.7000000000000002,-2.2,-2.4000000000000004,3.2,6.4,61.10000000000001,-9.899999999999999,-70.0,16
6204,103948.0,-0.8,-1.7000000000000002,-1.4000000000000001,-2.3000000000000003,3.3000000000000003,7.1000000000000005,53.10000000000001,-12.4,-62.4,16
6205,103971.0,-0.5,-1.8,-0.2,-2.1,3.3000000000000003,8.200000000000001,50.3,-19.6,-43.1,16
6206,103981.0,-0.5,-1.8,-0.2,-2.0,3.3000000000000003,8.1,51.50000000000001,-20.3,-39.0,16
6207,103997.0,-0.5,-1.8,-0.2,-2.1,3.4000000000000004,8.0,52.00000000000001,-19.400000000000002,-36.2,16
6208,104014.0,-1.0,-1.7000000000000002,-0.30000000000000004,-2.5,3.7,7.800000000000001,52.2,-12.299999999999999,-29.600000000000005,16
6209,104031.0,-1.2000000000000002,-1.9000000000000001,-1.1,-2.8000000000000003,3.6,7.0,51.800000000000004,-6.0,-19.799999999999997,16
6210,104048.0,-1.4000000000000001,-1.9000000000000001,-1.3,-3.0,3.7,6.7,46.9,-3.1,-14.700000000000001,16
6211,104064.0,-1.5,-1.9000000000000001,-1.4000000000000001,-3.1,3.7,6.6000000000000005,34.400000000000006,-0.9000000000000001,-5.2,16
6212,104081.0,-1.6,-2.1,-1.1,-3.2,3.6,6.800000000000001,25.5,0.30000000000000004,3.4,16
6213,104097.0,-1.6,-2.2,-1.0,-3.2,3.5,6.7,24.200000000000003,-0.6000000000000001,7.1000000000000005,16
6214,104114.0,-1.4000000000000001,-2.3000000000000003,-1.3,-3.0,3.5,6.4,23.2,-4.5,14.300000000000002,16
6215,104131.0,-0.9,-1.9000000000000001,-2.1,-2.5,3.9000000000000004,5.6000000000000005,18.0,-13.900000000000002,19.1,16
6216,104147.0,-0.7000000000000001,-1.7000000000000002,-2.4000000000000004,-2.2,4.2,5.300000000000001,11.900000000000002,-18.3,20.8,16
6217,104166.0,-0.4,-0.9,-2.6,-1.8,4.9,5.1000000000000005,-6.300000000000001,-26.799999999999997,21.7,16
6218,104181.0,-0.6000000000000001,-0.7000000000000001,-2.0,-1.9000000000000001,5.1000000000000005,5.800000000000001,-27.400000000000002,-26.6,17.799999999999997,16
6219,104197.0,-1.0,-0.6000000000000001,-1.6,-2.6,5.2,6.5,-38.50000000000001,-16.6,16.1,16
6220,104214.0,-1.8,-0.30000000000000004,-0.9,-3.1,5.2,7.0,-70.10000000000001,21.900000000000002,14.900000000000002,16
6221,104231.0,-2.8000000000000003,-0.1,1.0,-4.2,5.1000000000000005,9.1,-110.4,55.1,20.3,16
6222,104248.0,-3.1,-0.4,2.4000000000000004,-4.7,4.2,12.200000000000001,-125.60000000000001,61.199999999999996,25.7,16
6223,104265.0,-2.9000000000000004,-0.9,5.300000000000001,-4.5,3.8000000000000003,13.700000000000001,-136.7,46.199999999999996,33.0,16
6224,104281.0,-2.4000000000000004,-1.0,7.2,-4.1000000000000005,3.3000000000000003,15.9,-118.3,1.4,28.1,16
6225,104297.0,-2.2,-0.9,7.1000000000000005,-3.3000000000000003,3.5,15.100000000000001,-70.7,-39.300000000000004,21.400000000000002,16
6226,104314.0,-1.4000000000000001,-0.5,4.800000000000001,-2.8000000000000003,3.6,13.700000000000001,-45.400000000000006,-48.0,18.1,16
6227,104331.0,-0.7000000000000001,-0.4,1.5,-2.0,3.6,10.5,-7.0,-43.70000000000001,8.3,16
6228,104347.0,-0.6000000000000001,-0.2,-0.9,-1.8,3.8000000000000003,8.1,7.1000000000000005,-20.0,-3.5,16
6229,104366.0,-0.8,-0.2,-1.6,-2.0,3.8000000000000003,7.300000000000001,8.0,-5.8,-8.2,16
6230,104382.0,-1.1,-0.30000000000000004,-2.4000000000000004,-2.4000000000000004,3.8000000000000003,6.5,4.9,17.9,-11.000000000000002,16
6231,104398.0,-1.1,-0.30000000000000004,-2.8000000000000003,-2.5,3.7,6.1000000000000005,0.0,30.599999999999998,-6.500000000000001,16
6232,104414.0,-1.0,-0.30000000000000004,-2.9000000000000004,-2.4000000000000004,3.7,6.0,-3.6000000000000005,36.0,-3.0,16
6233,104432.0,-0.6000000000000001,-0.6000000000000001,-3.0,-2.1,3.4000000000000004,5.9,-12.5,41.900000000000006,5.300000000000001,16
6234,104447.0,-0.1,-0.8,-2.8000000000000003,-1.8,3.1,6.1000000000000005,-16.4,39.1,11.900000000000002,16
6235,104468.0,0.4,-0.8,-2.6,-1.3,3.1,6.2,-15.5,35.4,15.700000000000001,16
6236,104481.0,0.7000000000000001,-0.8,-2.6,-1.1,3.1,6.2,-13.000000000000002,34.800000000000004,17.0,16
6237,104498.0,1.0,-0.4,-2.9000000000000004,-0.8,3.4000000000000004,5.9,-9.2,40.4,18.3,16
6238,104514.0,1.0,-0.2,-3.0,-0.9,3.7,5.7,-9.2,44.6,18.8,16
6239,104531.0,1.0,0.7000000000000001,-3.0,-1.0,4.6000000000000005,5.7,-16.1,51.70000000000001,21.8,16
6240,104547.0,1.1,1.1,-2.6,-1.0,5.1000000000000005,6.5,-22.4,53.400000000000006,23.900000000000006,16
6241,104566.0,1.2000000000000002,1.4000000000000001,-1.7000000000000002,-1.1,5.2,6.9,-36.6,49.50000000000001,26.5,16
6242,104581.0,0.7000000000000001,1.8,0.0,-1.6,5.4,8.700000000000001,-47.1,40.7,28.600000000000005,16
6243,104598.0,0.2,2.0,1.7000000000000002,-2.2,5.5,10.4,-43.50000000000001,38.7,34.50000000000001,16
6244,104614.0,0.1,2.0,2.3000000000000003,-2.3000000000000003,5.5,11.0,-37.0,39.0,37.0,16
6245,104631.0,0.1,2.0,2.7,-2.4000000000000004,5.5,11.4,-18.8,36.8,39.699999999999996,16
6246,104647.0,0.2,2.1,2.0,-2.3000000000000003,5.6000000000000005,10.8,-1.6,24.3,36.9,16
6247,104664.0,0.1,2.1,0.7000000000000001,-2.4000000000000004,5.6000000000000005,9.5,2.2,5.500000000000001,34.900000000000006,16
6248,104684.0,0.7000000000000001,2.8000000000000003,1.9000000000000001,-1.7000000000000002,6.4,10.700000000000001,-8.899999999999999,-20.7,26.1,16
6249,104697.0,-0.4,2.2,2.5,-2.7,5.800000000000001,11.4,3.4,-11.900000000000002,18.8,16
6250,104714.0,-0.5,2.1,2.3000000000000003,-2.9000000000000004,5.800000000000001,11.100000000000001,12.9,-3.9,20.8,16
6251,104731.0,-0.4,2.2,1.8,-2.7,5.9,10.700000000000001,25.1,9.3,20.400000000000002,16
6252,104747.0,-0.2,2.1,2.1,-2.5,5.9,10.9,34.900000000000006,23.800000000000004,19.6,16
6253,104764.0,0.1,2.0,1.8,-2.3000000000000003,5.9,10.600000000000001,44.5,28.900000000000002,21.400000000000002,16
6254,104781.0,0.9,2.3000000000000003,0.30000000000000004,-1.5,6.4,9.0,52.5,30.699999999999996,25.900000000000002,16
6255,104797.0,0.9,2.3000000000000003,-2.1,-1.5,6.6000000000000005,6.5,32.0,7.400000000000001,22.5,16
6256,104814.0,1.2000000000000002,2.5,-3.4000000000000004,-1.2000000000000002,6.800000000000001,5.2,5.4,-20.2,22.700000000000003,16
6257,104831.0,1.4000000000000001,2.4000000000000004,-1.3,-0.8,6.6000000000000005,7.300000000000001,-69.5,-63.0,17.400000000000002,16
6258,104847.0,1.4000000000000001,1.3,3.2,-0.5,5.2,12.0,-95.20000000000002,-70.3,18.8,16
6259,104866.0,1.8,0.9,4.4,0.0,4.7,13.4,-82.39999999999999,-61.9,19.300000000000004,16
6260,104883.0,2.7,0.8,4.1000000000000005,1.1,4.5,13.200000000000001,-40.1,-43.1,10.0,16
6261,104897.0,2.8000000000000003,0.7000000000000001,3.0,1.3,4.4,12.200000000000001,-14.5,-35.0,-7.699999999999999,16
6262,104914.0,2.4000000000000004,0.7000000000000001,2.6,0.30000000000000004,4.4,11.5,-10.0,-29.900000000000006,-16.8,16
6263,104931.0,0.8,0.8,2.4000000000000004,-0.6000000000000001,4.3,11.700000000000001,-18.6,-16.8,-29.500000000000004,16
6264,104948.0,-0.4,0.5,3.4000000000000004,-1.9000000000000001,4.0,12.700000000000001,-23.5,-8.700000000000001,-26.300000000000004,16
6265,104965.0,-0.2,-0.1,2.9000000000000004,-1.6,3.4000000000000004,12.3,-18.4,-7.500000000000001,-21.300000000000004,16
6266,104981.0,0.1,-0.5,2.9000000000000004,-1.3,2.9000000000000004,12.3,-4.4,-20.400000000000002,-19.200000000000003,16
6267,104998.0,0.2,-1.1,2.5,-1.1,2.4000000000000004,11.9,25.5,-39.300000000000004,-30.4,16
6268,105014.0,0.0,-1.3,1.7000000000000002,-1.2000000000000002,2.2,11.0,45.0,-45.099999999999994,-37.7,16
6269,105031.0,-0.6000000000000001,-1.8,-0.5,-1.7000000000000002,1.9000000000000001,8.8,76.60000000000001,-45.0,-52.80000000000001,16
6270,105047.0,-1.5,-2.2,-1.7000000000000002,-2.7,1.8,7.5,89.6,-25.7,-61.10000000000001,16
6271,105065.0,-1.2000000000000002,-2.3000000000000003,-2.5,-2.4000000000000004,1.8,6.5,99.2,-9.2,-58.60000000000001,16
6272,105081.0,-1.0,-2.5,-2.9000000000000004,-2.2,1.8,6.0,102.3,-3.7000000000000006,-58.5,16
6273,105097.0,-1.0,-2.5,-3.7,-2.4000000000000004,2.1,5.0,99.30000000000001,5.4,-58.800000000000004,16
6274,105114.0,-1.1,-2.2,-4.0,-2.8000000000000003,2.9000000000000004,4.6000000000000005,93.49999999999999,7.300000000000001,-57.400000000000006,16
6275,105131.0,-1.3,-1.6,-3.5,-2.8000000000000003,3.4000000000000004,5.0,73.9,17.5,-47.0,16
6276,105151.0,-1.1,-1.3,-2.0,-2.8000000000000003,3.7,6.300000000000001,57.3,37.6,-30.4,16
6277,105174.0,-0.7000000000000001,-1.3,-1.3,-2.6,4.1000000000000005,7.300000000000001,50.8,61.50000000000001,-17.1,16
6278,105181.0,-0.6000000000000001,-1.1,-0.8,-2.6,4.1000000000000005,7.300000000000001,45.099999999999994,72.4,-13.100000000000001,16
6279,105198.0,-0.9,-1.2000000000000002,0.1,-3.1,4.1000000000000005,8.1,35.2,77.1,-8.3,16
6280,105214.0,-1.1,-1.3,0.7000000000000001,-3.6,4.1000000000000005,8.6,30.699999999999996,61.39999999999999,-4.1,16
6281,105231.0,-1.3,-1.5,0.9,-3.8000000000000003,4.0,8.700000000000001,29.300000000000004,50.60000000000001,-3.2,16
6282,105247.0,-1.6,-1.6,0.7000000000000001,-4.3,3.9000000000000004,8.5,32.5,28.1,0.30000000000000004,16
6283,105264.0,-1.6,-1.5,-0.1,-4.4,4.1000000000000005,7.6000000000000005,38.1,12.5,7.300000000000001,16
6284,105281.0,-1.6,-1.5,-0.1,-4.2,4.2,6.9,39.599999999999994,8.4,11.000000000000002,16
6285,105297.0,-0.9,-1.4000000000000001,-2.1,-3.6,4.4,5.5,35.599999999999994,7.9,17.0,16
6286,105314.0,-0.30000000000000004,-0.8,-2.7,-3.0,5.0,4.7,19.400000000000002,14.600000000000001,20.3,16
6287,105331.0,-0.30000000000000004,-0.7000000000000001,-2.7,-3.0,5.1000000000000005,4.800000000000001,8.600000000000001,20.5,20.7,16
6288,105348.0,-0.4,-0.2,-2.1,-3.2,5.7,5.300000000000001,-14.200000000000001,34.0,18.900000000000002,16
6289,105364.0,-0.6000000000000001,0.2,-0.9,-3.4000000000000004,6.0,6.5,-31.0,44.5,12.100000000000001,16
6290,105381.0,-0.7000000000000001,0.30000000000000004,-0.5,-3.6,6.1000000000000005,6.9,-36.300000000000004,49.4,10.8,16
6291,105397.0,-1.3,0.2,-0.2,-4.3,5.800000000000001,7.2,-49.1,51.50000000000001,11.4,16
6292,105414.0,-2.0,0.0,-0.2,-5.1000000000000005,5.5,7.300000000000001,-74.60000000000001,37.300000000000004,16.8,16
6293,105431.0,-2.3000000000000003,0.0,-0.1,-5.5,5.4,7.5,-92.10000000000001,26.6,23.5,16
6294,105451.0,-2.5,-0.30000000000000004,1.4000000000000001,-5.6000000000000005,4.800000000000001,9.200000000000001,-130.6,7.1000000000000005,43.1,16
6295,105469.0,-1.5,-1.0,3.5,-4.5,3.7,11.600000000000001,-141.6,-9.100000000000001,59.5,16
6296,105481.0,-0.8,-1.2000000000000002,3.9000000000000004,-3.8000000000000003,3.4000000000000004,12.200000000000001,-132.70000000000002,-16.1,61.8,16
6297,105497.0,0.30000000000000004,-0.7000000000000001,3.5,-2.6,3.7,11.9,-97.7,-23.5,56.400000000000006,16
6298,105514.0,0.8,-0.5,1.9000000000000001,-1.9000000000000001,3.6,10.5,-56.9,-18.3,47.7,16
6299,105531.0,0.9,-0.30000000000000004,0.8,-1.7000000000000002,3.8000000000000003,9.4,-39.599999999999994,-11.900000000000002,43.4,16
6300,105549.0,1.0,0.0,-1.3,-1.5,4.1000000000000005,7.4,-22.6,6.1000000000000005,36.5,16
6301,105564.0,1.0,0.2,-2.4000000000000004,-1.6,4.3,6.300000000000001,-29.400000000000002,23.2,33.400000000000006,16
6302,105581.0,0.8,0.2,-2.5,-1.8,4.2,6.2,-37.800000000000004,28.200000000000003,33.2,16
6303,105597.0,0.6000000000000001,0.2,-2.0,-2.0,4.0,6.6000000000000005,-53.599999999999994,30.000000000000004,35.599999999999994,16
6304,105614.0,0.7000000000000001,0.1,-1.6,-1.8,3.8000000000000003,7.6000000000000005,-57.20000000000001,21.900000000000002,38.50000000000001,16
6305,105631.0,0.8,0.1,-0.6000000000000001,-1.8,3.7,8.1,-52.00000000000001,17.200000000000003,38.7,16
6306,105647.0,0.7000000000000001,-0.1,-0.5,-1.9000000000000001,3.5,8.3,-30.1,8.0,39.699999999999996,16
6307,105665.0,0.6000000000000001,0.0,-1.2000000000000002,-2.0,3.6,7.6000000000000005,-7.699999999999999,2.7,43.6,16
6308,105681.0,0.7000000000000001,0.0,-1.7000000000000002,-1.8,3.7,7.1000000000000005,-0.2,1.4,46.6,16
6309,105697.0,1.5,0.1,-2.5,-0.9,3.7,6.300000000000001,6.4,-1.7,50.1,16
6310,105714.0,2.0,0.30000000000000004,-2.4000000000000004,-0.4,4.0,6.300000000000001,3.3000000000000007,-4.4,44.9,16
6311,105731.0,1.8,0.30000000000000004,-2.3000000000000003,-0.8,4.4,6.6000000000000005,0.0,-3.3000000000000007,40.6,16
6312,105749.0,1.3,0.9,-1.6,-1.0,4.7,7.1000000000000005,-8.5,5.500000000000001,36.5,16
6313,105772.0,0.8,1.0,-0.1,-1.5,4.800000000000001,9.200000000000001,-12.200000000000001,21.300000000000004,34.1,16
6314,105783.0,0.7000000000000001,1.0,0.9,-1.5,4.800000000000001,9.600000000000001,-7.9,23.0,31.2,16
6315,105797.0,0.6000000000000001,1.0,1.2000000000000002,-1.7000000000000002,4.800000000000001,9.9,-2.3,20.8,27.0,16
6316,105814.0,0.1,1.2000000000000002,1.0,-2.2,5.0,9.700000000000001,8.0,10.0,19.700000000000003,16
6317,105831.0,-0.5,1.2000000000000002,0.4,-2.8000000000000003,5.1000000000000005,9.1,11.000000000000002,-8.600000000000001,18.6,16
6318,105848.0,-0.8,1.3,-0.1,-3.0,5.2,8.6,7.9,-18.8,21.500000000000004,16
6319,105865.0,-0.8,1.4000000000000001,-0.7000000000000001,-2.9000000000000004,5.4,8.1,-12.4,-39.699999999999996,30.699999999999996,16
6320,105881.0,-0.1,1.3,0.8,-2.0,5.2,9.600000000000001,-40.9,-50.8,37.7,16
6321,105897.0,0.1,0.9,2.1,-1.6,4.7,10.9,-49.0,-47.900000000000006,37.2,16
6322,105914.0,0.7000000000000001,0.30000000000000004,3.6,-0.9,4.0,12.600000000000001,-39.8,-41.4,29.800000000000004,16
6323,105931.0,0.9,0.7000000000000001,2.5,-0.6000000000000001,4.3,11.5,-19.400000000000002,-49.50000000000001,13.8,16
6324,105948.0,0.5,0.7000000000000001,1.9000000000000001,-0.9,4.3,11.0,-19.0,-50.0,7.300000000000001,16
6325,105964.0,-0.1,0.9,2.3000000000000003,-1.4000000000000001,4.5,11.4,-25.300000000000004,-39.50000000000001,0.1,16
6326,105981.0,-0.6000000000000001,1.2000000000000002,2.3000000000000003,-1.8,4.6000000000000005,11.5,-26.400000000000006,-18.3,2.6,16
6327,105997.0,-0.6000000000000001,0.9,2.5,-1.7000000000000002,4.4,11.700000000000001,-27.3,-11.4,5.6,16
6328,106014.0,0.1,0.6000000000000001,2.2,-1.0,4.0,11.5,-20.2,-16.0,8.600000000000001,16
6329,106032.0,0.5,0.4,0.9,-0.4,3.7,10.3,-15.8,-36.400000000000006,6.500000000000001,16
6330,106047.0,0.4,0.30000000000000004,0.2,-0.5,3.6,9.600000000000001,-18.900000000000002,-45.8,6.2,16
6331,106064.0,0.30000000000000004,0.2,-0.30000000000000004,-0.4,3.3000000000000003,9.1,-36.6,-56.9,10.299999999999999,16
6332,106081.0,0.30000000000000004,-0.2,0.7000000000000001,-0.1,2.9000000000000004,10.200000000000001,-52.80000000000001,-51.6,17.7,16
6333,106098.0,0.6000000000000001,-0.30000000000000004,1.4000000000000001,0.2,2.6,10.9,-53.300000000000004,-45.0,20.599999999999998,16
6334,106114.0,1.1,-0.6000000000000001,2.3000000000000003,0.8,2.2,11.9,-40.1,-27.6,19.700000000000003,16
6335,106131.0,1.3,-0.9,2.0,1.1,1.8,11.700000000000001,-18.200000000000003,-17.7,9.5,16
6336,106147.0,1.1,-0.9,1.6,1.0,1.8,11.3,-8.5,-17.400000000000002,2.2,16
6337,106164.0,0.7000000000000001,-0.9,0.9,0.6000000000000001,1.7000000000000002,10.5,5.7,-17.5,-10.600000000000001,16
6338,106181.0,0.5,-1.1,0.1,0.4,1.7000000000000002,9.700000000000001,18.5,-13.000000000000002,-21.200000000000003,16
6339,106197.0,0.4,-1.1,-0.4,0.4,1.7000000000000002,9.3,23.6,-8.2,-26.5,16
6340,106214.0,0.2,-1.1,-0.9,0.2,1.8,8.700000000000001,36.2,2.4000000000000004,-37.0,16
6341,106231.0,0.1,-1.1,-1.3,0.0,1.8,8.3,45.099999999999994,8.3,-41.4,16
6342,106247.0,-0.2,-1.2000000000000002,-2.3000000000000003,-0.4,1.9000000000000001,7.2,56.6,17.9,-47.1,16
6343,106264.0,-0.2,-1.1,-2.8000000000000003,-0.5,2.2,6.6000000000000005,61.300000000000004,21.300000000000004,-48.2,16
6344,106281.0,-0.1,-1.0,-3.4000000000000004,-0.5,2.5,5.9,61.50000000000001,20.5,-46.4,16
6345,106297.0,0.0,-0.9,-3.6,-0.6000000000000001,2.7,5.6000000000000005,58.1,19.300000000000004,-44.00000000000001,16
6346,106314.0,0.2,-0.6000000000000001,-3.0,-0.5,3.1,6.2,43.6,18.200000000000003,-37.7,16
6347,106331.0,0.2,-0.6000000000000001,-1.3,-0.5,3.2,7.800000000000001,33.1,29.600000000000005,-30.9,16
6348,106347.0,0.2,-0.6000000000000001,-0.6000000000000001,-0.6000000000000001,3.2,8.4,31.7,37.1,-27.6,16
6349,106372.0,0.2,-0.8,1.2000000000000002,-0.9,3.2,10.200000000000001,36.400000000000006,53.400000000000006,-20.3,16
6350,106382.0,0.2,-0.9,1.7000000000000002,-1.0,3.1,10.600000000000001,41.800000000000004,54.800000000000004,-19.6,16
6351,106397.0,0.2,-1.1,1.9000000000000001,-1.3,3.0,10.8,49.0,54.50000000000001,-19.300000000000004,16
6352,106414.0,-0.1,-1.3,1.7000000000000002,-1.5,3.0,10.5,63.599999999999994,46.300000000000004,-19.300000000000004,16
6353,106431.0,0.0,-1.7000000000000002,0.8,-1.6,2.8000000000000003,9.4,70.3,31.799999999999997,-18.200000000000003,16
6354,106448.0,0.0,-2.0,0.30000000000000004,-1.6,2.5,8.3,70.3,23.5,-19.300000000000004,16
6355,106464.0,0.2,-2.1,-0.7000000000000001,-1.6,2.7,7.800000000000001,64.7,11.8,-23.900000000000006,16
6356,106481.0,0.30000000000000004,-2.1,-1.5,-1.5,2.8000000000000003,6.9,53.300000000000004,12.8,-29.800000000000004,16
6357,106497.0,0.2,-1.7000000000000002,-1.7000000000000002,-1.7000000000000002,3.3000000000000003,6.6000000000000005,45.0,16.0,-34.60000000000001,16
6358,106516.0,-0.2,-1.5,-1.6,-2.2,3.4000000000000004,6.7,26.5,21.0,-45.099999999999994,16
6359,106531.0,-0.7000000000000001,-1.6,-1.8,-2.8000000000000003,3.3000000000000003,6.4,6.4,26.5,-47.3,16
6360,106547.0,-0.9,-1.5,-1.9000000000000001,-3.5,3.5,5.9,-7.500000000000001,27.099999999999998,-45.6,16
6361,106564.0,-1.3,-1.2000000000000002,-2.8000000000000003,-3.7,3.5,5.4,-47.900000000000006,20.8,-35.599999999999994,16
6362,106581.0,-2.2,-1.3,-2.7,-4.7,3.1,5.7,-119.89999999999999,7.400000000000001,-18.700000000000003,16
6363,106599.0,-2.3000000000000003,-1.8,1.4000000000000001,-4.7,2.1,10.0,-191.70000000000002,-11.3,3.6000000000000005,16
6364,106615.0,-1.6,-2.0,4.2,-4.0,1.6,12.9,-204.0,-19.6,11.1,16
6365,106631.0,-0.4,-2.2,8.6,-2.7,0.8,17.6,-164.6,-27.3,7.6,16
6366,106647.0,0.0,-2.1,7.800000000000001,-2.3000000000000003,0.6000000000000001,17.0,-67.7,-24.5,-16.5,16
6367,106664.0,-0.1,-1.8,5.7,-2.4000000000000004,0.8,15.0,-22.2,-23.3,-29.700000000000006,16
6368,106681.0,-0.9,-0.8,1.4000000000000001,-3.1,1.8,10.700000000000001,28.3,-12.0,-47.60000000000001,16
6369,106697.0,-1.7000000000000002,0.0,-1.4000000000000001,-4.1000000000000005,2.7,7.9,33.2,4.2,-50.400000000000006,16
6370,106714.0,-2.1,0.4,-2.1,-4.5,3.1,7.1000000000000005,27.6,8.0,-47.1,16
6371,106731.0,-2.7,0.8,-2.8000000000000003,-5.1000000000000005,3.6,6.4,13.100000000000001,12.7,-31.7,16
6372,106747.0,-2.4000000000000004,1.1,-3.2,-4.9,3.9000000000000004,5.9,0.0,14.300000000000002,-10.0,16
6373,106764.0,-2.3000000000000003,1.1,-3.3000000000000003,-4.9,3.9000000000000004,5.800000000000001,-5.8,11.6,-0.8,16
6374,106781.0,-1.9000000000000001,1.4000000000000001,-3.1,-4.5,4.1000000000000005,6.0,-13.5,3.9,15.000000000000002,16
6375,106797.0,-1.5,1.4000000000000001,-2.6,-4.1000000000000005,4.2,6.5,-9.2,5.1000000000000005,25.0,16
6376,106814.0,-1.4000000000000001,1.4000000000000001,-2.5,-4.0,4.2,6.6000000000000005,-2.5,9.600000000000001,28.500000000000004,16
6377,106831.0,-1.2000000000000002,1.8,-3.0,-3.8000000000000003,4.6000000000000005,6.0,10.600000000000001,23.2,34.800000000000004,16
6378,106848.0,-0.8,2.4000000000000004,-3.5,-3.5,5.4,5.4,10.5,37.50000000000001,47.0,16
6379,106864.0,-0.6000000000000001,2.7,-3.7,-3.3000000000000003,5.7,5.2,5.6,41.6,54.50000000000001,16
6380,106881.0,0.0,3.1,-3.5,-2.8000000000000003,6.2,5.4,-14.600000000000001,42.800000000000004,68.1,16
6381,106897.0,0.4,3.1,-1.9000000000000001,-2.4000000000000004,6.2,6.9,-42.7,36.2,74.89999999999999,16
6382,106914.0,0.4,3.0,-0.8,-2.5,6.0,8.0,-53.300000000000004,33.300000000000004,75.2,16
6383,106931.0,0.5,2.4000000000000004,1.6,-2.4000000000000004,5.300000000000001,10.4,-60.5,33.300000000000004,72.0,16
6384,106947.0,0.6000000000000001,1.6,4.1000000000000005,-2.3000000000000003,4.4,13.100000000000001,-43.00000000000001,32.6,60.7,16
6385,106964.0,0.6000000000000001,1.3,4.7,-2.3000000000000003,4.2,13.600000000000001,-22.4,28.200000000000003,52.900000000000006,16
6386,106981.0,0.7000000000000001,1.4000000000000001,3.9000000000000004,-2.2,4.4,12.8,23.3,17.5,38.50000000000001,16
6387,106997.0,0.9,1.6,1.9000000000000001,-2.0,4.7,10.8,50.1,0.6000000000000001,26.5,16
6388,107014.0,0.9,1.7000000000000002,1.1,-1.9000000000000001,5.0,10.0,53.599999999999994,-5.500000000000001,21.7,16
6389,107031.0,0.8,1.8,0.6000000000000001,-2.0,5.2,9.4,51.4,-10.0,13.000000000000002,16
6390,107047.0,0.8,1.6,0.8,-2.0,5.2,9.600000000000001,47.900000000000006,-1.7,6.8,16
6391,107064.0,1.0,1.7000000000000002,0.9,-1.8,5.300000000000001,9.600000000000001,48.800000000000004,2.5,3.9,16
6392,107081.0,1.2000000000000002,2.3000000000000003,-0.1,-1.6,6.1000000000000005,8.6,52.900000000000006,4.800000000000001,1.2000000000000002,16
6393,107097.0,1.2000000000000002,2.5,-0.9,-1.6,6.5,7.7,32.1,0.5,4.0,16
6394,107114.0,1.2000000000000002,2.6,-0.9,-1.6,6.6000000000000005,7.7,11.5,-0.8,5.6,16
6395,107131.0,0.8,2.7,1.3,-1.9000000000000001,6.7,10.0,-45.0,4.5,8.5,16
6396,107147.0,1.4000000000000001,1.3,6.7,-1.3,5.1000000000000005,15.5,-70.5,10.600000000000001,12.5,16
6397,107166.0,1.9000000000000001,0.5,8.6,-0.5,3.7,18.1,-25.200000000000003,5.8,6.500000000000001,16
6398,107181.0,2.6,0.0,8.4,-0.1,3.6,17.400000000000002,8.8,-0.7,0.0,16
6399,107198.0,2.7,0.30000000000000004,5.2,0.0,4.1000000000000005,14.100000000000001,53.300000000000004,-23.700000000000003,-13.000000000000002,16
6400,107214.0,2.5,0.2,3.9000000000000004,-0.4,4.2,11.9,59.60000000000001,-38.400000000000006,-18.0,16
6401,107231.0,1.8,0.2,2.2,-0.7000000000000001,4.2,11.100000000000001,58.5,-63.900000000000006,-22.2,16
6402,107248.0,1.1,-0.30000000000000004,1.1,-1.1,3.9000000000000004,10.0,51.300000000000004,-79.3,-18.700000000000003,16
6403,107266.0,0.9,-0.9,0.1,-1.1,3.5,9.0,45.8,-84.3,-13.000000000000002,16
6404,107283.0,0.9,-1.2000000000000002,-0.4,-1.0,3.2,8.5,42.3,-81.7,-12.100000000000001,16
6405,107297.0,0.9,-1.8,-0.9,-0.8,2.7,8.0,31.6,-67.7,-16.200000000000003,16
6406,107314.0,1.0,-2.1,-0.8,-0.6000000000000001,2.1,8.4,29.300000000000004,-60.00000000000001,-21.0,16
6407,107331.0,0.8,-2.8000000000000003,-0.4,-0.7000000000000001,1.8,8.5,39.400000000000006,-40.300000000000004,-35.2,16
6408,107347.0,0.5,-3.2,-0.9,-1.0,1.5,7.9,65.2,-23.5,-50.2,16
6409,107364.0,-0.2,-3.6,-2.1,-1.7000000000000002,1.3,6.5,88.20000000000002,-15.8,-61.300000000000004,16
6410,107381.0,-0.5,-3.6,-2.7,-2.1,1.4000000000000001,5.800000000000001,94.0,-14.900000000000002,-63.4,16
6411,107397.0,-1.2000000000000002,-3.4000000000000004,-3.5,-2.8000000000000003,1.8,4.800000000000001,93.89999999999999,-18.200000000000003,-58.5,16
6412,107414.0,-1.0,-3.0,-4.1000000000000005,-2.7,2.4000000000000004,4.1000000000000005,89.4,-23.099999999999998,-51.6,16
6413,107431.0,-0.7000000000000001,-2.8000000000000003,-4.2,-2.3000000000000003,2.7,3.9000000000000004,71.7,-38.300000000000004,-36.300000000000004,16
6414,107447.0,-0.7000000000000001,-2.5,-3.6,-2.3000000000000003,3.1,4.4,47.400000000000006,-54.199999999999996,-24.400000000000002,16
6415,107464.0,-0.6000000000000001,-1.8,-2.6,-2.0,3.8000000000000003,5.4,20.400000000000002,-52.900000000000006,-12.4,16
6416,107481.0,-0.4,-1.7000000000000002,-1.5,-1.8,4.0,6.4,8.600000000000001,-42.60000000000001,-7.9,16
6417,107497.0,-0.7000000000000001,-1.8,0.6000000000000001,-2.1,3.8000000000000003,8.5,0.7,-12.7,-3.5,16
6418,107514.0,-1.0,-1.8,1.8,-2.4000000000000004,3.8000000000000003,9.700000000000001,11.8,16.900000000000002,0.9000000000000001,16
6419,107531.0,-1.1,-1.8,1.8,-2.5,3.8000000000000003,9.700000000000001,19.6,26.1,2.6,16
6420,107548.0,-1.6,-2.0,1.1,-3.1,3.8000000000000003,9.0,25.0,26.5,6.2,16
6421,107566.0,-2.1,-2.0,0.9,-3.6,3.8000000000000003,8.700000000000001,18.4,16.6,11.5,16
6422,107585.0,-1.9000000000000001,-1.9000000000000001,0.4,-3.5,3.9000000000000004,8.200000000000001,11.8,18.0,20.3,16
6423,107599.0,-1.7000000000000002,-1.9000000000000001,0.4,-3.3000000000000003,3.9000000000000004,8.200000000000001,7.699999999999999,20.7,22.700000000000003,16
6424,107614.0,-1.4000000000000001,-1.6,0.5,-3.0,4.2,8.3,1.3,21.300000000000004,20.3,16
6425,107631.0,-1.5,-1.6,0.5,-3.1,4.2,8.3,0.6000000000000001,22.1,17.1,16
6426,107647.0,-1.5,-1.2000000000000002,0.2,-3.2,4.6000000000000005,8.0,-0.5,25.5,10.600000000000001,16
6427,107664.0,-1.8,-0.8,-0.7000000000000001,-3.5,5.0,7.1000000000000005,-10.5,26.300000000000004,7.8,16
6428,107681.0,-1.9000000000000001,-0.4,-1.2000000000000002,-3.7,5.300000000000001,6.6000000000000005,-21.6,25.8,9.700000000000001,16
6429,107698.0,-2.1,0.0,-2.1,-4.0,5.7,5.800000000000001,-59.80000000000001,24.599999999999998,20.400000000000002,16
6430,107714.0,-2.3000000000000003,-0.4,-0.8,-4.1000000000000005,5.0,7.2,-112.80000000000001,22.8,31.5,16
6431,107731.0,-2.2,-0.7000000000000001,0.8,-4.1000000000000005,4.5,8.9,-133.0,22.9,35.4,16
6432,107747.0,-1.4000000000000001,-1.3,4.1000000000000005,-3.3000000000000003,3.5,12.5,-135.20000000000002,23.0,37.400000000000006,16
6433,107764.0,-0.8,-1.5,5.5,-2.7,3.0,14.100000000000001,-87.2,24.0,25.900000000000002,16
6434,107781.0,-0.6000000000000001,-1.4000000000000001,4.800000000000001,-2.6,3.1,13.4,-52.60000000000001,26.6,16.6,16
6435,107797.0,-0.9,-0.8,1.4000000000000001,-2.9000000000000004,3.6,10.0,3.1,40.300000000000004,2.1,16
6436,107814.0,-1.0,-0.4,-1.5,-3.2,4.1000000000000005,7.1000000000000005,21.1,58.3,0.30000000000000004,16
6437,107831.0,-1.0,-0.30000000000000004,-2.5,-3.3000000000000003,4.2,6.0,18.8,64.9,2.9,16
6438,107850.0,-0.8,-0.2,-3.8000000000000003,-3.3000000000000003,4.3,4.6000000000000005,-2.9,67.7,15.2,16
6439,107866.0,-0.4,-0.4,-3.8000000000000003,-3.1,4.0,4.5,-35.2,52.00000000000001,31.5,16
6440,107882.0,0.1,-0.7000000000000001,-2.8000000000000003,-2.6,3.6,5.6000000000000005,-50.1,40.6,39.2,16
6441,107897.0,0.4,-0.8,-2.3000000000000003,-2.2,3.5,6.1000000000000005,-64.80000000000001,17.799999999999997,51.800000000000004,16
6442,107914.0,1.4000000000000001,-0.8,-1.2000000000000002,-1.2000000000000002,3.4000000000000004,7.2,-56.7,6.699999999999999,57.00000000000001,16
6443,107931.0,1.6,-0.8,-1.0,-1.0,3.4000000000000004,7.300000000000001,-46.300000000000004,6.9,55.7,16
6444,107947.0,1.7000000000000002,-0.30000000000000004,-1.6,-0.8,3.7,6.9,-25.300000000000004,16.8,54.50000000000001,16
6445,107964.0,2.2,0.2,-2.2,-0.30000000000000004,4.2,6.300000000000001,-18.5,31.0,56.10000000000001,16
6446,107981.0,2.5,0.4,-2.2,0.1,4.7,6.300000000000001,-20.0,34.800000000000004,55.8,16
6447,107998.0,2.6,1.0,-2.2,0.1,5.0,6.300000000000001,-28.1,35.699999999999996,53.50000000000001,16
6448,108014.0,2.5,1.6,-1.6,0.0,5.6000000000000005,6.9,-44.8,35.8,51.0,16
6449,108031.0,1.9000000000000001,1.8,0.1,-0.6000000000000001,5.6000000000000005,8.6,-61.7,31.0,49.50000000000001,16
6450,108047.0,1.7000000000000002,1.9000000000000001,0.9,-0.8,5.6000000000000005,9.5,-64.9,25.8,49.9,16
6451,108064.0,1.6,2.0,2.3000000000000003,-0.9,5.6000000000000005,10.9,-61.9,13.700000000000001,49.199999999999996,16
6452,108081.0,1.6,1.9000000000000001,3.4000000000000004,-0.9,5.5,12.100000000000001,-56.10000000000001,5.300000000000001,47.400000000000006,16
6453,108097.0,1.7000000000000002,1.9000000000000001,3.5,-0.7000000000000001,5.4,12.3,-35.1,-14.800000000000002,41.0,16
6454,108114.0,1.9000000000000001,2.0,2.8000000000000003,-0.4,5.5,11.700000000000001,-9.700000000000001,-30.699999999999996,29.900000000000006,16
6455,108131.0,1.8,2.1,2.3000000000000003,-0.5,5.7,10.8,-1.1,-33.0,23.099999999999998,16
6456,108148.0,1.5,2.1,1.9000000000000001,-0.6000000000000001,5.7,10.8,5.1000000000000005,-23.700000000000003,9.100000000000001,16
6457,108165.0,0.9,1.8,2.3000000000000003,-1.1,5.4,11.200000000000001,6.699999999999999,-10.0,-6.600000000000001,16
6458,108181.0,-0.1,1.8,2.9000000000000004,-2.1,5.4,11.9,12.7,-5.7,-20.0,16
6459,108197.0,-0.6000000000000001,1.9000000000000001,2.8000000000000003,-2.6,5.5,11.8,19.200000000000003,-3.7000000000000006,-22.1,16
6460,108214.0,-0.6000000000000001,2.2,1.7000000000000002,-2.6,5.9,10.600000000000001,23.5,0.9000000000000001,-13.5,16
6461,108231.0,-0.30000000000000004,2.0,1.4000000000000001,-2.3000000000000003,5.800000000000001,10.3,-0.6000000000000001,-2.7,-6.1000000000000005,16
6462,108248.0,-0.2,2.0,2.2,-2.3000000000000003,5.7,11.100000000000001,-19.400000000000002,-7.400000000000001,-4.300000000000001,16
6463,108264.0,0.0,1.7000000000000002,4.9,-2.0,5.300000000000001,14.0,-46.800000000000004,-17.0,-2.4000000000000004,16
6464,108281.0,0.4,0.6000000000000001,7.2,-1.5,4.1000000000000005,16.400000000000002,-35.699999999999996,-27.099999999999998,-4.4,16
6465,108298.0,0.6000000000000001,0.1,7.6000000000000005,-1.3,3.5,16.8,-15.700000000000001,-33.9,-8.2,16
6466,108314.0,0.9,-0.30000000000000004,5.9,-0.8,3.2,15.200000000000001,35.5,-37.400000000000006,-19.300000000000004,16
6467,108331.0,1.0,-0.1,2.7,-0.7000000000000001,3.6,11.9,69.4,-28.0,-23.099999999999998,16
6468,108347.0,1.2000000000000002,-0.1,1.6,-0.5,3.7,10.8,73.0,-19.700000000000003,-24.0,16
6469,108364.0,1.4000000000000001,-0.30000000000000004,0.5,-0.30000000000000004,3.8000000000000003,9.600000000000001,67.3,-11.6,-29.200000000000003,16
6470,108381.0,1.0,-0.7000000000000001,0.30000000000000004,-0.7000000000000001,3.5,9.4,62.199999999999996,-16.3,-36.1,16
6471,108397.0,0.7000000000000001,-0.8,0.2,-0.9,3.5,9.200000000000001,62.50000000000001,-20.599999999999998,-38.800000000000004,16
6472,108414.0,0.1,-1.2000000000000002,-0.30000000000000004,-1.5,3.2,8.6,64.2,-28.900000000000002,-41.900000000000006,16
6473,108431.0,-0.7000000000000001,-1.5,-0.5,-2.3000000000000003,3.1,8.3,67.9,-34.0,-41.1,16
6474,108447.0,-0.9,-1.7000000000000002,-0.7000000000000001,-2.5,3.0,8.1,71.10000000000001,-34.800000000000004,-38.60000000000001,16
6475,108465.0,-0.9,-2.2,-1.2000000000000002,-2.4000000000000004,2.8000000000000003,7.5,78.7,-40.6,-34.800000000000004,16
6476,108481.0,-0.7000000000000001,-2.5,-1.8,-2.2,2.6,6.7,84.1,-51.2,-35.2,16
6477,108497.0,-0.7000000000000001,-2.7,-2.2,-2.1,2.5,6.2,86.00000000000001,-57.800000000000004,-36.2,16
6478,108514.0,-0.9,-2.9000000000000004,-2.8000000000000003,-2.2,2.6,5.5,87.10000000000001,-69.20000000000002,-39.2,16
6479,108531.0,-1.0,-2.7,-3.4000000000000004,-2.2,2.9000000000000004,4.800000000000001,80.8,-73.30000000000001,-38.1,16
6480,108547.0,-1.0,-2.5,-3.7,-2.1,3.2,4.4,73.2,-75.3,-35.699999999999996,16
6481,108564.0,-0.7000000000000001,-1.9000000000000001,-3.5,-1.6,4.0,4.5,49.800000000000004,-75.4,-27.9,16
6482,108581.0,-0.1,-1.7000000000000002,-2.1,-0.9,4.2,5.800000000000001,28.200000000000003,-63.500000000000014,-22.700000000000003,16
6483,108598.0,0.0,-1.8,-1.2000000000000002,-0.8,4.3,7.300000000000001,22.700000000000003,-53.300000000000004,-23.2,16
6484,108614.0,-0.30000000000000004,-1.6,-0.30000000000000004,-1.0,4.4,7.6000000000000005,23.099999999999998,-21.6,-25.5,16
6485,108631.0,-0.8,-1.5,0.1,-1.6,4.6000000000000005,7.9,27.400000000000002,7.400000000000001,-23.800000000000004,16
6486,108647.0,-1.1,-1.5,0.2,-2.1,4.5,7.7,28.900000000000002,15.700000000000001,-20.599999999999998,16
6487,108664.0,-1.2000000000000002,-1.6,-0.2,-2.1,4.5,7.5,29.0,15.8,-11.8,16
6488,108681.0,-1.0,-1.7000000000000002,-0.30000000000000004,-2.0,4.5,7.300000000000001,22.9,-3.0,-6.300000000000001,16
6489,108697.0,-0.9,-1.7000000000000002,-0.4,-1.8,4.6000000000000005,7.0,21.300000000000004,-13.6,-4.9,16
6490,108714.0,-0.7000000000000001,-1.6,-0.9,-1.6,4.6000000000000005,6.7,20.1,-20.599999999999998,-3.3000000000000007,16
6491,108731.0,-0.5,-1.5,-1.4000000000000001,-1.4000000000000001,4.800000000000001,6.1000000000000005,15.000000000000002,-11.700000000000001,-5.7,16
6492,108747.0,-0.5,-1.2000000000000002,-1.8,-1.4000000000000001,5.1000000000000005,5.7,10.8,-3.9,-6.9,16
6493,108767.0,-0.5,-0.7000000000000001,-2.0,-1.4000000000000001,5.6000000000000005,5.5,-6.0,16.900000000000002,-9.4,16
6494,108782.0,-0.8,-0.4,-1.3,-1.8,5.800000000000001,6.2,-23.5,36.9,-14.0,16
6495,108797.0,-0.9,-0.2,-1.3,-2.3000000000000003,6.1000000000000005,6.4,-32.2,44.2,-15.6,16
6496,108814.0,-1.6,0.1,-0.9,-2.9000000000000004,6.1000000000000005,6.7,-57.400000000000006,49.199999999999996,-18.0,16
6497,108831.0,-2.9000000000000004,0.30000000000000004,-0.7000000000000001,-4.3,6.1000000000000005,7.1000000000000005,-86.2,48.800000000000004,-6.1000000000000005,16
6498,108847.0,-3.5,0.0,-0.1,-5.1000000000000005,5.5,7.800000000000001,-128.5,43.1,19.5,16
6499,108864.0,-3.2,-0.4,0.8,-4.800000000000001,4.9,8.9,-151.6,37.9,33.6,16
6500,108881.0,-1.6,-1.7000000000000002,4.1000000000000005,-3.2,3.1,12.5,-178.3,14.400000000000002,50.60000000000001,16
6501,108897.0,0.30000000000000004,-1.5,7.5,-1.3,2.9000000000000004,16.2,-144.60000000000002,-3.9,39.400000000000006,16
6502,108914.0,0.5,-1.6,7.7,-1.1,2.6,16.5,-104.50000000000001,-2.7,24.8,16
6503,108931.0,0.1,-1.5,4.800000000000001,-1.4000000000000001,2.6,13.700000000000001,-12.299999999999999,17.7,-3.6000000000000005,16
6504,108947.0,-0.5,-1.0,0.30000000000000004,-2.2,3.2,9.1,40.2,49.800000000000004,-19.300000000000004,16
6505,108964.0,-0.7000000000000001,-0.9,-1.4000000000000001,-2.6,3.4000000000000004,7.4,46.0,64.50000000000001,-20.1,16
6506,108981.0,-0.8,-0.6000000000000001,-3.1,-2.9000000000000004,3.7,5.5,33.50000000000001,78.80000000000001,-12.200000000000001,16
6507,108997.0,-0.7000000000000001,-0.7000000000000001,-3.9000000000000004,-3.0,3.7,4.7,6.600000000000001,72.80000000000001,2.5,16
6508,109014.0,-0.6000000000000001,-0.9,-4.0,-3.0,3.5,4.5,-9.600000000000001,61.50000000000001,11.4,16
6509,109031.0,-0.2,-1.1,-3.3000000000000003,-2.7,3.2,5.2,-42.2,30.699999999999996,28.500000000000004,16
6510,109048.0,0.2,-1.2000000000000002,-2.6,-2.3000000000000003,3.0,5.9,-53.400000000000006,14.700000000000001,35.1,16
6511,109067.0,1.0,-1.2000000000000002,-1.4000000000000001,-1.1,2.9000000000000004,7.7,-58.7,-5.6,41.0,16
6512,109081.0,1.5,-0.9,-0.7000000000000001,-0.8,3.0,8.0,-41.0,-8.700000000000001,35.4,16
6513,109097.0,1.5,-0.8,-0.8,-0.7000000000000001,3.2,7.300000000000001,-12.200000000000001,5.0,26.9,16
6514,109114.0,1.8,-0.5,-1.9000000000000001,-0.5,3.3000000000000003,6.7,-0.9000000000000001,14.600000000000001,23.2,16
6515,109131.0,1.8,-0.1,-3.2,-0.5,3.8000000000000003,5.4,6.600000000000001,30.9,17.7,16
6516,109147.0,1.9000000000000001,0.7000000000000001,-3.6,-0.5,4.6000000000000005,5.0,-6.9,37.800000000000004,17.0,16
6517,109164.0,2.0,1.0,-3.3000000000000003,-0.4,4.9,5.2,-18.0,38.2,17.5,16
6518,109181.0,2.0,1.3,-2.0,-0.5,5.1000000000000005,6.5,-42.5,32.7,17.5,16
6519,109197.0,2.0,1.5,-0.4,-0.5,5.2,8.200000000000001,-62.6,9.0,14.200000000000001,16
6520,109214.0,1.9000000000000001,1.8,0.6000000000000001,-0.6000000000000001,5.4,9.200000000000001,-69.9,-5.2,13.3,16
6521,109231.0,1.9000000000000001,2.1,2.6,-0.5,5.5,11.4,-73.0,-28.900000000000002,14.400000000000002,16
6522,109247.0,2.1,2.2,3.9000000000000004,-0.1,5.4,12.8,-57.1,-47.60000000000001,12.299999999999999,16
6523,109264.0,2.3000000000000003,2.3000000000000003,4.0,0.2,5.5,13.0,-43.4,-52.1,9.0,16
6524,109282.0,2.5,2.6,3.4000000000000004,0.5,5.800000000000001,12.4,-15.700000000000001,-48.70000000000001,0.9000000000000001,16
6525,109297.0,2.7,2.7,2.8000000000000003,0.9,5.800000000000001,11.9,-2.4000000000000004,-39.599999999999994,-13.8,16
6526,109314.0,2.4000000000000004,2.7,2.9000000000000004,0.7000000000000001,5.800000000000001,12.0,-0.2,-35.3,-24.200000000000003,16
6527,109331.0,1.2000000000000002,2.6,3.6,-0.5,5.7,12.8,5.500000000000001,-23.3,-42.2,16
6528,109348.0,-0.1,3.0,3.7,-1.8,6.2,12.8,17.400000000000002,-17.1,-50.0,16
6529,109368.0,-0.8,3.2,2.7,-2.5,6.4,11.9,21.1,-17.9,-45.9,16
6530,109381.0,-1.0,3.2,2.5,-2.6,6.4,11.700000000000001,14.300000000000002,-21.8,-42.800000000000004,16
6531,109398.0,-1.1,3.1,3.3000000000000003,-2.7,6.4,12.5,-11.8,-31.3,-37.0,16
6532,109414.0,-1.1,2.8000000000000003,4.2,-2.7,6.0,13.5,-22.700000000000003,-35.9,-33.9,16
6533,109431.0,-0.7000000000000001,1.5,5.7,-2.2,4.6000000000000005,15.100000000000001,-22.000000000000004,-48.6,-29.600000000000005,16
6534,109447.0,0.30000000000000004,0.6000000000000001,5.4,-1.0,3.7,14.8,11.000000000000002,-68.5,-33.50000000000001,16
6535,109464.0,0.6000000000000001,0.30000000000000004,4.2,-0.4,3.4000000000000004,12.0,33.300000000000004,-74.30000000000001,-39.9,16
6536,109481.0,0.6000000000000001,0.2,0.9,-0.4,3.6,10.4,65.4,-67.7,-52.7,16
6537,109497.0,0.2,0.30000000000000004,-1.2000000000000002,-0.7000000000000001,3.9000000000000004,8.200000000000001,69.00000000000001,-47.60000000000001,-57.49999999999999,16
6538,109514.0,0.1,0.4,-1.9000000000000001,-0.9,4.2,7.1000000000000005,62.4,-34.60000000000001,-56.0,16
6539,109530.0,0.0,0.4,-2.2,-0.9,4.2,7.1000000000000005,38.300000000000004,-10.299999999999999,-50.3,16
6540,109549.0,-0.2,-0.1,-1.4000000000000001,-1.2000000000000002,3.8000000000000003,7.9,13.8,1.9,-43.6,16
6541,109564.0,-0.1,-0.30000000000000004,-0.4,-1.2000000000000002,3.2,9.9,-0.9000000000000001,-2.0,-38.300000000000004,16
6542,109581.0,-0.1,-1.0,1.6,-1.2000000000000002,2.9000000000000004,10.9,1.6,-6.4,-37.400000000000006,16
6543,109597.0,-0.30000000000000004,-1.6,2.7,-1.4000000000000001,2.3000000000000003,11.9,22.700000000000003,-10.8,-38.60000000000001,16
6544,109614.0,-0.4,-2.2,2.1,-1.5,1.8,11.3,60.6,-12.8,-40.6,16
6545,109632.0,-0.30000000000000004,-2.5,1.2000000000000002,-1.4000000000000001,1.6,10.3,78.80000000000001,-13.3,-41.900000000000006,16
6546,109648.0,-0.30000000000000004,-2.9000000000000004,-0.6000000000000001,-1.4000000000000001,1.4000000000000001,8.4,105.0,-15.2,-46.199999999999996,16
6547,109664.0,-0.30000000000000004,-3.1,-1.4000000000000001,-1.6,1.5,6.5,113.7,-15.6,-48.10000000000001,16
6548,109681.0,-0.6000000000000001,-3.2,-3.1,-1.8,1.6,5.7,118.60000000000001,-17.9,-50.1,16
6549,109697.0,-0.7000000000000001,-3.0,-4.0,-1.9000000000000001,2.1,4.5,110.6,-26.5,-46.7,16
6550,109714.0,-0.6000000000000001,-2.6,-4.6000000000000005,-1.8,2.7,3.7,93.4,-32.9,-37.6,16
6551,109731.0,-0.5,-2.4000000000000004,-4.800000000000001,-1.7000000000000002,3.0,3.4000000000000004,81.2,-33.300000000000004,-32.5,16
6552,109747.0,-0.6000000000000001,-1.9000000000000001,-4.4,-1.7000000000000002,3.7,3.6,51.9,-26.200000000000003,-19.6,16
6553,109764.0,-0.30000000000000004,-1.8,-3.4000000000000004,-1.4000000000000001,3.9000000000000004,4.6000000000000005,23.3,-11.700000000000001,-5.8,16
6554,109781.0,-0.4,-1.7000000000000002,-2.8000000000000003,-1.5,4.0,5.2,10.5,-6.4,-0.6000000000000001,16
6555,109797.0,-0.5,-1.6,-1.4000000000000001,-1.6,4.1000000000000005,6.6000000000000005,-9.2,-8.600000000000001,8.899999999999999,16
6556,109814.0,-0.8,-1.7000000000000002,-0.1,-1.8,3.9000000000000004,7.9,-18.5,-25.6,17.799999999999997,16
6557,109831.0,-1.0,-1.7000000000000002,0.30000000000000004,-1.9000000000000001,3.9000000000000004,8.4,-18.6,-37.7,22.5,16
6558,109847.0,-1.2000000000000002,-1.2000000000000002,0.1,-1.9000000000000001,4.3,8.200000000000001,-16.1,-52.60000000000001,34.1,16
6559,109864.0,-0.6000000000000001,-1.0,-0.2,-1.1,4.5,7.9,-20.900000000000002,-42.0,47.7,16
6560,109881.0,-0.2,-1.1,0.1,-0.6000000000000001,4.4,8.200000000000001,-23.3,-29.1,51.2,16
6561,109897.0,0.4,-1.1,0.6000000000000001,0.1,4.3,8.8,-20.400000000000002,5.0,48.2,16
6562,109914.0,0.4,-0.7000000000000001,0.8,0.1,4.6000000000000005,9.0,-17.9,29.800000000000004,38.2,16
6563,109931.0,0.2,-0.7000000000000001,0.8,-0.1,4.6000000000000005,9.1,-17.5,37.9,32.300000000000004,16
6564,109948.0,-0.1,-0.30000000000000004,0.7000000000000001,-0.5,4.9,9.0,-18.5,52.7,24.0,16
6565,109964.0,-0.4,-0.2,0.30000000000000004,-1.0,5.0,8.6,-26.400000000000006,65.2,19.1,16
6566,109982.0,-0.5,-0.2,0.0,-1.2000000000000002,4.9,8.3,-34.50000000000001,71.0,19.1,16
6567,109997.0,-0.7000000000000001,-0.4,0.1,-1.6,4.6000000000000005,8.5,-61.300000000000004,80.0,23.5,16
6568,110014.0,-0.8,-0.8,0.7000000000000001,-1.7000000000000002,3.6,10.100000000000001,-90.70000000000002,84.0,27.099999999999998,16
6569,110031.0,-0.30000000000000004,-1.5,2.8000000000000003,-1.5,3.1,11.4,-97.7,80.7,24.8,16
6570,110047.0,0.2,-1.8,4.6000000000000005,-1.1,2.5,13.3,-81.2,64.50000000000001,10.299999999999999,16
6571,110064.0,0.30000000000000004,-1.6,4.0,-1.3,2.6,12.8,-28.900000000000002,48.10000000000001,-9.600000000000001,16
6572,110081.0,0.1,-1.4000000000000001,2.5,-1.5,2.7,11.3,-1.7,45.9,-18.1,16
6573,110097.0,0.0,-1.3,-0.6000000000000001,-1.8,3.0,8.200000000000001,28.0,48.10000000000001,-29.600000000000005,16
6574,110114.0,-0.1,-1.0,-2.4000000000000004,-2.1,3.3000000000000003,6.300000000000001,32.300000000000004,60.2,-35.9,16
6575,110131.0,0.0,-0.9,-3.1,-2.2,3.4000000000000004,5.5,28.200000000000003,67.4,-36.1,16
6576,110147.0,0.1,-0.8,-3.8000000000000003,-2.3000000000000003,3.5,4.7,10.299999999999999,77.5,-33.0,16
6577,110164.0,0.0,-0.7000000000000001,-4.0,-2.7,3.5,4.4,-16.0,78.0,-25.0,16
6578,110181.0,-0.2,-0.7000000000000001,-3.8000000000000003,-3.0,3.5,4.5,-31.6,72.7,-18.8,16
6579,110197.0,-0.1,-0.7000000000000001,-3.2,-3.0,3.3000000000000003,5.2,-60.900000000000006,47.80000000000001,-2.9,16
6580,110214.0,0.4,-0.6000000000000001,-2.1,-2.6,3.2,6.300000000000001,-77.4,16.900000000000002,10.4,16
6581,110231.0,0.5,-0.5,-1.6,-2.5,3.3000000000000003,7.4,-78.7,5.1000000000000005,14.900000000000002,16
6582,110247.0,0.6000000000000001,0.1,-0.6000000000000001,-2.4000000000000004,3.6,7.9,-67.00000000000001,-4.1,21.200000000000003,16
6583,110264.0,1.1,0.6000000000000001,-0.30000000000000004,-1.9000000000000001,4.0,8.3,-45.099999999999994,8.3,25.300000000000004,16
6584,110281.0,1.3,0.7000000000000001,-0.30000000000000004,-1.7000000000000002,4.1000000000000005,8.3,-34.2,15.000000000000002,25.5,16
6585,110297.0,1.5,1.5,-0.8,-1.4000000000000001,4.800000000000001,7.800000000000001,-21.500000000000004,21.900000000000002,22.1,16
6586,110314.0,1.4000000000000001,2.2,-0.7000000000000001,-1.6,5.5,7.9,-21.300000000000004,23.3,18.0,16
6587,110331.0,1.0,2.7,0.2,-2.1,6.0,8.8,-23.0,22.6,17.300000000000004,16
6588,110347.0,0.7000000000000001,2.9000000000000004,0.5,-2.3000000000000003,6.2,9.1,-25.4,23.2,18.5,16
6589,110364.0,0.2,3.1,1.2000000000000002,-2.9000000000000004,6.300000000000001,9.9,-29.500000000000004,23.700000000000003,22.4,16
6590,110381.0,0.1,3.0,1.8,-3.1,6.1000000000000005,11.0,-27.9,9.4,25.7,16
6591,110398.0,0.0,2.9000000000000004,2.7,-3.1,6.1000000000000005,11.3,-22.5,-3.3000000000000007,26.700000000000003,16
6592,110414.0,0.2,2.9000000000000004,2.7,-2.8000000000000003,6.1000000000000005,11.4,-8.4,-31.799999999999997,25.7,16
6593,110431.0,0.6000000000000001,2.8000000000000003,2.3000000000000003,-2.2,6.1000000000000005,11.100000000000001,3.9,-52.80000000000001,20.0,16
6594,110447.0,0.7000000000000001,2.8000000000000003,2.3000000000000003,-2.0,6.0,11.200000000000001,8.0,-56.7,15.000000000000002,16
6595,110464.0,0.6000000000000001,2.6,2.7,-2.0,5.9,11.600000000000001,16.900000000000002,-49.300000000000004,2.0,16
6596,110481.0,0.30000000000000004,2.3000000000000003,3.0,-2.1,5.800000000000001,11.9,29.300000000000004,-32.8,-13.700000000000001,16
6597,110497.0,0.1,2.4000000000000004,2.8000000000000003,-2.3000000000000003,5.9,11.700000000000001,36.8,-26.5,-20.400000000000002,16
6598,110514.0,-0.4,2.7,2.0,-2.8000000000000003,6.300000000000001,10.9,46.4,-14.600000000000001,-26.200000000000003,16
6599,110537.0,-0.9,2.7,1.3,-3.4000000000000004,6.5,10.200000000000001,39.300000000000004,-0.4,-22.700000000000003,16
6600,110547.0,-1.1,2.8000000000000003,1.3,-3.6,6.6000000000000005,10.200000000000001,26.300000000000004,8.8,-20.3,16
6601,110566.0,-1.3,2.6,3.1,-3.9000000000000004,6.4,11.9,-4.5,20.2,-12.100000000000001,16
6602,110581.0,-0.6000000000000001,1.5,4.9,-3.2,5.300000000000001,13.8,-9.899999999999999,12.200000000000001,-3.3000000000000007,16
6603,110597.0,-0.1,0.8,5.5,-2.7,4.6000000000000005,14.4,-2.2,0.2,-2.2,16
6604,110614.0,0.7000000000000001,-0.1,5.300000000000001,-1.9000000000000001,3.7,14.3,30.5,-27.0,-6.4,16
6605,110631.0,1.4000000000000001,-0.30000000000000004,2.5,-1.0,3.8000000000000003,11.4,66.1,-42.2,-14.300000000000002,16
6606,110647.0,1.5,-0.30000000000000004,1.1,-0.8,3.8000000000000003,10.0,74.10000000000001,-42.2,-17.7,16
6607,110664.0,1.6,-0.4,-1.0,-0.7000000000000001,4.0,7.800000000000001,71.9,-33.800000000000004,-21.8,16
6608,110681.0,1.3,-0.4,-1.8,-1.0,4.1000000000000005,7.0,50.900000000000006,-21.6,-23.5,16
6609,110697.0,0.9,-0.4,-1.8,-1.3,4.1000000000000005,6.9,38.60000000000001,-16.3,-22.700000000000003,16
6610,110714.0,0.1,-0.7000000000000001,-1.5,-2.1,3.9000000000000004,7.1000000000000005,17.9,-10.0,-15.5,16
6611,110731.0,0.1,-1.2000000000000002,-0.8,-2.1,3.4000000000000004,7.9,6.0,-14.400000000000002,-3.5,16
6612,110747.0,0.2,-1.5,-0.30000000000000004,-1.9000000000000001,3.1,8.4,5.500000000000001,-20.1,-0.1,16
6613,110764.0,0.5,-2.0,-0.1,-1.6,2.6,8.5,17.0,-35.599999999999994,0.0,16
6614,110781.0,0.4,-2.4000000000000004,-0.8,-1.5,2.3000000000000003,7.9,33.1,-47.900000000000006,-6.600000000000001,16
6615,110797.0,0.30000000000000004,-2.5,-1.3,-1.6,2.3000000000000003,7.4,39.2,-53.10000000000001,-9.899999999999999,16
6616,110814.0,0.2,-2.4000000000000004,-2.4000000000000004,-1.5,2.5,6.2,48.10000000000001,-60.7,-13.399999999999999,16
6617,110831.0,0.0,-2.1,-3.4000000000000004,-1.5,2.8000000000000003,5.1000000000000005,47.400000000000006,-56.9,-13.200000000000003,16
6618,110849.0,0.0,-2.0,-3.5,-1.5,3.3000000000000003,4.9,42.800000000000004,-52.2,-11.900000000000002,16
6619,110866.0,-0.1,-1.6,-3.4000000000000004,-1.5,3.5,4.9,29.1,-37.1,-7.400000000000001,16
6620,110883.0,0.2,-1.4000000000000001,-2.3000000000000003,-1.1,3.8000000000000003,6.0,13.6,-18.8,-1.8000000000000003,16
6621,110899.0,0.5,-1.4000000000000001,-0.6000000000000001,-0.8,3.8000000000000003,7.7,8.5,-8.600000000000001,-2.7,16
6622,110914.0,0.4,-1.3,-0.1,-0.8,3.8000000000000003,8.200000000000001,10.200000000000001,-4.7,-5.0,16
6623,110930.0,-0.1,-1.3,0.30000000000000004,-1.4000000000000001,3.9000000000000004,8.6,13.8,3.9,-7.9,16
6624,110947.0,-0.5,-1.2000000000000002,0.7000000000000001,-2.0,3.9000000000000004,9.3,14.600000000000001,7.200000000000001,-7.0,16
6625,110964.0,-0.8,-1.4000000000000001,1.1,-2.1,3.8000000000000003,9.3,22.4,4.4,-1.1,16
6626,110981.0,-0.7000000000000001,-1.4000000000000001,0.30000000000000004,-2.0,3.9000000000000004,8.5,34.1,-6.2,5.0,16
6627,110997.0,-0.30000000000000004,-1.3,-0.8,-1.6,4.1000000000000005,7.300000000000001,37.300000000000004,-11.000000000000002,7.0,16
6628,111014.0,-0.30000000000000004,-1.4000000000000001,-1.2000000000000002,-1.5,4.1000000000000005,6.9,41.1,-14.300000000000002,7.300000000000001,16
6629,111031.0,-0.4,-1.3,-1.5,-1.8,4.2,5.9,41.7,-5.2,6.1000000000000005,16
6630,111047.0,-0.8,-1.1,-2.9000000000000004,-2.1,4.5,5.0,38.2,1.9,6.2,16
6631,111064.0,-0.8,-0.9,-3.0,-2.1,4.800000000000001,4.800000000000001,19.400000000000002,19.700000000000003,9.600000000000001,16
6632,111081.0,-0.8,-0.9,-2.4000000000000004,-2.1,4.800000000000001,5.4,-8.899999999999999,31.0,11.3,16
6633,111097.0,-0.6000000000000001,-0.6000000000000001,-2.0,-2.0,5.0,5.9,-22.6,32.8,10.4,16
6634,111114.0,-0.8,-0.7000000000000001,-1.7000000000000002,-2.2,4.800000000000001,6.2,-52.2,30.799999999999997,6.0,16
6635,111131.0,-1.8,-0.7000000000000001,-1.1,-3.3000000000000003,4.6000000000000005,6.9,-92.50000000000001,32.1,2.0,16
6636,111148.0,-3.2,-0.6000000000000001,1.1,-4.9,4.4,9.3,-147.29999999999998,48.2,10.8,16
6637,111166.0,-3.3000000000000003,-0.8,3.1,-5.1000000000000005,3.9000000000000004,11.4,-168.3,52.80000000000001,19.799999999999997,16
6638,111182.0,-2.5,-1.5,7.4,-4.4,2.7,16.0,-169.8,44.5,28.0,16
6639,111197.0,-1.8,-1.2000000000000002,8.700000000000001,-3.7,2.6,17.5,-113.89999999999999,19.300000000000004,14.200000000000001,16
6640,111214.0,-1.5,-0.6000000000000001,8.0,-3.4000000000000004,3.0,16.900000000000002,-74.7,7.8,5.1000000000000005,16
6641,111231.0,-1.4000000000000001,-0.5,4.800000000000001,-3.3000000000000003,3.1,13.8,-2.8,3.3000000000000007,-10.700000000000001,16
6642,111247.0,-1.4000000000000001,-0.4,0.9,-3.5,3.3000000000000003,9.9,38.1,25.200000000000003,-24.0,16
6643,111264.0,-1.7000000000000002,-0.30000000000000004,-0.5,-3.8000000000000003,3.5,8.4,44.2,41.800000000000004,-27.099999999999998,16
6644,111281.0,-1.9000000000000001,0.0,-2.1,-4.3,3.8000000000000003,6.7,38.50000000000001,71.7,-20.5,16
6645,111297.0,-1.3,-0.2,-2.9000000000000004,-4.0,3.8000000000000003,5.800000000000001,24.599999999999998,83.2,-4.9,16
6646,111314.0,-1.0,-0.30000000000000004,-3.1,-3.8000000000000003,3.6,5.6000000000000005,16.5,80.7,2.8,16
6647,111331.0,-0.4,-0.5,-3.3000000000000003,-3.4000000000000004,3.5,5.2,-1.2000000000000002,63.900000000000006,17.6,16
6648,111347.0,0.30000000000000004,-0.7000000000000001,-3.2,-2.8000000000000003,3.3000000000000003,5.300000000000001,-15.399999999999999,42.0,30.200000000000003,16
6649,111364.0,0.6000000000000001,-0.7000000000000001,-3.0,-2.5,3.2,5.4,-19.700000000000003,32.7,34.7,16
6650,111381.0,1.3,-0.8,-2.5,-1.9000000000000001,3.1,5.9,-21.500000000000004,21.7,39.400000000000006,16
6651,111397.0,1.7000000000000002,-0.6000000000000001,-2.2,-1.4000000000000001,3.3000000000000003,6.2,-15.299999999999999,22.4,39.400000000000006,16
6652,111414.0,2.0,-0.30000000000000004,-1.9000000000000001,-1.1,3.6,6.5,-10.9,26.799999999999997,38.60000000000001,16
6653,111431.0,2.5,-0.30000000000000004,-1.5,-0.6000000000000001,3.7,6.800000000000001,0.8,36.8,34.7,16
6654,111447.0,2.5,0.30000000000000004,-1.8,-0.7000000000000001,4.3,6.5,6.600000000000001,40.4,25.300000000000004,16
6655,111464.0,2.4000000000000004,0.7000000000000001,-1.8,-0.9,4.7,6.4,5.0,39.599999999999994,21.300000000000004,16
6656,111481.0,1.8,1.3,-1.5,-1.5,5.300000000000001,6.7,-8.5,32.0,16.5,16
6657,111497.0,1.2000000000000002,1.7000000000000002,-0.2,-2.1,5.6000000000000005,8.0,-28.1,19.9,14.5,16
6658,111514.0,0.9,1.8,0.8,-2.4000000000000004,5.7,9.1,-34.2,12.7,13.900000000000002,16
6659,111531.0,0.5,2.0,2.4000000000000004,-2.8000000000000003,5.9,10.600000000000001,-31.0,-0.8,13.900000000000002,16
6660,111547.0,0.5,1.9000000000000001,3.1,-2.8000000000000003,5.800000000000001,11.4,-16.6,-18.6,11.900000000000002,16
6661,111564.0,0.4,1.9000000000000001,3.2,-2.8000000000000003,5.800000000000001,11.600000000000001,-8.2,-29.1,8.700000000000001,16
6662,111581.0,0.30000000000000004,1.9000000000000001,2.8000000000000003,-2.8000000000000003,5.800000000000001,11.200000000000001,6.300000000000001,-42.2,2.3,16
6663,111597.0,0.2,2.2,2.6,-2.7,6.1000000000000005,11.100000000000001,13.5,-40.4,-5.2,16
6664,111614.0,0.1,2.1,2.8000000000000003,-2.9000000000000004,6.1000000000000005,11.4,15.899999999999999,-32.7,-8.5,16
6665,111631.0,0.1,2.0,3.2,-2.8000000000000003,6.1000000000000005,11.8,27.700000000000003,-16.0,-13.5,16
6666,111647.0,0.30000000000000004,2.1,2.4000000000000004,-2.6,6.300000000000001,10.9,44.4,-9.5,-18.0,16
6667,111664.0,0.4,2.3000000000000003,1.6,-2.5,6.5,10.100000000000001,46.4,-11.1,-17.799999999999997,16
6668,111681.0,0.2,2.4000000000000004,0.5,-2.6,6.7,9.0,31.3,-20.8,-12.600000000000001,16
6669,111697.0,0.2,2.7,0.4,-2.5,7.1000000000000005,8.8,-4.1,-26.799999999999997,-1.8000000000000003,16
6670,111714.0,0.30000000000000004,2.6,1.0,-2.5,7.0,9.5,-26.9,-27.099999999999998,4.0,16
6671,111731.0,0.9,1.5,4.1000000000000005,-1.7000000000000002,5.7,12.8,-56.800000000000004,-29.0,15.899999999999999,16
6672,111748.0,2.2,0.2,6.4,-0.2,4.3,15.200000000000001,-38.400000000000006,-51.1,11.6,16
6673,111767.0,2.3000000000000003,0.0,5.300000000000001,0.1,4.1000000000000005,14.200000000000001,8.3,-67.3,-8.8,16
6674,111780.0,2.1,0.30000000000000004,3.9000000000000004,-0.1,4.4,12.9,28.600000000000005,-66.9,-17.9,16
6675,111797.0,1.6,0.4,1.5,-0.4,4.7,10.5,48.0,-47.900000000000006,-25.4,16
6676,111814.0,1.4000000000000001,0.4,0.1,-0.6000000000000001,4.800000000000001,9.0,44.300000000000004,-22.000000000000004,-28.400000000000002,16
6677,111831.0,1.1,0.30000000000000004,-0.1,-0.8,4.800000000000001,8.700000000000001,37.2,-11.900000000000002,-29.800000000000004,16
6678,111847.0,0.4,-0.1,-0.30000000000000004,-1.6,4.4,8.6,26.1,2.6,-30.599999999999998,16
6679,111864.0,-0.1,-0.6000000000000001,-0.2,-2.1,3.9000000000000004,8.6,23.099999999999998,8.5,-27.6,16
6680,111881.0,-0.30000000000000004,-0.9,-0.2,-2.3000000000000003,3.6,8.5,25.4,9.0,-26.300000000000004,16
6681,111897.0,-0.4,-1.5,-0.6000000000000001,-2.6,3.1,8.1,35.699999999999996,2.2,-23.700000000000003,16
6682,111914.0,-0.4,-2.0,-1.3,-2.6,2.7,7.300000000000001,49.199999999999996,-12.5,-22.4,16
6683,111931.0,-0.4,-2.3000000000000003,-1.8,-2.5,2.5,6.7,54.4,-20.0,-21.8,16
6684,111947.0,-0.30000000000000004,-2.6,-2.7,-2.4000000000000004,2.4000000000000004,5.7,60.7,-32.400000000000006,-20.8,16
6685,111964.0,-0.2,-2.7,-3.2,-2.1,2.4000000000000004,4.7,61.50000000000001,-36.6,-19.400000000000002,16
6686,111981.0,0.2,-2.7,-3.8000000000000003,-1.8,2.5,4.5,57.3,-39.8,-16.200000000000003,16
6687,111997.0,0.6000000000000001,-2.6,-3.5,-1.3,2.6,4.7,51.2,-36.8,-16.900000000000002,16
6688,112014.0,0.8,-2.4000000000000004,-2.6,-1.0,3.0,5.5,50.8,-24.7,-20.7,16
6689,112031.0,0.7000000000000001,-2.3000000000000003,-2.2,-1.1,3.1,5.9,53.400000000000006,-17.7,-23.5,16
6690,112047.0,0.5,-2.2,-2.2,-1.4000000000000001,3.6,5.7,55.3,-7.300000000000001,-28.800000000000004,16
6691,112064.0,-0.4,-1.4000000000000001,-1.8,-2.3000000000000003,4.2,6.0,38.800000000000004,2.1,-31.400000000000002,16
6692,112081.0,-0.8,-1.2000000000000002,-1.2000000000000002,-2.7,4.5,6.6000000000000005,30.000000000000004,7.200000000000001,-29.300000000000004,16
6693,112097.0,-1.2000000000000002,-0.9,0.1,-3.3000000000000003,4.9,7.800000000000001,18.1,17.9,-19.200000000000003,16
6694,112114.0,-1.3,-0.9,0.8,-3.4000000000000004,4.9,8.5,15.2,18.8,-12.9,16
6695,112132.0,-1.2000000000000002,-0.8,1.0,-3.1,4.9,8.8,11.6,9.100000000000001,-2.3,16
6696,112149.0,-0.8,-1.0,1.2000000000000002,-2.9000000000000004,4.800000000000001,8.8,9.5,-4.4,3.9,16
6697,112164.0,-0.6000000000000001,-1.1,1.0,-2.6,4.6000000000000005,8.5,8.3,-10.700000000000001,4.7,16
6698,112180.0,-0.30000000000000004,-1.0,0.7000000000000001,-2.4000000000000004,4.800000000000001,8.4,2.8,-19.5,4.300000000000001,16
6699,112197.0,0.0,-0.8,0.5,-2.0,5.0,8.200000000000001,-3.9,-15.299999999999999,2.5,16
6700,112214.0,-0.1,-0.5,0.4,-2.1,5.2,8.200000000000001,-7.200000000000001,-11.900000000000002,-0.6000000000000001,16
6701,112230.0,-0.30000000000000004,-0.5,0.4,-2.3000000000000003,5.2,8.200000000000001,-13.8,-6.8,-10.200000000000001,16
6702,112247.0,-0.8,-0.2,0.2,-2.8000000000000003,5.5,8.0,-19.0,-0.4,-15.700000000000001,16
6703,112264.0,-1.5,-0.2,-0.2,-3.6,5.300000000000001,7.6000000000000005,-32.400000000000006,11.6,-15.2,16
6704,112280.0,-1.9000000000000001,-0.1,-0.4,-4.1000000000000005,5.4,7.5,-44.00000000000001,18.5,-11.8,16
6705,112297.0,-2.6,-0.1,0.0,-4.9,5.2,8.0,-78.7,31.5,1.4,16
6706,112315.0,-2.5,-0.9,2.1,-4.9,4.1000000000000005,10.3,-108.2,36.400000000000006,15.899999999999999,16
6707,112344.0,-1.4000000000000001,-1.6,4.0,-3.8000000000000003,3.0,12.4,-79.1,19.1,18.8,16
6708,112349.0,-1.4000000000000001,-1.6,4.0,-3.8000000000000003,3.0,12.4,-79.1,19.1,18.8,16
6709,112374.0,-1.0,-1.4000000000000001,0.6000000000000001,-3.4000000000000004,3.1,9.1,-34.1,8.8,12.200000000000001,16
6710,112400.0,-0.8,-1.3,-1.8,-3.3000000000000003,3.1,6.7,-6.8,20.3,9.5,16
6711,112414.0,-1.0,-1.2000000000000002,-3.1,-3.5,3.2,5.4,-18.700000000000003,33.7,14.700000000000001,16
6712,112431.0,-0.9,-1.1,-3.4000000000000004,-3.4000000000000004,3.1,5.0,-29.600000000000005,38.50000000000001,20.8,16
6713,112447.0,-0.5,-1.3,-3.5,-3.2,3.0,5.0,-54.4,38.400000000000006,36.2,16
6714,112464.0,0.4,-1.4000000000000001,-2.7,-2.3000000000000003,2.6,5.800000000000001,-79.1,25.8,49.1,16
6715,112481.0,0.9,-1.5,-2.0,-1.5,2.2,7.2,-86.60000000000001,16.5,52.00000000000001,16
6716,112497.0,1.5,-1.4000000000000001,-0.8,-1.1,2.3000000000000003,7.9,-86.60000000000001,1.3,51.0,16
6717,112514.0,1.9000000000000001,-1.0,0.4,-0.6000000000000001,2.5,9.1,-65.4,-5.2,42.60000000000001,16
6718,112530.0,2.1,-0.8,0.2,-0.4,2.9000000000000004,8.4,-46.6,-2.2,37.300000000000004,16
6719,112547.0,2.1,-0.1,-1.1,-0.4,3.3000000000000003,7.7,-14.600000000000001,15.299999999999999,26.200000000000003,16
6720,112564.0,2.0,0.5,-2.1,-0.6000000000000001,3.9000000000000004,6.7,-0.6000000000000001,34.0,20.2,16
6721,112580.0,1.9000000000000001,1.1,-2.5,-0.7000000000000001,4.5,6.2,-0.4,40.0,19.400000000000002,16
6722,112597.0,1.9000000000000001,1.4000000000000001,-2.4000000000000004,-0.7000000000000001,4.800000000000001,6.300000000000001,-8.600000000000001,44.2,17.5,16
6723,112614.0,1.9000000000000001,2.0,-2.0,-0.8,5.4,6.7,-24.3,43.2,14.900000000000002,16
6724,112630.0,1.3,2.3000000000000003,-0.5,-1.5,5.7,8.1,-34.800000000000004,40.9,12.4,16
6725,112647.0,0.9,2.5,0.5,-2.0,5.800000000000001,9.1,-51.0,31.400000000000002,8.0,16
6726,112666.0,0.0,2.6,2.5,-2.9000000000000004,5.7,11.200000000000001,-54.6,15.299999999999999,6.500000000000001,16
6727,112681.0,-0.1,2.7,3.6,-3.0,5.800000000000001,13.100000000000001,-49.0,6.1000000000000005,6.699999999999999,16
6728,112697.0,0.1,2.7,4.5,-2.9000000000000004,5.7,13.3,-20.2,-11.6,4.7,16
6729,112714.0,0.5,2.9000000000000004,4.0,-2.4000000000000004,5.9,12.9,11.1,-27.9,-4.4,16
6730,112731.0,0.5,2.9000000000000004,3.2,-2.3000000000000003,6.1000000000000005,12.100000000000001,32.300000000000004,-28.3,-17.200000000000003,16
6731,112747.0,0.30000000000000004,3.0,2.8000000000000003,-2.4000000000000004,6.2,11.700000000000001,37.800000000000004,-25.200000000000003,-23.099999999999998,16
6732,112764.0,0.0,2.8000000000000003,2.8000000000000003,-2.7,6.2,11.700000000000001,41.4,-15.299999999999999,-32.8,16
6733,112780.0,-0.30000000000000004,2.4000000000000004,3.5,-3.1,5.9,12.4,49.50000000000001,-5.6,-39.8,16
6734,112797.0,-0.30000000000000004,2.4000000000000004,3.4000000000000004,-3.1,6.0,12.3,59.80000000000001,-2.9,-42.3,16
6735,112814.0,-0.2,2.6,2.0,-3.1,6.300000000000001,10.8,73.0,0.2,-41.4,16
6736,112830.0,-0.2,2.6,1.1,-3.1,6.6000000000000005,9.9,60.400000000000006,-7.500000000000001,-36.2,16
6737,112847.0,0.1,2.8000000000000003,1.2000000000000002,-2.8000000000000003,6.800000000000001,9.9,49.199999999999996,-11.900000000000002,-33.6,16
6738,112864.0,0.30000000000000004,2.3000000000000003,2.1,-2.6,6.300000000000001,10.8,28.700000000000003,-14.5,-30.3,16
6739,112880.0,0.5,1.7000000000000002,3.2,-2.4000000000000004,5.9,11.9,25.1,-11.000000000000002,-27.0,16
6740,112897.0,0.8,1.1,3.4000000000000004,-2.0,5.300000000000001,12.100000000000001,31.799999999999997,-8.600000000000001,-25.900000000000002,16
6741,112914.0,1.7000000000000002,0.30000000000000004,2.6,-1.2000000000000002,4.6000000000000005,11.200000000000001,54.9,-12.600000000000001,-29.300000000000004,16
6742,112930.0,2.0,0.2,0.7000000000000001,-0.8,4.7,9.200000000000001,71.39999999999999,-17.7,-37.800000000000004,16
6743,112948.0,2.0,0.30000000000000004,-0.2,-0.8,4.9,8.3,73.5,-18.6,-39.8,16
6744,112964.0,1.8,0.7000000000000001,-1.3,-1.0,5.4,7.2,68.5,-10.4,-38.400000000000006,16
6745,112981.0,1.7000000000000002,0.7000000000000001,-1.7000000000000002,-1.2000000000000002,5.6000000000000005,6.6000000000000005,56.10000000000001,6.4,-34.800000000000004,16
6746,112997.0,1.6,0.6000000000000001,-1.5,-1.4000000000000001,5.5,6.7,50.1,15.399999999999999,-33.9,16
6747,113014.0,1.1,0.1,-0.7000000000000001,-2.0,5.1000000000000005,7.4,46.199999999999996,27.3,-33.6,16
6748,113030.0,0.5,-0.30000000000000004,-0.1,-2.7,4.9,7.9,51.50000000000001,29.700000000000006,-33.400000000000006,16
6749,113047.0,0.1,-0.5,-0.2,-3.1,4.7,7.7,55.8,29.700000000000006,-31.3,16
6750,113064.0,-0.5,-0.8,-0.8,-3.9000000000000004,4.6000000000000005,7.0,58.1,18.8,-22.700000000000003,16
6751,113080.0,-0.6000000000000001,-1.1,-1.1,-4.0,4.3,6.5,48.9,-2.5,-10.600000000000001,16
6752,113097.0,-0.6000000000000001,-1.3,-1.1,-4.0,4.2,6.5,44.2,-14.800000000000002,-4.1,16
6753,113114.0,0.0,-1.8,-0.8,-3.4000000000000004,3.8000000000000003,6.800000000000001,39.300000000000004,-38.2,7.200000000000001,16
6754,113130.0,0.30000000000000004,-2.3000000000000003,-0.5,-2.8000000000000003,3.4000000000000004,7.1000000000000005,39.50000000000001,-66.1,9.700000000000001,16
6755,113147.0,0.30000000000000004,-2.4000000000000004,-0.5,-2.7,3.3000000000000003,7.0,40.300000000000004,-79.39999999999999,8.100000000000001,16
6756,113164.0,0.1,-2.2,-0.6000000000000001,-2.7,3.6,7.0,41.800000000000004,-91.0,5.8,16
6757,113181.0,0.2,-2.2,-0.6000000000000001,-2.3000000000000003,3.7,7.0,45.3,-81.4,5.7,16
6758,113197.0,0.2,-2.2,-0.8,-2.0,4.0,6.6000000000000005,46.800000000000004,-73.10000000000001,5.0,16
6759,113214.0,0.4,-1.9000000000000001,-1.1,-1.9000000000000001,4.2,6.300000000000001,46.1,-47.5,2.8,16
6760,113230.0,0.30000000000000004,-1.8,-1.1,-1.9000000000000001,4.3,6.300000000000001,38.400000000000006,-19.300000000000004,0.8,16
6761,113248.0,0.1,-1.8,-0.5,-2.1,4.4,6.800000000000001,31.5,6.4,-1.3,16
6762,113264.0,0.0,-1.9000000000000001,-0.2,-2.3000000000000003,4.4,7.1000000000000005,30.1,15.899999999999999,-1.2000000000000002,16
6763,113281.0,-0.6000000000000001,-2.0,0.0,-2.9000000000000004,4.4,7.2,30.699999999999996,26.9,0.9000000000000001,16
6764,113297.0,-0.8,-2.2,-0.1,-3.1,4.3,7.1000000000000005,28.600000000000005,30.000000000000004,3.4,16
6765,113314.0,-0.9,-2.3000000000000003,-0.1,-3.3000000000000003,4.1000000000000005,7.0,16.1,26.6,7.500000000000001,16
6766,113331.0,-1.0,-2.1,0.0,-3.5,4.3,7.1000000000000005,-3.4,21.300000000000004,9.3,16
6767,113347.0,-1.1,-1.8,0.4,-3.6,4.5,7.5,-22.2,16.8,10.5,16
6768,113364.0,-1.2000000000000002,-1.8,0.8,-3.6,4.5,7.9,-28.0,13.3,10.5,16
6769,113380.0,-1.4000000000000001,-1.9000000000000001,1.2000000000000002,-3.9000000000000004,4.3,8.3,-28.200000000000003,11.3,6.4,16
6770,113397.0,-1.4000000000000001,-1.7000000000000002,0.8,-4.0,4.7,7.300000000000001,-26.200000000000003,11.6,4.1,16
6771,113416.0,-1.5,-1.1,-0.8,-4.0,5.0,6.5,-33.2,13.100000000000001,1.8000000000000003,16
6772,113430.0,-1.9000000000000001,-0.5,-2.2,-4.5,5.5,5.2,-66.9,12.200000000000001,6.2,16
6773,113447.0,-2.8000000000000003,-0.30000000000000004,-1.7000000000000002,-5.4,5.4,5.9,-124.39999999999999,10.299999999999999,19.0,16
6774,113464.0,-3.1,-0.4,-0.1,-5.7,5.1000000000000005,7.6000000000000005,-151.6,11.1,27.9,16
6775,113480.0,-2.5,-1.2000000000000002,3.9000000000000004,-5.1000000000000005,3.9000000000000004,11.9,-172.8,10.9,44.00000000000001,16
6776,113497.0,-1.4000000000000001,-1.4000000000000001,6.7,-4.0,3.3000000000000003,15.0,-136.9,-4.2,39.0,16
6777,113514.0,-1.1,-1.2000000000000002,6.800000000000001,-3.6,3.3000000000000003,15.200000000000001,-101.50000000000001,-10.200000000000001,30.000000000000004,16
6778,113530.0,-1.2000000000000002,-0.8,4.0,-3.6,3.6,12.600000000000001,-24.7,-6.1000000000000005,11.6,16
6779,113550.0,-1.3,-0.4,0.2,-3.8000000000000003,4.0,8.8,16.1,11.4,3.1,16
6780,113565.0,-1.3,-0.2,-1.2000000000000002,-3.9000000000000004,4.3,7.300000000000001,21.400000000000002,18.0,2.9,16
6781,113581.0,-1.2000000000000002,0.1,-3.2,-3.8000000000000003,4.6000000000000005,5.300000000000001,13.200000000000003,23.900000000000006,9.4,16
6782,113597.0,-1.0,-0.1,-3.9000000000000004,-3.6,4.4,4.5,-8.0,20.8,23.900000000000006,16
6783,113614.0,-0.7000000000000001,-0.30000000000000004,-4.0,-3.3000000000000003,4.2,4.4,-19.300000000000004,14.800000000000002,32.0,16
6784,113630.0,-0.1,-0.6000000000000001,-3.6,-2.7,3.9000000000000004,4.800000000000001,-37.400000000000006,1.5,47.1,16
6785,113647.0,0.7000000000000001,-0.6000000000000001,-3.1,-1.8,3.8000000000000003,5.4,-43.300000000000004,-6.8,56.800000000000004,16
6786,113664.0,0.9,-0.5,-2.8000000000000003,-1.5,3.8000000000000003,5.7,-41.4,-5.500000000000001,58.5,16
6787,113680.0,1.3,-0.4,-2.3000000000000003,-1.0,3.9000000000000004,6.2,-29.900000000000006,7.8,56.50000000000001,16
6788,113697.0,1.5,0.0,-2.3000000000000003,-0.8,4.2,6.2,-17.6,25.6,50.0,16
6789,113714.0,1.5,0.2,-2.3000000000000003,-0.8,4.4,6.2,-14.0,29.800000000000004,47.400000000000006,16
6790,113730.0,1.5,0.8,-2.2,-0.8,5.0,6.300000000000001,-12.7,34.2,44.6,16
6791,113747.0,1.3,1.3,-1.7000000000000002,-1.0,5.6000000000000005,6.800000000000001,-21.500000000000004,38.2,43.2,16
6792,113764.0,1.2000000000000002,1.5,-1.1,-1.2000000000000002,5.7,7.300000000000001,-27.6,38.0,43.4,16
6793,113781.0,1.0,1.8,0.0,-1.4000000000000001,6.0,8.4,-38.1,39.400000000000006,41.6,16
6794,113797.0,0.7000000000000001,1.9000000000000001,1.2000000000000002,-1.8,6.0,9.700000000000001,-44.8,39.2,38.1,16
6795,113814.0,0.4,1.8,1.9000000000000001,-2.1,5.9,10.4,-44.5,34.900000000000006,36.0,16
6796,113831.0,0.30000000000000004,1.7000000000000002,2.9000000000000004,-2.2,5.7,11.5,-30.3,16.5,33.0,16
6797,113847.0,0.6000000000000001,1.9000000000000001,1.9000000000000001,-1.9000000000000001,5.9,10.5,-5.0,-10.200000000000001,29.900000000000006,16
6798,113871.0,1.2000000000000002,2.1,0.30000000000000004,-1.1,6.1000000000000005,8.9,3.7000000000000006,-32.8,22.8,16
6799,113883.0,1.2000000000000002,2.2,0.2,-1.0,6.2,8.9,1.9,-38.400000000000006,17.0,16
6800,113897.0,1.1,2.2,0.5,-1.0,6.300000000000001,9.200000000000001,1.3,-34.400000000000006,4.4,16
6801,113914.0,1.0,2.1,0.6000000000000001,-1.1,6.300000000000001,9.3,2.8,-26.300000000000004,-2.2,16
6802,113931.0,0.5,2.1,0.6000000000000001,-1.6,6.2,9.3,8.100000000000001,-16.0,-13.3,16
6803,113948.0,-0.2,2.3000000000000003,0.2,-2.2,6.4,8.9,10.200000000000001,-12.4,-11.900000000000002,16
6804,113964.0,-0.5,2.2,0.1,-2.5,6.6000000000000005,8.700000000000001,5.2,-11.1,-7.300000000000001,16
6805,113981.0,-0.4,2.6,0.4,-2.4000000000000004,6.800000000000001,9.1,-21.8,-0.8,4.2,16
6806,113997.0,-0.2,2.2,2.7,-2.2,6.300000000000001,11.5,-52.7,7.1000000000000005,14.300000000000002,16
6807,114014.0,0.5,0.8,6.1000000000000005,-1.5,4.7,15.0,-58.400000000000006,3.3000000000000007,16.6,16
6808,114030.0,0.8,0.30000000000000004,6.7,-1.1,4.1000000000000005,15.700000000000001,-37.9,-24.200000000000003,9.2,16
6809,114047.0,0.8,0.2,5.6000000000000005,-1.0,4.0,14.600000000000001,7.200000000000001,-48.10000000000001,-9.8,16
6810,114064.0,0.7000000000000001,0.7000000000000001,4.2,-0.9,4.800000000000001,11.9,26.400000000000006,-47.0,-15.5,16
6811,114080.0,1.0,0.8,1.8,-0.6000000000000001,4.9,10.8,43.300000000000004,-22.5,-17.400000000000002,16
6812,114097.0,1.5,1.0,0.8,-0.2,5.1000000000000005,9.8,36.7,6.4,-24.1,16
6813,114114.0,0.5,0.9,1.1,-1.2000000000000002,5.1000000000000005,10.100000000000001,24.1,33.400000000000006,-30.000000000000004,16
6814,114131.0,0.5,0.8,1.7000000000000002,-1.4000000000000001,5.0,10.700000000000001,21.1,41.4,-29.0,16
6815,114149.0,0.7000000000000001,-0.2,3.3000000000000003,-1.3,4.1000000000000005,12.200000000000001,29.800000000000004,36.8,-28.500000000000004,16
6816,114164.0,0.6000000000000001,-0.7000000000000001,3.4000000000000004,-1.6,3.3000000000000003,12.100000000000001,57.20000000000001,8.700000000000001,-35.599999999999994,16
6817,114181.0,0.2,-1.4000000000000001,2.6,-1.9000000000000001,3.1,11.4,73.4,-3.9,-39.50000000000001,16
6818,114197.0,-0.6000000000000001,-1.9000000000000001,0.5,-2.7,2.9000000000000004,9.200000000000001,100.30000000000001,-17.400000000000002,-39.8,16
6819,114214.0,-0.7000000000000001,-2.1,-0.6000000000000001,-2.7,2.7,6.9,112.4,-19.700000000000003,-31.6,16
6820,114230.0,-0.30000000000000004,-2.5,-2.5,-2.5,2.7,5.9,112.30000000000001,-19.9,-27.400000000000002,16
6821,114247.0,0.1,-2.8000000000000003,-3.6,-2.1,2.6,4.6000000000000005,98.50000000000001,-24.0,-22.9,16
6822,114264.0,0.0,-2.8000000000000003,-3.7,-2.1,2.8000000000000003,4.3,79.19999999999999,-32.6,-21.400000000000002,16
6823,114281.0,-0.1,-2.7,-3.8000000000000003,-2.1,3.0,4.1000000000000005,70.5,-35.2,-20.1,16
6824,114297.0,-0.2,-2.4000000000000004,-3.8000000000000003,-2.2,3.5,4.0,49.6,-36.7,-15.2,16
6825,114314.0,-0.30000000000000004,-2.1,-2.7,-2.2,3.8000000000000003,5.0,28.500000000000004,-38.1,-7.6,16
6826,114330.0,-0.2,-2.0,-2.1,-2.1,3.9000000000000004,5.6000000000000005,21.500000000000004,-39.400000000000006,-4.0,16
6827,114347.0,-0.30000000000000004,-1.8,-1.3,-2.1,4.2,6.4,14.800000000000002,-34.60000000000001,1.1,16
6828,114364.0,-0.1,-1.5,-1.1,-1.8,4.5,6.6000000000000005,10.8,-23.2,5.4,16
6829,114380.0,-0.1,-1.5,-0.9,-1.8,4.4,6.800000000000001,8.100000000000001,-16.900000000000002,5.7,16
6830,114397.0,-0.1,-1.5,-0.4,-1.7000000000000002,4.5,7.300000000000001,3.5,-7.699999999999999,4.1,16
6831,114414.0,-0.2,-1.5,-0.1,-2.0,4.5,7.7,2.5,-1.7,0.2,16
6832,114430.0,-0.7000000000000001,-1.5,-0.1,-2.3000000000000003,4.4,7.6000000000000005,3.4,0.5,-0.5,16
6833,114447.0,-0.30000000000000004,-0.8,-0.5,-1.9000000000000001,5.2,7.2,2.1,1.3,5.1000000000000005,16
6834,114464.0,-0.8,-0.7000000000000001,-0.2,-2.5,5.300000000000001,7.4,-5.4,9.5,2.2,16
6835,114480.0,-1.1,-1.0,0.0,-2.8000000000000003,5.0,7.7,-7.200000000000001,18.3,5.7,16
6836,114498.0,-0.6000000000000001,-0.6000000000000001,0.0,-2.3000000000000003,5.300000000000001,7.7,-9.600000000000001,26.1,10.600000000000001,16
6837,114514.0,-0.6000000000000001,-0.30000000000000004,0.6000000000000001,-2.4000000000000004,5.6000000000000005,8.3,-18.6,27.800000000000004,2.5,16
6838,114530.0,-1.0,-0.5,0.7000000000000001,-2.9000000000000004,5.4,8.4,-19.9,28.200000000000003,-1.6,16
6839,114547.0,-1.1,-0.2,0.0,-3.0,5.6000000000000005,7.800000000000001,-22.6,24.7,-1.6,16
6840,114564.0,-1.5,-0.4,-0.8,-3.5,5.300000000000001,6.9,-40.6,20.900000000000002,3.5,16
6841,114581.0,-1.8,-0.30000000000000004,-1.6,-3.8000000000000003,5.300000000000001,6.2,-58.60000000000001,16.6,9.4,16
6842,114597.0,-2.0,-0.2,-1.6,-4.0,5.1000000000000005,6.4,-123.7,0.5,25.0,16
6843,114614.0,-1.8,-1.5,3.8000000000000003,-3.7,3.4000000000000004,12.200000000000001,-175.70000000000002,-20.8,33.400000000000006,16
6844,114630.0,-1.6,-1.9000000000000001,5.800000000000001,-3.5,2.7,14.3,-165.4,-26.9,32.1,16
6845,114647.0,-1.1,-2.0,5.9,-2.9000000000000004,2.3000000000000003,14.700000000000001,-93.4,-25.6,22.700000000000003,16
6846,114664.0,-0.8,-1.6,1.9000000000000001,-2.5,2.5,10.700000000000001,-23.6,-12.100000000000001,6.4,16
6847,114680.0,-1.0,-1.4000000000000001,0.0,-2.7,2.8000000000000003,8.9,-6.9,-0.5,0.1,16
6848,114697.0,-1.3,-0.8,-2.7,-3.0,3.3000000000000003,6.1000000000000005,-0.4,31.0,-3.5,16
6849,114714.0,-0.9,-0.6000000000000001,-3.8000000000000003,-2.8000000000000003,3.5,5.0,-19.6,55.2,4.300000000000001,16
6850,114730.0,-0.6000000000000001,-0.4,-3.4000000000000004,-2.8000000000000003,3.5,5.7,-32.0,59.699999999999996,8.0,16
6851,114747.0,-0.2,-0.4,-2.4000000000000004,-2.3000000000000003,3.5,6.4,-48.10000000000001,50.0,16.1,16
6852,114764.0,-0.1,-0.4,-1.5,-2.3000000000000003,3.3000000000000003,7.300000000000001,-50.0,37.0,16.900000000000002,16
6853,114780.0,-0.2,-0.30000000000000004,-1.1,-2.6,3.5,8.1,-46.4,28.700000000000003,16.900000000000002,16
6854,114801.0,-0.2,0.1,-0.5,-2.6,3.7,8.3,-30.200000000000003,23.0,19.200000000000003,16
6855,114815.0,0.1,0.4,-0.8,-2.3000000000000003,4.0,8.0,-3.6000000000000005,30.5,25.8,16
6856,114835.0,1.0,0.7000000000000001,-2.1,-1.5,4.3,6.6000000000000005,16.200000000000003,36.2,31.2,16
6857,114847.0,1.2000000000000002,0.9,-2.6,-1.3,4.6000000000000005,6.1000000000000005,18.0,36.9,31.9,16
6858,114864.0,1.4000000000000001,1.4000000000000001,-2.9000000000000004,-1.2000000000000002,5.2,5.7,8.5,28.900000000000002,33.2,16
6859,114880.0,1.4000000000000001,2.1,-2.6,-1.1,5.9,6.0,0.6000000000000001,21.400000000000002,34.800000000000004,16
6860,114897.0,1.3,2.3000000000000003,-2.3000000000000003,-1.2000000000000002,6.1000000000000005,6.300000000000001,-17.200000000000003,9.600000000000001,40.1,16
6861,114914.0,1.0,2.5,-1.2000000000000002,-1.4000000000000001,6.300000000000001,7.4,-34.0,6.0,47.60000000000001,16
6862,114930.0,0.8,2.5,-0.4,-1.8,6.1000000000000005,9.1,-40.6,6.300000000000001,50.900000000000006,16
6863,114947.0,0.8,2.2,1.2000000000000002,-1.6,5.9,9.9,-45.099999999999994,6.699999999999999,55.1,16
6864,114964.0,1.2000000000000002,1.8,2.7,-1.1,5.5,11.4,-35.5,2.4000000000000004,50.2,16
6865,114980.0,1.3,1.6,3.5,-1.0,5.2,12.3,-9.700000000000001,-5.8,35.4,16
6866,114997.0,1.1,1.7000000000000002,3.2,-1.1,5.300000000000001,12.100000000000001,5.9,-12.5,27.5,16
6867,115014.0,0.8,1.9000000000000001,2.0,-1.3,5.6000000000000005,10.8,28.200000000000003,-23.2,14.100000000000001,16
6868,115030.0,0.5,1.9000000000000001,1.2000000000000002,-1.6,5.800000000000001,10.0,33.400000000000006,-25.5,4.2,16
6869,115048.0,0.4,1.9000000000000001,1.1,-1.6,5.800000000000001,9.9,31.6,-23.2,0.1,16
6870,115069.0,0.2,1.7000000000000002,1.4000000000000001,-1.8,5.800000000000001,10.200000000000001,28.900000000000002,-19.9,-7.300000000000001,16
6871,115081.0,0.2,1.8,1.3,-1.7000000000000002,5.9,10.100000000000001,30.200000000000003,-18.0,-9.4,16
6872,115097.0,0.30000000000000004,1.9000000000000001,1.0,-1.6,6.1000000000000005,9.8,31.6,-13.399999999999999,-9.8,16
6873,115114.0,0.2,2.0,0.9,-1.6,6.300000000000001,9.600000000000001,14.5,-4.5,-11.2,16
6874,115130.0,-0.1,2.2,2.8000000000000003,-2.0,6.4,11.600000000000001,-20.5,9.700000000000001,-11.2,16
6875,115147.0,0.0,1.7000000000000002,4.6000000000000005,-1.9000000000000001,5.9,13.4,-28.500000000000004,14.400000000000002,-8.700000000000001,16
6876,115164.0,0.7000000000000001,0.6000000000000001,6.6000000000000005,-1.3,4.7,15.5,-12.4,10.5,-7.500000000000001,16
6877,115180.0,1.4000000000000001,0.1,5.5,-0.6000000000000001,4.2,14.4,22.700000000000003,-13.5,-17.1,16
6878,115197.0,1.6,0.1,4.0,-0.4,4.3,12.9,37.1,-27.3,-23.099999999999998,16
6879,115214.0,1.2000000000000002,0.2,1.3,-0.7000000000000001,4.6000000000000005,10.200000000000001,40.9,-39.9,-30.4,16
6880,115230.0,0.8,0.2,0.5,-1.0,4.6000000000000005,9.4,17.400000000000002,-33.9,-31.6,16
6881,115247.0,0.5,0.0,0.6000000000000001,-1.3,4.4,9.5,6.300000000000001,-28.800000000000004,-30.599999999999998,16
6882,115264.0,0.7000000000000001,-0.4,1.1,-1.0,4.0,10.0,-2.8,-14.700000000000001,-24.900000000000002,16
6883,115280.0,1.2000000000000002,-1.3,1.8,-0.5,3.0,10.700000000000001,8.4,-6.4,-26.5,16
6884,115297.0,1.3,-1.7000000000000002,1.6,-0.5,2.7,10.600000000000001,20.7,-6.9,-32.6,16
6885,115314.0,0.9,-2.1,0.8,-0.9,2.4000000000000004,9.600000000000001,50.1,-8.5,-46.7,16
6886,115330.0,0.1,-2.4000000000000004,-0.7000000000000001,-1.8,2.2,8.0,75.9,-7.1000000000000005,-55.60000000000001,16
6887,115347.0,-0.30000000000000004,-2.5,-1.5,-2.2,2.2,7.2,84.6,-6.600000000000001,-56.0,16
6888,115364.0,-0.6000000000000001,-2.6,-2.8000000000000003,-2.5,2.3000000000000003,5.7,92.7,-6.9,-50.5,16
6889,115384.0,-0.2,-2.7,-3.9000000000000004,-2.2,2.5,4.4,89.4,-10.9,-42.2,16
6890,115397.0,-0.1,-2.6,-4.3,-2.1,2.6,3.9000000000000004,84.3,-16.0,-38.400000000000006,16
6891,115414.0,0.4,-2.4000000000000004,-4.2,-1.6,3.0,3.9000000000000004,68.2,-25.200000000000003,-32.8,16
6892,115430.0,0.5,-2.3000000000000003,-3.8000000000000003,-1.5,3.3000000000000003,4.6000000000000005,53.7,-27.400000000000002,-31.7,16
6893,115447.0,0.4,-2.0,-3.1,-1.6,3.6,4.800000000000001,48.400000000000006,-24.7,-30.699999999999996,16
6894,115464.0,0.5,-1.5,-2.6,-1.5,4.2,5.300000000000001,37.1,-14.800000000000002,-25.6,16
6895,115480.0,0.4,-1.3,-2.1,-1.6,4.4,5.7,22.1,-7.200000000000001,-19.300000000000004,16
6896,115497.0,0.30000000000000004,-1.2000000000000002,-1.8,-1.8,4.6000000000000005,6.4,13.3,-5.2,-16.4,16
6897,115514.0,0.30000000000000004,-1.0,-0.7000000000000001,-1.8,4.7,7.1000000000000005,-3.8,-2.2,-10.299999999999999,16
6898,115530.0,0.1,-1.1,1.1,-2.0,4.5,8.9,-8.700000000000001,-0.4,-5.8,16
6899,115547.0,0.0,-1.3,1.8,-2.0,4.4,9.9,-2.9,-1.1,-4.4,16
6900,115564.0,0.2,-1.2000000000000002,1.9000000000000001,-1.8,4.5,9.700000000000001,19.300000000000004,-4.4,-4.0,16
6901,115586.0,0.1,-1.0,0.8,-1.9000000000000001,4.7,8.6,35.599999999999994,-9.100000000000001,-6.500000000000001,16
6902,115598.0,-0.2,-0.8,-0.2,-2.2,5.0,7.5,36.9,-9.100000000000001,-6.8,16
6903,115614.0,-0.4,-0.7000000000000001,-0.6000000000000001,-2.4000000000000004,5.2,7.0,33.50000000000001,-6.699999999999999,-6.0,16
6904,115630.0,-0.4,-0.30000000000000004,-1.5,-2.4000000000000004,5.7,6.1000000000000005,19.400000000000002,-0.2,-1.7,16
6905,115651.0,-0.30000000000000004,0.2,-1.5,-2.3000000000000003,6.1000000000000005,6.1000000000000005,-5.500000000000001,4.4,-0.2,16
6906,115664.0,-0.4,0.1,-1.2000000000000002,-2.4000000000000004,6.0,6.4,-17.7,1.6,-2.2,16
6907,115681.0,-0.6000000000000001,0.30000000000000004,-0.9,-2.6,6.1000000000000005,6.7,-37.0,-6.4,-5.7,16
6908,115697.0,-1.2000000000000002,0.2,-1.1,-3.3000000000000003,5.800000000000001,6.6000000000000005,-56.6,2.5,-4.9,16
6909,115714.0,-1.6,0.2,-1.3,-3.7,5.800000000000001,6.5,-72.10000000000001,14.600000000000001,-1.8000000000000003,16
6910,115731.0,-2.3000000000000003,0.0,-0.1,-4.5,5.300000000000001,7.800000000000001,-121.9,42.60000000000001,7.300000000000001,16
6911,115747.0,-1.9000000000000001,-1.1,3.7,-4.2,3.8000000000000003,11.9,-155.20000000000002,43.2,12.299999999999999,16
6912,115764.0,-1.7000000000000002,-1.7000000000000002,5.5,-4.0,2.9000000000000004,13.8,-151.5,30.200000000000003,10.5,16
6913,115780.0,-1.5,-2.3000000000000003,6.7,-3.9000000000000004,1.9000000000000001,15.3,-105.20000000000002,-0.6000000000000001,-0.7,16
6914,115797.0,-1.2000000000000002,-1.7000000000000002,4.3,-3.5,2.5,13.0,-33.400000000000006,-19.300000000000004,-8.5,16
6915,115814.0,-0.9,-1.1,2.3000000000000003,-3.2,3.0,11.0,-6.0,-18.200000000000003,-10.4,16
6916,115830.0,-0.7000000000000001,-0.5,-0.9,-3.1,3.6,7.800000000000001,9.4,12.200000000000001,-8.899999999999999,16
6917,115847.0,-0.6000000000000001,0.1,-2.3000000000000003,-3.1,4.2,6.4,-5.7,43.900000000000006,-7.699999999999999,16
6918,115864.0,-0.6000000000000001,0.2,-2.5,-3.2,4.2,6.2,-17.200000000000003,55.0,-4.7,16
6919,115881.0,-0.4,-0.2,-1.9000000000000001,-3.2,3.8000000000000003,6.7,-36.2,63.10000000000001,5.4,16
6920,115897.0,0.30000000000000004,-0.30000000000000004,-1.4000000000000001,-2.7,3.5,7.2,-42.60000000000001,55.1,14.900000000000002,16
6921,115914.0,0.6000000000000001,-0.4,-1.3,-2.3000000000000003,3.4000000000000004,7.300000000000001,-42.0,45.7,17.799999999999997,16
6922,115930.0,1.0,-0.4,-1.1,-2.1,3.3000000000000003,7.5,-35.699999999999996,21.1,19.0,16
6923,115947.0,1.0,-0.30000000000000004,-1.4000000000000001,-2.0,3.3000000000000003,7.2,-20.7,1.6,20.599999999999998,16
6924,115964.0,1.1,-0.30000000000000004,-1.8,-1.9000000000000001,3.4000000000000004,6.800000000000001,-11.4,-3.1,22.8,16
6925,115981.0,1.3,-0.1,-2.9000000000000004,-1.6,3.6,5.7,3.8,-1.2000000000000002,27.2,16
6926,115997.0,1.8,0.30000000000000004,-3.7,-1.1,4.0,4.9,6.500000000000001,4.4,31.6,16
6927,116014.0,1.9000000000000001,0.4,-3.7,-1.0,4.2,4.800000000000001,4.1,4.6,32.9,16
6928,116030.0,1.6,0.9,-3.7,-1.2000000000000002,4.7,4.800000000000001,-7.0,2.5,35.2,16
6929,116047.0,1.5,1.7000000000000002,-3.1,-1.3,5.5,5.4,-28.1,3.7000000000000006,40.7,16
6930,116064.0,1.3,1.9000000000000001,-2.2,-1.5,5.6000000000000005,6.4,-41.0,6.500000000000001,43.300000000000004,16
6931,116081.0,0.6000000000000001,1.9000000000000001,0.2,-2.1,5.5,8.700000000000001,-60.900000000000006,5.300000000000001,47.0,16
6932,116097.0,0.5,1.9000000000000001,2.4000000000000004,-2.1,5.4,11.100000000000001,-65.5,-7.9,48.800000000000004,16
6933,116114.0,0.5,1.9000000000000001,3.5,-2.1,5.300000000000001,12.200000000000001,-60.00000000000001,-19.6,48.2,16
6934,116130.0,0.4,1.7000000000000002,4.9,-2.0,5.0,13.700000000000001,-33.2,-49.50000000000001,42.400000000000006,16
6935,116147.0,-0.2,2.3000000000000003,4.2,-2.3000000000000003,5.7,13.200000000000001,-0.6000000000000001,-77.1,37.400000000000006,16
6936,116174.0,-0.5,3.0,3.0,-2.2,6.5,12.100000000000001,4.4,-103.10000000000001,44.5,16
6937,116180.0,0.0,3.3000000000000003,3.2,-1.5,6.7,12.3,-5.8,-112.30000000000001,50.3,16
6938,116198.0,1.0,3.4000000000000004,4.4,1.0,6.6000000000000005,15.600000000000001,-24.3,-109.60000000000001,45.5,16
6939,116214.0,2.9000000000000004,2.7,8.4,2.3000000000000003,5.7,18.7,-14.600000000000001,-97.10000000000001,32.6,16
6940,116230.0,2.7,1.9000000000000001,8.8,2.0,5.5,18.1,48.300000000000004,-63.900000000000006,-1.4,16
6941,116247.0,1.8,1.8,4.4,1.2000000000000002,5.7,13.600000000000001,104.80000000000001,-32.300000000000004,-23.700000000000003,16
6942,116264.0,1.9000000000000001,1.9000000000000001,2.6,1.3,5.9,11.8,112.0,-10.8,-28.900000000000002,16
6943,116281.0,1.9000000000000001,1.3,0.9,1.2000000000000002,5.7,10.0,99.30000000000001,32.400000000000006,-44.10000000000001,16
6944,116297.0,1.8,0.2,0.9,0.9,4.800000000000001,9.8,74.30000000000001,49.0,-63.0,16
6945,116314.0,1.7000000000000002,-0.30000000000000004,1.1,0.5,3.9000000000000004,10.200000000000001,64.50000000000001,52.1,-73.8,16
6946,116330.0,1.6,-1.7000000000000002,1.6,0.30000000000000004,3.2,10.3,61.10000000000001,56.7,-96.7,16
6947,116347.0,1.6,-2.7,0.9,-0.1,2.3000000000000003,9.5,78.2,61.39999999999999,-118.90000000000002,16
6948,116366.0,1.5,-3.0,-0.7000000000000001,-0.6000000000000001,2.2,7.800000000000001,93.8,72.60000000000001,-138.50000000000003,16
6949,116380.0,1.2000000000000002,-2.9000000000000004,-1.2000000000000002,-1.1,2.3000000000000003,7.0,96.20000000000002,80.7,-145.60000000000002,16
6950,116397.0,0.2,-2.7,-1.8,-2.7,2.6,6.2,91.0,100.4,-149.50000000000003,16
6951,116414.0,-0.7000000000000001,-2.5,-2.0,-4.2,2.8000000000000003,5.7,76.1,108.10000000000001,-137.8,16
6952,116430.0,-1.1,-2.5,-1.9000000000000001,-4.800000000000001,2.9000000000000004,5.7,66.1,102.4,-128.4,16
6953,116447.0,-1.8,-2.7,-1.4000000000000001,-6.0,2.6,6.0,45.6,74.4,-107.7,16
6954,116469.0,-2.2,-2.9000000000000004,-0.9,-6.6000000000000005,2.3000000000000003,6.4,31.5,27.099999999999998,-83.00000000000001,16
6955,116481.0,-2.1,-2.8000000000000003,-0.8,-6.6000000000000005,2.4000000000000004,6.4,29.400000000000002,-0.9000000000000001,-69.3,16
6956,116497.0,-1.0,-2.7,-1.1,-5.5,2.5,6.2,33.400000000000006,-49.1,-42.800000000000004,16
6957,116514.0,0.0,-2.6,-1.8,-4.5,2.6,5.4,42.400000000000006,-72.4,-27.3,16
6958,116531.0,0.2,-2.5,-2.2,-4.1000000000000005,2.8000000000000003,5.1000000000000005,47.2,-77.5,-23.3,16
6959,116550.0,0.2,-2.0,-2.8000000000000003,-4.0,3.3000000000000003,4.4,53.400000000000006,-73.6,-17.7,16
6960,116571.0,0.4,-1.1,-3.2,-3.6,4.3,4.0,50.60000000000001,-52.1,-12.9,16
6961,116581.0,0.5,-0.7000000000000001,-3.2,-3.5,4.800000000000001,3.9000000000000004,47.900000000000006,-39.599999999999994,-10.299999999999999,16
6962,116597.0,0.9,0.4,-3.3000000000000003,-3.1,6.0,3.8000000000000003,42.60000000000001,-17.400000000000002,-3.5,16
6963,116614.0,1.1,1.5,-3.7,-2.8000000000000003,7.2,3.3000000000000003,32.300000000000004,-3.9,9.2,16
6964,116630.0,1.1,1.9000000000000001,-3.9000000000000004,-2.8000000000000003,7.6000000000000005,3.1,21.0,-1.2000000000000002,16.900000000000002,16
6965,116647.0,0.9,1.9000000000000001,-3.2,-2.9000000000000004,7.7,3.8000000000000003,-11.1,-3.6000000000000005,29.500000000000004,16
6966,116667.0,0.30000000000000004,1.4000000000000001,-1.1,-3.4000000000000004,7.2,5.9,-35.3,-3.3000000000000007,40.4,16
6967,116680.0,0.30000000000000004,1.0,-0.2,-3.5,6.800000000000001,6.9,-38.60000000000001,-0.5,44.8,16
6968,116697.0,-0.1,0.5,1.1,-3.7,6.2,8.200000000000001,-32.400000000000006,1.4,48.10000000000001,16
6969,116714.0,-0.6000000000000001,0.1,1.8,-4.1000000000000005,5.9,8.9,-21.900000000000002,-4.5,49.0,16
6970,116730.0,-0.8,-0.1,1.8,-4.2,5.7,9.0,-16.700000000000003,-11.4,49.800000000000004,16
6971,116747.0,-1.1,-0.30000000000000004,1.8,-4.4,5.5,9.1,-6.8,-24.200000000000003,53.9,16
6972,116766.0,-1.0,-0.4,1.7000000000000002,-4.1000000000000005,5.4,9.0,2.6,-22.1,59.80000000000001,16
6973,116781.0,-0.7000000000000001,-0.5,1.7000000000000002,-3.7,5.300000000000001,9.0,6.300000000000001,-17.9,60.400000000000006,16
6974,116797.0,-0.2,-0.7000000000000001,1.2000000000000002,-3.1,5.300000000000001,8.6,8.899999999999999,-15.299999999999999,53.10000000000001,16
6975,116814.0,0.0,-0.6000000000000001,0.8,-2.7,5.4,8.200000000000001,8.100000000000001,-23.5,40.300000000000004,16
6976,116830.0,0.1,-0.7000000000000001,0.6000000000000001,-2.6,5.300000000000001,7.9,6.2,-25.8,33.50000000000001,16
6977,116847.0,-0.2,-0.9,-0.6000000000000001,-2.7,5.2,6.7,-8.4,-20.3,20.0,16
6978,116864.0,-0.8,-0.6000000000000001,-1.9000000000000001,-3.3000000000000003,5.300000000000001,5.5,-60.1,-5.2,6.1000000000000005,16
6979,116882.0,-1.5,-0.9,-1.4000000000000001,-4.0,5.0,6.1000000000000005,-97.00000000000001,-2.8,1.1,16
6980,116897.0,-2.7,-1.6,2.7,-5.2,3.8000000000000003,10.5,-151.5,-11.000000000000002,-0.1,16
6981,116914.0,-2.2,-2.6,6.4,-4.7,2.4000000000000004,14.600000000000001,-134.6,-29.1,3.7000000000000006,16
6982,116930.0,-1.9000000000000001,-2.8000000000000003,7.1000000000000005,-4.4,2.0,15.4,-102.10000000000001,-37.400000000000006,1.4,16
6983,116947.0,-1.1,-2.5,4.4,-3.5,2.2,12.8,-19.400000000000002,-35.8,-6.4,16
6984,116968.0,-1.0,-2.3000000000000003,0.2,-3.3000000000000003,2.4000000000000004,8.6,21.500000000000004,-5.2,-13.200000000000003,16
6985,116981.0,-0.8,-2.1,-1.2000000000000002,-3.0,3.0,6.1000000000000005,24.5,10.700000000000001,-14.900000000000002,16
6986,116997.0,-0.30000000000000004,-1.5,-3.0,-2.8000000000000003,3.2,5.4,10.0,38.800000000000004,-14.800000000000002,16
6987,117014.0,-0.1,-1.3,-3.4000000000000004,-2.7,3.4000000000000004,4.9,-15.2,41.50000000000001,-11.5,16
6988,117030.0,-0.2,-1.2000000000000002,-2.8000000000000003,-2.8000000000000003,3.4000000000000004,5.1000000000000005,-25.8,38.1,-9.3,16
6989,117047.0,-0.30000000000000004,-1.1,-2.6,-3.1,3.4000000000000004,5.7,-35.599999999999994,32.0,-1.9,16
6990,117066.0,-0.1,-1.0,-2.6,-3.0,3.5,5.6000000000000005,-32.6,28.200000000000003,10.8,16
6991,117080.0,0.30000000000000004,-0.8,-2.8000000000000003,-2.3000000000000003,3.7,5.300000000000001,-29.900000000000006,28.0,16.900000000000002,16
6992,117097.0,1.0,-0.6000000000000001,-3.0,-2.0,3.7,5.2,-26.200000000000003,31.099999999999998,24.0,16
6993,117114.0,1.5,-0.30000000000000004,-2.7,-1.5,4.0,5.6000000000000005,-20.400000000000002,36.0,24.900000000000002,16
6994,117131.0,1.7000000000000002,-0.2,-2.5,-1.4000000000000001,4.4,5.7,-7.400000000000001,46.7,21.200000000000003,16
6995,117149.0,1.7000000000000002,0.5,-2.6,-1.5,4.800000000000001,5.5,-1.1,53.400000000000006,19.700000000000003,16
6996,117169.0,1.7000000000000002,1.3,-3.1,-1.6,5.6000000000000005,4.9,3.7000000000000006,59.5,20.2,16
6997,117180.0,1.4000000000000001,1.9000000000000001,-3.3000000000000003,-2.0,6.300000000000001,4.7,0.30000000000000004,56.50000000000001,21.7,16
6998,117197.0,1.1,2.3000000000000003,-3.2,-2.3000000000000003,6.7,4.7,-17.1,41.1,27.2,16
6999,117214.0,0.5,2.9000000000000004,-2.3000000000000003,-2.9000000000000004,7.300000000000001,5.6000000000000005,-45.6,20.400000000000002,34.7,16
7000,117230.0,-0.4,3.1,0.1,-3.8000000000000003,7.300000000000001,8.1,-75.1,0.30000000000000004,42.5,16
7001,117247.0,-0.7000000000000001,3.1,1.4000000000000001,-4.0,7.2,9.5,-82.8,-8.4,46.6,16
7002,117266.0,-0.5,2.9000000000000004,3.8000000000000003,-3.7,6.9,12.100000000000001,-79.1,-23.0,52.80000000000001,16
7003,117280.0,0.0,2.5,5.6000000000000005,-3.0,6.5,14.0,-49.50000000000001,-36.2,50.7,16
7004,117297.0,0.30000000000000004,2.4000000000000004,5.7,-2.6,6.300000000000001,14.200000000000001,-28.3,-40.0,45.5,16
7005,117314.0,0.5,2.2,4.5,-2.2,6.1000000000000005,13.100000000000001,8.3,-39.8,26.1,16
7006,117330.0,-0.2,2.1,3.9000000000000004,-2.8000000000000003,6.1000000000000005,12.5,23.6,-32.6,2.3,16
7007,117347.0,-0.8,2.0,4.0,-3.4000000000000004,6.1000000000000005,12.600000000000001,29.200000000000003,-26.9,-7.500000000000001,16
7008,117364.0,-1.3,1.9000000000000001,3.8000000000000003,-3.9000000000000004,6.2,12.4,50.60000000000001,-13.6,-16.200000000000003,16
7009,117380.0,-1.1,2.5,1.3,-3.7,6.9,9.9,66.5,-5.0,-13.6,16
7010,117397.0,-0.9,2.6,0.30000000000000004,-3.6,7.1000000000000005,8.8,59.40000000000001,-4.2,-9.899999999999999,16
7011,117414.0,-0.5,2.4000000000000004,0.0,-3.1,7.1000000000000005,8.5,27.0,-6.600000000000001,-5.0,16
7012,117430.0,-0.4,2.1,1.3,-3.0,6.800000000000001,9.700000000000001,-4.4,-6.4,-4.300000000000001,16
7013,117449.0,0.0,1.2000000000000002,2.6,-2.9000000000000004,6.300000000000001,10.5,-11.6,-5.9,-2.7,16
7014,117472.0,1.1,0.30000000000000004,2.8000000000000003,-1.4000000000000001,5.0,11.3,4.4,-14.100000000000001,0.7,16
7015,117481.0,1.5,0.1,2.2,-1.0,4.800000000000001,10.8,15.5,-18.6,-2.1,16
7016,117497.0,1.9000000000000001,0.30000000000000004,1.3,-0.6000000000000001,5.0,9.9,24.0,-21.8,-5.8,16
7017,117514.0,2.2,0.5,0.1,-0.30000000000000004,5.300000000000001,8.6,26.400000000000006,-19.9,-11.2,16
7018,117530.0,2.2,0.5,-0.2,-0.2,5.4,8.200000000000001,20.5,-14.900000000000002,-14.5,16
7019,117547.0,2.0,0.5,-0.4,-0.30000000000000004,5.300000000000001,8.0,16.8,-13.399999999999999,-15.100000000000001,16
7020,117565.0,1.4000000000000001,0.30000000000000004,-0.5,-0.9,5.2,7.9,8.899999999999999,-16.0,-13.200000000000003,16
7021,117580.0,0.9,-0.2,0.0,-1.4000000000000001,4.7,8.4,3.1,-25.0,-6.9,16
7022,117597.0,0.7000000000000001,-0.6000000000000001,0.4,-1.5,4.3,8.9,3.9,-29.200000000000003,-4.0,16
7023,117614.0,0.8,-1.2000000000000002,0.5,-1.3,3.8000000000000003,8.9,15.000000000000002,-32.6,-2.3,16
7024,117630.0,1.0,-1.8,-0.1,-1.0,3.2,8.4,29.300000000000004,-32.7,-6.9,16
7025,117647.0,1.0,-2.1,-0.2,-1.0,2.9000000000000004,8.200000000000001,36.8,-33.0,-11.6,16
7026,117664.0,0.7000000000000001,-2.6,-0.8,-1.2000000000000002,2.6,7.6000000000000005,57.49999999999999,-31.9,-23.099999999999998,16
7027,117680.0,0.0,-2.6,-1.9000000000000001,-1.9000000000000001,2.7,6.300000000000001,74.7,-21.0,-28.0,16
7028,117698.0,-0.2,-2.6,-2.5,-2.1,2.8000000000000003,5.7,78.80000000000001,-14.600000000000001,-26.300000000000004,16
7029,117714.0,0.0,-2.5,-2.9000000000000004,-1.9000000000000001,3.1,5.1000000000000005,76.3,-0.1,-18.200000000000003,16
7030,117730.0,0.6000000000000001,-2.5,-2.7,-1.4000000000000001,3.2,5.1000000000000005,67.4,10.5,-12.7,16
7031,117747.0,0.8,-2.5,-2.6,-1.2000000000000002,3.3000000000000003,5.1000000000000005,60.00000000000001,13.000000000000002,-12.200000000000001,16
7032,117767.0,0.6000000000000001,-2.4000000000000004,-2.4000000000000004,-1.4000000000000001,3.5,5.2,38.800000000000004,9.600000000000001,-11.6,16
7033,117780.0,0.2,-2.3000000000000003,-1.6,-1.9000000000000001,3.6,5.9,14.600000000000001,0.9000000000000001,-9.8,16
7034,117797.0,0.0,-2.2,-1.3,-2.4000000000000004,3.8000000000000003,6.800000000000001,3.8,-2.7,-8.700000000000001,16
7035,117814.0,-0.7000000000000001,-2.1,-0.1,-2.7,3.8000000000000003,7.5,-12.600000000000001,-5.0,-5.4,16
7036,117830.0,-0.9,-2.0,0.9,-3.0,3.9000000000000004,8.5,-15.100000000000001,-3.1,-0.1,16
7037,117847.0,-0.7000000000000001,-2.0,1.1,-2.6,3.7,8.700000000000001,-11.700000000000001,-1.6,1.8000000000000003,16
7038,117866.0,-0.5,-2.1,0.9,-2.6,3.6,8.5,-4.4,1.9,0.1,16
7039,117880.0,-0.5,-1.9000000000000001,0.4,-2.6,3.8000000000000003,8.0,-5.9,1.9,-5.500000000000001,16
7040,117899.0,-0.9,-1.2000000000000002,0.1,-3.0,4.5,7.7,-13.900000000000002,3.1,-8.3,16
7041,117915.0,-0.8,-0.5,0.1,-3.0,5.1000000000000005,7.800000000000001,-19.300000000000004,5.7,-7.699999999999999,16
7042,117930.0,-0.8,0.4,0.5,-3.0,6.0,8.3,-29.600000000000005,10.299999999999999,-8.0,16
7043,117947.0,-0.9,1.3,0.9,-3.2,6.7,8.700000000000001,-35.9,13.6,-6.2,16
7044,117964.0,-1.1,1.7000000000000002,0.9,-3.4000000000000004,7.1000000000000005,8.8,-39.8,15.2,-2.5,16
7045,117980.0,-1.2000000000000002,1.6,0.5,-3.5,6.9,8.4,-57.60000000000001,18.0,9.5,16
7046,117997.0,-0.8,1.3,0.4,-3.2,6.4,8.5,-102.7,11.700000000000001,14.900000000000002,16
7047,118014.0,-0.9,1.1,1.6,-3.3000000000000003,6.0,9.8,-132.2,6.300000000000001,13.900000000000002,16
7048,118030.0,-0.6000000000000001,0.2,5.9,-2.9000000000000004,4.7,14.5,-160.10000000000002,-17.200000000000003,10.299999999999999,16
7049,118047.0,-0.1,-0.6000000000000001,8.5,-2.3000000000000003,3.5,17.400000000000002,-117.80000000000001,-51.70000000000001,-1.9,16
7050,118068.0,0.2,-0.5,6.5,-1.8,3.4000000000000004,15.5,-32.6,-58.2,-20.1,16
7051,118082.0,0.5,-0.4,4.4,-1.5,3.5,13.4,6.600000000000001,-48.10000000000001,-29.300000000000004,16
7052,118097.0,0.30000000000000004,-0.5,0.4,-1.6,3.5,9.4,55.7,-15.299999999999999,-47.2,16
7053,118114.0,0.2,-0.4,-1.1,-1.8,3.7,7.800000000000001,67.10000000000001,0.6000000000000001,-53.8,16
7054,118130.0,0.0,-0.2,-3.2,-2.1,4.0,5.6000000000000005,69.9,26.700000000000003,-59.9,16
7055,118148.0,-0.5,-0.30000000000000004,-4.0,-2.9000000000000004,4.1000000000000005,4.6000000000000005,56.2,45.0,-57.699999999999996,16
7056,118172.0,-1.5,-0.2,-4.1000000000000005,-4.0,4.2,4.4,32.5,53.9,-43.300000000000004,16
7057,118181.0,-1.7000000000000002,-0.2,-4.0,-4.4,4.2,4.4,18.8,56.0,-30.1,16
7058,118197.0,-1.2000000000000002,-0.5,-3.8000000000000003,-4.1000000000000005,4.0,4.5,-6.500000000000001,50.2,1.8000000000000003,16
7059,118214.0,-0.7000000000000001,-0.6000000000000001,-3.8000000000000003,-3.7,3.8000000000000003,4.6000000000000005,-17.200000000000003,40.7,17.0,16
7060,118230.0,0.30000000000000004,-0.9,-3.2,-2.6,3.4000000000000004,5.2,-32.0,11.900000000000002,40.7,16
7061,118247.0,1.3,-1.2000000000000002,-2.8000000000000003,-1.5,3.1,5.6000000000000005,-31.0,-22.6,49.0,16
7062,118264.0,1.5,-1.1,-2.8000000000000003,-1.2000000000000002,3.2,5.6000000000000005,-26.5,-34.1,46.199999999999996,16
7063,118281.0,1.0,-0.6000000000000001,-2.8000000000000003,-1.5,3.7,5.6000000000000005,-14.100000000000001,-37.1,36.0,16
7064,118297.0,0.2,0.1,-2.8000000000000003,-2.2,4.4,5.7,4.1,-16.1,33.7,16
7065,118314.0,0.0,0.4,-3.0,-2.4000000000000004,4.7,5.4,12.5,-2.3,36.300000000000004,16
7066,118330.0,-0.1,0.9,-3.2,-2.5,5.4,5.1000000000000005,16.5,21.500000000000004,44.5,16
7067,118347.0,0.1,1.3,-2.7,-2.2,5.800000000000001,5.6000000000000005,6.699999999999999,36.8,48.10000000000001,16
7068,118365.0,0.2,1.5,-2.1,-2.4000000000000004,6.1000000000000005,6.800000000000001,-0.8,40.800000000000004,47.0,16
7069,118380.0,-0.30000000000000004,1.6,-0.7000000000000001,-2.8000000000000003,6.2,7.5,-14.600000000000001,35.599999999999994,41.7,16
7070,118397.0,-1.1,1.8,0.8,-3.5,6.300000000000001,9.0,-24.400000000000002,10.299999999999999,36.8,16
7071,118414.0,-1.4000000000000001,1.8,1.6,-3.8000000000000003,6.4,9.9,-25.8,-4.1,36.300000000000004,16
7072,118430.0,-1.5,1.8,2.9000000000000004,-3.8000000000000003,6.300000000000001,11.200000000000001,-20.5,-22.000000000000004,36.8,16
7073,118447.0,-1.2000000000000002,1.6,3.5,-3.4000000000000004,6.1000000000000005,11.9,-14.200000000000001,-24.5,30.000000000000004,16
7074,118464.0,-1.0,1.6,4.0,-3.2,6.1000000000000005,12.5,-9.899999999999999,-22.4,23.2,16
7075,118480.0,-1.0,1.5,4.4,-3.1,6.1000000000000005,13.0,10.4,-18.6,7.200000000000001,16
7076,118497.0,-0.8,2.1,3.1,-2.9000000000000004,6.7,11.600000000000001,38.1,-17.799999999999997,-5.300000000000001,16
7077,118514.0,-0.6000000000000001,2.6,1.9000000000000001,-2.6,7.7,9.5,44.300000000000004,-16.0,-7.500000000000001,16
7078,118530.0,-0.6000000000000001,3.0,0.4,-2.6,7.9,8.9,31.799999999999997,-7.200000000000001,-7.200000000000001,16
7079,118549.0,-0.8,3.3000000000000003,0.6000000000000001,-2.8000000000000003,8.1,9.0,-2.8,6.2,-1.6,16
7080,118566.0,-0.8,2.9000000000000004,1.4000000000000001,-2.7,7.1000000000000005,10.700000000000001,-19.5,12.9,3.7000000000000006,16
7081,118580.0,-0.2,1.6,3.1,-2.3000000000000003,6.4,11.600000000000001,-35.3,15.6,15.899999999999999,16
7082,118597.0,0.7000000000000001,0.5,4.3,-1.3,5.2,12.9,-23.700000000000003,-1.3,20.3,16
7083,118614.0,1.7000000000000002,0.1,3.0,-0.30000000000000004,4.9,11.700000000000001,5.0,-20.599999999999998,18.1,16
7084,118630.0,1.9000000000000001,0.2,1.8,0.0,4.9,10.4,14.0,-26.799999999999997,15.299999999999999,16
7085,118649.0,2.3000000000000003,0.2,0.30000000000000004,0.5,5.0,8.9,12.4,-29.1,9.8,16
7086,118666.0,2.4000000000000004,0.2,-0.4,0.7000000000000001,5.1000000000000005,8.200000000000001,8.600000000000001,-26.6,6.9,16
7087,118680.0,2.2,0.2,-0.6000000000000001,0.5,5.0,8.0,2.3,-15.700000000000001,0.6000000000000001,16
7088,118697.0,1.6,0.0,-0.6000000000000001,0.0,4.9,8.0,1.7,-1.5,-2.9,16
7089,118714.0,1.2000000000000002,-0.6000000000000001,-0.4,-0.4,4.2,8.200000000000001,9.100000000000001,11.1,-2.5,16
7090,118730.0,1.1,-0.9,-0.5,-0.6000000000000001,3.9000000000000004,8.1,16.0,14.700000000000001,-3.1,16
7091,118747.0,0.9,-1.4000000000000001,-1.0,-0.8,3.6,7.6000000000000005,28.3,17.200000000000003,-5.6,16
7092,118765.0,0.7000000000000001,-1.9000000000000001,-1.6,-1.1,3.1,6.9,36.2,11.900000000000002,-8.8,16
7093,118781.0,0.5,-2.1,-1.8,-1.3,2.9000000000000004,6.6000000000000005,39.2,6.699999999999999,-10.299999999999999,16
7094,118797.0,0.4,-2.3000000000000003,-2.3000000000000003,-1.4000000000000001,2.9000000000000004,6.1000000000000005,44.4,-4.6,-10.700000000000001,16
7095,118814.0,0.4,-2.3000000000000003,-2.7,-1.4000000000000001,3.0,5.5,46.7,-12.8,-7.0,16
7096,118830.0,0.5,-2.1,-2.7,-1.2000000000000002,3.2,5.4,45.8,-17.1,-4.1,16
7097,118847.0,0.7000000000000001,-2.0,-2.5,-1.0,3.4000000000000004,5.6000000000000005,41.6,-24.400000000000002,1.4,16
7098,118865.0,1.1,-1.6,-2.1,-0.5,3.9000000000000004,5.9,37.9,-23.0,4.5,16
7099,118882.0,1.2000000000000002,-1.3,-2.0,-0.4,4.3,6.0,34.7,-17.300000000000004,5.2,16
7100,118897.0,1.1,-1.1,-1.5,-0.5,4.6000000000000005,6.4,20.2,-1.6,4.4,16
7101,118914.0,0.2,-1.0,0.0,-1.3,4.6000000000000005,7.800000000000001,3.5,10.600000000000001,3.3000000000000007,16
7102,118930.0,-0.2,-1.0,0.9,-1.8,4.7,8.8,0.30000000000000004,16.1,5.0,16
7103,118947.0,-0.6000000000000001,-1.0,2.5,-2.2,4.7,10.4,7.500000000000001,26.5,10.5,16
7104,118969.0,-1.0,-1.3,2.8000000000000003,-2.6,4.4,10.600000000000001,20.5,28.600000000000005,15.399999999999999,16
7105,118981.0,-1.1,-1.5,2.7,-2.8000000000000003,4.2,10.5,24.0,23.0,17.400000000000002,16
7106,118997.0,-0.8,-1.9000000000000001,2.1,-2.4000000000000004,3.9000000000000004,9.8,29.900000000000006,0.9000000000000001,18.5,16
7107,119014.0,-0.5,-1.9000000000000001,0.7000000000000001,-2.2,4.0,8.4,32.7,-12.8,14.400000000000002,16
7108,119030.0,-0.6000000000000001,-1.8,0.1,-2.2,4.1000000000000005,7.800000000000001,31.400000000000002,-12.100000000000001,12.4,16
7109,119047.0,-0.7000000000000001,-1.3,-1.0,-2.2,4.7,6.7,21.6,-3.1,10.8,16
7110,119068.0,-0.8,-0.9,-1.2000000000000002,-2.4000000000000004,5.1000000000000005,6.4,3.8,6.600000000000001,8.3,16
7111,119080.0,-0.9,-0.7000000000000001,-1.2000000000000002,-2.5,5.300000000000001,6.4,-6.1000000000000005,10.4,7.9,16
7112,119097.0,-1.3,-0.5,-1.2000000000000002,-2.9000000000000004,5.4,6.5,-27.700000000000003,16.200000000000003,8.0,16
7113,119114.0,-1.8,-0.4,-1.8,-3.5,5.4,5.9,-60.6,25.4,13.100000000000001,16
7114,119130.0,-2.0,-0.6000000000000001,-1.8,-3.7,5.1000000000000005,6.0,-86.60000000000001,31.7,17.200000000000003,16
7115,119147.0,-2.5,-1.3,0.6000000000000001,-4.2,4.1000000000000005,8.6,-146.4,37.300000000000004,24.1,16
7116,119166.0,-1.5,-1.8,5.4,-3.3000000000000003,3.0,13.700000000000001,-164.6,11.1,25.7,16
7117,119181.0,-1.1,-2.3000000000000003,8.0,-2.9000000000000004,2.2,16.6,-107.30000000000001,-23.2,7.9,16
7118,119197.0,-1.1,-2.2,7.1000000000000005,-2.8000000000000003,2.2,15.8,-60.7,-30.599999999999998,-5.2,16
7119,119214.0,-1.3,-1.2000000000000002,2.9000000000000004,-3.0,3.2,11.600000000000001,19.300000000000004,-5.0,-22.000000000000004,16
7120,119231.0,-1.4000000000000001,-1.0,0.9,-3.2,3.8000000000000003,7.7,40.300000000000004,24.0,-23.700000000000003,16
7121,119247.0,-1.1,-0.4,-2.5,-3.1,4.1000000000000005,6.1000000000000005,44.00000000000001,76.7,-22.700000000000003,16
7122,119266.0,-0.7000000000000001,0.0,-3.8000000000000003,-3.0,4.5,4.6000000000000005,8.600000000000001,93.4,-13.5,16
7123,119280.0,-0.7000000000000001,-0.2,-3.7,-3.1,4.4,4.7,-13.5,83.4,-6.1000000000000005,16
7124,119297.0,-0.1,-0.6000000000000001,-2.7,-2.7,3.8000000000000003,5.7,-49.300000000000004,35.5,10.0,16
7125,119314.0,0.5,-0.5,-1.6,-2.0,3.7,6.9,-61.10000000000001,-16.8,21.7,16
7126,119330.0,0.9,-0.4,-1.3,-1.1,3.8000000000000003,7.300000000000001,-48.6,-39.2,28.0,16
7127,119347.0,1.5,-0.2,-1.4000000000000001,-0.8,3.9000000000000004,7.2,-36.6,-37.300000000000004,28.400000000000002,16
7128,119364.0,1.8,0.1,-2.0,-0.30000000000000004,4.2,6.7,-13.200000000000003,-15.6,25.300000000000004,16
7129,119380.0,1.8,0.30000000000000004,-2.2,-0.4,4.6000000000000005,6.1000000000000005,-3.9,-2.8,23.2,16
7130,119397.0,1.7000000000000002,0.8,-2.7,-0.4,4.9,5.9,7.200000000000001,17.1,21.1,16
7131,119414.0,1.8,1.3,-2.8000000000000003,-0.30000000000000004,5.4,5.7,7.1000000000000005,20.5,22.1,16
7132,119430.0,1.7000000000000002,1.5,-2.5,-0.5,5.7,6.1000000000000005,4.7,16.8,22.5,16
7133,119447.0,1.5,1.7000000000000002,-2.2,-0.6000000000000001,5.9,6.4,-3.8,3.9,24.0,16
7134,119463.0,1.0,2.2,-1.5,-1.0,6.4,7.0,-15.8,-12.600000000000001,26.1,16
7135,119481.0,0.4,2.4000000000000004,-0.1,-1.6,6.5,8.4,-29.0,-25.7,31.5,16
7136,119497.0,0.1,2.4000000000000004,0.6000000000000001,-1.8,6.5,9.200000000000001,-32.0,-29.900000000000006,35.5,16
7137,119513.0,0.1,2.2,1.8,-1.6,6.300000000000001,10.5,-28.3,-34.400000000000006,43.2,16
7138,119530.0,0.5,2.1,2.4000000000000004,-1.0,6.2,11.200000000000001,-17.200000000000003,-38.7,44.00000000000001,16
7139,119547.0,0.9,2.0,2.7,-0.5,6.0,11.5,-11.000000000000002,-42.1,40.1,16
7140,119572.0,0.8,1.8,3.4000000000000004,-0.30000000000000004,5.9,12.200000000000001,5.6,-56.7,11.700000000000001,16
7141,119580.0,0.8,1.8,3.4000000000000004,-0.8,5.9,12.5,5.6,-56.7,11.700000000000001,16
7142,119597.0,-0.1,1.6,4.0,-1.1,5.7,12.9,18.200000000000003,-52.80000000000001,-2.5,16
7143,119614.0,-0.4,1.1,4.0,-1.2000000000000002,5.4,12.8,42.7,-41.1,-11.000000000000002,16
7144,119630.0,0.0,1.2000000000000002,2.1,-0.8,5.7,10.9,72.2,-26.6,-15.700000000000001,16
7145,119647.0,0.2,1.5,0.8,-0.5,6.2,9.5,78.7,-17.7,-16.4,16
7146,119665.0,0.7000000000000001,1.7000000000000002,-1.0,0.0,6.6000000000000005,7.6000000000000005,64.4,-0.7,-13.8,16
7147,119680.0,0.8,1.9000000000000001,-1.0,0.0,6.9,7.5,27.2,3.9,-15.700000000000001,16
7148,119697.0,0.6000000000000001,1.8,-0.4,-0.2,6.800000000000001,8.200000000000001,8.0,3.6000000000000005,-15.5,16
7149,119713.0,0.2,1.1,1.2000000000000002,-0.6000000000000001,6.1000000000000005,9.8,-18.5,2.4000000000000004,-11.900000000000002,16
7150,119730.0,0.5,0.2,2.6,-0.4,5.1000000000000005,11.200000000000001,-28.800000000000004,-4.5,-7.300000000000001,16
7151,119748.0,0.9,-0.2,3.1,0.1,4.6000000000000005,11.8,-26.300000000000004,-8.899999999999999,-8.2,16
7152,119769.0,2.0,-0.7000000000000001,2.6,1.2000000000000002,4.1000000000000005,11.4,-7.500000000000001,-15.5,-17.9,16
7153,119781.0,2.0,-0.7000000000000001,1.9000000000000001,1.2000000000000002,4.1000000000000005,10.600000000000001,14.5,-14.300000000000002,-33.400000000000006,16
7154,119797.0,1.7000000000000002,-0.5,1.0,0.9,4.3,9.8,21.8,-9.0,-40.2,16
7155,119814.0,1.0,-0.1,0.30000000000000004,0.1,4.800000000000001,8.9,23.800000000000004,14.200000000000001,-46.199999999999996,16
7156,119830.0,0.5,-0.1,0.1,-0.8,4.7,8.4,17.400000000000002,35.599999999999994,-43.00000000000001,16
7157,119847.0,0.30000000000000004,-0.30000000000000004,-0.7000000000000001,-0.8,4.6000000000000005,7.9,12.5,39.300000000000004,-39.300000000000004,16
7158,119865.0,0.9,-1.0,-0.7000000000000001,-0.4,3.9000000000000004,7.9,-0.9000000000000001,24.3,-36.0,16
7159,119880.0,1.4000000000000001,-1.8,-0.4,0.1,3.0,8.200000000000001,-4.800000000000001,-10.8,-43.1,16
7160,119897.0,1.7000000000000002,-2.2,-0.5,0.30000000000000004,2.7,8.1,-0.7,-27.6,-51.1,16
7161,119913.0,0.5,-2.7,-0.9,-0.8,2.2,7.7,13.3,-48.10000000000001,-70.0,16
7162,119930.0,-1.5,-2.4000000000000004,-0.8,-2.8000000000000003,2.5,7.7,31.799999999999997,-41.50000000000001,-69.10000000000001,16
7163,119947.0,-1.5,-2.2,-1.2000000000000002,-2.8000000000000003,2.6,7.300000000000001,44.00000000000001,-28.400000000000002,-59.40000000000001,16
7164,119963.0,-0.6000000000000001,-2.0,-3.0,-1.9000000000000001,3.0,5.4,55.7,-5.6,-40.9,16
7165,119981.0,0.4,-1.9000000000000001,-3.2,-1.0,3.2,5.1000000000000005,38.300000000000004,-8.5,-33.300000000000004,16
7166,119997.0,0.5,-1.8,-2.6,-1.1,3.4000000000000004,6.5,25.5,-16.3,-33.1,16
7167,120014.0,-0.1,-1.5,-0.8,-1.5,3.6,7.5,7.300000000000001,-28.200000000000003,-34.60000000000001,16
7168,120030.0,-0.5,-1.3,0.30000000000000004,-1.9000000000000001,3.8000000000000003,8.6,5.500000000000001,-24.599999999999998,-28.200000000000003,16
7169,120047.0,-0.7000000000000001,-1.4000000000000001,0.8,-2.1,3.6,9.5,8.899999999999999,-21.1,-23.099999999999998,16
7170,120063.0,-0.7000000000000001,-1.6,1.2000000000000002,-2.1,3.6,9.5,24.3,-13.5,-13.5,16
7171,120082.0,-0.7000000000000001,-1.4000000000000001,0.4,-2.1,3.9000000000000004,8.6,39.400000000000006,4.300000000000001,-6.1000000000000005,16
7172,120097.0,-0.8,-1.1,-0.30000000000000004,-2.2,4.3,7.9,41.800000000000004,13.6,-2.7,16
7173,120113.0,-0.9,-0.9,-0.30000000000000004,-2.3000000000000003,4.5,7.800000000000001,38.900000000000006,21.6,4.5,16
7174,120130.0,-1.2000000000000002,-0.8,-0.5,-2.7,4.7,7.5,34.0,23.900000000000006,12.8,16
7175,120147.0,-1.4000000000000001,-0.7000000000000001,-0.8,-2.9000000000000004,4.9,7.2,29.800000000000004,23.400000000000002,17.0,16
7176,120482.0,1.4000000000000001,-1.1,-1.8,-1.4000000000000001,3.3000000000000003,6.5,-30.9,2.3,2.3,16
7177,120497.0,1.3,-1.0,-1.5,-1.4000000000000001,3.4000000000000004,6.9,-23.099999999999998,-9.899999999999999,2.1,16
7178,120514.0,1.0,-0.7000000000000001,-1.5,-1.7000000000000002,3.6,6.800000000000001,-15.5,-6.500000000000001,2.3,16
7179,120530.0,1.1,-0.4,-2.1,-1.6,3.9000000000000004,6.2,0.4,12.100000000000001,7.200000000000001,16
7180,120547.0,1.6,0.0,-2.8000000000000003,-1.2000000000000002,4.3,5.5,7.0,26.6,9.4,16
7181,120564.0,1.5,0.30000000000000004,-3.0,-1.2000000000000002,4.6000000000000005,5.300000000000001,3.5,29.1,9.5,16
7182,120580.0,1.4000000000000001,0.9,-2.8000000000000003,-1.4000000000000001,5.300000000000001,5.4,-14.100000000000001,22.2,10.8,16
7183,120597.0,1.2000000000000002,1.5,-2.2,-1.6,5.7,6.0,-39.50000000000001,6.1000000000000005,11.6,16
7184,120613.0,1.0,1.6,-1.8,-1.8,5.800000000000001,6.5,-53.10000000000001,-4.2,10.299999999999999,16
7185,120630.0,0.5,1.7000000000000002,-0.30000000000000004,-2.2,5.7,8.1,-72.9,-20.900000000000002,4.4,16
7186,120647.0,-0.2,1.7000000000000002,1.2000000000000002,-2.9000000000000004,5.6000000000000005,9.700000000000001,-73.0,-22.6,-4.800000000000001,16
7187,120664.0,-0.8,1.8,1.7000000000000002,-3.4000000000000004,5.5,10.200000000000001,-65.5,-17.9,-8.8,16
7188,120680.0,-1.4000000000000001,2.0,1.8,-4.0,5.6000000000000005,10.5,-42.900000000000006,-3.4,-8.899999999999999,16
7189,120697.0,-1.4000000000000001,2.3000000000000003,1.6,-4.1000000000000005,5.800000000000001,10.3,-23.6,4.4,-2.9,16
7190,120714.0,-1.3,2.0,1.9000000000000001,-4.0,5.5,10.700000000000001,-17.1,3.9,0.1,16
7191,120730.0,-1.4000000000000001,1.9000000000000001,2.1,-4.1000000000000005,5.4,10.9,-9.4,-4.9,0.30000000000000004,16
7192,120747.0,-1.6,1.8,2.8000000000000003,-4.3,5.300000000000001,11.600000000000001,-4.2,-18.700000000000003,-2.5,16
7193,120766.0,-1.4000000000000001,1.8,3.1,-4.0,5.300000000000001,12.0,9.4,-30.000000000000004,-3.6000000000000005,16
7194,120780.0,-1.1,1.9000000000000001,2.8000000000000003,-3.7,5.4,11.600000000000001,18.8,-32.8,-3.0,16
7195,120797.0,-0.4,2.1,1.7000000000000002,-2.9000000000000004,5.800000000000001,10.5,25.7,-25.4,0.6000000000000001,16
7196,120814.0,-0.2,2.0,1.3,-2.6,5.6000000000000005,10.100000000000001,20.8,-18.3,0.0,16
7197,120830.0,0.0,2.0,1.2000000000000002,-2.5,5.7,10.100000000000001,-8.100000000000001,-3.0,-8.4,16
7198,120847.0,-0.4,1.9000000000000001,2.2,-3.2,5.2,12.9,-43.2,10.5,-14.900000000000002,16
7199,120863.0,-0.4,0.6000000000000001,7.1000000000000005,-3.0,4.0,16.1,-32.1,13.900000000000002,-11.3,16
7200,120880.0,-0.1,0.1,7.6000000000000005,-2.7,3.5,16.7,-7.8,12.7,-11.3,16
7201,120897.0,0.8,-0.4,4.9,-1.8,3.1,13.9,51.800000000000004,4.9,-14.600000000000001,16
7202,120913.0,1.3,-0.30000000000000004,0.9,-1.3,3.4000000000000004,9.8,68.9,0.7,-17.1,16
7203,120930.0,1.4000000000000001,-0.30000000000000004,-0.6000000000000001,-1.1,3.5,8.4,66.2,-9.2,-19.300000000000004,16
7204,120947.0,1.6,-0.1,-1.7000000000000002,-0.9,3.9000000000000004,7.2,34.300000000000004,-25.8,-18.5,16
7205,120968.0,1.5,-0.30000000000000004,-0.5,-0.9,3.7,8.4,-0.6000000000000001,-36.8,-17.6,16
7206,120981.0,1.5,-0.4,0.4,-0.9,3.5,9.4,-8.0,-38.300000000000004,-16.900000000000002,16
7207,120997.0,1.5,-1.2000000000000002,1.8,-0.8,2.7,10.8,5.0,-28.700000000000003,-17.300000000000004,16
7208,121013.0,1.4000000000000001,-2.1,1.4000000000000001,-0.9,1.9000000000000001,10.3,41.6,-9.600000000000001,-23.900000000000006,16
7209,121031.0,1.2000000000000002,-2.4000000000000004,0.6000000000000001,-1.1,1.7000000000000002,9.5,61.10000000000001,-1.4,-27.9,16
7210,121047.0,0.5,-2.7,-1.4000000000000001,-1.8,1.6,7.4,87.2,3.9,-33.6,16
7211,121066.0,0.1,-2.7,-2.8000000000000003,-2.3000000000000003,1.8,5.800000000000001,94.7,-7.1000000000000005,-35.1,16
7212,121080.0,0.1,-2.6,-3.3000000000000003,-2.3000000000000003,2.0,5.2,94.7,-15.700000000000001,-33.300000000000004,16
7213,121097.0,0.5,-2.0,-3.8000000000000003,-1.9000000000000001,2.8000000000000003,4.6000000000000005,88.9,-32.7,-28.400000000000002,16
7214,121113.0,0.8,-1.3,-3.9000000000000004,-1.4000000000000001,3.8000000000000003,4.3,77.5,-48.50000000000001,-22.6,16
7215,121130.0,1.0,-0.8,-3.8000000000000003,-1.2000000000000002,4.3,4.4,70.2,-55.3,-18.900000000000002,16
7216,121147.0,1.3,0.0,-3.1,-0.8,5.300000000000001,5.0,50.8,-55.60000000000001,-12.9,16
7217,121164.0,1.2000000000000002,0.6000000000000001,-2.5,-0.7000000000000001,5.9,5.5,29.900000000000006,-41.800000000000004,-8.899999999999999,16
7218,121180.0,1.1,0.7000000000000001,-2.2,-0.8,6.1000000000000005,5.800000000000001,19.400000000000002,-33.0,-7.8,16
7219,121197.0,0.30000000000000004,0.6000000000000001,-0.6000000000000001,-1.6,6.0,7.4,2.6,-11.6,-9.0,16
7220,121213.0,-1.0,0.7000000000000001,1.2000000000000002,-2.9000000000000004,6.1000000000000005,9.200000000000001,6.8,12.0,-8.600000000000001,16
7221,121230.0,-1.6,0.5,1.5,-3.5,5.9,9.5,16.3,20.8,-4.4,16
7222,121247.0,-1.7000000000000002,0.6000000000000001,1.2000000000000002,-3.7,6.1000000000000005,9.200000000000001,34.300000000000004,23.2,8.3,16
7223,121266.0,-1.5,0.30000000000000004,0.7000000000000001,-3.5,6.0,8.6,37.2,10.299999999999999,13.399999999999999,16
7224,121280.0,-1.5,0.1,0.7000000000000001,-3.5,5.800000000000001,8.5,35.1,3.6000000000000005,15.6,16
7225,121297.0,-1.4000000000000001,-0.6000000000000001,0.4,-3.3000000000000003,5.2,8.1,37.0,-7.0,18.8,16
7226,121314.0,-1.2000000000000002,-0.5,-0.30000000000000004,-3.1,5.4,7.4,35.1,-5.0,22.1,16
7227,121330.0,-1.1,-0.6000000000000001,-0.4,-3.0,5.4,7.300000000000001,30.699999999999996,-0.8,23.5,16
7228,121347.0,-1.0,-1.1,-0.4,-2.8000000000000003,4.9,7.2,20.599999999999998,2.4000000000000004,20.2,16
7229,121365.0,-1.5,-1.6,-0.2,-3.4000000000000004,4.4,7.300000000000001,11.2,4.9,12.100000000000001,16
7230,121381.0,-2.0,-1.8,-0.4,-3.8000000000000003,4.2,7.1000000000000005,5.8,7.500000000000001,10.600000000000001,16
7231,121397.0,-2.2,-1.7000000000000002,-1.3,-4.0,4.4,6.2,-15.2,16.200000000000003,17.300000000000004,16
7232,121413.0,-2.0,-1.5,-1.9000000000000001,-3.9000000000000004,4.4,5.7,-66.60000000000001,23.5,26.799999999999997,16
7233,121431.0,-1.9000000000000001,-2.6,0.4,-3.8000000000000003,3.0,8.3,-99.00000000000001,18.200000000000003,29.800000000000004,16
7234,121447.0,-1.9000000000000001,-3.3000000000000003,1.7000000000000002,-3.8000000000000003,2.1,9.700000000000001,-136.2,-11.000000000000002,29.1,16
7235,121463.0,-1.8,-3.7,2.6,-3.6,1.3,10.9,-114.2,-31.9,25.5,16
7236,121481.0,-1.6,-3.6,2.3000000000000003,-3.1,1.4000000000000001,9.9,-90.0,-25.4,25.4,16
7237,121497.0,-1.2000000000000002,-3.3000000000000003,0.2,-2.8000000000000003,1.4000000000000001,8.700000000000001,-33.2,5.500000000000001,31.0,16
7238,121513.0,-0.30000000000000004,-2.8000000000000003,-3.1,-2.0,2.0,5.300000000000001,-12.0,50.7,34.7,16
7239,121530.0,0.6000000000000001,-1.9000000000000001,-4.2,-1.3,2.7,4.2,-25.0,67.00000000000001,31.6,16
7240,121547.0,0.4,-1.9000000000000001,-3.2,-1.6,2.6,5.2,-78.2,77.9,8.600000000000001,16
7241,121563.0,-0.8,-1.5,0.7000000000000001,-3.1,2.7,9.200000000000001,-107.00000000000001,69.60000000000001,-12.9,16
7242,121580.0,-1.4000000000000001,-1.1,2.1,-3.8000000000000003,2.9000000000000004,10.700000000000001,-97.89999999999999,69.4,-18.0,16
7243,121597.0,-2.0,-0.8,3.0,-4.6000000000000005,3.0,11.600000000000001,-47.0,80.4,-8.5,16
7244,121614.0,-1.1,-0.1,0.8,-4.0,3.7,9.4,12.5,84.6,10.0,16
7245,121630.0,-0.30000000000000004,0.2,-1.0,-3.3000000000000003,4.0,7.5,27.099999999999998,81.10000000000001,16.0,16
7246,121647.0,0.5,0.5,-3.0,-2.6,4.5,5.4,19.700000000000003,59.1,18.900000000000002,16
7247,121664.0,0.5,1.0,-3.3000000000000003,-2.7,5.0,5.0,-2.1,24.1,19.400000000000002,16
7248,121680.0,0.4,1.3,-3.2,-2.8000000000000003,5.6000000000000005,5.1000000000000005,-11.900000000000002,9.100000000000001,22.4,16
7249,121697.0,0.30000000000000004,1.9000000000000001,-3.0,-2.9000000000000004,5.9,5.300000000000001,-30.799999999999997,-9.600000000000001,33.9,16
7250,121713.0,0.4,2.4000000000000004,-2.4000000000000004,-2.6,6.300000000000001,6.0,-48.2,-18.0,49.300000000000004,16
7251,121730.0,0.9,2.9000000000000004,-1.6,-1.9000000000000001,6.7,6.800000000000001,-64.7,-17.9,61.7,16
7252,121747.0,1.2000000000000002,3.0,-1.1,-1.6,6.800000000000001,7.4,-72.50000000000001,-17.200000000000003,65.89999999999999,16
7253,121765.0,1.5,3.1,0.4,-1.1,6.7,9.1,-85.4,-22.4,68.1,16
7254,121780.0,1.6,2.6,2.2,-0.9,6.0,11.0,-86.8,-32.7,59.699999999999996,16
7255,121797.0,1.4000000000000001,2.4000000000000004,3.4000000000000004,-1.0,5.7,12.200000000000001,-81.3,-37.9,54.300000000000004,16
7256,121813.0,0.9,2.1,5.7,-1.3,5.2,14.700000000000001,-49.0,-56.9,39.599999999999994,16
7257,121830.0,0.8,2.3000000000000003,6.300000000000001,-1.1,5.5,15.4,3.9,-71.39999999999999,26.6,16
7258,121847.0,1.0,2.5,5.800000000000001,-0.7000000000000001,5.7,15.0,31.400000000000002,-69.4,22.1,16
7259,121864.0,1.0,2.2,4.1000000000000005,-0.5,5.7,13.3,65.8,-72.10000000000001,7.300000000000001,16
7260,121880.0,0.2,2.2,2.7,-1.1,5.9,11.8,73.9,-74.7,-2.7,16
7261,121897.0,0.1,2.1,2.2,-1.0,5.9,11.200000000000001,74.7,-70.3,-3.3000000000000007,16
7262,121913.0,0.30000000000000004,2.0,0.8,-0.7000000000000001,6.1000000000000005,9.8,74.30000000000001,-58.60000000000001,-2.9,16
7263,121930.0,1.0,2.2,-0.5,0.1,6.5,8.5,58.5,-43.6,-0.9000000000000001,16
7264,121947.0,1.1,2.0,-0.5,0.30000000000000004,6.4,8.5,45.0,-36.0,-1.6,16
7265,121965.0,1.0,1.8,0.0,0.30000000000000004,6.300000000000001,8.9,17.799999999999997,-14.700000000000001,-3.8,16
7266,121980.0,0.5,1.4000000000000001,1.3,-0.2,5.9,10.200000000000001,-6.4,14.100000000000001,-1.9,16
7267,121997.0,0.6000000000000001,1.0,2.1,-0.2,5.4,11.0,-12.0,24.900000000000002,1.4,16
7268,122014.0,1.1,-0.1,3.2,0.30000000000000004,4.4,12.200000000000001,-5.6,27.6,3.8,16
7269,122030.0,1.7000000000000002,-0.6000000000000001,3.0,0.8,3.9000000000000004,11.9,18.3,12.8,-2.2,16
7270,122047.0,1.8,-0.6000000000000001,2.2,0.9,3.9000000000000004,11.100000000000001,31.099999999999998,7.0,-6.8,16
7271,122064.0,1.9000000000000001,-0.5,0.30000000000000004,1.0,4.1000000000000005,9.200000000000001,44.7,1.4,-14.300000000000002,16
7272,122080.0,1.8,-0.5,-0.7000000000000001,0.9,4.3,8.1,40.2,4.6,-18.200000000000003,16
7273,122097.0,1.6,-0.5,-0.8,0.6000000000000001,4.3,7.9,34.50000000000001,6.0,-18.900000000000002,16
7274,122114.0,0.9,-0.8,-1.0,-0.1,4.1000000000000005,7.7,23.800000000000004,9.4,-15.399999999999999,16
7275,122130.0,1.0,-1.2000000000000002,-0.8,0.0,3.7,7.800000000000001,18.5,10.9,-7.6,16
7276,122147.0,1.2000000000000002,-1.6,-0.5,0.30000000000000004,2.9000000000000004,8.4,19.1,7.9,-5.500000000000001,16
7277,122163.0,1.5,-2.1,-0.8,0.5,2.9000000000000004,7.800000000000001,28.3,-10.8,-12.200000000000001,16
7278,122180.0,0.7000000000000001,-3.0,-0.4,-0.30000000000000004,2.1,8.1,31.6,-26.9,-25.7,16
7279,122197.0,0.7000000000000001,-2.6,-0.4,-0.30000000000000004,2.5,8.1,38.2,-33.7,-30.5,16
7280,122214.0,0.4,-2.7,-0.5,-0.8,2.3000000000000003,7.800000000000001,48.10000000000001,-35.2,-39.8,16
7281,122230.0,0.0,-2.8000000000000003,-1.1,-0.9,2.5,7.2,61.7,-37.400000000000006,-43.6,16
7282,122247.0,-0.1,-2.7,-1.5,-1.2000000000000002,2.9000000000000004,6.4,65.0,-37.800000000000004,-45.8,16
7283,122264.0,-0.7000000000000001,-2.3000000000000003,-1.9000000000000001,-1.6,3.3000000000000003,6.2,61.10000000000001,-38.300000000000004,-46.6,16
7284,122281.0,-1.0,-1.7000000000000002,-1.8,-1.9000000000000001,4.0,6.300000000000001,47.7,-39.50000000000001,-37.6,16
7285,122297.0,-0.8,-1.4000000000000001,-1.7000000000000002,-1.5,4.5,6.300000000000001,40.1,-39.300000000000004,-30.9,16
7286,122313.0,-0.6000000000000001,-1.1,-1.3,-1.4000000000000001,4.6000000000000005,6.6000000000000005,21.0,-39.0,-19.799999999999997,16
7287,122330.0,-0.6000000000000001,-0.9,-0.2,-1.4000000000000001,4.9,7.7,5.8,-32.0,-13.200000000000003,16
7288,122347.0,-0.7000000000000001,-0.9,0.4,-1.5,4.9,8.700000000000001,4.0,-22.000000000000004,-11.000000000000002,16
7289,122364.0,-1.0,-1.0,0.9,-1.7000000000000002,4.9,8.8,10.5,-1.4,-7.6,16
7290,122380.0,-1.1,-1.1,0.4,-1.8,4.800000000000001,8.3,17.400000000000002,2.8,-4.9,16
7291,122397.0,-1.1,-1.1,-0.30000000000000004,-1.8,4.7,7.6000000000000005,15.399999999999999,-9.600000000000001,-3.8,16
7292,122413.0,-1.1,-1.1,-0.5,-1.8,4.7,7.300000000000001,13.399999999999999,-18.5,-3.3000000000000007,16
7293,122430.0,-1.2000000000000002,-1.0,-1.0,-1.9000000000000001,4.9,6.800000000000001,10.700000000000001,-25.8,-1.6,16
7294,122447.0,-1.2000000000000002,-0.8,-1.3,-1.9000000000000001,5.1000000000000005,6.4,4.800000000000001,-13.700000000000001,0.4,16
7295,122465.0,-1.3,-0.7000000000000001,-1.4000000000000001,-1.9000000000000001,5.300000000000001,6.4,0.5,-4.800000000000001,2.2,16
7296,122480.0,-1.3,-0.30000000000000004,-1.1,-1.9000000000000001,5.6000000000000005,6.7,-13.3,14.700000000000001,6.1000000000000005,16
7297,122497.0,-1.6,-0.1,-0.6000000000000001,-2.3000000000000003,5.7,7.300000000000001,-31.6,24.200000000000003,10.8,16
7298,122514.0,-1.6,0.0,-0.2,-2.3000000000000003,5.800000000000001,7.6000000000000005,-42.7,26.400000000000006,12.9,16
7299,122530.0,-1.9000000000000001,-0.30000000000000004,0.5,-2.7,5.300000000000001,8.5,-63.8,24.7,17.1,16
7300,122547.0,-1.9000000000000001,-0.30000000000000004,0.4,-2.9000000000000004,5.0,8.4,-87.60000000000001,18.5,26.9,16
7301,122567.0,-2.2,-0.9,1.6,-3.0,4.1000000000000005,10.0,-125.50000000000001,4.2,40.1,16
7302,122581.0,-1.8,-1.1,3.3000000000000003,-2.6,3.7,11.8,-136.9,-7.500000000000001,44.6,16
7303,122597.0,-0.9,-1.3,5.300000000000001,-1.5,3.1,14.100000000000001,-119.20000000000002,-29.600000000000005,39.599999999999994,16
7304,122613.0,-0.5,-1.2000000000000002,5.300000000000001,-1.0,3.1,14.100000000000001,-94.0,-33.2,30.5,16
7305,122630.0,-0.30000000000000004,-1.1,3.2,-0.7000000000000001,3.0,12.200000000000001,-31.3,-13.900000000000002,8.4,16
7306,122647.0,-0.9,-1.2000000000000002,0.6000000000000001,-1.4000000000000001,3.0,9.5,17.1,23.6,-8.8,16
7307,122663.0,-1.1,-1.2000000000000002,-0.5,-1.7000000000000002,3.1,8.4,32.1,38.50000000000001,-11.8,16
7308,122683.0,-1.2000000000000002,-0.9,-2.7,-1.9000000000000001,3.4000000000000004,6.1000000000000005,42.1,43.50000000000001,-6.300000000000001,16
7309,122697.0,-1.0,-0.7000000000000001,-4.7,-1.8,3.7,4.0,17.9,24.3,9.100000000000001,16
7310,122713.0,-0.7000000000000001,-0.5,-5.2,-1.6,3.9000000000000004,3.5,-7.1000000000000005,8.5,18.1,16
7311,122730.0,-0.5,-0.4,-4.1000000000000005,-1.2000000000000002,3.9000000000000004,4.6000000000000005,-62.7,-21.8,31.9,16
7312,122747.0,0.0,-0.4,-1.5,-0.6000000000000001,3.6,7.300000000000001,-88.10000000000001,-29.0,42.60000000000001,16
7313,122766.0,0.8,-0.2,-0.1,0.30000000000000004,3.6,8.8,-69.10000000000001,-15.700000000000001,39.9,16
7314,122781.0,1.0,-0.2,0.30000000000000004,0.5,3.5,9.3,-50.3,-2.1,31.799999999999997,16
7315,122797.0,0.8,0.1,0.0,0.30000000000000004,3.7,9.0,-6.0,29.300000000000004,13.6,16
7316,122814.0,0.5,0.4,-0.9,0.0,4.1000000000000005,8.200000000000001,10.8,47.80000000000001,8.600000000000001,16
7317,122834.0,0.5,1.1,-2.2,-0.2,4.9,6.800000000000001,20.400000000000002,69.4,9.8,16
7318,122847.0,0.9,1.7000000000000002,-2.4000000000000004,0.0,5.5,6.5,8.3,69.60000000000001,16.8,16
7319,122864.0,1.1,2.0,-2.1,0.1,5.800000000000001,6.800000000000001,-0.6000000000000001,69.7,20.1,16
7320,122881.0,1.2000000000000002,2.1,-1.6,0.1,6.0,7.800000000000001,-15.8,74.4,23.700000000000003,16
7321,122897.0,1.0,2.2,0.1,-0.4,5.9,9.0,-27.0,74.2,23.900000000000006,16
7322,122914.0,0.8,2.1,0.8,-0.7000000000000001,5.7,10.600000000000001,-30.799999999999997,69.9,24.3,16
7323,122930.0,0.8,1.8,2.4000000000000004,-0.8,5.4,11.3,-26.9,51.800000000000004,24.599999999999998,16
7324,122947.0,0.9,1.4000000000000001,2.8000000000000003,-0.8,5.1000000000000005,11.700000000000001,-5.300000000000001,27.400000000000002,22.000000000000004,16
7325,122965.0,1.3,1.2000000000000002,1.6,-0.4,5.0,10.5,23.2,6.9,18.5,16
7326,122980.0,1.6,1.1,0.4,-0.1,4.9,9.3,34.400000000000006,0.8,16.200000000000003,16
7327,122997.0,1.7000000000000002,1.0,-1.3,0.1,4.9,7.5,40.6,-3.4,9.4,16
7328,123013.0,1.6,0.9,-1.8,-0.1,5.0,6.6000000000000005,38.2,-2.3,6.699999999999999,16
7329,123030.0,1.5,0.8,-2.3000000000000003,-0.1,4.9,6.4,23.5,5.500000000000001,2.2,16
7330,123047.0,1.4000000000000001,1.1,-1.6,-0.2,5.2,7.1000000000000005,1.1,7.500000000000001,-3.2,16
7331,123063.0,1.2000000000000002,1.2000000000000002,-0.9,-0.8,5.300000000000001,8.8,-10.200000000000001,8.0,-4.1,16
7332,123080.0,0.6000000000000001,1.3,1.1,-1.1,5.300000000000001,9.8,-31.799999999999997,11.900000000000002,-2.8,16
7333,123097.0,0.6000000000000001,1.5,3.2,-1.1,5.4,12.0,-52.80000000000001,20.900000000000002,2.2,16
7334,123113.0,0.8,1.5,4.6000000000000005,-0.8,5.0,15.0,-62.50000000000001,21.0,3.1,16
7335,123130.0,1.3,1.0,7.300000000000001,-0.5,4.6000000000000005,16.3,-69.00000000000001,3.1,-2.5,16
7336,123147.0,1.6,0.6000000000000001,8.6,-0.1,4.0,17.7,-63.30000000000001,-9.899999999999999,-8.8,16
7337,123171.0,1.6,0.4,7.6000000000000005,-0.1,3.8000000000000003,16.8,-15.100000000000001,-34.1,-34.50000000000001,16
7338,123181.0,1.6,0.4,6.6000000000000005,0.0,3.7,15.9,1.1,-29.300000000000004,-41.4,16
7339,123197.0,1.8,0.2,4.9,0.2,3.6,14.200000000000001,20.7,-5.4,-55.1,16
7340,123213.0,1.6,0.2,4.5,-0.6000000000000001,3.5,13.4,32.7,23.0,-67.4,16
7341,123230.0,0.7000000000000001,0.1,3.6,-1.2000000000000002,3.5,12.9,39.50000000000001,33.50000000000001,-69.3,16
7342,123247.0,0.4,-0.30000000000000004,2.8000000000000003,-1.6,3.3000000000000003,12.0,56.6,46.800000000000004,-63.500000000000014,16
7343,123263.0,0.30000000000000004,-1.1,1.8,-2.0,2.6,11.0,76.1,44.5,-55.7,16
7344,123280.0,0.2,-1.4000000000000001,1.1,-2.2,2.4000000000000004,10.200000000000001,84.1,34.0,-53.0,16
7345,123297.0,-0.1,-2.0,-0.2,-2.5,2.1,8.700000000000001,91.10000000000001,3.3000000000000007,-48.6,16
7346,123313.0,0.0,-2.4000000000000004,-1.4000000000000001,-2.5,1.9000000000000001,7.4,91.0,-34.300000000000004,-43.300000000000004,16
7347,123330.0,0.1,-2.6,-1.9000000000000001,-2.3000000000000003,1.8,6.800000000000001,90.4,-51.70000000000001,-41.300000000000004,16
7348,123348.0,0.30000000000000004,-2.7,-2.7,-1.9000000000000001,1.9000000000000001,5.9,88.20000000000002,-72.4,-43.4,16
7349,123364.0,0.4,-2.7,-3.3000000000000003,-1.7000000000000002,2.2,5.2,88.00000000000001,-73.30000000000001,-49.50000000000001,16
7350,123380.0,0.30000000000000004,-2.5,-3.6,-1.7000000000000002,2.4000000000000004,4.9,87.89999999999999,-64.80000000000001,-52.80000000000001,16
7351,123397.0,0.1,-2.1,-3.8000000000000003,-1.9000000000000001,3.0,4.6000000000000005,84.4,-37.2,-54.4,16
7352,123413.0,0.0,-1.7000000000000002,-3.9000000000000004,-2.0,3.6,4.2,80.60000000000001,-9.700000000000001,-48.300000000000004,16
7353,123430.0,0.0,-1.4000000000000001,-3.9000000000000004,-2.1,4.0,4.1000000000000005,75.1,2.0,-43.2,16
7354,123447.0,-0.1,-1.1,-3.5,-2.3000000000000003,4.4,4.4,57.00000000000001,17.300000000000004,-30.799999999999997,16
7355,123470.0,0.2,-1.0,-2.0,-2.1,4.6000000000000005,5.800000000000001,36.300000000000004,20.8,-18.0,16
7356,123480.0,0.1,-1.2000000000000002,-1.0,-2.2,4.4,6.7,31.2,18.200000000000003,-13.399999999999999,16
7357,123497.0,-0.2,-1.5,-0.1,-2.6,4.2,7.5,33.50000000000001,7.699999999999999,-8.2,16
7358,123513.0,-0.6000000000000001,-1.4000000000000001,-0.1,-3.0,4.4,7.5,37.6,-2.7,-1.4,16
7359,123530.0,-0.6000000000000001,-1.4000000000000001,-0.2,-3.0,4.4,7.4,37.800000000000004,-7.300000000000001,2.6,16
7360,123547.0,-0.2,-1.5,-0.30000000000000004,-2.5,4.4,7.2,36.8,-14.300000000000002,10.299999999999999,16
7361,123563.0,0.2,-1.6,-0.7000000000000001,-2.1,4.4,6.7,35.2,-15.299999999999999,10.9,16
7362,123582.0,0.30000000000000004,-1.5,-1.0,-1.9000000000000001,4.7,6.1000000000000005,26.200000000000003,-12.0,7.0,16
7363,123598.0,0.30000000000000004,-1.2000000000000002,-1.4000000000000001,-1.9000000000000001,4.9,5.9,18.6,-7.500000000000001,4.0,16
7364,123613.0,0.1,-0.8,-1.3,-2.1,5.300000000000001,6.0,1.6,10.1,-3.5,16
7365,123630.0,-0.1,-0.7000000000000001,-1.1,-2.3000000000000003,5.4,6.2,-5.7,18.200000000000003,-8.4,16
7366,123649.0,-0.6000000000000001,-0.6000000000000001,-0.4,-3.0,5.5,6.9,-13.200000000000003,31.6,-20.2,16
7367,123663.0,-1.3,-0.4,-0.8,-3.9000000000000004,5.6000000000000005,6.5,-14.900000000000002,46.1,-27.3,16
7368,123680.0,-1.5,-0.4,-1.4000000000000001,-4.6000000000000005,5.5,5.5,-21.900000000000002,56.400000000000006,-28.200000000000003,16
7369,123697.0,-2.3000000000000003,-0.4,-1.7000000000000002,-5.2,5.4,5.6000000000000005,-59.5,88.60000000000001,-27.6,16
7370,123713.0,-3.1,-1.0,0.30000000000000004,-6.4,4.5,7.6000000000000005,-105.9,117.60000000000001,-19.9,16
7371,123730.0,-3.1,-1.4000000000000001,1.5,-6.6000000000000005,3.9000000000000004,8.9,-118.00000000000001,124.2,-13.700000000000001,16
7372,123747.0,-2.5,-1.7000000000000002,3.1,-6.300000000000001,3.4000000000000004,10.600000000000001,-112.30000000000001,109.50000000000001,-5.500000000000001,16
7373,123769.0,-1.2000000000000002,-1.2000000000000002,3.4000000000000004,-5.2,3.5,11.0,-80.7,58.400000000000006,-4.300000000000001,16
7374,123784.0,-0.4,-1.1,2.3000000000000003,-4.5,3.5,9.9,-42.3,-2.1,-4.300000000000001,16
7375,123797.0,-0.2,-1.0,1.2000000000000002,-4.2,3.6,8.9,-29.900000000000006,-27.400000000000002,-5.1000000000000005,16
7376,123813.0,0.2,-0.5,-0.7000000000000001,-3.7,4.0,7.1000000000000005,-22.9,-50.400000000000006,-7.300000000000001,16
7377,123830.0,0.2,-0.30000000000000004,-1.5,-3.5,4.5,5.9,-27.6,-48.800000000000004,-6.9,16
7378,123847.0,0.4,0.4,-2.1,-3.3000000000000003,4.7,5.9,-48.10000000000001,-35.2,-3.6000000000000005,16
7379,123864.0,0.5,0.6000000000000001,-1.1,-3.1,4.800000000000001,6.9,-64.60000000000001,-17.400000000000002,-1.1,16
7380,123880.0,0.30000000000000004,0.7000000000000001,0.5,-3.3000000000000003,4.7,8.700000000000001,-58.900000000000006,-8.100000000000001,1.2000000000000002,16
7381,123897.0,0.30000000000000004,0.7000000000000001,0.7000000000000001,-3.3000000000000003,4.7,8.9,-46.800000000000004,-6.4,2.9,16
7382,123914.0,0.5,0.8,0.0,-3.1,4.7,8.3,-21.300000000000004,-6.4,7.0,16
7383,123930.0,1.0,0.9,-1.0,-2.6,4.800000000000001,7.300000000000001,-2.0,-8.700000000000001,10.700000000000001,16
7384,123947.0,1.2000000000000002,1.0,-1.7000000000000002,-2.4000000000000004,4.9,6.6000000000000005,3.4,-9.100000000000001,11.6,16
7385,123964.0,1.3,1.3,-2.7,-2.2,5.2,5.6000000000000005,3.2,-11.700000000000001,13.900000000000002,16
7386,123981.0,1.0,1.9000000000000001,-2.6,-2.4000000000000004,5.800000000000001,5.7,-10.5,-15.2,20.3,16
7387,123997.0,1.0,2.2,-2.3000000000000003,-2.3000000000000003,6.2,5.9,-18.8,-16.8,24.900000000000002,16
7388,124013.0,0.9,2.5,-1.6,-2.3000000000000003,6.4,6.7,-36.7,-19.300000000000004,36.1,16
7389,124030.0,0.8,2.2,-0.2,-2.3000000000000003,6.1000000000000005,8.200000000000001,-44.4,-23.900000000000006,40.7,16
7390,124047.0,0.6000000000000001,2.1,0.6000000000000001,-2.4000000000000004,5.9,9.0,-51.1,-34.50000000000001,43.70000000000001,16
7391,124072.0,0.2,1.9000000000000001,2.4000000000000004,-2.5,5.7,11.0,-32.0,-40.5,42.5,16
7392,124080.0,0.30000000000000004,1.9000000000000001,2.6,-2.3000000000000003,5.6000000000000005,11.3,-18.6,-41.0,41.1,16
7393,124097.0,0.4,1.9000000000000001,2.4000000000000004,-2.2,5.6000000000000005,11.100000000000001,-4.9,-42.0,39.0,16
7394,124114.0,0.4,1.7000000000000002,1.4000000000000001,-2.0,5.6000000000000005,10.100000000000001,15.899999999999999,-47.3,34.300000000000004,16
7395,124130.0,0.4,1.7000000000000002,0.9,-1.8,5.6000000000000005,9.600000000000001,20.2,-50.900000000000006,31.6,16
7396,124147.0,0.6000000000000001,1.4000000000000001,1.1,-1.5,5.4,9.9,21.200000000000003,-48.800000000000004,25.200000000000003,16
7397,124163.0,0.30000000000000004,0.8,1.9000000000000001,-1.7000000000000002,4.9,10.700000000000001,28.800000000000004,-25.8,14.5,16
7398,124180.0,-0.2,0.6000000000000001,2.0,-2.2,4.800000000000001,10.8,38.1,-4.5,4.0,16
7399,124198.0,-0.4,0.6000000000000001,1.8,-2.3000000000000003,4.800000000000001,10.5,42.5,-3.6000000000000005,1.5,16
7400,124214.0,-0.2,0.7000000000000001,0.4,-2.1,5.1000000000000005,9.0,39.2,-9.4,3.1,16
7401,124230.0,-0.30000000000000004,1.0,0.1,-2.2,5.4,8.700000000000001,8.0,-15.700000000000001,7.400000000000001,16
7402,124247.0,-0.2,1.2000000000000002,0.6000000000000001,-2.1,5.6000000000000005,9.200000000000001,-12.7,-20.5,11.1,16
7403,124264.0,-0.2,0.6000000000000001,2.7,-1.9000000000000001,4.9,11.5,-45.3,-33.400000000000006,18.8,16
7404,124281.0,0.4,-0.30000000000000004,4.3,-1.1,3.9000000000000004,13.200000000000001,-49.0,-51.4,20.3,16
7405,124298.0,0.9,-0.6000000000000001,4.800000000000001,0.0,3.3000000000000003,13.9,-40.4,-56.7,15.6,16
7406,124313.0,1.4000000000000001,-0.8,4.3,0.2,3.2,13.3,-3.6000000000000005,-53.7,-4.1,16
7407,124330.0,1.2000000000000002,-0.8,1.6,0.0,3.3000000000000003,10.600000000000001,35.8,-25.7,-23.900000000000006,16
7408,124347.0,0.9,-0.8,0.1,-0.30000000000000004,3.4000000000000004,9.1,45.3,-8.899999999999999,-30.4,16
7409,124364.0,0.6000000000000001,-0.5,-2.0,-0.7000000000000001,3.8000000000000003,6.9,39.0,16.0,-35.699999999999996,16
7410,124384.0,0.5,-0.30000000000000004,-2.4000000000000004,-0.9,4.0,6.5,12.0,24.900000000000002,-34.0,16
7411,124397.0,0.4,-0.4,-1.9000000000000001,-1.0,4.0,7.0,-2.0,21.900000000000002,-32.9,16
7412,124413.0,0.2,-0.5,-0.9,-1.3,3.8000000000000003,8.0,-19.6,8.700000000000001,-30.000000000000004,16
7413,124430.0,-0.2,-0.7000000000000001,-0.1,-1.7000000000000002,3.5,8.8,-22.4,-2.3,-25.7,16
7414,124447.0,-0.2,-0.8,0.5,-1.7000000000000002,3.3000000000000003,9.4,-18.5,-4.1,-22.8,16
7415,124463.0,0.4,-1.1,0.8,-1.2000000000000002,3.1,9.700000000000001,-0.5,3.4,-20.8,16
7416,124480.0,0.8,-1.3,0.4,-0.9,2.9000000000000004,9.3,19.6,7.500000000000001,-28.200000000000003,16
7417,124497.0,0.8,-1.3,0.1,-0.8,2.8000000000000003,9.0,30.3,4.7,-33.2,16
7418,124513.0,0.8,-1.5,-1.1,-0.9,2.8000000000000003,7.7,51.4,-5.6,-41.50000000000001,16
7419,124530.0,0.7000000000000001,-1.5,-2.4000000000000004,-1.1,2.9000000000000004,6.300000000000001,60.300000000000004,-9.700000000000001,-47.7,16
7420,124547.0,0.4,-1.4000000000000001,-2.7,-1.8,3.3000000000000003,5.9,60.2,-8.100000000000001,-48.800000000000004,16
7421,124563.0,-0.1,-1.1,-2.4000000000000004,-1.9000000000000001,3.5,6.1000000000000005,56.2,1.2000000000000002,-42.900000000000006,16
7422,124580.0,0.30000000000000004,-0.9,-2.0,-1.6,3.9000000000000004,6.4,54.9,4.9,-31.2,16
7423,124597.0,1.1,-0.7000000000000001,-1.8,-0.9,4.2,6.5,50.1,0.30000000000000004,-23.700000000000003,16
7424,124613.0,1.0,-0.7000000000000001,-1.4000000000000001,-0.9,4.3,6.9,44.5,-0.5,-22.5,16
7425,124630.0,0.7000000000000001,-0.6000000000000001,-0.4,-1.3,4.4,7.800000000000001,34.7,-0.1,-21.0,16
7426,124647.0,0.6000000000000001,-0.6000000000000001,-0.2,-1.5,4.4,8.200000000000001,31.6,2.8,-19.1,16
7427,124666.0,0.2,-0.6000000000000001,0.30000000000000004,-1.8,4.5,8.4,25.8,6.300000000000001,-15.5,16
7428,124684.0,-0.1,-0.5,0.4,-2.2,4.6000000000000005,8.5,23.6,3.1,-8.8,16
7429,124697.0,-0.30000000000000004,-0.4,0.1,-2.4000000000000004,4.800000000000001,8.200000000000001,21.1,-4.5,-0.7,16
7430,124713.0,-0.30000000000000004,-0.30000000000000004,0.0,-2.4000000000000004,4.9,8.0,17.5,-7.400000000000001,3.4,16
7431,124730.0,-0.2,-0.30000000000000004,0.4,-2.2,5.0,8.5,8.3,-8.3,7.8,16
7432,124747.0,-0.2,-0.30000000000000004,0.7000000000000001,-2.2,5.0,8.700000000000001,4.1,-4.7,5.9,16
7433,124767.0,0.0,-0.1,0.7000000000000001,-1.9000000000000001,5.4,8.700000000000001,2.8,0.6000000000000001,0.7,16
7434,124780.0,0.1,0.1,0.4,-1.9000000000000001,5.4,8.5,3.6000000000000005,3.1,-3.2,16
7435,124797.0,0.0,0.2,0.0,-2.0,5.5,8.0,-0.9000000000000001,11.6,-9.4,16
7436,124813.0,0.0,0.1,-0.30000000000000004,-2.1,5.4,7.7,-6.9,14.300000000000002,-11.3,16
7437,124832.0,-0.1,0.2,-1.3,-2.2,5.4,6.7,-35.699999999999996,11.6,-13.6,16
7438,124847.0,-1.3,0.1,-0.2,-3.5,5.1000000000000005,8.0,-88.50000000000001,10.1,-14.5,16
7439,124863.0,-1.8,0.0,1.4000000000000001,-4.1000000000000005,4.800000000000001,9.700000000000001,-112.80000000000001,14.400000000000002,-12.200000000000001,16
7440,124880.0,-2.0,-0.5,5.6000000000000005,-4.3,4.0,14.100000000000001,-124.2,19.0,-7.6,16
7441,124897.0,-1.4000000000000001,-0.7000000000000001,7.6000000000000005,-3.8000000000000003,3.5,16.3,-65.89999999999999,6.8,-14.300000000000002,16
7442,124914.0,-1.4000000000000001,-0.9,6.6000000000000005,-3.8000000000000003,3.3000000000000003,15.3,-22.6,-3.3000000000000007,-22.6,16
7443,124930.0,-1.2000000000000002,-0.4,1.8,-3.6,3.8000000000000003,10.5,43.70000000000001,-14.300000000000002,-35.599999999999994,16
7444,124947.0,-1.4000000000000001,-0.4,-1.7000000000000002,-3.8000000000000003,3.9000000000000004,6.9,59.40000000000001,-3.7000000000000006,-36.400000000000006,16
7445,124969.0,-1.1,-0.1,-3.7,-3.6,4.3,4.800000000000001,47.60000000000001,8.4,-27.2,16
7446,124980.0,-0.9,-0.1,-4.3,-3.4000000000000004,4.4,4.2,35.699999999999996,12.9,-19.9,16
7447,124997.0,-0.5,-0.30000000000000004,-4.6000000000000005,-3.2,4.3,3.8000000000000003,5.0,14.900000000000002,-5.300000000000001,16
7448,125013.0,-0.4,-0.30000000000000004,-4.4,-3.0,4.2,4.0,-10.200000000000001,11.900000000000002,1.1,16
7449,125030.0,-0.1,-0.4,-3.4000000000000004,-2.7,4.0,5.0,-30.4,2.7,11.000000000000002,16
7450,125047.0,0.2,-0.5,-2.1,-2.4000000000000004,3.9000000000000004,6.300000000000001,-28.800000000000004,-3.8,14.5,16
7451,125063.0,0.30000000000000004,-0.5,-1.8,-2.3000000000000003,3.9000000000000004,6.7,-19.9,-4.4,14.200000000000001,16
7452,125080.0,0.30000000000000004,-0.30000000000000004,-2.4000000000000004,-2.3000000000000003,4.1000000000000005,6.0,3.1,1.1,13.700000000000001,16
7453,125097.0,0.5,0.1,-3.5,-2.1,4.5,4.800000000000001,12.4,7.8,16.900000000000002,16
7454,125113.0,0.5,0.30000000000000004,-3.8000000000000003,-2.1,4.7,4.5,9.0,10.0,19.5,16
7455,125130.0,0.6000000000000001,0.8,-3.6,-1.9000000000000001,5.2,4.7,-5.500000000000001,8.0,28.200000000000003,16
7456,125147.0,0.9,1.2000000000000002,-2.8000000000000003,-1.6,5.6000000000000005,5.5,-21.300000000000004,3.2,37.1,16
7457,125163.0,1.0,1.2000000000000002,-2.3000000000000003,-1.5,5.6000000000000005,5.9,-28.200000000000003,0.30000000000000004,39.699999999999996,16
7458,125180.0,0.8,1.3,-1.1,-1.6,5.7,7.300000000000001,-41.50000000000001,-7.200000000000001,38.800000000000004,16
7459,125197.0,-0.1,1.3,0.4,-2.4000000000000004,5.6000000000000005,8.8,-47.400000000000006,-8.600000000000001,36.9,16
7460,125213.0,-0.5,1.3,1.1,-2.8000000000000003,5.4,10.100000000000001,-45.0,-7.500000000000001,37.9,16
7461,125230.0,-0.4,1.2000000000000002,2.0,-2.6,5.300000000000001,10.600000000000001,-32.1,-7.1000000000000005,41.199999999999996,16
7462,125247.0,-0.2,1.1,2.2,-2.1,5.2,10.700000000000001,-12.5,-16.8,37.1,16
7463,125265.0,0.4,1.1,1.4000000000000001,-1.6,5.300000000000001,10.100000000000001,3.8,-32.0,26.5,16
7464,125280.0,0.4,1.2000000000000002,1.2000000000000002,-1.5,5.4,9.8,8.0,-37.0,20.5,16
7465,125297.0,0.1,1.3,1.1,-1.7000000000000002,5.5,9.700000000000001,11.000000000000002,-32.400000000000006,7.699999999999999,16
7466,125313.0,-0.2,1.4000000000000001,1.1,-2.2,5.6000000000000005,10.100000000000001,10.700000000000001,-22.2,2.1,16
7467,125330.0,-0.8,1.3,2.1,-2.5,5.5,10.700000000000001,9.700000000000001,-1.1,-6.0,16
7468,125347.0,-1.0,1.5,2.0,-2.7,5.9,10.700000000000001,20.3,0.8,-10.600000000000001,16
7469,125366.0,-1.0,2.0,0.6000000000000001,-2.8000000000000003,6.4,9.200000000000001,18.200000000000003,-0.6000000000000001,-8.2,16
7470,125380.0,-1.1,2.0,0.30000000000000004,-2.9000000000000004,6.4,9.0,5.7,0.1,-5.300000000000001,16
7471,125397.0,-1.1,2.2,1.2000000000000002,-2.9000000000000004,6.5,9.9,-33.0,11.700000000000001,1.9,16
7472,125413.0,-1.0,1.5,4.0,-2.9000000000000004,5.7,12.700000000000001,-67.2,23.2,10.5,16
7473,125430.0,-0.6000000000000001,0.9,5.800000000000001,-2.5,5.0,14.600000000000001,-70.8,18.8,14.100000000000001,16
7474,125447.0,0.30000000000000004,-0.30000000000000004,7.6000000000000005,-1.6,3.7,16.6,-40.1,-8.3,9.700000000000001,16
7475,125463.0,1.2000000000000002,-0.30000000000000004,5.0,-0.6000000000000001,3.7,14.0,13.8,-34.2,-3.6000000000000005,16
7476,125480.0,1.2000000000000002,-0.2,3.2,-0.5,3.8000000000000003,12.200000000000001,30.200000000000003,-37.9,-9.4,16
7477,125497.0,1.1,-0.2,0.8,-0.5,3.9000000000000004,9.8,37.1,-23.800000000000004,-14.300000000000002,16
7478,125513.0,1.6,-0.30000000000000004,-0.1,-0.1,3.9000000000000004,8.9,26.200000000000003,-5.2,-17.400000000000002,16
7479,125531.0,1.6,-0.4,0.0,-0.1,3.8000000000000003,8.9,20.900000000000002,0.1,-20.5,16
7480,125547.0,1.4000000000000001,-0.8,0.2,-0.30000000000000004,3.5,9.1,21.500000000000004,-1.3,-27.5,16
7481,125569.0,1.0,-1.1,-0.5,-0.7000000000000001,3.3000000000000003,8.4,32.0,-7.8,-34.400000000000006,16
7482,125582.0,0.8,-1.3,-1.0,-0.9,3.1,7.9,37.6,-10.5,-36.400000000000006,16
7483,125597.0,0.4,-1.5,-1.8,-1.3,3.0,7.0,46.4,-10.700000000000001,-38.7,16
7484,125613.0,0.2,-1.8,-2.3000000000000003,-1.6,2.8000000000000003,6.4,53.400000000000006,-7.0,-38.60000000000001,16
7485,125631.0,0.2,-1.9000000000000001,-2.7,-1.5,2.7,6.0,57.00000000000001,-7.300000000000001,-38.1,16
7486,125647.0,0.30000000000000004,-2.1,-3.5,-1.5,2.7,5.1000000000000005,59.699999999999996,-13.900000000000002,-38.60000000000001,16
7487,125663.0,0.30000000000000004,-1.9000000000000001,-4.0,-1.5,3.0,4.4,56.9,-24.400000000000002,-37.6,16
7488,125680.0,0.5,-1.7000000000000002,-4.0,-1.2000000000000002,3.3000000000000003,4.4,53.8,-29.400000000000002,-35.599999999999994,16
7489,125699.0,0.5,-1.5,-3.9000000000000004,-1.2000000000000002,3.6,4.3,44.4,-39.9,-32.8,16
7490,125713.0,0.30000000000000004,-0.7000000000000001,-4.0,-1.4000000000000001,4.4,4.2,23.700000000000003,-47.1,-26.799999999999997,16
7491,125731.0,0.30000000000000004,-0.4,-3.4000000000000004,-1.3,4.7,4.800000000000001,9.100000000000001,-47.1,-21.0,16
7492,125747.0,0.2,-0.30000000000000004,-1.4000000000000001,-1.3,4.800000000000001,6.800000000000001,-16.3,-39.9,-10.0,16
7493,125763.0,0.2,-0.1,0.30000000000000004,-1.2000000000000002,4.9,8.6,-25.4,-26.400000000000006,-0.8,16
7494,125780.0,0.30000000000000004,-0.2,1.1,-1.1,4.800000000000001,9.4,-24.900000000000002,-19.6,2.5,16
7495,125797.0,0.4,-0.4,2.5,-0.9,4.5,10.8,-13.5,-13.200000000000003,4.5,16
7496,125813.0,0.30000000000000004,-0.4,2.8000000000000003,-1.0,4.6000000000000005,11.200000000000001,5.300000000000001,-10.700000000000001,2.5,16
7497,125830.0,0.2,-0.4,2.7,-1.0,4.5,11.100000000000001,14.100000000000001,-8.899999999999999,1.1,16
7498,125847.0,-0.30000000000000004,-0.5,2.1,-1.5,4.5,10.5,28.400000000000002,-2.3,-2.5,16
7499,125871.0,-0.7000000000000001,-0.6000000000000001,1.1,-2.0,4.6000000000000005,9.4,36.300000000000004,9.4,-1.7,16
7500,125881.0,-0.7000000000000001,-0.6000000000000001,0.6000000000000001,-2.0,4.5,8.200000000000001,38.1,17.200000000000003,0.1,16
7501,125897.0,-0.6000000000000001,-0.7000000000000001,-0.4,-2.0,4.6000000000000005,7.800000000000001,34.60000000000001,36.5,-0.30000000000000004,16
7502,125913.0,-1.0,-0.30000000000000004,-0.4,-2.5,5.0,7.7,23.5,48.70000000000001,-7.300000000000001,16
7503,125930.0,-1.3,-0.30000000000000004,-0.4,-3.3000000000000003,5.300000000000001,7.6000000000000005,18.3,51.4,-10.600000000000001,16
7504,125947.0,-1.8,0.0,-0.8,-3.7,5.4,7.2,3.6000000000000005,49.699999999999996,-12.8,16
7505,125963.0,-2.9000000000000004,0.0,-1.0,-4.800000000000001,5.300000000000001,7.0,-26.400000000000006,39.8,-9.600000000000001,16
7506,125980.0,-3.4000000000000004,0.0,-0.7000000000000001,-5.9,5.0,7.800000000000001,-45.400000000000006,34.7,-3.1,16
7507,125997.0,-3.8000000000000003,-0.4,0.4,-5.9,4.7,8.6,-89.0,26.300000000000004,17.400000000000002,16
7508,126014.0,-2.7,-1.2000000000000002,3.0,-4.9,3.6,11.4,-120.50000000000001,8.600000000000001,33.9,16
7509,126030.0,-2.2,-1.7000000000000002,4.4,-3.8000000000000003,2.5,13.700000000000001,-120.00000000000001,-8.899999999999999,35.2,16
7510,126047.0,-1.4000000000000001,-2.0,5.0,-3.4000000000000004,2.3000000000000003,13.700000000000001,-81.90000000000002,-46.4,22.700000000000003,16
7511,126063.0,-1.0,-1.6,2.7,-2.8000000000000003,2.6,11.5,-24.599999999999998,-54.50000000000001,7.8,16
7512,126080.0,-0.9,-1.4000000000000001,-0.4,-2.6,2.8000000000000003,8.4,-1.0,-41.4,2.9,16
7513,126097.0,-0.8,-1.2000000000000002,-1.8,-2.5,3.0,7.0,24.8,1.8000000000000003,-2.6,16
7514,126113.0,-0.6000000000000001,-0.8,-3.9000000000000004,-2.4000000000000004,3.5,4.800000000000001,18.3,41.4,-2.9,16
7515,126130.0,-0.6000000000000001,-0.6000000000000001,-4.4,-2.7,3.8000000000000003,4.2,5.6,53.0,-0.1,16
7516,126147.0,-0.8,-0.4,-4.1000000000000005,-2.8000000000000003,3.8000000000000003,4.5,-27.9,57.00000000000001,10.8,16
7517,126174.0,-0.2,-0.6000000000000001,-2.3000000000000003,-2.4000000000000004,3.4000000000000004,6.4,-63.8,24.599999999999998,30.1,16
7518,126180.0,0.0,-0.6000000000000001,-1.5,-2.2,3.3000000000000003,7.300000000000001,-65.6,10.700000000000001,34.300000000000004,16
7519,126197.0,0.2,-0.6000000000000001,-0.8,-1.9000000000000001,3.3000000000000003,7.9,-60.300000000000004,-0.1,37.2,16
7520,126213.0,0.7000000000000001,-0.4,-0.7000000000000001,-1.4000000000000001,3.3000000000000003,8.1,-34.900000000000006,-7.0,38.0,16
7521,126230.0,1.0,0.0,-2.0,-1.1,3.7,6.800000000000001,-9.5,2.1,35.1,16
7522,126247.0,1.0,0.2,-2.6,-1.1,3.9000000000000004,6.2,-3.0,10.600000000000001,34.1,16
7523,126263.0,1.1,0.7000000000000001,-3.2,-1.0,4.5,5.6000000000000005,-1.0,26.400000000000006,34.1,16
7524,126280.0,1.4000000000000001,1.3,-3.0,-0.7000000000000001,5.0,5.800000000000001,-7.400000000000001,37.1,36.6,16
7525,126297.0,1.4000000000000001,1.4000000000000001,-2.5,-0.7000000000000001,5.2,6.2,-11.900000000000002,42.3,37.400000000000006,16
7526,126313.0,1.2000000000000002,1.7000000000000002,-1.4000000000000001,-1.0,5.4,7.2,-19.6,50.900000000000006,36.7,16
7527,126330.0,0.8,1.8,0.0,-1.6,5.6000000000000005,8.700000000000001,-25.4,62.800000000000004,35.3,16
7528,126347.0,0.5,1.9000000000000001,0.8,-1.9000000000000001,5.6000000000000005,9.4,-26.5,67.00000000000001,33.800000000000004,16
7529,126363.0,-0.2,1.9000000000000001,1.7000000000000002,-2.8000000000000003,5.5,10.3,-25.8,61.39999999999999,31.400000000000002,16
7530,126380.0,-0.30000000000000004,1.9000000000000001,2.5,-3.0,5.6000000000000005,11.100000000000001,-23.2,31.799999999999997,32.400000000000006,16
7531,126397.0,-0.2,1.9000000000000001,2.8000000000000003,-2.9000000000000004,5.5,11.5,-17.5,10.8,32.1,16
7532,126413.0,0.2,1.9000000000000001,2.2,-2.4000000000000004,5.6000000000000005,10.9,0.9000000000000001,-27.099999999999998,28.200000000000003,16
7533,126430.0,0.6000000000000001,1.9000000000000001,1.2000000000000002,-1.8,5.7,9.9,8.5,-49.300000000000004,20.599999999999998,16
7534,126447.0,0.5,1.9000000000000001,1.3,-1.8,5.6000000000000005,10.0,9.4,-50.5,14.400000000000002,16
7535,126468.0,0.0,1.8,1.7000000000000002,-2.5,5.6000000000000005,10.8,14.300000000000002,-33.7,1.1,16
7536,126480.0,-0.4,1.8,2.0,-2.6,5.7,10.8,24.900000000000002,-10.700000000000001,-7.400000000000001,16
7537,126497.0,-0.30000000000000004,1.9000000000000001,1.7000000000000002,-2.4000000000000004,5.9,10.5,30.4,-2.9,-8.5,16
7538,126513.0,-0.1,1.9000000000000001,1.3,-2.3000000000000003,5.9,10.0,29.500000000000004,1.1,-7.8,16
7539,126530.0,-0.1,2.2,0.9,-2.3000000000000003,6.300000000000001,9.600000000000001,12.9,-8.2,-5.8,16
7540,126547.0,-0.2,2.3000000000000003,1.0,-2.3000000000000003,6.4,9.8,-3.4,-9.4,-3.4,16
7541,126563.0,-0.5,2.1,3.3000000000000003,-2.6,6.2,12.100000000000001,-40.800000000000004,-6.699999999999999,5.2,16
7542,126581.0,0.4,0.7000000000000001,6.6000000000000005,-1.7000000000000002,4.6000000000000005,15.600000000000001,-42.900000000000006,-10.8,16.4,16
7543,126597.0,1.0,0.0,7.2,-1.0,3.8000000000000003,16.2,-24.7,-20.400000000000002,14.400000000000002,16
7544,126613.0,1.8,-0.4,5.4,-0.1,3.5,14.4,27.9,-41.900000000000006,-2.3,16
7545,126630.0,1.8,-0.30000000000000004,2.0,0.0,3.8000000000000003,11.0,63.4,-39.599999999999994,-15.399999999999999,16
7546,126647.0,1.6,-0.1,0.6000000000000001,-0.1,4.1000000000000005,9.600000000000001,70.3,-29.400000000000002,-18.8,16
7547,126663.0,1.6,0.2,-0.9,-0.1,4.6000000000000005,8.0,63.30000000000001,-5.300000000000001,-24.5,16
7548,126680.0,1.3,0.0,-0.9,-0.5,4.5,7.9,46.4,7.300000000000001,-29.900000000000006,16
7549,126697.0,0.9,-0.2,-0.7000000000000001,-1.4000000000000001,4.2,8.200000000000001,37.9,8.2,-31.9,16
7550,126714.0,0.2,-0.7000000000000001,-0.30000000000000004,-1.7000000000000002,4.0,8.4,26.799999999999997,-1.7,-31.9,16
7551,126730.0,-0.1,-1.2000000000000002,-0.1,-1.9000000000000001,3.5,8.6,25.1,-19.6,-27.9,16
7552,126747.0,-0.2,-1.5,0.1,-2.0,3.2,8.700000000000001,27.3,-27.700000000000003,-26.000000000000004,16
7553,126766.0,-0.1,-2.0,0.1,-1.9000000000000001,2.8000000000000003,8.700000000000001,38.300000000000004,-40.7,-22.1,16
7554,126780.0,0.30000000000000004,-2.4000000000000004,-0.7000000000000001,-1.3,2.5,7.9,54.0,-47.900000000000006,-21.900000000000002,16
7555,126797.0,0.5,-2.7,-1.3,-0.9,2.3000000000000003,6.5,59.80000000000001,-50.0,-24.0,16
7556,126813.0,0.7000000000000001,-2.8000000000000003,-2.5,-0.8,2.3000000000000003,5.9,63.4,-51.300000000000004,-30.599999999999998,16
7557,126830.0,0.0,-2.6,-3.2,-1.4000000000000001,2.7,5.2,55.60000000000001,-43.900000000000006,-34.300000000000004,16
7558,126847.0,-0.2,-2.2,-2.8000000000000003,-1.6,3.2,5.4,42.60000000000001,-32.6,-27.9,16
7559,126863.0,-0.2,-2.1,-2.5,-1.5,3.3000000000000003,5.7,38.60000000000001,-27.099999999999998,-23.099999999999998,16
7560,126880.0,0.30000000000000004,-2.0,-2.3000000000000003,-1.1,3.5,5.800000000000001,33.6,-19.200000000000003,-16.0,16
7561,126897.0,0.2,-1.7000000000000002,-2.3000000000000003,-1.1,3.8000000000000003,5.800000000000001,29.300000000000004,-16.6,-14.300000000000002,16
7562,126913.0,0.0,-1.5,-1.8,-1.2000000000000002,4.0,6.2,13.200000000000003,-12.100000000000001,-11.000000000000002,16
7563,126930.0,-0.30000000000000004,-1.4000000000000001,-0.1,-1.6,4.1000000000000005,7.9,3.1,-2.6,-4.1,16
7564,126947.0,-0.2,-1.4000000000000001,0.7000000000000001,-1.5,4.1000000000000005,8.700000000000001,7.6,10.700000000000001,2.9,16
7565,126964.0,0.0,-1.4000000000000001,0.8,-1.4000000000000001,4.2,8.8,10.299999999999999,14.200000000000001,4.5,16
7566,126980.0,0.1,-1.3,0.9,-1.3,4.3,8.9,12.4,6.9,3.4,16
7567,126997.0,-0.5,-1.2000000000000002,0.5,-1.9000000000000001,4.4,8.4,12.8,-4.7,0.9000000000000001,16
7568,127013.0,-0.7000000000000001,-1.0,0.1,-2.0,4.6000000000000005,8.1,11.000000000000002,-7.8,1.7,16
7569,127030.0,-0.8,-0.8,-0.5,-2.2,4.800000000000001,7.4,3.0,-7.0,5.300000000000001,16
7570,127047.0,-0.9,-0.5,-0.5,-2.2,5.1000000000000005,7.4,-9.600000000000001,4.7,8.899999999999999,16
7571,127065.0,-0.8,-0.30000000000000004,-0.1,-2.1,5.300000000000001,7.9,-15.5,12.200000000000001,8.899999999999999,16
7572,127080.0,-1.0,-0.2,0.7000000000000001,-2.4000000000000004,5.300000000000001,8.700000000000001,-17.9,23.3,4.4,16
7573,127097.0,-0.9,0.1,0.4,-2.4000000000000004,5.6000000000000005,8.4,-14.600000000000001,27.5,1.4,16
7574,127113.0,-0.9,0.1,0.0,-2.4000000000000004,5.6000000000000005,8.0,-15.299999999999999,27.700000000000003,0.0,16
7575,127130.0,-0.9,0.30000000000000004,-1.4000000000000001,-2.4000000000000004,5.7,6.7,-25.4,24.8,3.3000000000000007,16
7576,127147.0,-0.9,0.2,-2.6,-2.5,5.5,5.5,-66.5,16.1,12.9,16
7577,127163.0,-1.0,0.0,-2.3000000000000003,-2.6,5.2,5.9,-98.0,9.899999999999999,16.6,16
7578,127180.0,-1.4000000000000001,-0.4,1.8,-3.0,4.3,10.3,-151.0,0.4,21.400000000000002,16
7579,127197.0,-0.9,-0.7000000000000001,5.9,-2.4000000000000004,3.6,14.600000000000001,-131.7,-7.8,20.2,16
7580,127213.0,-0.7000000000000001,-0.7000000000000001,6.4,-2.3000000000000003,3.4000000000000004,15.200000000000001,-97.10000000000001,-6.1000000000000005,13.5,16
7581,127230.0,-0.4,-0.6000000000000001,4.1000000000000005,-1.9000000000000001,3.5,13.0,-12.0,10.9,-3.3000000000000007,16
7582,127247.0,-0.5,-0.4,-0.30000000000000004,-2.2,3.7,8.5,40.300000000000004,43.70000000000001,-18.5,16
7583,127264.0,-0.7000000000000001,-0.30000000000000004,-1.9000000000000001,-2.5,3.9000000000000004,6.800000000000001,44.5,60.2,-23.5,16
7584,127280.0,-1.1,0.0,-3.4000000000000004,-3.2,4.3,5.2,25.4,79.5,-25.7,16
7585,127296.0,-1.8,0.0,-2.9000000000000004,-4.2,4.3,5.6000000000000005,-4.1,82.7,-14.800000000000002,16
7586,127313.0,-1.8,-0.1,-2.5,-4.3,4.2,6.0,-15.5,79.1,-5.1000000000000005,16
7587,127330.0,-1.6,-0.2,-2.3000000000000003,-3.8000000000000003,3.9000000000000004,6.4,-31.3,56.2,13.8,16
7588,127347.0,-0.2,-0.4,-1.2000000000000002,-3.0,3.6,7.2,-36.9,24.0,24.900000000000002,16
7589,127366.0,0.2,-0.5,-0.8,-2.5,3.6,7.7,-26.6,-1.5,28.0,16
7590,127381.0,0.4,-0.4,-1.0,-2.3000000000000003,3.6,7.5,-16.3,-7.1000000000000005,28.600000000000005,16
7591,127397.0,0.9,0.0,-2.2,-1.7000000000000002,4.0,6.4,2.8,-2.6,29.700000000000006,16
7592,127413.0,1.2000000000000002,0.2,-2.8000000000000003,-1.4000000000000001,4.3,5.800000000000001,5.8,4.1,29.200000000000003,16
7593,127430.0,1.4000000000000001,0.8,-3.3000000000000003,-1.2000000000000002,4.9,5.2,-0.2,14.400000000000002,28.400000000000002,16
7594,127447.0,1.5,1.3,-3.2,-1.1,5.4,5.300000000000001,-17.200000000000003,21.500000000000004,30.000000000000004,16
7595,127466.0,1.5,1.6,-1.8,-1.1,5.7,6.7,-39.8,20.5,30.000000000000004,16
7596,127480.0,1.3,1.8,-0.8,-1.3,5.7,7.7,-48.2,17.7,30.000000000000004,16
7597,127497.0,1.3,1.7000000000000002,1.0,-1.2000000000000002,5.5,9.5,-55.1,0.6000000000000001,27.700000000000003,16
7598,127513.0,1.5,1.8,1.7000000000000002,-0.8,5.5,11.200000000000001,-54.6,-14.100000000000001,24.0,16
7599,127530.0,1.7000000000000002,1.7000000000000002,3.3000000000000003,-0.6000000000000001,5.4,12.0,-40.6,-49.6,13.399999999999999,16
7600,127547.0,1.8,1.8,3.3000000000000003,-0.30000000000000004,5.4,12.100000000000001,-7.8,-74.10000000000001,-1.0,16
7601,127564.0,1.9000000000000001,2.0,1.8,0.0,5.7,10.700000000000001,21.0,-72.7,-13.399999999999999,16
7602,127580.0,1.9000000000000001,2.0,1.3,0.1,5.7,10.200000000000001,29.1,-65.4,-19.400000000000002,16
7603,127597.0,1.8,2.1,0.7000000000000001,0.2,6.0,9.600000000000001,34.800000000000004,-45.6,-30.3,16
7604,127613.0,1.8,2.1,1.0,-0.1,5.7,10.200000000000001,33.400000000000006,-33.800000000000004,-34.900000000000006,16
7605,127630.0,1.2000000000000002,1.4000000000000001,2.0,-0.4,5.4,10.9,31.5,-9.899999999999999,-44.10000000000001,16
7606,127647.0,0.8,1.1,2.7,-1.3,5.2,12.0,39.8,3.3000000000000007,-51.70000000000001,16
7607,127664.0,0.30000000000000004,0.9,3.2,-1.4000000000000001,5.1000000000000005,12.0,49.1,4.4,-52.2,16
7608,127680.0,0.4,0.8,1.9000000000000001,-1.5,5.2,10.600000000000001,64.30000000000001,3.8,-49.4,16
7609,127697.0,0.1,1.0,0.6000000000000001,-1.8,5.4,9.200000000000001,54.199999999999996,-6.4,-44.7,16
7610,127713.0,-0.2,1.2000000000000002,0.1,-2.1,5.7,8.6,25.7,-18.3,-33.50000000000001,16
7611,127730.0,-0.30000000000000004,1.3,0.1,-2.2,5.9,8.700000000000001,7.699999999999999,-23.900000000000006,-25.7,16
7612,127747.0,0.2,1.0,1.1,-1.6,5.5,9.700000000000001,-26.1,-37.1,-8.2,16
7613,127763.0,0.6000000000000001,0.6000000000000001,1.9000000000000001,-0.5,4.6000000000000005,11.3,-42.3,-53.9,1.7,16
7614,127780.0,1.7000000000000002,-0.2,2.9000000000000004,0.1,4.1000000000000005,11.700000000000001,-41.50000000000001,-65.6,1.7,16
7615,127797.0,2.4000000000000004,-0.7000000000000001,2.6,1.1,3.5,11.5,-28.3,-86.89999999999999,-11.900000000000002,16
7616,127813.0,2.1,-0.7000000000000001,1.1,1.0,3.5,10.100000000000001,-12.5,-83.89999999999999,-31.400000000000002,16
7617,127830.0,1.8,-0.6000000000000001,0.4,0.8,3.5,9.4,-8.0,-72.80000000000001,-37.800000000000004,16
7618,127846.0,1.5,-0.5,-0.7000000000000001,0.6000000000000001,3.6,8.4,-8.4,-40.6,-45.099999999999994,16
7619,127863.0,1.4000000000000001,-0.6000000000000001,-0.7000000000000001,0.6000000000000001,3.4000000000000004,8.3,-15.6,-12.8,-50.5,16
7620,127880.0,1.5,-0.7000000000000001,-0.1,0.6000000000000001,3.3000000000000003,9.0,-18.200000000000003,-5.8,-54.50000000000001,16
7621,127896.0,1.2000000000000002,-1.1,1.3,0.30000000000000004,2.8000000000000003,10.4,-8.5,-2.0,-67.00000000000001,16
7622,127913.0,0.4,-1.3,1.4000000000000001,-0.6000000000000001,2.6,10.5,16.900000000000002,-7.6,-80.50000000000001,16
7623,127930.0,0.0,-1.4000000000000001,1.1,-1.1,2.5,10.200000000000001,31.799999999999997,-9.3,-84.5,16
7624,127947.0,-0.6000000000000001,-1.6,-0.2,-1.7000000000000002,2.5,8.8,60.00000000000001,-8.100000000000001,-85.0,16
7625,127963.0,-0.6000000000000001,-1.7000000000000002,-1.2000000000000002,-1.8,2.5,7.800000000000001,70.8,-7.8,-82.60000000000001,16
7626,127983.0,-0.30000000000000004,-1.9000000000000001,-3.5,-1.6,2.6,5.2,76.4,-12.200000000000001,-74.60000000000001,16
7627,127997.0,-0.30000000000000004,-1.8,-4.0,-1.6,2.7,4.7,70.7,-15.8,-71.5,16
7628,128013.0,0.0,-1.5,-4.2,-1.4000000000000001,3.1,4.3,55.2,-24.3,-63.500000000000014,16
7629,128030.0,0.2,-1.4000000000000001,-4.1000000000000005,-1.2000000000000002,3.3000000000000003,4.4,46.7,-26.799999999999997,-59.300000000000004,16
7630,128046.0,0.30000000000000004,-1.0,-3.5,-1.1,3.7,5.0,28.400000000000002,-30.200000000000003,-51.1,16
7631,128064.0,0.1,-0.5,-2.9000000000000004,-1.3,4.3,5.5,9.3,-29.300000000000004,-39.50000000000001,16
7632,128080.0,0.2,-0.30000000000000004,-2.4000000000000004,-1.2000000000000002,4.4,6.0,-2.0,-25.7,-32.300000000000004,16
7633,128096.0,0.30000000000000004,-0.30000000000000004,-0.4,-1.0,4.4,8.0,-19.700000000000003,-13.6,-19.799999999999997,16
7634,128113.0,0.5,-0.30000000000000004,1.2000000000000002,-0.9,4.3,9.700000000000001,-19.0,6.1000000000000005,-12.9,16
7635,128130.0,0.4,-0.5,1.6,-1.0,4.2,10.100000000000001,-14.300000000000002,14.700000000000001,-11.2,16
7636,128147.0,0.30000000000000004,-0.5,2.2,-1.2000000000000002,4.1000000000000005,10.700000000000001,-2.0,18.5,-10.700000000000001,16
7637,128163.0,-0.2,-0.4,1.9000000000000001,-1.7000000000000002,4.2,10.4,12.299999999999999,16.6,-10.600000000000001,16
7638,128180.0,-0.4,-0.5,1.5,-2.0,4.1000000000000005,10.0,17.5,18.5,-9.100000000000001,16
7639,128196.0,-0.5,-0.6000000000000001,0.8,-2.1,4.1000000000000005,9.3,22.9,25.1,-4.7,16
7640,128213.0,-0.2,-0.4,0.30000000000000004,-1.9000000000000001,4.3,8.700000000000001,21.6,32.400000000000006,-3.8,16
7641,128231.0,-0.1,-0.30000000000000004,0.1,-2.0,4.5,8.5,19.9,35.599999999999994,-5.1000000000000005,16
7642,128247.0,-0.30000000000000004,0.1,0.1,-2.3000000000000003,4.9,8.5,12.7,37.800000000000004,-9.5,16
7643,128263.0,-0.5,0.30000000000000004,0.1,-2.7,5.4,8.1,5.300000000000001,28.900000000000002,-14.100000000000001,16
7644,128281.0,-1.3,0.6000000000000001,-0.9,-3.4000000000000004,5.4,7.4,-12.9,14.0,-16.0,16
7645,128298.0,-1.8,0.7000000000000001,-1.4000000000000001,-4.0,5.4,6.9,-28.500000000000004,7.6,-14.0,16
7646,128313.0,-3.0,0.8,-1.1,-5.2,5.4,7.300000000000001,-82.7,10.4,-1.2000000000000002,16
7647,128330.0,-3.3000000000000003,0.1,2.9000000000000004,-5.6000000000000005,4.3,11.5,-114.99999999999999,15.8,8.5,16
7648,128347.0,-2.6,-0.6000000000000001,5.300000000000001,-4.800000000000001,3.4000000000000004,14.0,-141.0,7.6,27.099999999999998,16
7649,128363.0,-1.1,-1.3,7.6000000000000005,-3.3000000000000003,2.4000000000000004,16.5,-96.80000000000001,-34.0,21.7,16
7650,128380.0,-0.5,-0.9,4.9,-2.5,2.7,13.9,-20.5,-66.7,1.1,16
7651,128396.0,-0.5,-0.9,2.8000000000000003,-2.4000000000000004,2.7,11.9,9.700000000000001,-65.0,-7.200000000000001,16
7652,128413.0,-0.5,-0.9,-0.8,-2.3000000000000003,2.7,8.3,40.300000000000004,-28.1,-18.6,16
7653,128430.0,-0.30000000000000004,-0.5,-3.0,-2.1,3.2,6.1000000000000005,40.6,-0.2,-21.900000000000002,16
7654,128447.0,-0.1,-0.5,-3.3000000000000003,-2.1,3.3000000000000003,5.6000000000000005,21.6,47.3,-22.6,16
7655,128463.0,-0.1,-0.6000000000000001,-3.2,-2.3000000000000003,3.2,5.7,-3.1,58.800000000000004,-16.5,16
7656,128480.0,0.30000000000000004,-0.7000000000000001,-2.9000000000000004,-2.0,3.0,5.9,-20.2,40.300000000000004,-8.600000000000001,16
7657,128496.0,0.6000000000000001,-0.7000000000000001,-2.9000000000000004,-1.8,3.0,6.0,-26.1,25.6,-6.1000000000000005,16
7658,128513.0,0.9,-0.5,-2.4000000000000004,-1.5,3.0,6.4,-30.699999999999996,1.1,-6.8,16
7659,128531.0,0.5,-0.2,-2.1,-1.9000000000000001,3.3000000000000003,6.800000000000001,-21.8,-3.2,-9.8,16
7660,128549.0,0.30000000000000004,0.1,-2.0,-2.1,3.5,6.9,-13.3,3.0,-8.700000000000001,16
7661,128563.0,0.5,0.4,-2.6,-2.0,3.9000000000000004,6.300000000000001,5.8,23.400000000000002,-1.2000000000000002,16
7662,128580.0,1.0,0.7000000000000001,-3.2,-1.5,4.2,5.6000000000000005,10.8,38.0,4.300000000000001,16
7663,128597.0,1.1,0.9,-3.3000000000000003,-1.5,4.4,5.4,7.6,38.60000000000001,5.500000000000001,16
7664,128613.0,1.2000000000000002,1.5,-3.0,-1.5,5.0,5.7,-8.5,33.2,7.9,16
7665,128630.0,0.7000000000000001,1.9000000000000001,-1.4000000000000001,-2.0,5.4,7.300000000000001,-26.9,25.200000000000003,12.100000000000001,16
7666,128647.0,0.5,2.0,-0.5,-2.3000000000000003,5.5,8.200000000000001,-32.1,22.9,14.100000000000001,16
7667,128663.0,-0.30000000000000004,2.3000000000000003,1.2000000000000002,-3.1,5.6000000000000005,9.9,-32.7,20.3,19.400000000000002,16
7668,128680.0,-0.2,2.2,2.5,-3.0,5.6000000000000005,11.200000000000001,-23.0,11.1,25.6,16
7669,128696.0,0.1,2.1,2.9000000000000004,-2.8000000000000003,5.4,11.700000000000001,-13.8,0.5,25.900000000000002,16
7670,128713.0,0.6000000000000001,1.9000000000000001,2.8000000000000003,-2.1,5.300000000000001,11.600000000000001,10.4,-28.3,18.3,16
7671,128730.0,0.7000000000000001,2.0,2.0,-1.9000000000000001,5.5,10.8,29.300000000000004,-48.70000000000001,3.9,16
7672,128747.0,0.6000000000000001,2.0,1.8,-1.9000000000000001,5.5,10.600000000000001,36.0,-52.400000000000006,-3.2,16
7673,128763.0,0.30000000000000004,1.8,1.7000000000000002,-2.0,5.5,10.5,49.699999999999996,-45.7,-17.300000000000004,16
7674,128780.0,0.0,1.6,1.3,-2.3000000000000003,5.5,10.100000000000001,60.2,-25.300000000000004,-28.700000000000003,16
7675,128796.0,-0.1,1.5,1.2000000000000002,-2.4000000000000004,5.5,10.0,63.4,-14.900000000000002,-33.400000000000006,16
7676,128814.0,0.0,1.6,1.0,-2.3000000000000003,5.7,9.600000000000001,69.4,-0.9000000000000001,-40.1,16
7677,128830.0,0.2,1.8,0.2,-2.2,6.1000000000000005,8.700000000000001,68.3,4.6,-42.0,16
7678,128852.0,0.1,1.9000000000000001,-0.2,-2.3000000000000003,6.4,8.3,51.50000000000001,-1.9,-42.400000000000006,16
7679,128864.0,-0.1,2.1,-0.30000000000000004,-2.6,6.6000000000000005,8.200000000000001,38.50000000000001,-5.6,-40.300000000000004,16
7680,128880.0,-0.5,2.2,0.4,-3.0,6.800000000000001,8.8,4.5,-8.8,-30.4,16
7681,128896.0,-0.4,2.1,1.2000000000000002,-3.0,6.6000000000000005,9.700000000000001,-12.5,-7.400000000000001,-23.400000000000002,16
7682,128913.0,0.30000000000000004,1.2000000000000002,3.4000000000000004,-2.3000000000000003,5.6000000000000005,11.9,-32.5,-9.2,-10.4,16
7683,128930.0,1.6,0.0,5.2,-0.8,4.3,13.8,-19.0,-31.5,-10.299999999999999,16
7684,128947.0,2.1,-0.30000000000000004,4.9,-0.30000000000000004,4.0,13.600000000000001,-0.30000000000000004,-47.0,-17.1,16
7685,128964.0,2.1,-0.4,2.4000000000000004,-0.2,4.0,11.100000000000001,34.50000000000001,-70.5,-34.2,16
7686,128980.0,1.6,-0.1,-0.2,-0.4,4.4,8.5,47.3,-71.39999999999999,-39.1,16
7687,128996.0,1.6,0.1,-1.2000000000000002,-0.4,4.9,7.1000000000000005,42.3,-63.900000000000006,-38.60000000000001,16
7688,129013.0,1.5,0.30000000000000004,-1.3,-0.4,4.9,7.4,13.5,-47.1,-37.7,16
7689,129030.0,1.3,0.0,-0.4,-0.5,4.5,8.3,-7.6,-35.2,-35.699999999999996,16
7690,129046.0,1.3,-0.30000000000000004,0.0,-0.30000000000000004,3.9000000000000004,9.3,-12.600000000000001,-33.400000000000006,-35.4,16
7691,129063.0,1.4000000000000001,-1.0,1.2000000000000002,-0.30000000000000004,3.5,10.0,-7.6,-40.6,-37.0,16
7692,129080.0,1.4000000000000001,-1.7000000000000002,1.6,-0.2,2.8000000000000003,10.4,18.6,-49.1,-43.70000000000001,16
7693,129096.0,1.2000000000000002,-2.2,0.5,-0.30000000000000004,2.4000000000000004,9.3,52.2,-49.199999999999996,-53.599999999999994,16
7694,129113.0,1.1,-2.4000000000000004,-0.30000000000000004,-0.4,2.3000000000000003,8.4,65.8,-45.0,-57.699999999999996,16
7695,129130.0,0.9,-2.6,-1.6,-0.6000000000000001,2.2,7.0,82.39999999999999,-31.400000000000002,-63.599999999999994,16
7696,129147.0,0.6000000000000001,-2.6,-2.6,-1.0,2.4000000000000004,5.800000000000001,88.7,-22.000000000000004,-65.2,16
7697,129172.0,0.4,-2.2,-3.3000000000000003,-1.2000000000000002,3.0,4.9,81.60000000000001,-21.1,-59.00000000000001,16
7698,129180.0,0.4,-2.0,-3.5,-1.2000000000000002,3.3000000000000003,4.7,73.30000000000001,-24.7,-53.8,16
7699,129198.0,0.5,-1.4000000000000001,-3.5,-1.1,4.1000000000000005,4.6000000000000005,50.2,-32.9,-41.50000000000001,16
7700,129213.0,0.6000000000000001,-1.1,-3.3000000000000003,-1.0,4.4,4.800000000000001,36.7,-35.1,-34.7,16
7701,129230.0,1.0,-1.0,-2.3000000000000003,-0.5,4.5,5.7,10.0,-40.1,-21.500000000000004,16
7702,129246.0,0.9,-1.0,-0.7000000000000001,-0.5,4.5,7.300000000000001,-7.300000000000001,-40.4,-18.200000000000003,16
7703,129263.0,0.7000000000000001,-0.8,-0.1,-0.6000000000000001,4.6000000000000005,8.0,-10.0,-34.60000000000001,-17.799999999999997,16
7704,129280.0,0.30000000000000004,-0.8,0.8,-1.1,4.6000000000000005,8.8,-4.800000000000001,-15.000000000000002,-17.6,16
7705,129296.0,0.0,-0.7000000000000001,0.9,-1.7000000000000002,4.800000000000001,8.9,5.300000000000001,3.0,-14.900000000000002,16
7706,129313.0,-0.5,-0.5,0.4,-1.9000000000000001,4.9,8.5,8.899999999999999,7.9,-12.200000000000001,16
7707,129330.0,-0.7000000000000001,-0.5,-0.1,-2.2,4.9,7.9,6.500000000000001,11.000000000000002,-6.4,16
7708,129346.0,-0.7000000000000001,-0.4,-0.30000000000000004,-2.2,5.0,7.7,-2.8,9.899999999999999,-1.2000000000000002,16
7709,129363.0,-0.6000000000000001,-0.5,-0.4,-2.1,4.9,7.7,-7.500000000000001,9.600000000000001,0.9000000000000001,16
7710,129380.0,-0.5,-0.1,-0.30000000000000004,-2.0,5.2,7.800000000000001,-19.700000000000003,8.8,-0.30000000000000004,16
7711,129396.0,-1.0,0.0,0.4,-2.6,5.300000000000001,8.6,-30.200000000000003,9.600000000000001,-5.1000000000000005,16
7712,129414.0,-1.3,0.0,0.7000000000000001,-2.9000000000000004,5.300000000000001,8.8,-31.400000000000002,9.5,-8.100000000000001,16
7713,129430.0,-1.6,0.1,0.30000000000000004,-3.2,5.300000000000001,8.5,-28.800000000000004,9.700000000000001,-14.0,16
7714,129447.0,-1.9000000000000001,0.1,-0.8,-3.7,5.1000000000000005,7.4,-29.600000000000005,11.900000000000002,-15.5,16
7715,129468.0,-2.6,0.1,-1.8,-4.4,4.9,6.5,-69.10000000000001,16.8,-11.000000000000002,16
7716,129481.0,-3.2,-0.1,-1.2000000000000002,-5.1000000000000005,4.6000000000000005,7.2,-98.7,17.9,-6.600000000000001,16
7717,129496.0,-3.6,-0.8,2.4000000000000004,-5.5,3.6,11.0,-141.5,1.9,10.200000000000001,16
7718,129513.0,-3.0,-1.0,3.9000000000000004,-4.800000000000001,3.1,12.700000000000001,-142.90000000000003,-16.200000000000003,17.6,16
7719,129530.0,-1.6,-0.9,5.6000000000000005,-3.4000000000000004,2.9000000000000004,14.600000000000001,-107.6,-58.900000000000006,16.4,16
7720,129546.0,-1.1,-1.0,4.1000000000000005,-2.6,2.6,13.3,-39.50000000000001,-74.80000000000001,5.7,16
7721,129563.0,-1.1,-0.8,2.4000000000000004,-2.5,2.7,11.600000000000001,-8.5,-67.10000000000001,-0.1,16
7722,129580.0,-1.0,-0.7000000000000001,-1.2000000000000002,-2.3000000000000003,2.9000000000000004,7.9,25.4,-24.200000000000003,-7.699999999999999,16
7723,129596.0,-1.1,-0.4,-3.5,-2.4000000000000004,3.3000000000000003,5.6000000000000005,12.8,25.7,-8.700000000000001,16
7724,129613.0,-1.2000000000000002,-0.30000000000000004,-3.7,-2.6,3.3000000000000003,5.4,-4.4,42.7,-5.500000000000001,16
7725,129630.0,-1.1,-0.4,-2.3000000000000003,-2.7,3.1,6.7,-36.300000000000004,53.400000000000006,7.6,16
7726,129646.0,-0.4,-0.6000000000000001,-1.5,-2.1,2.8000000000000003,7.5,-46.199999999999996,36.300000000000004,21.900000000000002,16
7727,129663.0,0.0,-0.5,-1.4000000000000001,-1.8,2.8000000000000003,7.7,-45.9,23.099999999999998,26.700000000000003,16
7728,129680.0,0.5,-0.4,-1.2000000000000002,-1.2000000000000002,2.8000000000000003,7.9,-37.2,0.2,29.800000000000004,16
7729,129696.0,0.7000000000000001,-0.2,-1.6,-1.0,3.0,7.5,-20.8,-1.7,29.300000000000004,16
7730,129713.0,0.8,-0.1,-1.9000000000000001,-0.8,3.2,6.9,-12.5,5.0,28.800000000000004,16
7731,129730.0,1.0,0.2,-2.5,-0.7000000000000001,3.4000000000000004,6.6000000000000005,0.9000000000000001,23.0,26.200000000000003,16
7732,129747.0,1.3,0.5,-2.8000000000000003,-0.5,3.7,6.300000000000001,9.4,40.5,22.2,16
7733,129764.0,1.1,0.7000000000000001,-2.8000000000000003,-1.0,4.2,6.0,11.2,48.300000000000004,20.0,16
7734,129780.0,0.9,1.2000000000000002,-2.9000000000000004,-1.1,4.5,6.0,6.4,57.699999999999996,19.700000000000003,16
7735,129796.0,0.7000000000000001,1.6,-2.8000000000000003,-1.5,4.9,6.1000000000000005,-8.700000000000001,52.80000000000001,24.7,16
7736,129813.0,0.6000000000000001,1.7000000000000002,-2.5,-1.7000000000000002,5.1000000000000005,7.1000000000000005,-21.0,44.8,28.400000000000002,16
7737,129830.0,0.4,2.0,-0.5,-1.8,5.2,8.3,-49.699999999999996,21.8,35.8,16
7738,129846.0,0.4,1.9000000000000001,1.8,-1.8,4.9,10.700000000000001,-61.599999999999994,-3.0,40.9,16
7739,129863.0,0.5,1.9000000000000001,2.7,-1.4000000000000001,4.800000000000001,12.600000000000001,-59.20000000000001,-17.0,40.6,16
7740,129880.0,0.7000000000000001,1.8,4.1000000000000005,-1.3,4.7,13.200000000000001,-40.6,-41.199999999999996,34.0,16
7741,129896.0,0.9,1.6,4.2,-0.9,4.5,13.4,-6.1000000000000005,-52.300000000000004,19.9,16
7742,129913.0,1.1,1.6,2.6,-0.5,4.5,11.9,12.9,-48.800000000000004,11.1,16
7743,129930.0,1.1,1.5,2.0,-0.5,4.5,11.200000000000001,39.0,-28.3,-10.200000000000001,16
7744,129946.0,0.8,1.4000000000000001,1.5,-0.8,4.5,10.700000000000001,50.400000000000006,1.6,-32.1,16
7745,129963.0,0.30000000000000004,1.1,1.6,-1.4000000000000001,4.4,10.8,59.80000000000001,27.400000000000002,-50.400000000000006,16
7746,129980.0,0.0,1.2000000000000002,1.6,-1.8,4.6000000000000005,10.700000000000001,65.6,35.699999999999996,-57.699999999999996,16
7747,129996.0,-0.4,1.6,0.9,-2.4000000000000004,5.300000000000001,9.9,76.4,50.8,-61.9,16
7748,130013.0,-0.2,1.9000000000000001,0.1,-2.5,5.800000000000001,8.9,70.3,56.300000000000004,-55.7,16
7749,130030.0,-0.1,2.1,-0.30000000000000004,-2.5,6.0,8.5,60.300000000000004,53.300000000000004,-52.2,16
7750,130046.0,-0.5,2.3000000000000003,-0.5,-3.0,6.300000000000001,8.200000000000001,23.800000000000004,41.800000000000004,-44.8,16
7751,130064.0,-0.9,2.3000000000000003,1.0,-3.7,6.300000000000001,9.700000000000001,-23.400000000000002,24.400000000000002,-32.6,16
7752,130080.0,-0.5,2.1,2.1,-3.2,5.9,10.8,-42.0,13.900000000000002,-25.300000000000004,16
7753,130096.0,1.0,0.9,5.0,-1.8,4.6000000000000005,13.9,-53.300000000000004,-10.0,-20.3,16
7754,130113.0,1.8,0.0,5.6000000000000005,-1.0,3.6,14.5,-19.1,-31.5,-30.699999999999996,16
7755,130130.0,1.9000000000000001,0.0,4.5,-0.7000000000000001,3.6,13.4,3.6000000000000005,-37.1,-37.800000000000004,16
7756,130146.0,1.0,0.1,1.8,-1.6,3.7,10.8,30.4,-36.5,-47.0,16
7757,130164.0,0.4,0.6000000000000001,0.4,-2.2,4.3,9.4,34.60000000000001,-16.700000000000003,-35.9,16
7758,130180.0,0.6000000000000001,0.5,-0.1,-2.0,4.2,8.8,31.799999999999997,-6.9,-27.3,16
7759,130196.0,1.0,0.1,-0.6000000000000001,-1.6,3.9000000000000004,8.3,17.400000000000002,-3.8,-17.1,16
7760,130213.0,1.3,-0.4,0.5,-1.2000000000000002,3.3000000000000003,9.4,5.0,-24.1,-16.6,16
7761,130230.0,1.2000000000000002,-0.8,1.4000000000000001,-1.3,3.0,10.3,7.8,-39.2,-20.1,16
7762,130247.0,0.6000000000000001,-1.3,1.5,-1.7000000000000002,2.5,10.5,32.9,-63.8,-29.800000000000004,16
7763,130263.0,-0.2,-1.6,0.4,-2.4000000000000004,2.4000000000000004,9.4,60.300000000000004,-66.7,-34.0,16
7764,130280.0,-0.30000000000000004,-1.7000000000000002,-0.1,-2.4000000000000004,2.4000000000000004,8.8,70.8,-61.9,-32.9,16
7765,130296.0,0.0,-2.0,-1.3,-2.0,2.2,7.6000000000000005,89.4,-50.8,-30.599999999999998,16
7766,130313.0,0.2,-2.1,-2.1,-1.5,2.4000000000000004,5.800000000000001,98.3,-47.3,-31.7,16
7767,130330.0,0.4,-2.1,-3.6,-1.5,2.6,5.0,95.9,-49.0,-33.1,16
7768,130346.0,0.30000000000000004,-1.8,-4.6000000000000005,-1.4000000000000001,3.0,3.9000000000000004,76.5,-57.00000000000001,-34.900000000000006,16
7769,130364.0,-0.1,-1.4000000000000001,-4.6000000000000005,-1.7000000000000002,3.6,3.8000000000000003,45.9,-66.5,-32.0,16
7770,130380.0,-0.30000000000000004,-1.1,-4.3,-1.8,3.9000000000000004,4.1000000000000005,31.3,-68.4,-27.3,16
7771,130396.0,-0.1,-0.8,-3.3000000000000003,-1.5,4.2,5.1000000000000005,7.400000000000001,-60.400000000000006,-14.100000000000001,16
7772,130413.0,0.2,-1.0,-1.5,-1.1,4.1000000000000005,6.9,-6.0,-43.2,-6.300000000000001,16
7773,130430.0,0.30000000000000004,-0.9,-0.7000000000000001,-0.9,4.1000000000000005,7.6000000000000005,-6.1000000000000005,-33.2,-6.1000000000000005,16
7774,130446.0,0.2,-0.8,0.0,-1.0,4.2,8.4,1.2000000000000002,-8.8,-8.3,16
7775,130463.0,0.0,-0.8,0.7000000000000001,-1.2000000000000002,4.2,9.1,11.3,9.3,-12.200000000000001,16
7776,130480.0,-0.2,-0.7000000000000001,0.7000000000000001,-1.4000000000000001,4.3,9.1,17.7,14.100000000000001,-14.100000000000001,16
7777,130496.0,-0.8,-0.5,-0.1,-2.1,4.6000000000000005,8.200000000000001,21.7,20.599999999999998,-13.8,16
7778,130513.0,-0.9,-0.4,-0.1,-2.3000000000000003,4.7,8.1,12.5,27.0,-6.9,16
7779,130530.0,-0.7000000000000001,-0.5,0.0,-1.9000000000000001,4.7,8.200000000000001,7.500000000000001,29.1,-3.2,16
7780,130547.0,-0.30000000000000004,-0.4,-0.2,-1.8,4.7,8.0,-1.1,26.200000000000003,-0.30000000000000004,16
7781,130563.0,-0.4,0.0,0.30000000000000004,-2.0,5.1000000000000005,8.5,-15.399999999999999,21.400000000000002,-2.9,16
7782,130580.0,-0.4,0.2,0.8,-2.2,5.4,9.5,-20.400000000000002,20.5,-5.8,16
7783,130596.0,-0.8,0.6000000000000001,1.5,-2.5,5.6000000000000005,9.8,-20.400000000000002,17.7,-16.0,16
7784,130613.0,-1.6,0.9,1.2000000000000002,-3.4000000000000004,5.9,9.5,-13.200000000000003,19.200000000000003,-21.300000000000004,16
7785,130630.0,-1.9000000000000001,1.1,0.8,-4.1000000000000005,6.0,8.6,-12.4,23.2,-20.1,16
7786,130647.0,-2.2,1.1,-0.2,-4.2,6.0,8.1,-26.9,33.2,-11.900000000000002,16
7787,130668.0,-2.6,0.9,0.30000000000000004,-4.7,5.6000000000000005,8.700000000000001,-66.7,30.699999999999996,-2.9,16
7788,130682.0,-2.2,0.0,2.5,-4.4,4.5,11.100000000000001,-92.39999999999999,8.5,8.0,16
7789,130696.0,-1.8,-0.4,3.1,-3.9000000000000004,3.9000000000000004,11.8,-90.9,-8.2,10.5,16
7790,130713.0,-0.9,-0.7000000000000001,3.2,-3.0,3.3000000000000003,12.0,-69.9,-41.7,7.300000000000001,16
7791,130730.0,-0.5,-1.1,2.1,-2.4000000000000004,2.8000000000000003,11.100000000000001,-35.3,-52.60000000000001,0.2,16
7792,130746.0,-0.2,-1.2000000000000002,1.2000000000000002,-2.1,2.7,10.200000000000001,-18.5,-46.6,-4.2,16
7793,130763.0,0.1,-1.2000000000000002,-0.30000000000000004,-1.7000000000000002,2.7,8.6,6.9,-14.100000000000001,-12.4,16
7794,130780.0,0.30000000000000004,-1.3,-1.0,-1.4000000000000001,2.6,7.1000000000000005,16.1,6.699999999999999,-15.899999999999999,16
7795,130797.0,0.6000000000000001,-1.3,-2.5,-1.4000000000000001,2.6,6.4,21.500000000000004,42.400000000000006,-21.300000000000004,16
7796,130813.0,0.5,-1.3,-2.9000000000000004,-1.6,2.7,5.9,9.100000000000001,53.599999999999994,-23.0,16
7797,130830.0,0.4,-1.4000000000000001,-2.3000000000000003,-1.9000000000000001,2.6,6.4,-3.7000000000000006,39.1,-19.300000000000004,16
7798,130846.0,0.5,-1.3,-2.0,-1.8,2.6,6.7,-5.8,25.8,-16.5,16
7799,130863.0,0.8,-1.2000000000000002,-2.0,-1.6,2.7,6.7,0.2,1.4,-12.5,16
7800,130880.0,0.9,-1.0,-2.5,-1.4000000000000001,2.9000000000000004,6.2,10.8,-10.0,-13.000000000000002,16
7801,130897.0,1.0,-0.8,-2.8000000000000003,-1.4000000000000001,3.1,5.9,16.200000000000003,-9.700000000000001,-14.200000000000001,16
7802,130913.0,1.0,-0.5,-3.4000000000000004,-1.4000000000000001,3.4000000000000004,5.2,22.700000000000003,1.3,-16.0,16
7803,130930.0,0.9,0.2,-4.0,-1.5,4.2,4.6000000000000005,18.0,17.6,-14.800000000000002,16
7804,130946.0,0.9,0.7000000000000001,-4.0,-1.6,4.7,4.5,10.200000000000001,25.900000000000002,-13.6,16
7805,130963.0,0.30000000000000004,1.5,-3.1,-2.3000000000000003,5.5,5.300000000000001,-14.600000000000001,40.300000000000004,-9.2,16
7806,130983.0,-0.2,1.8,-1.0,-2.9000000000000004,5.800000000000001,7.5,-37.1,48.70000000000001,-0.8,16
7807,130997.0,-0.30000000000000004,1.9000000000000001,0.1,-3.1,5.800000000000001,8.6,-43.1,47.80000000000001,2.6,16
7808,131013.0,-0.7000000000000001,2.1,1.9000000000000001,-3.5,5.9,10.4,-44.8,29.300000000000004,6.4,16
7809,131030.0,-0.8,2.3000000000000003,2.9000000000000004,-3.7,5.9,11.5,-32.400000000000006,-4.4,8.700000000000001,16
7810,131046.0,-0.8,2.3000000000000003,3.1,-3.7,5.9,11.700000000000001,-22.5,-22.4,9.4,16
7811,131063.0,-0.5,2.2,2.3000000000000003,-3.2,5.9,10.9,-2.5,-52.60000000000001,8.5,16
7812,131080.0,0.1,2.2,1.6,-2.5,5.800000000000001,10.3,8.899999999999999,-61.10000000000001,-0.8,16
7813,131096.0,0.1,2.2,1.6,-2.3000000000000003,5.9,10.3,13.100000000000001,-54.699999999999996,-8.899999999999999,16
7814,131113.0,-0.30000000000000004,2.0,2.2,-2.6,5.800000000000001,11.0,24.200000000000003,-27.5,-27.0,16
7815,131130.0,-0.9,1.9000000000000001,2.5,-3.4000000000000004,5.7,11.200000000000001,40.800000000000004,2.0,-40.4,16
7816,131146.0,-1.0,2.0,2.2,-3.5,5.9,11.0,50.1,10.5,-44.00000000000001,16
7817,131163.0,-0.7000000000000001,2.4000000000000004,1.0,-3.3000000000000003,6.5,9.600000000000001,60.8,9.100000000000001,-44.7,16
7818,131180.0,-0.7000000000000001,2.8000000000000003,0.1,-3.3000000000000003,7.0,8.6,44.5,-1.5,-39.400000000000006,16
7819,131196.0,-0.6000000000000001,2.7,0.2,-3.3000000000000003,7.0,8.700000000000001,28.400000000000002,-7.699999999999999,-36.1,16
7820,131213.0,-0.5,2.6,1.4000000000000001,-3.1,6.9,9.9,-3.3000000000000007,-22.700000000000003,-31.2,16
7821,131230.0,0.0,2.1,3.1,-2.6,6.300000000000001,11.8,-16.0,-38.2,-24.900000000000002,16
7822,131247.0,0.5,1.6,3.7,-2.1,5.800000000000001,12.4,-11.1,-46.199999999999996,-21.8,16
7823,131263.0,1.7000000000000002,0.8,3.3000000000000003,-0.7000000000000001,5.0,12.100000000000001,11.3,-60.2,-24.3,16
7824,131280.0,2.1,0.9,2.4000000000000004,0.1,5.300000000000001,10.3,29.300000000000004,-63.8,-35.8,16
7825,131296.0,2.2,1.1,0.8,-0.2,5.4,9.0,32.2,-56.400000000000006,-39.9,16
7826,131313.0,1.7000000000000002,1.1,-0.30000000000000004,-0.4,5.4,8.5,27.700000000000003,-30.1,-41.50000000000001,16
7827,131330.0,1.0,0.8,-0.7000000000000001,-1.1,5.2,8.1,13.399999999999999,-2.7,-37.0,16
7828,131346.0,0.5,0.2,-0.2,-1.7000000000000002,4.6000000000000005,8.5,5.8,5.1000000000000005,-32.8,16
7829,131363.0,0.5,-0.30000000000000004,0.7000000000000001,-1.7000000000000002,4.1000000000000005,9.4,-5.300000000000001,5.500000000000001,-21.400000000000002,16
7830,131380.0,0.4,-1.3,1.9000000000000001,-1.8,3.1,10.600000000000001,6.699999999999999,-14.600000000000001,-16.5,16
7831,131396.0,0.5,-1.9000000000000001,1.5,-1.6,2.6,10.200000000000001,18.900000000000002,-28.400000000000002,-16.4,16
7832,131413.0,0.4,-2.2,1.2000000000000002,-1.6,2.3000000000000003,10.0,43.00000000000001,-55.400000000000006,-19.300000000000004,16
7833,131430.0,0.4,-2.6,0.2,-1.5,2.0,8.9,63.4,-68.80000000000001,-24.1,16
7834,131446.0,0.4,-2.8000000000000003,-0.9,-1.3,1.9000000000000001,7.800000000000001,77.4,-68.0,-31.2,16
7835,131463.0,0.4,-2.9000000000000004,-1.3,-1.2000000000000002,2.0,7.300000000000001,82.10000000000001,-64.0,-34.50000000000001,16
7836,131480.0,0.2,-2.9000000000000004,-2.2,-1.3,2.2,6.300000000000001,84.69999999999999,-54.699999999999996,-39.2,16
7837,131497.0,0.1,-2.6,-2.4000000000000004,-1.4000000000000001,2.7,5.9,76.0,-51.0,-41.199999999999996,16
7838,131513.0,-0.2,-2.4000000000000004,-2.3000000000000003,-1.6,2.9000000000000004,5.9,70.4,-50.1,-40.6,16
7839,131530.0,-0.30000000000000004,-2.0,-2.1,-1.7000000000000002,3.5,6.1000000000000005,60.300000000000004,-42.0,-34.50000000000001,16
7840,131547.0,-0.2,-1.8,-1.7000000000000002,-1.5,3.8000000000000003,6.4,55.60000000000001,-34.50000000000001,-30.599999999999998,16
7841,131564.0,-0.2,-1.6,-1.3,-1.6,4.1000000000000005,6.7,43.50000000000001,-18.8,-24.599999999999998,16
7842,131580.0,-0.6000000000000001,-1.4000000000000001,-0.6000000000000001,-1.9000000000000001,4.4,7.300000000000001,33.2,-5.2,-17.7,16
7843,131596.0,-0.7000000000000001,-1.4000000000000001,-0.2,-2.1,4.4,7.6000000000000005,25.4,1.3,-8.100000000000001,16
7844,131613.0,-0.8,-1.5,-0.1,-2.2,4.3,7.7,21.900000000000002,-0.6000000000000001,-3.9,16
7845,131630.0,-0.7000000000000001,-1.6,-0.2,-2.1,4.2,7.5,15.399999999999999,-7.500000000000001,3.0,16
7846,131646.0,-1.0,-1.9000000000000001,-0.30000000000000004,-2.3000000000000003,4.0,7.5,7.0,-8.8,6.600000000000001,16
7847,131663.0,-1.1,-2.0,-0.2,-2.4000000000000004,3.9000000000000004,7.5,3.9,-7.699999999999999,7.6,16
7848,131680.0,-0.8,-1.6,-0.5,-2.1,4.2,7.2,2.7,0.2,9.8,16
7849,131696.0,-0.6000000000000001,-1.2000000000000002,-1.4000000000000001,-1.9000000000000001,4.6000000000000005,6.4,-2.3,10.8,9.8,16
7850,131713.0,-0.6000000000000001,-0.7000000000000001,-1.3,-1.9000000000000001,5.1000000000000005,6.4,-10.299999999999999,13.6,6.8,16
7851,131730.0,-1.1,0.0,-0.7000000000000001,-2.4000000000000004,5.800000000000001,7.1000000000000005,-24.3,18.900000000000002,-0.30000000000000004,16
7852,131746.0,-1.0,0.8,-0.5,-2.5,6.5,7.300000000000001,-32.400000000000006,23.6,-3.2,16
7853,131763.0,-1.2000000000000002,0.8,-0.4,-2.7,6.5,7.5,-36.6,25.7,-5.1000000000000005,16
7854,131780.0,-1.5,0.6000000000000001,-0.8,-3.1,6.1000000000000005,7.1000000000000005,-52.400000000000006,28.800000000000004,-6.0,16
7855,131796.0,-2.2,0.1,0.0,-3.9000000000000004,5.4,8.0,-91.30000000000001,31.400000000000002,-7.400000000000001,16
7856,131813.0,-2.6,-0.2,1.6,-4.4,5.0,9.8,-110.6,30.599999999999998,-7.0,16
7857,131831.0,-2.4000000000000004,-0.7000000000000001,5.300000000000001,-4.3,4.1000000000000005,13.600000000000001,-107.6,17.200000000000003,-4.4,16
7858,131847.0,-1.8,-1.0,5.300000000000001,-3.7,3.6,13.8,-54.800000000000004,0.2,-5.7,16
7859,131865.0,-1.1,-0.8,2.0,-3.0,3.7,10.5,-6.4,-8.600000000000001,-11.000000000000002,16
7860,131880.0,-1.0,-0.8,0.5,-2.9000000000000004,3.7,9.1,2.8,-5.8,-13.5,16
7861,131896.0,-0.7000000000000001,-0.6000000000000001,-1.5,-2.7,3.9000000000000004,7.1000000000000005,2.4000000000000004,11.4,-17.0,16
7862,131913.0,-0.6000000000000001,-0.5,-2.0,-2.7,4.0,6.5,-6.1000000000000005,24.400000000000002,-17.400000000000002,16
7863,131930.0,-0.9,-0.5,-1.8,-3.1,4.0,6.7,-26.000000000000004,43.50000000000001,-13.000000000000002,16
7864,131949.0,-0.7000000000000001,-0.6000000000000001,-1.5,-3.0,3.7,7.1000000000000005,-33.400000000000006,49.800000000000004,0.5,16
7865,131963.0,-0.30000000000000004,-0.7000000000000001,-1.7000000000000002,-2.7,3.6,6.9,-34.300000000000004,47.3,6.4,16
7866,131980.0,0.30000000000000004,-0.8,-1.7000000000000002,-2.1,3.3000000000000003,6.800000000000001,-33.400000000000006,34.1,11.900000000000002,16
7867,131996.0,0.6000000000000001,-0.8,-2.0,-1.9000000000000001,3.3000000000000003,6.5,-23.700000000000003,21.300000000000004,12.299999999999999,16
7868,132013.0,0.6000000000000001,-0.7000000000000001,-2.3000000000000003,-1.9000000000000001,3.4000000000000004,6.300000000000001,-17.7,17.200000000000003,11.6,16
7869,132030.0,0.5,-0.5,-3.0,-2.0,3.6,5.5,-7.9,14.400000000000002,11.700000000000001,16
7870,132046.0,0.5,-0.2,-3.6,-2.1,3.9000000000000004,4.9,-5.0,19.1,14.700000000000001,16
7871,132063.0,0.5,0.1,-3.8000000000000003,-2.1,4.5,4.7,-6.300000000000001,24.1,17.9,16
7872,132080.0,0.6000000000000001,0.7000000000000001,-3.6,-2.1,4.7,4.800000000000001,-14.200000000000001,34.7,25.7,16
7873,132096.0,0.7000000000000001,1.3,-2.9000000000000004,-2.1,5.300000000000001,5.5,-26.6,41.0,31.9,16
7874,132113.0,0.5,1.5,-2.3000000000000003,-2.5,5.7,6.800000000000001,-34.50000000000001,40.9,34.7,16
7875,132130.0,0.1,2.0,-0.7000000000000001,-2.8000000000000003,5.9,7.7,-50.400000000000006,37.0,39.50000000000001,16
7876,132147.0,-0.5,2.2,1.0,-3.4000000000000004,6.0,9.4,-58.7,28.900000000000002,45.099999999999994,16
7877,132167.0,-0.8,2.4000000000000004,2.0,-3.6,6.1000000000000005,10.5,-58.400000000000006,11.8,52.900000000000006,16
7878,132180.0,-0.6000000000000001,2.5,2.3000000000000003,-3.4000000000000004,6.2,10.9,-56.10000000000001,-0.9000000000000001,57.20000000000001,16
7879,132196.0,0.4,2.5,2.8000000000000003,-2.3000000000000003,6.1000000000000005,11.4,-47.900000000000006,-31.2,60.400000000000006,16
7880,132213.0,1.4000000000000001,2.7,2.9000000000000004,-1.1,6.300000000000001,11.600000000000001,-36.400000000000006,-58.1,52.1,16
7881,132230.0,1.5,2.7,3.1,-0.8,6.2,12.0,-29.400000000000002,-65.3,44.2,16
7882,132247.0,1.5,2.6,3.9000000000000004,-0.6000000000000001,6.1000000000000005,12.9,-12.100000000000001,-68.7,21.7,16
7883,132263.0,0.8,2.4000000000000004,4.6000000000000005,-1.1,5.9,13.600000000000001,10.0,-59.20000000000001,-6.2,16
7884,132280.0,0.30000000000000004,2.4000000000000004,4.6000000000000005,-1.5,6.0,13.700000000000001,23.3,-51.2,-18.6,16
7885,132296.0,-0.30000000000000004,2.8000000000000003,3.6,-2.0,6.5,12.600000000000001,48.9,-27.6,-31.799999999999997,16
7886,132313.0,-0.30000000000000004,2.7,2.0,-2.1,6.7,11.0,55.1,5.300000000000001,-29.600000000000005,16
7887,132330.0,-0.2,2.8000000000000003,1.6,-2.0,6.800000000000001,10.5,46.199999999999996,14.5,-28.3,16
7888,132346.0,-0.30000000000000004,2.6,2.0,-2.2,6.7,10.9,15.899999999999999,14.900000000000002,-27.099999999999998,16
7889,132363.0,0.1,1.6,3.8000000000000003,-1.8,5.7,12.700000000000001,0.9000000000000001,-4.1,-21.200000000000003,16
7890,132380.0,0.5,1.0,4.2,-1.4000000000000001,5.1000000000000005,13.100000000000001,6.1000000000000005,-17.9,-19.400000000000002,16
7891,132396.0,1.5,0.2,3.5,-0.30000000000000004,4.3,12.5,33.300000000000004,-42.0,-21.8,16
7892,132413.0,2.3000000000000003,0.0,1.0,0.6000000000000001,4.3,9.9,59.5,-46.0,-29.300000000000004,16
7893,132430.0,2.5,0.0,-0.1,0.9,4.4,8.8,63.0,-41.900000000000006,-33.50000000000001,16
7894,132447.0,2.8000000000000003,-0.1,-1.0,1.2000000000000002,4.4,7.800000000000001,57.699999999999996,-27.700000000000003,-39.8,16
7895,132463.0,2.9000000000000004,-0.4,-1.2000000000000002,1.3,4.3,7.6000000000000005,53.400000000000006,-19.799999999999997,-42.800000000000004,16
7896,132480.0,2.7,-0.5,-1.2000000000000002,1.1,4.2,7.6000000000000005,43.900000000000006,-8.5,-49.699999999999996,16
7897,132496.0,2.3000000000000003,-0.9,-0.9,0.6000000000000001,3.9000000000000004,7.800000000000001,34.60000000000001,-8.0,-55.7,16
7898,132513.0,1.7000000000000002,-1.5,0.1,0.0,3.3000000000000003,8.700000000000001,33.50000000000001,-14.900000000000002,-61.599999999999994,16
7899,132530.0,1.3,-1.8,0.4,-0.4,3.0,9.0,39.9,-18.6,-64.10000000000001,16
7900,132546.0,0.8,-2.4000000000000004,0.1,-1.0,2.6,8.6,62.7,-21.6,-66.80000000000001,16
7901,132563.0,0.5,-3.0,-1.2000000000000002,-1.3,2.2,7.2,84.9,-25.200000000000003,-66.4,16
7902,132580.0,0.30000000000000004,-3.2,-2.0,-1.5,2.1,6.2,91.6,-28.1,-66.0,16
7903,132598.0,0.0,-3.2,-3.4000000000000004,-1.8,2.2,4.7,89.30000000000001,-35.9,-61.599999999999994,16
7904,132613.0,-0.1,-3.1,-3.7,-1.9000000000000001,2.5,4.3,71.0,-44.300000000000004,-50.5,16
7905,132630.0,0.0,-3.1,-3.4000000000000004,-1.8,2.6,4.5,58.5,-51.4,-44.300000000000004,16
7906,132646.0,0.4,-2.9000000000000004,-2.4000000000000004,-1.3,2.9000000000000004,5.4,34.7,-67.4,-35.599999999999994,16
7907,132663.0,0.8,-2.6,-1.4000000000000001,-0.7000000000000001,3.1,6.4,16.6,-82.39999999999999,-32.2,16
7908,132680.0,0.7000000000000001,-2.4000000000000004,-0.8,-0.7000000000000001,3.3000000000000003,7.0,10.5,-86.8,-34.60000000000001,16
7909,132696.0,0.2,-2.1,0.0,-1.1,3.7,7.9,9.700000000000001,-83.89999999999999,-40.4,16
7910,132713.0,-0.30000000000000004,-1.6,0.2,-1.4000000000000001,4.1000000000000005,8.0,17.1,-54.800000000000004,-42.1,16
7911,132730.0,-0.6000000000000001,-1.4000000000000001,0.1,-1.8,4.3,8.0,20.8,-34.50000000000001,-42.1,16
7912,132748.0,-1.1,-1.0,0.1,-2.4000000000000004,4.7,7.9,26.1,2.3,-40.0,16
7913,132763.0,-1.4000000000000001,-1.0,-0.1,-3.0,4.800000000000001,7.6000000000000005,27.2,20.5,-34.1,16
7914,132781.0,-2.1,-1.0,-0.4,-3.6,4.800000000000001,7.2,20.7,24.400000000000002,-28.400000000000002,16
7915,132796.0,-2.4000000000000004,-0.9,-0.6000000000000001,-4.0,5.0,7.0,14.400000000000002,25.5,-24.0,16
7916,132813.0,-2.8000000000000003,-0.7000000000000001,-0.7000000000000001,-4.6000000000000005,5.2,6.9,-5.2,27.6,-10.5,16
7917,132830.0,-3.0,-0.5,-0.4,-4.9,5.5,7.800000000000001,-29.800000000000004,25.8,1.8000000000000003,16
7918,132847.0,-3.3000000000000003,-0.30000000000000004,0.8,-5.1000000000000005,5.5,8.5,-38.1,20.0,6.4,16
7919,132863.0,-3.3000000000000003,-0.2,1.2000000000000002,-5.2,5.5,9.0,-44.8,1.0,15.2,16
7920,132880.0,-2.7,-0.1,0.1,-4.5,5.4,8.0,-46.300000000000004,-12.5,19.6,16
7921,132896.0,-2.5,-0.1,-0.30000000000000004,-4.3,5.4,7.7,-59.5,-35.4,24.400000000000002,16
7922,132913.0,-2.4000000000000004,0.2,-1.2000000000000002,-4.0,5.5,6.9,-84.9,-35.9,28.500000000000004,16
7923,132930.0,-2.8000000000000003,0.0,-0.2,-4.4,5.0,8.1,-130.0,-2.6,36.9,16
7924,132947.0,-3.1,-0.30000000000000004,1.7000000000000002,-4.6000000000000005,4.4,10.200000000000001,-148.5,13.100000000000001,44.00000000000001,16
7925,132963.0,-2.1,-1.3,6.1000000000000005,-3.6,3.1,14.8,-139.0,10.8,52.900000000000006,16
7926,132980.0,-1.2000000000000002,-1.4000000000000001,6.5,-2.6,2.7,15.4,-113.1,-8.100000000000001,49.300000000000004,16
7927,132996.0,-1.3,-1.0,4.7,-2.6,3.0,13.700000000000001,-47.80000000000001,-56.7,30.9,16
7928,133013.0,-2.2,-0.4,1.0,-3.3000000000000003,3.5,10.100000000000001,-13.000000000000002,-74.89999999999999,18.3,16
7929,133030.0,-2.5,0.1,-0.8,-3.4000000000000004,4.0,8.3,-5.500000000000001,-46.9,17.1,16
7930,133047.0,-2.3000000000000003,0.2,-1.3,-3.2,4.1000000000000005,7.800000000000001,-5.500000000000001,-23.0,19.6,16
7931,133063.0,-2.0,0.2,-1.7000000000000002,-2.9000000000000004,4.0,7.300000000000001,-8.0,24.3,24.400000000000002,16
7932,133080.0,-1.8,-0.1,-2.0,-2.8000000000000003,3.7,7.0,-11.3,39.9,30.000000000000004,16
7933,133096.0,-1.6,-0.30000000000000004,-2.3000000000000003,-2.7,3.5,6.800000000000001,-13.000000000000002,36.9,34.900000000000006,16
7934,133113.0,-1.0,-0.6000000000000001,-2.8000000000000003,-2.1,3.2,6.2,-17.1,20.2,44.6,16
7935,133130.0,-0.5,-0.6000000000000001,-3.3000000000000003,-1.5,3.1,5.7,-21.500000000000004,5.300000000000001,50.60000000000001,16
7936,133147.0,-0.30000000000000004,-0.6000000000000001,-3.4000000000000004,-1.3,3.1,5.7,-23.2,3.2,52.900000000000006,16
7937,133163.0,0.0,-0.6000000000000001,-3.2,-0.9,3.0,5.800000000000001,-21.900000000000002,9.0,55.3,16
7938,133180.0,0.1,-0.5,-3.1,-0.9,3.1,6.0,-13.399999999999999,20.400000000000002,57.800000000000004,16
7939,133196.0,0.1,-0.30000000000000004,-3.3000000000000003,-0.8,3.3000000000000003,5.7,-9.100000000000001,25.1,60.6,16
7940,133213.0,0.6000000000000001,-0.1,-3.9000000000000004,-0.30000000000000004,3.5,5.1000000000000005,-12.100000000000001,26.200000000000003,67.60000000000001,16
7941,133230.0,1.0,0.4,-3.6,0.1,4.0,5.300000000000001,-29.200000000000003,20.400000000000002,69.80000000000001,16
7942,133246.0,1.0,0.6000000000000001,-3.0,0.1,4.1000000000000005,5.9,-39.599999999999994,19.200000000000003,69.4,16
7943,133263.0,0.8,1.0,-1.3,0.0,4.4,7.7,-53.9,21.300000000000004,67.10000000000001,16
7944,133280.0,0.5,1.3,0.7000000000000001,-0.4,4.5,9.8,-57.20000000000001,34.60000000000001,60.7,16
7945,133296.0,0.30000000000000004,1.4000000000000001,1.8,-0.6000000000000001,4.6000000000000005,11.0,-53.2,41.0,56.2,16
7946,133313.0,-0.30000000000000004,1.7000000000000002,3.2,-1.3,4.7,12.4,-32.0,46.0,46.6,16
7947,133330.0,-0.5,2.0,2.8000000000000003,-1.6,5.0,12.0,-10.299999999999999,27.0,39.0,16
7948,133351.0,-0.8,2.3000000000000003,1.9000000000000001,-1.9000000000000001,5.300000000000001,11.100000000000001,-3.6000000000000005,-0.30000000000000004,33.50000000000001,16
7949,133364.0,-0.9,2.4000000000000004,1.7000000000000002,-1.9000000000000001,5.5,10.9,-6.0,-11.000000000000002,32.2,16
7950,133380.0,-1.0,2.6,2.0,-1.9000000000000001,5.6000000000000005,11.3,-13.900000000000002,-22.4,30.3,16
7951,133396.0,-0.9,2.6,2.4000000000000004,-1.8,5.6000000000000005,11.700000000000001,-15.899999999999999,-24.400000000000002,30.000000000000004,16
7952,133413.0,-0.5,2.4000000000000004,3.1,-1.3,5.4,12.4,-11.1,-30.1,26.300000000000004,16
7953,133430.0,-0.2,2.5,2.6,-0.8,5.6000000000000005,12.0,0.7,-31.5,22.2,16
7954,133446.0,-0.1,2.5,2.3000000000000003,-0.7000000000000001,5.5,11.700000000000001,2.4000000000000004,-27.6,21.1,16
7955,133463.0,0.1,2.4000000000000004,2.0,-0.4,5.5,11.5,-4.6,-8.700000000000001,20.0,16
7956,133480.0,0.1,2.3000000000000003,3.2,-0.4,5.4,12.700000000000001,-22.9,19.700000000000003,22.6,16
7957,133496.0,0.4,2.0,4.3,-0.2,5.0,13.700000000000001,-27.9,27.099999999999998,24.3,16
7958,133513.0,1.4000000000000001,0.8,6.0,0.8,3.8000000000000003,15.600000000000001,-18.3,16.3,20.3,16
7959,133530.0,2.0,0.0,5.4,1.5,3.0,15.0,16.700000000000003,-14.700000000000001,3.4,16
7960,133546.0,2.2,-0.1,4.0,1.7000000000000002,3.0,13.5,35.699999999999996,-23.5,-6.500000000000001,16
7961,133563.0,2.3000000000000003,-0.2,1.0,1.9000000000000001,3.0,10.600000000000001,57.20000000000001,-13.900000000000002,-23.099999999999998,16
7962,133580.0,1.9000000000000001,-0.2,-0.2,1.5,3.2,9.3,59.80000000000001,14.800000000000002,-33.400000000000006,16
7963,133597.0,1.6,-0.2,-0.2,1.0,3.4000000000000004,9.200000000000001,56.9,42.900000000000006,-34.300000000000004,16
7964,133613.0,1.6,-0.30000000000000004,0.0,0.8,3.3000000000000003,9.3,55.3,46.7,-33.400000000000006,16
7965,133630.0,1.5,-0.7000000000000001,0.0,0.6000000000000001,3.1,9.3,53.300000000000004,38.50000000000001,-33.9,16
7966,133646.0,1.1,-1.2000000000000002,-0.1,0.1,2.8000000000000003,9.1,53.400000000000006,22.2,-36.2,16
7967,133663.0,1.0,-1.4000000000000001,-0.2,-0.1,2.7,8.9,54.300000000000004,11.3,-36.8,16
7968,133680.0,0.6000000000000001,-1.9000000000000001,-0.5,-0.5,2.3000000000000003,8.6,58.60000000000001,-7.500000000000001,-39.8,16
7969,133696.0,0.4,-2.2,-0.5,-0.9,2.0,8.200000000000001,71.30000000000001,-16.700000000000003,-40.6,16
7970,133713.0,0.2,-2.6,-1.4000000000000001,-1.0,1.9000000000000001,7.5,79.5,-19.1,-40.0,16
7971,133731.0,0.0,-2.8000000000000003,-2.9000000000000004,-1.1,1.9000000000000001,5.9,86.8,-22.6,-39.1,16
7972,133746.0,0.0,-2.6,-4.0,-1.1,2.3000000000000003,4.6000000000000005,77.80000000000001,-27.800000000000004,-37.6,16
7973,133763.0,0.0,-2.4000000000000004,-4.1000000000000005,-1.1,2.6,4.4,68.9,-30.5,-36.1,16
7974,133780.0,-0.2,-2.0,-4.2,-1.2000000000000002,3.2,4.2,50.8,-37.1,-31.2,16
7975,133796.0,-0.5,-1.4000000000000001,-4.2,-1.5,3.8000000000000003,4.1000000000000005,25.7,-41.800000000000004,-22.1,16
7976,133813.0,-0.6000000000000001,-1.1,-3.6,-1.5,4.1000000000000005,4.7,10.8,-42.0,-16.0,16
7977,133830.0,-0.6000000000000001,-1.1,-1.6,-1.4000000000000001,4.1000000000000005,6.7,-7.500000000000001,-37.0,-4.7,16
7978,133846.0,-0.5,-0.8,-0.5,-1.3,4.4,7.9,-8.700000000000001,-22.700000000000003,2.9,16
7979,133863.0,-0.4,-0.8,0.1,-1.2000000000000002,4.3,8.5,-7.0,-14.600000000000001,4.7,16
7980,133880.0,-0.6000000000000001,-0.9,1.4000000000000001,-1.3,4.2,9.700000000000001,3.1,-7.0,3.9,16
7981,133896.0,-0.9,-0.6000000000000001,1.6,-1.6,4.5,10.0,19.9,-3.8,1.6,16
7982,133913.0,-1.1,-0.5,1.3,-1.8,4.7,9.600000000000001,26.799999999999997,-2.8,2.0,16
7983,133930.0,-1.4000000000000001,-0.6000000000000001,0.7000000000000001,-2.1,4.7,9.0,29.400000000000002,-0.7,3.9,16
7984,133946.0,-1.3,-0.6000000000000001,0.4,-1.9000000000000001,4.7,8.6,27.099999999999998,-2.0,7.500000000000001,16
7985,133963.0,-1.1,-0.7000000000000001,0.1,-1.7000000000000002,4.7,8.3,24.599999999999998,-0.6000000000000001,8.700000000000001,16
7986,133980.0,-1.2000000000000002,-0.6000000000000001,0.0,-1.9000000000000001,4.800000000000001,8.200000000000001,13.700000000000001,2.7,6.8,16
7987,133996.0,-1.5,-0.5,0.5,-2.1,5.0,8.700000000000001,3.0,1.2000000000000002,6.1000000000000005,16
7988,134013.0,-1.5,-0.4,0.7000000000000001,-2.2,5.0,8.9,-0.30000000000000004,1.9,6.0,16
7989,134030.0,-1.5,-0.5,0.30000000000000004,-2.2,4.9,8.4,-4.4,6.699999999999999,4.7,16
7990,134046.0,-1.5,-0.6000000000000001,-0.6000000000000001,-2.3000000000000003,4.800000000000001,7.0,-27.0,17.799999999999997,6.4,16
7991,134063.0,-1.8,-0.6000000000000001,-1.2000000000000002,-2.5,4.7,7.0,-49.699999999999996,23.800000000000004,8.700000000000001,16
7992,134080.0,-2.6,-1.0,0.9,-3.5,4.0,9.3,-98.0,32.9,16.700000000000003,16
7993,134096.0,-2.2,-1.6,4.0,-3.1,3.2,12.600000000000001,-107.5,27.5,25.5,16
7994,134113.0,-1.7000000000000002,-1.8,4.9,-2.7,2.7,13.600000000000001,-92.39999999999999,18.3,25.7,16
7995,134130.0,-0.9,-1.7000000000000002,3.9000000000000004,-1.8,2.7,12.700000000000001,-40.1,-0.4,15.5,16
7996,134146.0,-0.4,-1.5,1.0,-1.3,2.9000000000000004,9.8,3.6000000000000005,11.1,1.0,16
7997,134163.0,-0.30000000000000004,-1.6,-0.30000000000000004,-1.3,2.8000000000000003,8.5,13.900000000000002,24.900000000000002,-6.600000000000001,16
7998,134180.0,-0.30000000000000004,-1.2000000000000002,-2.0,-1.5,3.2,6.7,11.900000000000002,53.8,-19.1,16
7999,134196.0,-0.8,-1.0,-2.3000000000000003,-2.2,3.4000000000000004,6.4,-6.8,72.4,-19.9,16
8000,134213.0,-0.8,-0.9,-2.0,-2.4000000000000004,3.5,6.7,-16.3,75.7,-15.700000000000001,16
8001,134230.0,-0.7000000000000001,-0.8,-1.0,-2.5,3.5,7.7,-25.4,73.9,-3.3000000000000007,16
8002,134247.0,-0.1,-0.9,-0.8,-2.1,3.3000000000000003,7.9,-18.200000000000003,54.4,4.5,16
8003,134263.0,0.2,-0.9,-0.9,-1.8,3.5,7.4,-11.3,40.7,5.9,16
8004,134280.0,0.2,-0.6000000000000001,-1.6,-1.9000000000000001,3.6,7.0,1.7,20.599999999999998,5.4,16
8005,134296.0,0.2,-0.2,-2.0,-1.9000000000000001,4.4,6.1000000000000005,11.2,14.100000000000001,10.0,16
8006,134313.0,0.4,0.4,-2.9000000000000004,-1.5,5.0,5.1000000000000005,12.9,15.8,14.300000000000002,16
8007,134330.0,0.8,1.0,-3.8000000000000003,-1.3,5.300000000000001,4.7,5.0,16.700000000000003,24.1,16
8008,134346.0,1.1,1.6,-3.3000000000000003,-1.0,5.9,5.2,-14.900000000000002,9.700000000000001,30.5,16
8009,134363.0,0.6000000000000001,2.0,-2.1,-1.5,6.300000000000001,6.4,-29.200000000000003,6.600000000000001,34.900000000000006,16
8010,134380.0,0.4,2.2,-1.5,-1.6,6.4,7.0,-32.7,8.899999999999999,38.60000000000001,16
8011,134396.0,0.4,2.1,-0.30000000000000004,-1.6,6.300000000000001,8.200000000000001,-34.0,12.5,45.0,16
8012,134413.0,0.5,2.0,0.6000000000000001,-1.5,6.2,9.200000000000001,-30.200000000000003,10.9,43.4,16
8013,134430.0,0.4,2.0,1.0,-1.5,6.1000000000000005,9.600000000000001,-27.0,7.200000000000001,41.300000000000004,16
8014,134446.0,0.30000000000000004,1.9000000000000001,1.8,-1.6,6.0,10.5,-14.700000000000001,-5.6,35.699999999999996,16
8015,134463.0,0.4,2.0,2.2,-1.4000000000000001,6.1000000000000005,10.8,5.300000000000001,-19.1,29.300000000000004,16
8016,134480.0,0.5,1.9000000000000001,1.9000000000000001,-1.2000000000000002,6.1000000000000005,10.5,15.8,-25.6,24.900000000000002,16
8017,134496.0,0.4,2.0,1.2000000000000002,-1.2000000000000002,6.300000000000001,9.8,27.2,-32.1,13.100000000000001,16
8018,134513.0,0.0,2.0,1.2000000000000002,-1.6,6.4,9.9,29.1,-29.300000000000004,8.100000000000001,16
8019,134530.0,-0.1,1.9000000000000001,1.4000000000000001,-1.6,6.4,10.0,32.1,-15.100000000000001,3.8,16
8020,134546.0,0.1,1.7000000000000002,1.6,-1.4000000000000001,6.300000000000001,10.200000000000001,37.6,-11.5,1.1,16
8021,134564.0,-0.1,1.8,0.9,-1.5,6.5,9.5,40.9,-19.5,1.1,16
8022,134580.0,-0.1,1.8,0.6000000000000001,-1.5,6.6000000000000005,9.1,37.1,-25.900000000000002,2.5,16
8023,134596.0,0.30000000000000004,2.3000000000000003,-0.2,-1.0,7.2,8.3,16.0,-35.1,6.300000000000001,16
8024,134613.0,0.30000000000000004,2.7,0.6000000000000001,-0.9,7.5,9.1,-23.900000000000006,-34.1,11.3,16
8025,134630.0,0.4,2.5,2.1,-0.7000000000000001,7.300000000000001,10.600000000000001,-43.800000000000004,-31.9,16.3,16
8026,134646.0,1.2000000000000002,1.0,5.7,0.30000000000000004,5.7,14.4,-51.800000000000004,-33.400000000000006,22.3,16
8027,134663.0,2.3000000000000003,0.1,6.4,1.5,4.7,15.3,-13.8,-46.800000000000004,5.8,16
8028,134680.0,2.3000000000000003,0.1,5.300000000000001,1.6,4.7,14.200000000000001,11.2,-49.4,-7.1000000000000005,16
8029,134697.0,1.9000000000000001,0.2,2.0,1.3,5.0,10.8,46.199999999999996,-37.1,-25.6,16
8030,134713.0,1.6,0.2,0.7000000000000001,0.8,5.2,8.700000000000001,50.3,-9.2,-34.800000000000004,16
8031,134730.0,1.2000000000000002,0.30000000000000004,-0.5,0.6000000000000001,5.2,8.200000000000001,45.400000000000006,6.600000000000001,-37.800000000000004,16
8032,134746.0,0.5,-0.1,-0.5,-0.30000000000000004,5.0,8.200000000000001,35.2,29.1,-39.699999999999996,16
8033,134763.0,-0.1,-0.6000000000000001,-0.7000000000000001,-1.0,4.6000000000000005,7.9,29.900000000000006,35.699999999999996,-35.2,16
8034,134781.0,-0.2,-0.9,-0.7000000000000001,-1.2000000000000002,3.9000000000000004,7.9,28.200000000000003,33.800000000000004,-31.400000000000002,16
8035,134796.0,-0.1,-1.7000000000000002,-0.4,-1.2000000000000002,3.6,8.1,31.5,21.900000000000002,-26.9,16
8036,134813.0,-0.1,-2.4000000000000004,-0.4,-1.3,2.9000000000000004,8.0,46.4,10.8,-28.500000000000004,16
8037,134830.0,-0.1,-2.6,-0.7000000000000001,-1.4000000000000001,2.8000000000000003,7.6000000000000005,55.5,7.400000000000001,-31.0,16
8038,134846.0,-0.30000000000000004,-2.7,-1.7000000000000002,-1.6,2.9000000000000004,6.5,67.4,5.300000000000001,-35.0,16
8039,134864.0,-0.9,-2.6,-2.5,-2.3000000000000003,3.1,5.5,64.60000000000001,4.1,-31.7,16
8040,134880.0,-1.1,-2.5,-2.8000000000000003,-2.5,3.2,5.2,58.7,1.6,-25.900000000000002,16
8041,134896.0,-1.0,-2.3000000000000003,-2.8000000000000003,-2.5,3.6,5.1000000000000005,38.50000000000001,-8.5,-8.899999999999999,16
8042,134913.0,-0.6000000000000001,-2.4000000000000004,-1.2000000000000002,-2.0,3.5,6.6000000000000005,16.8,-32.0,5.1000000000000005,16
8043,134930.0,-0.5,-2.4000000000000004,-0.6000000000000001,-1.9000000000000001,3.5,7.2,11.1,-42.900000000000006,8.8,16
8044,134946.0,-0.30000000000000004,-2.2,0.2,-1.5,3.7,8.0,3.3000000000000007,-45.400000000000006,12.7,16
8045,134963.0,-0.4,-2.4000000000000004,2.0,-1.5,3.5,9.8,5.6,-25.300000000000004,10.9,16
8046,134980.0,-0.5,-2.5,2.5,-1.7000000000000002,3.4000000000000004,10.5,15.700000000000001,-7.300000000000001,8.899999999999999,16
8047,134996.0,-0.7000000000000001,-2.6,2.3000000000000003,-1.8,3.4000000000000004,10.100000000000001,43.1,31.0,5.8,16
8048,135013.0,-0.5,-2.9000000000000004,0.8,-1.7000000000000002,3.2,8.5,61.50000000000001,43.2,4.300000000000001,16
8049,135029.0,-0.4,-3.0,0.1,-1.8,3.3000000000000003,7.0,63.4,37.9,2.6,16
8050,135047.0,-0.7000000000000001,-2.8000000000000003,-1.3,-2.0,3.5,6.1000000000000005,57.400000000000006,24.0,1.1,16
8051,135063.0,-1.1,-2.4000000000000004,-2.3000000000000003,-2.5,4.0,5.0,34.400000000000006,15.2,7.8,16
8052,135080.0,-1.1,-2.0,-2.2,-2.5,4.5,5.1000000000000005,19.300000000000004,10.0,13.8,16
8053,135098.0,-1.0,-1.8,-1.8,-2.4000000000000004,4.6000000000000005,5.4,-6.600000000000001,6.4,28.3,16
8054,135113.0,-0.4,-1.5,-0.5,-1.8,4.9,6.7,-22.1,11.000000000000002,37.9,16
8055,135130.0,-0.2,-1.5,0.30000000000000004,-1.5,4.800000000000001,7.6000000000000005,-26.200000000000003,15.700000000000001,36.400000000000006,16
8056,135146.0,-0.2,-1.2000000000000002,0.4,-1.4000000000000001,5.1000000000000005,7.800000000000001,-26.5,14.300000000000002,33.9,16
8057,135163.0,0.0,-0.8,0.5,-1.3,5.5,7.9,-28.3,14.300000000000002,29.400000000000002,16
8058,135180.0,-0.2,-0.5,0.4,-1.4000000000000001,5.7,7.9,-29.400000000000002,17.0,28.0,16
8059,135197.0,-0.5,0.2,-1.2000000000000002,-1.7000000000000002,6.300000000000001,6.300000000000001,-43.00000000000001,18.8,32.400000000000006,16
8060,135213.0,-1.2000000000000002,0.5,-1.9000000000000001,-2.4000000000000004,6.4,5.7,-93.7,15.399999999999999,44.6,16
8061,135230.0,-1.7000000000000002,0.5,-1.0,-3.2,5.9,8.9,-126.10000000000001,14.300000000000002,52.900000000000006,16
8062,135246.0,-1.9000000000000001,-0.1,3.4000000000000004,-3.0,5.2,11.5,-169.60000000000002,23.900000000000006,72.4,16
8063,135263.0,-0.8,-1.0,7.4,-1.9000000000000001,3.9000000000000004,15.8,-144.70000000000002,28.900000000000002,76.2,16
8064,135280.0,-0.1,-0.7000000000000001,6.300000000000001,-1.1,4.0,14.9,-73.0,22.1,59.9,16
8065,135296.0,0.0,-0.6000000000000001,4.6000000000000005,-1.0,4.0,13.3,-40.6,20.5,50.3,16
8066,135313.0,-0.1,-0.6000000000000001,1.2000000000000002,-1.2000000000000002,4.0,9.9,0.30000000000000004,24.599999999999998,33.2,16
8067,135330.0,-0.4,-0.4,-1.2000000000000002,-1.5,4.2,7.5,13.000000000000002,43.800000000000004,23.099999999999998,16
8068,135346.0,-0.4,-0.4,-1.9000000000000001,-1.6,4.3,6.7,12.200000000000001,54.300000000000004,20.900000000000002,16
8069,135363.0,-0.30000000000000004,-0.5,-2.6,-1.7000000000000002,4.2,6.0,5.8,69.9,20.8,16
8070,135380.0,-0.1,-0.6000000000000001,-3.0,-1.6,4.1000000000000005,5.5,-3.4,73.6,24.200000000000003,16
8071,135396.0,0.1,-0.7000000000000001,-3.0,-1.5,4.0,5.5,-8.600000000000001,70.5,26.1,16
8072,135413.0,0.4,-0.7000000000000001,-2.8000000000000003,-1.3,3.9000000000000004,5.6000000000000005,-17.6,63.599999999999994,26.6,16
8073,135430.0,0.7000000000000001,-0.4,-2.4000000000000004,-1.2000000000000002,4.2,6.0,-23.099999999999998,60.00000000000001,25.0,16
8074,135447.0,0.9,-0.30000000000000004,-2.1,-1.0,4.3,6.300000000000001,-21.8,59.40000000000001,23.3,16
8075,135463.0,1.0,0.30000000000000004,-1.9000000000000001,-1.1,4.800000000000001,6.5,-11.5,66.9,20.0,16
8076,135480.0,1.3,1.1,-2.3000000000000003,-0.9,5.7,6.0,-5.2,78.0,19.5,16
8077,135496.0,1.4000000000000001,1.6,-2.8000000000000003,-1.0,6.2,5.5,-7.500000000000001,79.7,20.3,16
8078,135513.0,1.4000000000000001,2.5,-2.8000000000000003,-1.2000000000000002,7.0,5.4,-28.200000000000003,68.2,23.099999999999998,16
8079,135530.0,1.0,2.8000000000000003,-1.4000000000000001,-1.6,7.300000000000001,6.800000000000001,-54.50000000000001,42.0,28.900000000000002,16
8080,135546.0,0.8,2.9000000000000004,-0.4,-1.8,7.2,7.800000000000001,-63.30000000000001,27.6,32.9,16
8081,135563.0,1.1,2.9000000000000004,1.7000000000000002,-1.5,7.1000000000000005,10.100000000000001,-65.6,3.7000000000000006,40.800000000000004,16
8082,135580.0,1.7000000000000002,2.4000000000000004,3.0,-0.8,6.5,11.4,-47.5,-11.900000000000002,42.60000000000001,16
8083,135596.0,2.2,2.2,3.3000000000000003,-0.2,6.300000000000001,11.8,-34.0,-21.1,38.800000000000004,16
8084,135613.0,2.9000000000000004,2.1,2.9000000000000004,0.6000000000000001,6.2,11.5,-3.0,-44.2,22.8,16
8085,135630.0,2.9000000000000004,2.3000000000000003,2.0,0.9,6.5,10.600000000000001,24.0,-58.1,3.8,16
8086,135647.0,2.8000000000000003,2.4000000000000004,1.4000000000000001,0.8,6.6000000000000005,9.4,34.50000000000001,-58.3,-3.6000000000000005,16
8087,135663.0,2.7,2.2,0.4,0.9,6.6000000000000005,9.0,45.2,-55.900000000000006,-15.700000000000001,16
8088,135680.0,2.3000000000000003,2.0,0.1,0.7000000000000001,6.5,8.700000000000001,45.3,-54.50000000000001,-26.799999999999997,16
8089,135696.0,2.1,1.9000000000000001,0.2,0.6000000000000001,6.5,8.8,42.5,-51.800000000000004,-32.1,16
8090,135713.0,1.6,1.8,0.7000000000000001,0.1,6.5,9.200000000000001,35.2,-35.699999999999996,-41.199999999999996,16
8091,135729.0,1.3,1.5,1.9000000000000001,-0.2,6.300000000000001,10.4,31.2,-29.200000000000003,-46.4,16
8092,135746.0,1.2000000000000002,1.4000000000000001,2.1,-0.5,6.300000000000001,10.200000000000001,35.699999999999996,-29.600000000000005,-48.300000000000004,16
8093,135763.0,0.7000000000000001,1.5,1.5,-0.8,6.5,10.0,41.6,-34.300000000000004,-50.0,16
8094,135781.0,0.6000000000000001,1.8,1.0,-0.8,6.800000000000001,9.4,35.4,-37.2,-47.0,16
8095,135796.0,0.5,2.0,0.8,-1.0,7.2,9.0,28.200000000000003,-36.7,-45.099999999999994,16
8096,135813.0,0.30000000000000004,2.0,0.8,-1.0,7.1000000000000005,9.200000000000001,6.1000000000000005,-39.0,-38.400000000000006,16
8097,135829.0,0.2,1.2000000000000002,2.0,-1.1,6.300000000000001,10.4,-13.8,-45.8,-30.9,16
8098,135846.0,0.30000000000000004,0.5,2.7,-0.7000000000000001,5.0,11.4,-16.3,-50.400000000000006,-28.200000000000003,16
8099,135863.0,0.6000000000000001,-0.4,2.7,-0.5,4.6000000000000005,11.3,-5.9,-65.10000000000001,-28.700000000000003,16
8100,135880.0,0.6000000000000001,-0.6000000000000001,1.5,-0.4,4.4,10.100000000000001,4.300000000000001,-71.0,-33.300000000000004,16
8101,135896.0,0.6000000000000001,-0.7000000000000001,0.6000000000000001,-0.2,4.3,9.200000000000001,5.0,-67.7,-34.800000000000004,16
8102,135913.0,0.6000000000000001,-0.7000000000000001,0.4,-0.2,4.3,9.0,-0.30000000000000004,-51.9,-37.0,16
8103,135930.0,0.6000000000000001,-0.9,0.4,-0.1,4.0,9.1,-2.0,-27.099999999999998,-38.800000000000004,16
8104,135946.0,0.6000000000000001,-1.1,0.4,-0.1,3.8000000000000003,9.0,0.2,-15.299999999999999,-39.9,16
8105,135966.0,0.7000000000000001,-1.7000000000000002,0.4,-0.1,3.0,9.0,9.2,0.30000000000000004,-43.6,16
8106,135980.0,0.6000000000000001,-2.2,0.5,-0.30000000000000004,2.7,9.1,22.9,0.6000000000000001,-51.6,16
8107,135996.0,0.2,-2.5,0.2,-0.8,2.6,8.700000000000001,41.199999999999996,-3.4,-60.300000000000004,16
8108,136013.0,-0.2,-2.5,-0.1,-1.2000000000000002,2.6,8.4,50.0,-4.5,-63.0,16
8109,136030.0,-0.8,-2.3000000000000003,-1.1,-1.9000000000000001,3.0,7.300000000000001,63.10000000000001,-5.300000000000001,-60.8,16
8110,136046.0,-0.9,-2.1,-1.7000000000000002,-2.0,3.4000000000000004,5.9,64.10000000000001,-5.500000000000001,-48.9,16
8111,136063.0,-0.6000000000000001,-1.9000000000000001,-2.7,-1.9000000000000001,3.6,5.4,58.1,-7.699999999999999,-42.0,16
8112,136080.0,-0.2,-1.7000000000000002,-2.8000000000000003,-1.4000000000000001,3.9000000000000004,5.2,35.2,-17.1,-30.3,16
8113,136096.0,0.1,-1.4000000000000001,-1.6,-1.1,4.1000000000000005,6.4,10.700000000000001,-29.200000000000003,-23.0,16
8114,136113.0,0.2,-1.3,-1.0,-1.0,4.2,7.0,2.9,-33.800000000000004,-20.2,16
8115,136130.0,0.30000000000000004,-1.2000000000000002,-0.1,-0.8,4.4,7.9,-2.8,-38.2,-15.299999999999999,16
8116,136146.0,0.30000000000000004,-1.1,0.5,-0.7000000000000001,4.4,8.5,1.9,-34.0,-12.5,16
8117,136163.0,0.30000000000000004,-1.0,0.6000000000000001,-0.7000000000000001,4.5,8.6,7.1000000000000005,-29.800000000000004,-10.700000000000001,16
8118,136180.0,0.30000000000000004,-1.1,0.1,-0.6000000000000001,4.5,8.200000000000001,16.6,-20.1,-8.0,16
8119,136196.0,0.30000000000000004,-1.0,-0.1,-0.6000000000000001,4.6000000000000005,7.9,19.9,-15.5,-7.6,16
8120,136213.0,0.30000000000000004,-1.1,-0.1,-0.6000000000000001,4.5,7.9,20.400000000000002,-17.400000000000002,-8.0,16
8121,136232.0,-0.2,-1.0,-0.4,-1.0,4.7,7.6000000000000005,25.300000000000004,-30.200000000000003,-8.3,16
8122,136246.0,-0.4,-0.5,-1.1,-1.2000000000000002,5.2,6.800000000000001,24.1,-35.599999999999994,-1.0,16
8123,136263.0,-0.30000000000000004,-0.4,-1.0,-1.0,5.300000000000001,6.9,19.799999999999997,-33.50000000000001,3.6000000000000005,16
8124,136279.0,-0.2,-0.5,-1.0,-0.8,5.300000000000001,6.9,11.6,-27.800000000000004,10.9,16
8125,136296.0,0.1,-0.2,-0.9,-0.4,5.6000000000000005,6.9,-0.7,-18.200000000000003,15.299999999999999,16
8126,136313.0,0.2,-0.1,-0.5,-0.30000000000000004,5.7,7.4,-10.0,-13.5,14.5,16
8127,136330.0,-0.1,-0.1,1.3,-0.5,5.6000000000000005,9.200000000000001,-21.6,-11.000000000000002,4.1,16
8128,136346.0,-0.8,-0.1,2.1,-1.2000000000000002,5.6000000000000005,10.100000000000001,-11.700000000000001,-2.3,-8.700000000000001,16
8129,136363.0,-1.0,-0.2,1.8,-1.5,5.5,9.700000000000001,-2.1,5.2,-12.100000000000001,16
8130,136380.0,-1.3,-0.4,0.4,-1.9000000000000001,5.300000000000001,8.3,8.600000000000001,20.7,-14.900000000000002,16
8131,136396.0,-1.8,-0.1,-2.0,-2.5,5.6000000000000005,6.0,-5.9,33.50000000000001,-12.7,16
8132,136413.0,-2.0,0.1,-3.0,-2.8000000000000003,5.800000000000001,5.0,-32.9,35.1,-9.0,16
8133,136430.0,-3.1,0.1,-1.6,-3.9000000000000004,5.5,6.4,-112.0,25.200000000000003,2.6,16
8134,136446.0,-2.9000000000000004,-0.8,3.3000000000000003,-3.7,4.2,11.700000000000001,-151.0,1.5,19.300000000000004,16
8135,136463.0,-2.2,-1.2000000000000002,5.0,-3.1,3.6,13.600000000000001,-140.5,-9.4,21.7,16
8136,136480.0,-1.1,-1.3,5.300000000000001,-1.9000000000000001,3.2,14.0,-77.20000000000002,-23.2,11.4,16
8137,136496.0,-0.6000000000000001,-1.3,1.8,-1.3,3.1,10.600000000000001,-7.9,-8.899999999999999,-8.5,16
8138,136513.0,-0.5,-1.3,-0.2,-1.3,3.1,8.6,13.3,6.4,-18.8,16
8139,136530.0,-0.6000000000000001,-1.2000000000000002,-2.9000000000000004,-1.5,3.2,5.800000000000001,29.500000000000004,40.0,-33.400000000000006,16
8140,136546.0,-0.6000000000000001,-0.6000000000000001,-4.1000000000000005,-1.7000000000000002,4.0,4.5,18.8,71.0,-39.9,16
8141,136563.0,-0.9,-1.5,-4.9,-2.1,3.6,3.5,7.9,88.60000000000001,-38.60000000000001,16
8142,136580.0,-0.4,-0.5,-4.7,-2.1,3.9000000000000004,3.8000000000000003,-21.900000000000002,94.9,-25.1,16
8143,136596.0,0.1,-0.8,-3.8000000000000003,-1.9000000000000001,3.5,4.7,-52.900000000000006,85.5,-14.600000000000001,16
8144,136613.0,0.8,-0.7000000000000001,-2.0,-1.3,3.4000000000000004,6.5,-64.60000000000001,70.8,-10.5,16
8145,136629.0,1.0,-0.7000000000000001,-1.0,-1.2000000000000002,3.3000000000000003,7.5,-73.0,36.300000000000004,-14.200000000000001,16
8146,136646.0,0.6000000000000001,-0.2,-0.2,-1.7000000000000002,3.6,8.4,-55.3,21.6,-23.099999999999998,16
8147,136672.0,-0.2,0.6000000000000001,-0.2,-2.6,4.3,8.4,-29.1,28.400000000000002,-19.400000000000002,16
8148,136680.0,-0.2,1.0,-0.4,-2.7,4.7,8.200000000000001,-16.4,33.1,-12.9,16
8149,136696.0,0.30000000000000004,1.7000000000000002,-1.0,-2.3000000000000003,5.300000000000001,7.5,0.5,37.300000000000004,0.30000000000000004,16
8150,136713.0,0.6000000000000001,2.3000000000000003,-1.4000000000000001,-2.1,5.9,7.1000000000000005,0.1,29.200000000000003,6.699999999999999,16
8151,136729.0,0.4,2.7,-1.5,-2.3000000000000003,6.300000000000001,7.0,-5.500000000000001,19.700000000000003,9.100000000000001,16
8152,136746.0,-0.1,3.4000000000000004,-1.0,-2.8000000000000003,7.0,7.5,-23.2,1.9,18.3,16
8153,136763.0,-0.30000000000000004,3.5,0.6000000000000001,-2.9000000000000004,7.1000000000000005,9.200000000000001,-41.50000000000001,-11.900000000000002,31.3,16
8154,136780.0,-0.30000000000000004,3.3000000000000003,1.6,-2.9000000000000004,6.9,10.200000000000001,-45.2,-16.3,35.2,16
8155,136796.0,0.0,3.0,3.1,-2.4000000000000004,6.5,11.8,-38.2,-18.8,36.9,16
8156,136813.0,0.4,2.7,3.8000000000000003,-1.9000000000000001,6.1000000000000005,12.600000000000001,-12.9,-19.6,29.900000000000006,16
8157,136830.0,0.5,2.6,3.7,-1.9000000000000001,6.1000000000000005,12.5,3.3000000000000007,-22.1,24.200000000000003,16
8158,136846.0,0.4,2.5,2.6,-1.8,6.1000000000000005,11.5,27.3,-30.1,10.299999999999999,16
8159,136863.0,0.2,2.3000000000000003,2.3000000000000003,-1.9000000000000001,6.0,11.200000000000001,35.699999999999996,-33.800000000000004,-3.4,16
8160,136880.0,0.0,2.1,2.5,-2.1,5.9,11.3,38.1,-33.800000000000004,-10.0,16
8161,136897.0,0.0,2.2,2.6,-2.0,6.1000000000000005,11.5,49.800000000000004,-37.1,-22.000000000000004,16
8162,136913.0,0.1,2.6,1.4000000000000001,-1.8,6.7,10.200000000000001,64.50000000000001,-40.2,-28.600000000000005,16
8163,136930.0,-0.1,2.6,0.6000000000000001,-2.0,6.800000000000001,9.3,63.4,-38.800000000000004,-28.700000000000003,16
8164,136946.0,-0.9,2.8000000000000003,-0.1,-2.7,7.2,8.6,40.5,-33.7,-22.5,16
8165,136963.0,-0.7000000000000001,2.8000000000000003,1.0,-2.4000000000000004,7.2,9.8,1.9,-16.5,-9.5,16
8166,136980.0,-0.4,2.2,2.3000000000000003,-2.2,6.7,11.0,-12.200000000000001,-8.899999999999999,-3.1,16
8167,136996.0,0.7000000000000001,0.8,4.4,-1.0,5.1000000000000005,13.200000000000001,-11.5,-12.600000000000001,3.4,16
8168,137013.0,1.9000000000000001,0.0,4.1000000000000005,0.30000000000000004,4.5,12.9,20.0,-32.0,-3.8,16
8169,137030.0,2.1,0.0,2.9000000000000004,0.5,4.4,11.700000000000001,35.699999999999996,-40.300000000000004,-10.0,16
8170,137046.0,2.0,0.2,0.5,0.5,4.800000000000001,9.3,46.7,-47.5,-20.5,16
8171,137063.0,1.7000000000000002,0.30000000000000004,-0.6000000000000001,0.30000000000000004,5.0,8.200000000000001,36.2,-39.0,-25.900000000000002,16
8172,137080.0,1.5,0.2,-0.7000000000000001,0.2,5.0,8.0,28.500000000000004,-29.500000000000004,-26.700000000000003,16
8173,137096.0,1.0,-0.1,-0.7000000000000001,-0.30000000000000004,4.7,8.0,16.900000000000002,-6.699999999999999,-24.3,16
8174,137113.0,0.8,-0.7000000000000001,-0.2,-0.5,4.1000000000000005,8.4,11.6,10.9,-18.700000000000003,16
8175,137129.0,0.9,-1.2000000000000002,0.30000000000000004,-0.5,3.7,8.9,13.200000000000003,10.4,-17.7,16
8176,137146.0,1.2000000000000002,-1.6,0.7000000000000001,-0.30000000000000004,3.3000000000000003,9.3,23.900000000000006,-3.8,-25.900000000000002,16
8177,137163.0,0.7000000000000001,-1.9000000000000001,0.5,-0.7000000000000001,3.1,9.0,37.300000000000004,-13.700000000000001,-37.9,16
8178,137180.0,0.4,-2.0,0.2,-1.3,2.8000000000000003,8.5,45.7,-18.6,-41.7,16
8179,137196.0,0.0,-2.5,-0.5,-1.5,2.6,8.0,66.3,-21.8,-43.4,16
8180,137213.0,-0.1,-2.8000000000000003,-2.1,-1.5,2.5,6.2,84.3,-18.3,-38.900000000000006,16
8181,137229.0,0.0,-2.8000000000000003,-2.9000000000000004,-1.5,2.6,5.300000000000001,87.10000000000001,-16.6,-35.9,16
8182,137246.0,0.30000000000000004,-2.7,-4.0,-1.2000000000000002,2.9000000000000004,4.0,81.3,-17.7,-28.800000000000004,16
8183,137263.0,0.4,-2.5,-4.3,-1.0,3.3000000000000003,3.5,63.0,-27.5,-20.599999999999998,16
8184,137280.0,0.5,-2.3000000000000003,-4.3,-0.8,3.9000000000000004,3.6,51.4,-35.599999999999994,-16.1,16
8185,137296.0,0.6000000000000001,-1.7000000000000002,-3.9000000000000004,-0.7000000000000001,4.2,3.8000000000000003,25.900000000000002,-49.300000000000004,-6.300000000000001,16
8186,137313.0,0.6000000000000001,-1.6,-3.4000000000000004,-0.6000000000000001,4.5,5.0,-0.4,-52.900000000000006,3.7000000000000006,16
8187,137330.0,0.5,-1.1,-1.1,-0.5,4.800000000000001,6.7,-10.4,-50.0,7.500000000000001,16
8188,137346.0,0.4,-1.1,-0.1,-0.5,4.800000000000001,7.7,-20.400000000000002,-31.0,11.1,16
8189,137363.0,0.2,-1.1,1.8,-0.7000000000000001,4.6000000000000005,9.600000000000001,-15.700000000000001,-6.699999999999999,10.700000000000001,16
8190,137379.0,-0.1,-1.3,2.6,-1.0,4.5,10.4,2.2,0.9000000000000001,7.300000000000001,16
8191,137396.0,-0.30000000000000004,-1.2000000000000002,2.5,-1.2000000000000002,4.6000000000000005,10.3,10.700000000000001,-2.1,5.0,16
8192,137413.0,-1.0,-1.5,1.8,-1.8,4.4,9.600000000000001,21.0,-10.0,1.4,16
8193,137429.0,-1.1,-1.5,0.8,-1.9000000000000001,4.4,8.6,23.700000000000003,-8.899999999999999,1.8000000000000003,16
8194,137446.0,-1.0,-1.5,0.2,-1.9000000000000001,4.4,8.0,22.4,-6.4,2.0,16
8195,137463.0,-1.1,-1.2000000000000002,-0.6000000000000001,-1.9000000000000001,4.800000000000001,7.1000000000000005,7.699999999999999,-1.2000000000000002,-0.30000000000000004,16
8196,137479.0,-1.2000000000000002,-1.0,-1.1,-2.1,4.800000000000001,6.6000000000000005,-22.000000000000004,-6.600000000000001,-4.0,16
8197,137496.0,-1.2000000000000002,-0.4,-1.4000000000000001,-2.0,5.4,6.4,-42.800000000000004,-14.200000000000001,-4.6,16
8198,137513.0,-1.3,0.4,-1.4000000000000001,-2.1,6.0,6.5,-96.20000000000002,-30.9,-0.7,16
8199,137529.0,-1.4000000000000001,0.4,0.30000000000000004,-2.0,5.6000000000000005,8.5,-146.9,-35.1,8.5,16
8200,137547.0,-1.5,0.1,1.4000000000000001,-2.1,5.1000000000000005,9.700000000000001,-164.7,-29.1,14.700000000000001,16
8201,137565.0,-0.9,-0.5,4.1000000000000005,-1.4000000000000001,3.9000000000000004,12.8,-177.70000000000002,-15.2,24.1,16
8202,137580.0,0.30000000000000004,-1.2000000000000002,6.4,-0.1,2.7,15.4,-150.8,-16.3,13.000000000000002,16
8203,137596.0,0.7000000000000001,-1.2000000000000002,6.6000000000000005,0.30000000000000004,2.6,15.700000000000001,-121.9,-14.0,-2.7,16
8204,137613.0,0.5,-0.7000000000000001,4.800000000000001,0.0,2.8000000000000003,14.100000000000001,-50.5,4.4,-36.8,16
8205,137629.0,-0.5,-0.30000000000000004,1.6,-1.2000000000000002,3.2,10.8,5.500000000000001,30.5,-59.1,16
8206,137646.0,-1.2000000000000002,0.0,-0.1,-1.9000000000000001,3.5,9.1,19.300000000000004,44.7,-62.50000000000001,16
8207,137663.0,-1.9000000000000001,0.5,-2.3000000000000003,-2.9000000000000004,4.1000000000000005,6.800000000000001,15.000000000000002,64.9,-48.400000000000006,16
8208,137679.0,-1.5,0.4,-2.9000000000000004,-2.7,3.9000000000000004,6.2,-10.8,56.9,-20.7,16
8209,137696.0,-1.1,0.1,-2.6,-2.4000000000000004,3.6,6.5,-23.099999999999998,42.3,-8.0,16
8210,137713.0,0.1,-0.4,-2.2,-1.3,3.0,6.9,-34.60000000000001,6.699999999999999,8.899999999999999,16
8211,137734.0,0.9,-0.5,-1.9000000000000001,-0.4,2.8000000000000003,7.300000000000001,-27.6,-18.6,11.700000000000001,16
8212,137747.0,1.2000000000000002,-0.5,-1.9000000000000001,-0.1,2.7,7.300000000000001,-18.200000000000003,-21.8,8.2,16
8213,137763.0,1.1,-0.4,-2.4000000000000004,-0.1,2.9000000000000004,6.800000000000001,6.4,-12.8,-7.200000000000001,16
8214,137780.0,0.1,0.1,-3.2,-1.2000000000000002,3.4000000000000004,5.9,26.9,6.500000000000001,-20.8,16
8215,137796.0,-0.30000000000000004,0.5,-3.7,-1.6,3.9000000000000004,5.4,33.50000000000001,15.700000000000001,-20.8,16
8216,137813.0,-0.30000000000000004,1.2000000000000002,-4.1000000000000005,-1.7000000000000002,4.7,4.800000000000001,37.2,32.400000000000006,-11.000000000000002,16
8217,137829.0,-0.4,1.9000000000000001,-4.1000000000000005,-1.9000000000000001,5.6000000000000005,4.800000000000001,24.900000000000002,43.900000000000006,1.4,16
8218,137846.0,-0.30000000000000004,2.3000000000000003,-3.6,-1.8,6.0,5.2,14.0,48.300000000000004,8.700000000000001,16
8219,137863.0,0.0,2.6,-2.1,-1.8,6.300000000000001,6.7,-10.0,52.60000000000001,19.1,16
8220,137880.0,-0.2,2.6,-0.8,-2.4000000000000004,6.1000000000000005,9.3,-28.0,48.0,19.400000000000002,16
8221,137896.0,-0.9,2.4000000000000004,1.8,-2.8000000000000003,6.0,10.600000000000001,-28.600000000000005,42.3,18.5,16
8222,137913.0,-1.4000000000000001,2.2,3.3000000000000003,-3.4000000000000004,5.800000000000001,12.100000000000001,-12.100000000000001,25.300000000000004,18.8,16
8223,137929.0,-1.3,2.1,3.3000000000000003,-3.3000000000000003,5.7,12.200000000000001,12.4,1.5,21.7,16
8224,137946.0,-1.5,2.3000000000000003,3.1,-3.5,6.0,11.9,21.400000000000002,-7.699999999999999,20.3,16
8225,137963.0,-2.1,2.1,2.8000000000000003,-4.0,5.9,11.700000000000001,32.400000000000006,-31.6,22.700000000000003,16
8226,137980.0,-2.3000000000000003,1.4000000000000001,3.0,-4.1000000000000005,5.300000000000001,11.9,41.4,-35.9,30.200000000000003,16
8227,137996.0,-2.0,1.0,3.0,-3.2,5.0,11.4,48.0,-31.7,33.50000000000001,16
8228,138013.0,-1.0,1.0,1.9000000000000001,-2.6,5.2,10.700000000000001,62.7,-34.50000000000001,34.2,16
8229,138029.0,-0.6000000000000001,1.4000000000000001,-0.1,-2.0,5.9,8.6,64.10000000000001,-38.60000000000001,34.400000000000006,16
8230,138046.0,-0.1,1.6,-1.4000000000000001,-1.3,6.2,7.2,53.10000000000001,-34.800000000000004,38.0,16
8231,138071.0,0.6000000000000001,1.2000000000000002,-0.7000000000000001,-0.5,5.800000000000001,8.0,-26.1,0.6000000000000001,42.1,16
8232,138080.0,0.6000000000000001,0.7000000000000001,0.9,-0.5,5.2,9.600000000000001,-54.50000000000001,14.200000000000001,40.7,16
8233,138096.0,0.8,-0.1,3.0,0.2,3.4000000000000004,13.5,-70.8,23.6,39.8,16
8234,138113.0,1.9000000000000001,-1.3,5.4,0.8,3.0,14.3,-53.8,13.000000000000002,31.0,16
8235,138129.0,2.6,-1.1,3.2,1.6,3.2,12.100000000000001,-8.3,-7.1000000000000005,12.0,16
8236,138147.0,2.6,-0.9,1.5,1.4000000000000001,3.5,9.3,5.7,-23.3,-6.300000000000001,16
8237,138163.0,2.1,-0.6000000000000001,-0.7000000000000001,1.2000000000000002,3.7,8.3,3.1,-28.1,-13.3,16
8238,138181.0,1.2000000000000002,-0.30000000000000004,-1.7000000000000002,0.4,3.9000000000000004,7.2,-14.700000000000001,-29.800000000000004,-21.200000000000003,16
8239,138196.0,0.2,-0.1,-1.2000000000000002,-0.6000000000000001,4.0,7.800000000000001,-27.0,-26.200000000000003,-21.6,16
8240,138213.0,0.1,-0.2,-0.9,-0.7000000000000001,3.8000000000000003,8.200000000000001,-40.4,-12.200000000000001,-16.0,16
8241,138230.0,0.30000000000000004,-0.8,-0.30000000000000004,-0.5,3.0,8.8,-34.7,-1.5,-14.100000000000001,16
8242,138246.0,0.8,-1.2000000000000002,0.30000000000000004,-0.1,2.6,9.4,-15.399999999999999,-6.9,-26.9,16
8243,138263.0,0.7000000000000001,-1.3,0.2,-0.1,2.4000000000000004,9.4,0.2,-9.3,-36.5,16
8244,138279.0,0.2,-1.7000000000000002,-0.7000000000000001,-0.7000000000000001,2.2,8.4,30.1,-6.1000000000000005,-54.4,16
8245,138296.0,-0.5,-1.6,-1.7000000000000002,-1.5,2.4000000000000004,7.300000000000001,49.699999999999996,1.1,-63.10000000000001,16
8246,138313.0,-0.8,-1.5,-2.1,-1.8,2.5,6.800000000000001,56.9,5.2,-61.9,16
8247,138329.0,-0.5,-1.2000000000000002,-2.8000000000000003,-1.7000000000000002,3.0,6.0,65.89999999999999,14.400000000000002,-52.00000000000001,16
8248,138346.0,0.30000000000000004,-1.0,-3.4000000000000004,-1.0,3.4000000000000004,5.300000000000001,63.10000000000001,14.5,-41.300000000000004,16
8249,138363.0,0.7000000000000001,-0.7000000000000001,-3.1,-0.6000000000000001,3.7,5.6000000000000005,56.6,10.0,-37.0,16
8250,138379.0,1.2000000000000002,-0.4,-2.3000000000000003,-0.1,4.1000000000000005,6.2,43.1,-10.8,-31.7,16
8251,138396.0,1.1,0.0,-1.9000000000000001,-0.1,4.6000000000000005,6.6000000000000005,26.300000000000004,-41.7,-24.599999999999998,16
8252,138413.0,1.1,0.2,-1.4000000000000001,-0.1,4.9,7.1000000000000005,16.3,-58.3,-20.2,16
8253,138429.0,1.1,0.7000000000000001,0.0,0.1,5.4,8.5,5.1000000000000005,-75.8,-12.100000000000001,16
8254,138446.0,0.8,0.9,0.9,0.0,5.6000000000000005,9.4,8.4,-50.1,-4.300000000000001,16
8255,138473.0,0.5,0.9,2.0,-0.30000000000000004,5.6000000000000005,10.5,10.5,-10.8,-1.0,16
8256,138480.0,0.1,0.8,2.6,-0.6000000000000001,5.5,11.200000000000001,13.200000000000003,6.2,-0.2,16
8257,138496.0,-0.30000000000000004,0.5,2.8000000000000003,-1.1,5.300000000000001,11.3,24.1,18.4,2.3,16
8258,138513.0,-0.6000000000000001,0.30000000000000004,2.5,-1.4000000000000001,5.1000000000000005,11.0,27.6,15.899999999999999,3.1,16
8259,138530.0,-1.3,0.2,2.1,-2.1,5.2,10.600000000000001,29.1,9.899999999999999,8.100000000000001,16
8260,138546.0,-1.5,-0.1,2.0,-2.4000000000000004,4.9,10.4,23.5,18.3,16.700000000000003,16
8261,138563.0,-1.6,-0.30000000000000004,2.0,-2.5,4.7,10.4,18.700000000000003,23.099999999999998,18.200000000000003,16
8262,138579.0,-1.8,-0.7000000000000001,1.6,-2.7,4.4,10.100000000000001,12.200000000000001,21.8,16.6,16
8263,138596.0,-1.9000000000000001,-0.8,0.30000000000000004,-2.9000000000000004,4.3,8.700000000000001,5.4,9.600000000000001,14.800000000000002,16
8264,138613.0,-2.2,-1.0,-0.30000000000000004,-3.2,4.1000000000000005,8.1,-2.8,4.4,15.6,16
8265,138630.0,-2.8000000000000003,-1.2000000000000002,-1.1,-3.7,3.8000000000000003,7.300000000000001,-32.1,2.7,23.5,16
8266,138646.0,-2.8000000000000003,-2.0,0.2,-3.8000000000000003,2.9000000000000004,8.8,-68.7,10.5,36.2,16
8267,138663.0,-2.4000000000000004,-2.4000000000000004,1.1,-3.3000000000000003,2.4000000000000004,9.600000000000001,-77.7,9.5,39.0,16
8268,138679.0,-1.2000000000000002,-2.4000000000000004,2.6,-2.1,2.1,11.3,-72.9,-1.5,31.400000000000002,16
8269,138696.0,-0.7000000000000001,-2.2,2.9000000000000004,-1.6,2.1,11.8,-34.400000000000006,-9.899999999999999,10.8,16
8270,138713.0,-0.9,-2.2,1.9000000000000001,-1.8,2.1,10.8,-10.5,-7.6,0.9000000000000001,16
8271,138729.0,-1.3,-2.0,-0.5,-2.2,2.4000000000000004,8.3,18.5,10.4,-10.4,16
8272,138747.0,-1.5,-1.6,-2.5,-2.5,2.8000000000000003,6.2,20.8,43.2,-8.600000000000001,16
8273,138763.0,-1.4000000000000001,-1.4000000000000001,-3.3000000000000003,-2.5,3.0,5.4,11.5,58.7,-4.1,16
8274,138779.0,-1.2000000000000002,-1.3,-3.4000000000000004,-2.6,3.1,5.300000000000001,-21.1,74.4,6.4,16
8275,138796.0,-1.0,-1.4000000000000001,-2.0,-2.6,2.9000000000000004,6.7,-42.7,60.900000000000006,13.5,16
8276,138813.0,-0.7000000000000001,-1.3,-1.5,-2.2,3.0,7.5,-42.7,48.70000000000001,14.200000000000001,16
8277,138830.0,-0.5,-1.0,-1.1,-2.2,3.1,7.6000000000000005,-26.300000000000004,33.800000000000004,13.3,16
8278,138846.0,-0.5,-0.9,-1.7000000000000002,-2.3000000000000003,3.1,7.0,0.8,33.300000000000004,13.000000000000002,16
8279,138863.0,-0.30000000000000004,-0.7000000000000001,-3.2,-2.2,3.4000000000000004,5.5,19.799999999999997,43.50000000000001,16.700000000000003,16
8280,138879.0,-0.2,-0.6000000000000001,-3.8000000000000003,-2.1,3.5,4.800000000000001,21.1,49.199999999999996,19.6,16
8281,138896.0,0.4,-0.30000000000000004,-4.0,-1.7000000000000002,3.9000000000000004,4.4,12.5,52.900000000000006,25.8,16
8282,138913.0,0.6000000000000001,0.1,-3.6,-1.6,4.3,4.800000000000001,6.300000000000001,52.2,28.0,16
8283,138930.0,0.6000000000000001,0.4,-3.1,-1.7000000000000002,4.7,5.300000000000001,-6.699999999999999,46.7,32.400000000000006,16
8284,138946.0,0.30000000000000004,1.1,-2.0,-2.0,5.300000000000001,6.4,-17.5,33.2,38.2,16
8285,138963.0,0.0,1.6,-1.0,-2.3000000000000003,5.800000000000001,7.4,-28.800000000000004,28.3,48.6,16
8286,138980.0,0.0,1.6,-0.2,-2.3000000000000003,5.800000000000001,8.200000000000001,-35.599999999999994,29.600000000000005,53.9,16
8287,138997.0,0.30000000000000004,1.6,1.5,-2.0,5.7,9.9,-41.7,30.1,56.2,16
8288,139013.0,0.30000000000000004,1.7000000000000002,2.3000000000000003,-2.0,5.800000000000001,10.8,-39.599999999999994,25.8,52.7,16
8289,139029.0,0.2,1.7000000000000002,2.8000000000000003,-2.1,5.7,11.3,-37.300000000000004,18.0,49.300000000000004,16
8290,139046.0,0.1,1.6,3.1,-2.2,5.6000000000000005,11.700000000000001,-27.9,-3.4,39.2,16
8291,139063.0,-0.2,1.5,3.0,-2.3000000000000003,5.4,11.700000000000001,-18.5,-16.0,26.799999999999997,16
8292,139083.0,-0.30000000000000004,1.1,3.2,-2.4000000000000004,5.0,11.9,-15.2,-16.4,20.900000000000002,16
8293,139097.0,-0.1,1.0,3.6,-2.1,4.9,12.3,-7.699999999999999,-15.000000000000002,7.0,16
8294,139113.0,0.1,0.9,3.8000000000000003,-1.7000000000000002,5.1000000000000005,12.100000000000001,16.700000000000003,-18.6,-11.8,16
8295,139129.0,0.4,1.5,2.5,-1.6,5.6000000000000005,11.200000000000001,28.1,-18.6,-21.200000000000003,16
8296,139146.0,0.1,2.0,1.1,-1.9000000000000001,6.1000000000000005,9.9,32.400000000000006,-11.000000000000002,-31.0,16
8297,139163.0,0.4,2.2,0.6000000000000001,-1.7000000000000002,6.4,9.3,20.1,4.6,-34.50000000000001,16
8298,139179.0,0.4,2.2,0.7000000000000001,-1.7000000000000002,6.4,9.4,8.600000000000001,17.799999999999997,-35.8,16
8299,139196.0,0.4,1.9000000000000001,2.2,-1.9000000000000001,6.1000000000000005,10.9,-10.8,43.300000000000004,-38.2,16
8300,139213.0,0.5,1.5,3.4000000000000004,-2.0,5.6000000000000005,12.0,-11.700000000000001,62.50000000000001,-37.0,16
8301,139229.0,0.7000000000000001,1.6,3.3000000000000003,-1.9000000000000001,5.7,12.0,-6.1000000000000005,62.199999999999996,-34.300000000000004,16
8302,139246.0,1.1,1.9000000000000001,2.4000000000000004,-1.6,6.0,11.100000000000001,-0.6000000000000001,43.50000000000001,-26.799999999999997,16
8303,139263.0,1.4000000000000001,2.0,2.1,-1.5,6.0,10.8,-5.0,15.6,-16.8,16
8304,139279.0,1.5,1.9000000000000001,2.0,-1.4000000000000001,5.9,10.700000000000001,-5.8,5.300000000000001,-11.2,16
8305,139296.0,1.6,1.6,1.4000000000000001,-1.3,5.6000000000000005,10.100000000000001,-5.300000000000001,-5.8,-1.3,16
8306,139313.0,1.7000000000000002,1.3,1.0,-1.1,5.300000000000001,9.8,-6.0,-11.3,4.1,16
8307,139329.0,1.8,1.0,1.1,-0.9,5.0,9.8,-2.3,-13.200000000000003,5.1000000000000005,16
8308,139347.0,2.1,0.1,1.0,-0.6000000000000001,4.2,9.700000000000001,16.900000000000002,-14.700000000000001,1.3,16
8309,139367.0,2.3000000000000003,-0.5,0.2,-0.4,3.6,8.9,45.099999999999994,-21.200000000000003,-11.2,16
8310,139380.0,2.0,-0.8,-0.4,-0.6000000000000001,3.4000000000000004,8.3,58.1,-24.0,-19.200000000000003,16
8311,139396.0,1.2000000000000002,-1.2000000000000002,-1.6,-1.3,3.3000000000000003,6.9,73.7,-29.0,-30.799999999999997,16
8312,139413.0,0.5,-1.2000000000000002,-2.3000000000000003,-2.0,3.5,6.2,78.4,-30.5,-30.699999999999996,16
8313,139429.0,0.5,-1.2000000000000002,-2.5,-2.0,3.6,5.9,80.10000000000001,-29.800000000000004,-26.200000000000003,16
8314,139446.0,0.6000000000000001,-1.0,-3.3000000000000003,-1.8,3.9000000000000004,5.0,78.3,-34.0,-14.600000000000001,16
8315,139463.0,1.0,-0.6000000000000001,-3.5,-1.3,4.5,4.6000000000000005,61.599999999999994,-49.1,-5.4,16
8316,139480.0,1.0,-0.4,-3.3000000000000003,-1.2000000000000002,4.9,5.6000000000000005,49.1,-57.9,-2.0,16
8317,139496.0,0.9,-0.2,-1.6,-1.1,5.1000000000000005,6.5,28.500000000000004,-64.0,5.4,16
8318,139513.0,1.0,-0.30000000000000004,-0.4,-0.8,5.1000000000000005,7.7,24.5,-49.50000000000001,11.900000000000002,16
8319,139529.0,1.1,-0.30000000000000004,-0.1,-0.6000000000000001,5.0,8.5,24.400000000000002,-40.7,13.399999999999999,16
8320,139548.0,1.0,-0.6000000000000001,1.1,-0.6000000000000001,4.9,9.200000000000001,26.9,-29.0,13.399999999999999,16
8321,139563.0,0.7000000000000001,-1.0,1.8,-0.9,4.6000000000000005,9.8,41.50000000000001,-17.200000000000003,10.0,16
8322,139579.0,0.5,-1.1,1.7000000000000002,-1.3,4.5,9.200000000000001,50.400000000000006,-8.600000000000001,8.5,16
8323,139596.0,-0.2,-1.2000000000000002,0.8,-1.7000000000000002,4.6000000000000005,8.700000000000001,57.9,7.699999999999999,7.1000000000000005,16
8324,139613.0,-0.6000000000000001,-1.3,0.6000000000000001,-2.2,4.6000000000000005,8.3,53.300000000000004,11.1,10.299999999999999,16
8325,139630.0,-0.9,-1.6,0.6000000000000001,-2.6,4.2,8.1,51.70000000000001,9.3,12.299999999999999,16
8326,139647.0,-1.1,-2.1,0.1,-2.7,4.0,7.7,50.900000000000006,10.5,15.8,16
8327,139663.0,-1.2000000000000002,-2.1,-1.0,-2.8000000000000003,4.1000000000000005,6.5,47.3,18.3,18.4,16
8328,139680.0,-1.2000000000000002,-2.0,-1.6,-2.9000000000000004,4.4,5.4,39.300000000000004,23.6,19.700000000000003,16
8329,139696.0,-1.6,-1.9000000000000001,-1.8,-3.2,4.5,5.5,11.700000000000001,25.7,19.700000000000003,16
8330,139713.0,-1.6,-1.7000000000000002,-1.5,-3.3000000000000003,4.6000000000000005,5.800000000000001,-19.9,18.900000000000002,16.900000000000002,16
8331,139729.0,-1.8,-1.9000000000000001,-1.5,-3.4000000000000004,4.3,5.9,-53.9,13.6,11.000000000000002,16
8332,139746.0,-2.1,-2.1,-1.3,-3.8000000000000003,4.0,6.2,-74.4,15.5,7.699999999999999,16
8333,139763.0,-2.9000000000000004,-2.2,0.4,-4.6000000000000005,3.6,8.1,-115.60000000000001,22.9,3.1,16
8334,139779.0,-3.2,-2.5,2.9000000000000004,-5.0,2.9000000000000004,10.8,-128.9,20.7,3.3000000000000007,16
8335,139796.0,-2.9000000000000004,-2.4000000000000004,3.8000000000000003,-4.800000000000001,2.9000000000000004,11.8,-119.60000000000002,13.6,1.4,16
8336,139813.0,-2.3000000000000003,-2.1,3.8000000000000003,-4.2,2.9000000000000004,12.100000000000001,-75.60000000000001,3.6000000000000005,-6.4,16
8337,139829.0,-1.8,-1.8,1.7000000000000002,-3.7,3.0,10.0,-28.1,11.1,-11.8,16
8338,139846.0,-1.5,-1.5,0.7000000000000001,-3.5,3.3000000000000003,9.1,-14.300000000000002,21.400000000000002,-14.100000000000001,16
8339,139863.0,-0.9,-0.9,-0.7000000000000001,-3.1,3.8000000000000003,7.6000000000000005,-2.8,54.199999999999996,-21.900000000000002,16
8340,139879.0,-1.0,-0.2,-1.2000000000000002,-3.5,4.5,7.0,-15.2,94.0,-30.699999999999996,16
8341,139897.0,-1.2000000000000002,0.0,-0.8,-3.8000000000000003,4.7,7.5,-24.7,108.50000000000001,-32.5,16
8342,139913.0,-1.7000000000000002,0.2,0.30000000000000004,-4.7,4.7,8.5,-34.800000000000004,117.4,-26.6,16
8343,139929.0,-1.4000000000000001,0.2,0.6000000000000001,-4.800000000000001,4.7,8.700000000000001,-36.2,91.50000000000001,-9.100000000000001,16
8344,139946.0,-1.1,0.2,0.6000000000000001,-4.6000000000000005,4.6000000000000005,8.700000000000001,-33.800000000000004,67.8,1.6,16
8345,139963.0,-0.30000000000000004,0.1,-0.2,-3.9000000000000004,4.4,7.9,-24.1,17.9,21.7,16
8346,139980.0,0.7000000000000001,-0.1,-1.7000000000000002,-2.7,4.2,6.5,-16.4,-19.9,36.400000000000006,16
8347,139996.0,1.0,-0.1,-2.0,-2.4000000000000004,4.2,6.1000000000000005,-13.5,-29.600000000000005,40.7,16
8348,140013.0,1.4000000000000001,0.0,-2.9000000000000004,-1.8,4.3,5.300000000000001,-5.4,-28.700000000000003,46.50000000000001,16
8349,140029.0,1.7000000000000002,0.30000000000000004,-3.7,-1.4000000000000001,4.7,4.4,-5.1000000000000005,-10.9,48.50000000000001,16
8350,140046.0,1.7000000000000002,0.5,-3.9000000000000004,-1.4000000000000001,4.9,4.3,-9.100000000000001,-1.4,48.9,16
8351,140063.0,1.6,1.0,-3.7,-1.4000000000000001,5.4,4.4,-20.0,13.5,51.6,16
8352,140080.0,1.4000000000000001,1.5,-3.2,-1.6,5.9,4.9,-35.9,20.400000000000002,56.6,16
8353,140096.0,1.3,1.6,-2.5,-1.7000000000000002,6.0,5.7,-45.5,19.400000000000002,59.00000000000001,16
8354,140114.0,0.9,1.7000000000000002,-0.30000000000000004,-2.0,6.0,7.9,-57.800000000000004,12.5,59.20000000000001,16
8355,140129.0,0.5,1.9000000000000001,0.5,-2.7,6.2,9.600000000000001,-56.800000000000004,8.100000000000001,57.49999999999999,16
8356,140146.0,-0.1,2.0,2.2,-2.9000000000000004,6.2,10.5,-52.300000000000004,8.700000000000001,57.800000000000004,16
8357,140163.0,0.0,1.9000000000000001,3.4000000000000004,-2.7,6.0,11.8,-33.7,1.7,56.7,16
8358,140180.0,0.5,2.1,3.1,-2.1,6.2,11.600000000000001,-8.600000000000001,-12.5,48.70000000000001,16
8359,140196.0,0.7000000000000001,2.2,2.7,-1.8,6.300000000000001,11.100000000000001,-0.2,-16.6,42.7,16
8360,140214.0,0.7000000000000001,2.0,2.9000000000000004,-1.7000000000000002,6.2,11.4,7.400000000000001,-17.200000000000003,27.400000000000002,16
8361,140229.0,1.0,1.7000000000000002,3.9000000000000004,-1.4000000000000001,6.0,12.4,20.2,-12.100000000000001,6.600000000000001,16
8362,140246.0,1.0,1.6,4.2,-1.4000000000000001,5.9,12.8,32.9,-8.600000000000001,-6.699999999999999,16
8363,140263.0,0.9,2.1,3.5,-1.4000000000000001,6.6000000000000005,12.0,67.8,0.6000000000000001,-32.7,16
8364,140280.0,0.9,2.5,1.0,-1.6,7.300000000000001,9.4,88.00000000000001,24.900000000000002,-45.9,16
8365,140296.0,0.8,2.6,0.30000000000000004,-1.9000000000000001,7.7,8.1,83.5,33.400000000000006,-49.1,16
8366,140313.0,0.6000000000000001,2.9000000000000004,0.1,-2.2,7.9,8.200000000000001,57.1,41.300000000000004,-50.8,16
8367,140329.0,-0.2,2.7,1.6,-3.2,7.800000000000001,9.600000000000001,25.0,41.1,-45.8,16
8368,140346.0,-0.30000000000000004,2.1,2.9000000000000004,-3.5,7.2,10.9,15.000000000000002,37.400000000000006,-39.50000000000001,16
8369,140363.0,0.0,1.7000000000000002,3.0,-3.2,6.800000000000001,11.0,8.700000000000001,17.7,-22.700000000000003,16
8370,140380.0,1.4000000000000001,1.0,2.6,-1.8,6.1000000000000005,10.600000000000001,9.2,-24.0,-9.700000000000001,16
8371,140396.0,2.0,0.7000000000000001,2.2,-0.6000000000000001,5.7,9.700000000000001,10.5,-44.300000000000004,-7.0,16
8372,140413.0,2.5,0.4,1.0,-0.4,5.6000000000000005,9.1,10.200000000000001,-70.7,-8.0,16
8373,140429.0,2.2,0.30000000000000004,-0.1,-0.5,5.5,8.1,4.0,-75.1,-7.1000000000000005,16
8374,140446.0,1.8,0.0,-1.0,-0.7000000000000001,5.1000000000000005,7.2,-7.699999999999999,-58.0,0.30000000000000004,16
8375,140463.0,1.7000000000000002,-0.30000000000000004,-1.1,-0.8,4.9,7.1000000000000005,-15.299999999999999,-46.199999999999996,5.300000000000001,16
8376,140479.0,1.8,-1.1,-0.2,-0.4,3.9000000000000004,8.1,-29.600000000000005,-32.0,11.900000000000002,16
8377,140496.0,1.9000000000000001,-1.9000000000000001,1.1,-0.2,3.0,9.5,-31.5,-32.7,10.1,16
8378,140513.0,1.7000000000000002,-2.1,1.5,-0.4,2.9000000000000004,10.0,-19.9,-43.900000000000006,-3.3000000000000007,16
8379,140529.0,1.5,-2.3000000000000003,2.1,-0.5,2.6,10.5,9.4,-45.400000000000006,-20.400000000000002,16
8380,140546.0,0.8,-2.7,1.9000000000000001,-1.1,2.2,10.3,51.50000000000001,-38.800000000000004,-38.0,16
8381,140563.0,0.30000000000000004,-3.0,1.3,-1.5,2.1,9.700000000000001,74.0,-35.3,-45.0,16
8382,140579.0,-0.1,-3.1,-0.5,-2.0,2.2,7.7,108.90000000000002,-23.400000000000002,-52.00000000000001,16
8383,140596.0,-0.30000000000000004,-3.1,-2.3000000000000003,-2.3000000000000003,2.5,5.7,120.80000000000001,-15.2,-50.5,16
8384,140613.0,-0.30000000000000004,-2.9000000000000004,-2.9000000000000004,-2.3000000000000003,2.8000000000000003,5.0,117.4,-17.7,-47.80000000000001,16
8385,140629.0,-0.2,-2.8000000000000003,-3.6,-2.2,3.2,4.0,99.2,-34.800000000000004,-40.6,16
8386,140646.0,-0.2,-2.1,-3.7,-2.1,4.0,3.8000000000000003,71.10000000000001,-53.10000000000001,-32.1,16
8387,140663.0,-0.2,-1.8,-3.5,-2.1,4.3,4.0,55.3,-57.00000000000001,-26.799999999999997,16
8388,140680.0,0.0,-1.5,-2.4000000000000004,-1.8,4.7,5.0,27.800000000000004,-50.2,-18.5,16
8389,140696.0,-0.4,-1.3,-1.0,-2.1,4.9,6.300000000000001,10.1,-23.5,-15.2,16
8390,140713.0,-0.6000000000000001,-1.1,-0.2,-2.3000000000000003,5.1000000000000005,7.1000000000000005,6.1000000000000005,-7.400000000000001,-12.9,16
8391,140729.0,-0.7000000000000001,-1.2000000000000002,1.0,-2.5,5.0,8.4,8.600000000000001,18.8,-8.100000000000001,16
8392,140746.0,-0.9,-1.4000000000000001,1.4000000000000001,-2.8000000000000003,4.800000000000001,8.700000000000001,14.700000000000001,23.5,-7.9,16
8393,140763.0,-1.1,-1.5,1.3,-3.1,4.800000000000001,8.6,15.899999999999999,21.300000000000004,-8.3,16
8394,140779.0,-1.5,-1.5,1.1,-3.5,4.7,8.4,12.7,21.1,-7.400000000000001,16
8395,140796.0,-1.6,-1.2000000000000002,0.6000000000000001,-3.7,5.1000000000000005,7.800000000000001,8.700000000000001,26.6,-4.2,16
8396,140813.0,-1.5,-0.9,0.30000000000000004,-3.7,5.300000000000001,7.5,5.2,32.0,-1.7,16
8397,140829.0,-1.4000000000000001,-0.6000000000000001,0.0,-3.6,5.7,7.2,-6.4,39.400000000000006,-0.2,16
8398,140846.0,-1.3,-0.30000000000000004,-0.2,-3.6,5.9,6.9,-20.7,38.300000000000004,-1.7,16
8399,140863.0,-1.4000000000000001,-0.2,-0.4,-3.8000000000000003,6.0,6.800000000000001,-30.4,34.800000000000004,-3.0,16
8400,140880.0,-1.7000000000000002,0.0,-0.8,-4.2,6.0,6.4,-56.2,26.000000000000004,-1.0,16
8401,140896.0,-2.4000000000000004,-0.2,-1.0,-5.0,5.6000000000000005,6.5,-96.4,19.799999999999997,10.4,16
8402,140913.0,-2.7,-0.5,-0.1,-5.300000000000001,5.2,7.4,-120.60000000000001,17.200000000000003,18.3,16
8403,140929.0,-2.1,-1.1,2.6,-4.6000000000000005,4.2,10.5,-152.1,4.2,32.8,16
8404,140946.0,-1.0,-1.7000000000000002,5.2,-3.4000000000000004,3.2,13.3,-137.8,-28.800000000000004,27.9,16
8405,140963.0,-0.7000000000000001,-1.6,5.6000000000000005,-3.1,3.1,13.9,-113.4,-41.199999999999996,16.900000000000002,16
8406,140981.0,-0.7000000000000001,-1.0,3.9000000000000004,-3.0,3.6,12.4,-48.70000000000001,-31.5,-6.300000000000001,16
8407,140996.0,-0.9,-0.6000000000000001,0.9,-3.3000000000000003,3.9000000000000004,9.4,-2.9,17.200000000000003,-19.0,16
8408,141013.0,-1.0,-0.5,-0.2,-3.7,4.2,7.1000000000000005,7.200000000000001,46.7,-21.200000000000003,16
8409,141029.0,-1.1,-0.1,-2.2,-3.8000000000000003,4.4,6.2,6.1000000000000005,88.3,-14.800000000000002,16
8410,141046.0,-0.7000000000000001,-0.30000000000000004,-2.7,-3.7,4.2,5.5,-20.599999999999998,87.60000000000001,1.9,16
8411,141065.0,0.0,-0.7000000000000001,-2.4000000000000004,-3.1,3.7,5.9,-45.0,45.099999999999994,20.599999999999998,16
8412,141080.0,0.5,-0.8,-2.2,-2.6,3.6,6.0,-51.800000000000004,18.6,28.600000000000005,16
8413,141096.0,1.2000000000000002,-0.9,-2.1,-1.8,3.3000000000000003,6.2,-53.50000000000001,-24.599999999999998,37.7,16
8414,141113.0,1.5,-0.8,-2.1,-1.1,3.5,6.4,-50.0,-34.1,38.800000000000004,16
8415,141130.0,1.8,-0.4,-2.2,-0.9,3.6,6.300000000000001,-33.300000000000004,-27.9,35.699999999999996,16
8416,141146.0,2.0,0.0,-2.7,-0.7000000000000001,4.1000000000000005,5.800000000000001,-11.000000000000002,1.2000000000000002,31.3,16
8417,141167.0,2.3000000000000003,0.5,-3.3000000000000003,-0.4,4.5,5.1000000000000005,0.8,28.3,27.0,16
8418,141179.0,2.3000000000000003,0.8,-3.4000000000000004,-0.4,4.9,5.0,0.30000000000000004,34.900000000000006,24.900000000000002,16
8419,141196.0,2.2,1.5,-3.0,-0.6000000000000001,5.6000000000000005,5.300000000000001,-11.3,37.0,23.5,16
8420,141213.0,2.0,1.9000000000000001,-2.3000000000000003,-1.0,6.1000000000000005,7.0,-29.1,27.2,24.0,16
8421,141230.0,1.5,2.3000000000000003,-0.4,-1.3,6.300000000000001,7.9,-34.900000000000006,21.6,25.300000000000004,16
8422,141246.0,0.7000000000000001,2.5,1.4000000000000001,-2.1,6.4,9.700000000000001,-39.50000000000001,8.899999999999999,27.800000000000004,16
8423,141266.0,0.1,2.4000000000000004,2.7,-2.6,6.4,11.200000000000001,-30.799999999999997,-11.6,31.5,16
8424,141280.0,0.0,2.4000000000000004,2.9000000000000004,-2.7,6.300000000000001,11.4,-22.8,-23.700000000000003,33.0,16
8425,141296.0,0.1,2.3000000000000003,2.6,-2.4000000000000004,6.2,11.100000000000001,-9.100000000000001,-49.0,33.9,16
8426,141313.0,0.4,2.1,2.3000000000000003,-1.8,6.1000000000000005,10.9,2.5,-68.0,29.200000000000003,16
8427,141329.0,0.5,2.0,2.3000000000000003,-1.7000000000000002,6.0,10.9,8.8,-70.3,23.800000000000004,16
8428,141346.0,0.4,1.8,2.1,-1.6,5.800000000000001,10.8,22.1,-59.1,8.4,16
8429,141364.0,-0.1,1.5,1.9000000000000001,-1.9000000000000001,5.7,10.600000000000001,33.6,-34.0,-7.699999999999999,16
8430,141379.0,-0.30000000000000004,1.4000000000000001,1.8,-2.1,5.7,10.5,39.0,-23.700000000000003,-13.700000000000001,16
8431,141396.0,0.0,1.8,1.2000000000000002,-1.8,6.2,9.8,53.7,-17.9,-21.500000000000004,16
8432,141413.0,0.2,2.2,-0.2,-1.6,6.800000000000001,8.4,58.0,-13.399999999999999,-22.4,16
8433,141430.0,0.2,2.5,-0.7000000000000001,-1.6,7.1000000000000005,7.800000000000001,51.70000000000001,-11.6,-21.400000000000002,16
8434,141446.0,-0.2,3.1,-1.2000000000000002,-2.0,7.800000000000001,7.300000000000001,11.000000000000002,3.2,-20.900000000000002,16
8435,141467.0,-1.4000000000000001,2.9000000000000004,2.3000000000000003,-3.3000000000000003,7.6000000000000005,10.8,-46.6,21.7,-14.200000000000001,16
8436,141480.0,-1.2000000000000002,2.2,4.6000000000000005,-3.1,6.800000000000001,13.200000000000001,-57.3,26.000000000000004,-5.8,16
8437,141496.0,-0.30000000000000004,0.30000000000000004,7.4,-2.3000000000000003,4.7,16.2,-39.300000000000004,3.7000000000000006,2.2,16
8438,141513.0,0.9,-0.5,6.1000000000000005,-0.9,3.9000000000000004,14.9,8.8,-51.4,-5.300000000000001,16
8439,141529.0,1.3,-0.5,4.0,-0.4,4.0,12.8,29.600000000000005,-71.7,-10.700000000000001,16
8440,141547.0,1.7000000000000002,-0.6000000000000001,0.7000000000000001,0.2,4.0,9.5,45.3,-82.0,-18.5,16
8441,141564.0,2.1,-0.6000000000000001,-0.8,0.8,4.1000000000000005,7.9,37.9,-58.2,-28.700000000000003,16
8442,141580.0,2.1,-0.5,-1.0,0.8,4.2,7.7,31.0,-40.6,-34.800000000000004,16
8443,141596.0,1.4000000000000001,-0.6000000000000001,-1.1,0.1,4.2,7.7,22.5,-4.1,-43.50000000000001,16
8444,141613.0,0.7000000000000001,-0.7000000000000001,-1.4000000000000001,-0.8,4.1000000000000005,7.2,16.900000000000002,26.300000000000004,-43.900000000000006,16
8445,141629.0,0.5,-1.0,-1.4000000000000001,-1.1,3.8000000000000003,7.300000000000001,11.900000000000002,33.9,-42.3,16
8446,141646.0,0.2,-1.6,-0.6000000000000001,-1.4000000000000001,3.2,8.0,6.1000000000000005,28.800000000000004,-40.1,16
8447,141664.0,-0.1,-1.9000000000000001,0.0,-1.9000000000000001,2.9000000000000004,8.6,15.000000000000002,9.8,-38.60000000000001,16
8448,141679.0,-0.1,-2.1,0.0,-1.9000000000000001,2.8000000000000003,8.5,24.7,0.2,-36.5,16
8449,141696.0,0.0,-2.3000000000000003,-0.8,-1.8,2.5,7.7,46.9,-16.4,-31.5,16
8450,141713.0,0.4,-2.5,-2.2,-1.5,2.6,6.1000000000000005,61.10000000000001,-27.2,-28.3,16
8451,141729.0,0.5,-2.4000000000000004,-3.0,-1.2000000000000002,2.8000000000000003,4.7,61.39999999999999,-30.599999999999998,-27.400000000000002,16
8452,141746.0,0.7000000000000001,-2.2,-3.6,-1.0,3.0,4.6000000000000005,47.5,-38.7,-26.300000000000004,16
8453,141772.0,0.6000000000000001,-1.5,-2.6,-1.0,3.8000000000000003,5.5,29.500000000000004,-50.8,-27.0,16
8454,141779.0,0.6000000000000001,-1.5,-2.6,-1.0,3.8000000000000003,5.5,23.6,-50.7,-25.4,16
8455,141796.0,0.5,-1.2000000000000002,-1.4000000000000001,-1.0,4.1000000000000005,6.7,14.400000000000002,-42.900000000000006,-18.3,16
8456,141813.0,0.4,-0.9,-0.1,-1.0,4.4,8.0,7.8,-36.5,-13.5,16
8457,141829.0,0.0,-0.7000000000000001,0.9,-1.4000000000000001,4.7,9.0,4.7,-24.599999999999998,-10.200000000000001,16
8458,141850.0,-0.30000000000000004,-0.8,1.9000000000000001,-1.6,4.6000000000000005,10.100000000000001,6.1000000000000005,-13.100000000000001,-4.1,16
8459,141864.0,-0.30000000000000004,-0.8,2.4000000000000004,-1.6,4.6000000000000005,10.5,9.700000000000001,-12.299999999999999,-2.5,16
8460,141880.0,-0.4,-0.7000000000000001,2.3000000000000003,-1.7000000000000002,4.7,10.4,21.900000000000002,-19.200000000000003,-2.2,16
8461,141896.0,-0.7000000000000001,-0.7000000000000001,1.8,-1.9000000000000001,4.800000000000001,9.9,28.3,-23.400000000000002,-1.3,16
8462,141913.0,-1.0,-0.7000000000000001,0.6000000000000001,-2.1,4.800000000000001,8.6,35.9,-26.400000000000006,2.7,16
8463,141929.0,-1.1,-0.6000000000000001,-0.7000000000000001,-2.2,5.1000000000000005,7.4,32.400000000000006,-15.299999999999999,7.200000000000001,16
8464,141946.0,-1.1,-0.4,-1.1,-2.2,5.2,6.9,26.200000000000003,-5.8,9.600000000000001,16
8465,141964.0,-1.1,-0.2,-1.3,-2.2,5.5,6.7,5.8,17.799999999999997,10.5,16
8466,141979.0,-1.6,-0.1,0.1,-2.8000000000000003,5.6000000000000005,8.1,-12.9,33.50000000000001,6.1000000000000005,16
8467,141996.0,-1.7000000000000002,-0.2,0.7000000000000001,-3.0,5.4,8.700000000000001,-14.800000000000002,37.1,4.1,16
8468,142013.0,-1.9000000000000001,-0.1,0.1,-3.3000000000000003,5.5,8.1,-14.300000000000002,37.50000000000001,1.0,16
8469,142029.0,-2.2,-0.30000000000000004,-1.0,-3.7,5.2,7.0,-32.0,33.50000000000001,3.7000000000000006,16
8470,142046.0,-2.5,-0.4,-1.4000000000000001,-4.0,5.0,6.7,-50.1,29.900000000000006,7.6,16
8471,142066.0,-2.6,-0.8,-0.6000000000000001,-4.2,4.4,7.5,-100.5,23.800000000000004,18.0,16
8472,142080.0,-2.2,-1.4000000000000001,2.3000000000000003,-3.8000000000000003,3.4000000000000004,10.700000000000001,-133.60000000000002,8.600000000000001,26.400000000000006,16
8473,142096.0,-1.7000000000000002,-1.7000000000000002,3.8000000000000003,-3.3000000000000003,3.0,12.3,-131.5,-4.7,26.1,16
8474,142113.0,-0.7000000000000001,-1.8,5.1000000000000005,-2.2,2.5,13.9,-89.10000000000001,-28.400000000000002,14.400000000000002,16
8475,142129.0,-0.4,-2.0,3.2,-1.8,2.2,12.100000000000001,-23.0,-26.000000000000004,-4.5,16
8476,142146.0,-0.4,-1.9000000000000001,1.6,-1.8,2.4000000000000004,10.5,4.5,-11.700000000000001,-13.200000000000003,16
8477,142166.0,-0.30000000000000004,-1.5,-1.5,-1.8,2.8000000000000003,7.300000000000001,36.1,31.2,-24.200000000000003,16
8478,142179.0,-0.4,-1.0,-3.9000000000000004,-2.1,3.4000000000000004,4.7,31.099999999999998,65.6,-26.1,16
8479,142196.0,-0.4,-0.8,-4.6000000000000005,-2.3000000000000003,3.5,4.1000000000000005,16.900000000000002,73.30000000000001,-23.400000000000002,16
8480,142213.0,-0.5,-0.6000000000000001,-4.800000000000001,-2.6,3.7,3.7,-22.5,68.3,-11.2,16
8481,142229.0,-0.6000000000000001,-0.6000000000000001,-3.9000000000000004,-2.8000000000000003,3.5,4.7,-61.7,43.800000000000004,8.600000000000001,16
8482,142246.0,-0.30000000000000004,-0.7000000000000001,-3.3000000000000003,-2.5,3.4000000000000004,5.300000000000001,-75.7,26.5,19.9,16
8483,142264.0,0.5,-0.7000000000000001,-2.1,-1.7000000000000002,3.1,6.6000000000000005,-89.0,-5.1000000000000005,37.6,16
8484,142279.0,1.4000000000000001,-0.5,-1.1,-0.7000000000000001,3.0,7.7,-79.5,-22.9,45.0,16
8485,142296.0,1.7000000000000002,-0.5,-0.9,-0.30000000000000004,3.0,7.9,-67.10000000000001,-25.6,43.800000000000004,16
8486,142313.0,2.1,0.0,-1.6,0.2,3.4000000000000004,7.300000000000001,-36.9,-18.4,33.800000000000004,16
8487,142329.0,2.0,0.30000000000000004,-2.2,0.0,3.9000000000000004,6.1000000000000005,-16.4,4.300000000000001,24.1,16
8488,142346.0,1.6,0.9,-3.3000000000000003,-0.30000000000000004,4.2,5.6000000000000005,-13.200000000000003,16.0,22.000000000000004,16
8489,142366.0,1.1,1.6,-3.5,-0.8,5.0,5.300000000000001,-18.700000000000003,33.2,23.900000000000006,16
8490,142379.0,0.9,2.2,-2.8000000000000003,-1.1,5.4,6.1000000000000005,-34.2,41.6,31.5,16
8491,142396.0,0.6000000000000001,2.3000000000000003,-2.1,-1.4000000000000001,5.5,6.800000000000001,-44.4,40.9,34.900000000000006,16
8492,142413.0,0.2,2.6,-0.1,-1.9000000000000001,5.7,8.8,-62.7,33.7,40.9,16
8493,142429.0,0.2,2.6,2.7,-1.9000000000000001,5.5,11.700000000000001,-65.5,17.7,45.0,16
8494,142446.0,0.2,2.5,3.8000000000000003,-1.9000000000000001,5.4,12.8,-57.1,5.500000000000001,44.6,16
8495,142466.0,0.1,2.6,4.3,-1.9000000000000001,5.4,13.4,-30.200000000000003,-21.300000000000004,41.800000000000004,16
8496,142479.0,0.5,2.7,3.7,-1.3,5.5,12.9,-5.500000000000001,-46.1,38.300000000000004,16
8497,142496.0,0.8,2.6,3.3000000000000003,-0.9,5.5,12.5,3.0,-52.900000000000006,33.1,16
8498,142513.0,0.8,2.4000000000000004,3.6,-0.7000000000000001,5.300000000000001,12.8,11.1,-53.7,17.1,16
8499,142529.0,0.6000000000000001,2.3000000000000003,4.1000000000000005,-0.8,5.300000000000001,13.3,28.700000000000003,-43.4,-1.6,16
8500,142546.0,0.5,2.6,3.3000000000000003,-0.7000000000000001,5.800000000000001,12.5,41.6,-36.5,-11.000000000000002,16
8501,142564.0,0.30000000000000004,2.9000000000000004,2.5,-1.0,6.2,11.8,60.00000000000001,-18.700000000000003,-26.300000000000004,16
8502,142580.0,-0.5,3.5,1.5,-1.7000000000000002,6.9,10.700000000000001,50.400000000000006,-1.5,-29.400000000000002,16
8503,142596.0,-0.8,3.9000000000000004,1.5,-2.1,7.4,10.700000000000001,33.2,5.9,-25.7,16
8504,142613.0,-1.2000000000000002,3.9000000000000004,3.1,-2.6,7.5,12.3,-13.3,11.000000000000002,-10.200000000000001,16
8505,142629.0,-0.2,2.4000000000000004,6.9,-1.6,5.800000000000001,16.2,-41.7,-14.700000000000001,8.3,16
8506,142646.0,0.5,1.4000000000000001,8.4,-0.8,4.800000000000001,17.7,-36.6,-42.3,10.9,16
8507,142668.0,1.5,0.30000000000000004,8.3,0.9,3.1,16.5,5.2,-85.0,-0.1,16
8508,142679.0,1.9000000000000001,-0.8,5.300000000000001,1.1,2.7,14.8,59.1,-90.19999999999999,-19.6,16
8509,142696.0,1.8,-1.1,3.5,1.3,2.5,11.200000000000001,79.9,-82.50000000000001,-30.1,16
8510,142713.0,2.0,-1.5,0.30000000000000004,1.5,2.5,9.600000000000001,103.8,-54.199999999999996,-47.900000000000006,16
8511,142729.0,1.9000000000000001,-1.6,-1.9000000000000001,1.5,2.7,7.300000000000001,104.00000000000001,-24.400000000000002,-62.50000000000001,16
8512,142746.0,1.3,-1.6,-2.4000000000000004,0.8,3.0,6.6000000000000005,85.1,-2.2,-72.4,16
8513,142765.0,0.9,-1.6,-2.1,-0.1,3.0,7.300000000000001,74.10000000000001,6.600000000000001,-74.60000000000001,16
8514,142780.0,0.0,-1.9000000000000001,-1.1,-0.7000000000000001,2.9000000000000004,7.7,60.400000000000006,22.000000000000004,-74.7,16
8515,142796.0,-0.5,-2.4000000000000004,-0.9,-1.5,2.6,7.800000000000001,58.1,25.8,-69.20000000000002,16
8516,142813.0,-0.6000000000000001,-2.6,-0.8,-1.6,2.4000000000000004,7.800000000000001,58.900000000000006,20.0,-66.0,16
8517,142829.0,-0.5,-3.2,-0.8,-1.6,1.9000000000000001,7.7,67.2,3.4,-60.6,16
8518,142846.0,-0.4,-3.8000000000000003,-1.6,-1.6,1.6,6.800000000000001,80.7,-14.5,-57.49999999999999,16
8519,142864.0,-0.30000000000000004,-4.0,-2.2,-1.6,1.4000000000000001,6.1000000000000005,86.5,-22.1,-57.00000000000001,16
8520,142880.0,-0.1,-4.2,-3.4000000000000004,-1.4000000000000001,1.4000000000000001,4.800000000000001,93.00000000000001,-26.9,-57.00000000000001,16
8521,142896.0,-0.1,-4.2,-4.1000000000000005,-1.4000000000000001,1.7000000000000002,3.9000000000000004,91.0,-18.4,-57.00000000000001,16
8522,142913.0,-0.2,-4.1000000000000005,-4.3,-1.6,1.8,3.5,87.60000000000001,-12.7,-55.8,16
8523,142929.0,0.1,-3.7,-4.5,-1.3,2.4000000000000004,3.2,74.30000000000001,-7.6,-51.0,16
8524,142946.0,0.30000000000000004,-3.3000000000000003,-4.3,-1.3,2.9000000000000004,3.1,54.699999999999996,-11.3,-46.800000000000004,16
8525,142967.0,-0.2,-2.7,-3.7,-1.8,3.6,3.6,30.599999999999998,-15.5,-38.7,16
8526,142979.0,-0.30000000000000004,-2.4000000000000004,-3.2,-1.9000000000000001,3.8000000000000003,4.2,17.400000000000002,-18.1,-32.300000000000004,16
8527,142996.0,-0.30000000000000004,-2.2,-2.5,-1.9000000000000001,4.0,4.800000000000001,4.5,-20.5,-26.1,16
8528,143013.0,-0.4,-1.8,-1.0,-2.0,4.4,6.300000000000001,-13.000000000000002,-21.1,-15.399999999999999,16
8529,143029.0,-0.4,-1.3,0.30000000000000004,-2.0,4.800000000000001,7.7,-22.6,-25.0,-8.8,16
8530,143046.0,-0.6000000000000001,-1.0,1.3,-2.1,5.0,8.700000000000001,-25.200000000000003,-36.2,-5.7,16
8531,143063.0,-0.9,-0.9,1.5,-2.6,5.1000000000000005,9.3,-25.5,-39.50000000000001,-4.300000000000001,16
8532,143079.0,-1.5,-0.8,1.9000000000000001,-2.8000000000000003,5.1000000000000005,9.5,-25.300000000000004,-32.0,2.8,16
8533,143096.0,-1.5,-0.5,1.5,-2.8000000000000003,5.300000000000001,9.1,-23.3,-9.2,12.8,16
8534,143113.0,-1.4000000000000001,-0.4,1.1,-2.7,5.4,8.8,-24.7,2.0,16.0,16
8535,143129.0,-1.5,-0.2,1.1,-2.8000000000000003,5.5,8.8,-30.1,16.0,16.700000000000003,16
8536,143146.0,-1.6,0.1,0.2,-3.0,5.800000000000001,8.0,-33.800000000000004,18.6,17.5,16
8537,143165.0,-1.8,0.7000000000000001,-1.2000000000000002,-3.1,6.2,6.7,-50.5,19.799999999999997,23.700000000000003,16
8538,143180.0,-1.8,1.0,-1.9000000000000001,-3.2,6.5,6.1000000000000005,-66.3,21.7,29.600000000000005,16
8539,143197.0,-2.1,1.2000000000000002,-2.7,-3.5,6.5,5.4,-112.20000000000002,27.400000000000002,47.400000000000006,16
8540,143213.0,-2.2,1.1,-2.4000000000000004,-3.6,6.1000000000000005,5.9,-140.6,32.6,59.20000000000001,16
8541,143229.0,-2.0,0.1,-0.2,-3.4000000000000004,4.7,8.3,-190.50000000000003,46.7,82.0,16
8542,143246.0,-0.9,-1.0,2.2,-2.4000000000000004,3.0,10.9,-210.0,53.10000000000001,90.0,16
8543,143271.0,1.2000000000000002,-0.9,6.1000000000000005,-0.30000000000000004,2.5,15.200000000000001,-187.10000000000002,33.6,75.7,16
8544,143279.0,1.9000000000000001,-0.7000000000000001,7.6000000000000005,0.4,2.5,16.8,-152.8,20.2,60.7,16
8545,143296.0,2.1,0.0,6.6000000000000005,0.6000000000000001,3.0,15.9,-59.20000000000001,7.500000000000001,26.6,16
8546,143313.0,1.8,0.30000000000000004,4.6000000000000005,-0.1,3.4000000000000004,11.9,-19.200000000000003,9.4,12.5,16
8547,143329.0,1.0,0.7000000000000001,1.1,-0.5,3.7,10.4,16.700000000000003,24.900000000000002,-4.800000000000001,16
8548,143346.0,0.5,1.0,-0.6000000000000001,-1.1,4.0,8.700000000000001,14.0,41.800000000000004,-7.6,16
8549,143364.0,0.4,1.1,-0.6000000000000001,-1.4000000000000001,4.2,8.700000000000001,6.9,43.6,-6.9,16
8550,143380.0,0.1,1.1,-0.30000000000000004,-1.7000000000000002,4.1000000000000005,9.0,-3.2,32.6,-6.0,16
8551,143396.0,-0.5,0.9,-0.1,-2.4000000000000004,4.0,9.1,5.300000000000001,12.8,1.8000000000000003,16
8552,143413.0,-0.7000000000000001,0.7000000000000001,-0.7000000000000001,-2.5,3.8000000000000003,8.5,13.900000000000002,3.9,8.0,16
8553,143429.0,-0.5,0.5,-1.3,-2.3000000000000003,3.6,7.800000000000001,33.800000000000004,-6.300000000000001,22.1,16
8554,143446.0,0.0,0.2,-2.9000000000000004,-1.8,3.5,6.300000000000001,45.099999999999994,-8.8,33.50000000000001,16
8555,143463.0,0.30000000000000004,-0.1,-3.9000000000000004,-1.4000000000000001,3.4000000000000004,5.2,42.400000000000006,-13.5,40.300000000000004,16
8556,143479.0,0.2,0.0,-4.2,-1.4000000000000001,3.5,4.800000000000001,38.0,-17.300000000000004,43.1,16
8557,143496.0,-0.2,0.30000000000000004,-4.7,-1.7000000000000002,4.0,4.3,22.2,-20.8,50.60000000000001,16
8558,143513.0,-0.4,0.7000000000000001,-4.4,-1.8,4.4,4.5,-3.5,-21.900000000000002,61.39999999999999,16
8559,143530.0,-0.7000000000000001,0.8,-3.9000000000000004,-2.0,4.5,5.0,-18.0,-20.400000000000002,65.3,16
8560,143546.0,-2.0,1.1,-2.6,-3.2,4.7,6.4,-45.3,-5.6,73.10000000000001,16
8561,143566.0,-3.2,1.2000000000000002,-1.0,-4.3,4.7,8.0,-64.7,15.399999999999999,87.00000000000001,16
8562,143579.0,-3.5,1.1,-0.30000000000000004,-4.7,4.5,8.8,-70.5,21.900000000000002,95.1,16
8563,143596.0,-3.4000000000000004,0.8,0.9,-4.5,4.0,10.0,-71.6,16.3,110.4,16
8564,143613.0,-2.7,0.7000000000000001,1.5,-3.7,3.8000000000000003,10.700000000000001,-61.8,-10.200000000000001,117.5,16
8565,143629.0,-2.2,0.7000000000000001,1.4000000000000001,-3.2,3.7,10.700000000000001,-54.1,-24.7,118.50000000000001,16
8566,143646.0,-0.8,0.6000000000000001,1.0,-1.5,3.5,10.3,-39.8,-41.0,115.20000000000002,16
8567,143667.0,1.1,0.7000000000000001,2.5,0.6000000000000001,3.6,11.8,-29.800000000000004,-32.400000000000006,90.5,16
8568,143679.0,1.6,0.8,4.0,1.2000000000000002,3.6,13.3,-17.400000000000002,-19.300000000000004,67.7,16
8569,143696.0,1.0,1.1,5.1000000000000005,0.6000000000000001,3.9000000000000004,14.5,34.300000000000004,15.700000000000001,18.700000000000003,16
8570,143713.0,0.6000000000000001,1.3,3.4000000000000004,0.1,4.4,12.700000000000001,83.30000000000001,62.50000000000001,-3.6000000000000005,16
8571,143729.0,0.4,1.1,2.6,-0.30000000000000004,4.4,11.9,94.3,82.9,-7.699999999999999,16
8572,143746.0,0.6000000000000001,1.4000000000000001,1.6,-0.4,5.0,10.700000000000001,77.9,120.50000000000001,-12.200000000000001,16
8573,143763.0,0.5,1.3,4.1000000000000005,-0.9,5.0,13.200000000000001,32.1,131.0,-12.600000000000001,16
8574,143779.0,0.7000000000000001,0.9,5.9,-1.0,4.7,15.0,23.0,117.9,-10.5,16
8575,143796.0,1.8,0.0,7.800000000000001,-0.1,3.9000000000000004,16.8,39.599999999999994,66.9,-7.200000000000001,16
8576,143813.0,3.3000000000000003,-0.6000000000000001,5.800000000000001,1.3,3.4000000000000004,14.8,82.39999999999999,10.200000000000001,-13.200000000000003,16
8577,143829.0,3.9000000000000004,-0.8,3.9000000000000004,1.9000000000000001,3.4000000000000004,12.8,95.80000000000001,-4.7,-20.1,16
8578,143846.0,4.0,-0.9,1.5,2.1,3.5,10.3,85.30000000000001,-8.4,-38.1,16
8579,143866.0,3.5,-0.6000000000000001,2.1,1.5,3.9000000000000004,10.9,59.1,8.700000000000001,-50.3,16
8580,143879.0,3.1,-0.8,2.8000000000000003,1.0,3.9000000000000004,11.5,53.300000000000004,19.0,-51.800000000000004,16
8581,143896.0,2.5,-1.2000000000000002,3.8000000000000003,0.30000000000000004,3.5,12.4,57.20000000000001,30.3,-49.9,16
8582,143913.0,2.4000000000000004,-2.0,3.5,0.0,2.9000000000000004,12.0,74.2,15.2,-46.9,16
8583,143929.0,2.2,-2.4000000000000004,2.9000000000000004,-0.1,2.6,11.3,84.3,1.0,-47.400000000000006,16
8584,143946.0,1.5,-3.1,1.3,-0.9,2.1,9.600000000000001,104.50000000000001,-27.700000000000003,-50.8,16
8585,143965.0,0.4,-3.5,-0.5,-1.9000000000000001,2.0,7.6000000000000005,121.6,-39.0,-52.00000000000001,16
8586,143983.0,-0.4,-3.6,-2.1,-2.8000000000000003,2.2,5.800000000000001,130.8,-38.300000000000004,-44.4,16
8587,143996.0,-0.6000000000000001,-3.6,-2.7,-2.9000000000000004,2.3000000000000003,5.0,133.4,-36.5,-37.300000000000004,16
8588,144013.0,-0.7000000000000001,-3.7,-4.0,-3.0,2.6,3.5,133.0,-31.5,-20.900000000000002,16
8589,144029.0,-0.9,-3.5,-4.4,-3.0,3.3000000000000003,2.6,128.3,-28.600000000000005,-11.900000000000002,16
8590,144046.0,-0.5,-3.0,-4.4,-2.7,3.7,2.6,108.7,-18.5,6.9,16
8591,144064.0,0.30000000000000004,-2.6,-3.7,-1.9000000000000001,4.2,3.1,86.2,-3.9,16.700000000000003,16
8592,144080.0,0.9,-2.0,-3.0,-1.2000000000000002,5.0,3.6,68.0,4.2,14.900000000000002,16
8593,144096.0,1.0,-1.7000000000000002,-2.4000000000000004,-1.2000000000000002,5.4,4.1000000000000005,60.900000000000006,3.1,12.299999999999999,16
8594,144113.0,0.5,-0.9,-1.7000000000000002,-1.6,6.300000000000001,4.6000000000000005,53.2,-3.0,10.200000000000001,16
8595,144129.0,0.2,-0.30000000000000004,-1.6,-1.8,7.0,4.7,41.199999999999996,-0.8,15.000000000000002,16
8596,144146.0,0.2,-0.30000000000000004,-1.4000000000000001,-1.8,7.1000000000000005,4.800000000000001,32.5,2.0,17.5,16
8597,144174.0,0.0,-0.1,0.0,-2.0,7.300000000000001,6.1000000000000005,10.8,11.3,21.1,16
8598,144181.0,0.1,-0.2,0.1,-1.9000000000000001,7.2,6.2,11.000000000000002,13.3,22.2,16
8599,144196.0,0.1,-0.30000000000000004,-0.1,-1.9000000000000001,7.1000000000000005,6.0,12.8,14.400000000000002,22.2,16
8600,144213.0,-0.1,-0.30000000000000004,-0.8,-2.1,7.2,5.2,10.0,14.700000000000001,21.0,16
8601,144229.0,-0.7000000000000001,0.0,-0.4,-2.6,7.5,5.6000000000000005,-1.6,20.1,20.7,16
8602,144246.0,-0.8,0.0,0.1,-2.7,7.5,6.1000000000000005,-5.2,25.8,21.900000000000002,16
8603,144263.0,-0.9,-0.1,1.0,-2.9000000000000004,7.4,7.0,-4.5,38.900000000000006,20.5,16
8604,144280.0,-0.6000000000000001,-0.30000000000000004,0.7000000000000001,-2.6,7.2,6.7,2.6,33.400000000000006,15.5,16
8605,144296.0,-0.5,-0.30000000000000004,0.0,-2.5,7.300000000000001,6.0,3.3000000000000007,20.599999999999998,13.000000000000002,16
8606,144313.0,-0.6000000000000001,-0.2,-0.8,-2.5,7.300000000000001,5.2,-11.000000000000002,-10.600000000000001,10.0,16
8607,144329.0,-0.2,-0.1,-2.1,-2.1,7.4,3.9000000000000004,-36.0,-37.7,13.100000000000001,16
8608,144346.0,-0.2,-0.2,-2.8000000000000003,-2.0,7.300000000000001,3.4000000000000004,-58.7,-44.8,13.8,16
8609,144363.0,-0.9,-0.6000000000000001,-2.5,-2.5,6.6000000000000005,3.9000000000000004,-123.9,-48.800000000000004,10.9,16
8610,144382.0,-2.0,-1.4000000000000001,1.7000000000000002,-3.6,5.4,8.6,-174.20000000000002,-31.799999999999997,10.9,16
8611,144396.0,-2.1,-1.9000000000000001,3.9000000000000004,-3.7,4.7,11.0,-171.50000000000003,-17.0,12.8,16
8612,144413.0,-1.6,-2.8000000000000003,5.300000000000001,-3.2,3.5,12.700000000000001,-120.3,10.5,10.700000000000001,16
8613,144429.0,-0.6000000000000001,-2.7,3.1,-2.2,3.3000000000000003,10.700000000000001,-55.3,22.6,-0.7,16
8614,144446.0,-0.30000000000000004,-2.7,1.6,-2.0,3.2,9.200000000000001,-34.300000000000004,26.799999999999997,-8.4,16
8615,144463.0,-0.5,-2.4000000000000004,-0.9,-2.3000000000000003,3.5,6.7,-20.8,32.400000000000006,-22.9,16
8616,144483.0,-0.9,-1.8,-2.3000000000000003,-2.8000000000000003,3.9000000000000004,5.4,-30.699999999999996,35.599999999999994,-24.200000000000003,16
8617,144496.0,-1.0,-1.7000000000000002,-2.6,-3.0,4.0,5.1000000000000005,-39.50000000000001,34.900000000000006,-19.300000000000004,16
8618,144512.0,-0.7000000000000001,-1.5,-2.9000000000000004,-2.8000000000000003,4.0,4.800000000000001,-59.1,26.799999999999997,-6.9,16
8619,144529.0,-0.30000000000000004,-1.3,-2.5,-2.4000000000000004,4.0,5.4,-73.5,14.700000000000001,4.0,16
8620,144546.0,-0.1,-1.2000000000000002,-2.2,-2.2,4.1000000000000005,5.7,-75.3,10.1,7.500000000000001,16
8621,144562.0,0.2,-0.7000000000000001,-1.8,-1.9000000000000001,4.3,6.2,-69.20000000000002,10.700000000000001,11.2,16
8622,144580.0,0.30000000000000004,-0.2,-1.8,-1.9000000000000001,4.7,6.300000000000001,-54.50000000000001,20.2,13.200000000000003,16
8623,144596.0,0.5,0.2,-2.1,-1.7000000000000002,5.1000000000000005,5.9,-47.400000000000006,28.1,14.300000000000002,16
8624,144613.0,1.2000000000000002,0.9,-2.6,-1.1,5.6000000000000005,5.5,-42.1,41.300000000000004,16.3,16
8625,144629.0,1.3,1.7000000000000002,-2.6,-1.1,6.300000000000001,5.5,-45.8,43.300000000000004,16.200000000000003,16
8626,144646.0,1.3,2.2,-2.5,-1.1,6.7,5.6000000000000005,-51.50000000000001,43.800000000000004,17.200000000000003,16
8627,144663.0,1.0,2.9000000000000004,-1.6,-1.5,7.4,6.6000000000000005,-70.0,38.7,20.2,16
8628,144679.0,0.30000000000000004,3.4000000000000004,0.0,-2.3000000000000003,7.7,8.200000000000001,-88.00000000000001,28.500000000000004,27.6,16
8629,144696.0,0.1,3.5,0.9,-2.4000000000000004,7.5,10.600000000000001,-94.10000000000001,23.2,33.2,16
8630,144713.0,0.4,3.3000000000000003,3.6,-2.1,7.2,12.100000000000001,-93.3,9.700000000000001,40.800000000000004,16
8631,144729.0,0.9,2.8000000000000003,5.4,-1.5,6.6000000000000005,14.0,-61.8,-14.700000000000001,35.699999999999996,16
8632,144748.0,1.2000000000000002,2.6,4.800000000000001,-1.1,6.300000000000001,13.600000000000001,-9.8,-33.800000000000004,20.8,16
8633,144772.0,1.4000000000000001,2.6,2.7,-0.8,6.4,11.4,34.400000000000006,-37.1,4.2,16
8634,144780.0,1.3,2.5,1.9000000000000001,-0.8,6.4,10.600000000000001,48.9,-32.8,-3.8,16
8635,144796.0,1.1,2.4000000000000004,1.4000000000000001,-1.0,6.4,10.100000000000001,59.5,-24.599999999999998,-11.5,16
8636,144813.0,0.7000000000000001,2.2,0.9,-1.4000000000000001,6.4,9.5,69.10000000000001,1.9,-25.6,16
8637,144829.0,0.0,1.7000000000000002,1.7000000000000002,-2.2,6.1000000000000005,10.200000000000001,72.9,29.1,-39.699999999999996,16
8638,144846.0,-0.4,1.5,2.1,-2.9000000000000004,6.1000000000000005,10.5,84.3,43.50000000000001,-47.2,16
8639,144864.0,-0.5,1.6,1.7000000000000002,-3.0,6.300000000000001,10.0,91.6,45.7,-47.5,16
8640,144880.0,-0.5,1.7000000000000002,0.4,-3.2,6.7,8.5,88.50000000000001,44.10000000000001,-43.2,16
8641,144896.0,-0.6000000000000001,2.0,0.2,-3.5,7.2,8.200000000000001,62.300000000000004,30.200000000000003,-35.9,16
8642,144913.0,-0.8,2.4000000000000004,0.5,-3.7,7.6000000000000005,8.4,47.0,23.700000000000003,-30.3,16
8643,144929.0,-1.0,2.6,1.3,-4.1000000000000005,7.9,9.1,14.100000000000001,14.800000000000002,-13.200000000000003,16
8644,144946.0,-0.7000000000000001,2.0,2.7,-3.8000000000000003,7.300000000000001,10.600000000000001,-17.7,-1.7,6.4,16
8645,144965.0,-0.2,1.4000000000000001,3.9000000000000004,-3.2,6.6000000000000005,11.8,-27.700000000000003,-16.6,14.0,16
8646,144982.0,1.1,0.2,5.6000000000000005,-1.7000000000000002,5.4,13.700000000000001,-18.200000000000003,-59.1,19.700000000000003,16
8647,144996.0,1.7000000000000002,-0.2,5.2,-0.30000000000000004,4.9,12.100000000000001,-0.8,-80.7,17.9,16
8648,145013.0,2.5,-0.5,2.5,0.1,4.800000000000001,10.600000000000001,28.900000000000002,-107.10000000000001,9.0,16
8649,145029.0,2.5,-0.6000000000000001,0.7000000000000001,0.4,4.800000000000001,8.9,35.0,-107.5,-3.6000000000000005,16
8650,145046.0,2.2,-0.6000000000000001,0.2,0.1,4.9,8.200000000000001,31.6,-86.4,-14.900000000000002,16
8651,145064.0,1.7000000000000002,-0.6000000000000001,-0.1,0.0,4.9,8.1,30.200000000000003,-72.30000000000001,-18.0,16
8652,145080.0,1.5,-1.1,0.2,0.0,4.4,8.3,29.0,-50.900000000000006,-22.2,16
8653,145096.0,1.2000000000000002,-1.8,0.6000000000000001,-0.30000000000000004,3.8000000000000003,8.8,33.50000000000001,-51.9,-32.8,16
8654,145112.0,0.8,-2.0,0.7000000000000001,-0.7000000000000001,3.7,8.8,37.400000000000006,-57.3,-39.300000000000004,16
8655,145129.0,-0.6000000000000001,-2.3000000000000003,0.5,-1.9000000000000001,3.4000000000000004,8.6,47.60000000000001,-66.3,-46.50000000000001,16
8656,145146.0,-0.8,-2.5,-0.2,-2.1,3.3000000000000003,7.800000000000001,62.199999999999996,-57.800000000000004,-43.1,16
8657,145164.0,-0.7000000000000001,-2.8000000000000003,-0.8,-1.9000000000000001,3.2,7.1000000000000005,69.20000000000002,-50.60000000000001,-41.50000000000001,16
8658,145179.0,-0.5,-3.1,-2.1,-1.7000000000000002,3.0,5.7,75.60000000000001,-43.2,-43.00000000000001,16
8659,145196.0,-0.6000000000000001,-2.9000000000000004,-3.2,-1.8,3.3000000000000003,4.4,73.9,-41.800000000000004,-43.900000000000006,16
8660,145213.0,-0.8,-2.8000000000000003,-3.7,-2.0,3.5,3.8000000000000003,69.60000000000001,-42.3,-42.1,16
8661,145229.0,-1.0,-2.3000000000000003,-4.4,-2.2,4.1000000000000005,3.0,51.70000000000001,-50.400000000000006,-34.300000000000004,16
8662,145246.0,-1.0,-1.5,-4.2,-2.0,5.0,3.1,27.9,-60.5,-21.0,16
8663,145263.0,-0.9,-1.2000000000000002,-3.9000000000000004,-1.9000000000000001,5.300000000000001,3.4000000000000004,16.4,-60.7,-13.900000000000002,16
8664,145279.0,-0.7000000000000001,-0.9,-2.7,-1.6,5.6000000000000005,4.6000000000000005,-3.0,-51.70000000000001,-2.3,16
8665,145296.0,-0.5,-0.7000000000000001,-1.1,-1.3,5.800000000000001,6.1000000000000005,-13.900000000000002,-32.8,3.2,16
8666,145313.0,-0.30000000000000004,-0.7000000000000001,-0.30000000000000004,-1.1,5.800000000000001,7.0,-15.2,-23.5,4.2,16
8667,145329.0,-0.2,-0.8,1.2000000000000002,-0.9,5.6000000000000005,8.5,-7.500000000000001,-13.8,1.1,16
8668,145346.0,-0.5,-0.7000000000000001,1.5,-1.2000000000000002,5.7,8.8,8.600000000000001,-4.800000000000001,-5.500000000000001,16
8669,145364.0,-0.8,-0.6000000000000001,1.2000000000000002,-1.5,5.9,8.6,14.800000000000002,1.7,-7.400000000000001,16
8670,145380.0,-1.0,-0.6000000000000001,0.5,-1.8,5.9,7.800000000000001,20.3,14.300000000000002,-7.699999999999999,16
8671,145396.0,-1.0,-0.7000000000000001,0.1,-1.9000000000000001,5.800000000000001,7.300000000000001,16.0,22.4,-7.300000000000001,16
8672,145412.0,-0.9,-0.7000000000000001,0.0,-1.8,5.800000000000001,7.2,12.7,25.5,-7.0,16
8673,145429.0,-0.7000000000000001,-0.6000000000000001,-0.6000000000000001,-1.7000000000000002,6.0,6.6000000000000005,1.7,27.400000000000002,-7.6,16
8674,145446.0,-1.0,-0.5,-0.7000000000000001,-2.1,6.0,6.5,-18.8,17.400000000000002,-10.700000000000001,16
8675,145469.0,-1.0,-0.30000000000000004,-0.6000000000000001,-2.1,6.1000000000000005,6.7,-39.8,9.4,-8.3,16
8676,145483.0,-1.0,-0.6000000000000001,-0.8,-2.1,5.7,6.5,-50.7,8.100000000000001,-5.2,16
8677,145496.0,-1.0,-1.0,-1.4000000000000001,-2.2,5.1000000000000005,6.1000000000000005,-83.60000000000001,6.2,0.6000000000000001,16
8678,145513.0,-1.2000000000000002,-1.2000000000000002,-1.3,-2.4000000000000004,4.800000000000001,6.300000000000001,-108.60000000000001,3.0,3.6000000000000005,16
8679,145529.0,-1.5,-1.7000000000000002,1.3,-2.6,3.9000000000000004,9.200000000000001,-161.00000000000003,-10.700000000000001,11.700000000000001,16
8680,145546.0,-1.1,-2.1,5.2,-2.2,3.0,13.4,-170.1,-36.0,14.100000000000001,16
8681,145563.0,-1.0,-2.0,6.2,-2.0,2.9000000000000004,14.700000000000001,-151.9,-47.900000000000006,10.299999999999999,16
8682,145579.0,-1.0,-1.5,5.800000000000001,-1.8,3.0,14.5,-88.4,-52.7,1.4,16
8683,145596.0,-0.9,-1.0,2.3000000000000003,-1.6,3.4000000000000004,11.100000000000001,-30.799999999999997,-27.3,-6.0,16
8684,145612.0,-0.8,-0.7000000000000001,0.6000000000000001,-1.5,3.9000000000000004,8.0,-17.200000000000003,-7.400000000000001,-7.8,16
8685,145629.0,-0.7000000000000001,-0.30000000000000004,-1.7000000000000002,-1.5,4.1000000000000005,7.1000000000000005,-16.0,30.3,-7.6,16
8686,145646.0,-0.7000000000000001,0.0,-2.5,-1.7000000000000002,4.2,6.300000000000001,-32.7,45.9,0.0,16
8687,145667.0,-0.5,-0.2,-2.2,-1.5,3.9000000000000004,6.7,-50.400000000000006,33.800000000000004,13.700000000000001,16
8688,145681.0,-0.1,-0.30000000000000004,-2.0,-1.2000000000000002,3.7,6.9,-55.0,22.3,19.799999999999997,16
8689,145696.0,0.6000000000000001,-0.4,-1.9000000000000001,-0.4,3.4000000000000004,7.0,-54.0,-1.7,25.900000000000002,16
8690,145713.0,1.2000000000000002,-0.2,-2.2,0.2,3.5,6.800000000000001,-41.0,-11.900000000000002,24.1,16
8691,145729.0,1.3,-0.1,-2.5,0.30000000000000004,3.5,6.5,-32.0,-8.0,21.1,16
8692,145746.0,1.2000000000000002,0.30000000000000004,-3.2,0.30000000000000004,3.9000000000000004,5.800000000000001,-19.300000000000004,11.900000000000002,14.600000000000001,16
8693,145762.0,1.1,0.9,-3.3000000000000003,0.1,4.4,5.7,-14.200000000000001,36.300000000000004,11.4,16
8694,145783.0,1.5,1.2000000000000002,-2.7,0.30000000000000004,4.800000000000001,6.300000000000001,-10.600000000000001,54.4,9.2,16
8695,145796.0,1.7000000000000002,1.4000000000000001,-2.1,0.5,4.9,6.800000000000001,-7.200000000000001,58.60000000000001,6.4,16
8696,145813.0,2.0,1.8,-1.6,0.6000000000000001,5.300000000000001,7.300000000000001,-0.2,55.3,-3.3000000000000007,16
8697,145829.0,1.9000000000000001,2.2,-1.3,0.4,5.800000000000001,7.6000000000000005,0.7,48.10000000000001,-9.700000000000001,16
8698,145846.0,0.6000000000000001,2.9000000000000004,-0.4,-1.0,6.4,8.4,-2.5,41.50000000000001,-16.8,16
8699,145862.0,-0.30000000000000004,3.2,0.7000000000000001,-2.1,6.800000000000001,9.5,-8.0,45.7,-13.100000000000001,16
8700,145879.0,-0.5,3.2,1.4000000000000001,-2.3000000000000003,6.800000000000001,10.200000000000001,-9.899999999999999,50.8,-9.899999999999999,16
8701,145896.0,-0.6000000000000001,2.8000000000000003,2.8000000000000003,-2.7,6.300000000000001,11.600000000000001,-8.8,53.8,-7.200000000000001,16
8702,145912.0,-1.4000000000000001,2.3000000000000003,4.2,-3.5,5.800000000000001,13.0,5.8,34.2,-8.2,16
8703,145929.0,-1.5,2.1,4.2,-3.7,5.7,13.100000000000001,18.6,16.5,-7.699999999999999,16
8704,145946.0,-1.6,1.8,3.0,-3.8000000000000003,5.5,11.8,41.0,-20.7,-5.300000000000001,16
8705,145962.0,-1.6,1.8,2.2,-3.6,5.5,10.600000000000001,44.6,-34.1,-3.4,16
8706,145980.0,-1.2000000000000002,1.5,1.7000000000000002,-3.2,5.5,10.5,39.400000000000006,-45.6,2.8,16
8707,145996.0,-0.4,1.5,1.3,-2.2,5.6000000000000005,10.100000000000001,38.1,-50.60000000000001,8.3,16
8708,146013.0,0.1,1.8,0.8,-1.7000000000000002,5.9,9.5,36.8,-51.50000000000001,10.0,16
8709,146029.0,0.4,1.7000000000000002,0.1,-1.2000000000000002,5.9,8.9,21.900000000000002,-50.1,10.700000000000001,16
8710,146046.0,0.4,2.0,-0.1,-1.1,6.2,8.700000000000001,-12.5,-43.00000000000001,10.200000000000001,16
8711,146063.0,0.0,1.5,2.7,-1.4000000000000001,5.6000000000000005,11.600000000000001,-63.599999999999994,-27.6,12.600000000000001,16
8712,146082.0,0.9,0.0,7.4,-0.30000000000000004,3.9000000000000004,16.400000000000002,-66.9,-23.900000000000006,15.2,16
8713,146096.0,1.5,-0.6000000000000001,8.200000000000001,0.30000000000000004,3.2,17.400000000000002,-40.7,-24.900000000000002,9.5,16
8714,146112.0,2.2,-0.6000000000000001,5.300000000000001,1.1,3.3000000000000003,14.5,28.500000000000004,-25.7,-10.8,16
8715,146129.0,2.0,-0.5,3.0,0.9,3.5,12.100000000000001,48.70000000000001,-27.5,-20.900000000000002,16
8716,146146.0,1.5,-0.2,-0.2,0.5,3.8000000000000003,8.9,49.4,-31.6,-31.9,16
8717,146171.0,1.4000000000000001,0.0,-1.1,0.5,4.2,7.9,21.200000000000003,-22.000000000000004,-37.300000000000004,16
8718,146179.0,1.4000000000000001,0.0,-1.1,0.5,4.2,7.9,21.200000000000003,-22.000000000000004,-37.300000000000004,16
8719,146196.0,1.1,-0.4,-0.6000000000000001,0.1,3.9000000000000004,8.4,15.399999999999999,-10.1,-41.900000000000006,16
8720,146212.0,0.5,-0.6000000000000001,-0.7000000000000001,-0.5,3.7,8.3,22.6,2.2,-46.4,16
8721,146229.0,0.2,-0.8,-0.9,-0.9,3.6,8.1,27.800000000000004,8.600000000000001,-46.7,16
8722,146246.0,-0.30000000000000004,-1.2000000000000002,-1.0,-1.5,3.2,7.9,38.800000000000004,17.5,-43.6,16
8723,146265.0,-0.30000000000000004,-1.6,-1.5,-1.5,2.9000000000000004,7.300000000000001,51.4,16.1,-38.50000000000001,16
8724,146283.0,-0.1,-2.1,-2.2,-1.4000000000000001,2.6,6.5,61.599999999999994,3.6000000000000005,-35.4,16
8725,146296.0,0.0,-2.3000000000000003,-2.6,-1.3,2.4000000000000004,6.0,65.5,-6.300000000000001,-35.4,16
8726,146313.0,0.1,-2.4000000000000004,-3.5,-1.3,2.5,5.0,69.3,-19.9,-35.699999999999996,16
8727,146329.0,0.1,-2.3000000000000003,-3.8000000000000003,-1.3,3.0,4.4,68.60000000000001,-22.6,-34.800000000000004,16
8728,146346.0,0.30000000000000004,-1.9000000000000001,-3.8000000000000003,-1.1,3.3000000000000003,4.5,63.30000000000001,-23.800000000000004,-29.200000000000003,16
8729,146363.0,0.6000000000000001,-1.4000000000000001,-3.8000000000000003,-0.8,3.9000000000000004,4.4,57.800000000000004,-27.400000000000002,-22.000000000000004,16
8730,146379.0,0.7000000000000001,-1.1,-3.9000000000000004,-0.6000000000000001,4.3,4.2,51.800000000000004,-28.0,-18.200000000000003,16
8731,146396.0,0.6000000000000001,-0.5,-3.5,-0.6000000000000001,4.9,4.5,26.200000000000003,-23.800000000000004,-8.5,16
8732,146413.0,0.4,-0.30000000000000004,-1.5,-0.8,5.1000000000000005,6.5,-6.300000000000001,-18.200000000000003,3.1,16
8733,146429.0,0.6000000000000001,-0.4,0.8,-0.5,5.0,8.8,-15.6,-13.100000000000001,9.700000000000001,16
8734,146446.0,0.7000000000000001,-0.7000000000000001,1.6,-0.4,4.7,9.600000000000001,-18.0,-1.4,20.3,16
8735,146466.0,1.0,-0.9,2.6,-0.1,4.4,10.700000000000001,-7.500000000000001,-2.1,23.3,16
8736,146479.0,0.8,-1.1,2.5,-0.2,4.3,10.600000000000001,6.1000000000000005,-3.3000000000000007,20.2,16
8737,146496.0,0.6000000000000001,-1.2000000000000002,2.3000000000000003,-0.4,4.2,10.4,10.299999999999999,-0.2,18.0,16
8738,146513.0,-0.1,-1.3,2.0,-1.1,4.1000000000000005,10.100000000000001,15.700000000000001,10.5,15.6,16
8739,146531.0,-0.2,-1.3,1.2000000000000002,-1.2000000000000002,4.2,9.3,21.300000000000004,26.000000000000004,18.5,16
8740,146547.0,-0.1,-1.1,0.8,-1.1,4.4,8.8,21.900000000000002,32.8,19.400000000000002,16
8741,146563.0,-0.1,-1.0,0.4,-1.2000000000000002,4.5,8.1,14.600000000000001,36.8,16.900000000000002,16
8742,146580.0,-0.6000000000000001,-0.5,0.1,-1.8,5.0,8.1,-1.1,27.700000000000003,12.8,16
8743,146610.0,-1.1,-0.30000000000000004,-1.0,-2.3000000000000003,5.2,7.0,-37.0,4.1,19.5,16
8744,146615.0,-1.1,-0.30000000000000004,-1.0,-2.3000000000000003,5.2,7.0,-37.0,4.1,19.5,16
8745,146630.0,-1.8,-0.6000000000000001,-0.6000000000000001,-2.9000000000000004,4.7,7.5,-85.5,-9.2,30.4,16
8746,146661.0,-1.6,-1.6,4.2,-2.6,3.1,12.700000000000001,-138.40000000000003,-7.699999999999999,46.0,16
8747,146665.0,-1.6,-1.6,4.2,-2.6,3.1,12.700000000000001,-138.40000000000003,-7.699999999999999,46.0,16
8748,146679.0,-0.30000000000000004,-2.4000000000000004,6.7,-1.2000000000000002,2.0,15.4,-108.7,-29.1,36.2,16
8749,146696.0,-0.1,-2.4000000000000004,6.4,-0.9,1.8,15.200000000000001,-78.3,-41.800000000000004,20.3,16
8750,146713.0,-0.4,-1.7000000000000002,3.4000000000000004,-1.1,2.4000000000000004,12.3,-14.700000000000001,-40.9,-12.600000000000001,16
8751,146729.0,-1.2000000000000002,-1.4000000000000001,0.1,-1.9000000000000001,2.8000000000000003,9.0,20.8,3.6000000000000005,-31.2,16
8752,146746.0,-1.5,-1.2000000000000002,-1.3,-2.3000000000000003,3.0,7.7,26.300000000000004,30.4,-35.1,16
8753,146762.0,-1.8,-0.7000000000000001,-3.1,-2.8000000000000003,3.5,5.7,14.100000000000001,70.6,-31.3,16
8754,146779.0,-1.4000000000000001,-0.7000000000000001,-3.1,-2.8000000000000003,3.4000000000000004,5.7,-13.5,84.1,-17.6,16
8755,146796.0,-1.1,-1.0,-2.8000000000000003,-2.6,3.2,6.0,-24.1,78.2,-10.299999999999999,16
8756,146812.0,-0.30000000000000004,-1.1,-2.6,-1.9000000000000001,2.9000000000000004,6.2,-32.2,54.699999999999996,0.5,16
8757,146830.0,0.4,-1.0,-2.6,-1.3,2.9000000000000004,6.1000000000000005,-28.900000000000002,32.2,3.8,16
8758,146848.0,0.6000000000000001,-0.7000000000000001,-3.3000000000000003,-1.2000000000000002,3.2,5.5,-18.5,25.1,2.5,16
8759,146871.0,0.6000000000000001,-0.2,-3.8000000000000003,-1.3,3.7,5.0,-11.700000000000001,40.4,3.3000000000000007,16
8760,146883.0,0.7000000000000001,0.1,-4.0,-1.3,3.9000000000000004,4.7,-11.000000000000002,50.900000000000006,5.2,16
8761,146896.0,0.8,0.4,-4.1000000000000005,-1.2000000000000002,4.2,4.6000000000000005,-12.4,59.60000000000001,7.9,16
8762,146912.0,1.3,0.9,-3.6,-0.9,4.7,5.0,-20.1,63.599999999999994,13.6,16
8763,146929.0,1.6,1.5,-2.7,-0.7000000000000001,5.2,5.9,-27.400000000000002,51.4,15.8,16
8764,146946.0,1.4000000000000001,2.0,-2.3000000000000003,-1.0,5.6000000000000005,6.300000000000001,-30.5,43.70000000000001,16.6,16
8765,146962.0,0.9,2.8000000000000003,-1.1,-1.6,6.4,7.5,-40.6,33.1,23.0,16
8766,146979.0,0.2,3.1,0.8,-2.3000000000000003,6.6000000000000005,9.4,-50.7,28.200000000000003,32.6,16
8767,146996.0,0.0,3.2,1.6,-2.6,6.6000000000000005,11.100000000000001,-52.900000000000006,29.0,37.50000000000001,16
8768,147012.0,0.1,3.1,3.5,-2.5,6.4,12.200000000000001,-53.400000000000006,27.099999999999998,43.50000000000001,16
8769,147029.0,0.2,2.7,5.6000000000000005,-2.3000000000000003,6.0,14.4,-33.9,3.3000000000000007,41.0,16
8770,147046.0,0.30000000000000004,2.6,5.800000000000001,-2.2,5.9,14.200000000000001,-15.5,-14.900000000000002,36.6,16
8771,147063.0,0.2,2.5,4.7,-2.2,5.9,13.5,19.9,-47.900000000000006,27.3,16
8772,147080.0,0.0,2.3000000000000003,3.5,-2.1,5.800000000000001,12.4,41.199999999999996,-62.199999999999996,18.900000000000002,16
8773,147096.0,0.1,2.1,3.4000000000000004,-2.0,5.7,12.3,49.50000000000001,-60.900000000000006,14.300000000000002,16
8774,147112.0,0.2,1.6,2.7,-1.6,5.4,11.600000000000001,65.89999999999999,-47.900000000000006,0.2,16
8775,147129.0,0.0,1.4000000000000001,2.2,-1.8,5.4,11.0,78.3,-36.5,-16.8,16
8776,147146.0,-0.1,1.4000000000000001,1.6,-1.9000000000000001,5.6000000000000005,10.4,84.69999999999999,-32.1,-22.3,16
8777,147165.0,-0.30000000000000004,1.6,0.4,-2.0,6.0,9.1,86.2,-18.700000000000003,-26.200000000000003,16
8778,147179.0,-0.6000000000000001,1.9000000000000001,0.0,-2.3000000000000003,6.5,8.5,67.7,-6.300000000000001,-24.7,16
8779,147196.0,-0.6000000000000001,2.2,0.30000000000000004,-2.4000000000000004,7.0,8.8,37.50000000000001,9.3,-18.3,16
8780,147212.0,-0.7000000000000001,2.0,0.9,-2.5,6.9,9.3,19.9,14.900000000000002,-13.900000000000002,16
8781,147229.0,-0.30000000000000004,1.2000000000000002,2.4000000000000004,-2.2,6.1000000000000005,10.9,-7.500000000000001,10.9,-4.1,16
8782,147246.0,0.7000000000000001,0.1,4.2,-1.2000000000000002,4.9,12.8,-11.000000000000002,-12.600000000000001,-2.2,16
8783,147263.0,1.1,-0.4,4.5,-0.7000000000000001,4.4,13.100000000000001,-0.8,-27.6,-5.500000000000001,16
8784,147280.0,1.6,-0.5,3.1,-0.1,4.3,11.700000000000001,26.700000000000003,-46.300000000000004,-16.200000000000003,16
8785,147296.0,1.5,-0.5,1.0,-0.1,4.4,9.600000000000001,37.300000000000004,-46.4,-22.3,16
8786,147313.0,1.6,-0.5,0.5,0.1,4.5,9.0,35.599999999999994,-43.1,-23.800000000000004,16
8787,147329.0,1.6,-0.7000000000000001,0.0,0.2,4.3,8.6,30.200000000000003,-33.1,-29.0,16
8788,147346.0,1.2000000000000002,-1.1,-0.8,-0.2,4.1000000000000005,7.7,27.5,-24.900000000000002,-34.800000000000004,16
8789,147365.0,0.7000000000000001,-1.4000000000000001,-1.3,-0.7000000000000001,3.8000000000000003,7.1000000000000005,24.400000000000002,-22.2,-36.0,16
8790,147383.0,0.5,-1.6,-1.4000000000000001,-0.9,3.6,7.0,17.1,-22.000000000000004,-36.0,16
8791,147396.0,0.30000000000000004,-2.1,-1.5,-1.2000000000000002,3.1,6.9,15.8,-25.7,-34.7,16
8792,147412.0,0.2,-2.3000000000000003,-1.6,-1.2000000000000002,2.9000000000000004,6.800000000000001,17.1,-28.400000000000002,-34.1,16
8793,147429.0,0.2,-2.5,-1.9000000000000001,-1.1,2.7,6.5,24.400000000000002,-33.50000000000001,-33.50000000000001,16
8794,147446.0,0.0,-2.5,-2.7,-1.3,2.8000000000000003,5.6000000000000005,31.400000000000002,-33.7,-33.0,16
8795,147472.0,0.1,-2.4000000000000004,-3.6,-1.2000000000000002,2.9000000000000004,4.6000000000000005,29.0,-30.5,-29.1,16
8796,147479.0,0.30000000000000004,-2.3000000000000003,-3.8000000000000003,-1.0,3.0,4.4,23.800000000000004,-26.799999999999997,-27.400000000000002,16
8797,147496.0,0.5,-2.2,-3.3000000000000003,-0.8,3.1,4.800000000000001,13.000000000000002,-16.200000000000003,-26.400000000000006,16
8798,147513.0,0.6000000000000001,-2.1,-2.9000000000000004,-0.6000000000000001,3.2,5.300000000000001,9.3,-10.0,-26.300000000000004,16
8799,147529.0,0.9,-1.9000000000000001,-1.9000000000000001,-0.4,3.4000000000000004,6.2,7.699999999999999,-1.1,-27.6,16
8800,147546.0,0.8,-1.6,-1.4000000000000001,-0.6000000000000001,3.7,6.6000000000000005,7.6,0.5,-32.0,16
8801,147562.0,0.6000000000000001,-1.4000000000000001,-1.2000000000000002,-0.8,4.0,6.800000000000001,5.500000000000001,-1.5,-32.9,16
8802,147579.0,0.0,-0.8,-0.30000000000000004,-1.4000000000000001,4.5,7.7,-0.5,-6.699999999999999,-31.400000000000002,16
8803,147596.0,-0.4,-0.6000000000000001,0.6000000000000001,-1.9000000000000001,4.7,8.700000000000001,-0.5,-8.100000000000001,-22.6,16
8804,147612.0,-0.4,-0.4,0.9,-1.8,4.9,8.9,1.2000000000000002,-9.600000000000001,-17.6,16
8805,147629.0,-0.30000000000000004,-0.1,1.0,-1.8,5.1000000000000005,9.1,3.8,-12.8,-8.8,16
8806,147646.0,-0.2,-0.1,0.7000000000000001,-1.6,5.2,8.8,5.2,-22.9,-2.4000000000000004,16
8807,147662.0,-0.2,-0.1,0.6000000000000001,-1.5,5.2,8.700000000000001,5.2,-30.1,-1.1,16
8808,147680.0,-0.6000000000000001,0.0,0.1,-1.8,5.4,8.200000000000001,4.2,-38.900000000000006,0.1,16
8809,147696.0,-1.0,0.30000000000000004,-0.30000000000000004,-2.2,5.6000000000000005,7.800000000000001,0.8,-31.0,5.300000000000001,16
8810,147713.0,-1.2000000000000002,0.30000000000000004,-0.5,-2.3000000000000003,5.7,7.4,-2.1,-21.6,8.899999999999999,16
8811,147729.0,-1.2000000000000002,0.5,-0.8,-2.3000000000000003,5.800000000000001,7.4,-14.700000000000001,-0.2,14.700000000000001,16
8812,147746.0,-1.4000000000000001,0.6000000000000001,-0.2,-2.5,5.800000000000001,8.0,-31.5,7.200000000000001,14.900000000000002,16
8813,147764.0,-1.6,0.5,0.30000000000000004,-2.7,5.6000000000000005,8.6,-37.300000000000004,6.600000000000001,14.5,16
8814,147781.0,-1.6,0.5,0.5,-2.7,5.5,8.8,-45.8,2.1,16.4,16
8815,147796.0,-1.6,0.1,0.5,-2.7,5.0,8.9,-55.0,4.9,18.1,16
8816,147813.0,-1.5,-0.2,0.2,-2.6,4.6000000000000005,8.6,-78.3,15.700000000000001,18.3,16
8817,147829.0,-1.7000000000000002,-0.4,0.8,-2.9000000000000004,4.2,9.4,-97.8,20.400000000000002,17.200000000000003,16
8818,147846.0,-1.7000000000000002,-0.9,4.0,-2.9000000000000004,3.4000000000000004,12.700000000000001,-121.2,17.9,14.900000000000002,16
8819,147863.0,-1.4000000000000001,-1.1,5.4,-2.6,3.0,14.3,-113.4,12.8,10.700000000000001,16
8820,147881.0,-1.0,-1.1,6.1000000000000005,-2.3000000000000003,2.7,15.100000000000001,-62.199999999999996,4.9,-4.9,16
8821,147896.0,-0.8,-0.8,3.2,-2.1,2.9000000000000004,12.3,3.3000000000000007,13.8,-18.0,16
8822,147912.0,-0.5,-0.5,-0.30000000000000004,-2.0,3.3000000000000003,8.700000000000001,37.2,39.8,-26.700000000000003,16
8823,147929.0,-0.5,-0.4,-1.5,-2.0,3.5,7.5,40.7,53.9,-29.0,16
8824,147946.0,-0.4,0.0,-2.9000000000000004,-2.2,4.0,5.9,31.0,78.5,-28.0,16
8825,147965.0,-0.5,0.0,-3.1,-2.6,4.1000000000000005,5.6000000000000005,10.5,91.30000000000001,-18.700000000000003,16
8826,147980.0,-0.5,0.0,-3.1,-2.7,4.0,5.6000000000000005,-0.30000000000000004,90.5,-11.3,16
8827,147996.0,-0.2,-0.2,-3.0,-2.7,3.7,5.7,-22.700000000000003,74.4,5.7,16
8828,148013.0,0.2,-0.4,-2.4000000000000004,-2.4000000000000004,3.5,6.2,-41.199999999999996,40.1,22.6,16
8829,148029.0,0.5,-0.4,-2.1,-2.1,3.4000000000000004,6.5,-44.5,22.2,29.900000000000006,16
8830,148046.0,1.1,-0.5,-2.1,-1.5,3.2,6.6000000000000005,-39.50000000000001,-5.1000000000000005,38.1,16
8831,148065.0,1.2000000000000002,-0.30000000000000004,-2.4000000000000004,-1.3,3.4000000000000004,6.300000000000001,-25.900000000000002,-12.4,40.1,16
8832,148080.0,1.2000000000000002,-0.1,-2.7,-1.2000000000000002,3.5,6.0,-18.5,-7.200000000000001,40.800000000000004,16
8833,148096.0,1.4000000000000001,0.1,-3.4000000000000004,-1.0,3.8000000000000003,5.2,-9.4,11.6,44.10000000000001,16
8834,148112.0,1.6,0.4,-3.3000000000000003,-0.8,4.1000000000000005,5.4,-11.900000000000002,24.1,44.9,16
8835,148129.0,1.6,0.7000000000000001,-2.9000000000000004,-0.8,4.4,5.800000000000001,-14.5,25.0,45.099999999999994,16
8836,148146.0,1.5,1.1,-1.9000000000000001,-0.9,4.800000000000001,6.800000000000001,-19.6,21.200000000000003,43.6,16
8837,148162.0,0.7000000000000001,1.8,-0.8,-1.6,5.4,7.9,-26.300000000000004,16.200000000000003,40.5,16
8838,148180.0,0.1,2.0,-0.1,-2.3000000000000003,5.6000000000000005,8.5,-32.5,15.000000000000002,40.7,16
8839,148196.0,-0.8,2.1,1.9000000000000001,-3.2,5.6000000000000005,10.600000000000001,-45.099999999999994,-1.3,47.1,16
8840,148212.0,-0.9,1.9000000000000001,3.6,-3.1,5.4,12.4,-39.2,-30.699999999999996,53.300000000000004,16
8841,148229.0,-0.7000000000000001,1.8,4.1000000000000005,-2.8000000000000003,5.300000000000001,13.0,-29.800000000000004,-46.800000000000004,54.199999999999996,16
8842,148246.0,0.1,1.7000000000000002,4.3,-1.7000000000000002,5.1000000000000005,13.200000000000001,-3.6000000000000005,-81.10000000000001,45.400000000000006,16
8843,148262.0,0.2,1.7000000000000002,3.5,-1.3,5.2,12.5,23.3,-92.90000000000002,29.800000000000004,16
8844,148280.0,0.30000000000000004,1.6,3.1,-0.9,5.300000000000001,11.700000000000001,33.9,-88.8,21.6,16
8845,148296.0,0.30000000000000004,1.5,2.3000000000000003,-0.8,5.300000000000001,11.3,46.7,-70.8,3.4,16
8846,148312.0,0.5,1.5,2.2,-0.5,5.4,11.200000000000001,50.60000000000001,-48.10000000000001,-17.200000000000003,16
8847,148329.0,0.4,1.5,2.5,-0.5,5.5,11.4,55.3,-38.50000000000001,-29.200000000000003,16
8848,148346.0,-0.1,1.8,1.8,-1.0,6.0,10.700000000000001,75.7,-11.6,-47.900000000000006,16
8849,148367.0,-0.7000000000000001,2.3000000000000003,0.1,-1.7000000000000002,6.800000000000001,8.9,79.00000000000001,21.300000000000004,-48.800000000000004,16
8850,148383.0,-0.9,2.9000000000000004,-0.6000000000000001,-2.1,7.5,8.1,57.60000000000001,36.400000000000006,-38.400000000000006,16
8851,148396.0,-1.0,3.0,-0.7000000000000001,-2.3000000000000003,7.7,7.9,40.9,39.599999999999994,-30.599999999999998,16
8852,148412.0,-0.9,2.3000000000000003,0.30000000000000004,-2.3000000000000003,7.1000000000000005,8.9,3.9,32.300000000000004,-12.100000000000001,16
8853,148429.0,-0.5,1.9000000000000001,0.9,-1.9000000000000001,6.6000000000000005,9.5,-9.100000000000001,22.2,-3.9,16
8854,148446.0,0.7000000000000001,0.8,2.2,-0.8,5.6000000000000005,10.9,-19.0,3.2,4.6,16
8855,148465.0,1.6,0.1,2.1,0.1,4.800000000000001,10.700000000000001,-3.4,-11.3,1.8000000000000003,16
8856,148479.0,1.9000000000000001,0.0,1.2000000000000002,0.4,4.7,9.0,5.2,-13.700000000000001,-1.9,16
8857,148496.0,1.7000000000000002,0.0,-0.30000000000000004,0.30000000000000004,4.7,8.3,8.600000000000001,-12.5,-7.0,16
8858,148513.0,1.7000000000000002,0.0,-0.5,0.4,4.800000000000001,8.1,-0.9000000000000001,2.5,-4.300000000000001,16
8859,148529.0,1.9000000000000001,0.0,-0.2,0.6000000000000001,4.5,9.0,-6.4,14.0,-2.5,16
8860,148546.0,2.1,-0.6000000000000001,1.1,0.6000000000000001,4.1000000000000005,9.700000000000001,-12.8,30.9,-3.5,16
8861,148562.0,2.1,-1.2000000000000002,2.6,0.6000000000000001,3.5,11.3,-6.4,28.800000000000004,-14.900000000000002,16
8862,148579.0,1.9000000000000001,-1.6,3.1,0.0,2.8000000000000003,12.0,4.0,23.800000000000004,-22.700000000000003,16
8863,148596.0,1.2000000000000002,-2.2,3.1,-0.5,2.5,11.8,36.5,9.4,-38.60000000000001,16
8864,148612.0,0.5,-2.4000000000000004,1.8,-1.2000000000000002,2.4000000000000004,10.3,67.7,-5.7,-49.800000000000004,16
8865,148629.0,0.0,-2.6,0.0,-1.8,2.5,8.4,78.2,-11.1,-52.00000000000001,16
8866,148646.0,0.0,-2.7,-0.8,-1.8,2.4000000000000004,7.5,91.0,-18.4,-50.0,16
8867,148669.0,0.2,-2.9000000000000004,-2.3000000000000003,-1.5,2.5,5.1000000000000005,93.3,-26.9,-46.4,16
8868,148680.0,0.4,-2.9000000000000004,-3.5,-1.4000000000000001,2.6,4.5,85.5,-37.0,-43.900000000000006,16
8869,148696.0,0.4,-2.9000000000000004,-3.8000000000000003,-1.4000000000000001,2.8000000000000003,4.1000000000000005,78.80000000000001,-41.4,-43.2,16
8870,148712.0,0.2,-2.7,-4.3,-1.6,3.1,3.5,62.6,-47.60000000000001,-40.300000000000004,16
8871,148729.0,0.1,-2.2,-4.5,-1.6,3.7,3.2,40.1,-48.400000000000006,-32.1,16
8872,148746.0,0.1,-1.9000000000000001,-4.2,-1.5,4.0,3.5,28.3,-45.9,-27.099999999999998,16
8873,148766.0,0.2,-1.6,-3.3000000000000003,-1.4000000000000001,4.3,4.3,9.3,-30.5,-17.300000000000004,16
8874,148781.0,0.1,-1.3,-2.5,-1.5,4.5,5.1000000000000005,-6.300000000000001,-11.900000000000002,-11.1,16
8875,148796.0,-0.1,-1.1,-2.0,-1.7000000000000002,4.800000000000001,5.6000000000000005,-13.8,-4.7,-8.700000000000001,16
8876,148813.0,-0.4,-0.6000000000000001,-1.0,-2.0,5.1000000000000005,6.6000000000000005,-25.6,8.4,-1.0,16
8877,148829.0,-0.7000000000000001,-0.5,-0.1,-2.3000000000000003,5.2,7.6000000000000005,-33.0,11.1,5.8,16
8878,148846.0,-0.9,-0.5,0.4,-2.6,5.1000000000000005,8.1,-37.1,7.1000000000000005,7.300000000000001,16
8879,148862.0,-1.4000000000000001,-0.4,1.4000000000000001,-3.0,5.2,9.3,-41.199999999999996,-2.0,12.4,16
8880,148879.0,-1.7000000000000002,-0.30000000000000004,1.9000000000000001,-3.3000000000000003,5.1000000000000005,9.8,-37.300000000000004,-3.1,21.400000000000002,16
8881,148896.0,-1.7000000000000002,-0.30000000000000004,1.9000000000000001,-3.3000000000000003,5.1000000000000005,9.8,-34.60000000000001,-2.1,25.900000000000002,16
8882,148913.0,-1.6,-0.1,1.7000000000000002,-3.1,5.2,9.700000000000001,-33.800000000000004,0.9000000000000001,30.9,16
8883,148929.0,-1.4000000000000001,-0.1,1.9000000000000001,-2.9000000000000004,5.2,10.0,-34.900000000000006,2.7,31.0,16
8884,148946.0,-1.3,-0.1,1.9000000000000001,-2.8000000000000003,5.1000000000000005,10.100000000000001,-33.7,6.1000000000000005,29.700000000000006,16
8885,148966.0,-1.3,-0.30000000000000004,1.6,-2.8000000000000003,4.800000000000001,9.8,-31.400000000000002,13.6,25.4,16
8886,148979.0,-1.5,-0.30000000000000004,0.30000000000000004,-3.0,4.7,8.6,-38.0,25.4,23.099999999999998,16
8887,148996.0,-1.7000000000000002,-0.30000000000000004,-0.4,-3.2,4.7,7.9,-52.00000000000001,31.400000000000002,24.400000000000002,16
8888,149012.0,-2.0,-0.6000000000000001,0.0,-3.6,4.1000000000000005,8.4,-99.30000000000001,38.7,28.900000000000002,16
8889,149029.0,-2.0,-1.3,2.8000000000000003,-3.7,3.0,11.4,-131.6,32.0,35.4,16
8890,149046.0,-1.5,-1.6,4.0,-3.2,2.5,12.700000000000001,-129.10000000000002,22.1,35.8,16
8891,149063.0,-0.5,-1.7000000000000002,4.7,-2.2,2.2,13.600000000000001,-90.4,3.2,23.800000000000004,16
8892,149079.0,-0.1,-1.4000000000000001,2.6,-1.8,2.3000000000000003,11.600000000000001,-33.50000000000001,11.3,4.2,16
8893,149096.0,-0.1,-1.2000000000000002,1.1,-1.8,2.5,10.100000000000001,-11.6,26.200000000000003,-4.6,16
8894,149112.0,-0.4,-0.8,-1.3,-2.4000000000000004,2.8000000000000003,7.7,8.8,68.60000000000001,-15.399999999999999,16
8895,149129.0,-0.4,-0.30000000000000004,-2.6,-2.6,3.4000000000000004,6.2,3.3000000000000007,106.80000000000001,-12.600000000000001,16
8896,149147.0,-0.1,-0.30000000000000004,-2.8000000000000003,-2.5,3.3000000000000003,6.0,-4.7,119.49999999999999,-7.6,16
8897,149166.0,0.4,-0.5,-2.6,-2.2,3.0,6.1000000000000005,-22.3,121.5,3.1,16
8898,149179.0,1.2000000000000002,-0.5,-2.4000000000000004,-1.9000000000000001,3.0,6.2,-34.7,86.60000000000001,12.100000000000001,16
8899,149196.0,1.5,-0.4,-2.4000000000000004,-1.4000000000000001,3.0,6.2,-38.0,64.2,16.0,16
8900,149212.0,2.0,-0.4,-2.5,-1.2000000000000002,2.9000000000000004,6.1000000000000005,-39.599999999999994,21.900000000000002,22.700000000000003,16
8901,149229.0,2.4000000000000004,0.1,-2.9000000000000004,-0.8,3.3000000000000003,5.7,-37.300000000000004,-8.8,25.0,16
8902,149246.0,2.3000000000000003,0.30000000000000004,-3.0,-0.8,3.7,5.4,-35.699999999999996,-11.900000000000002,26.5,16
8903,149269.0,2.5,1.0,-3.2,-0.6000000000000001,4.2,5.4,-33.0,10.299999999999999,33.1,16
8904,149282.0,2.6,1.3,-2.9000000000000004,-0.4,4.4,5.7,-35.4,20.599999999999998,34.0,16
8905,149296.0,2.7,1.6,-2.5,-0.4,4.9,6.6000000000000005,-38.7,28.900000000000002,34.2,16
8906,149312.0,2.7,2.2,-1.5,-0.4,5.2,7.1000000000000005,-47.80000000000001,29.900000000000006,32.5,16
8907,149329.0,2.1,2.6,0.4,-1.0,5.4,9.0,-59.5,14.600000000000001,24.1,16
8908,149346.0,0.6000000000000001,2.9000000000000004,2.5,-2.5,5.6000000000000005,11.200000000000001,-62.7,4.2,19.9,16
8909,149362.0,-0.2,3.1,3.7,-3.3000000000000003,5.7,12.5,-59.5,-13.900000000000002,18.6,16
8910,149379.0,-0.8,3.0,5.5,-3.7,5.6000000000000005,14.4,-31.799999999999997,-29.900000000000006,27.0,16
8911,149396.0,-0.5,2.5,5.2,-3.3000000000000003,5.1000000000000005,14.200000000000001,11.2,-50.60000000000001,25.7,16
8912,149412.0,-0.4,2.3000000000000003,4.5,-3.1,5.1000000000000005,13.5,30.3,-60.5,19.5,16
8913,149429.0,-1.1,2.0,3.2,-3.6,4.800000000000001,12.3,58.400000000000006,-65.0,2.2,16
8914,149446.0,-1.8,1.8,2.3000000000000003,-4.2,4.9,11.4,74.80000000000001,-53.599999999999994,-12.0,16
8915,149462.0,-2.2,1.6,2.2,-4.5,4.9,11.200000000000001,78.80000000000001,-41.6,-16.8,16
8916,149479.0,-2.4000000000000004,1.2000000000000002,2.1,-4.7,4.7,11.100000000000001,83.30000000000001,-15.5,-22.6,16
8917,149496.0,-2.1,0.6000000000000001,2.0,-4.4,4.3,10.9,92.8,-1.1,-28.900000000000002,16
8918,149512.0,-1.8,0.8,1.4000000000000001,-4.2,4.7,10.200000000000001,100.1,2.2,-31.9,16
8919,149529.0,-1.3,1.5,-0.7000000000000001,-3.7,5.7,8.0,99.60000000000001,11.700000000000001,-30.4,16
8920,149546.0,-1.1,2.1,-1.2000000000000002,-3.7,6.5,7.300000000000001,86.8,17.0,-29.1,16
8921,149569.0,-1.3,2.7,-0.5,-4.0,7.300000000000001,7.9,29.300000000000004,24.0,-19.799999999999997,16
8922,149579.0,-1.5,2.6,0.4,-4.3,7.1000000000000005,8.8,10.8,26.9,-12.200000000000001,16
8923,149596.0,-1.1,1.9000000000000001,1.5,-3.9000000000000004,6.5,9.9,-12.4,25.8,7.699999999999999,16
8924,149612.0,-0.30000000000000004,1.3,2.2,-3.1,5.9,10.600000000000001,-19.1,18.0,16.200000000000003,16
8925,149629.0,1.4000000000000001,0.5,3.6,-1.3,5.1000000000000005,12.100000000000001,-13.000000000000002,-11.2,21.6,16
8926,149646.0,2.6,0.5,2.8000000000000003,0.0,5.1000000000000005,11.4,11.4,-38.50000000000001,15.299999999999999,16
8927,149665.0,3.0,0.6000000000000001,1.4000000000000001,0.6000000000000001,5.2,10.0,25.300000000000004,-53.400000000000006,3.7000000000000006,16
8928,149679.0,3.0,0.7000000000000001,1.0,0.7000000000000001,5.4,9.5,26.000000000000004,-53.10000000000001,-3.3000000000000007,16
8929,149696.0,2.5,0.7000000000000001,1.0,0.30000000000000004,5.4,9.600000000000001,23.800000000000004,-37.2,-17.6,16
8930,149713.0,2.1,0.6000000000000001,1.1,-0.1,5.4,9.700000000000001,25.5,-25.8,-22.1,16
8931,149729.0,1.6,0.1,0.9,-0.6000000000000001,4.9,9.4,33.400000000000006,-7.1000000000000005,-24.3,16
8932,149746.0,1.3,-1.0,1.1,-0.9,4.0,9.5,41.50000000000001,-7.9,-26.300000000000004,16
8933,149762.0,1.3,-1.4000000000000001,1.2000000000000002,-0.9,3.6,9.600000000000001,46.7,-16.900000000000002,-28.400000000000002,16
8934,149779.0,1.0,-2.1,1.3,-1.1,3.0,9.600000000000001,62.300000000000004,-40.7,-34.2,16
8935,149796.0,0.8,-2.7,0.4,-1.3,2.6,8.700000000000001,80.7,-56.10000000000001,-39.50000000000001,16
8936,149814.0,0.8,-3.0,-0.1,-1.2000000000000002,2.2,7.5,88.50000000000001,-60.2,-41.7,16
8937,149829.0,0.8,-3.5,-1.3,-1.1,2.1,6.800000000000001,99.7,-59.60000000000001,-46.6,16
8938,149846.0,0.7000000000000001,-3.6,-2.5,-1.1,2.2,5.4,101.30000000000001,-57.699999999999996,-51.6,16
8939,149868.0,0.7000000000000001,-3.3000000000000003,-3.3000000000000003,-1.1,2.7,4.4,92.39999999999999,-58.0,-53.300000000000004,16
8940,149879.0,0.7000000000000001,-3.1,-3.6,-1.1,3.0,4.0,85.20000000000002,-58.800000000000004,-52.60000000000001,16
8941,149896.0,0.7000000000000001,-2.7,-3.7,-1.0,3.5,3.8000000000000003,64.10000000000001,-59.1,-49.199999999999996,16
8942,149912.0,0.6000000000000001,-2.6,-3.2,-1.0,3.7,4.2,52.5,-58.0,-47.5,16
8943,149929.0,0.9,-2.4000000000000004,-1.8,-0.7000000000000001,4.0,5.5,34.300000000000004,-49.50000000000001,-45.9,16
8944,149946.0,1.0,-2.3000000000000003,-0.5,-0.6000000000000001,4.1000000000000005,6.800000000000001,23.900000000000006,-31.7,-53.300000000000004,16
8945,149962.0,0.8,-2.1,0.1,-0.9,4.3,7.300000000000001,22.6,-22.6,-57.699999999999996,16
8946,149979.0,-0.1,-1.8,0.6000000000000001,-1.9000000000000001,4.5,7.800000000000001,27.099999999999998,-6.8,-60.7,16
8947,149996.0,-0.9,-1.5,0.30000000000000004,-2.9000000000000004,4.9,7.5,29.800000000000004,4.9,-55.0,16
8948,150012.0,-1.3,-1.4000000000000001,0.0,-3.7,5.2,6.800000000000001,27.6,8.4,-48.6,16
8949,150029.0,-1.7000000000000002,-1.1,-0.6000000000000001,-3.9000000000000004,5.300000000000001,6.5,14.600000000000001,9.600000000000001,-31.3,16
8950,150046.0,-2.0,-0.9,-1.1,-4.2,5.5,6.0,-9.4,1.4,-13.3,16
8951,150064.0,-2.0,-0.6000000000000001,-0.4,-4.1000000000000005,5.7,6.800000000000001,-38.50000000000001,-15.299999999999999,0.5,16
8952,150079.0,-1.9000000000000001,-0.30000000000000004,0.4,-4.1000000000000005,5.9,7.6000000000000005,-48.6,-22.1,3.7000000000000006,16
8953,150096.0,-2.2,-0.2,1.6,-4.3,5.9,9.0,-48.2,-21.8,5.500000000000001,16
8954,150112.0,-2.0,0.4,1.0,-4.1000000000000005,6.5,8.5,-36.7,-4.1,6.699999999999999,16
8955,150129.0,-2.1,0.6000000000000001,0.4,-4.2,6.6000000000000005,7.9,-36.8,8.5,6.8,16
8956,150146.0,-2.6,1.2000000000000002,-0.7000000000000001,-4.7,7.0,6.9,-54.4,24.400000000000002,14.900000000000002,16
8957,150163.0,-3.0,0.9,-0.30000000000000004,-5.1000000000000005,6.6000000000000005,7.300000000000001,-94.10000000000001,26.9,36.6,16
8958,150180.0,-2.8000000000000003,0.30000000000000004,0.5,-5.0,5.9,8.3,-113.7,21.1,49.1,16
8959,150196.0,-1.7000000000000002,-0.8,2.5,-3.8000000000000003,4.4,10.600000000000001,-132.4,-0.8,69.00000000000001,16
8960,150212.0,-0.6000000000000001,-1.4000000000000001,3.6,-2.5,3.6,11.9,-113.2,-24.599999999999998,75.60000000000001,16
8961,150229.0,-0.1,-1.6,3.4000000000000004,-1.8,3.3000000000000003,11.9,-93.89999999999999,-34.1,75.2,16
8962,150246.0,1.0,-1.8,2.1,-0.5,2.9000000000000004,10.700000000000001,-51.50000000000001,-45.099999999999994,62.6,16
8963,150262.0,0.8,-1.4000000000000001,0.0,-0.5,3.2,8.6,-23.0,-36.5,41.900000000000006,16
8964,150279.0,0.6000000000000001,-1.3,-1.0,-0.7000000000000001,3.3000000000000003,7.7,-18.0,-30.4,34.400000000000006,16
8965,150296.0,0.1,-0.8,-1.8,-1.0,3.7,6.9,-21.6,-14.100000000000001,25.300000000000004,16
8966,150312.0,0.0,-0.6000000000000001,-1.7000000000000002,-1.2000000000000002,3.9000000000000004,7.0,-29.600000000000005,6.600000000000001,20.1,16
8967,150329.0,-0.1,-0.6000000000000001,-1.2000000000000002,-1.2000000000000002,3.8000000000000003,7.5,-32.2,16.0,16.6,16
8968,150346.0,-0.2,-0.5,-0.6000000000000001,-1.4000000000000001,3.8000000000000003,8.200000000000001,-23.099999999999998,30.3,11.1,16
8969,150362.0,-0.30000000000000004,-0.5,-0.7000000000000001,-1.6,3.7,7.7,-5.2,32.7,9.2,16
8970,150379.0,-0.2,-0.5,-1.5,-1.6,3.8000000000000003,7.2,2.8,29.900000000000006,9.600000000000001,16
8971,150396.0,0.0,-0.4,-2.6,-1.4000000000000001,3.9000000000000004,6.1000000000000005,13.3,24.400000000000002,11.2,16
8972,150412.0,0.1,-0.30000000000000004,-3.2,-1.4000000000000001,4.1000000000000005,5.4,17.1,22.1,13.200000000000003,16
8973,150429.0,-0.1,-0.1,-3.5,-1.5,4.3,5.1000000000000005,17.5,23.400000000000002,14.900000000000002,16
8974,150446.0,-0.2,0.5,-3.9000000000000004,-1.7000000000000002,5.0,4.6000000000000005,15.000000000000002,30.799999999999997,22.8,16
8975,150464.0,-0.2,1.2000000000000002,-4.4,-1.8,5.6000000000000005,4.0,1.1,39.1,33.0,16
8976,150482.0,-0.30000000000000004,1.8,-3.4000000000000004,-2.0,6.300000000000001,5.0,-27.6,40.9,45.6,16
8977,150496.0,-0.4,1.9000000000000001,-2.5,-2.1,6.4,6.0,-40.300000000000004,39.50000000000001,53.0,16
8978,150512.0,-0.6000000000000001,2.1,-1.1,-2.2,6.4,7.4,-57.400000000000006,32.400000000000006,67.5,16
8979,150529.0,-0.7000000000000001,2.1,-0.6000000000000001,-2.3000000000000003,6.300000000000001,7.9,-65.2,23.2,74.7,16
8980,150546.0,-0.8,2.1,1.1,-2.4000000000000004,6.2,9.700000000000001,-78.3,-8.100000000000001,90.19999999999999,16
8981,150562.0,0.0,2.0,2.3000000000000003,-1.4000000000000001,6.0,11.100000000000001,-71.19999999999999,-38.800000000000004,104.80000000000001,16
8982,150580.0,0.6000000000000001,2.1,2.3000000000000003,0.1,5.9,11.100000000000001,-63.0,-54.4,106.60000000000001,16
8983,150596.0,1.4000000000000001,2.2,2.3000000000000003,0.6000000000000001,6.0,11.200000000000001,-49.199999999999996,-83.60000000000001,101.30000000000001,16
8984,150612.0,2.0,2.1,2.2,1.7000000000000002,5.7,11.3,-40.0,-99.2,87.10000000000001,16
8985,150629.0,2.2,2.0,2.5,2.3000000000000003,5.6000000000000005,12.0,-36.9,-100.9,75.7,16
8986,150646.0,2.0,1.9000000000000001,3.4000000000000004,2.3000000000000003,5.5,12.5,-25.200000000000003,-84.69999999999999,47.60000000000001,16
8987,150662.0,1.9000000000000001,2.1,4.3,2.4000000000000004,5.7,13.5,3.3000000000000007,-53.599999999999994,19.9,16
8988,150679.0,2.0,2.0,4.0,2.6,5.6000000000000005,13.200000000000001,21.900000000000002,-32.2,7.6,16
8989,150696.0,2.2,2.1,2.6,2.8000000000000003,5.9,11.700000000000001,43.2,14.5,-18.4,16
8990,150712.0,1.6,2.2,2.7,2.0,6.1000000000000005,11.8,34.50000000000001,54.50000000000001,-41.900000000000006,16
8991,150729.0,1.2000000000000002,2.1,3.4000000000000004,1.5,6.0,12.5,27.400000000000002,64.2,-49.4,16
8992,150747.0,0.6000000000000001,1.4000000000000001,4.4,0.6000000000000001,5.5,13.5,25.0,66.5,-57.49999999999999,16
8993,150766.0,0.9,0.5,4.3,0.6000000000000001,4.7,13.4,37.1,47.5,-61.8,16
8994,150779.0,1.1,0.1,3.9000000000000004,0.8,4.0,12.100000000000001,47.80000000000001,38.1,-66.2,16
8995,150796.0,1.4000000000000001,-0.4,2.0,0.8,4.0,11.0,72.10000000000001,29.300000000000004,-75.4,16
8996,150812.0,1.4000000000000001,-0.30000000000000004,-0.5,0.6000000000000001,4.4,8.3,79.39999999999999,33.1,-79.7,16
8997,150829.0,1.2000000000000002,-0.1,-1.2000000000000002,0.30000000000000004,4.6000000000000005,7.6000000000000005,72.2,35.699999999999996,-78.80000000000001,16
8998,150846.0,0.8,0.0,-1.2000000000000002,-0.30000000000000004,4.800000000000001,7.5,48.70000000000001,35.8,-69.3,16
8999,150862.0,0.9,-0.30000000000000004,-0.8,-0.4,4.6000000000000005,7.800000000000001,25.6,26.200000000000003,-54.1,16
9000,150879.0,1.4000000000000001,-1.1,-0.2,0.0,3.9000000000000004,8.4,15.8,16.200000000000003,-47.5,16
9001,150896.0,1.6,-1.4000000000000001,-0.2,0.2,3.6,8.4,3.4,-7.6,-41.7,16
9002,150912.0,1.9000000000000001,-2.1,-0.4,0.5,2.8000000000000003,8.200000000000001,-1.0,-26.400000000000006,-42.60000000000001,16
9003,150929.0,1.7000000000000002,-2.8000000000000003,-0.5,0.30000000000000004,2.0,8.1,-1.6,-37.6,-46.0,16
9004,150946.0,1.3,-2.9000000000000004,-0.4,0.0,1.9000000000000001,8.200000000000001,4.1,-56.2,-55.5,16
9005,150962.0,0.9,-3.3000000000000003,-0.5,-0.30000000000000004,1.5,8.1,24.400000000000002,-55.8,-58.60000000000001,16
9006,150979.0,0.9,-3.7,-1.5,-0.30000000000000004,1.2000000000000002,7.0,51.800000000000004,-42.1,-60.300000000000004,16
9007,150996.0,0.9,-3.7,-2.4000000000000004,-0.30000000000000004,1.2000000000000002,6.1000000000000005,62.0,-38.1,-61.199999999999996,16
9008,151012.0,0.5,-3.7,-3.7,-0.7000000000000001,1.4000000000000001,4.6000000000000005,60.8,-43.50000000000001,-62.1,16
9009,151029.0,0.30000000000000004,-3.3000000000000003,-3.7,-0.8,1.8,4.6000000000000005,44.6,-69.3,-57.9,16
9010,151046.0,0.2,-3.1,-3.8000000000000003,-0.8,2.2,4.5,37.50000000000001,-81.60000000000001,-55.1,16
9011,151069.0,-0.30000000000000004,-2.2,-3.5,-1.0,3.0,4.7,11.6,-96.20000000000002,-42.800000000000004,16
9012,151080.0,-0.6000000000000001,-1.8,-2.9000000000000004,-1.2000000000000002,3.5,5.2,3.8,-90.4,-36.300000000000004,16
9013,151096.0,-0.8,-1.4000000000000001,-2.4000000000000004,-1.4000000000000001,3.8000000000000003,5.7,-2.0,-79.6,-27.9,16
9014,151112.0,-0.5,-0.9,-1.3,-1.0,4.3,6.9,-12.0,-50.8,-9.899999999999999,16
9015,151129.0,0.1,-0.7000000000000001,0.30000000000000004,-0.2,4.5,8.6,-14.700000000000001,-26.5,-1.8000000000000003,16
9016,151146.0,0.0,-0.6000000000000001,1.2000000000000002,-0.30000000000000004,4.5,9.4,-12.7,-19.1,-2.9,16
9017,151162.0,-0.7000000000000001,-0.30000000000000004,2.2,-1.0,4.800000000000001,10.4,-1.9,-8.100000000000001,-5.1000000000000005,16
9018,151180.0,-1.6,0.1,2.4000000000000004,-1.9000000000000001,5.2,10.600000000000001,6.699999999999999,3.8,2.0,16
9019,151196.0,-1.9000000000000001,0.1,2.4000000000000004,-2.2,5.2,10.700000000000001,9.3,9.100000000000001,8.899999999999999,16
9020,151212.0,-2.1,-0.1,1.9000000000000001,-2.5,5.1000000000000005,10.100000000000001,10.700000000000001,18.3,22.2,16
9021,151229.0,-2.3000000000000003,0.1,1.0,-2.7,5.300000000000001,9.3,0.5,13.399999999999999,34.0,16
9022,151246.0,-2.5,-0.1,0.9,-2.9000000000000004,5.1000000000000005,9.200000000000001,-7.400000000000001,8.899999999999999,39.50000000000001,16
9023,151262.0,-2.3000000000000003,-0.2,0.1,-2.6,4.9,8.5,-21.8,-4.7,50.5,16
9024,151279.0,-2.1,-0.1,-0.8,-2.3000000000000003,4.9,7.6000000000000005,-42.800000000000004,-16.4,57.1,16
9025,151296.0,-2.1,0.1,-1.0,-2.2,5.0,7.4,-55.400000000000006,-15.2,60.300000000000004,16
9026,151312.0,-2.1,0.1,-1.3,-2.2,4.9,7.2,-84.80000000000001,7.500000000000001,70.10000000000001,16
9027,151329.0,-2.0,-0.4,0.30000000000000004,-2.1,4.0,9.0,-127.00000000000003,44.10000000000001,76.1,16
9028,151347.0,-1.8,-0.8,1.9000000000000001,-1.4000000000000001,3.0,12.700000000000001,-142.90000000000003,50.0,74.10000000000001,16
9029,151362.0,-1.0,-0.9,5.4,-1.1,2.8000000000000003,14.5,-138.7,25.5,52.60000000000001,16
9030,151379.0,-0.8,-0.5,5.5,-0.8,2.9000000000000004,14.8,-82.8,0.1,19.1,16
9031,151396.0,-0.8,-0.30000000000000004,4.6000000000000005,-1.2000000000000002,3.2,12.700000000000001,-48.6,1.7,4.6,16
9032,151412.0,-1.2000000000000002,0.0,1.7000000000000002,-1.4000000000000001,3.3000000000000003,11.0,10.0,43.70000000000001,-13.000000000000002,16
9033,151429.0,-1.2000000000000002,0.4,-1.1,-1.7000000000000002,3.8000000000000003,8.200000000000001,30.599999999999998,99.2,-14.0,16
9034,151446.0,-1.2000000000000002,0.5,-1.8,-1.9000000000000001,3.9000000000000004,7.4,24.900000000000002,115.3,-10.8,16
9035,151462.0,-1.0,0.4,-2.1,-2.1,3.9000000000000004,7.0,-3.4,112.80000000000001,-1.1,16
9036,151479.0,-0.7000000000000001,0.1,-1.7000000000000002,-2.0,3.5,7.4,-31.3,78.7,11.700000000000001,16
9037,151496.0,-0.5,-0.1,-1.3,-1.9000000000000001,3.2,7.800000000000001,-39.400000000000006,58.2,18.3,16
9038,151512.0,0.0,-0.2,-1.0,-1.5,3.0,8.200000000000001,-36.9,19.0,29.0,16
9039,151529.0,0.4,-0.2,-1.6,-1.1,2.9000000000000004,7.5,-19.799999999999997,-2.8,37.1,16
9040,151546.0,0.7000000000000001,-0.30000000000000004,-2.6,-0.7000000000000001,2.9000000000000004,6.6000000000000005,-11.1,-4.800000000000001,39.50000000000001,16
9041,151562.0,0.8,-0.2,-3.0,-0.6000000000000001,3.0,6.1000000000000005,1.6,4.7,42.2,16
9042,151579.0,1.0,0.1,-3.6,-0.30000000000000004,3.3000000000000003,5.5,6.9,22.3,44.00000000000001,16
9043,151596.0,1.1,0.2,-3.6,-0.30000000000000004,3.5,5.7,6.300000000000001,30.4,44.4,16
9044,151612.0,1.2000000000000002,0.5,-3.1,-0.30000000000000004,3.7,6.0,4.5,38.7,44.10000000000001,16
9045,151629.0,1.0,0.9,-2.4000000000000004,-0.5,4.2,6.6000000000000005,3.9,38.2,44.5,16
9046,151648.0,0.5,1.3,-1.7000000000000002,-1.1,4.6000000000000005,7.300000000000001,1.4,31.799999999999997,50.900000000000006,16
9047,151663.0,0.2,1.4000000000000001,-1.2000000000000002,-1.4000000000000001,4.800000000000001,7.7,-2.2,26.799999999999997,55.7,16
9048,151679.0,0.1,1.7000000000000002,0.2,-1.5,5.1000000000000005,9.1,-13.6,16.1,67.2,16
9049,151696.0,0.4,1.6,1.9000000000000001,-1.0,4.9,10.8,-23.3,-1.3,70.8,16
9050,151712.0,0.4,1.5,2.7,-1.0,4.800000000000001,11.700000000000001,-23.800000000000004,-14.600000000000001,68.3,16
9051,151729.0,0.1,1.5,3.8000000000000003,-1.1,4.800000000000001,12.9,-11.700000000000001,-38.400000000000006,60.300000000000004,16
9052,151746.0,0.2,1.4000000000000001,3.4000000000000004,-0.8,4.800000000000001,12.5,9.4,-47.7,54.4,16
9053,151763.0,0.4,1.3,3.0,-0.5,4.800000000000001,12.200000000000001,17.400000000000002,-49.0,49.9,16
9054,151779.0,0.8,1.4000000000000001,2.4000000000000004,0.1,4.9,11.5,26.700000000000003,-45.400000000000006,36.400000000000006,16
9055,151796.0,1.1,1.2000000000000002,2.3000000000000003,0.5,4.9,11.4,31.9,-41.199999999999996,17.6,16
9056,151812.0,1.2000000000000002,1.4000000000000001,2.3000000000000003,0.7000000000000001,5.1000000000000005,11.4,37.0,-38.800000000000004,5.7,16
9057,151829.0,1.0,1.7000000000000002,1.5,0.6000000000000001,5.6000000000000005,10.5,51.1,-25.6,-15.700000000000001,16
9058,151846.0,0.30000000000000004,1.8,0.4,-0.1,5.800000000000001,9.4,49.199999999999996,-2.6,-30.5,16
9059,151862.0,-0.1,2.1,0.0,-0.5,6.2,9.0,39.50000000000001,13.8,-33.7,16
9060,151879.0,-1.3,2.4000000000000004,1.1,-1.9000000000000001,6.6000000000000005,10.0,-1.9,56.7,-27.9,16
9061,151896.0,-0.8,1.4000000000000001,4.2,-1.7000000000000002,5.5,13.200000000000001,-32.7,76.5,-11.900000000000002,16
9062,151912.0,-0.1,0.7000000000000001,5.800000000000001,-1.1,4.7,14.9,-31.799999999999997,70.2,-7.9,16
9063,151929.0,0.8,-0.4,6.7,-0.30000000000000004,3.6,15.8,3.6000000000000005,29.800000000000004,-13.000000000000002,16
9064,151947.0,1.3,-0.4,3.4000000000000004,0.1,3.7,12.5,44.2,-11.700000000000001,-21.900000000000002,16
9065,151962.0,1.5,-0.4,1.8,0.4,3.8000000000000003,10.8,51.4,-19.9,-24.3,16
9066,151979.0,1.9000000000000001,-0.4,0.0,0.8,3.9000000000000004,9.0,47.900000000000006,-15.8,-26.700000000000003,16
9067,151996.0,2.4000000000000004,-0.6000000000000001,-0.6000000000000001,1.3,3.8000000000000003,8.3,37.7,-2.5,-29.400000000000002,16
9068,152012.0,2.5,-0.7000000000000001,-0.5,1.3,3.7,8.4,33.2,2.0,-32.300000000000004,16
9069,152029.0,2.0,-1.2000000000000002,-0.6000000000000001,0.8,3.4000000000000004,8.200000000000001,28.600000000000005,3.9,-39.0,16
9070,152046.0,1.6,-1.4000000000000001,-0.6000000000000001,0.4,3.2,8.200000000000001,27.6,3.8,-42.0,16
9071,152063.0,1.6,-1.7000000000000002,-0.30000000000000004,0.30000000000000004,2.9000000000000004,8.5,28.400000000000002,2.4000000000000004,-43.6,16
9072,152079.0,1.4000000000000001,-2.2,0.2,0.1,2.4000000000000004,8.9,38.900000000000006,-5.8,-50.1,16
9073,152096.0,1.1,-2.6,-0.5,-0.2,2.2,8.1,57.800000000000004,-14.700000000000001,-57.400000000000006,16
9074,152112.0,1.0,-2.8000000000000003,-1.1,-0.4,2.1,7.5,65.6,-19.300000000000004,-59.80000000000001,16
9075,152129.0,0.7000000000000001,-3.1,-2.5,-0.7000000000000001,2.0,6.0,75.3,-27.400000000000002,-61.8,16
9076,152146.0,0.5,-3.0,-3.6,-1.0,2.2,4.7,75.2,-29.800000000000004,-58.1,16
9077,152162.0,0.4,-2.9000000000000004,-4.1000000000000005,-1.0,2.3000000000000003,4.1000000000000005,71.19999999999999,-29.800000000000004,-54.50000000000001,16
9078,152179.0,0.6000000000000001,-2.7,-4.800000000000001,-0.8,2.7,3.3000000000000003,55.0,-32.7,-47.1,16
9079,152196.0,0.7000000000000001,-2.3000000000000003,-5.0,-0.7000000000000001,3.1,3.0,30.799999999999997,-39.50000000000001,-39.50000000000001,16
9080,152212.0,0.8,-2.1,-4.7,-0.5,3.6,3.8000000000000003,17.6,-45.099999999999994,-35.3,16
9081,152229.0,0.8,-1.7000000000000002,-3.7,-0.5,3.8000000000000003,4.2,-4.7,-57.400000000000006,-27.800000000000004,16
9082,152246.0,0.5,-1.2000000000000002,-3.1,-0.6000000000000001,4.1000000000000005,4.9,-23.5,-57.1,-19.6,16
9083,152263.0,0.30000000000000004,-0.9,-2.0,-0.8,4.3,6.1000000000000005,-42.0,-39.599999999999994,-8.8,16
9084,152279.0,0.1,-0.9,-1.3,-0.9,4.3,6.800000000000001,-47.80000000000001,-27.099999999999998,-2.4000000000000004,16
9085,152296.0,0.1,-0.9,-0.7000000000000001,-0.7000000000000001,4.0,7.800000000000001,-51.1,-4.0,10.299999999999999,16
9086,152312.0,0.2,-1.2000000000000002,-0.30000000000000004,-0.7000000000000001,3.6,8.3,-54.800000000000004,0.5,18.3,16
9087,152329.0,0.1,-1.4000000000000001,0.4,-0.8,3.4000000000000004,8.700000000000001,-57.9,-1.7,21.200000000000003,16
9088,152346.0,-0.1,-1.7000000000000002,1.2000000000000002,-0.9,2.9000000000000004,9.600000000000001,-64.80000000000001,-7.8,29.1,16
9089,152362.0,-0.1,-2.0,1.4000000000000001,-0.9,2.3000000000000003,10.0,-69.4,-11.3,31.799999999999997,16
9090,152379.0,0.1,-1.8,1.8,-0.6000000000000001,2.4000000000000004,10.4,-84.4,-29.400000000000002,30.699999999999996,16
9091,152396.0,0.2,-1.2000000000000002,3.2,-0.30000000000000004,2.8000000000000003,12.0,-89.6,-63.2,12.200000000000001,16
9092,152412.0,-1.1,0.0,3.5,-1.4000000000000001,3.8000000000000003,12.5,-65.5,-67.8,-16.3,16
9093,152429.0,-2.2,0.6000000000000001,3.1,-2.4000000000000004,4.3,12.100000000000001,-51.300000000000004,-50.0,-25.7,16
9094,152445.0,-4.0,1.6,2.3000000000000003,-4.3,5.1000000000000005,11.4,-38.400000000000006,11.8,-25.7,16
9095,152462.0,-4.5,2.4000000000000004,2.1,-5.1000000000000005,5.800000000000001,11.200000000000001,-55.8,69.4,-4.6,16
9096,152479.0,-4.6000000000000005,2.3000000000000003,2.6,-5.2,5.6000000000000005,11.8,-73.5,76.60000000000001,8.600000000000001,16
9097,152496.0,-3.9000000000000004,1.6,4.7,-4.7,4.6000000000000005,14.100000000000001,-105.9,38.800000000000004,29.400000000000002,16
9098,152512.0,-2.3000000000000003,1.2000000000000002,7.300000000000001,-3.1,3.9000000000000004,16.7,-101.0,-29.800000000000004,39.1,16
9099,152529.0,-1.7000000000000002,0.9,7.5,-2.4000000000000004,3.5,17.0,-78.4,-57.00000000000001,37.2,16
9100,152546.0,-0.5,0.7000000000000001,4.9,-0.9,3.2,14.5,-18.3,-69.9,25.0,16
9101,152563.0,0.7000000000000001,0.7000000000000001,1.5,0.4,3.2,11.200000000000001,22.4,-36.9,3.3000000000000007,16
9102,152585.0,0.9,0.6000000000000001,0.2,0.7000000000000001,3.2,8.8,32.9,-12.7,-10.4,16
9103,152596.0,0.6000000000000001,0.6000000000000001,-1.5,0.2,3.3000000000000003,8.1,41.0,31.6,-33.7,16
9104,152612.0,-0.5,0.6000000000000001,-2.0,-1.0,3.5,7.5,39.0,61.39999999999999,-40.6,16
9105,152629.0,-0.9,0.6000000000000001,-2.1,-1.6,3.5,7.4,37.1,72.60000000000001,-36.5,16
9106,152645.0,-0.9,0.30000000000000004,-2.3000000000000003,-1.9000000000000001,3.3000000000000003,7.2,32.9,89.4,-19.400000000000002,16
9107,152662.0,-0.7000000000000001,-0.2,-2.4000000000000004,-2.0,2.9000000000000004,6.9,30.1,85.69999999999999,-0.30000000000000004,16
9108,152679.0,-0.6000000000000001,-0.4,-2.5,-2.0,2.7,6.800000000000001,30.5,75.9,9.100000000000001,16
9109,152695.0,0.0,-0.8,-3.2,-1.6,2.4000000000000004,6.0,34.0,47.900000000000006,25.6,16
9110,152712.0,0.6000000000000001,-1.1,-4.2,-1.1,2.3000000000000003,4.9,33.300000000000004,16.5,37.6,16
9111,152729.0,0.8,-1.1,-4.6000000000000005,-0.8,2.3000000000000003,4.4,29.600000000000005,1.0,41.7,16
9112,152746.0,1.0,-1.1,-5.1000000000000005,-0.5,2.4000000000000004,3.9000000000000004,16.5,-23.800000000000004,48.50000000000001,16
9113,152762.0,1.2000000000000002,-0.8,-4.9,-0.1,2.8000000000000003,4.1000000000000005,2.8,-34.2,55.1,16
9114,152779.0,1.4000000000000001,-0.5,-4.6000000000000005,0.2,3.1,4.4,-1.4,-32.9,57.800000000000004,16
9115,152795.0,1.9000000000000001,-0.2,-3.5,0.9,3.4000000000000004,5.4,-5.6,-20.400000000000002,55.5,16
9116,152812.0,1.3,0.30000000000000004,-2.6,0.4,3.9000000000000004,6.300000000000001,-5.8,-0.9000000000000001,44.9,16
9117,152829.0,0.5,0.6000000000000001,-2.3000000000000003,-0.4,4.2,6.6000000000000005,-8.600000000000001,12.299999999999999,42.400000000000006,16
9118,152847.0,-0.4,1.0,-0.7000000000000001,-1.4000000000000001,4.6000000000000005,8.3,-21.6,32.7,50.7,16
9119,152865.0,-0.4,1.0,1.1,-1.4000000000000001,4.5,10.100000000000001,-29.500000000000004,37.6,60.400000000000006,16
9120,152882.0,0.30000000000000004,0.9,2.5,-0.7000000000000001,4.3,11.5,-28.200000000000003,18.4,58.60000000000001,16
9121,152896.0,0.5,0.8,3.1,-0.5,4.2,12.100000000000001,-23.3,2.0,51.9,16
9122,152912.0,0.5,0.8,3.0,-0.4,4.2,12.100000000000001,-8.600000000000001,-31.799999999999997,33.0,16
9123,152929.0,0.2,1.0,2.4000000000000004,-0.6000000000000001,4.3,11.5,-3.0,-42.2,24.200000000000003,16
9124,152946.0,-0.1,1.3,2.0,-0.7000000000000001,4.6000000000000005,11.100000000000001,-2.8,-37.9,13.700000000000001,16
9125,152962.0,-0.2,1.2000000000000002,2.3000000000000003,-0.7000000000000001,4.6000000000000005,11.8,-1.3,-17.1,7.0,16
9126,152979.0,0.1,1.3,2.7,-0.1,4.9,11.5,3.9,-9.3,3.9,16
9127,152995.0,0.6000000000000001,1.5,1.8,0.1,5.0,10.9,11.8,-1.7,-2.1,16
9128,153012.0,0.9,1.4000000000000001,0.9,0.4,4.800000000000001,10.100000000000001,0.2,-2.5,-8.0,16
9129,153029.0,1.0,1.5,0.9,0.30000000000000004,4.9,10.600000000000001,-13.5,0.4,-11.5,16
9130,153046.0,0.5,1.3,2.7,-0.1,4.6000000000000005,11.9,-51.800000000000004,17.7,-16.200000000000003,16
9131,153062.0,0.7000000000000001,0.8,5.7,0.0,4.0,15.100000000000001,-63.900000000000006,25.8,-13.8,16
9132,153079.0,1.4000000000000001,-0.30000000000000004,7.300000000000001,0.6000000000000001,2.7,16.8,-52.00000000000001,24.0,-14.5,16
9133,153096.0,1.7000000000000002,-0.5,6.6000000000000005,0.9,2.4000000000000004,16.1,0.30000000000000004,16.0,-24.0,16
9134,153113.0,2.3000000000000003,-0.5,2.9000000000000004,1.4000000000000001,2.5,12.4,47.5,3.6000000000000005,-39.300000000000004,16
9135,153129.0,2.3000000000000003,-0.4,1.4000000000000001,1.3,2.7,9.700000000000001,55.400000000000006,2.5,-46.50000000000001,16
9136,153148.0,2.2,-0.5,-0.6000000000000001,1.2000000000000002,2.8000000000000003,8.8,51.70000000000001,9.700000000000001,-56.6,16
9137,153163.0,2.0,-0.5,-1.0,1.0,2.9000000000000004,8.3,37.6,15.000000000000002,-63.2,16
9138,153179.0,1.9000000000000001,-0.8,-0.4,0.7000000000000001,2.7,8.8,32.6,19.200000000000003,-68.9,16
9139,153196.0,1.6,-1.0,-0.30000000000000004,0.4,2.6,8.9,36.0,21.300000000000004,-72.10000000000001,16
9140,153212.0,1.0,-1.1,-0.6000000000000001,-0.30000000000000004,2.5,8.6,47.5,23.2,-76.89999999999999,16
9141,153229.0,0.8,-1.2000000000000002,-0.8,-0.9,2.4000000000000004,8.200000000000001,53.0,23.400000000000002,-77.60000000000001,16
9142,153245.0,0.5,-1.4000000000000001,-1.0,-1.2000000000000002,2.5,8.0,64.10000000000001,20.8,-77.20000000000002,16
9143,153263.0,0.1,-1.5,-1.5,-1.7000000000000002,2.5,7.4,74.80000000000001,14.900000000000002,-75.1,16
9144,153279.0,-0.2,-1.7000000000000002,-2.2,-2.1,2.5,6.6000000000000005,81.0,-2.7,-73.2,16
9145,153296.0,-0.4,-1.6,-2.6,-2.3000000000000003,2.7,6.1000000000000005,81.7,-12.600000000000001,-71.0,16
9146,153312.0,-0.7000000000000001,-1.4000000000000001,-3.3000000000000003,-2.6,3.1,5.300000000000001,79.9,-25.5,-62.199999999999996,16
9147,153329.0,-0.7000000000000001,-0.8,-3.8000000000000003,-2.6,3.8000000000000003,4.7,67.2,-29.500000000000004,-49.800000000000004,16
9148,153346.0,-0.9,-0.4,-3.7,-2.8000000000000003,4.3,4.7,57.1,-29.200000000000003,-42.400000000000006,16
9149,153363.0,-0.4,0.0,-3.2,-2.4000000000000004,4.800000000000001,5.1000000000000005,36.5,-25.5,-23.5,16
9150,153379.0,-0.1,0.2,-2.2,-2.0,5.1000000000000005,6.0,10.0,-18.3,-10.9,16
9151,153395.0,-0.1,0.2,-1.2000000000000002,-2.0,5.1000000000000005,7.1000000000000005,-1.3,-17.0,-7.1000000000000005,16
9152,153412.0,-0.4,0.2,1.1,-2.2,5.0,9.4,-5.2,-11.700000000000001,-2.7,16
9153,153429.0,-0.6000000000000001,0.0,1.8,-2.5,4.800000000000001,10.100000000000001,11.000000000000002,-0.30000000000000004,3.6000000000000005,16
9154,153446.0,-0.7000000000000001,-0.1,1.7000000000000002,-2.6,4.800000000000001,10.0,19.799999999999997,3.4,6.500000000000001,16
9155,153468.0,-0.6000000000000001,-0.2,1.1,-2.5,4.800000000000001,9.4,31.5,9.4,13.3,16
9156,153479.0,-0.6000000000000001,-0.4,0.7000000000000001,-2.4000000000000004,4.6000000000000005,8.9,35.0,17.0,17.6,16
9157,153496.0,-0.6000000000000001,-0.6000000000000001,0.5,-2.5,4.6000000000000005,8.700000000000001,34.2,22.9,18.4,16
9158,153512.0,-0.6000000000000001,-0.9,0.2,-2.6,4.3,8.3,32.0,31.6,20.2,16
9159,153529.0,-0.6000000000000001,-1.0,-0.4,-2.6,4.4,7.6000000000000005,25.8,35.2,20.400000000000002,16
9160,153545.0,-0.7000000000000001,-0.8,-0.7000000000000001,-2.8000000000000003,4.6000000000000005,7.300000000000001,19.1,36.0,20.3,16
9161,153562.0,-1.1,-0.6000000000000001,-0.9,-3.2,4.7,7.0,-2.6,38.7,22.000000000000004,16
9162,153579.0,-1.3,-0.5,-1.0,-3.5,4.800000000000001,7.0,-32.400000000000006,38.2,26.000000000000004,16
9163,153596.0,-1.3,-0.5,-1.0,-3.5,4.7,7.0,-49.699999999999996,34.900000000000006,27.5,16
9164,153612.0,-1.8,-0.8,-0.30000000000000004,-4.0,4.3,7.800000000000001,-89.9,25.1,28.600000000000005,16
9165,153629.0,-2.7,-1.3,1.2000000000000002,-4.9,3.4000000000000004,9.5,-133.3,16.6,35.1,16
9166,153647.0,-2.8000000000000003,-2.0,3.9000000000000004,-5.0,2.3000000000000003,12.5,-163.20000000000002,-10.4,44.6,16
9167,153662.0,-2.2,-2.0,5.2,-4.4,2.1,13.9,-161.5,-32.300000000000004,48.10000000000001,16
9168,153679.0,-0.5,-1.9000000000000001,6.6000000000000005,-2.4000000000000004,1.8,15.600000000000001,-118.40000000000002,-69.9,43.2,16
9169,153696.0,0.0,-1.9000000000000001,6.300000000000001,-1.8,1.6,15.3,-83.00000000000001,-77.60000000000001,32.300000000000004,16
9170,153712.0,-0.1,-1.6,3.8000000000000003,-1.6,1.8,13.0,-9.600000000000001,-54.1,2.3,16
9171,153729.0,-0.5,-1.4000000000000001,0.5,-2.1,2.1,9.700000000000001,39.2,17.7,-19.799999999999997,16
9172,153749.0,-0.6000000000000001,-1.0,-2.0,-2.4000000000000004,2.7,7.0,51.2,86.89999999999999,-27.800000000000004,16
9173,153762.0,-0.5,-0.8,-2.8000000000000003,-2.6,2.9000000000000004,6.2,44.8,106.20000000000002,-27.099999999999998,16
9174,153779.0,-0.5,-0.7000000000000001,-3.1,-2.9000000000000004,3.1,5.7,20.1,109.00000000000001,-18.6,16
9175,153795.0,-0.4,-0.7000000000000001,-3.0,-3.0,3.0,5.9,7.699999999999999,95.9,-11.6,16
9176,153812.0,-0.1,-0.8,-2.8000000000000003,-2.8000000000000003,2.9000000000000004,5.9,-9.8,52.00000000000001,6.0,16
9177,153829.0,0.6000000000000001,-0.8,-3.1,-2.2,2.9000000000000004,5.6000000000000005,-17.1,6.600000000000001,22.2,16
9178,153846.0,1.2000000000000002,-0.7000000000000001,-3.8000000000000003,-1.5,2.9000000000000004,4.800000000000001,-21.8,-18.3,33.800000000000004,16
9179,153862.0,1.5,-0.6000000000000001,-4.0,-1.1,3.0,4.7,-24.5,-21.0,37.6,16
9180,153879.0,1.9000000000000001,-0.4,-4.0,-0.6000000000000001,3.2,4.7,-26.799999999999997,-9.2,41.800000000000004,16
9181,153895.0,2.4000000000000004,0.0,-3.6,0.0,3.6,5.1000000000000005,-28.1,9.3,42.3,16
9182,153912.0,2.5,0.30000000000000004,-3.3000000000000003,0.1,3.8000000000000003,5.4,-27.700000000000003,14.300000000000002,40.9,16
9183,153929.0,2.5,1.0,-2.7,0.1,4.5,6.0,-27.099999999999998,16.3,36.400000000000006,16
9184,153946.0,2.2,1.4000000000000001,-2.5,-0.6000000000000001,5.2,6.6000000000000005,-33.0,15.5,34.7,16
9185,153962.0,1.3,2.0,-1.6,-1.1,5.4,7.2,-39.300000000000004,13.000000000000002,37.2,16
9186,153979.0,0.8,2.4000000000000004,0.1,-1.6,5.7,8.8,-49.800000000000004,3.8,47.60000000000001,16
9187,153995.0,0.5,2.5,1.8,-1.8,5.6000000000000005,10.700000000000001,-56.300000000000004,-5.8,54.800000000000004,16
9188,154012.0,0.5,2.5,2.8000000000000003,-1.7000000000000002,5.6000000000000005,11.700000000000001,-56.800000000000004,-13.8,55.400000000000006,16
9189,154029.0,0.7000000000000001,2.2,4.7,-1.4000000000000001,5.2,13.700000000000001,-41.1,-35.599999999999994,51.50000000000001,16
9190,154046.0,0.7000000000000001,1.9000000000000001,5.0,-1.1,4.9,14.100000000000001,-6.0,-61.9,38.1,16
9191,154062.0,0.7000000000000001,1.8,4.4,-1.1,4.9,13.5,11.900000000000002,-69.9,29.200000000000003,16
9192,154079.0,0.30000000000000004,1.6,3.4000000000000004,-1.2000000000000002,4.800000000000001,12.5,38.800000000000004,-66.3,11.2,16
9193,154096.0,-0.1,1.4000000000000001,2.7,-1.4000000000000001,4.800000000000001,11.9,55.5,-47.80000000000001,-7.300000000000001,16
9194,154112.0,-0.4,1.2000000000000002,2.7,-1.6,4.7,11.8,61.599999999999994,-37.0,-17.200000000000003,16
9195,154129.0,-1.0,0.9,2.7,-2.2,4.6000000000000005,11.8,74.60000000000001,-16.3,-35.1,16
9196,154145.0,-1.3,0.8,1.8,-2.6,4.800000000000001,10.700000000000001,92.2,-2.2,-44.5,16
9197,154163.0,-1.3,1.0,0.8,-2.6,5.1000000000000005,9.700000000000001,98.0,4.4,-44.8,16
9198,154179.0,-0.9,1.6,-1.1,-2.4000000000000004,6.0,7.7,90.80000000000001,12.7,-38.7,16
9199,154195.0,-0.7000000000000001,2.4000000000000004,-2.3000000000000003,-2.3000000000000003,7.0,6.300000000000001,55.60000000000001,6.600000000000001,-28.800000000000004,16
9200,154213.0,-0.8,2.7,-2.6,-2.4000000000000004,7.300000000000001,6.0,29.0,0.6000000000000001,-22.3,16
9201,154229.0,-1.0,2.3000000000000003,-0.9,-2.5,6.9,7.7,-34.400000000000006,-7.9,-7.1000000000000005,16
9202,154245.0,-0.1,1.1,2.5,-1.7000000000000002,5.6000000000000005,11.200000000000001,-72.4,-15.700000000000001,3.8,16
9203,154263.0,0.6000000000000001,0.6000000000000001,4.2,-0.9,4.9,13.0,-73.5,-21.0,4.1,16
9204,154279.0,1.5,-0.6000000000000001,5.9,0.2,3.6,14.8,-37.50000000000001,-36.8,-6.300000000000001,16
9205,154295.0,1.9000000000000001,-0.5,3.8000000000000003,0.7000000000000001,3.7,12.9,17.400000000000002,-32.400000000000006,-21.8,16
9206,154312.0,1.9000000000000001,-0.5,2.3000000000000003,0.6000000000000001,3.7,11.3,35.1,-22.9,-27.400000000000002,16
9207,154329.0,1.4000000000000001,-0.30000000000000004,0.5,0.2,4.0,9.4,42.60000000000001,0.6000000000000001,-33.1,16
9208,154346.0,1.1,-0.30000000000000004,-0.2,-0.2,4.1000000000000005,8.700000000000001,33.400000000000006,22.700000000000003,-31.400000000000002,16
9209,154362.0,0.9,-0.4,-0.4,-0.5,4.1000000000000005,8.4,26.799999999999997,28.400000000000002,-29.1,16
9210,154379.0,0.9,-0.7000000000000001,0.0,-0.7000000000000001,3.8000000000000003,8.8,12.7,27.3,-23.3,16
9211,154396.0,0.9,-1.6,1.0,-0.7000000000000001,2.9000000000000004,9.8,14.300000000000002,13.399999999999999,-23.2,16
9212,154412.0,0.9,-1.8,1.1,-0.8,2.7,9.9,22.2,4.1,-26.5,16
9213,154429.0,0.7000000000000001,-2.2,0.5,-1.0,2.4000000000000004,9.200000000000001,41.4,-9.899999999999999,-33.9,16
9214,154446.0,0.2,-2.6,-0.4,-1.4000000000000001,2.1,8.200000000000001,59.40000000000001,-19.9,-39.300000000000004,16
9215,154462.0,0.1,-2.7,-1.1,-1.4000000000000001,2.1,6.7,68.0,-23.900000000000006,-39.699999999999996,16
9216,154479.0,0.30000000000000004,-2.8000000000000003,-2.5,-1.3,2.2,6.0,79.5,-24.1,-37.300000000000004,16
9217,154495.0,0.5,-2.7,-3.8000000000000003,-1.1,2.4000000000000004,4.5,79.8,-19.700000000000003,-34.7,16
9218,154512.0,0.7000000000000001,-2.4000000000000004,-4.800000000000001,-1.0,2.9000000000000004,3.3000000000000003,75.1,-18.6,-33.400000000000006,16
9219,154529.0,0.7000000000000001,-2.1,-5.2,-0.9,3.3000000000000003,2.9000000000000004,56.0,-18.700000000000003,-31.0,16
9220,154547.0,0.6000000000000001,-1.6,-5.5,-1.1,3.9000000000000004,2.5,25.7,-20.2,-27.9,16
9221,154562.0,0.30000000000000004,-1.3,-5.300000000000001,-1.7000000000000002,4.4,3.1,8.600000000000001,-18.700000000000003,-25.5,16
9222,154579.0,-0.30000000000000004,-0.8,-4.3,-2.0,4.6000000000000005,3.7,-23.800000000000004,-4.6,-14.600000000000001,16
9223,154595.0,-0.8,-0.6000000000000001,-3.2,-2.5,4.7,4.800000000000001,-46.4,18.8,0.4,16
9224,154612.0,-0.9,-0.6000000000000001,-2.8000000000000003,-2.8000000000000003,4.5,5.7,-56.0,29.800000000000004,8.100000000000001,16
9225,154629.0,-0.9,-0.7000000000000001,-1.6,-2.8000000000000003,4.3,6.5,-74.10000000000001,42.3,20.8,16
9226,154650.0,-0.4,-0.7000000000000001,0.30000000000000004,-2.3000000000000003,4.1000000000000005,8.5,-79.3,39.300000000000004,26.000000000000004,16
9227,154662.0,-0.1,-0.6000000000000001,1.3,-2.1,4.1000000000000005,9.5,-73.10000000000001,29.600000000000005,24.3,16
9228,154679.0,-0.2,-0.30000000000000004,2.7,-2.1,4.2,11.100000000000001,-46.6,5.2,15.399999999999999,16
9229,154695.0,-0.9,-0.2,2.9000000000000004,-2.8000000000000003,4.2,11.4,-12.7,-14.600000000000001,2.8,16
9230,154712.0,-2.0,-0.5,2.7,-3.8000000000000003,4.0,11.200000000000001,9.600000000000001,-31.9,-5.8,16
9231,154729.0,-2.2,-0.1,2.6,-4.0,4.4,11.100000000000001,15.899999999999999,-42.400000000000006,-5.4,16
9232,154745.0,-1.6,0.30000000000000004,2.0,-3.3000000000000003,4.9,10.5,21.0,-56.50000000000001,1.1,16
9233,154762.0,-1.4000000000000001,0.7000000000000001,1.8,-2.9000000000000004,5.300000000000001,10.3,14.300000000000002,-60.300000000000004,-1.6,16
9234,154779.0,-1.3,0.9,1.6,-2.7,5.6000000000000005,10.100000000000001,11.1,-53.400000000000006,-1.5,16
9235,154796.0,-0.9,1.0,0.2,-2.2,5.6000000000000005,8.8,-7.500000000000001,-32.7,-1.3,16
9236,154812.0,-1.2000000000000002,0.8,-0.1,-2.4000000000000004,5.4,8.5,-49.6,-23.5,-6.500000000000001,16
9237,154829.0,-1.1,1.3,0.7000000000000001,-2.3000000000000003,5.800000000000001,9.4,-78.2,-11.2,-6.0,16
9238,154845.0,-1.7000000000000002,0.4,3.8000000000000003,-3.0,4.5,12.600000000000001,-114.00000000000001,21.0,-1.6,16
9239,154864.0,-1.1,-0.1,6.800000000000001,-2.5,3.7,15.8,-103.49999999999999,17.799999999999997,0.0,16
9240,154879.0,-0.9,-0.2,7.300000000000001,-2.3000000000000003,3.4000000000000004,16.400000000000002,-75.9,18.200000000000003,-2.7,16
9241,154896.0,-0.7000000000000001,-0.7000000000000001,5.1000000000000005,-2.2,2.9000000000000004,14.3,2.0,37.300000000000004,-12.200000000000001,16
9242,154912.0,-0.6000000000000001,-0.5,0.8,-2.4000000000000004,3.2,9.9,62.900000000000006,75.7,-18.6,16
9243,154929.0,-0.5,-0.4,-1.0,-2.4000000000000004,3.4000000000000004,8.0,75.5,92.7,-19.6,16
9244,154946.0,-0.4,-0.5,-3.1,-2.7,3.6,5.7,72.50000000000001,116.5,-16.900000000000002,16
9245,154965.0,-0.4,-0.5,-3.9000000000000004,-3.1,3.7,4.7,50.8,119.49999999999999,-6.8,16
9246,154979.0,-0.4,-0.5,-4.1000000000000005,-3.2,3.7,4.4,36.300000000000004,114.2,1.1,16
9247,154995.0,0.0,-0.7000000000000001,-3.7,-3.1,3.6,4.6000000000000005,7.1000000000000005,90.5,20.2,16
9248,155012.0,0.9,-1.0,-3.0,-2.4000000000000004,3.3000000000000003,5.2,-11.700000000000001,54.699999999999996,36.300000000000004,16
9249,155029.0,1.2000000000000002,-1.2000000000000002,-2.9000000000000004,-2.1,3.1,5.4,-16.0,36.0,41.199999999999996,16
9250,155045.0,1.7000000000000002,-1.4000000000000001,-2.8000000000000003,-1.5,2.9000000000000004,5.5,-17.5,4.7,44.10000000000001,16
9251,155062.0,1.9000000000000001,-1.1,-2.7,-1.2000000000000002,3.2,5.6000000000000005,-12.8,-10.5,38.900000000000006,16
9252,155079.0,1.9000000000000001,-0.9,-2.6,-1.2000000000000002,3.4000000000000004,5.6000000000000005,-8.100000000000001,-10.4,34.400000000000006,16
9253,155095.0,1.4000000000000001,-0.4,-2.6,-1.6,3.9000000000000004,5.6000000000000005,5.500000000000001,2.5,28.500000000000004,16
9254,155112.0,1.4000000000000001,0.0,-2.7,-1.6,4.4,5.4,21.8,24.5,30.4,16
9255,155129.0,1.5,0.1,-3.1,-1.6,4.6000000000000005,5.0,27.800000000000004,33.1,31.5,16
9256,155145.0,1.2000000000000002,0.5,-4.0,-1.9000000000000001,5.1000000000000005,4.0,22.2,35.699999999999996,34.400000000000006,16
9257,155162.0,-0.2,1.0,-3.7,-3.2,5.6000000000000005,4.3,-8.5,21.6,42.7,16
9258,155179.0,-1.2000000000000002,1.2000000000000002,-2.8000000000000003,-4.2,5.800000000000001,5.1000000000000005,-27.9,11.4,51.2,16
9259,155195.0,-2.2,1.8,-0.5,-5.1000000000000005,6.300000000000001,7.5,-62.50000000000001,-5.4,79.39999999999999,16
9260,155212.0,-0.9,1.7000000000000002,1.9000000000000001,-3.6,6.2,10.0,-71.10000000000001,-38.2,109.9,16
9261,155229.0,-0.1,1.4000000000000001,2.6,-1.9000000000000001,5.5,11.3,-65.8,-60.00000000000001,116.2,16
9262,155246.0,0.7000000000000001,1.1,3.1,-1.4000000000000001,5.5,11.5,-42.5,-106.80000000000001,105.0,16
9263,155265.0,1.2000000000000002,2.0,2.8000000000000003,-0.4,6.4,11.3,-14.900000000000002,-118.60000000000001,80.60000000000001,16
9264,155279.0,1.7000000000000002,2.6,2.4000000000000004,0.4,7.1000000000000005,11.0,5.300000000000001,-58.60000000000001,53.400000000000006,16
9265,155295.0,1.8,2.7,2.4000000000000004,0.6000000000000001,7.2,11.0,10.0,-18.0,35.5,16
9266,155312.0,1.1,2.6,3.1,-0.2,7.1000000000000005,11.700000000000001,16.6,32.1,-3.6000000000000005,16
9267,155329.0,0.30000000000000004,3.3000000000000003,2.4000000000000004,-1.1,7.9,11.0,29.600000000000005,45.8,-30.699999999999996,16
9268,155345.0,-0.5,3.5,2.2,-2.0,8.200000000000001,10.700000000000001,27.400000000000002,53.10000000000001,-36.9,16
9269,155362.0,-1.6,3.8000000000000003,2.7,-3.3000000000000003,8.6,11.200000000000001,12.9,60.6,-36.400000000000006,16
9270,155379.0,-1.8,3.4000000000000004,3.2,-3.8000000000000003,7.300000000000001,12.5,-3.9,56.400000000000006,-26.300000000000004,16
9271,155395.0,-1.5,1.6,4.800000000000001,-3.6,6.300000000000001,13.3,-5.300000000000001,43.70000000000001,-19.400000000000002,16
9272,155412.0,0.4,0.2,4.9,-1.8,5.0,13.4,15.399999999999999,10.8,-11.700000000000001,16
9273,155429.0,1.6,-0.4,3.0,-0.6000000000000001,4.4,11.5,40.9,-6.4,-21.6,16
9274,155446.0,1.9000000000000001,-0.4,1.9000000000000001,-0.30000000000000004,4.5,10.4,49.800000000000004,-8.8,-29.600000000000005,16
9275,155464.0,1.7000000000000002,-0.30000000000000004,0.2,-0.5,4.7,8.6,55.0,1.8000000000000003,-41.800000000000004,16
9276,155479.0,0.8,-0.2,-0.5,-1.6,5.0,7.7,43.800000000000004,18.0,-38.300000000000004,16
9277,155495.0,0.5,0.0,-0.6000000000000001,-1.9000000000000001,5.2,7.6000000000000005,34.0,22.1,-30.4,16
9278,155512.0,0.6000000000000001,0.0,0.0,-1.9000000000000001,5.2,8.200000000000001,9.3,25.8,-12.5,16
9279,155529.0,0.7000000000000001,-0.7000000000000001,0.6000000000000001,-1.9000000000000001,4.4,8.8,-13.3,13.3,0.4,16
9280,155546.0,0.8,-1.1,0.9,-1.7000000000000002,4.0,9.1,-21.400000000000002,-1.8000000000000003,4.5,16
9281,155562.0,1.2000000000000002,-1.8,1.8,-1.2000000000000002,3.3000000000000003,10.100000000000001,-24.900000000000002,-36.0,6.1000000000000005,16
9282,155579.0,1.6,-2.6,1.7000000000000002,-0.6000000000000001,2.4000000000000004,10.100000000000001,-1.1,-59.9,-3.3000000000000007,16
9283,155595.0,1.8,-2.8000000000000003,1.2000000000000002,-0.4,2.2,9.5,17.200000000000003,-66.60000000000001,-11.700000000000001,16
9284,155613.0,1.6,-3.0,-0.6000000000000001,-0.4,2.2,7.800000000000001,51.70000000000001,-66.3,-30.200000000000003,16
9285,155629.0,1.0,-3.0,-2.1,-0.9,2.3000000000000003,6.1000000000000005,75.00000000000001,-47.2,-39.8,16
9286,155645.0,0.9,-3.0,-2.8000000000000003,-1.0,2.4000000000000004,5.4,82.9,-34.800000000000004,-40.7,16
9287,155662.0,0.9,-2.7,-4.0,-1.0,2.9000000000000004,3.9000000000000004,86.3,-11.5,-38.400000000000006,16
9288,155679.0,1.2000000000000002,-2.1,-4.800000000000001,-0.7000000000000001,3.6,3.0,73.30000000000001,-3.0,-32.8,16
9289,155695.0,1.4000000000000001,-1.7000000000000002,-4.800000000000001,-0.6000000000000001,4.1000000000000005,2.9000000000000004,63.0,-4.9,-29.300000000000004,16
9290,155712.0,1.3,-0.8,-4.2,-0.6000000000000001,5.1000000000000005,3.4000000000000004,37.9,-12.0,-19.799999999999997,16
9291,155729.0,1.0,-0.1,-3.0,-0.9,5.800000000000001,4.5,11.5,-16.8,-6.300000000000001,16
9292,155746.0,0.9,0.2,-2.4000000000000004,-1.0,6.1000000000000005,5.1000000000000005,-1.3,-20.0,0.5,16
9293,155762.0,0.30000000000000004,0.5,-0.7000000000000001,-1.6,6.4,6.9,-28.200000000000003,-20.599999999999998,13.700000000000001,16
9294,155779.0,-0.1,0.5,1.6,-1.8,6.300000000000001,9.3,-40.6,-21.0,28.200000000000003,16
9295,155798.0,0.30000000000000004,0.2,2.8000000000000003,-1.3,5.9,10.600000000000001,-29.500000000000004,-25.4,37.6,16
9296,155812.0,0.5,0.0,2.9000000000000004,-1.0,5.7,10.700000000000001,-21.6,-31.400000000000002,36.7,16
9297,155829.0,0.30000000000000004,-0.1,2.8000000000000003,-1.0,5.6000000000000005,10.700000000000001,-11.2,-51.1,26.1,16
9298,155846.0,-0.1,0.0,2.7,-1.3,5.7,10.700000000000001,-6.300000000000001,-61.300000000000004,19.9,16
9299,155863.0,-0.8,0.2,2.3000000000000003,-1.8,5.9,10.3,5.500000000000001,-66.9,13.399999999999999,16
9300,155881.0,-1.3,-0.1,2.0,-2.2,5.7,10.0,10.1,-54.300000000000004,10.200000000000001,16
9301,155895.0,-1.5,-0.1,2.0,-2.2,5.6000000000000005,10.0,10.1,-48.9,7.9,16
9302,155912.0,-1.6,-0.4,2.2,-2.3000000000000003,5.4,10.200000000000001,12.0,-45.7,2.2,16
9303,155929.0,-1.6,-0.9,1.4000000000000001,-2.2,4.9,9.4,14.600000000000001,-45.8,0.1,16
9304,155945.0,-1.6,-1.2000000000000002,0.6000000000000001,-2.1,4.2,8.1,12.100000000000001,-42.800000000000004,-5.8,16
9305,155962.0,-1.6,-2.2,-0.1,-2.0,3.6,7.9,-12.4,-28.900000000000002,-12.0,16
9306,155979.0,-1.4000000000000001,-2.4000000000000004,0.2,-1.9000000000000001,3.2,8.3,-37.6,-17.5,-22.700000000000003,16
9307,155995.0,-1.6,-2.7,0.6000000000000001,-2.2,2.7,9.3,-45.400000000000006,-11.6,-28.700000000000003,16
9308,156012.0,-1.8,-2.7,1.5,-2.3000000000000003,2.7,9.8,-44.8,-0.5,-40.6,16
9309,156029.0,-2.0,-2.7,1.2000000000000002,-2.7,2.6,9.4,-22.4,18.200000000000003,-49.4,16
9310,156046.0,-2.1,-2.8000000000000003,0.5,-3.0,2.6,8.0,-10.5,32.5,-51.1,16
9311,156062.0,-2.1,-2.4000000000000004,-1.0,-3.1,2.8000000000000003,7.2,2.8,61.39999999999999,-48.9,16
9312,156079.0,-1.6,-2.0,-2.1,-3.0,3.2,6.2,-1.6,87.60000000000001,-39.2,16
9313,156096.0,-1.0,-1.8,-2.3000000000000003,-2.7,3.4000000000000004,5.800000000000001,-8.100000000000001,95.20000000000002,-32.9,16
9314,156112.0,-0.6000000000000001,-1.8,-2.4000000000000004,-2.5,3.4000000000000004,5.7,-24.0,90.5,-22.4,16
9315,156131.0,-0.1,-1.4000000000000001,-2.5,-2.2,3.6,5.7,-42.5,68.5,-16.5,16
9316,156145.0,0.30000000000000004,-1.0,-2.2,-1.9000000000000001,3.8000000000000003,6.0,-61.199999999999996,46.50000000000001,-11.5,16
9317,156164.0,0.5,-0.7000000000000001,-1.8,-1.8,3.9000000000000004,6.4,-66.60000000000001,38.7,-9.4,16
9318,156179.0,0.7000000000000001,-0.30000000000000004,-1.2000000000000002,-1.7000000000000002,4.2,7.1000000000000005,-63.599999999999994,33.2,-6.8,16
9319,156196.0,0.8,0.0,-1.1,-1.5,4.6000000000000005,7.2,-47.400000000000006,34.0,-6.1000000000000005,16
9320,156212.0,1.1,0.5,-1.4000000000000001,-1.5,4.800000000000001,6.9,-38.2,36.5,-7.400000000000001,16
9321,156229.0,0.8,1.2000000000000002,-1.8,-1.9000000000000001,5.4,6.5,-24.400000000000002,41.199999999999996,-11.000000000000002,16
9322,156245.0,0.30000000000000004,2.1,-2.2,-2.5,6.2,6.1000000000000005,-15.5,39.9,-6.500000000000001,16
9323,156262.0,0.1,2.5,-2.5,-2.8000000000000003,6.6000000000000005,5.800000000000001,-14.300000000000002,37.1,0.0,16
9324,156279.0,0.2,3.0,-2.7,-2.8000000000000003,7.1000000000000005,5.6000000000000005,-20.8,24.0,17.0,16
9325,156297.0,-0.1,3.2,-2.0,-3.0,7.300000000000001,6.2,-35.8,5.4,33.50000000000001,16
9326,156312.0,-0.4,3.2,-1.5,-3.3000000000000003,7.300000000000001,6.800000000000001,-42.60000000000001,-3.4,42.1,16
9327,156329.0,-1.5,3.1,0.0,-4.3,7.2,8.4,-52.300000000000004,-17.7,62.1,16
9328,156345.0,-2.1,3.4000000000000004,2.2,-4.800000000000001,7.300000000000001,10.600000000000001,-50.900000000000006,-27.9,89.9,16
9329,156362.0,-1.9000000000000001,3.2,3.1,-4.4,7.2,11.700000000000001,-41.7,-31.5,104.50000000000001,16
9330,156379.0,-0.30000000000000004,2.6,4.0,-2.6,6.7,12.700000000000001,-13.8,-48.6,119.0,16
9331,156395.0,1.0,2.4000000000000004,4.4,-0.8,6.6000000000000005,13.100000000000001,18.6,-88.3,105.4,16
9332,156415.0,1.2000000000000002,2.4000000000000004,3.7,-0.1,6.7,12.4,55.900000000000006,-107.19999999999999,81.4,16
9333,156430.0,1.1,2.1,3.1,0.0,6.6000000000000005,11.8,71.7,-99.8,68.9,16
9334,156445.0,0.9,1.7000000000000002,1.9000000000000001,0.0,6.5,10.5,91.50000000000001,-58.3,43.00000000000001,16
9335,156462.0,1.0,1.5,1.6,0.2,6.5,10.100000000000001,96.1,-31.6,30.4,16
9336,156479.0,1.3,1.4000000000000001,0.9,0.6000000000000001,6.7,9.3,107.5,14.5,5.0,16
9337,156495.0,1.1,1.7000000000000002,-0.8,0.2,7.300000000000001,7.4,110.9,52.300000000000004,-10.5,16
9338,156512.0,1.5,1.6,-1.3,0.5,7.300000000000001,6.7,101.50000000000001,60.8,-14.900000000000002,16
9339,156529.0,2.0,1.5,-2.4000000000000004,0.8,7.5,5.5,64.9,57.20000000000001,-28.3,16
9340,156546.0,0.7000000000000001,1.0,-1.3,-0.6000000000000001,7.0,6.5,9.4,36.300000000000004,-41.800000000000004,16
9341,156562.0,0.30000000000000004,0.6000000000000001,-0.1,-1.1,6.6000000000000005,7.6000000000000005,-12.8,23.700000000000003,-43.00000000000001,16
9342,156579.0,0.0,-0.1,2.1,-1.6,5.800000000000001,9.9,-29.1,11.8,-37.9,16
9343,156595.0,0.7000000000000001,-0.4,2.9000000000000004,-1.0,5.4,10.8,-9.2,6.4,-25.300000000000004,16
9344,156612.0,1.1,-0.4,2.6,-0.6000000000000001,5.4,10.4,3.9,2.0,-20.0,16
9345,156629.0,2.2,-0.1,1.2000000000000002,0.6000000000000001,5.800000000000001,9.0,13.8,-8.100000000000001,-17.1,16
9346,156647.0,2.5,0.0,1.3,0.9,5.9,9.200000000000001,-7.500000000000001,-18.3,-25.200000000000003,16
9347,156662.0,2.2,-0.2,2.4000000000000004,0.30000000000000004,5.4,11.3,-17.200000000000003,-28.3,-30.3,16
9348,156679.0,1.5,-0.6000000000000001,4.0,0.0,5.1000000000000005,12.0,-15.700000000000001,-47.5,-37.6,16
9349,156695.0,0.6000000000000001,-1.3,4.3,-0.9,4.4,12.3,6.699999999999999,-55.3,-44.00000000000001,16
9350,156712.0,0.5,-1.7000000000000002,3.8000000000000003,-0.7000000000000001,3.7,11.100000000000001,22.6,-53.300000000000004,-45.8,16
9351,156729.0,0.8,-2.3000000000000003,2.2,-0.6000000000000001,3.5,10.200000000000001,52.60000000000001,-41.0,-53.10000000000001,16
9352,156745.0,0.9,-2.9000000000000004,0.2,-0.5,3.1,8.200000000000001,75.7,-28.900000000000002,-63.10000000000001,16
9353,156762.0,1.1,-3.1,-0.8,-0.4,2.9000000000000004,7.1000000000000005,82.7,-25.4,-68.7,16
9354,156779.0,0.8,-3.4000000000000004,-2.6,-0.8,2.8000000000000003,5.1000000000000005,84.6,-25.900000000000002,-79.6,16
9355,156795.0,0.2,-3.3000000000000003,-3.3000000000000003,-1.5,3.0,4.2,74.10000000000001,-30.3,-79.9,16
9356,156812.0,0.1,-3.2,-3.8000000000000003,-1.6,3.2,3.5,64.9,-32.300000000000004,-69.3,16
9357,156829.0,0.1,-3.1,-4.1000000000000005,-1.6,3.4000000000000004,3.2,59.40000000000001,-32.8,-62.7,16
9358,156846.0,0.1,-2.5,-4.4,-1.7000000000000002,4.0,2.7,42.60000000000001,-33.300000000000004,-48.400000000000006,16
9359,156862.0,0.30000000000000004,-1.7000000000000002,-4.5,-1.6,4.800000000000001,2.6,20.1,-33.7,-31.3,16
9360,156879.0,0.30000000000000004,-1.5,-4.3,-1.5,5.0,2.7,8.700000000000001,-35.9,-23.2,16
9361,156895.0,0.0,-0.9,-3.6,-1.7000000000000002,5.6000000000000005,3.5,-11.000000000000002,-39.300000000000004,-9.899999999999999,16
9362,156912.0,-0.5,-0.4,-2.9000000000000004,-2.2,6.0,4.2,-25.8,-25.8,5.500000000000001,16
9363,156929.0,-0.6000000000000001,-0.2,-2.6,-2.2,6.2,4.5,-34.7,-14.400000000000002,13.200000000000003,16
9364,156945.0,-0.9,-0.1,-1.2000000000000002,-2.5,6.2,6.0,-55.60000000000001,8.3,24.5,16
9365,156963.0,-0.8,-0.1,0.6000000000000001,-2.4000000000000004,6.0,7.9,-65.10000000000001,20.400000000000002,28.600000000000005,16
9366,156979.0,-0.9,0.0,1.5,-2.5,6.1000000000000005,8.9,-65.3,21.500000000000004,27.9,16
9367,156995.0,-1.4000000000000001,0.2,3.0,-3.0,6.2,10.5,-57.1,10.4,26.1,16
9368,157012.0,-2.2,0.4,4.1000000000000005,-3.7,6.2,11.8,-42.60000000000001,-10.700000000000001,26.700000000000003,16
9369,157029.0,-2.6,0.5,4.3,-4.1000000000000005,6.300000000000001,12.0,-34.0,-18.6,30.599999999999998,16
9370,157046.0,-2.4000000000000004,0.4,4.4,-3.7,6.1000000000000005,12.200000000000001,-18.5,-25.200000000000003,42.1,16
9371,157062.0,-1.1,-0.2,3.7,-2.3000000000000003,5.5,11.600000000000001,-2.6,-27.6,43.70000000000001,16
9372,157079.0,-0.8,-0.30000000000000004,3.0,-1.9000000000000001,5.5,10.9,2.3,-26.6,38.400000000000006,16
9373,157096.0,-0.8,-0.8,2.0,-1.8,5.0,9.9,-2.4000000000000004,-13.6,28.400000000000002,16
9374,157112.0,-0.8,-0.8,1.1,-1.8,4.9,9.1,-16.900000000000002,-2.6,22.000000000000004,16
9375,157129.0,-0.9,-1.0,1.1,-1.9000000000000001,4.7,9.0,-28.200000000000003,2.8,20.0,16
9376,157145.0,-0.9,-1.3,1.3,-1.9000000000000001,4.3,9.4,-47.5,6.699999999999999,17.7,16
9377,157162.0,-0.5,-1.4000000000000001,1.5,-1.4000000000000001,4.0,9.700000000000001,-52.300000000000004,-1.4,12.5,16
9378,157179.0,-0.2,-1.5,1.4000000000000001,-1.2000000000000002,3.9000000000000004,9.600000000000001,-49.0,-6.0,9.2,16
9379,157195.0,0.2,-1.6,0.30000000000000004,-0.6000000000000001,3.6,8.6,-37.800000000000004,-7.699999999999999,1.1,16
9380,157212.0,0.2,-1.6,-0.9,-0.7000000000000001,3.5,7.5,-33.400000000000006,2.8,-8.3,16
9381,157229.0,0.1,-1.4000000000000001,-1.3,-0.8,3.6,7.1000000000000005,-34.900000000000006,11.6,-11.900000000000002,16
9382,157246.0,-0.2,-1.1,-1.6,-1.3,3.8000000000000003,6.800000000000001,-41.0,32.8,-15.899999999999999,16
9383,157262.0,-0.7000000000000001,-1.0,-1.3,-1.9000000000000001,3.8000000000000003,7.1000000000000005,-47.7,49.50000000000001,-15.899999999999999,16
9384,157279.0,-0.9,-0.9,-1.1,-2.2,3.8000000000000003,7.4,-49.199999999999996,51.4,-14.400000000000002,16
9385,157295.0,-1.0,-0.8,-0.8,-2.4000000000000004,3.7,7.800000000000001,-42.1,43.1,-9.3,16
9386,157312.0,-0.6000000000000001,-0.8,-1.3,-2.2,3.6,7.300000000000001,-22.700000000000003,28.400000000000002,-4.7,16
9387,157329.0,-0.5,-0.8,-1.9000000000000001,-2.1,3.6,6.7,-13.100000000000001,21.500000000000004,-3.5,16
9388,157347.0,-0.30000000000000004,-0.6000000000000001,-3.2,-2.0,3.8000000000000003,5.300000000000001,-3.0,10.4,-2.1,16
9389,157362.0,-0.5,-0.30000000000000004,-3.8000000000000003,-2.2,4.1000000000000005,4.7,-5.2,5.300000000000001,2.1,16
9390,157379.0,-0.4,-0.1,-3.6,-2.1,4.3,4.9,-7.400000000000001,5.8,5.9,16
9391,157396.0,-0.2,0.4,-2.7,-1.9000000000000001,4.800000000000001,5.800000000000001,-7.300000000000001,13.3,14.0,16
9392,157412.0,-0.1,1.1,-2.3000000000000003,-1.8,5.4,6.2,-1.9,20.5,22.1,16
9393,157429.0,0.0,1.5,-2.4000000000000004,-1.7000000000000002,5.9,6.1000000000000005,-1.5,21.1,27.400000000000002,16
9394,157445.0,0.4,2.0,-1.7000000000000002,-1.3,6.4,6.7,-12.5,9.600000000000001,38.2,16
9395,157462.0,0.2,2.1,-0.5,-1.4000000000000001,6.4,8.0,-23.900000000000006,-10.700000000000001,44.300000000000004,16
9396,157479.0,0.30000000000000004,2.2,0.0,-1.2000000000000002,6.6000000000000005,9.0,-28.0,-17.0,47.7,16
9397,157495.0,0.2,2.2,1.0,-1.2000000000000002,6.5,9.600000000000001,-36.5,-26.6,53.10000000000001,16
9398,157512.0,0.4,2.1,1.9000000000000001,-0.8,6.300000000000001,10.600000000000001,-36.0,-39.300000000000004,57.800000000000004,16
9399,157529.0,1.3,1.8,2.5,0.4,6.0,11.200000000000001,-25.0,-53.7,56.9,16
9400,157545.0,2.0,1.7000000000000002,2.5,1.1,5.9,11.3,-17.400000000000002,-59.699999999999996,51.50000000000001,16
9401,157562.0,2.7,1.5,2.9000000000000004,2.1,5.7,11.700000000000001,-2.1,-63.900000000000006,29.900000000000006,16
9402,157579.0,2.4000000000000004,1.1,3.6,2.0,5.300000000000001,12.4,6.600000000000001,-61.300000000000004,14.5,16
9403,157595.0,1.9000000000000001,1.0,3.6,1.6,5.2,12.4,29.900000000000006,-43.00000000000001,-17.7,16
9404,157612.0,0.8,1.0,2.8000000000000003,0.6000000000000001,5.5,11.600000000000001,55.8,-21.8,-40.4,16
9405,157629.0,0.30000000000000004,1.5,2.0,-0.4,6.5,9.600000000000001,73.6,-7.400000000000001,-46.4,16
9406,157647.0,-0.5,2.1,0.0,-0.9,6.800000000000001,8.700000000000001,70.8,3.0,-42.0,16
9407,157662.0,-1.0,2.5,-0.30000000000000004,-1.5,7.4,8.3,42.800000000000004,17.1,-26.400000000000006,16
9408,157679.0,-1.1,2.5,-0.1,-1.7000000000000002,7.4,9.1,23.099999999999998,18.200000000000003,-17.7,16
9409,157696.0,-1.2000000000000002,2.1,1.6,-1.7000000000000002,7.0,10.100000000000001,-13.8,5.6,0.9000000000000001,16
9410,157712.0,-1.0,1.6,2.5,-1.0,5.9,11.8,-25.0,-15.2,17.799999999999997,16
9411,157729.0,0.8,0.0,3.3000000000000003,0.5,4.9,11.9,-12.299999999999999,-40.2,20.0,16
9412,157745.0,1.2000000000000002,-0.1,2.6,0.9,4.7,11.3,-3.1,-47.900000000000006,15.2,16
9413,157762.0,1.4000000000000001,-0.1,1.1,1.3,4.800000000000001,9.8,8.600000000000001,-46.6,2.8,16
9414,157779.0,1.2000000000000002,-0.1,0.0,1.2000000000000002,4.9,8.700000000000001,9.100000000000001,-24.3,-4.6,16
9415,157795.0,1.1,-0.1,-0.30000000000000004,1.1,4.9,8.4,6.0,-10.9,-5.9,16
9416,157812.0,1.2000000000000002,-0.1,-0.30000000000000004,1.2000000000000002,4.800000000000001,8.3,-1.7,10.5,-7.1000000000000005,16
9417,157829.0,1.1,-0.7000000000000001,0.1,1.1,4.2,8.8,-7.8,18.900000000000002,-11.6,16
9418,157845.0,1.1,-1.0,0.6000000000000001,1.0,3.9000000000000004,9.3,-9.100000000000001,14.900000000000002,-16.900000000000002,16
9419,157862.0,0.7000000000000001,-1.2000000000000002,1.0,0.6000000000000001,3.6,9.700000000000001,-1.6,1.7,-30.5,16
9420,157879.0,0.4,-1.5,0.6000000000000001,0.2,3.4000000000000004,9.3,18.0,-6.699999999999999,-40.6,16
9421,157895.0,0.2,-1.8,0.1,0.0,3.2,8.700000000000001,29.300000000000004,-8.600000000000001,-45.0,16
9422,157912.0,-0.1,-2.2,-1.4000000000000001,-0.30000000000000004,2.9000000000000004,7.2,47.60000000000001,-12.8,-52.00000000000001,16
9423,157929.0,-0.1,-2.1,-3.1,-0.4,3.0,5.300000000000001,52.900000000000006,-20.2,-55.900000000000006,16
9424,157946.0,-0.1,-1.9000000000000001,-3.9000000000000004,-0.4,3.3000000000000003,4.5,48.70000000000001,-26.200000000000003,-55.60000000000001,16
9425,157962.0,0.2,-1.1,-5.2,-0.1,4.2,3.1,23.700000000000003,-46.6,-48.70000000000001,16
9426,157979.0,0.7000000000000001,-0.5,-4.9,0.5,4.800000000000001,3.4000000000000004,-21.1,-87.50000000000001,-37.7,16
9427,157996.0,0.7000000000000001,-0.30000000000000004,-4.1000000000000005,0.7000000000000001,4.800000000000001,4.2,-45.9,-118.00000000000001,-32.9,16
9428,158012.0,0.8,-0.30000000000000004,-1.9000000000000001,1.2000000000000002,4.7,6.5,-88.00000000000001,-180.0,-21.1,16
9429,158029.0,1.0,0.0,0.1,2.2,4.7,11.0,-88.20000000000002,-186.70000000000002,-10.5,16
9430,158045.0,1.4000000000000001,-0.1,4.2,2.6,4.5,12.700000000000001,-61.9,-151.6,-8.700000000000001,16
9431,158062.0,1.8,-0.9,4.2,3.2,3.7,12.8,26.000000000000004,-41.300000000000004,-11.4,16
9432,158079.0,2.1,-1.2000000000000002,1.0,3.4000000000000004,3.6,9.5,88.8,45.400000000000006,-29.400000000000002,16
9433,158095.0,1.6,-1.2000000000000002,-0.1,2.8000000000000003,3.8000000000000003,8.3,96.60000000000001,65.2,-42.0,16
9434,158112.0,-0.2,-1.2000000000000002,-1.2000000000000002,0.7000000000000001,4.1000000000000005,7.0,87.50000000000001,63.500000000000014,-55.7,16
9435,158129.0,-2.1,-0.9,-1.4000000000000001,-1.4000000000000001,4.6000000000000005,6.7,66.9,30.699999999999996,-47.5,16
9436,158145.0,-2.8000000000000003,-0.5,-1.2000000000000002,-2.1,5.0,6.9,57.00000000000001,15.2,-35.3,16
9437,158162.0,-3.1,0.0,-1.0,-2.5,5.7,7.0,41.4,2.2,2.6,16
9438,158179.0,-2.2,-0.30000000000000004,-1.0,-1.6,5.5,6.9,23.800000000000004,-1.9,37.2,16
9439,158195.0,-1.4000000000000001,-0.4,-0.5,-0.8,5.300000000000001,7.4,12.100000000000001,-5.0,46.4,16
9440,158212.0,-0.6000000000000001,-1.0,0.7000000000000001,0.2,4.7,8.5,2.6,-17.6,44.5,16
9441,158229.0,-0.8,-0.8,0.1,0.1,4.9,7.9,3.0,-22.5,31.6,16
9442,158246.0,-1.3,-0.8,-0.5,-0.9,5.0,7.0,-3.9,-21.8,27.3,16
9443,158262.0,-2.4000000000000004,-0.5,-1.1,-1.4000000000000001,5.1000000000000005,6.800000000000001,-36.400000000000006,-15.000000000000002,31.799999999999997,16
9444,158280.0,-2.9000000000000004,-1.0,0.0,-1.8,4.4,8.0,-84.4,-2.4000000000000004,52.900000000000006,16
9445,158295.0,-2.5,-1.5,1.4000000000000001,-0.6000000000000001,3.2,11.4,-104.2,1.6,61.50000000000001,16
9446,158312.0,-1.1,-2.1,4.9,0.1,2.8000000000000003,13.3,-108.60000000000001,0.2,56.800000000000004,16
9447,158329.0,-0.6000000000000001,-2.1,6.6000000000000005,0.7000000000000001,2.5,15.100000000000001,-55.400000000000006,-5.500000000000001,25.7,16
9448,158345.0,-0.9,-1.8,5.7,-0.1,3.1,12.4,-15.2,1.3,8.600000000000001,16
9449,158362.0,-2.0,-1.4000000000000001,1.9000000000000001,-0.8,3.3000000000000003,10.5,49.4,41.1,-11.000000000000002,16
9450,158379.0,-2.5,-0.8,-1.2000000000000002,-1.6,4.1000000000000005,7.300000000000001,72.7,96.9,-8.0,16
9451,158395.0,-1.8,-0.1,-3.1,-1.3,5.0,5.2,61.300000000000004,146.9,7.9,16
9452,158412.0,-1.4000000000000001,0.1,-3.6,-1.1,5.300000000000001,4.7,46.7,160.60000000000002,17.5,16
9453,158429.0,-1.2000000000000002,0.0,-3.8000000000000003,-1.3,5.2,4.5,7.6,155.5,36.8,16
9454,158445.0,-1.1,0.0,-3.4000000000000004,-1.2000000000000002,5.1000000000000005,5.5,-30.699999999999996,114.9,57.3,16
9455,158462.0,-0.6000000000000001,-0.2,-2.1,-1.0,4.9,6.2,-43.4,90.19999999999999,66.0,16
9456,158479.0,0.0,-0.2,-1.0,-0.4,4.800000000000001,7.300000000000001,-48.9,42.3,78.0,16
9457,158495.0,0.7000000000000001,-0.1,-1.1,0.30000000000000004,4.800000000000001,7.300000000000001,-37.0,13.000000000000002,84.69999999999999,16
9458,158512.0,1.1,-0.1,-1.3,0.8,4.7,7.2,-29.1,4.6,85.80000000000001,16
9459,158529.0,1.7000000000000002,-0.1,-1.6,1.5,4.7,6.800000000000001,-12.4,-1.1,80.8,16
9460,158545.0,2.0,-0.1,-1.4000000000000001,1.9000000000000001,4.7,7.0,2.2,8.0,68.80000000000001,16
9461,158564.0,1.9000000000000001,-0.1,-1.3,1.9000000000000001,4.7,7.2,10.5,13.900000000000002,61.50000000000001,16
9462,158579.0,1.9000000000000001,0.1,-1.1,2.0,4.9,7.300000000000001,25.8,26.200000000000003,46.9,16
9463,158595.0,1.4000000000000001,0.0,-0.4,1.4000000000000001,4.9,7.9,35.0,32.6,32.6,16
9464,158614.0,1.0,0.1,-0.2,0.6000000000000001,5.2,7.9,38.800000000000004,33.50000000000001,26.6,16
9465,158629.0,0.4,0.30000000000000004,-0.4,0.30000000000000004,5.4,7.800000000000001,39.599999999999994,38.900000000000006,19.700000000000003,16
9466,158645.0,-0.1,0.4,0.0,-0.2,5.7,8.1,30.1,40.4,16.6,16
9467,158662.0,-0.2,0.5,0.30000000000000004,-0.4,5.7,8.4,26.000000000000004,39.1,15.5,16
9468,158679.0,0.0,0.30000000000000004,0.9,-0.30000000000000004,5.7,9.0,23.700000000000003,31.6,10.8,16
9469,158695.0,0.2,0.1,1.1,-0.2,5.5,9.200000000000001,26.9,21.8,-0.6000000000000001,16
9470,158712.0,0.1,0.0,1.0,-0.2,5.5,9.0,29.0,19.6,-6.9,16
9471,158729.0,0.4,0.2,0.7000000000000001,-0.1,5.7,8.6,27.0,22.6,-19.799999999999997,16
9472,158745.0,0.5,0.1,1.2000000000000002,-0.1,5.7,9.1,21.900000000000002,30.9,-35.1,16
9473,158762.0,0.30000000000000004,0.1,1.3,-0.4,5.7,9.200000000000001,22.2,35.1,-43.1,16
9474,158779.0,0.30000000000000004,0.4,1.2000000000000002,-0.6000000000000001,6.1000000000000005,9.0,32.400000000000006,34.800000000000004,-55.2,16
9475,158795.0,0.8,1.4000000000000001,-0.6000000000000001,-0.30000000000000004,7.2,7.2,41.4,36.9,-57.20000000000001,16
9476,158812.0,0.8,1.6,-1.3,-0.4,7.4,6.4,33.50000000000001,40.4,-54.9,16
9477,158829.0,1.1,1.9000000000000001,-1.8,-0.30000000000000004,7.7,5.9,-0.6000000000000001,36.8,-49.4,16
9478,158845.0,1.0,1.9000000000000001,-0.8,-0.6000000000000001,7.6000000000000005,6.9,-43.900000000000006,23.400000000000002,-42.2,16
9479,158862.0,0.9,1.8,0.2,-0.7000000000000001,7.4,8.0,-60.7,14.300000000000002,-36.1,16
9480,158879.0,1.4000000000000001,1.4000000000000001,2.0,-0.2,6.800000000000001,9.9,-74.30000000000001,1.2000000000000002,-22.6,16
9481,158896.0,2.2,1.0,3.1,0.6000000000000001,6.300000000000001,11.100000000000001,-67.3,-13.3,-16.5,16
9482,158912.0,2.6,1.0,3.2,1.0,6.2,11.4,-57.60000000000001,-18.700000000000003,-17.300000000000004,16
9483,158930.0,2.9000000000000004,1.3,2.7,1.3,6.4,10.9,-36.7,-15.5,-22.1,16
9484,158945.0,2.5,1.4000000000000001,1.8,0.9,6.4,10.100000000000001,-27.2,-4.4,-26.000000000000004,16
9485,158962.0,1.8,1.4000000000000001,1.6,0.2,6.300000000000001,10.0,-27.2,-0.2,-26.5,16
9486,158979.0,1.5,1.4000000000000001,1.8,-0.1,6.2,10.200000000000001,-29.700000000000006,2.2,-21.500000000000004,16
9487,158996.0,1.7000000000000002,0.7000000000000001,2.1,0.1,5.5,10.600000000000001,-22.9,-10.8,-14.0,16
9488,159012.0,2.1,0.30000000000000004,2.1,0.6000000000000001,4.7,10.4,-15.6,-22.1,-15.000000000000002,16
9489,159029.0,2.0,-0.30000000000000004,1.7000000000000002,0.5,4.4,10.200000000000001,4.4,-45.2,-25.900000000000002,16
9490,159045.0,1.1,-1.0,0.7000000000000001,-0.30000000000000004,3.8000000000000003,9.3,31.6,-55.1,-37.9,16
9491,159062.0,0.2,-1.3,-0.6000000000000001,-1.1,3.6,7.9,44.8,-53.7,-41.4,16
9492,159079.0,-0.1,-1.3,-1.3,-1.4000000000000001,3.7,7.1000000000000005,62.199999999999996,-37.9,-41.7,16
9493,159095.0,-0.1,-1.4000000000000001,-2.4000000000000004,-1.3,3.8000000000000003,5.9,63.10000000000001,-23.6,-36.8,16
9494,159112.0,0.4,-1.5,-3.0,-0.9,3.8000000000000003,5.2,58.800000000000004,-23.3,-34.60000000000001,16
9495,159129.0,0.8,-1.5,-3.1,-0.5,3.9000000000000004,5.0,47.0,-34.300000000000004,-33.9,16
9496,159145.0,1.2000000000000002,-1.4000000000000001,-2.8000000000000003,0.0,4.0,5.300000000000001,33.7,-47.1,-40.1,16
9497,159162.0,1.0,-1.4000000000000001,-2.6,-0.8,4.2,5.800000000000001,27.9,-49.9,-45.6,16
9498,159180.0,-0.1,-0.8,-1.8,-1.2000000000000002,4.6000000000000005,6.2,19.0,-42.400000000000006,-49.300000000000004,16
9499,159195.0,-0.2,-0.4,-1.2000000000000002,-1.3,5.1000000000000005,6.800000000000001,19.5,-15.5,-41.6,16
9500,159213.0,0.1,-0.4,-1.1,-1.1,5.1000000000000005,6.800000000000001,20.1,14.700000000000001,-34.800000000000004,16
9501,159229.0,0.2,-0.5,-1.0,-1.1,5.1000000000000005,6.9,18.8,25.5,-34.2,16
9502,159245.0,-0.8,-0.7000000000000001,-0.4,-2.2,4.9,7.4,14.300000000000002,36.400000000000006,-35.9,16
9503,159262.0,-2.0,-0.6000000000000001,0.2,-3.7,5.0,8.0,7.8,31.6,-31.400000000000002,16
9504,159279.0,-2.4000000000000004,-0.5,0.5,-4.1000000000000005,5.1000000000000005,8.3,3.8,25.7,-24.3,16
9505,159295.0,-2.5,-0.5,1.1,-4.3,5.1000000000000005,8.9,-4.5,8.700000000000001,-5.6,16
9506,159312.0,-1.9000000000000001,-0.9,1.3,-3.7,4.6000000000000005,9.1,-6.300000000000001,-12.0,7.400000000000001,16
9507,159329.0,-1.7000000000000002,-1.0,1.1,-3.5,4.5,8.9,-6.1000000000000005,-19.9,8.600000000000001,16
9508,159345.0,-1.7000000000000002,-0.7000000000000001,0.7000000000000001,-3.4000000000000004,4.7,8.6,-8.8,-25.1,6.1000000000000005,16
9509,159362.0,-1.7000000000000002,-0.5,0.6000000000000001,-3.4000000000000004,4.9,8.6,-16.3,-21.300000000000004,1.0,16
9510,159379.0,-1.7000000000000002,-0.5,0.6000000000000001,-3.3000000000000003,4.9,8.6,-21.400000000000002,-15.8,-1.0,16
9511,159396.0,-1.4000000000000001,-0.30000000000000004,0.7000000000000001,-2.9000000000000004,5.1000000000000005,8.8,-32.300000000000004,-2.2,-5.4,16
9512,159412.0,-1.4000000000000001,-0.4,0.7000000000000001,-3.1,4.800000000000001,8.8,-50.7,10.9,-10.700000000000001,16
9513,159429.0,-1.6,-0.4,0.6000000000000001,-3.3000000000000003,4.7,8.8,-65.2,16.200000000000003,-11.6,16
9514,159446.0,-2.6,-0.6000000000000001,2.2,-4.4,4.2,10.5,-101.6,21.300000000000004,-8.0,16
9515,159464.0,-2.5,-0.9,5.2,-4.3,3.6,13.700000000000001,-106.60000000000001,12.9,-1.4,16
9516,159483.0,-2.0,-1.2000000000000002,5.6000000000000005,-3.9000000000000004,3.0,14.3,-61.199999999999996,-0.7,-0.9000000000000001,16
9517,159496.0,-1.7000000000000002,-1.3,4.4,-3.6,2.9000000000000004,13.200000000000001,-31.5,-5.2,-1.8000000000000003,16
9518,159512.0,-1.3,-0.8,0.8,-3.2,3.4000000000000004,9.5,8.8,-3.5,-3.8,16
9519,159529.0,-1.2000000000000002,-0.6000000000000001,-0.5,-3.1,3.6,8.200000000000001,14.5,5.0,-2.8,16
9520,159547.0,-0.8,-0.2,-2.5,-2.8000000000000003,4.0,6.1000000000000005,10.1,27.9,3.7000000000000006,16
9521,159562.0,-0.5,-0.1,-3.3000000000000003,-2.6,4.2,5.300000000000001,-12.4,49.6,13.8,16
9522,159579.0,-0.5,-0.2,-3.1,-2.6,4.0,5.5,-25.4,56.2,19.0,16
9523,159595.0,-0.2,-0.5,-2.2,-2.5,3.6,6.4,-41.7,57.699999999999996,29.300000000000004,16
9524,159612.0,0.30000000000000004,-0.6000000000000001,-1.8,-2.1,3.4000000000000004,6.800000000000001,-42.900000000000006,50.3,35.2,16
9525,159629.0,0.5,-0.6000000000000001,-1.6,-1.9000000000000001,3.4000000000000004,7.0,-38.800000000000004,46.0,37.1,16
9526,159645.0,0.8,-0.6000000000000001,-2.0,-1.7000000000000002,3.3000000000000003,6.6000000000000005,-24.599999999999998,36.1,38.800000000000004,16
9527,159662.0,0.7000000000000001,-0.4,-2.9000000000000004,-1.8,3.5,5.7,-15.5,24.599999999999998,40.5,16
9528,159679.0,0.6000000000000001,-0.2,-3.2,-1.8,3.8000000000000003,5.1000000000000005,-14.100000000000001,18.8,43.2,16
9529,159695.0,0.8,0.0,-3.7,-1.7000000000000002,3.9000000000000004,4.800000000000001,-15.299999999999999,10.8,51.0,16
9530,159712.0,1.2000000000000002,0.1,-3.9000000000000004,-1.2000000000000002,4.0,4.7,-20.7,5.6,56.6,16
9531,159729.0,1.4000000000000001,0.30000000000000004,-3.8000000000000003,-0.9,4.2,4.7,-24.200000000000003,3.0,57.1,16
9532,159748.0,1.5,0.5,-3.7,-0.8,4.4,4.800000000000001,-29.700000000000006,-0.6000000000000001,53.400000000000006,16
9533,159762.0,0.9,0.8,-3.2,-1.3,4.6000000000000005,5.300000000000001,-32.6,4.7,48.10000000000001,16
9534,159779.0,0.5,1.0,-2.8000000000000003,-2.0,4.7,6.300000000000001,-33.300000000000004,13.6,47.3,16
9535,159795.0,0.1,1.1,-1.5,-2.2,4.800000000000001,7.0,-36.2,44.300000000000004,48.2,16
9536,159812.0,0.1,1.2000000000000002,0.1,-2.3000000000000003,4.800000000000001,8.6,-39.0,81.50000000000001,45.7,16
9537,159829.0,0.30000000000000004,1.1,2.5,-2.3000000000000003,4.6000000000000005,11.0,-34.400000000000006,90.1,37.300000000000004,16
9538,159845.0,0.2,1.0,3.6,-2.5,4.5,12.100000000000001,-28.600000000000005,74.2,29.900000000000006,16
9539,159862.0,-0.4,1.3,5.0,-3.2,4.800000000000001,13.600000000000001,-20.5,8.2,13.700000000000001,16
9540,159879.0,-1.5,1.5,6.1000000000000005,-4.1000000000000005,5.0,14.8,-14.900000000000002,-64.9,9.2,16
9541,159896.0,-1.4000000000000001,1.7000000000000002,6.7,-3.9000000000000004,5.2,15.4,-8.100000000000001,-91.8,11.000000000000002,16
9542,159912.0,-0.2,1.8,6.6000000000000005,-2.4000000000000004,5.300000000000001,15.5,21.300000000000004,-106.4,12.200000000000001,16
9543,159929.0,0.4,1.8,5.800000000000001,-1.0,5.9,13.600000000000001,54.4,-82.2,1.8000000000000003,16
9544,159945.0,1.1,2.6,3.4000000000000004,-0.7000000000000001,6.4,12.3,60.5,-61.599999999999994,-5.6,16
9545,159962.0,0.9,3.0,2.3000000000000003,-0.8,7.0,11.100000000000001,46.1,-19.1,-18.200000000000003,16
9546,159979.0,0.1,2.9000000000000004,3.0,-1.6,7.0,11.9,20.1,13.399999999999999,-22.4,16
9547,159995.0,-0.30000000000000004,2.6,3.7,-2.1,6.7,12.600000000000001,11.3,23.400000000000002,-20.2,16
9548,160012.0,-0.2,1.7000000000000002,4.800000000000001,-2.1,5.800000000000001,13.600000000000001,9.5,25.0,-10.4,16
9549,160029.0,0.5,0.9,4.1000000000000005,-1.4000000000000001,5.1000000000000005,13.0,23.800000000000004,1.2000000000000002,-3.9,16
9550,160046.0,1.0,0.7000000000000001,3.2,-0.9,4.9,12.0,31.7,-12.299999999999999,-2.9,16
9551,160062.0,1.6,0.5,1.4000000000000001,-0.30000000000000004,4.800000000000001,10.3,36.8,-24.0,-4.300000000000001,16
9552,160079.0,2.1,0.2,0.5,0.30000000000000004,4.7,9.3,33.0,-15.6,-5.9,16
9553,160095.0,2.2,0.2,0.2,0.5,4.7,9.0,28.800000000000004,-8.899999999999999,-7.699999999999999,16
9554,160112.0,2.1,-0.1,0.2,0.30000000000000004,4.5,9.0,19.700000000000003,-1.1,-11.4,16
9555,160129.0,2.0,-0.4,0.5,0.2,4.2,9.200000000000001,14.300000000000002,-4.9,-14.100000000000001,16
9556,160145.0,2.0,-0.7000000000000001,0.7000000000000001,0.30000000000000004,3.9000000000000004,9.4,14.900000000000002,-10.5,-16.6,16
9557,160162.0,1.9000000000000001,-1.2000000000000002,1.0,0.30000000000000004,3.4000000000000004,9.700000000000001,26.9,-23.2,-26.5,16
9558,160180.0,1.3,-1.8,0.8,-0.4,2.9000000000000004,9.4,49.0,-31.6,-39.0,16
9559,160195.0,0.9,-2.0,0.4,-0.8,2.8000000000000003,9.0,62.0,-32.9,-43.6,16
9560,160212.0,0.5,-2.4000000000000004,-0.9,-1.1,2.6,7.6000000000000005,86.8,-27.099999999999998,-47.1,16
9561,160229.0,0.5,-2.7,-2.3000000000000003,-1.2000000000000002,2.6,6.0,101.0,-18.5,-46.800000000000004,16
9562,160247.0,0.4,-2.8000000000000003,-3.5,-1.3,2.7,4.6000000000000005,102.89999999999999,-15.700000000000001,-44.6,16
9563,160262.0,0.4,-2.8000000000000003,-4.0,-1.3,2.8000000000000003,4.0,98.7,-15.8,-43.00000000000001,16
9564,160279.0,0.30000000000000004,-2.8000000000000003,-4.3,-1.4000000000000001,3.0,3.5,83.60000000000001,-18.6,-38.60000000000001,16
9565,160295.0,0.4,-2.6,-4.1000000000000005,-1.3,3.3000000000000003,3.6,74.60000000000001,-21.6,-36.2,16
9566,160312.0,0.6000000000000001,-2.1,-3.7,-1.2000000000000002,4.0,3.9000000000000004,61.300000000000004,-25.1,-31.5,16
9567,160329.0,0.5,-1.4000000000000001,-3.6,-1.2000000000000002,4.7,3.8000000000000003,48.800000000000004,-19.9,-24.7,16
9568,160349.0,0.4,-1.0,-3.0,-1.4000000000000001,5.2,4.3,28.400000000000002,-12.5,-17.1,16
9569,160362.0,0.2,-0.8,-2.3000000000000003,-1.5,5.4,5.0,16.0,-6.9,-13.700000000000001,16
9570,160380.0,-0.2,-0.6000000000000001,-0.5,-1.9000000000000001,5.6000000000000005,6.800000000000001,-0.30000000000000004,12.100000000000001,-5.4,16
9571,160395.0,-0.2,-0.6000000000000001,0.2,-2.0,5.6000000000000005,7.5,-4.300000000000001,22.5,-1.3,16
9572,160412.0,-0.1,-0.8,1.5,-2.0,5.4,8.8,-5.7,22.8,3.3000000000000007,16
9573,160429.0,-0.4,-0.7000000000000001,2.1,-2.2,5.5,9.4,0.8,5.7,4.9,16
9574,160445.0,-0.6000000000000001,-0.7000000000000001,2.0,-2.5,5.5,9.3,4.2,-2.5,5.6,16
9575,160462.0,-1.1,-0.7000000000000001,1.4000000000000001,-2.9000000000000004,5.5,8.8,6.2,-9.600000000000001,7.6,16
9576,160479.0,-1.3,-0.8,1.3,-3.1,5.4,8.6,2.1,-3.8,11.2,16
9577,160495.0,-1.3,-0.7000000000000001,1.3,-3.0,5.6000000000000005,8.8,0.6000000000000001,1.2000000000000002,12.7,16
9578,160512.0,-1.3,-0.6000000000000001,1.6,-3.1,5.6000000000000005,8.9,1.7,7.1000000000000005,10.1,16
9579,160529.0,-1.4000000000000001,-0.4,0.8,-3.2,5.800000000000001,8.200000000000001,3.7000000000000006,2.2,5.500000000000001,16
9580,160545.0,-1.6,-0.30000000000000004,0.30000000000000004,-3.4000000000000004,5.9,7.7,-1.4,-1.4,4.6,16
9581,160562.0,-1.9000000000000001,-0.30000000000000004,-0.8,-3.7,5.800000000000001,6.6000000000000005,-25.200000000000003,-7.400000000000001,10.600000000000001,16
9582,160579.0,-1.9000000000000001,-0.6000000000000001,-1.1,-3.7,5.4,6.4,-70.3,-10.700000000000001,21.1,16
9583,160595.0,-2.0,-1.2000000000000002,0.6000000000000001,-3.7,4.5,8.4,-118.40000000000002,-16.8,31.3,16
9584,160612.0,-1.9000000000000001,-1.6,2.1,-3.5,4.0,10.0,-130.8,-21.300000000000004,35.2,16
9585,160629.0,-1.1,-2.1,4.2,-2.6,3.1,12.3,-119.0,-30.799999999999997,32.8,16
9586,160645.0,-0.4,-1.8,3.9000000000000004,-1.8,3.1,12.3,-99.30000000000001,-31.799999999999997,26.6,16
9587,160662.0,-0.2,-1.6,3.2,-1.5,3.3000000000000003,11.600000000000001,-50.7,-16.6,8.8,16
9588,160679.0,-0.1,-1.2000000000000002,0.8,-1.5,3.7,9.3,-11.1,23.0,-11.2,16
9589,160695.0,-0.4,-0.6000000000000001,-1.3,-2.0,4.2,7.1000000000000005,-0.7,44.5,-19.5,16
9590,160712.0,-0.8,-0.30000000000000004,-2.0,-2.5,4.5,6.4,0.30000000000000004,74.89999999999999,-29.0,16
9591,160729.0,-1.2000000000000002,0.0,-2.2,-3.4000000000000004,4.800000000000001,6.1000000000000005,-14.800000000000002,86.2,-23.400000000000002,16
9592,160745.0,-1.5,0.1,-2.0,-3.7,4.800000000000001,6.300000000000001,-21.500000000000004,83.80000000000001,-16.4,16
9593,160762.0,-1.2000000000000002,0.1,-2.1,-3.6,4.7,6.2,-29.800000000000004,64.7,0.7,16
9594,160784.0,-0.6000000000000001,0.0,-2.4000000000000004,-2.7,4.5,5.7,-30.9,35.0,16.1,16
9595,160796.0,0.1,0.0,-2.8000000000000003,-2.4000000000000004,4.5,5.5,-27.2,11.900000000000002,26.000000000000004,16
9596,160812.0,0.2,0.2,-2.9000000000000004,-2.3000000000000003,4.6000000000000005,5.4,-24.7,6.2,28.900000000000002,16
9597,160829.0,0.5,0.4,-3.1,-1.9000000000000001,4.800000000000001,5.2,-17.5,9.100000000000001,34.7,16
9598,160846.0,0.8,0.7000000000000001,-3.3000000000000003,-1.6,5.2,4.9,-9.5,24.5,39.9,16
9599,160862.0,1.0,1.0,-3.3000000000000003,-1.5,5.4,5.0,-7.200000000000001,33.400000000000006,41.199999999999996,16
9600,160879.0,1.2000000000000002,1.5,-2.8000000000000003,-1.3,6.0,5.4,-3.2,48.2,40.9,16
9601,160895.0,1.3,2.1,-2.4000000000000004,-1.3,6.7,5.7,-0.2,57.699999999999996,35.5,16
9602,160912.0,1.1,2.4000000000000004,-1.9000000000000001,-1.5,6.9,6.2,-1.7,61.199999999999996,30.200000000000003,16
9603,160929.0,-0.2,2.8000000000000003,-0.30000000000000004,-3.0,7.4,7.800000000000001,-4.0,72.2,16.3,16
9604,160945.0,-1.6,3.1,1.6,-4.6000000000000005,7.800000000000001,9.5,0.9000000000000001,94.80000000000001,6.9,16
9605,160962.0,-2.0,2.9000000000000004,2.4000000000000004,-5.2,7.6000000000000005,10.3,6.600000000000001,104.80000000000001,4.5,16
9606,160983.0,-2.1,2.7,3.1,-5.6000000000000005,7.4,10.8,25.0,106.1,4.0,16
9607,160995.0,-1.3,2.1,2.1,-5.0,6.9,9.700000000000001,40.9,68.3,7.300000000000001,16
9608,161012.0,-0.9,1.8,1.6,-4.6000000000000005,6.7,9.200000000000001,42.1,38.1,7.1000000000000005,16
9609,161029.0,-0.7000000000000001,1.6,1.2000000000000002,-4.5,6.7,8.700000000000001,36.2,-14.900000000000002,6.300000000000001,16
9610,161045.0,-0.5,1.4000000000000001,1.6,-4.1000000000000005,6.5,9.1,30.9,-36.0,10.9,16
9611,161062.0,-0.30000000000000004,1.1,1.8,-3.9000000000000004,6.4,9.4,31.5,-33.800000000000004,12.600000000000001,16
9612,161079.0,0.7000000000000001,1.1,2.6,-2.9000000000000004,6.4,10.100000000000001,43.00000000000001,-14.400000000000002,12.600000000000001,16
9613,161095.0,1.5,1.2000000000000002,1.3,-2.0,6.7,8.700000000000001,61.8,1.3,8.4,16
9614,161112.0,1.5,1.5,0.6000000000000001,-1.9000000000000001,7.1000000000000005,7.9,61.0,6.2,6.1000000000000005,16
9615,161129.0,1.4000000000000001,1.7000000000000002,0.2,-2.1,7.4,7.4,42.0,5.6,5.8,16
9616,161145.0,1.3,2.0,0.5,-2.1,7.9,7.7,16.3,-3.8,11.1,16
9617,161162.0,1.4000000000000001,2.0,0.8,-2.0,7.800000000000001,8.0,2.8,-8.5,15.700000000000001,16
9618,161179.0,1.5,1.5,2.0,-1.8,7.300000000000001,9.200000000000001,-23.800000000000004,-19.9,24.7,16
9619,161195.0,2.1,0.5,3.6,-1.1,6.300000000000001,11.0,-34.60000000000001,-35.8,31.6,16
9620,161212.0,2.4000000000000004,0.1,3.9000000000000004,-0.2,5.6000000000000005,11.200000000000001,-30.799999999999997,-47.5,31.9,16
9621,161229.0,2.9000000000000004,-0.2,3.2,0.1,5.5,10.8,-17.799999999999997,-73.5,24.8,16
9622,161248.0,2.8000000000000003,-0.5,2.7,0.30000000000000004,5.2,10.4,-6.300000000000001,-85.30000000000001,12.7,16
9623,161264.0,2.4000000000000004,-0.6000000000000001,1.5,0.1,5.2,9.4,3.4,-74.80000000000001,0.0,16
9624,161280.0,2.0,-0.6000000000000001,1.2000000000000002,-0.1,5.2,9.0,0.6000000000000001,-63.8,-6.2,16
9625,161297.0,1.4000000000000001,-0.9,1.6,-0.6000000000000001,4.800000000000001,9.5,-5.8,-44.6,-16.6,16
9626,161313.0,1.1,-1.5,2.3000000000000003,-0.9,4.2,10.200000000000001,4.0,-28.0,-27.800000000000004,16
9627,161329.0,0.9,-1.8,2.4000000000000004,-1.1,3.9000000000000004,10.3,16.1,-23.700000000000003,-34.800000000000004,16
9628,161345.0,0.5,-2.5,1.7000000000000002,-1.5,3.3000000000000003,9.600000000000001,48.70000000000001,-20.8,-49.50000000000001,16
9629,161362.0,-0.2,-3.1,0.1,-2.3000000000000003,2.8000000000000003,7.9,65.4,-19.700000000000003,-55.2,16
9630,161379.0,-0.5,-3.4000000000000004,-0.6000000000000001,-2.6,2.5,7.1000000000000005,93.2,-13.900000000000002,-59.5,16
9631,161396.0,-0.6000000000000001,-4.1000000000000005,-2.5,-2.9000000000000004,2.0,5.0,109.8,-0.2,-56.7,16
9632,161412.0,-0.6000000000000001,-4.1000000000000005,-2.5,-3.1,2.6,3.0,93.8,6.500000000000001,-51.9,16
9633,161429.0,-0.7000000000000001,-3.5,-4.3,-3.1,2.9000000000000004,2.7,76.60000000000001,6.1000000000000005,-47.2,16
9634,161445.0,-0.6000000000000001,-3.0,-3.6,-3.2,3.4000000000000004,3.3000000000000003,44.7,3.0,-35.4,16
9635,161462.0,-0.7000000000000001,-2.5,-3.1,-3.3000000000000003,4.0,3.8000000000000003,22.6,-5.500000000000001,-20.7,16
9636,161479.0,-0.7000000000000001,-2.3000000000000003,-2.8000000000000003,-3.3000000000000003,4.2,4.0,11.4,-12.200000000000001,-12.4,16
9637,161496.0,-0.30000000000000004,-1.8,-2.0,-2.9000000000000004,4.7,4.9,-12.299999999999999,-27.0,2.8,16
9638,161512.0,0.0,-1.3,-0.7000000000000001,-2.5,5.1000000000000005,6.2,-29.600000000000005,-35.4,11.4,16
9639,161529.0,0.1,-1.1,-0.2,-2.3000000000000003,5.300000000000001,6.800000000000001,-33.800000000000004,-35.4,13.000000000000002,16
9640,161545.0,0.2,-0.7000000000000001,0.4,-2.1,5.6000000000000005,7.5,-36.2,-32.1,12.5,16
9641,161562.0,0.2,-0.2,0.8,-2.0,6.0,8.0,-32.400000000000006,-31.2,8.700000000000001,16
9642,161582.0,0.2,0.0,0.9,-2.0,6.300000000000001,8.1,-27.9,-29.900000000000006,6.699999999999999,16
9643,161595.0,0.1,0.4,0.6000000000000001,-2.0,6.5,7.9,-15.5,-24.7,0.9000000000000001,16
9644,161612.0,0.0,1.0,-0.4,-2.1,7.1000000000000005,6.9,-7.400000000000001,-18.8,-2.7,16
9645,161629.0,-0.1,1.2000000000000002,-0.9,-2.1,7.300000000000001,6.5,-9.100000000000001,-17.200000000000003,-2.9,16
9646,161645.0,-0.4,1.4000000000000001,-1.1,-2.4000000000000004,7.5,6.300000000000001,-23.3,-16.6,-0.4,16
9647,161662.0,-0.2,1.2000000000000002,-0.4,-2.2,7.2,7.0,-40.6,-16.0,5.1000000000000005,16
9648,161679.0,-0.1,1.2000000000000002,0.2,-2.0,7.1000000000000005,7.7,-46.9,-17.300000000000004,5.9,16
9649,161695.0,0.0,1.0,1.2000000000000002,-1.9000000000000001,6.800000000000001,8.9,-47.80000000000001,-21.400000000000002,2.0,16
9650,161712.0,-0.4,0.7000000000000001,1.1,-2.2,6.4,8.8,-42.400000000000006,-20.7,-8.0,16
9651,161729.0,-0.7000000000000001,0.6000000000000001,0.8,-2.5,6.2,8.5,-44.7,-16.900000000000002,-13.3,16
9652,161745.0,-1.2000000000000002,0.4,0.6000000000000001,-3.7,5.800000000000001,8.700000000000001,-67.4,-1.7,-19.0,16
9653,161762.0,-2.9000000000000004,0.0,2.9000000000000004,-4.800000000000001,5.2,11.0,-92.50000000000001,22.2,-9.899999999999999,16
9654,161779.0,-2.8000000000000003,-0.5,4.0,-4.800000000000001,4.6000000000000005,12.200000000000001,-93.00000000000001,33.6,-0.7,16
9655,161795.0,-1.6,-1.4000000000000001,4.800000000000001,-3.7,3.5,13.100000000000001,-72.4,32.0,11.6,16
9656,161812.0,-0.5,-1.7000000000000002,4.1000000000000005,-2.6,3.0,12.5,-37.9,-7.400000000000001,8.100000000000001,16
9657,161829.0,-0.4,-1.7000000000000002,3.0,-2.6,3.2,10.3,-19.5,-26.6,2.2,16
9658,161845.0,-0.8,-1.3,0.7000000000000001,-2.8000000000000003,3.4000000000000004,9.200000000000001,4.7,-30.699999999999996,-7.300000000000001,16
9659,161863.0,-1.1,-0.8,-0.9,-3.1,3.8000000000000003,7.5,11.1,3.0,-8.2,16
9660,161880.0,-0.8,-0.6000000000000001,-2.1,-2.9000000000000004,4.1000000000000005,6.4,6.4,44.6,-1.0,16
9661,161896.0,-0.6000000000000001,-0.6000000000000001,-2.4000000000000004,-2.8000000000000003,4.1000000000000005,6.0,0.4,56.50000000000001,3.4,16
9662,161912.0,-0.30000000000000004,-0.5,-2.4000000000000004,-2.6,4.1000000000000005,5.9,-15.700000000000001,58.3,11.900000000000002,16
9663,161929.0,-0.1,-0.5,-2.3000000000000003,-2.5,4.1000000000000005,6.1000000000000005,-22.2,51.2,16.5,16
9664,161945.0,0.30000000000000004,-0.4,-2.3000000000000003,-2.1,4.1000000000000005,6.1000000000000005,-29.0,30.200000000000003,24.1,16
9665,161962.0,0.6000000000000001,-0.30000000000000004,-2.3000000000000003,-1.8,4.2,6.1000000000000005,-32.6,10.200000000000001,28.500000000000004,16
9666,161980.0,0.4,0.0,-2.2,-2.0,4.4,6.2,-29.300000000000004,0.7,32.300000000000004,16
9667,161995.0,0.30000000000000004,0.2,-2.1,-2.1,4.6000000000000005,6.300000000000001,-26.5,3.7000000000000006,35.599999999999994,16
9668,162013.0,0.6000000000000001,0.6000000000000001,-1.9000000000000001,-1.7000000000000002,4.9,6.5,-17.5,16.6,43.800000000000004,16
9669,162029.0,1.0,0.7000000000000001,-2.1,-1.4000000000000001,5.1000000000000005,6.300000000000001,-12.9,22.8,45.8,16
9670,162045.0,1.5,1.0,-1.8,-0.8,5.4,6.6000000000000005,-12.8,26.300000000000004,42.400000000000006,16
9671,162062.0,1.5,1.4000000000000001,-0.5,-0.9,5.800000000000001,7.9,-10.299999999999999,16.3,34.900000000000006,16
9672,162079.0,1.2000000000000002,1.9000000000000001,-0.6000000000000001,-1.1,6.300000000000001,7.7,-4.2,12.200000000000001,32.300000000000004,16
9673,162095.0,1.2000000000000002,2.0,-0.7000000000000001,-1.1,6.5,7.7,-0.5,8.0,32.6,16
9674,162112.0,1.5,1.9000000000000001,0.5,-0.8,6.4,8.8,-6.300000000000001,-1.2000000000000002,32.400000000000006,16
9675,162129.0,1.5,1.9000000000000001,1.0,-0.5,6.4,9.700000000000001,-5.300000000000001,-5.6,30.3,16
9676,162148.0,1.8,1.7000000000000002,1.5,-0.1,6.2,10.200000000000001,1.4,-13.8,23.2,16
9677,162162.0,2.0,1.5,2.1,0.1,6.0,10.5,11.4,-25.7,9.8,16
9678,162182.0,2.0,1.4000000000000001,2.2,0.1,6.1000000000000005,10.600000000000001,28.900000000000002,-33.9,-7.6,16
9679,162196.0,1.9000000000000001,1.4000000000000001,2.1,0.0,6.1000000000000005,10.4,37.400000000000006,-32.9,-16.3,16
9680,162212.0,1.4000000000000001,1.2000000000000002,1.9000000000000001,-0.30000000000000004,6.0,10.200000000000001,49.50000000000001,-24.8,-33.0,16
9681,162229.0,0.8,0.9,2.0,-1.0,5.9,10.3,57.800000000000004,-13.6,-47.7,16
9682,162245.0,0.5,0.8,2.0,-1.4000000000000001,5.9,10.3,62.50000000000001,-8.899999999999999,-52.7,16
9683,162262.0,0.2,1.0,1.6,-1.7000000000000002,6.300000000000001,9.700000000000001,75.7,-3.7000000000000006,-57.20000000000001,16
9684,162279.0,0.0,1.1,0.4,-2.0,6.6000000000000005,8.4,77.7,-1.1,-54.4,16
9685,162295.0,-0.2,1.2000000000000002,-0.1,-2.2,6.800000000000001,7.800000000000001,70.5,-3.6000000000000005,-52.60000000000001,16
9686,162312.0,-0.5,1.7000000000000002,-0.6000000000000001,-2.6,7.300000000000001,7.2,39.599999999999994,-15.000000000000002,-46.9,16
9687,162329.0,-1.3,1.7000000000000002,0.7000000000000001,-3.5,7.4,8.6,-2.4000000000000004,-21.300000000000004,-36.2,16
9688,162345.0,-1.6,1.5,1.9000000000000001,-3.8000000000000003,7.1000000000000005,9.8,-16.3,-19.700000000000003,-26.6,16
9689,162362.0,-0.9,0.4,3.1,-3.1,6.0,11.0,-16.900000000000002,-20.2,-4.9,16
9690,162379.0,0.6000000000000001,-0.30000000000000004,2.2,-1.5,5.300000000000001,10.200000000000001,-3.8,-42.60000000000001,5.500000000000001,16
9691,162395.0,1.1,-0.5,1.5,-0.8,5.1000000000000005,9.5,0.4,-56.9,5.300000000000001,16
9692,162412.0,1.4000000000000001,-0.6000000000000001,0.1,-0.30000000000000004,4.9,8.200000000000001,4.4,-78.10000000000001,2.2,16
9693,162428.0,1.7000000000000002,-0.9,-0.4,0.2,4.6000000000000005,7.7,5.0,-83.5,1.4,16
9694,162450.0,1.6,-1.5,-0.30000000000000004,0.4,4.1000000000000005,7.800000000000001,12.4,-97.40000000000002,-5.7,16
9695,162462.0,1.3,-1.7000000000000002,-0.2,0.2,3.9000000000000004,7.9,20.1,-103.49999999999999,-9.100000000000001,16
9696,162482.0,0.4,-2.0,-0.5,-0.4,3.6,7.5,39.0,-110.30000000000001,-14.0,16
9697,162495.0,0.4,-2.1,-1.0,-0.30000000000000004,3.6,7.1000000000000005,47.5,-108.2,-16.5,16
9698,162512.0,0.6000000000000001,-1.9000000000000001,-2.5,0.2,3.9000000000000004,5.5,54.199999999999996,-94.5,-26.9,16
9699,162529.0,0.9,-1.5,-2.9000000000000004,0.6000000000000001,4.5,5.0,34.900000000000006,-68.0,-44.6,16
9700,162546.0,0.9,-1.5,-2.2,0.6000000000000001,4.5,5.6000000000000005,23.099999999999998,-53.300000000000004,-54.50000000000001,16
9701,162562.0,0.0,-1.7000000000000002,0.0,-0.30000000000000004,4.3,7.800000000000001,15.399999999999999,-22.8,-70.3,16
9702,162579.0,-0.6000000000000001,-1.6,0.9,-1.1,4.5,8.6,35.2,2.4000000000000004,-74.0,16
9703,162596.0,-0.7000000000000001,-1.6,0.30000000000000004,-1.3,4.5,8.0,45.0,7.300000000000001,-72.4,16
9704,162612.0,-0.7000000000000001,-1.1,-0.7000000000000001,-1.4000000000000001,5.0,6.9,45.9,-4.2,-67.5,16
9705,162628.0,-1.0,-0.8,-0.9,-1.8,5.5,6.6000000000000005,31.799999999999997,-27.2,-60.300000000000004,16
9706,162645.0,-1.1,-0.6000000000000001,-0.8,-1.9000000000000001,5.7,6.6000000000000005,25.0,-36.300000000000004,-54.699999999999996,16
9707,162662.0,-1.1,-0.1,-1.1,-1.9000000000000001,6.2,6.4,14.800000000000002,-41.300000000000004,-39.699999999999996,16
9708,162678.0,-0.8,0.1,-0.7000000000000001,-1.6,6.4,6.7,1.9,-25.200000000000003,-25.900000000000002,16
9709,162695.0,-0.5,0.0,-0.2,-1.2000000000000002,6.1000000000000005,7.7,-2.6,-13.3,-21.1,16
9710,162712.0,-0.30000000000000004,-0.4,0.6000000000000001,-1.1,5.9,8.1,-4.4,6.600000000000001,-17.799999999999997,16
9711,162728.0,-0.30000000000000004,-0.7000000000000001,1.2000000000000002,-1.2000000000000002,5.6000000000000005,8.6,2.0,13.399999999999999,-19.5,16
9712,162745.0,-0.4,-0.7000000000000001,1.1,-1.7000000000000002,5.7,8.4,6.4,14.600000000000001,-21.500000000000004,16
9713,162762.0,-1.0,-0.6000000000000001,0.8,-2.1,5.7,8.200000000000001,9.600000000000001,22.2,-22.3,16
9714,162779.0,-1.3,-0.4,0.4,-2.5,5.9,7.800000000000001,5.500000000000001,34.800000000000004,-16.8,16
9715,162795.0,-1.4000000000000001,-0.30000000000000004,0.30000000000000004,-2.8000000000000003,6.0,7.800000000000001,-0.2,41.1,-13.8,16
9716,162812.0,-1.5,-0.2,0.8,-2.9000000000000004,6.1000000000000005,8.200000000000001,-14.600000000000001,49.50000000000001,-8.5,16
9717,162829.0,-1.5,-0.1,1.4000000000000001,-3.1,6.1000000000000005,9.4,-22.6,50.400000000000006,-5.7,16
9718,162845.0,-1.9000000000000001,-0.4,2.6,-3.6,5.7,10.100000000000001,-15.399999999999999,43.70000000000001,-8.5,16
9719,162862.0,-2.1,-0.4,2.3000000000000003,-3.9000000000000004,5.800000000000001,9.8,-9.8,40.7,-9.4,16
9720,162879.0,-2.4000000000000004,-0.1,0.8,-4.3,6.0,8.3,-10.0,36.2,-3.9,16
9721,162895.0,-2.6,0.1,-0.1,-4.7,6.1000000000000005,7.4,-35.0,35.599999999999994,11.5,16
9722,162912.0,-2.6,0.1,0.1,-4.7,6.1000000000000005,7.7,-53.300000000000004,32.9,22.2,16
9723,162928.0,-2.2,-0.4,1.3,-4.3,5.4,9.0,-86.8,18.8,44.00000000000001,16
9724,162945.0,-1.4000000000000001,-1.1,2.9000000000000004,-3.4000000000000004,4.5,10.8,-100.4,-11.900000000000002,57.9,16
9725,162962.0,-1.0,-1.4000000000000001,3.4000000000000004,-2.8000000000000003,4.0,11.4,-95.5,-29.300000000000004,59.1,16
9726,162978.0,-0.4,-1.8,3.1,-2.0,3.4000000000000004,11.4,-62.7,-49.6,51.800000000000004,16
9727,162995.0,-0.2,-1.5,0.8,-1.6,3.7,9.1,-21.8,-37.6,38.60000000000001,16
9728,163012.0,-0.1,-1.3,-0.4,-1.5,3.8000000000000003,7.9,-7.0,-20.400000000000002,32.6,16
9729,163028.0,-0.2,-0.9,-2.4000000000000004,-1.6,4.3,5.9,7.200000000000001,23.2,20.3,16
9730,163045.0,-0.4,-0.5,-3.5,-1.9000000000000001,4.6000000000000005,4.800000000000001,1.7,56.2,13.100000000000001,16
9731,163062.0,-0.6000000000000001,-0.4,-3.6,-2.2,4.800000000000001,4.6000000000000005,-4.2,66.3,12.200000000000001,16
9732,163079.0,-0.9,-0.4,-3.5,-2.7,4.800000000000001,4.7,-16.200000000000003,76.1,16.200000000000003,16
9733,163095.0,-0.9,-0.4,-3.3000000000000003,-2.8000000000000003,4.7,4.9,-23.6,70.4,26.000000000000004,16
9734,163112.0,-0.6000000000000001,-0.4,-3.1,-2.6,4.6000000000000005,5.0,-25.7,64.4,31.3,16
9735,163129.0,-0.2,-0.5,-3.0,-2.3000000000000003,4.5,5.1000000000000005,-28.3,49.0,40.7,16
9736,163145.0,0.0,-0.5,-3.0,-2.0,4.6000000000000005,5.300000000000001,-30.200000000000003,36.2,46.300000000000004,16
9737,163162.0,0.2,-0.2,-2.6,-2.0,4.7,5.5,-28.900000000000002,33.9,48.300000000000004,16
9738,163178.0,0.1,0.2,-2.1,-2.1,5.2,6.0,-19.300000000000004,40.2,53.9,16
9739,163195.0,0.7000000000000001,0.7000000000000001,-2.4000000000000004,-1.5,5.7,5.7,-9.100000000000001,52.2,61.50000000000001,16
9740,163212.0,1.1,0.9,-2.4000000000000004,-1.2000000000000002,5.800000000000001,5.6000000000000005,-10.200000000000001,53.0,63.30000000000001,16
9741,163228.0,1.3,1.4000000000000001,-1.9000000000000001,-0.9,6.300000000000001,6.2,-19.9,38.50000000000001,62.6,16
9742,163245.0,1.2000000000000002,1.9000000000000001,-1.1,-1.0,6.9,7.0,-29.800000000000004,26.000000000000004,63.4,16
9743,163262.0,1.3,2.0,-0.5,-0.9,7.0,7.5,-34.400000000000006,24.599999999999998,63.70000000000001,16
9744,163279.0,1.2000000000000002,1.8,0.7000000000000001,-0.9,6.7,8.8,-38.50000000000001,23.700000000000003,57.9,16
9745,163295.0,1.0,1.9000000000000001,2.0,-1.1,6.7,10.200000000000001,-32.1,22.3,46.199999999999996,16
9746,163312.0,0.9,1.8,2.6,-1.2000000000000002,6.6000000000000005,10.700000000000001,-24.0,21.8,38.60000000000001,16
9747,163328.0,0.5,1.5,2.9000000000000004,-1.6,6.300000000000001,11.100000000000001,-4.1,17.5,21.7,16
9748,163347.0,0.0,1.2000000000000002,2.7,-2.1,6.1000000000000005,10.9,9.600000000000001,16.4,7.0,16
9749,163362.0,-0.1,1.1,2.6,-2.3000000000000003,6.0,10.700000000000001,12.4,17.1,0.30000000000000004,16
9750,163380.0,-0.5,0.8,2.7,-2.7,5.7,10.9,15.700000000000001,17.0,-9.5,16
9751,163395.0,-0.5,0.8,2.3000000000000003,-2.8000000000000003,5.800000000000001,10.4,26.6,12.299999999999999,-14.100000000000001,16
9752,163412.0,-0.5,1.1,1.4000000000000001,-2.7,6.1000000000000005,9.5,30.200000000000003,8.899999999999999,-12.9,16
9753,163429.0,-0.1,1.2000000000000002,0.0,-2.4000000000000004,6.300000000000001,8.1,19.400000000000002,-2.7,-5.8,16
9754,163445.0,0.5,1.5,-0.4,-1.7000000000000002,6.7,7.7,-6.9,-20.0,0.6000000000000001,16
9755,163463.0,0.8,1.6,-0.4,-1.3,6.5,8.1,-21.6,-27.9,3.3000000000000007,16
9756,163479.0,0.7000000000000001,1.4000000000000001,0.5,-1.4000000000000001,6.4,8.700000000000001,-48.800000000000004,-34.0,7.500000000000001,16
9757,163495.0,0.6000000000000001,0.9,2.3000000000000003,-1.4000000000000001,5.7,10.700000000000001,-65.89999999999999,-28.400000000000002,12.7,16
9758,163512.0,0.9,0.7000000000000001,3.3000000000000003,-0.6000000000000001,5.1000000000000005,12.3,-66.7,-24.7,14.400000000000002,16
9759,163528.0,1.6,0.30000000000000004,3.6,-0.30000000000000004,4.9,12.200000000000001,-51.2,-24.400000000000002,11.2,16
9760,163546.0,1.8,0.2,2.2,0.1,4.7,10.9,-32.7,-31.9,2.5,16
9761,163562.0,2.1,0.5,0.9,0.5,4.9,9.600000000000001,-26.6,-35.599999999999994,-2.1,16
9762,163578.0,1.9000000000000001,0.5,0.4,0.30000000000000004,4.800000000000001,9.200000000000001,-22.8,-36.300000000000004,-13.3,16
9763,163595.0,1.1,0.5,0.30000000000000004,-0.30000000000000004,4.800000000000001,9.1,-21.8,-31.6,-23.5,16
9764,163612.0,0.7000000000000001,0.5,0.4,-1.0,4.6000000000000005,9.5,-10.600000000000001,-11.900000000000002,-28.1,16
9765,163629.0,0.4,0.1,0.6000000000000001,-1.1,4.3,9.4,0.5,0.2,-30.1,16
9766,163646.0,0.1,-0.30000000000000004,-0.1,-1.4000000000000001,4.0,8.700000000000001,22.9,19.1,-36.5,16
9767,163662.0,-0.2,-0.7000000000000001,-0.7000000000000001,-1.9000000000000001,3.6,8.0,32.300000000000004,22.5,-40.4,16
9768,163679.0,-0.4,-0.8,-1.1,-2.1,3.6,7.6000000000000005,47.2,18.8,-45.8,16
9769,163695.0,-0.8,-1.0,-1.8,-2.7,3.5,6.9,52.5,3.7000000000000006,-44.2,16
9770,163712.0,-0.9,-0.8,-2.2,-2.8000000000000003,3.9000000000000004,6.300000000000001,51.50000000000001,-19.1,-34.300000000000004,16
9771,163729.0,-1.0,-0.6000000000000001,-2.5,-2.9000000000000004,4.1000000000000005,6.0,49.0,-29.200000000000003,-27.0,16
9772,163745.0,-1.1,-0.1,-2.8000000000000003,-2.9000000000000004,4.7,5.7,35.0,-49.300000000000004,-7.6,16
9773,163762.0,-0.9,0.0,-2.3000000000000003,-2.0,4.800000000000001,6.9,17.6,-58.7,12.0,16
9774,163778.0,0.2,-0.2,-0.7000000000000001,-1.3,4.7,7.7,14.200000000000001,-58.800000000000004,17.5,16
9775,163795.0,1.2000000000000002,-0.5,0.5,-0.2,4.5,8.9,17.6,-48.6,17.1,16
9776,163812.0,1.2000000000000002,-0.8,1.0,0.0,4.3,9.4,31.9,-29.0,5.300000000000001,16
9777,163828.0,0.9,-0.7000000000000001,0.9,-0.2,4.4,9.200000000000001,39.0,-17.1,-0.4,16
9778,163845.0,0.2,-0.7000000000000001,0.6000000000000001,-0.9,4.5,8.9,46.800000000000004,6.4,-4.9,16
9779,163862.0,-0.1,-0.8,0.6000000000000001,-1.3,4.6000000000000005,8.8,46.6,23.3,-2.7,16
9780,163878.0,-0.2,-0.9,0.6000000000000001,-1.5,4.5,8.8,46.1,23.800000000000004,-0.9000000000000001,16
9781,163895.0,-0.2,-1.0,0.30000000000000004,-1.5,4.5,8.4,45.6,10.5,2.3,16
9782,163912.0,-0.5,-1.1,-0.4,-1.8,4.5,7.6000000000000005,44.10000000000001,-4.6,5.1000000000000005,16
9783,163928.0,-0.6000000000000001,-1.2000000000000002,-0.7000000000000001,-1.9000000000000001,4.5,7.2,40.2,-6.0,6.699999999999999,16
9784,163945.0,-0.8,-1.3,-1.0,-2.0,4.4,6.9,25.4,2.3,10.299999999999999,16
9785,163962.0,-0.6000000000000001,-1.5,-0.5,-1.9000000000000001,4.3,7.300000000000001,9.899999999999999,13.700000000000001,13.399999999999999,16
9786,163979.0,-0.6000000000000001,-1.6,-0.2,-1.9000000000000001,4.2,7.6000000000000005,3.4,16.900000000000002,11.6,16
9787,163995.0,-0.9,-1.8,0.4,-2.3000000000000003,4.0,8.200000000000001,-6.0,17.6,6.2,16
9788,164012.0,-1.3,-1.9000000000000001,0.1,-2.6,3.9000000000000004,7.9,-13.399999999999999,15.299999999999999,4.2,16
9789,164029.0,-1.7000000000000002,-1.6,-1.4000000000000001,-3.1,4.0,6.4,-24.900000000000002,13.8,5.0,16
9790,164045.0,-2.2,-1.7000000000000002,-1.1,-3.6,3.8000000000000003,6.9,-82.50000000000001,9.8,11.2,16
9791,164062.0,-2.6,-2.3000000000000003,2.7,-4.0,2.8000000000000003,10.9,-135.20000000000002,-7.0,25.8,16
9792,164079.0,-1.9000000000000001,-2.7,4.4,-2.5,1.8,13.600000000000001,-133.60000000000002,-19.400000000000002,30.9,16
9793,164096.0,-0.7000000000000001,-3.2,4.7,-1.9000000000000001,1.4000000000000001,13.3,-87.40000000000002,-43.300000000000004,24.0,16
9794,164112.0,0.1,-3.0,1.2000000000000002,-0.9,1.5,9.8,-26.200000000000003,-50.8,8.100000000000001,16
9795,164129.0,0.30000000000000004,-3.0,-0.9,-0.7000000000000001,1.4000000000000001,6.0,-6.8,-43.4,-0.2,16
9796,164145.0,0.2,-3.0,-4.2,-0.7000000000000001,1.5,4.5,3.8,-17.0,-14.100000000000001,16
9797,164162.0,-0.30000000000000004,-2.4000000000000004,-6.0,-1.3,2.0,2.6,-25.7,23.3,-19.300000000000004,16
9798,164178.0,-1.0,-1.5,-4.9,-2.2,2.6,3.8000000000000003,-51.2,46.9,-16.1,16
9799,164195.0,-1.0,-1.3,-3.5,-2.4000000000000004,2.7,5.2,-97.89999999999999,89.8,-1.2000000000000002,16
9800,164212.0,-0.2,-0.8,-0.30000000000000004,-1.8,2.8000000000000003,8.5,-112.5,111.9,6.500000000000001,16
9801,164228.0,0.1,-0.1,2.2,-1.8,3.2,11.0,-105.20000000000002,112.20000000000002,4.300000000000001,16
9802,164245.0,-0.2,0.5,2.4000000000000004,-2.3000000000000003,3.7,11.3,-69.7,82.2,-6.0,16
9803,164262.0,-1.2000000000000002,1.7000000000000002,1.5,-3.5,4.800000000000001,10.4,-36.8,36.8,-3.2,16
9804,164279.0,-1.4000000000000001,2.1,0.7000000000000001,-3.6,5.6000000000000005,8.700000000000001,-25.5,15.8,4.800000000000001,16
9805,164295.0,-1.1,2.8000000000000003,-1.1,-3.3000000000000003,5.9,7.800000000000001,-17.300000000000004,-12.8,24.5,16
9806,164312.0,-0.30000000000000004,3.2,-1.9000000000000001,-2.4000000000000004,6.300000000000001,7.1000000000000005,-23.2,-26.700000000000003,37.6,16
9807,164329.0,0.0,3.6,-1.1,-2.0,6.6000000000000005,7.9,-27.9,-23.5,42.2,16
9808,164345.0,0.0,3.8000000000000003,-0.5,-1.9000000000000001,6.800000000000001,8.5,-25.5,-18.200000000000003,43.50000000000001,16
9809,164362.0,0.4,4.0,0.30000000000000004,-1.5,7.0,9.3,-13.6,-3.0,46.300000000000004,16
9810,164378.0,0.6000000000000001,3.8000000000000003,0.8,-1.3,6.9,9.8,-5.6,4.5,43.300000000000004,16
9811,164395.0,0.5,3.8000000000000003,1.2000000000000002,-1.4000000000000001,6.9,10.200000000000001,-4.5,5.2,40.5,16
9812,164412.0,0.4,3.7,2.2,-1.5,6.800000000000001,11.3,1.1,5.500000000000001,36.9,16
9813,164428.0,0.5,3.2,2.8000000000000003,-1.2000000000000002,6.4,11.8,15.700000000000001,-0.4,31.3,16
9814,164445.0,0.6000000000000001,2.9000000000000004,2.8000000000000003,-1.2000000000000002,6.2,11.8,23.2,-4.9,26.9,16
9815,164462.0,0.4,2.4000000000000004,2.6,-1.3,5.800000000000001,11.700000000000001,35.0,-9.899999999999999,16.5,16
9816,164478.0,0.4,1.8,2.7,-1.3,5.4,11.700000000000001,42.800000000000004,-6.1000000000000005,9.100000000000001,16
9817,164495.0,0.6000000000000001,1.4000000000000001,2.8000000000000003,-1.1,5.1000000000000005,11.8,47.3,-4.2,5.500000000000001,16
9818,164514.0,0.9,1.1,2.3000000000000003,-0.7000000000000001,4.9,11.200000000000001,60.8,-5.300000000000001,-3.2,16
9819,164528.0,1.1,1.2000000000000002,0.9,-0.5,5.2,9.8,65.89999999999999,-1.9,-7.699999999999999,16
9820,164545.0,1.1,1.0,0.6000000000000001,-0.5,5.2,9.4,62.0,1.6,-8.600000000000001,16
9821,164562.0,1.1,1.0,-0.1,-0.5,5.300000000000001,8.700000000000001,46.300000000000004,7.6,-9.700000000000001,16
9822,164579.0,0.8,0.8,0.1,-0.8,5.2,8.8,12.7,13.000000000000002,-9.0,16
9823,164595.0,0.6000000000000001,0.6000000000000001,0.9,-1.1,5.0,9.600000000000001,-8.3,14.700000000000001,-7.200000000000001,16
9824,164612.0,0.5,-0.1,3.9000000000000004,-1.3,4.2,12.700000000000001,-33.1,8.700000000000001,1.7,16
9825,164628.0,1.3,-0.6000000000000001,5.1000000000000005,-0.4,3.7,13.9,-14.0,-17.300000000000004,6.300000000000001,16
9826,164645.0,1.5,-0.7000000000000001,4.3,-0.2,3.6,13.200000000000001,1.9,-29.800000000000004,4.4,16
9827,164662.0,1.8,-0.30000000000000004,1.7000000000000002,0.30000000000000004,4.0,10.600000000000001,19.700000000000003,-44.5,0.1,16
9828,164679.0,2.0,-0.1,0.30000000000000004,0.7000000000000001,4.2,9.3,14.800000000000002,-43.70000000000001,-7.699999999999999,16
9829,164696.0,2.0,0.0,0.1,0.7000000000000001,4.3,9.0,11.5,-36.8,-13.3,16
9830,164712.0,1.6,-0.2,-0.2,0.30000000000000004,4.2,8.700000000000001,10.299999999999999,-14.900000000000002,-23.900000000000006,16
9831,164728.0,1.0,-0.4,-0.30000000000000004,-0.30000000000000004,3.9000000000000004,8.6,11.000000000000002,6.699999999999999,-31.5,16
9832,164745.0,0.8,-0.7000000000000001,-0.2,-0.5,3.7,8.700000000000001,13.3,12.100000000000001,-33.7,16
9833,164762.0,0.9,-1.3,-0.30000000000000004,-0.6000000000000001,3.2,8.6,23.800000000000004,12.5,-38.1,16
9834,164778.0,0.6000000000000001,-1.7000000000000002,-0.5,-0.9,2.8000000000000003,8.200000000000001,37.800000000000004,1.6,-43.800000000000004,16
9835,164798.0,0.30000000000000004,-2.2,-1.1,-1.2000000000000002,2.4000000000000004,7.6000000000000005,52.1,-9.700000000000001,-47.0,16
9836,164812.0,0.2,-2.2,-1.4000000000000001,-1.4000000000000001,2.4000000000000004,7.2,56.2,-15.000000000000002,-47.2,16
9837,164829.0,0.4,-2.2,-1.9000000000000001,-1.2000000000000002,2.6,6.7,60.8,-22.9,-42.60000000000001,16
9838,164845.0,0.7000000000000001,-2.3000000000000003,-2.0,-0.9,2.6,6.5,61.50000000000001,-24.400000000000002,-40.1,16
9839,164862.0,0.9,-2.3000000000000003,-1.9000000000000001,-0.6000000000000001,2.7,6.5,59.1,-27.2,-38.50000000000001,16
9840,164879.0,1.1,-2.0,-1.5,-0.4,3.1,6.800000000000001,57.00000000000001,-29.200000000000003,-38.7,16
9841,164895.0,1.2000000000000002,-1.9000000000000001,-1.2000000000000002,-0.4,3.4000000000000004,7.2,56.6,-26.9,-38.60000000000001,16
9842,164912.0,0.9,-1.6,-0.9,-0.6000000000000001,3.7,7.2,57.20000000000001,-19.0,-37.6,16
9843,164928.0,0.30000000000000004,-1.1,-0.8,-1.2000000000000002,4.3,7.2,47.900000000000006,-7.6,-30.1,16
9844,164945.0,0.2,-1.1,-0.6000000000000001,-1.3,4.4,7.4,39.9,-3.5,-23.5,16
9845,164962.0,0.4,-1.1,0.5,-1.2000000000000002,4.4,8.4,25.8,-2.4000000000000004,-10.8,16
9846,164979.0,0.8,-1.4000000000000001,1.3,-0.8,4.3,9.200000000000001,24.5,-9.3,-4.7,16
9847,164996.0,0.6000000000000001,-1.5,1.2000000000000002,-0.9,4.2,9.1,28.700000000000003,-22.1,-3.9,16
9848,165012.0,0.5,-1.4000000000000001,0.9,-1.0,4.3,8.8,29.400000000000002,-25.7,-3.4,16
9849,165029.0,0.2,-1.4000000000000001,0.5,-1.2000000000000002,4.3,8.4,26.1,-24.3,-1.0,16
9850,165045.0,0.0,-1.3,0.2,-1.4000000000000001,4.5,8.0,23.700000000000003,-22.000000000000004,0.1,16
9851,165062.0,-0.30000000000000004,-1.2000000000000002,0.2,-1.6,4.6000000000000005,8.0,17.799999999999997,-12.200000000000001,1.4,16
9852,165079.0,-0.4,-1.0,0.7000000000000001,-1.7000000000000002,4.800000000000001,8.5,14.400000000000002,5.2,0.8,16
9853,165095.0,-0.5,-1.1,1.0,-2.1,4.7,8.8,18.0,20.1,-6.500000000000001,16
9854,165112.0,-1.0,-1.0,0.8,-2.4000000000000004,4.9,8.5,20.5,22.3,-9.3,16
9855,165129.0,-1.2000000000000002,-0.8,0.2,-2.7,5.2,7.1000000000000005,16.0,20.5,-7.6,16
9856,165145.0,-1.4000000000000001,-0.4,-2.4000000000000004,-3.0,5.5,5.2,-12.8,10.299999999999999,0.9000000000000001,16
9857,165162.0,-1.7000000000000002,-0.4,-3.1,-3.3000000000000003,5.5,4.5,-40.7,3.5,8.5,16
9858,165179.0,-2.1,-0.8,-2.2,-3.6,4.800000000000001,5.6000000000000005,-113.2,-12.8,28.200000000000003,16
9859,165195.0,-1.5,-1.6,1.8,-2.9000000000000004,3.7,9.9,-160.60000000000002,-27.400000000000002,42.400000000000006,16
9860,165212.0,-0.7000000000000001,-2.0,3.8000000000000003,-2.1,3.0,12.100000000000001,-157.9,-37.1,40.9,16
9861,165229.0,0.0,-2.2,5.4,-1.1,2.4000000000000004,14.0,-104.60000000000001,-48.70000000000001,17.400000000000002,16
9862,165245.0,-0.1,-1.5,2.6,-1.1,3.0,11.3,-27.6,-26.5,-11.6,16
9863,165262.0,-0.2,-1.2000000000000002,0.6000000000000001,-1.2000000000000002,3.3000000000000003,9.3,-1.4,-2.5,-23.099999999999998,16
9864,165279.0,-1.0,-0.6000000000000001,-2.4000000000000004,-2.2,3.9000000000000004,6.2,14.700000000000001,47.5,-38.300000000000004,16
9865,165295.0,-1.5,0.2,-3.6,-3.0,4.7,5.0,-4.5,78.5,-35.699999999999996,16
9866,165312.0,-1.6,0.30000000000000004,-3.5,-3.3000000000000003,4.7,5.0,-19.0,84.3,-28.700000000000003,16
9867,165328.0,-1.5,0.1,-2.8000000000000003,-3.4000000000000004,4.4,5.7,-43.800000000000004,73.6,-11.5,16
9868,165347.0,-0.8,0.0,-2.4000000000000004,-2.9000000000000004,4.2,6.2,-55.900000000000006,42.3,4.5,16
9869,165362.0,-0.5,0.0,-2.3000000000000003,-2.6,4.1000000000000005,6.300000000000001,-57.699999999999996,26.9,11.3,16
9870,165378.0,-0.1,0.1,-2.1,-2.3000000000000003,4.0,6.6000000000000005,-53.2,2.3,21.400000000000002,16
9871,165395.0,0.30000000000000004,0.6000000000000001,-2.3000000000000003,-1.8,4.4,6.4,-41.199999999999996,-5.9,29.600000000000005,16
9872,165412.0,0.4,0.7000000000000001,-2.4000000000000004,-1.6,4.5,6.300000000000001,-35.699999999999996,-0.5,32.400000000000006,16
9873,165428.0,0.7000000000000001,1.1,-2.3000000000000003,-1.3,4.800000000000001,6.4,-25.300000000000004,17.300000000000004,35.5,16
9874,165446.0,1.2000000000000002,1.4000000000000001,-2.1,-0.9,5.2,6.6000000000000005,-17.1,35.4,35.1,16
9875,165462.0,1.3,1.6,-1.8,-0.8,5.300000000000001,6.9,-15.299999999999999,38.7,32.8,16
9876,165479.0,0.9,2.1,-1.4000000000000001,-1.2000000000000002,5.800000000000001,7.300000000000001,-12.600000000000001,33.800000000000004,29.500000000000004,16
9877,165495.0,0.30000000000000004,2.6,-0.8,-1.9000000000000001,6.300000000000001,7.9,-20.599999999999998,28.600000000000005,35.699999999999996,16
9878,165513.0,0.30000000000000004,2.5,0.1,-1.9000000000000001,6.1000000000000005,9.8,-27.400000000000002,26.6,40.5,16
9879,165529.0,0.4,2.4000000000000004,2.0,-1.8,6.0,10.700000000000001,-34.1,16.8,44.00000000000001,16
9880,165546.0,0.5,2.2,3.2,-1.7000000000000002,5.800000000000001,11.9,-25.7,-0.5,40.4,16
9881,165562.0,0.6000000000000001,2.1,3.6,-1.5,5.7,12.4,-16.4,-12.0,36.8,16
9882,165579.0,1.0,1.9000000000000001,3.3000000000000003,-1.0,5.6000000000000005,12.100000000000001,10.9,-34.7,25.5,16
9883,165595.0,0.8,1.9000000000000001,2.0,-1.0,5.7,10.8,32.400000000000006,-43.800000000000004,12.5,16
9884,165612.0,0.6000000000000001,1.9000000000000001,1.7000000000000002,-1.1,5.7,10.5,37.300000000000004,-41.4,6.500000000000001,16
9885,165628.0,0.5,1.7000000000000002,1.3,-1.2000000000000002,5.7,10.100000000000001,41.199999999999996,-28.400000000000002,-5.9,16
9886,165645.0,0.0,1.5,1.7000000000000002,-1.6,5.6000000000000005,10.5,39.699999999999996,-14.700000000000001,-18.8,16
9887,165662.0,-0.1,1.6,1.9000000000000001,-1.7000000000000002,5.7,10.700000000000001,42.400000000000006,-11.6,-23.2,16
9888,165679.0,-0.1,1.7000000000000002,1.1,-1.7000000000000002,6.0,9.8,50.7,-3.5,-23.3,16
9889,165695.0,-0.30000000000000004,1.9000000000000001,0.4,-2.0,6.300000000000001,9.0,40.4,-3.9,-18.0,16
9890,165713.0,-0.30000000000000004,2.2,0.4,-2.0,6.7,9.0,5.6,-2.2,-13.100000000000001,16
9891,165728.0,-0.7000000000000001,2.0,1.5,-2.4000000000000004,6.5,10.100000000000001,-18.200000000000003,0.30000000000000004,-10.4,16
9892,165746.0,-0.5,1.2000000000000002,4.800000000000001,-2.2,5.6000000000000005,13.600000000000001,-41.4,-2.7,-1.6,16
9893,165762.0,-0.1,0.5,6.0,-1.8,4.800000000000001,14.8,-34.60000000000001,-9.2,0.7,16
9894,165781.0,0.9,-0.5,6.1000000000000005,-0.8,3.8000000000000003,14.9,5.300000000000001,-33.50000000000001,-7.9,16
9895,165795.0,1.2000000000000002,-0.2,2.6,-0.30000000000000004,4.2,11.5,47.0,-41.50000000000001,-24.0,16
9896,165812.0,0.9,0.0,0.30000000000000004,-0.6000000000000001,4.5,9.1,48.10000000000001,-21.300000000000004,-32.7,16
9897,165828.0,0.9,0.0,-0.2,-0.6000000000000001,4.6000000000000005,8.6,42.5,-8.8,-34.1,16
9898,165845.0,0.9,-0.2,-0.5,-0.7000000000000001,4.5,8.200000000000001,29.300000000000004,13.200000000000003,-33.800000000000004,16
9899,165862.0,0.8,-0.5,-0.6000000000000001,-0.9,4.1000000000000005,8.1,23.700000000000003,15.399999999999999,-33.1,16
9900,165878.0,0.8,-0.7000000000000001,-0.5,-0.9,4.0,8.1,17.0,5.4,-31.7,16
9901,165895.0,0.4,-1.2000000000000002,0.0,-1.3,3.5,8.6,20.400000000000002,-12.299999999999999,-33.0,16
9902,165912.0,-0.1,-1.4000000000000001,0.1,-1.8,3.5,8.6,38.50000000000001,-18.8,-31.2,16
9903,165929.0,-0.2,-1.5,-0.30000000000000004,-1.9000000000000001,3.4000000000000004,8.200000000000001,48.50000000000001,-14.700000000000001,-29.200000000000003,16
9904,165945.0,-0.1,-1.8,-1.2000000000000002,-1.8,3.2,7.2,61.9,-7.400000000000001,-27.700000000000003,16
9905,165966.0,0.0,-2.1,-2.0,-1.7000000000000002,3.1,6.300000000000001,65.5,-8.100000000000001,-28.200000000000003,16
9906,165978.0,0.0,-2.2,-2.3000000000000003,-1.7000000000000002,3.1,5.9,64.9,-11.6,-28.400000000000002,16
9907,165995.0,0.0,-1.9000000000000001,-3.0,-1.7000000000000002,3.5,5.1000000000000005,59.300000000000004,-21.1,-26.200000000000003,16
9908,166012.0,0.0,-1.7000000000000002,-3.2,-1.7000000000000002,3.8000000000000003,4.800000000000001,45.0,-32.300000000000004,-20.599999999999998,16
9909,166029.0,-0.1,-1.5,-3.2,-1.7000000000000002,4.1000000000000005,4.800000000000001,35.699999999999996,-38.400000000000006,-17.1,16
9910,166047.0,-0.30000000000000004,-1.0,-2.2,-1.9000000000000001,4.6000000000000005,5.7,15.2,-41.6,-6.600000000000001,16
9911,166062.0,0.0,-0.9,-0.8,-1.5,4.7,7.1000000000000005,9.100000000000001,-37.7,-0.30000000000000004,16
9912,166078.0,0.2,-1.0,-0.5,-1.2000000000000002,4.7,7.4,6.699999999999999,-22.700000000000003,7.300000000000001,16
9913,166095.0,0.30000000000000004,-1.1,0.2,-1.1,4.6000000000000005,8.1,8.899999999999999,-12.200000000000001,5.9,16
9914,166112.0,0.1,-1.2000000000000002,0.4,-1.3,4.5,8.3,17.200000000000003,-8.4,2.6,16
9915,166129.0,-0.1,-1.2000000000000002,0.2,-1.4000000000000001,4.5,8.1,21.500000000000004,-5.6,1.5,16
9916,166145.0,-0.30000000000000004,-1.1,-0.1,-1.9000000000000001,4.7,7.5,22.4,2.7,3.4,16
9917,166167.0,-0.6000000000000001,-0.9,-0.30000000000000004,-1.9000000000000001,4.9,7.5,18.4,7.6,11.1,16
9918,166178.0,-0.4,-0.9,-0.5,-1.8,4.9,7.2,17.9,6.9,14.800000000000002,16
9919,166195.0,-0.4,-1.0,-0.9,-1.7000000000000002,4.9,6.800000000000001,11.3,3.0,18.1,16
9920,166212.0,-0.30000000000000004,-1.0,-0.5,-1.6,4.9,7.2,2.4000000000000004,7.1000000000000005,19.200000000000003,16
9921,166228.0,-0.30000000000000004,-1.0,-0.5,-1.6,4.9,7.2,-0.8,14.600000000000001,19.400000000000002,16
9922,166245.0,-0.5,-0.6000000000000001,-0.30000000000000004,-1.8,5.300000000000001,7.4,-10.600000000000001,31.099999999999998,17.799999999999997,16
9923,166262.0,-0.7000000000000001,-0.6000000000000001,0.2,-2.1,5.2,7.9,-21.400000000000002,39.0,14.400000000000002,16
9924,166279.0,-0.7000000000000001,-0.5,0.4,-2.2,5.300000000000001,8.1,-25.900000000000002,39.8,11.5,16
9925,166295.0,-1.2000000000000002,-0.4,0.30000000000000004,-2.7,5.300000000000001,8.1,-34.300000000000004,36.7,6.4,16
9926,166312.0,-1.6,-0.4,-0.6000000000000001,-3.3000000000000003,5.1000000000000005,7.2,-57.20000000000001,28.800000000000004,9.100000000000001,16
9927,166329.0,-2.0,-0.6000000000000001,-0.6000000000000001,-4.1000000000000005,4.6000000000000005,8.4,-78.9,23.5,13.000000000000002,16
9928,166345.0,-2.6,-0.9,1.8,-4.3,4.3,10.0,-123.1,10.5,25.300000000000004,16
9929,166362.0,-1.7000000000000002,-1.3,5.0,-3.4000000000000004,3.4000000000000004,13.4,-123.30000000000003,-11.3,37.2,16
9930,166379.0,-1.1,-1.6,5.7,-2.6,3.0,14.200000000000001,-103.10000000000001,-21.8,36.300000000000004,16
9931,166396.0,0.0,-1.8,4.1000000000000005,-1.4000000000000001,2.6,12.8,-42.7,-28.3,20.3,16
9932,166412.0,0.1,-1.6,0.9,-1.4000000000000001,2.8000000000000003,9.600000000000001,2.0,0.30000000000000004,-3.6000000000000005,16
9933,166429.0,-0.1,-1.5,-0.6000000000000001,-1.8,3.2,6.800000000000001,12.200000000000001,24.400000000000002,-13.000000000000002,16
9934,166445.0,-0.30000000000000004,-1.0,-2.6,-2.0,3.4000000000000004,6.0,10.200000000000001,69.5,-23.400000000000002,16
9935,166462.0,-0.5,-0.7000000000000001,-3.1,-2.5,3.7,5.4,-11.1,96.30000000000001,-22.700000000000003,16
9936,166479.0,-0.7000000000000001,-0.7000000000000001,-2.7,-3.0,3.6,5.800000000000001,-23.3,98.10000000000001,-18.1,16
9937,166495.0,-0.6000000000000001,-0.7000000000000001,-2.6,-3.0,3.5,5.9,-41.800000000000004,78.5,-2.9,16
9938,166512.0,-0.1,-0.6000000000000001,-2.5,-2.6,3.5,5.9,-57.00000000000001,35.4,15.5,16
9939,166529.0,0.30000000000000004,-0.6000000000000001,-2.5,-1.8,3.4000000000000004,6.1000000000000005,-63.4,-11.6,28.1,16
9940,166546.0,0.9,-0.30000000000000004,-2.4000000000000004,-1.5,3.5,6.1000000000000005,-62.0,-26.9,30.200000000000003,16
9941,166570.0,1.2000000000000002,0.5,-2.9000000000000004,-1.0,4.1000000000000005,5.800000000000001,-46.300000000000004,-22.1,28.900000000000002,16
9942,166580.0,1.3,0.8,-3.1,-0.9,4.4,5.6000000000000005,-41.199999999999996,-9.2,28.3,16
9943,166595.0,1.3,1.2000000000000002,-3.1,-0.9,4.7,5.6000000000000005,-37.9,4.7,28.600000000000005,16
9944,166614.0,1.5,1.8,-2.3000000000000003,-0.7000000000000001,5.300000000000001,6.4,-36.400000000000006,27.099999999999998,29.300000000000004,16
9945,166628.0,1.3,2.4000000000000004,-1.4000000000000001,-0.9,5.800000000000001,7.300000000000001,-36.0,31.6,29.600000000000005,16
9946,166645.0,1.1,2.7,-1.0,-1.1,6.1000000000000005,7.800000000000001,-39.300000000000004,30.1,29.900000000000006,16
9947,166662.0,0.5,3.1,1.1,-1.9000000000000001,6.300000000000001,9.8,-50.2,24.400000000000002,31.5,16
9948,166678.0,0.1,3.1,2.9000000000000004,-2.3000000000000003,6.300000000000001,11.8,-47.5,19.0,36.6,16
9949,166695.0,0.1,3.1,3.5,-2.2,6.2,12.4,-41.7,14.200000000000001,39.0,16
9950,166712.0,0.4,2.7,4.5,-1.9000000000000001,5.9,13.4,-23.3,-10.5,38.7,16
9951,166729.0,0.8,2.6,3.9000000000000004,-1.3,5.800000000000001,12.9,5.7,-39.300000000000004,29.900000000000006,16
9952,166745.0,0.9,2.6,3.1,-1.1,5.800000000000001,12.100000000000001,18.0,-47.3,23.5,16
9953,166762.0,0.8,2.5,2.2,-1.1,5.9,11.200000000000001,31.3,-49.0,10.1,16
9954,166779.0,0.6000000000000001,2.2,2.0,-1.1,5.6000000000000005,11.0,39.50000000000001,-33.50000000000001,-3.9,16
9955,166795.0,0.30000000000000004,1.9000000000000001,2.1,-1.4000000000000001,5.4,11.100000000000001,41.7,-24.1,-11.3,16
9956,166812.0,-0.1,1.6,2.6,-1.8,5.300000000000001,11.600000000000001,48.400000000000006,-10.700000000000001,-23.700000000000003,16
9957,166828.0,-0.1,1.5,2.1,-1.8,5.4,11.0,60.5,-3.0,-28.200000000000003,16
9958,166845.0,-0.2,1.4000000000000001,1.6,-1.9000000000000001,5.300000000000001,10.5,61.300000000000004,-2.1,-29.300000000000004,16
9959,166862.0,-0.1,1.6,0.8,-1.9000000000000001,5.7,9.700000000000001,48.2,-4.1,-32.400000000000006,16
9960,166879.0,-1.1,1.9000000000000001,1.3,-2.9000000000000004,6.0,10.100000000000001,10.5,-0.6000000000000001,-31.2,16
9961,166895.0,-1.5,1.8,2.5,-3.3000000000000003,6.0,11.4,-8.8,2.6,-25.4,16
9962,166912.0,-0.9,0.7000000000000001,5.300000000000001,-2.7,4.800000000000001,14.200000000000001,-18.5,5.9,-9.4,16
9963,166929.0,0.6000000000000001,-0.7000000000000001,5.800000000000001,-1.2000000000000002,3.4000000000000004,14.700000000000001,11.8,-19.200000000000003,-5.8,16
9964,166947.0,1.4000000000000001,-0.8,4.6000000000000005,-0.4,3.4000000000000004,13.600000000000001,33.9,-36.300000000000004,-10.1,16
9965,166962.0,2.1,-0.6000000000000001,1.1,0.4,3.7,10.0,60.900000000000006,-54.199999999999996,-23.900000000000006,16
9966,166978.0,2.1,-0.4,-1.1,0.5,4.0,7.800000000000001,58.400000000000006,-46.300000000000004,-36.5,16
9967,166995.0,1.9000000000000001,-0.2,-1.6,0.4,4.3,7.2,50.8,-34.50000000000001,-42.400000000000006,16
9968,167012.0,0.6000000000000001,-0.1,-1.2000000000000002,-0.9,4.5,7.6000000000000005,33.1,-6.8,-48.10000000000001,16
9969,167028.0,0.0,-0.2,-0.5,-1.6,4.4,8.200000000000001,28.1,15.000000000000002,-42.2,16
9970,167045.0,-0.1,-0.4,-0.4,-1.8,4.3,8.3,28.0,20.2,-38.60000000000001,16
9971,167062.0,-0.2,-1.0,0.2,-2.0,3.8000000000000003,8.8,31.6,12.4,-33.2,16
9972,167078.0,-0.2,-1.5,-0.1,-2.0,3.4000000000000004,8.5,43.2,-5.500000000000001,-30.9,16
9973,167095.0,-0.2,-1.7000000000000002,-0.4,-2.0,3.2,8.1,47.60000000000001,-13.3,-30.699999999999996,16
9974,167112.0,-0.2,-2.2,-0.9,-2.0,2.9000000000000004,7.6000000000000005,53.300000000000004,-23.900000000000006,-32.1,16
9975,167128.0,-0.4,-2.4000000000000004,-1.2000000000000002,-2.3000000000000003,2.7,7.2,59.40000000000001,-21.900000000000002,-32.8,16
9976,167145.0,-0.5,-2.5,-1.4000000000000001,-2.4000000000000004,2.7,6.9,63.30000000000001,-19.9,-31.400000000000002,16
9977,167162.0,-0.5,-2.5,-2.2,-2.3000000000000003,2.8000000000000003,6.0,69.10000000000001,-19.400000000000002,-25.4,16
9978,167181.0,-0.4,-2.4000000000000004,-2.9000000000000004,-2.3000000000000003,3.1,5.1000000000000005,63.599999999999994,-24.5,-17.200000000000003,16
9979,167195.0,-0.30000000000000004,-2.3000000000000003,-3.1,-2.1,3.3000000000000003,4.9,56.400000000000006,-30.1,-12.4,16
9980,167212.0,-0.2,-2.0,-2.7,-1.9000000000000001,3.7,5.2,38.800000000000004,-40.300000000000004,-3.3000000000000007,16
9981,167228.0,-0.1,-1.6,-2.1,-1.7000000000000002,4.1000000000000005,5.7,20.1,-39.599999999999994,4.9,16
9982,167248.0,0.2,-1.5,-0.9,-1.3,4.3,6.9,5.6,-31.3,9.4,16
9983,167273.0,0.2,-1.7000000000000002,0.4,-1.2000000000000002,4.1000000000000005,8.200000000000001,6.9,-15.5,7.8,16
9984,167279.0,0.0,-1.8,0.7000000000000001,-1.3,4.0,8.5,12.4,-7.400000000000001,5.6,16
9985,167295.0,-0.30000000000000004,-1.5,0.7000000000000001,-1.7000000000000002,4.3,8.4,19.0,0.4,3.8,16
9986,167312.0,-0.5,-1.5,0.30000000000000004,-1.9000000000000001,4.4,8.1,28.500000000000004,16.200000000000003,3.7000000000000006,16
9987,167329.0,-0.9,-1.4000000000000001,-0.4,-2.3000000000000003,4.5,7.2,24.3,20.8,7.300000000000001,16
9988,167345.0,-0.9,-1.3,-0.4,-2.4000000000000004,4.6000000000000005,7.2,18.6,19.6,10.0,16
9989,167362.0,-0.9,-1.3,-0.30000000000000004,-2.4000000000000004,4.7,7.300000000000001,5.300000000000001,21.8,15.6,16
9990,167378.0,-0.6000000000000001,-1.2000000000000002,0.0,-2.1,4.800000000000001,7.6000000000000005,-4.800000000000001,27.099999999999998,19.200000000000003,16
9991,167395.0,-0.4,-0.8,0.7000000000000001,-2.0,5.1000000000000005,8.3,-11.000000000000002,29.800000000000004,16.4,16
9992,167412.0,-0.4,-0.8,0.8,-2.0,5.1000000000000005,8.4,-12.4,30.799999999999997,13.000000000000002,16
9993,167428.0,-0.6000000000000001,-0.30000000000000004,0.1,-2.3000000000000003,5.5,7.7,-18.5,32.300000000000004,5.300000000000001,16
9994,167445.0,-1.0,-0.2,-1.0,-2.8000000000000003,5.6000000000000005,6.7,-39.300000000000004,27.6,4.5,16
9995,167465.0,-1.6,-0.30000000000000004,-1.4000000000000001,-3.4000000000000004,5.300000000000001,6.4,-82.2,15.399999999999999,14.0,16
9996,167478.0,-1.8,-0.5,-0.8,-3.6,4.9,7.1000000000000005,-108.39999999999999,7.8,21.400000000000002,16
9997,167495.0,-1.6,-1.2000000000000002,2.3000000000000003,-3.4000000000000004,3.9000000000000004,10.4,-146.20000000000002,-4.7,36.400000000000006,16
9998,167512.0,-1.0,-1.6,4.0,-2.7,3.3000000000000003,12.3,-147.1,-11.900000000000002,38.300000000000004,16
9999,167530.0,-0.1,-1.9000000000000001,5.300000000000001,-1.7000000000000002,2.7,13.9,-109.8,-24.1,24.200000000000003,16
10000,167545.0,-0.2,-1.5,3.6,-1.7000000000000002,2.8000000000000003,12.3,-50.0,-12.5,1.4,16
10001,167562.0,-0.2,-1.2000000000000002,2.0,-1.8,3.1,10.700000000000001,-25.1,5.0,-7.6,16
10002,167578.0,-0.6000000000000001,-0.8,-0.8,-2.3000000000000003,3.5,7.9,-4.7,43.4,-18.1,16
10003,167595.0,-0.8,-0.2,-2.4000000000000004,-2.7,3.9000000000000004,6.300000000000001,-13.100000000000001,65.4,-15.6,16
10004,167612.0,-0.8,-0.1,-2.7,-2.8000000000000003,4.1000000000000005,6.0,-24.200000000000003,67.2,-9.899999999999999,16
10005,167628.0,-0.5,0.0,-2.4000000000000004,-2.7,4.0,6.2,-48.400000000000006,49.699999999999996,4.300000000000001,16
10006,167645.0,-0.30000000000000004,0.1,-1.5,-2.5,3.9000000000000004,7.2,-62.4,22.700000000000003,16.6,16
10007,167665.0,0.30000000000000004,0.2,-0.5,-1.9000000000000001,3.8000000000000003,8.200000000000001,-53.9,3.1,27.3,16
10008,167679.0,0.6000000000000001,0.2,-0.6000000000000001,-1.6,3.8000000000000003,8.200000000000001,-42.1,-0.1,29.700000000000006,16
10009,167695.0,1.0,0.4,-1.6,-1.2000000000000002,4.0,7.2,-19.700000000000003,4.9,31.0,16
10010,167712.0,1.2000000000000002,0.6000000000000001,-1.9000000000000001,-1.0,4.2,6.9,-13.000000000000002,12.100000000000001,30.699999999999996,16
10011,167728.0,1.6,1.0,-2.2,-0.6000000000000001,4.6000000000000005,6.5,-3.4,30.699999999999996,28.0,16
10012,167745.0,1.6,1.4000000000000001,-2.3000000000000003,-0.7000000000000001,5.1000000000000005,6.4,-2.0,37.400000000000006,23.6,16
10013,167767.0,0.9,1.9000000000000001,-1.7000000000000002,-1.4000000000000001,5.5,7.0,-4.300000000000001,31.5,20.8,16
10014,167778.0,0.7000000000000001,2.2,-1.5,-1.7000000000000002,5.9,7.2,-4.4,27.2,22.8,16
10015,167795.0,0.4,2.5,-1.2000000000000002,-2.0,6.2,7.4,-7.400000000000001,16.8,30.799999999999997,16
10016,167812.0,0.2,2.6,-1.0,-2.1,6.300000000000001,7.7,-11.700000000000001,10.200000000000001,34.7,16
10017,167828.0,-0.1,2.7,0.0,-2.5,6.4,8.700000000000001,-21.8,-0.9000000000000001,41.6,16
10018,167845.0,0.0,2.5,1.4000000000000001,-2.2,6.1000000000000005,10.100000000000001,-27.099999999999998,-3.9,47.3,16
10019,167862.0,0.30000000000000004,2.1,2.1,-1.9000000000000001,5.800000000000001,10.9,-25.200000000000003,-8.100000000000001,46.50000000000001,16
10020,167879.0,0.7000000000000001,1.6,3.4000000000000004,-1.4000000000000001,5.300000000000001,12.200000000000001,-9.5,-30.799999999999997,34.2,16
10021,167896.0,0.5,1.7000000000000002,3.3000000000000003,-1.4000000000000001,5.4,12.200000000000001,17.200000000000003,-51.300000000000004,16.200000000000003,16
10022,167912.0,0.4,1.7000000000000002,2.9000000000000004,-1.3,5.4,11.600000000000001,28.200000000000003,-52.00000000000001,8.899999999999999,16
10023,167929.0,0.5,1.2000000000000002,2.6,-1.2000000000000002,5.1000000000000005,11.5,44.4,-40.300000000000004,-3.5,16
10024,167945.0,0.6000000000000001,1.0,2.6,-1.0,5.1000000000000005,11.200000000000001,62.900000000000006,-22.000000000000004,-20.400000000000002,16
10025,167965.0,0.4,1.0,1.4000000000000001,-1.3,5.300000000000001,10.100000000000001,78.3,-0.2,-32.300000000000004,16
10026,167978.0,0.0,1.2000000000000002,0.9,-1.7000000000000002,5.6000000000000005,9.5,78.5,11.8,-36.0,16
10027,167995.0,-1.3,2.0,0.5,-3.2,6.6000000000000005,9.0,53.0,37.800000000000004,-32.1,16
10028,168012.0,-1.8,2.2,1.0,-3.7,6.800000000000001,9.5,33.400000000000006,47.3,-21.6,16
10029,168028.0,-2.1,1.2000000000000002,2.7,-4.3,5.800000000000001,11.200000000000001,-6.0,54.300000000000004,5.7,16
10030,168045.0,-1.3,-0.30000000000000004,5.4,-3.5,4.4,13.9,-26.400000000000006,21.6,27.700000000000003,16
10031,168063.0,0.4,-0.9,6.300000000000001,-1.7000000000000002,3.7,14.9,-5.500000000000001,-34.1,36.7,16
10032,168079.0,1.0,-1.0,5.2,-1.0,3.6,13.9,13.900000000000002,-53.300000000000004,36.7,16
10033,168095.0,1.6,-1.0,1.9000000000000001,-0.1,3.7,10.600000000000001,38.400000000000006,-66.7,31.9,16
10034,168112.0,1.7000000000000002,-0.7000000000000001,0.1,0.2,4.1000000000000005,8.8,32.1,-48.800000000000004,24.1,16
10035,168128.0,1.6,-0.6000000000000001,0.0,0.2,4.3,8.6,23.400000000000002,-31.5,20.0,16
10036,168149.0,1.2000000000000002,-0.7000000000000001,0.7000000000000001,-0.2,4.2,9.3,12.8,8.5,11.000000000000002,16
10037,168174.0,0.9,-1.1,1.2000000000000002,-0.8,3.5,10.0,20.900000000000002,39.1,-1.4,16
10038,168180.0,0.7000000000000001,-1.5,1.4000000000000001,-0.8,3.5,10.0,20.900000000000002,39.1,-1.4,16
10039,168197.0,0.0,-1.9000000000000001,1.8,-1.6,3.2,10.3,37.7,29.900000000000006,-8.100000000000001,16
10040,168212.0,-0.6000000000000001,-2.2,1.3,-2.2,3.0,9.700000000000001,49.0,22.1,-8.4,16
10041,168228.0,-0.7000000000000001,-2.4000000000000004,0.8,-2.4000000000000004,2.9000000000000004,9.1,71.0,3.7000000000000006,-4.2,16
10042,168245.0,-0.6000000000000001,-2.7,-0.6000000000000001,-2.2,2.8000000000000003,7.6000000000000005,82.8,-16.8,-0.2,16
10043,168264.0,-0.4,-2.9000000000000004,-1.2000000000000002,-1.9000000000000001,2.7,6.4,84.0,-33.1,1.2000000000000002,16
10044,168278.0,-0.2,-3.1,-2.0,-1.8,2.7,6.0,82.60000000000001,-39.8,1.2000000000000002,16
10045,168295.0,0.0,-3.3000000000000003,-2.4000000000000004,-1.4000000000000001,2.8000000000000003,5.300000000000001,78.5,-50.1,0.6000000000000001,16
10046,168312.0,0.30000000000000004,-3.2,-2.7,-1.0,3.0,5.0,70.2,-49.699999999999996,-0.2,16
10047,168328.0,0.4,-3.0,-2.6,-0.8,3.2,5.0,64.4,-46.199999999999996,-0.4,16
10048,168345.0,0.5,-2.9000000000000004,-2.3000000000000003,-0.6000000000000001,3.5,5.2,53.9,-33.9,0.30000000000000004,16
10049,168365.0,0.8,-2.7,-1.9000000000000001,-0.30000000000000004,3.8000000000000003,5.4,42.5,-16.5,3.4,16
10050,168379.0,1.0,-2.6,-1.8,0.0,3.9000000000000004,5.5,36.6,-5.7,4.2,16
10051,168395.0,1.3,-2.5,-1.0,0.30000000000000004,4.0,6.2,26.9,18.0,1.3,16
10052,168412.0,1.0,-2.5,-0.6000000000000001,-0.1,4.1000000000000005,6.5,24.8,35.1,-3.5,16
10053,168430.0,0.9,-2.4000000000000004,-0.8,-0.4,4.4,6.0,24.0,42.1,-4.1,16
10054,168445.0,0.7000000000000001,-2.1,-1.5,-0.6000000000000001,4.6000000000000005,5.5,21.300000000000004,42.60000000000001,-1.6,16
10055,168465.0,0.4,-1.6,-2.4000000000000004,-1.0,5.1000000000000005,4.5,3.2,42.5,7.8,16
10056,168479.0,0.2,-1.5,-2.6,-1.2000000000000002,5.2,4.3,-11.5,41.0,13.8,16
10057,168498.0,-0.4,-1.1,-1.8,-1.9000000000000001,5.4,5.2,-45.3,36.0,28.500000000000004,16
10058,168512.0,-0.4,-1.0,-1.2000000000000002,-1.7000000000000002,5.4,6.4,-69.5,29.400000000000002,44.8,16
10059,168528.0,-0.1,-1.0,-0.1,-1.5,5.300000000000001,7.1000000000000005,-77.1,23.3,50.0,16
10060,168545.0,0.2,-1.1,1.3,-1.1,5.0,8.6,-79.1,5.500000000000001,54.50000000000001,16
10061,168564.0,0.6000000000000001,-0.9,1.7000000000000002,-0.6000000000000001,5.0,9.200000000000001,-60.6,-7.699999999999999,48.0,16
10062,168578.0,0.4,-0.7000000000000001,1.0,-0.7000000000000001,5.2,8.6,-50.0,-6.9,42.3,16
10063,168595.0,-0.5,0.1,-0.9,-1.6,5.9,6.800000000000001,-50.5,5.2,35.1,16
10064,168612.0,-2.3000000000000003,1.1,-1.2000000000000002,-3.3000000000000003,6.7,6.7,-95.4,30.599999999999998,39.400000000000006,16
10065,168628.0,-2.9000000000000004,1.2000000000000002,0.6000000000000001,-3.9000000000000004,6.7,8.5,-125.2,47.7,48.400000000000006,16
10066,168645.0,-3.0,0.8,5.6000000000000005,-4.2,5.9,13.8,-147.6,76.7,67.60000000000001,16
10067,168664.0,-2.8000000000000003,0.1,8.4,-4.1000000000000005,4.800000000000001,16.900000000000002,-118.60000000000001,77.1,72.0,16
10068,168679.0,-2.7,0.1,8.5,-4.1000000000000005,4.800000000000001,17.1,-92.10000000000001,61.300000000000004,70.9,16
10069,168695.0,-2.6,0.5,6.300000000000001,-4.0,5.0,15.0,-44.2,30.3,67.8,16
10070,168712.0,-2.3000000000000003,0.4,3.7,-3.7,4.9,12.4,-16.8,12.8,69.20000000000002,16
10071,168728.0,-2.0,0.2,2.7,-3.0,4.5,10.5,-7.200000000000001,12.100000000000001,69.80000000000001,16
10072,168745.0,-1.4000000000000001,-0.30000000000000004,0.8,-2.7,4.2,9.600000000000001,12.100000000000001,21.7,67.2,16
10073,168765.0,-1.0,-0.8,-1.0,-2.2,3.8000000000000003,7.7,27.3,37.6,60.7,16
10074,168779.0,-0.9,-1.2000000000000002,-2.7,-2.3000000000000003,3.5,5.9,31.9,45.400000000000006,57.3,16
10075,168796.0,-0.9,-1.2000000000000002,-3.4000000000000004,-2.3000000000000003,3.6,5.1000000000000005,29.300000000000004,59.80000000000001,53.400000000000006,16
10076,168812.0,-0.8,-1.1,-4.3,-2.3000000000000003,3.8000000000000003,4.1000000000000005,8.899999999999999,71.7,55.400000000000006,16
10077,168828.0,-0.6000000000000001,-1.0,-4.3,-2.3000000000000003,3.8000000000000003,4.1000000000000005,-20.5,77.1,61.10000000000001,16
10078,168845.0,-0.5,-1.0,-3.9000000000000004,-2.2,3.8000000000000003,4.5,-35.2,77.4,64.2,16
10079,168864.0,-0.2,-0.9,-3.0,-2.0,3.8000000000000003,5.4,-56.50000000000001,71.5,69.5,16
10080,168878.0,0.30000000000000004,-0.7000000000000001,-2.0,-1.6,3.8000000000000003,6.4,-66.60000000000001,63.10000000000001,72.50000000000001,16
10081,168896.0,0.6000000000000001,-0.6000000000000001,-1.6,-1.3,3.8000000000000003,6.9,-66.4,57.800000000000004,72.30000000000001,16
10082,168912.0,1.2000000000000002,-0.30000000000000004,-0.5,-0.8,4.0,8.0,-59.60000000000001,49.50000000000001,67.60000000000001,16
10083,168928.0,1.6,0.1,0.0,-0.4,4.3,8.6,-42.400000000000006,46.199999999999996,59.20000000000001,16
10084,168945.0,1.8,0.30000000000000004,0.0,-0.2,4.5,8.5,-33.50000000000001,48.2,54.199999999999996,16
10085,168963.0,2.1,0.6000000000000001,-0.6000000000000001,0.0,4.800000000000001,8.0,-23.3,52.1,43.6,16
10086,168979.0,2.0,1.0,-0.6000000000000001,-0.2,5.2,8.0,-25.0,56.2,35.699999999999996,16
10087,168995.0,2.0,1.2000000000000002,-0.2,-0.2,5.300000000000001,8.4,-26.799999999999997,60.00000000000001,32.400000000000006,16
10088,169012.0,1.9000000000000001,1.5,0.9,-0.4,5.5,9.4,-25.5,69.9,25.300000000000004,16
10089,169028.0,1.8,1.6,1.9000000000000001,-0.7000000000000001,5.6000000000000005,10.4,-16.3,73.5,17.400000000000002,16
10090,169045.0,1.8,1.7000000000000002,2.1,-0.9,5.7,10.600000000000001,-6.8,72.50000000000001,13.900000000000002,16
10091,169071.0,1.5,1.9000000000000001,0.6000000000000001,-1.4000000000000001,6.0,9.0,19.1,51.50000000000001,12.299999999999999,16
10092,169080.0,1.5,2.0,0.1,-1.4000000000000001,6.1000000000000005,8.4,20.2,37.800000000000004,14.600000000000001,16
10093,169097.0,1.8,2.0,-0.5,-1.1,6.300000000000001,7.800000000000001,14.700000000000001,9.899999999999999,20.900000000000002,16
10094,169112.0,2.0,2.0,-0.4,-0.9,6.300000000000001,7.9,10.8,-2.5,24.1,16
10095,169128.0,2.6,1.8,0.30000000000000004,-0.2,6.1000000000000005,8.700000000000001,4.4,-18.8,26.1,16
10096,169145.0,2.8000000000000003,1.6,0.9,0.1,5.9,9.3,5.2,-21.500000000000004,24.5,16
10097,169164.0,3.3000000000000003,1.3,1.5,0.7000000000000001,5.7,9.8,13.000000000000002,-18.3,15.399999999999999,16
10098,169179.0,3.4000000000000004,0.9,1.9000000000000001,0.8,5.4,10.3,21.400000000000002,-18.8,-0.5,16
10099,169196.0,3.4000000000000004,1.0,2.0,0.9,5.5,10.3,28.1,-22.4,-8.8,16
10100,169215.0,3.1,1.2000000000000002,1.3,0.7000000000000001,5.800000000000001,9.700000000000001,40.4,-29.200000000000003,-21.8,16
10101,169228.0,2.8000000000000003,1.5,0.1,0.5,6.300000000000001,8.4,43.6,-47.0,-28.900000000000002,16
10102,169245.0,2.7,1.8,-0.7000000000000001,0.4,6.6000000000000005,7.6000000000000005,38.1,-57.49999999999999,-30.4,16
10103,169267.0,2.1,2.1,-1.4000000000000001,-0.7000000000000001,7.0,7.7,4.2,-67.2,-32.6,16
10104,169279.0,0.7000000000000001,1.9000000000000001,1.0,-1.3,6.7,9.4,-45.3,-51.70000000000001,-29.200000000000003,16
10105,169295.0,0.4,1.5,2.9000000000000004,-1.5,6.1000000000000005,11.4,-56.400000000000006,-40.300000000000004,-22.6,16
10106,169312.0,1.4000000000000001,0.1,5.5,-0.4,4.6000000000000005,14.100000000000001,-46.4,-33.2,-16.0,16
10107,169328.0,2.1,-0.5,5.9,0.4,3.9000000000000004,14.600000000000001,-10.0,-69.5,-34.50000000000001,16
10108,169345.0,1.9000000000000001,-0.5,4.7,0.30000000000000004,3.9000000000000004,13.5,11.6,-86.4,-46.7,16
10109,169367.0,1.0,-0.1,1.2000000000000002,-0.30000000000000004,4.5,9.9,33.50000000000001,-83.60000000000001,-72.9,16
10110,169378.0,0.9,0.0,0.8,-0.4,4.6000000000000005,9.600000000000001,32.9,-68.5,-77.3,16
10111,169395.0,0.9,0.0,0.6000000000000001,-0.4,4.4,9.1,32.5,-49.0,-80.4,16
10112,169412.0,0.7000000000000001,-0.30000000000000004,0.1,-0.6000000000000001,4.3,8.8,32.0,-15.2,-88.50000000000001,16
10113,169428.0,0.30000000000000004,-0.6000000000000001,-0.1,-1.2000000000000002,4.1000000000000005,8.6,28.0,0.30000000000000004,-96.1,16
10114,169445.0,0.1,-0.9,0.2,-1.6,3.7,9.4,27.400000000000002,-0.9000000000000001,-98.9,16
10115,169466.0,-0.9,-1.2000000000000002,1.4000000000000001,-2.7,3.5,10.0,45.9,-17.400000000000002,-101.6,16
10116,169481.0,-1.2000000000000002,-1.2000000000000002,1.1,-3.0,3.6,9.700000000000001,58.0,-21.900000000000002,-96.80000000000001,16
10117,169495.0,-0.9,-1.3,-0.30000000000000004,-3.1,3.6,9.1,68.60000000000001,-26.6,-89.70000000000002,16
10118,169512.0,-0.6000000000000001,-1.3,-1.2000000000000002,-2.4000000000000004,3.7,7.2,75.60000000000001,-40.1,-74.89999999999999,16
10119,169528.0,-0.1,-1.3,-2.1,-1.9000000000000001,3.9000000000000004,6.1000000000000005,62.0,-52.5,-63.8,16
10120,169545.0,0.2,-1.3,-2.3000000000000003,-1.6,3.9000000000000004,5.9,52.7,-57.9,-58.60000000000001,16
10121,169563.0,0.7000000000000001,-1.3,-2.0,-1.1,4.0,6.2,32.5,-68.3,-52.00000000000001,16
10122,169578.0,0.6000000000000001,-1.2000000000000002,-1.0,-1.0,4.1000000000000005,7.1000000000000005,18.5,-70.10000000000001,-50.5,16
10123,169595.0,0.5,-1.2000000000000002,-0.7000000000000001,-1.0,4.1000000000000005,7.800000000000001,18.3,-54.9,-48.400000000000006,16
10124,169612.0,0.4,-1.3,-0.2,-1.1,4.1000000000000005,8.0,21.300000000000004,-42.800000000000004,-47.3,16
10125,169629.0,0.30000000000000004,-1.3,0.0,-1.2000000000000002,4.0,8.200000000000001,28.500000000000004,-19.300000000000004,-45.0,16
10126,169645.0,0.30000000000000004,-1.4000000000000001,0.0,-1.3,4.0,8.1,32.300000000000004,-8.0,-42.5,16
10127,169667.0,0.2,-1.6,0.0,-1.4000000000000001,3.9000000000000004,8.0,34.7,-11.8,-39.9,16
10128,169678.0,0.0,-1.7000000000000002,0.0,-1.6,3.8000000000000003,8.0,36.2,-16.700000000000003,-38.60000000000001,16
10129,169695.0,-0.2,-1.7000000000000002,-0.1,-2.1,3.8000000000000003,7.800000000000001,37.800000000000004,-22.1,-36.400000000000006,16
10130,169712.0,-0.6000000000000001,-1.7000000000000002,-0.4,-2.2,3.9000000000000004,7.5,41.4,-29.900000000000006,-26.200000000000003,16
10131,169728.0,0.1,-1.7000000000000002,-1.5,-1.4000000000000001,4.0,6.300000000000001,39.1,-28.500000000000004,-14.200000000000001,16
10132,169745.0,0.30000000000000004,-1.6,-1.6,-1.2000000000000002,4.2,6.1000000000000005,19.799999999999997,-23.3,-11.4,16
10133,169768.0,0.1,-1.1,-0.5,-1.4000000000000001,4.6000000000000005,7.2,-0.30000000000000004,-9.2,-10.5,16
10134,169781.0,-0.2,-1.0,0.1,-1.7000000000000002,4.800000000000001,7.800000000000001,-7.6,-0.30000000000000004,-9.700000000000001,16
10135,169796.0,-0.5,-0.9,1.4000000000000001,-2.0,4.800000000000001,9.200000000000001,-16.4,8.3,-7.500000000000001,16
10136,169813.0,-0.7000000000000001,-1.3,2.3000000000000003,-2.1,4.6000000000000005,9.8,-16.4,5.6,-7.500000000000001,16
10137,169828.0,-0.5,-1.4000000000000001,2.2,-2.1,4.2,10.0,-6.0,-8.899999999999999,-10.200000000000001,16
10138,169845.0,-0.7000000000000001,-1.3,0.7000000000000001,-2.3000000000000003,4.3,8.6,2.4000000000000004,-13.900000000000002,-14.0,16
10139,169863.0,-1.0,-1.3,0.0,-2.6,4.3,7.9,-1.6,-10.5,-15.299999999999999,16
10140,169879.0,-1.7000000000000002,-0.2,-1.4000000000000001,-3.3000000000000003,5.300000000000001,6.6000000000000005,-32.6,2.9,-14.100000000000001,16
10141,169895.0,-2.7,0.30000000000000004,-0.2,-4.4,5.6000000000000005,7.9,-84.4,19.6,-0.6000000000000001,16
10142,169911.0,-2.8000000000000003,0.2,1.2000000000000002,-4.6000000000000005,5.4,9.3,-103.49999999999999,24.3,9.100000000000001,16
10143,169928.0,-2.0,-0.2,3.6,-3.8000000000000003,4.7,11.9,-114.6,20.8,24.1,16
10144,169948.0,-0.8,-0.4,4.800000000000001,-2.6,4.2,13.4,-89.0,-7.200000000000001,20.900000000000002,16
10145,169971.0,-0.4,-0.4,3.7,-2.1,4.0,12.3,-38.1,-28.800000000000004,4.800000000000001,16
10146,169978.0,-0.4,-0.4,2.2,-2.0,4.0,10.9,-13.200000000000003,-28.500000000000004,-3.2,16
10147,169995.0,-0.30000000000000004,-0.30000000000000004,-0.7000000000000001,-1.8,4.1000000000000005,8.0,16.8,-14.300000000000002,-17.200000000000003,16
10148,170012.0,-0.30000000000000004,-0.30000000000000004,-1.9000000000000001,-1.9000000000000001,4.2,6.800000000000001,21.500000000000004,-4.800000000000001,-22.8,16
10149,170028.0,-0.4,-0.1,-3.5,-2.1,4.4,5.2,16.3,13.200000000000003,-28.1,16
10150,170045.0,-0.7000000000000001,0.1,-4.1000000000000005,-2.5,4.6000000000000005,4.5,-4.0,26.799999999999997,-25.1,16
10151,170063.0,-0.9,0.4,-3.6,-2.8000000000000003,4.800000000000001,5.0,-31.7,32.7,-13.5,16
10152,170078.0,-0.8,0.4,-3.0,-2.8000000000000003,4.7,5.6000000000000005,-43.70000000000001,32.8,-5.500000000000001,16
10153,170096.0,-0.1,0.30000000000000004,-1.3,-2.2,4.5,7.4,-59.80000000000001,22.9,6.8,16
10154,170112.0,0.30000000000000004,0.30000000000000004,-0.1,-1.4000000000000001,4.3,9.5,-59.60000000000001,13.100000000000001,9.600000000000001,16
10155,170128.0,1.0,0.30000000000000004,1.3,-1.0,4.3,10.0,-38.1,-3.8,7.200000000000001,16
10156,170145.0,1.1,0.30000000000000004,1.2000000000000002,-0.9,4.2,10.0,-2.0,-6.0,-0.1,16
10157,170164.0,1.2000000000000002,0.30000000000000004,-0.30000000000000004,-0.8,4.3,8.4,30.200000000000003,4.9,-6.300000000000001,16
10158,170179.0,1.1,0.4,-1.1,-0.9,4.5,7.6000000000000005,38.7,11.700000000000001,-7.9,16
10159,170195.0,1.0,0.6000000000000001,-1.9000000000000001,-1.1,4.800000000000001,6.7,41.199999999999996,19.6,-7.699999999999999,16
10160,170211.0,1.0,0.6000000000000001,-2.0,-1.2000000000000002,5.0,6.5,34.50000000000001,17.200000000000003,-5.500000000000001,16
10161,170228.0,0.8,0.8,-1.8,-1.4000000000000001,5.1000000000000005,6.7,29.300000000000004,13.900000000000002,-4.6,16
10162,170245.0,0.2,0.8,-1.0,-2.0,5.2,7.5,18.200000000000003,6.500000000000001,-0.5,16
10163,170267.0,-0.2,0.7000000000000001,0.30000000000000004,-2.4000000000000004,5.2,8.700000000000001,13.000000000000002,-1.3,3.7000000000000006,16
10164,170281.0,-0.2,0.7000000000000001,0.9,-2.3000000000000003,5.2,9.600000000000001,15.700000000000001,-5.8,4.4,16
10165,170295.0,-0.1,0.7000000000000001,1.1,-2.3000000000000003,5.2,9.4,30.000000000000004,-12.8,2.8,16
10166,170312.0,-0.1,0.7000000000000001,0.7000000000000001,-2.2,5.300000000000001,9.1,37.0,-16.1,0.6000000000000001,16
10167,170328.0,0.0,0.8,0.2,-2.0,5.5,8.5,42.900000000000006,-22.3,-6.4,16
10168,170345.0,0.0,1.0,0.2,-2.0,5.800000000000001,8.5,41.0,-21.0,-16.6,16
10169,170370.0,-0.4,1.1,0.7000000000000001,-2.4000000000000004,6.0,8.9,34.900000000000006,-14.0,-28.700000000000003,16
10170,170382.0,-1.2000000000000002,1.2000000000000002,1.6,-3.2,6.2,9.8,27.099999999999998,-3.2,-38.7,16
10171,170395.0,-1.4000000000000001,1.2000000000000002,2.3000000000000003,-3.6,6.2,10.4,25.6,2.8,-41.0,16
10172,170411.0,-1.5,1.2000000000000002,2.9000000000000004,-3.7,6.300000000000001,11.0,34.0,7.200000000000001,-39.0,16
10173,170428.0,-1.2000000000000002,1.3,2.3000000000000003,-3.5,6.5,10.4,41.199999999999996,2.4000000000000004,-35.4,16
10174,170445.0,-0.5,1.7000000000000002,0.5,-2.8000000000000003,7.0,8.5,37.9,-15.5,-27.099999999999998,16
10175,170465.0,-0.4,1.9000000000000001,-0.1,-2.7,7.2,7.9,12.4,-40.1,-19.1,16
10176,170478.0,-0.4,2.0,-0.2,-2.6,7.300000000000001,7.9,-1.6,-46.50000000000001,-14.800000000000002,16
10177,170495.0,-0.5,1.6,0.5,-2.5,6.9,8.6,-28.0,-43.70000000000001,-6.8,16
10178,170512.0,-0.30000000000000004,0.8,1.5,-2.2,6.0,9.700000000000001,-36.0,-35.8,0.9000000000000001,16
10179,170528.0,0.2,0.4,1.8,-1.7000000000000002,5.6000000000000005,10.0,-31.2,-34.50000000000001,2.5,16
10180,170545.0,0.6000000000000001,0.1,1.7000000000000002,-0.8,5.1000000000000005,9.4,-9.700000000000001,-36.1,-2.9,16
10181,170566.0,1.3,0.0,-1.0,-0.5,5.1000000000000005,7.300000000000001,7.200000000000001,-37.0,-9.8,16
10182,170578.0,1.3,0.0,-1.8,-0.4,5.1000000000000005,6.6000000000000005,6.8,-36.0,-12.4,16
10183,170595.0,1.6,0.2,-2.2,0.0,5.300000000000001,6.2,-4.300000000000001,-31.6,-16.700000000000003,16
10184,170612.0,1.2000000000000002,0.4,-1.4000000000000001,-0.4,5.4,7.0,-20.2,-21.300000000000004,-22.700000000000003,16
10185,170628.0,0.8,0.5,-0.6000000000000001,-0.8,5.5,7.800000000000001,-26.300000000000004,-15.6,-24.0,16
10186,170645.0,0.30000000000000004,0.4,1.4000000000000001,-1.2000000000000002,5.300000000000001,9.9,-25.6,-6.699999999999999,-21.7,16
10187,170664.0,0.30000000000000004,-0.1,2.4000000000000004,-1.3,4.800000000000001,10.9,-5.300000000000001,-2.1,-20.599999999999998,16
10188,170678.0,0.30000000000000004,-0.4,2.5,-1.3,4.5,11.0,7.300000000000001,-4.7,-22.3,16
10189,170695.0,0.30000000000000004,-0.7000000000000001,2.1,-1.3,4.2,10.600000000000001,33.800000000000004,-20.400000000000002,-29.900000000000006,16
10190,170712.0,-0.2,-1.0,0.6000000000000001,-1.7000000000000002,4.1000000000000005,9.0,59.20000000000001,-29.800000000000004,-38.2,16
10191,170728.0,-0.4,-1.0,-0.2,-1.9000000000000001,4.2,8.200000000000001,67.7,-30.9,-40.4,16
10192,170745.0,-0.8,-0.9,-1.3,-2.4000000000000004,4.4,6.9,76.80000000000001,-26.5,-38.900000000000006,16
10193,170763.0,-0.8,-0.7000000000000001,-2.5,-2.3000000000000003,4.800000000000001,5.6000000000000005,74.30000000000001,-20.2,-29.700000000000006,16
10194,170778.0,-0.7000000000000001,-0.7000000000000001,-2.9000000000000004,-2.2,4.9,5.1000000000000005,66.4,-20.3,-24.7,16
10195,170798.0,-0.5,-0.6000000000000001,-2.8000000000000003,-2.1,5.2,5.1000000000000005,43.00000000000001,-25.7,-14.900000000000002,16
10196,170812.0,-0.5,-0.7000000000000001,-1.5,-1.9000000000000001,5.1000000000000005,6.4,21.200000000000003,-28.900000000000002,-5.2,16
10197,170829.0,-0.4,-0.8,-0.7000000000000001,-1.8,5.0,7.1000000000000005,16.8,-30.4,-1.3,16
10198,170845.0,-0.30000000000000004,-1.0,0.2,-1.6,4.9,8.0,19.700000000000003,-27.2,3.7000000000000006,16
10199,170864.0,-0.30000000000000004,-1.2000000000000002,0.5,-1.6,4.7,8.3,28.0,-16.6,4.9,16
10200,170878.0,-0.30000000000000004,-1.3,0.6000000000000001,-1.6,4.7,8.3,32.8,-10.5,5.0,16
10201,170897.0,-0.30000000000000004,-1.5,0.5,-1.6,4.6000000000000005,8.200000000000001,43.2,2.2,3.0,16
10202,170913.0,-0.7000000000000001,-1.5,-0.1,-2.0,4.6000000000000005,7.5,51.800000000000004,10.200000000000001,2.8,16
10203,170928.0,-0.7000000000000001,-1.5,-0.5,-2.0,4.800000000000001,7.0,53.7,10.5,4.4,16
10204,170945.0,-0.6000000000000001,-1.5,-1.5,-1.9000000000000001,4.9,5.800000000000001,49.6,8.0,8.4,16
10205,170967.0,-1.0,-1.1,-2.1,-2.3000000000000003,5.300000000000001,5.1000000000000005,28.0,7.699999999999999,13.399999999999999,16
10206,170983.0,-0.8,-0.8,-0.8,-2.1,5.6000000000000005,6.4,-1.1,13.000000000000002,22.8,16
10207,170995.0,-0.5,-0.8,0.1,-1.8,5.7,7.4,-10.299999999999999,17.1,25.300000000000004,16
10208,171012.0,-0.30000000000000004,-0.7000000000000001,1.0,-1.6,5.7,8.3,-14.400000000000002,18.5,21.500000000000004,16
10209,171028.0,-0.4,-0.5,0.9,-1.7000000000000002,5.9,8.200000000000001,-14.400000000000002,15.8,17.1,16
10210,171045.0,-0.6000000000000001,-0.4,0.9,-1.9000000000000001,5.9,8.200000000000001,-16.900000000000002,12.5,7.6,16
10211,171063.0,-0.9,-0.2,0.0,-2.2,6.1000000000000005,7.4,-21.200000000000003,15.399999999999999,3.9,16
10212,171079.0,-1.6,0.1,-1.2000000000000002,-3.0,6.300000000000001,6.2,-46.0,18.0,8.5,16
10213,171095.0,-1.9000000000000001,0.1,-1.1,-3.3000000000000003,6.300000000000001,6.4,-68.4,18.4,14.0,16
10214,171112.0,-2.1,-0.30000000000000004,1.3,-3.6,5.5,9.0,-107.8,15.100000000000001,27.3,16
10215,171128.0,-1.1,-0.8,4.1000000000000005,-2.5,4.800000000000001,12.0,-102.3,4.0,34.1,16
10216,171145.0,-0.5,-1.1,4.6000000000000005,-1.8,4.4,12.700000000000001,-81.4,-2.8,31.2,16
10217,171171.0,0.30000000000000004,-1.1,1.5,-1.0,4.3,9.700000000000001,-5.2,-3.1,1.8000000000000003,16
10218,171178.0,0.30000000000000004,-1.1,1.5,-1.0,4.3,9.700000000000001,-5.2,-3.1,1.8000000000000003,16
10219,171195.0,-0.2,-0.9,-0.7000000000000001,-1.5,4.5,7.4,15.700000000000001,28.3,-16.3,16
10220,171212.0,-0.8,-0.5,-2.2,-2.4000000000000004,4.9,5.9,13.5,61.7,-23.800000000000004,16
10221,171228.0,-1.0,-0.4,-2.5,-2.7,5.0,5.5,6.0,73.0,-22.000000000000004,16
10222,171245.0,-1.2000000000000002,-0.4,-2.4000000000000004,-3.2,5.0,5.6000000000000005,-15.000000000000002,78.0,-10.200000000000001,16
10223,171263.0,-1.0,-0.6000000000000001,-1.9000000000000001,-3.1,4.7,6.1000000000000005,-32.300000000000004,58.3,5.6,16
10224,171278.0,-0.4,-0.8,-1.7000000000000002,-2.6,4.4,6.300000000000001,-39.50000000000001,28.200000000000003,19.799999999999997,16
10225,171295.0,0.0,-0.9,-1.7000000000000002,-2.2,4.3,6.300000000000001,-39.2,13.8,24.7,16
10226,171312.0,0.6000000000000001,-0.9,-2.0,-1.5,4.2,6.0,-33.400000000000006,-6.1000000000000005,29.1,16
10227,171328.0,0.9,-0.7000000000000001,-2.4000000000000004,-1.2000000000000002,4.3,5.7,-24.400000000000002,-6.8,27.5,16
10228,171345.0,0.8,-0.6000000000000001,-2.4000000000000004,-1.2000000000000002,4.4,5.7,-18.900000000000002,0.7,26.000000000000004,16
10229,171368.0,0.8,0.2,-3.3000000000000003,-1.2000000000000002,5.1000000000000005,4.800000000000001,-5.8,34.1,26.200000000000003,16
10230,171378.0,0.9,0.4,-3.5,-1.2000000000000002,5.4,4.5,-8.600000000000001,39.599999999999994,27.6,16
10231,171395.0,0.9,0.6000000000000001,-3.6,-1.2000000000000002,5.6000000000000005,4.4,-15.899999999999999,39.8,29.200000000000003,16
10232,171411.0,0.7000000000000001,1.2000000000000002,-2.8000000000000003,-1.4000000000000001,6.1000000000000005,5.2,-38.300000000000004,29.1,32.7,16
10233,171428.0,0.0,1.7000000000000002,-0.9,-2.1,6.5,7.2,-60.400000000000006,14.300000000000002,40.7,16
10234,171445.0,0.0,1.8,0.30000000000000004,-2.1,6.5,8.5,-66.60000000000001,9.5,45.9,16
10235,171462.0,0.4,1.8,2.5,-1.7000000000000002,6.4,10.8,-64.10000000000001,1.7,51.6,16
10236,171479.0,0.7000000000000001,1.6,3.9000000000000004,-1.2000000000000002,6.1000000000000005,12.3,-41.800000000000004,-14.0,45.400000000000006,16
10237,171495.0,1.0,1.6,3.9000000000000004,-0.9,6.1000000000000005,12.3,-24.900000000000002,-22.2,39.400000000000006,16
10238,171512.0,1.2000000000000002,1.7000000000000002,2.4000000000000004,-0.5,6.2,10.9,4.5,-34.2,22.1,16
10239,171528.0,1.0,2.0,1.3,-0.6000000000000001,6.5,9.8,15.6,-33.1,3.9,16
10240,171545.0,0.8,1.9000000000000001,1.3,-0.7000000000000001,6.5,9.8,17.0,-25.200000000000003,-3.9,16
10241,171562.0,0.30000000000000004,1.8,1.9000000000000001,-1.2000000000000002,6.4,10.3,19.0,0.4,-18.3,16
10242,171578.0,0.0,1.4000000000000001,3.0,-1.7000000000000002,6.1000000000000005,11.5,28.600000000000005,25.7,-30.799999999999997,16
10243,171595.0,0.1,1.3,3.2,-1.7000000000000002,6.1000000000000005,11.600000000000001,39.699999999999996,32.0,-36.2,16
10244,171612.0,0.30000000000000004,1.5,1.6,-1.6,6.4,9.9,58.60000000000001,31.099999999999998,-45.099999999999994,16
10245,171628.0,0.2,1.8,0.2,-1.8,6.800000000000001,8.5,45.400000000000006,14.400000000000002,-48.70000000000001,16
10246,171645.0,-0.1,1.9000000000000001,0.1,-2.9000000000000004,7.2,8.5,13.200000000000003,-1.6,-45.3,16
10247,171662.0,-1.4000000000000001,2.3000000000000003,1.1,-3.5,7.300000000000001,9.3,-4.9,-4.0,-38.1,16
10248,171678.0,-1.6,1.8,2.9000000000000004,-3.8000000000000003,6.800000000000001,11.200000000000001,-26.9,0.2,-15.399999999999999,16
10249,171695.0,-1.1,1.2000000000000002,3.4000000000000004,-3.3000000000000003,6.2,11.700000000000001,-28.900000000000002,-0.6000000000000001,-4.4,16
10250,171712.0,0.6000000000000001,0.0,4.0,-1.6,4.9,12.4,-19.0,-22.6,5.1000000000000005,16
10251,171728.0,1.7000000000000002,-0.6000000000000001,2.6,-0.30000000000000004,4.4,11.0,9.600000000000001,-51.70000000000001,-5.2,16
10252,171745.0,1.6,-0.4,0.1,-0.1,4.5,9.700000000000001,20.8,-56.7,-14.300000000000002,16
10253,171767.0,1.1,0.0,-1.0,-0.7000000000000001,5.0,7.5,24.599999999999998,-33.0,-33.1,16
10254,171779.0,1.1,0.1,-1.2000000000000002,-0.7000000000000001,5.2,7.2,23.5,-15.299999999999999,-34.900000000000006,16
10255,171795.0,1.1,0.2,-1.3,-0.8,5.300000000000001,7.1000000000000005,22.1,4.1,-35.599999999999994,16
10256,171811.0,0.8,0.1,-1.2000000000000002,-1.1,5.2,7.1000000000000005,18.5,31.2,-37.400000000000006,16
10257,171829.0,-0.1,-0.1,-1.3,-2.3000000000000003,5.0,7.0,13.200000000000003,35.3,-36.1,16
10258,171845.0,-0.9,-0.30000000000000004,-1.0,-3.2,4.800000000000001,7.2,5.9,23.900000000000006,-26.1,16
10259,171862.0,-0.9,-0.4,-0.7000000000000001,-3.2,4.7,7.5,1.9,13.8,-19.5,16
10260,171883.0,-0.6000000000000001,-0.6000000000000001,-0.1,-3.0,4.4,8.0,-0.1,-6.4,-8.0,16
10261,171895.0,-0.4,-0.8,0.0,-2.5,4.1000000000000005,8.1,4.2,-16.700000000000003,-4.300000000000001,16
10262,171912.0,0.0,-1.1,-0.4,-2.3000000000000003,4.0,7.800000000000001,20.2,-30.799999999999997,-1.7,16
10263,171928.0,0.2,-1.2000000000000002,-1.4000000000000001,-2.0,4.0,6.7,33.50000000000001,-33.2,-3.0,16
10264,171946.0,0.1,-1.0,-2.4000000000000004,-1.9000000000000001,4.3,5.7,33.1,-28.1,-3.2,16
10265,171965.0,0.30000000000000004,-1.0,-2.4000000000000004,-1.7000000000000002,4.3,5.7,28.900000000000002,-23.3,-2.1,16
10266,171979.0,1.0,-1.0,-1.4000000000000001,-1.0,4.3,6.6000000000000005,22.9,-13.6,-2.4000000000000004,16
10267,171995.0,1.1,-1.1,-0.4,-0.9,4.4,7.5,26.5,-4.5,-10.5,16
10268,172012.0,0.8,-0.9,-0.2,-1.1,4.5,7.7,30.3,2.8,-14.0,16
10269,172028.0,0.5,-0.9,0.0,-1.5,4.7,7.9,38.0,19.0,-16.6,16
10270,172045.0,0.4,-0.9,-0.1,-1.8,4.7,7.7,43.900000000000006,23.3,-16.6,16
10271,172064.0,0.30000000000000004,-1.0,-0.30000000000000004,-1.9000000000000001,4.7,7.4,45.2,20.5,-16.6,16
10272,172078.0,0.1,-0.8,-0.5,-2.2,5.0,7.1000000000000005,44.00000000000001,13.6,-16.6,16
10273,172095.0,0.0,-0.6000000000000001,-0.9,-2.3000000000000003,5.300000000000001,6.6000000000000005,39.699999999999996,13.000000000000002,-14.100000000000001,16
10274,172112.0,-0.1,-0.5,-1.1,-2.5,5.4,6.300000000000001,35.4,14.400000000000002,-12.4,16
10275,172128.0,-0.4,-0.4,-1.2000000000000002,-2.8000000000000003,5.6000000000000005,6.2,17.7,16.1,-7.500000000000001,16
10276,172145.0,-0.1,-0.4,-0.30000000000000004,-2.6,5.5,7.1000000000000005,-2.2,17.5,0.8,16
10277,172164.0,0.30000000000000004,-0.8,0.4,-2.2,5.2,7.800000000000001,-14.100000000000001,13.6,3.2,16
10278,172178.0,0.2,-0.7000000000000001,0.7000000000000001,-2.3000000000000003,5.2,8.1,-19.6,8.600000000000001,-0.1,16
10279,172195.0,-0.2,-0.5,1.4000000000000001,-2.7,5.300000000000001,8.9,-25.0,-2.5,-9.5,16
10280,172212.0,-0.4,-0.30000000000000004,1.5,-3.2,5.6000000000000005,8.9,-25.0,-3.2,-13.000000000000002,16
10281,172228.0,-0.9,-0.1,1.1,-3.5,5.7,8.700000000000001,-26.5,2.7,-15.2,16
10282,172245.0,-1.1,0.2,0.2,-3.7,5.9,7.800000000000001,-40.300000000000004,6.2,-9.8,16
10283,172264.0,-1.6,0.0,0.1,-4.2,5.4,7.800000000000001,-79.19999999999999,-6.1000000000000005,1.6,16
10284,172279.0,-1.8,-0.30000000000000004,1.1,-4.4,5.0,9.0,-100.70000000000002,-20.2,9.0,16
10285,172295.0,-1.0,-0.8,4.0,-3.5,4.2,12.100000000000001,-111.20000000000002,-50.400000000000006,18.8,16
10286,172311.0,-0.6000000000000001,-0.9,4.9,-3.0,3.9000000000000004,13.200000000000001,-95.4,-59.699999999999996,16.4,16
10287,172328.0,-0.1,-1.0,4.1000000000000005,-2.2,3.7,12.5,-35.2,-58.800000000000004,2.6,16
10288,172345.0,0.1,-0.9,0.9,-2.0,3.8000000000000003,9.3,16.6,-26.9,-13.8,16
10289,172372.0,0.1,-0.8,-1.8,-2.1,4.0,6.6000000000000005,37.300000000000004,17.200000000000003,-26.300000000000004,16
10290,172379.0,-0.1,-0.5,-2.7,-2.3000000000000003,4.3,5.6000000000000005,35.699999999999996,36.7,-29.500000000000004,16
10291,172395.0,-0.2,-0.2,-3.6,-2.7,4.7,4.6000000000000005,18.0,62.199999999999996,-27.5,16
10292,172412.0,-0.30000000000000004,-0.1,-3.7,-3.0,4.7,4.6000000000000005,4.7,68.80000000000001,-23.099999999999998,16
10293,172428.0,-0.30000000000000004,-0.2,-3.0,-3.1,4.6000000000000005,5.1000000000000005,-23.800000000000004,66.3,-12.100000000000001,16
10294,172445.0,-0.2,-0.30000000000000004,-2.6,-2.9000000000000004,4.4,5.9,-39.300000000000004,47.5,-2.6,16
10295,172465.0,0.4,-0.4,-1.9000000000000001,-2.6,4.2,6.2,-38.60000000000001,30.200000000000003,3.5,16
10296,172479.0,0.7000000000000001,-0.4,-2.0,-2.4000000000000004,4.1000000000000005,6.1000000000000005,-33.800000000000004,23.099999999999998,4.6,16
10297,172495.0,1.0,-0.30000000000000004,-2.6,-2.1,4.2,5.5,-23.2,13.6,4.6,16
10298,172512.0,0.7000000000000001,0.0,-3.0,-2.4000000000000004,4.4,5.0,-18.200000000000003,13.5,4.7,16
10299,172528.0,0.6000000000000001,0.30000000000000004,-3.1,-2.5,4.7,5.0,-17.7,16.6,6.4,16
10300,172545.0,0.6000000000000001,0.6000000000000001,-2.9000000000000004,-2.6,5.0,5.2,-17.200000000000003,25.6,11.900000000000002,16
10301,172562.0,0.6000000000000001,1.3,-2.8000000000000003,-2.6,5.6000000000000005,5.2,-19.0,29.800000000000004,17.7,16
10302,172578.0,0.4,1.6,-2.9000000000000004,-2.8000000000000003,6.0,5.2,-23.6,28.200000000000003,21.400000000000002,16
10303,172595.0,0.30000000000000004,2.1,-2.3000000000000003,-3.0,6.4,5.7,-44.00000000000001,15.000000000000002,31.3,16
10304,172612.0,0.1,2.0,0.4,-3.0,6.1000000000000005,8.5,-64.80000000000001,-4.7,39.0,16
10305,172628.0,0.0,2.0,1.7000000000000002,-3.1,6.1000000000000005,9.8,-65.89999999999999,-13.399999999999999,41.6,16
10306,172646.0,0.1,2.0,2.8000000000000003,-2.9000000000000004,6.0,11.100000000000001,-52.00000000000001,-22.700000000000003,45.400000000000006,16
10307,172667.0,0.4,1.9000000000000001,3.3000000000000003,-2.5,5.9,11.700000000000001,-35.4,-36.2,43.1,16
10308,172678.0,0.5,1.8,3.3000000000000003,-2.2,5.7,11.8,-26.300000000000004,-45.7,39.400000000000006,16
10309,172695.0,0.6000000000000001,1.6,2.8000000000000003,-1.9000000000000001,5.6000000000000005,11.4,-13.000000000000002,-61.300000000000004,28.700000000000003,16
10310,172711.0,0.4,1.5,3.3000000000000003,-1.9000000000000001,5.4,12.0,-9.600000000000001,-65.3,16.6,16
10311,172728.0,0.30000000000000004,1.2000000000000002,4.0,-1.9000000000000001,5.1000000000000005,12.8,-5.7,-60.7,10.200000000000001,16
10312,172745.0,0.1,0.8,4.800000000000001,-1.9000000000000001,4.7,13.600000000000001,17.9,-45.9,-3.8,16
10313,172762.0,0.2,1.0,3.0,-1.8,5.1000000000000005,11.8,51.4,-34.0,-15.2,16
10314,172779.0,0.1,1.1,1.6,-1.8,5.300000000000001,10.4,56.7,-28.700000000000003,-17.400000000000002,16
10315,172795.0,-0.5,1.0,0.4,-2.4000000000000004,5.300000000000001,9.1,32.9,-26.6,-15.700000000000001,16
10316,172811.0,-0.6000000000000001,0.8,1.1,-2.4000000000000004,5.1000000000000005,9.8,-9.600000000000001,-32.0,-6.8,16
10317,172828.0,-0.6000000000000001,0.2,2.1,-2.4000000000000004,4.5,10.9,-25.200000000000003,-36.2,-2.6,16
10318,172845.0,-0.1,-0.4,3.3000000000000003,-1.8,3.7,12.200000000000001,-27.700000000000003,-49.9,0.1,16
10319,172862.0,0.4,-0.9,3.4000000000000004,-1.1,3.3000000000000003,12.4,0.1,-57.3,-7.400000000000001,16
10320,172879.0,0.5,-0.9,2.5,-0.9,3.3000000000000003,11.4,20.8,-55.8,-13.200000000000003,16
10321,172895.0,0.30000000000000004,-0.8,-0.30000000000000004,-0.9,3.5,8.700000000000001,47.3,-34.60000000000001,-21.6,16
10322,172912.0,0.30000000000000004,-0.6000000000000001,-2.2,-0.9,3.8000000000000003,6.6000000000000005,40.1,-7.699999999999999,-23.700000000000003,16
10323,172928.0,0.4,-0.5,-2.6,-0.9,4.0,6.2,25.5,4.1,-23.099999999999998,16
10324,172946.0,0.6000000000000001,-0.5,-2.1,-0.7000000000000001,4.0,6.7,-7.699999999999999,15.2,-21.400000000000002,16
10325,172966.0,0.1,-0.6000000000000001,-0.5,-1.3,3.8000000000000003,8.3,-26.700000000000003,13.3,-19.700000000000003,16
10326,172978.0,0.0,-0.6000000000000001,0.1,-1.4000000000000001,3.7,8.9,-27.700000000000003,9.100000000000001,-16.900000000000002,16
10327,172995.0,0.1,-0.8,0.5,-1.3,3.4000000000000004,9.3,-20.7,-1.9,-12.8,16
10328,173011.0,0.30000000000000004,-1.0,0.2,-1.2000000000000002,3.1,9.1,-9.3,-12.200000000000001,-13.200000000000003,16
10329,173029.0,0.4,-1.1,0.0,-1.1,3.0,8.8,-4.9,-13.8,-15.2,16
10330,173045.0,0.4,-1.4000000000000001,-0.30000000000000004,-1.0,2.8000000000000003,8.6,6.0,-13.5,-21.6,16
10331,173065.0,0.30000000000000004,-1.4000000000000001,-1.0,-1.2000000000000002,2.7,7.800000000000001,21.300000000000004,-5.7,-27.2,16
10332,173078.0,0.30000000000000004,-1.4000000000000001,-1.5,-1.2000000000000002,2.8000000000000003,7.300000000000001,25.4,0.1,-28.500000000000004,16
10333,173095.0,0.4,-1.3,-2.0,-1.1,3.0,6.800000000000001,27.0,4.300000000000001,-29.600000000000005,16
10334,173111.0,0.4,-1.1,-2.2,-1.2000000000000002,3.1,6.5,26.200000000000003,5.500000000000001,-30.1,16
10335,173128.0,0.30000000000000004,-1.0,-2.3000000000000003,-1.3,3.5,6.300000000000001,24.900000000000002,5.7,-29.600000000000005,16
10336,173145.0,0.2,-0.8,-2.3000000000000003,-1.4000000000000001,3.6,6.4,20.1,4.7,-27.0,16
10337,173164.0,0.0,-0.4,-2.1,-1.7000000000000002,4.0,6.5,13.000000000000002,3.1,-20.3,16
10338,173179.0,0.1,-0.30000000000000004,-1.6,-1.6,4.1000000000000005,7.0,4.9,5.2,-10.5,16
10339,173195.0,0.2,-0.30000000000000004,-1.3,-1.5,4.1000000000000005,7.300000000000001,1.3,5.6,-6.600000000000001,16
10340,173211.0,0.30000000000000004,-0.2,-0.4,-1.5,4.1000000000000005,8.1,-4.1,4.4,-1.9,16
10341,173228.0,0.4,-0.1,0.2,-1.3,4.2,8.8,-2.8,3.4,-0.7,16
10342,173245.0,0.4,-0.1,0.30000000000000004,-1.4000000000000001,4.3,8.9,4.6,5.2,-0.6000000000000001,16
10343,173269.0,0.2,0.0,0.2,-1.6,4.5,8.8,9.2,8.600000000000001,-0.1,16
10344,173278.0,-0.2,0.2,0.2,-2.0,4.6000000000000005,8.700000000000001,9.100000000000001,10.4,0.8,16
10345,173295.0,-0.4,0.1,0.2,-2.3000000000000003,4.6000000000000005,8.700000000000001,5.9,13.3,5.9,16
10346,173311.0,-0.6000000000000001,-0.1,0.6000000000000001,-2.4000000000000004,4.3,9.1,-2.0,16.200000000000003,12.100000000000001,16
10347,173328.0,-0.4,-0.30000000000000004,1.3,-2.3000000000000003,4.2,9.8,-6.300000000000001,12.5,14.400000000000002,16
10348,173345.0,-0.30000000000000004,-0.30000000000000004,1.4000000000000001,-2.2,4.2,9.9,-4.2,8.4,12.9,16
10349,173361.0,-0.5,-0.6000000000000001,1.2000000000000002,-2.4000000000000004,3.9000000000000004,9.700000000000001,-2.4000000000000004,-0.7,7.9,16
10350,173378.0,-1.1,-0.8,0.8,-3.0,3.6,9.4,-8.4,-6.0,4.4,16
10351,173395.0,-1.3,-0.9,0.30000000000000004,-3.2,3.5,8.9,-15.700000000000001,-3.6000000000000005,6.2,16
10352,173412.0,-1.7000000000000002,-1.1,-0.4,-3.6,3.2,8.200000000000001,-52.80000000000001,7.1000000000000005,13.900000000000002,16
10353,173428.0,-1.8,-1.4000000000000001,1.3,-3.7,2.6,10.100000000000001,-107.19999999999999,14.900000000000002,22.4,16
10354,173445.0,-1.6,-1.4000000000000001,3.3000000000000003,-3.5,2.4000000000000004,12.100000000000001,-124.50000000000001,12.100000000000001,24.900000000000002,16
10355,173464.0,-0.6000000000000001,-1.4000000000000001,6.5,-2.5,2.1,15.5,-109.9,-6.9,17.7,16
10356,173478.0,-0.4,-1.1,6.300000000000001,-2.2,2.1,15.4,-44.5,-17.200000000000003,-4.7,16
10357,173495.0,-0.7000000000000001,-1.1,4.6000000000000005,-2.5,2.1,13.8,-8.899999999999999,-11.6,-15.2,16
10358,173511.0,-1.1,-0.8,0.9,-3.0,2.5,10.100000000000001,35.599999999999994,13.000000000000002,-29.0,16
10359,173528.0,-1.3,-0.6000000000000001,-1.6,-3.4000000000000004,2.8000000000000003,7.5,45.0,42.5,-30.599999999999998,16
10360,173546.0,-1.2000000000000002,-0.5,-2.4000000000000004,-3.4000000000000004,2.9000000000000004,6.7,40.1,55.400000000000006,-27.800000000000004,16
10361,173566.0,-0.9,-0.4,-3.3000000000000003,-3.3000000000000003,3.1,5.7,17.400000000000002,66.1,-18.5,16
10362,173578.0,-0.8,-0.4,-3.3000000000000003,-3.2,3.1,5.7,3.6000000000000005,62.900000000000006,-12.100000000000001,16
10363,173595.0,-0.30000000000000004,-0.4,-3.0,-3.0,3.1,5.9,-19.6,44.5,1.4,16
10364,173611.0,0.1,-0.2,-2.6,-2.6,3.1,6.2,-29.600000000000005,17.7,9.8,16
10365,173628.0,0.1,0.0,-2.5,-2.6,3.3000000000000003,6.300000000000001,-26.400000000000006,1.1,13.8,16
10366,173645.0,0.0,0.2,-2.5,-2.7,3.5,6.4,-21.900000000000002,-0.8,16.200000000000003,16
10367,173662.0,0.2,0.5,-2.7,-2.5,3.7,6.1000000000000005,-8.700000000000001,6.9,22.000000000000004,16
10368,173678.0,0.5,0.8,-3.4000000000000004,-2.2,4.1000000000000005,5.300000000000001,0.1,18.6,27.6,16
10369,173695.0,0.6000000000000001,1.0,-3.8000000000000003,-2.1,4.2,5.0,-0.5,21.500000000000004,30.4,16
10370,173711.0,0.7000000000000001,1.5,-3.9000000000000004,-2.1,4.800000000000001,4.9,-12.100000000000001,17.300000000000004,36.400000000000006,16
10371,173728.0,0.6000000000000001,2.0,-2.8000000000000003,-2.1,5.300000000000001,5.9,-29.900000000000006,5.6,45.9,16
10372,173745.0,0.8,2.1,-2.0,-1.9000000000000001,5.4,6.7,-37.400000000000006,-2.0,50.2,16
10373,173761.0,0.7000000000000001,2.3000000000000003,-0.30000000000000004,-1.9000000000000001,5.5,8.5,-48.70000000000001,-16.6,54.4,16
10374,173779.0,0.5,2.3000000000000003,1.6,-1.9000000000000001,5.4,10.4,-49.699999999999996,-24.900000000000002,54.4,16
10375,173795.0,0.5,2.2,2.3000000000000003,-1.9000000000000001,5.2,11.200000000000001,-45.5,-27.400000000000002,52.60000000000001,16
10376,173811.0,0.8,1.9000000000000001,3.4000000000000004,-1.4000000000000001,4.9,12.4,-26.000000000000004,-34.60000000000001,43.4,16
10377,173828.0,1.0,1.9000000000000001,3.2,-1.0,5.0,12.200000000000001,5.300000000000001,-38.60000000000001,27.400000000000002,16
10378,173845.0,1.1,2.0,2.5,-0.9,5.1000000000000005,11.600000000000001,20.0,-38.50000000000001,18.6,16
10379,173865.0,0.8,2.1,1.4000000000000001,-1.2000000000000002,5.4,10.4,34.0,-32.400000000000006,1.8000000000000003,16
10380,173878.0,0.30000000000000004,2.0,1.6,-1.5,5.4,10.600000000000001,36.0,-22.700000000000003,-12.7,16
10381,173895.0,0.0,1.8,2.0,-1.8,5.2,11.0,37.300000000000004,-16.6,-18.8,16
10382,173911.0,-0.30000000000000004,1.7000000000000002,2.4000000000000004,-2.1,5.300000000000001,11.5,47.900000000000006,-7.8,-28.1,16
10383,173928.0,-0.30000000000000004,2.0,1.4000000000000001,-2.1,5.7,10.3,60.6,-6.2,-30.200000000000003,16
10384,173945.0,-0.4,2.0,0.9,-2.4000000000000004,5.9,9.5,58.800000000000004,-5.0,-28.700000000000003,16
10385,173966.0,-0.8,2.4000000000000004,0.5,-2.6,6.4,9.4,26.000000000000004,-8.2,-16.4,16
10386,173979.0,-0.9,2.5,0.8,-2.7,6.6000000000000005,9.700000000000001,7.1000000000000005,-7.500000000000001,-9.8,16
10387,173995.0,-0.5,2.0,3.2,-2.7,6.4,10.8,-12.100000000000001,-6.4,-1.9,16
10388,174012.0,0.2,1.4000000000000001,4.4,-1.6,5.300000000000001,13.4,-30.5,-10.4,12.200000000000001,16
10389,174028.0,1.5,0.30000000000000004,6.0,-0.2,4.2,15.100000000000001,-12.7,-32.5,9.2,16
10390,174045.0,1.9000000000000001,0.1,4.800000000000001,0.4,4.0,13.9,28.700000000000003,-51.50000000000001,-3.3000000000000007,16
10391,174062.0,1.7000000000000002,0.0,3.5,0.30000000000000004,4.0,12.600000000000001,44.300000000000004,-52.60000000000001,-9.100000000000001,16
10392,174078.0,1.5,-0.1,1.7000000000000002,0.2,4.1000000000000005,10.8,56.300000000000004,-40.0,-16.900000000000002,16
10393,174096.0,1.5,-0.2,0.8,0.2,4.1000000000000005,9.8,50.900000000000006,-16.3,-23.0,16
10394,174111.0,1.2000000000000002,-0.4,0.8,-0.1,4.0,9.8,43.4,-8.0,-26.1,16
10395,174129.0,0.6000000000000001,-0.8,1.3,-0.7000000000000001,3.7,10.3,34.400000000000006,-4.4,-28.3,16
10396,174146.0,0.5,-1.4000000000000001,1.4000000000000001,-0.7000000000000001,3.2,10.3,40.300000000000004,-13.8,-29.200000000000003,16
10397,174161.0,0.6000000000000001,-1.8,1.3,-0.7000000000000001,2.9000000000000004,10.200000000000001,47.2,-20.900000000000002,-31.9,16
10398,174178.0,0.6000000000000001,-2.5,0.7000000000000001,-0.6000000000000001,2.3000000000000003,9.5,67.10000000000001,-32.300000000000004,-41.1,16
10399,174195.0,0.5,-2.8000000000000003,0.0,-0.8,1.9000000000000001,7.9,89.2,-32.9,-51.9,16
10400,174211.0,0.30000000000000004,-3.4000000000000004,-1.5,-0.9,1.8,7.1000000000000005,97.2,-30.9,-56.7,16
10401,174228.0,-0.1,-3.7,-2.6,-1.4000000000000001,1.7000000000000002,5.800000000000001,106.80000000000001,-23.0,-62.1,16
10402,174245.0,-0.5,-3.7,-3.5,-1.9000000000000001,2.0,4.6000000000000005,107.6,-11.8,-60.8,16
10403,174263.0,-0.6000000000000001,-3.5,-3.9000000000000004,-2.0,2.2,4.1000000000000005,103.89999999999999,-7.0,-57.3,16
10404,174278.0,-0.6000000000000001,-3.1,-4.4,-2.1,2.8000000000000003,3.4000000000000004,89.0,0.1,-46.9,16
10405,174295.0,-0.6000000000000001,-2.7,-4.3,-2.1,3.4000000000000004,3.3000000000000003,65.4,-2.3,-37.50000000000001,16
10406,174311.0,-0.6000000000000001,-2.3000000000000003,-4.0,-2.2,3.8000000000000003,3.5,52.00000000000001,-4.1,-32.0,16
10407,174328.0,-0.5,-2.1,-3.0,-2.2,4.2,4.4,24.8,-2.8,-19.200000000000003,16
10408,174345.0,-0.8,-1.9000000000000001,-1.7000000000000002,-2.5,4.3,5.7,1.2000000000000002,-4.1,-9.899999999999999,16
10409,174361.0,-1.0,-1.8,-1.0,-2.7,4.4,6.4,-8.4,-4.4,-4.7,16
10410,174378.0,-1.1,-1.8,0.4,-2.7,4.4,7.800000000000001,-18.5,-2.8,6.699999999999999,16
10411,174395.0,-0.7000000000000001,-2.0,1.2000000000000002,-2.3000000000000003,4.1000000000000005,8.700000000000001,-13.000000000000002,-7.8,13.8,16
10412,174411.0,-0.4,-2.0,1.2000000000000002,-2.0,4.0,8.700000000000001,-6.1000000000000005,-12.7,14.300000000000002,16
10413,174428.0,0.1,-2.0,0.2,-1.4000000000000001,4.1000000000000005,7.7,8.600000000000001,-22.700000000000003,9.2,16
10414,174445.0,-0.1,-1.8,-0.9,-1.6,4.3,6.6000000000000005,15.8,-24.5,-1.1,16
10415,174463.0,-0.5,-1.7000000000000002,-1.3,-1.9000000000000001,4.4,6.2,17.1,-19.6,-5.300000000000001,16
10416,174481.0,-1.0,-1.3,-2.1,-2.4000000000000004,4.800000000000001,5.300000000000001,14.600000000000001,-0.9000000000000001,-7.400000000000001,16
10417,174495.0,-0.9,-1.0,-2.7,-2.4000000000000004,5.1000000000000005,4.7,-1.4,18.6,-5.500000000000001,16
10418,174511.0,-1.0,-0.7000000000000001,-2.6,-2.5,5.4,4.800000000000001,-14.400000000000002,26.9,-5.7,16
10419,174528.0,-1.3,-0.4,-1.8,-2.9000000000000004,5.6000000000000005,5.6000000000000005,-41.900000000000006,36.8,-8.5,16
10420,174546.0,-1.9000000000000001,-0.2,-0.9,-3.7,5.6000000000000005,6.6000000000000005,-68.2,40.4,-10.1,16
10421,174561.0,-2.4000000000000004,-0.1,-0.30000000000000004,-4.2,5.6000000000000005,7.300000000000001,-82.7,41.1,-9.0,16
10422,174580.0,-3.0,-0.30000000000000004,1.1,-5.0,5.2,8.9,-110.5,43.2,2.8,16
10423,174596.0,-3.3000000000000003,-0.7000000000000001,2.5,-5.5,4.3,10.5,-139.9,44.8,18.6,16
10424,174612.0,-3.1,-0.9,3.8000000000000003,-5.300000000000001,4.0,11.9,-152.8,42.60000000000001,25.8,16
10425,174628.0,-2.1,-1.4000000000000001,6.9,-4.4,3.0,15.3,-150.00000000000003,24.900000000000002,32.8,16
10426,174645.0,-1.0,-1.3,7.7,-3.3000000000000003,2.9000000000000004,16.3,-95.20000000000002,3.4,26.1,16
10427,174662.0,-0.7000000000000001,-1.1,6.6000000000000005,-3.0,2.9000000000000004,15.3,-58.7,1.0,20.1,16
10428,174682.0,-0.8,-0.7000000000000001,1.1,-3.1,3.3000000000000003,9.8,-5.500000000000001,12.5,7.0,16
10429,174695.0,-0.9,-0.6000000000000001,-0.2,-3.3000000000000003,3.5,8.5,8.0,37.1,-0.1,16
10430,174711.0,-1.0,-0.4,-1.2000000000000002,-3.6,3.7,6.800000000000001,4.5,49.0,1.0,16
10431,174728.0,-1.0,-0.30000000000000004,-2.2,-3.6,3.7,6.5,-13.3,60.7,9.5,16
10432,174745.0,-0.8,-0.30000000000000004,-2.5,-3.6,3.6,6.1000000000000005,-36.8,57.00000000000001,23.900000000000006,16
10433,174768.0,-0.4,-0.6000000000000001,-2.3000000000000003,-3.2,3.2,6.300000000000001,-58.1,38.2,42.3,16
10434,174780.0,0.0,-0.7000000000000001,-2.3000000000000003,-2.8000000000000003,3.0,6.4,-65.8,26.200000000000003,51.2,16
10435,174795.0,0.4,-0.9,-2.3000000000000003,-1.9000000000000001,2.7,6.4,-75.2,-0.5,64.80000000000001,16
10436,174811.0,1.7000000000000002,-0.8,-2.0,-1.0,2.6,6.800000000000001,-73.4,-17.5,70.6,16
10437,174828.0,2.0,-0.5,-1.8,-0.6000000000000001,2.8000000000000003,7.0,-68.3,-19.0,69.5,16
10438,174845.0,2.2,0.0,-1.7000000000000002,-0.2,3.2,7.2,-51.4,-8.0,59.300000000000004,16
10439,174862.0,2.0,0.7000000000000001,-1.8,-0.4,3.9000000000000004,7.1000000000000005,-29.900000000000006,19.6,47.3,16
10440,174882.0,1.8,1.5,-2.0,-0.7000000000000001,4.6000000000000005,6.9,-20.3,48.400000000000006,39.699999999999996,16
10441,174895.0,1.6,1.8,-1.9000000000000001,-1.0,4.9,7.0,-20.900000000000002,54.800000000000004,37.9,16
10442,174912.0,1.4000000000000001,2.5,-1.4000000000000001,-1.2000000000000002,5.5,7.4,-27.0,50.900000000000006,39.699999999999996,16
10443,174928.0,1.3,2.7,-1.0,-1.4000000000000001,5.7,7.800000000000001,-32.400000000000006,43.4,41.199999999999996,16
10444,174946.0,0.9,3.0,0.0,-1.8,6.0,8.9,-46.1,20.1,44.00000000000001,16
10445,174966.0,0.4,3.1,1.6,-2.3000000000000003,6.0,10.5,-52.900000000000006,-3.7000000000000006,48.800000000000004,16
10446,174981.0,0.30000000000000004,3.0,2.3000000000000003,-2.2,5.9,11.700000000000001,-49.199999999999996,-12.4,52.00000000000001,16
10447,174995.0,0.7000000000000001,3.0,2.8000000000000003,-1.8,5.800000000000001,11.8,-32.400000000000006,-24.1,55.60000000000001,16
10448,175011.0,1.5,2.7,2.8000000000000003,-0.8,5.5,11.9,-15.399999999999999,-32.8,48.2,16
10449,175028.0,1.7000000000000002,2.6,2.9000000000000004,-0.5,5.5,12.0,-7.699999999999999,-35.599999999999994,39.50000000000001,16
10450,175045.0,1.5,2.5,3.1,-0.6000000000000001,5.4,12.3,8.2,-29.1,19.300000000000004,16
10451,175070.0,0.9,2.3000000000000003,3.2,-1.4000000000000001,5.2,12.3,26.6,-8.2,1.2000000000000002,16
10452,175081.0,0.6000000000000001,2.2,2.7,-1.5,5.300000000000001,11.9,36.300000000000004,-0.7,-6.300000000000001,16
10453,175096.0,0.6000000000000001,2.2,2.0,-1.4000000000000001,5.5,11.100000000000001,54.199999999999996,4.5,-15.899999999999999,16
10454,175111.0,0.6000000000000001,2.3000000000000003,0.7000000000000001,-1.5,5.7,9.8,55.60000000000001,3.1,-17.9,16
10455,175128.0,0.6000000000000001,2.4000000000000004,0.4,-1.5,5.9,9.4,50.8,0.6000000000000001,-17.400000000000002,16
10456,175145.0,0.5,2.7,-0.1,-1.7000000000000002,6.300000000000001,8.9,33.0,0.1,-11.4,16
10457,175166.0,0.30000000000000004,2.6,0.9,-1.8,6.300000000000001,9.8,-4.1,2.8,-4.2,16
10458,175178.0,0.2,2.3000000000000003,2.4000000000000004,-1.9000000000000001,5.9,11.4,-21.0,3.0,-0.2,16
10459,175195.0,1.0,1.0,5.2,-1.1,4.6000000000000005,14.200000000000001,-25.7,-7.500000000000001,6.2,16
10460,175211.0,2.2,0.1,5.5,0.2,3.7,14.700000000000001,5.1000000000000005,-38.300000000000004,-0.4,16
10461,175228.0,2.6,-0.1,4.3,0.7000000000000001,3.5,13.5,25.4,-53.0,-6.8,16
10462,175245.0,2.8000000000000003,-0.30000000000000004,1.5,1.1,3.5,10.700000000000001,50.5,-65.4,-20.7,16
10463,175262.0,2.8000000000000003,-0.4,0.0,1.3,3.5,9.1,56.6,-51.1,-31.9,16
10464,175278.0,2.7,-0.5,-0.30000000000000004,1.2000000000000002,3.5,8.8,56.400000000000006,-38.50000000000001,-37.7,16
10465,175295.0,2.4000000000000004,-0.7000000000000001,-0.7000000000000001,0.9,3.4000000000000004,8.3,52.5,-15.5,-48.800000000000004,16
10466,175311.0,2.1,-1.0,-0.5,0.6000000000000001,3.2,8.5,44.4,-11.8,-57.49999999999999,16
10467,175328.0,2.0,-1.3,-0.1,0.5,3.0,8.9,41.900000000000006,-17.400000000000002,-61.599999999999994,16
10468,175345.0,1.3,-1.8,0.7000000000000001,-0.2,2.5,9.600000000000001,46.0,-33.400000000000006,-70.0,16
10469,175363.0,0.7000000000000001,-2.3000000000000003,1.3,-0.8,2.2,10.100000000000001,62.0,-43.70000000000001,-75.7,16
10470,175379.0,0.6000000000000001,-2.5,1.2000000000000002,-0.9,2.0,10.0,74.89999999999999,-43.2,-76.89999999999999,16
10471,175395.0,0.5,-2.8000000000000003,-0.30000000000000004,-1.0,2.0,8.3,98.60000000000001,-36.5,-78.7,16
10472,175411.0,0.4,-2.9000000000000004,-1.6,-1.1,2.1,6.9,102.8,-36.6,-78.5,16
10473,175428.0,0.4,-2.9000000000000004,-2.1,-1.2000000000000002,2.5,6.0,99.5,-40.300000000000004,-77.4,16
10474,175445.0,0.1,-2.5,-2.5,-1.4000000000000001,2.9000000000000004,5.7,82.7,-48.0,-72.7,16
10475,175463.0,-0.1,-2.0,-2.3000000000000003,-1.6,3.4000000000000004,5.800000000000001,60.400000000000006,-50.60000000000001,-63.30000000000001,16
10476,175478.0,-0.30000000000000004,-1.8,-2.1,-1.8,3.8000000000000003,6.2,39.300000000000004,-45.3,-50.3,16
10477,175495.0,-0.2,-1.7000000000000002,-1.5,-1.7000000000000002,3.8000000000000003,6.6000000000000005,30.1,-40.1,-44.4,16
10478,175511.0,0.1,-1.9000000000000001,-0.6000000000000001,-1.3,3.7,7.4,20.7,-28.600000000000005,-37.2,16
10479,175528.0,0.1,-2.0,-0.30000000000000004,-1.3,3.6,7.6000000000000005,22.6,-18.6,-36.300000000000004,16
10480,175545.0,0.1,-2.0,-0.4,-1.4000000000000001,3.6,7.5,25.7,-13.8,-36.5,16
10481,175561.0,-0.1,-2.0,-1.0,-1.6,3.6,6.9,27.9,-6.500000000000001,-37.300000000000004,16
10482,175580.0,-0.5,-1.9000000000000001,-1.1,-2.1,3.8000000000000003,6.7,21.0,-3.4,-36.2,16
10483,175595.0,-0.8,-1.9000000000000001,-1.1,-2.4000000000000004,3.8000000000000003,6.7,18.200000000000003,-3.1,-34.1,16
10484,175611.0,-1.4000000000000001,-1.6,-1.0,-3.1,4.1000000000000005,6.800000000000001,12.200000000000001,-1.8000000000000003,-24.7,16
10485,175628.0,-1.5,-1.5,-1.0,-3.2,4.2,6.800000000000001,6.500000000000001,-0.30000000000000004,-11.5,16
10486,175645.0,-1.3,-1.4000000000000001,-1.1,-3.0,4.3,6.6000000000000005,2.6,1.3,-6.0,16
10487,175663.0,-1.1,-1.1,-1.2000000000000002,-2.9000000000000004,4.6000000000000005,6.6000000000000005,-10.8,4.4,1.8000000000000003,16
10488,175678.0,-0.9,-0.9,-0.2,-2.7,4.7,7.6000000000000005,-26.1,6.9,5.500000000000001,16
10489,175695.0,-0.9,-0.9,0.0,-2.6,4.7,7.800000000000001,-29.500000000000004,8.600000000000001,3.5,16
10490,175711.0,-1.4000000000000001,-0.30000000000000004,0.0,-3.2,5.2,7.800000000000001,-40.1,13.000000000000002,-1.6,16
10491,175728.0,-2.2,-0.2,0.0,-4.1000000000000005,5.1000000000000005,8.0,-60.300000000000004,16.3,2.6,16
10492,175745.0,-2.5,0.0,-0.30000000000000004,-4.4,5.2,7.800000000000001,-75.7,16.1,8.4,16
10493,175762.0,-3.0,-0.2,0.5,-4.9,4.7,8.8,-124.8,8.100000000000001,25.8,16
10494,175778.0,-2.6,-0.6000000000000001,4.0,-4.4,3.8000000000000003,12.5,-159.8,-13.3,44.8,16
10495,175795.0,-1.8,-0.9,5.6000000000000005,-3.6,3.4000000000000004,14.200000000000001,-155.4,-25.7,49.699999999999996,16
10496,175812.0,-0.30000000000000004,-1.0,6.300000000000001,-1.9000000000000001,2.9000000000000004,15.200000000000001,-104.80000000000001,-43.50000000000001,43.300000000000004,16
10497,175828.0,0.30000000000000004,-0.7000000000000001,3.3000000000000003,-1.2000000000000002,3.1,12.4,-39.599999999999994,-41.199999999999996,20.8,16
10498,175845.0,0.1,-0.6000000000000001,1.6,-1.2000000000000002,3.1,10.700000000000001,-18.0,-31.5,8.5,16
10499,175865.0,-0.6000000000000001,-0.30000000000000004,-0.8,-1.9000000000000001,3.4000000000000004,8.200000000000001,1.8000000000000003,2.8,-8.8,16
10500,175879.0,-1.1,0.1,-2.4000000000000004,-2.6,3.8000000000000003,6.6000000000000005,-2.3,42.3,-10.4,16
10501,175895.0,-1.4000000000000001,0.2,-2.7,-3.0,3.9000000000000004,6.300000000000001,-11.900000000000002,55.5,-5.8,16
10502,175911.0,-1.5,0.1,-2.3000000000000003,-3.2,3.7,6.6000000000000005,-36.2,56.400000000000006,13.8,16
10503,175928.0,-0.9,-0.2,-1.9000000000000001,-2.8000000000000003,3.3000000000000003,7.1000000000000005,-56.10000000000001,30.1,37.50000000000001,16
10504,175947.0,-0.5,-0.30000000000000004,-1.8,-1.7000000000000002,2.9000000000000004,7.6000000000000005,-63.30000000000001,13.000000000000002,47.7,16
10505,175962.0,0.5,-0.6000000000000001,-1.3,-1.2000000000000002,2.6,7.9,-68.9,-17.1,61.39999999999999,16
10506,175982.0,1.1,-0.4,-1.2000000000000002,-0.5,2.6,8.0,-60.00000000000001,-33.7,63.70000000000001,16
10507,175996.0,1.5,-0.2,-1.5,0.1,2.7,7.7,-52.300000000000004,-34.900000000000006,61.8,16
10508,176011.0,1.6,-0.1,-1.7000000000000002,0.30000000000000004,2.7,7.6000000000000005,-34.400000000000006,-23.2,53.9,16
10509,176028.0,1.4000000000000001,0.2,-1.9000000000000001,0.2,3.1,7.4,-14.400000000000002,3.8,42.900000000000006,16
10510,176045.0,1.3,0.4,-2.2,0.0,3.4000000000000004,6.800000000000001,-5.7,19.300000000000004,39.0,16
10511,176062.0,1.2000000000000002,0.8,-2.4000000000000004,-0.1,3.6,6.800000000000001,1.9,39.699999999999996,33.800000000000004,16
10512,176079.0,1.4000000000000001,1.1,-1.9000000000000001,0.0,4.0,7.300000000000001,2.4000000000000004,45.6,30.200000000000003,16
10513,176098.0,1.3,1.3,-1.3,-0.30000000000000004,4.2,7.9,1.7,44.6,23.800000000000004,16
10514,176111.0,0.8,1.6,-0.9,-0.7000000000000001,4.5,8.200000000000001,-0.8,44.7,21.1,16
10515,176128.0,0.7000000000000001,1.9000000000000001,0.8,-1.1,4.800000000000001,9.9,-7.8,45.0,20.3,16
10516,176145.0,0.6000000000000001,1.9000000000000001,1.7000000000000002,-1.3,4.800000000000001,11.4,-8.3,41.7,20.0,16
10517,176162.0,0.6000000000000001,2.1,2.5,-1.2000000000000002,5.0,11.600000000000001,-1.4,23.3,19.5,16
10518,176178.0,1.1,2.2,2.4000000000000004,-0.7000000000000001,5.2,11.5,3.0,-4.7,16.4,16
10519,176195.0,1.5,2.1,2.6,-0.2,5.1000000000000005,11.8,3.0,-20.0,12.5,16
10520,176211.0,1.6,2.0,2.9000000000000004,0.0,5.0,12.100000000000001,4.7,-38.900000000000006,0.30000000000000004,16
10521,176228.0,1.6,1.8,3.6,0.0,4.9,12.8,13.000000000000002,-33.2,-17.6,16
10522,176245.0,1.3,1.6,3.9000000000000004,-0.4,4.7,13.200000000000001,20.5,-24.400000000000002,-27.3,16
10523,176261.0,0.9,1.5,3.8000000000000003,-0.5,4.7,13.100000000000001,42.800000000000004,-10.0,-43.50000000000001,16
10524,176280.0,0.9,1.6,2.4000000000000004,-0.6000000000000001,5.0,11.600000000000001,61.39999999999999,1.6,-52.80000000000001,16
10525,176295.0,0.5,1.7000000000000002,1.1,-1.1,5.300000000000001,10.3,62.7,5.500000000000001,-55.60000000000001,16
10526,176311.0,0.1,1.9000000000000001,0.8,-1.6,5.5,9.9,48.70000000000001,7.200000000000001,-55.1,16
10527,176328.0,-0.7000000000000001,2.0,1.1,-2.4000000000000004,5.7,10.200000000000001,17.400000000000002,2.5,-44.2,16
10528,176345.0,-0.6000000000000001,1.7000000000000002,2.4000000000000004,-2.4000000000000004,5.300000000000001,11.5,-11.000000000000002,-3.1,-25.1,16
10529,176362.0,-0.2,1.2000000000000002,3.1,-1.9000000000000001,4.800000000000001,12.200000000000001,-19.700000000000003,-8.600000000000001,-17.1,16
10530,176378.0,1.2000000000000002,0.1,4.3,-0.5,3.7,13.5,-16.4,-32.5,-12.9,16
10531,176395.0,2.1,-0.1,2.9000000000000004,0.6000000000000001,3.5,12.100000000000001,11.5,-55.0,-22.2,16
10532,176411.0,2.3000000000000003,-0.1,1.5,0.9,3.5,10.8,23.2,-59.9,-27.700000000000003,16
10533,176428.0,2.5,-0.1,-0.7000000000000001,1.2000000000000002,3.6,8.5,30.5,-57.20000000000001,-39.300000000000004,16
10534,176445.0,1.6,0.1,-1.2000000000000002,0.4,3.9000000000000004,8.0,24.0,-28.500000000000004,-46.1,16
10535,176461.0,1.4000000000000001,0.0,-1.0,0.1,3.8000000000000003,8.200000000000001,20.8,-10.4,-45.0,16
10536,176479.0,1.0,-0.1,-1.0,-0.30000000000000004,3.7,8.1,14.0,18.3,-40.6,16
10537,176496.0,0.9,-0.4,-0.9,-0.5,3.5,8.200000000000001,6.0,27.800000000000004,-35.3,16
10538,176511.0,0.9,-0.7000000000000001,-0.7000000000000001,-0.6000000000000001,3.1,8.4,5.6,28.500000000000004,-33.9,16
10539,176528.0,1.1,-1.1,-0.8,-0.5,2.7,8.3,14.200000000000001,17.799999999999997,-37.6,16
10540,176545.0,1.0,-1.5,-1.4000000000000001,-0.6000000000000001,2.3000000000000003,7.7,25.6,-2.2,-51.1,16
10541,176561.0,0.4,-1.6,-1.7000000000000002,-1.3,2.3000000000000003,7.300000000000001,29.300000000000004,-12.299999999999999,-57.20000000000001,16
10542,176584.0,-1.5,-1.5,-2.0,-3.2,2.5,6.9,32.6,-30.5,-48.800000000000004,16
10543,176596.0,-1.4000000000000001,-1.4000000000000001,-2.0,-3.1,2.6,6.9,33.50000000000001,-25.0,-38.7,16
10544,176611.0,-1.1,-1.5,-2.3000000000000003,-2.8000000000000003,2.6,6.6000000000000005,35.8,-18.4,-29.400000000000002,16
10545,176628.0,0.0,-1.3,-2.5,-1.7000000000000002,2.8000000000000003,6.4,32.7,-5.0,-16.3,16
10546,176645.0,0.8,-1.4000000000000001,-1.8,-0.9,2.8000000000000003,6.9,27.700000000000003,-1.7,-18.0,16
10547,176661.0,0.8,-1.4000000000000001,-1.7000000000000002,-0.9,2.9000000000000004,7.1000000000000005,26.9,-0.30000000000000004,-21.500000000000004,16
10548,176678.0,0.4,-1.3,-1.7000000000000002,-1.4000000000000001,3.0,7.0,18.8,-1.7,-26.5,16
10549,176695.0,-0.4,-1.0,-1.3,-2.1,3.3000000000000003,7.4,3.7000000000000006,-10.299999999999999,-23.700000000000003,16
10550,176711.0,-0.5,-0.9,-1.1,-2.3000000000000003,3.4000000000000004,7.6000000000000005,-3.4,-11.6,-18.3,16
10551,176728.0,-0.5,-0.8,-0.4,-2.2,3.4000000000000004,8.3,-14.400000000000002,-10.0,-8.0,16
10552,176745.0,-0.4,-0.7000000000000001,0.9,-2.1,3.5,9.600000000000001,-12.7,-4.5,-2.6,16
10553,176762.0,-0.4,-0.7000000000000001,1.2000000000000002,-2.1,3.4000000000000004,10.0,-4.9,-1.2000000000000002,-0.8,16
10554,176778.0,-0.2,-0.8,0.9,-1.9000000000000001,3.4000000000000004,9.600000000000001,16.200000000000003,-0.5,0.7,16
10555,176795.0,-0.1,-0.8,-0.30000000000000004,-1.8,3.4000000000000004,8.4,26.6,-6.300000000000001,-1.0,16
10556,176811.0,-0.2,-0.7000000000000001,-0.7000000000000001,-2.1,3.7,7.800000000000001,24.900000000000002,-9.4,-2.3,16
10557,176828.0,-0.5,-0.4,-0.9,-2.2,3.9000000000000004,7.7,15.000000000000002,-8.100000000000001,-1.8000000000000003,16
10558,176845.0,-0.8,-0.30000000000000004,-0.6000000000000001,-2.5,4.0,8.0,3.1,5.0,1.9,16
10559,176866.0,-0.7000000000000001,-0.2,0.5,-2.4000000000000004,4.1000000000000005,9.200000000000001,-6.1000000000000005,21.0,4.0,16
10560,176878.0,-0.5,-0.30000000000000004,1.0,-2.3000000000000003,4.0,9.600000000000001,-5.6,25.7,3.6000000000000005,16
10561,176895.0,-0.7000000000000001,-0.8,1.0,-2.6,3.5,9.600000000000001,-0.7,30.4,-0.1,16
10562,176912.0,-1.5,-0.9,0.7000000000000001,-3.5,3.4000000000000004,9.3,-8.3,29.600000000000005,-4.1,16
10563,176928.0,-1.9000000000000001,-0.9,0.5,-3.9000000000000004,3.3000000000000003,9.1,-17.799999999999997,27.400000000000002,-2.2,16
10564,176945.0,-2.1,-0.9,0.5,-4.3,3.2,9.200000000000001,-51.4,24.599999999999998,8.100000000000001,16
10565,176962.0,-2.0,-1.0,1.3,-3.9000000000000004,2.8000000000000003,11.4,-83.80000000000001,12.7,17.200000000000003,16
10566,176978.0,-1.2000000000000002,-1.2000000000000002,3.8000000000000003,-3.4000000000000004,2.6,12.600000000000001,-84.2,1.7,18.900000000000002,16
10567,176995.0,-0.2,-1.1,4.5,-2.3000000000000003,2.4000000000000004,13.4,-53.0,-14.600000000000001,14.100000000000001,16
10568,177011.0,0.1,-1.2000000000000002,3.0,-1.9000000000000001,2.3000000000000003,12.0,-30.000000000000004,-17.1,7.6,16
10569,177028.0,-0.1,-1.0,1.9000000000000001,-2.1,2.4000000000000004,11.0,7.0,-9.100000000000001,-9.899999999999999,16
10570,177045.0,-0.4,-0.9,0.1,-2.5,2.7,9.1,21.1,10.700000000000001,-20.3,16
10571,177061.0,-0.6000000000000001,-0.8,-0.9,-2.8000000000000003,2.8000000000000003,8.1,18.3,26.200000000000003,-23.6,16
10572,177078.0,-0.7000000000000001,-0.7000000000000001,-1.1,-2.9000000000000004,2.8000000000000003,7.9,14.400000000000002,30.599999999999998,-23.099999999999998,16
10573,177095.0,-0.8,-0.7000000000000001,-1.2000000000000002,-3.2,2.9000000000000004,7.7,5.6,34.60000000000001,-19.0,16
10574,177111.0,-0.6000000000000001,-0.6000000000000001,-1.1,-3.1,2.9000000000000004,7.800000000000001,0.5,28.200000000000003,-11.900000000000002,16
10575,177128.0,-0.30000000000000004,-0.6000000000000001,-1.1,-2.9000000000000004,3.0,7.800000000000001,1.0,23.2,-9.4,16
10576,177145.0,0.2,-0.7000000000000001,-1.4000000000000001,-2.4000000000000004,2.9000000000000004,7.4,10.4,11.000000000000002,-7.1000000000000005,16
10577,177161.0,0.6000000000000001,-0.7000000000000001,-2.4000000000000004,-2.0,2.9000000000000004,6.4,21.1,1.7,-9.600000000000001,16
10578,177178.0,0.6000000000000001,-0.6000000000000001,-2.9000000000000004,-2.0,3.0,5.9,23.5,-0.8,-11.5,16
10579,177195.0,0.30000000000000004,-0.30000000000000004,-3.3000000000000003,-2.4000000000000004,3.4000000000000004,5.4,22.000000000000004,-3.3000000000000007,-12.4,16
10580,177211.0,0.2,0.2,-3.4000000000000004,-2.4000000000000004,4.0,5.300000000000001,19.200000000000003,-3.1,-6.4,16
10581,177228.0,0.30000000000000004,0.4,-3.4000000000000004,-2.4000000000000004,4.2,5.2,17.300000000000004,0.2,-1.8000000000000003,16
10582,177245.0,0.6000000000000001,0.8,-3.2,-2.1,4.6000000000000005,5.4,6.600000000000001,4.7,5.6,16
10583,177261.0,0.6000000000000001,1.2000000000000002,-2.1,-2.0,5.1000000000000005,6.5,-6.1000000000000005,5.6,8.700000000000001,16
10584,177278.0,0.5,1.4000000000000001,-1.6,-2.1,5.2,7.0,-9.700000000000001,8.8,10.0,16
10585,177295.0,0.4,1.8,-0.6000000000000001,-2.3000000000000003,5.6000000000000005,7.9,-17.400000000000002,20.7,13.700000000000001,16
10586,177311.0,0.30000000000000004,1.7000000000000002,1.0,-2.4000000000000004,5.5,9.5,-23.400000000000002,21.7,12.5,16
10587,177328.0,0.2,1.8,1.6,-2.5,5.5,10.200000000000001,-22.4,16.1,10.4,16
10588,177345.0,0.0,2.0,2.5,-2.7,5.7,11.100000000000001,-15.2,-2.2,5.6,16
10589,177361.0,0.0,2.1,2.8000000000000003,-2.6,5.800000000000001,11.5,-1.7,-25.6,1.2000000000000002,16
10590,177379.0,0.0,2.0,2.7,-2.6,5.7,11.100000000000001,6.500000000000001,-35.2,-1.6,16
10591,177395.0,0.0,1.9000000000000001,2.0,-2.5,5.7,10.700000000000001,20.8,-41.50000000000001,-7.699999999999999,16
10592,177411.0,-0.2,1.7000000000000002,1.4000000000000001,-2.6,5.5,10.200000000000001,25.7,-30.9,-12.4,16
10593,177428.0,-0.2,1.5,1.4000000000000001,-2.6,5.4,10.100000000000001,24.900000000000002,-22.8,-13.700000000000001,16
10594,177445.0,-0.1,1.2000000000000002,1.7000000000000002,-2.4000000000000004,5.1000000000000005,10.4,26.300000000000004,-18.900000000000002,-14.800000000000002,16
10595,177461.0,0.1,1.2000000000000002,1.5,-2.0,5.300000000000001,9.600000000000001,30.799999999999997,-26.000000000000004,-14.600000000000001,16
10596,177479.0,0.5,1.1,0.2,-1.7000000000000002,5.300000000000001,9.0,33.300000000000004,-42.3,-12.600000000000001,16
10597,177494.0,0.5,1.2000000000000002,0.4,-1.6,5.4,9.1,20.400000000000002,-52.1,-12.200000000000001,16
10598,177511.0,0.5,1.2000000000000002,0.30000000000000004,-1.4000000000000001,5.5,9.0,8.899999999999999,-53.9,-8.600000000000001,16
10599,177528.0,0.5,1.2000000000000002,0.30000000000000004,-1.3,5.5,9.0,1.5,-53.8,-7.6,16
10600,177545.0,0.6000000000000001,1.3,0.4,-1.1,5.5,9.200000000000001,-17.400000000000002,-53.599999999999994,-8.2,16
10601,177561.0,0.5,0.8,1.4000000000000001,-1.1,4.9,10.3,-35.2,-48.0,-10.1,16
10602,177578.0,0.5,0.5,2.6,-0.9,4.5,11.600000000000001,-37.6,-46.300000000000004,-12.100000000000001,16
10603,177595.0,0.5,0.5,2.7,-0.9,4.5,11.700000000000001,-24.1,-40.6,-16.5,16
10604,177611.0,0.4,0.4,1.9000000000000001,-0.9,4.3,10.9,-2.8,-32.6,-17.200000000000003,16
10605,177628.0,0.5,0.4,1.3,-0.8,4.3,10.4,3.6000000000000005,-29.0,-16.900000000000002,16
10606,177645.0,0.9,0.30000000000000004,0.6000000000000001,-0.30000000000000004,4.3,9.600000000000001,7.300000000000001,-20.5,-17.300000000000004,16
10607,177663.0,1.2000000000000002,0.2,0.30000000000000004,0.0,4.1000000000000005,9.4,1.8000000000000003,-19.6,-20.2,16
10608,177678.0,1.2000000000000002,-0.1,0.8,0.1,3.8000000000000003,9.9,-0.8,-23.6,-23.099999999999998,16
10609,177695.0,1.1,-0.30000000000000004,1.2000000000000002,0.1,3.6,10.3,0.30000000000000004,-30.5,-29.600000000000005,16
10610,177711.0,0.6000000000000001,-0.8,1.8,-0.4,3.2,11.0,18.1,-34.1,-36.2,16
10611,177728.0,0.6000000000000001,-0.9,1.7000000000000002,-0.4,2.9000000000000004,10.200000000000001,33.2,-33.9,-38.60000000000001,16
10612,177746.0,0.6000000000000001,-1.3,0.30000000000000004,-0.30000000000000004,2.9000000000000004,9.3,63.900000000000006,-29.900000000000006,-43.50000000000001,16
10613,177763.0,0.6000000000000001,-1.8,-1.2000000000000002,-0.30000000000000004,2.6,7.800000000000001,84.0,-25.300000000000004,-48.300000000000004,16
10614,177778.0,0.5,-1.9000000000000001,-2.7,-0.4,2.7,6.1000000000000005,91.50000000000001,-22.4,-50.5,16
10615,177795.0,0.5,-1.9000000000000001,-3.3000000000000003,-0.4,2.8000000000000003,5.4,88.50000000000001,-23.099999999999998,-49.9,16
10616,177811.0,0.30000000000000004,-1.7000000000000002,-3.9000000000000004,-0.6000000000000001,3.2,4.7,72.4,-26.300000000000004,-45.0,16
10617,177828.0,0.30000000000000004,-1.4000000000000001,-3.7,-0.6000000000000001,3.7,4.7,51.1,-25.0,-36.0,16
10618,177845.0,0.30000000000000004,-1.3,-3.5,-0.6000000000000001,3.9000000000000004,4.9,41.4,-22.8,-30.3,16
10619,177862.0,0.5,-1.0,-3.0,-0.4,4.2,5.300000000000001,23.6,-16.900000000000002,-18.0,16
10620,177878.0,0.7000000000000001,-1.0,-1.8,-0.2,4.2,6.4,15.399999999999999,-15.000000000000002,-13.000000000000002,16
10621,177894.0,0.7000000000000001,-1.0,-1.2000000000000002,-0.2,4.2,7.1000000000000005,4.5,-10.700000000000001,-7.400000000000001,16
10622,177911.0,0.8,-0.9,-0.1,0.0,4.3,8.200000000000001,2.6,-5.500000000000001,-6.1000000000000005,16
10623,177928.0,0.5,-0.9,0.6000000000000001,-0.30000000000000004,4.3,8.9,8.5,-8.100000000000001,-9.100000000000001,16
10624,177945.0,0.30000000000000004,-0.9,0.7000000000000001,-0.5,4.3,8.9,14.300000000000002,-11.700000000000001,-10.700000000000001,16
10625,177961.0,0.0,-0.8,-0.2,-0.8,4.5,8.0,26.5,-17.9,-11.3,16
10626,177978.0,0.1,-0.7000000000000001,-1.2000000000000002,-0.7000000000000001,4.7,6.9,29.300000000000004,-21.900000000000002,-12.200000000000001,16
10627,177995.0,-0.1,-0.6000000000000001,-1.5,-0.8,4.9,6.6000000000000005,26.9,-21.500000000000004,-13.000000000000002,16
10628,178011.0,-0.30000000000000004,-0.30000000000000004,-2.0,-1.0,5.2,6.1000000000000005,18.0,-16.1,-13.000000000000002,16
10629,178028.0,-0.7000000000000001,0.0,-2.0,-1.4000000000000001,5.5,6.0,1.3,-9.5,-11.5,16
10630,178045.0,-0.8,0.1,-1.8,-1.6,5.6000000000000005,6.2,-9.100000000000001,-6.0,-10.200000000000001,16
10631,178066.0,-1.1,0.2,-1.1,-1.8,5.6000000000000005,7.0,-30.9,2.5,-9.899999999999999,16
10632,178079.0,-1.3,0.1,0.0,-2.1,5.4,8.1,-45.9,7.8,-13.000000000000002,16
10633,178094.0,-1.6,0.1,0.30000000000000004,-2.4000000000000004,5.300000000000001,8.5,-52.2,11.8,-15.100000000000001,16
10634,178111.0,-2.5,0.0,0.9,-3.4000000000000004,5.0,9.3,-71.30000000000001,23.6,-17.400000000000002,16
10635,178128.0,-3.2,-0.1,2.1,-4.2,4.6000000000000005,10.600000000000001,-98.60000000000001,36.0,-8.100000000000001,16
10636,178147.0,-3.0,-0.7000000000000001,4.1000000000000005,-4.2,3.7,12.8,-125.7,32.6,6.600000000000001,16
10637,178163.0,-2.7,-1.0,5.5,-3.9000000000000004,3.1,14.3,-130.20000000000002,23.5,11.900000000000002,16
10638,178178.0,-1.6,-1.2000000000000002,7.4,-2.8000000000000003,2.6,16.400000000000002,-105.4,-3.8,14.5,16
10639,178194.0,-0.9,-1.3,7.300000000000001,-2.2,2.4000000000000004,16.400000000000002,-76.0,-16.900000000000002,11.4,16
10640,178211.0,-0.30000000000000004,-1.3,4.6000000000000005,-1.4000000000000001,2.3000000000000003,13.8,-6.600000000000001,-32.2,-0.5,16
10641,178228.0,-0.30000000000000004,-1.2000000000000002,0.9,-1.3,2.5,10.100000000000001,38.7,-20.900000000000002,-14.300000000000002,16
10642,178245.0,-0.30000000000000004,-1.1,-0.7000000000000001,-1.4000000000000001,2.7,8.5,47.7,-6.300000000000001,-19.6,16
10643,178262.0,-0.5,-0.7000000000000001,-2.7,-1.7000000000000002,3.2,6.300000000000001,38.900000000000006,24.1,-24.200000000000003,16
10644,178278.0,-0.6000000000000001,-0.6000000000000001,-3.3000000000000003,-1.9000000000000001,3.3000000000000003,5.7,14.300000000000002,38.800000000000004,-19.9,16
10645,178295.0,-0.6000000000000001,-0.6000000000000001,-3.2,-2.0,3.3000000000000003,5.9,1.6,39.2,-15.5,16
10646,178311.0,-0.4,-0.6000000000000001,-2.9000000000000004,-1.9000000000000001,3.2,6.1000000000000005,-19.1,28.500000000000004,-3.5,16
10647,178328.0,-0.1,-0.6000000000000001,-2.6,-1.6,3.2,6.4,-31.400000000000002,11.700000000000001,7.9,16
10648,178346.0,0.4,-0.5,-2.3000000000000003,-1.1,3.2,6.7,-35.699999999999996,-2.8,12.7,16
10649,178366.0,0.5,-0.2,-1.8,-1.0,3.4000000000000004,7.2,-29.700000000000006,-4.9,9.8,16
10650,178381.0,0.6000000000000001,0.0,-1.6,-0.9,3.5,7.4,-20.7,-0.30000000000000004,7.8,16
10651,178395.0,0.5,0.4,-2.2,-1.0,4.0,6.800000000000001,-9.2,8.5,5.8,16
10652,178411.0,0.6000000000000001,0.7000000000000001,-2.8000000000000003,-0.9,4.3,6.2,8.5,29.800000000000004,4.800000000000001,16
10653,178428.0,0.7000000000000001,1.4000000000000001,-3.6,-0.9,5.0,5.300000000000001,8.3,42.900000000000006,6.1000000000000005,16
10654,178445.0,0.4,2.0,-3.7,-1.4000000000000001,5.6000000000000005,5.2,1.6,43.800000000000004,8.0,16
10655,178461.0,0.1,2.4000000000000004,-3.3000000000000003,-1.7000000000000002,6.0,5.5,-20.7,38.2,16.3,16
10656,178478.0,-0.1,2.5,-2.7,-2.1,6.1000000000000005,6.9,-41.4,25.200000000000003,28.500000000000004,16
10657,178494.0,-0.30000000000000004,2.6,-1.4000000000000001,-2.2,6.0,8.200000000000001,-48.400000000000006,17.200000000000003,35.0,16
10658,178511.0,-0.30000000000000004,2.4000000000000004,0.1,-2.1,5.800000000000001,9.0,-54.9,-1.7,45.099999999999994,16
10659,178528.0,0.2,2.2,1.1,-1.5,5.5,10.100000000000001,-45.9,-21.6,48.400000000000006,16
10660,178544.0,0.6000000000000001,2.0,1.7000000000000002,-1.0,5.2,10.8,-29.700000000000006,-36.400000000000006,41.199999999999996,16
10661,178561.0,0.7000000000000001,2.0,1.8,-0.8,5.2,10.9,-19.6,-39.599999999999994,35.1,16
10662,178578.0,0.6000000000000001,1.9000000000000001,1.7000000000000002,-0.7000000000000001,5.1000000000000005,10.8,-0.30000000000000004,-34.400000000000006,21.900000000000002,16
10663,178595.0,0.7000000000000001,1.8,1.6,-0.5,5.0,10.700000000000001,12.5,-24.400000000000002,6.0,16
10664,178611.0,0.4,1.7000000000000002,1.7000000000000002,-0.8,4.9,10.8,16.4,-15.8,-3.0,16
10665,178628.0,-0.4,1.4000000000000001,2.1,-1.7000000000000002,4.7,11.3,22.4,5.300000000000001,-16.0,16
10666,178648.0,-1.0,1.1,2.5,-2.3000000000000003,4.5,11.600000000000001,29.1,19.9,-20.7,16
10667,178661.0,-1.1,0.9,2.5,-2.5,4.4,11.600000000000001,34.300000000000004,22.2,-20.0,16
10668,178678.0,-0.5,0.8,1.8,-1.9000000000000001,4.4,10.8,48.300000000000004,16.4,-18.1,16
10669,178695.0,-0.1,1.1,-0.2,-1.6,4.9,8.8,50.900000000000006,7.400000000000001,-17.300000000000004,16
10670,178711.0,-0.1,1.3,-0.6000000000000001,-1.6,5.2,8.3,40.4,2.4000000000000004,-15.299999999999999,16
10671,178728.0,0.0,1.8,-0.6000000000000001,-1.5,5.7,8.3,11.8,-2.4000000000000004,-6.500000000000001,16
10672,178744.0,0.4,1.8,0.4,-1.1,5.7,9.4,-21.400000000000002,-3.1,3.7000000000000006,16
10673,178763.0,1.0,1.3,2.3000000000000003,-0.4,5.1000000000000005,11.4,-40.9,-10.700000000000001,9.100000000000001,16
10674,178778.0,1.4000000000000001,0.9,3.2,0.0,4.6000000000000005,12.3,-41.900000000000006,-16.6,9.4,16
10675,178794.0,2.2,0.30000000000000004,4.3,0.9,3.9000000000000004,13.4,-27.400000000000002,-38.300000000000004,2.1,16
10676,178811.0,2.5,0.1,4.2,1.3,3.7,13.4,-12.9,-51.1,-5.8,16
10677,178828.0,2.4000000000000004,0.1,2.7,1.4000000000000001,3.7,11.9,19.200000000000003,-60.300000000000004,-23.800000000000004,16
10678,178844.0,2.3000000000000003,0.0,0.7000000000000001,1.4000000000000001,3.8000000000000003,9.9,43.800000000000004,-41.800000000000004,-35.9,16
10679,178863.0,2.3000000000000003,0.0,-0.30000000000000004,1.3,4.0,8.1,49.699999999999996,-27.099999999999998,-40.1,16
10680,178878.0,2.1,0.1,-1.6,1.2000000000000002,4.1000000000000005,7.5,43.4,-0.2,-46.1,16
10681,178895.0,1.8,-0.30000000000000004,-1.6,0.8,3.8000000000000003,7.4,25.200000000000003,15.6,-48.300000000000004,16
10682,178911.0,2.1,-0.5,-1.1,1.1,3.6,7.9,17.5,11.900000000000002,-48.70000000000001,16
10683,178928.0,2.2,-0.8,0.1,1.1,3.2,9.1,9.4,-14.300000000000002,-58.3,16
10684,178945.0,1.4000000000000001,-1.1,1.1,0.30000000000000004,3.0,10.100000000000001,18.6,-29.800000000000004,-67.5,16
10685,178963.0,0.1,-1.2000000000000002,1.3,-1.0,2.9000000000000004,10.200000000000001,42.3,-23.2,-67.10000000000001,16
10686,178978.0,0.1,-1.2000000000000002,0.8,-1.0,3.0,9.700000000000001,55.400000000000006,-12.5,-62.4,16
10687,178995.0,0.7000000000000001,-1.2000000000000002,-0.6000000000000001,-0.5,3.2,8.3,70.4,7.6,-54.1,16
10688,179011.0,0.7000000000000001,-1.3,-0.9,-0.5,3.3000000000000003,7.6000000000000005,72.60000000000001,11.000000000000002,-52.00000000000001,16
10689,179028.0,0.8,-1.3,-1.4000000000000001,-0.5,3.4000000000000004,7.2,71.7,9.5,-50.1,16
10690,179045.0,0.5,-1.3,-1.5,-0.9,3.5,7.0,64.2,-1.5,-49.699999999999996,16
10691,179061.0,0.2,-1.1,-1.2000000000000002,-1.2000000000000002,3.8000000000000003,7.300000000000001,58.900000000000006,-9.100000000000001,-48.70000000000001,16
10692,179078.0,-0.1,-0.8,-0.2,-1.6,4.3,8.200000000000001,52.1,-13.900000000000002,-40.6,16
10693,179094.0,-0.30000000000000004,-0.7000000000000001,0.2,-1.9000000000000001,4.5,8.4,52.80000000000001,-2.0,-27.700000000000003,16
10694,179112.0,-0.30000000000000004,-0.6000000000000001,0.1,-1.8,4.6000000000000005,8.5,51.800000000000004,2.5,-20.900000000000002,16
10695,179128.0,-0.1,-0.9,0.5,-1.7000000000000002,4.4,8.700000000000001,47.1,-2.5,-11.2,16
10696,179145.0,-0.2,-1.1,0.7000000000000001,-1.8,4.4,8.8,47.2,-20.2,-8.3,16
10697,179161.0,-0.30000000000000004,-1.1,0.7000000000000001,-1.9000000000000001,4.4,8.4,49.300000000000004,-27.099999999999998,-6.699999999999999,16
10698,179178.0,-0.6000000000000001,-1.3,0.1,-2.0,4.4,8.0,55.0,-34.800000000000004,-3.6000000000000005,16
10699,179194.0,-0.8,-1.4000000000000001,-0.9,-2.2,4.4,7.0,55.900000000000006,-34.900000000000006,1.0,16
10700,179211.0,-0.9,-1.4000000000000001,-1.3,-1.9000000000000001,4.7,6.0,54.4,-33.300000000000004,3.8,16
10701,179228.0,-0.6000000000000001,-1.2000000000000002,-2.2,-1.9000000000000001,4.800000000000001,5.5,46.1,-24.900000000000002,7.200000000000001,16
10702,179245.0,-0.4,-1.3,-2.5,-1.6,4.800000000000001,5.1000000000000005,34.2,-13.3,8.3,16
10703,179261.0,-0.4,-1.1,-2.6,-1.5,5.0,5.0,17.7,4.6,4.1,16
10704,179278.0,-0.6000000000000001,-1.0,-2.4000000000000004,-1.8,5.2,5.1000000000000005,7.1000000000000005,11.3,1.0,16
10705,179295.0,-0.9,-0.7000000000000001,-1.6,-2.2,5.4,6.0,-19.1,21.6,-5.0,16
10706,179312.0,-1.6,-0.8,-0.30000000000000004,-3.0,5.2,7.2,-37.300000000000004,20.8,-12.7,16
10707,179328.0,-1.9000000000000001,-0.8,0.0,-3.3000000000000003,5.2,7.7,-42.800000000000004,17.1,-14.900000000000002,16
10708,179344.0,-2.4000000000000004,-0.9,0.1,-3.9000000000000004,4.9,7.800000000000001,-56.7,9.899999999999999,-15.899999999999999,16
10709,179361.0,-2.7,-0.7000000000000001,0.1,-4.2,4.9,8.0,-86.4,4.800000000000001,-8.5,16
10710,179378.0,-2.9000000000000004,-0.8,0.6000000000000001,-4.4,4.7,8.6,-107.00000000000001,1.4,-2.2,16
10711,179395.0,-2.5,-1.4000000000000001,2.6,-4.1000000000000005,3.7,10.9,-140.6,-19.6,13.000000000000002,16
10712,179411.0,-1.3,-1.6,4.5,-2.7,3.1,13.100000000000001,-130.9,-49.800000000000004,19.300000000000004,16
10713,179428.0,-0.7000000000000001,-1.7000000000000002,4.7,-2.0,2.8000000000000003,13.4,-110.2,-58.900000000000006,17.1,16
10714,179445.0,-0.1,-1.5,3.0,-1.2000000000000002,2.8000000000000003,11.9,-55.7,-61.9,3.1,16
10715,179461.0,-0.2,-1.1,0.1,-1.2000000000000002,3.0,9.0,-18.6,-36.9,-12.100000000000001,16
10716,179478.0,-0.30000000000000004,-0.9,-0.9,-1.2000000000000002,3.2,8.0,-10.200000000000001,-17.400000000000002,-17.7,16
10717,179494.0,-0.5,-0.6000000000000001,-2.2,-1.5,3.5,6.6000000000000005,-5.300000000000001,23.2,-24.0,16
10718,179511.0,-0.8,-0.4,-3.3000000000000003,-2.0,3.7,5.5,-13.100000000000001,48.300000000000004,-21.200000000000003,16
10719,179528.0,-0.9,-0.30000000000000004,-3.5,-2.1,3.7,5.300000000000001,-22.1,51.9,-16.3,16
10720,179544.0,-0.5,-0.4,-2.9000000000000004,-1.9000000000000001,3.5,6.0,-42.400000000000006,41.50000000000001,-4.300000000000001,16
10721,179563.0,0.0,-0.5,-2.0,-1.6,3.3000000000000003,6.9,-48.400000000000006,23.3,3.9,16
10722,179580.0,0.4,-0.30000000000000004,-1.8,-1.2000000000000002,3.3000000000000003,7.1000000000000005,-41.0,12.100000000000001,5.8,16
10723,179595.0,0.4,-0.2,-1.8,-1.2000000000000002,3.4000000000000004,7.1000000000000005,-34.50000000000001,9.899999999999999,5.1000000000000005,16
10724,179611.0,0.2,0.30000000000000004,-2.2,-1.4000000000000001,3.8000000000000003,6.800000000000001,-17.9,20.3,7.200000000000001,16
10725,179628.0,0.4,0.6000000000000001,-2.6,-1.2000000000000002,4.1000000000000005,6.300000000000001,-11.5,31.0,10.700000000000001,16
10726,179644.0,1.0,1.1,-3.4000000000000004,-0.8,4.6000000000000005,5.5,-12.5,48.70000000000001,16.6,16
10727,179663.0,1.2000000000000002,1.5,-3.3000000000000003,-0.6000000000000001,5.2,6.0,-29.300000000000004,50.8,19.300000000000004,16
10728,179678.0,1.3,1.9000000000000001,-2.1,-0.6000000000000001,5.300000000000001,6.7,-37.6,46.199999999999996,19.799999999999997,16
10729,179695.0,0.6000000000000001,2.3000000000000003,-0.9,-1.4000000000000001,5.5,7.9,-47.80000000000001,30.4,21.300000000000004,16
10730,179711.0,-0.1,2.6,-0.2,-2.1,5.800000000000001,8.700000000000001,-55.3,14.900000000000002,29.600000000000005,16
10731,179728.0,-0.30000000000000004,2.7,0.4,-2.3000000000000003,5.800000000000001,9.4,-59.1,8.8,34.900000000000006,16
10732,179744.0,-0.4,2.6,2.0,-2.4000000000000004,5.5,11.0,-63.0,-1.3,42.800000000000004,16
10733,179761.0,-0.1,2.3000000000000003,3.5,-2.0,5.2,12.600000000000001,-51.800000000000004,-16.700000000000003,44.10000000000001,16
10734,179778.0,0.1,2.3000000000000003,4.0,-1.5,5.0,13.200000000000001,-38.800000000000004,-25.7,41.4,16
10735,179795.0,0.4,2.2,3.6,-1.3,5.0,12.8,-5.2,-38.2,31.400000000000002,16
10736,179811.0,0.5,2.4000000000000004,2.2,-1.0,5.2,11.5,18.3,-36.7,17.200000000000003,16
10737,179828.0,0.4,2.4000000000000004,2.0,-1.1,5.300000000000001,11.200000000000001,23.099999999999998,-29.800000000000004,10.1,16
10738,179845.0,-0.2,2.2,2.0,-1.7000000000000002,5.2,11.3,28.200000000000003,-8.8,-2.1,16
10739,179861.0,-0.8,1.8,2.4000000000000004,-2.3000000000000003,5.0,11.700000000000001,30.9,7.9,-9.600000000000001,16
10740,179878.0,-1.0,1.6,2.8000000000000003,-2.5,4.800000000000001,12.0,39.599999999999994,5.0,-11.900000000000002,16
10741,179894.0,-0.7000000000000001,1.6,2.4000000000000004,-2.2,4.9,11.600000000000001,48.400000000000006,0.6000000000000001,-11.2,16
10742,179911.0,-0.1,1.8,0.7000000000000001,-1.7000000000000002,5.300000000000001,9.8,55.1,-3.4,-7.300000000000001,16
10743,179928.0,0.5,1.9000000000000001,0.1,-1.1,5.5,9.1,48.6,-7.300000000000001,-5.500000000000001,16
10744,179945.0,0.7000000000000001,1.9000000000000001,0.1,-0.8,5.6000000000000005,9.1,28.400000000000002,-15.2,-4.0,16
10745,179963.0,1.0,1.7000000000000002,0.6000000000000001,-0.5,5.4,9.700000000000001,7.699999999999999,-19.799999999999997,-5.6,16
10746,179978.0,1.0,1.4000000000000001,1.9000000000000001,-0.30000000000000004,5.1000000000000005,11.0,-5.0,-17.1,-7.500000000000001,16
10747,179994.0,1.1,1.1,2.5,-0.2,4.800000000000001,11.700000000000001,-5.4,-13.8,-7.699999999999999,16
10748,180011.0,1.8,0.5,3.1,0.5,4.3,12.200000000000001,6.699999999999999,-13.5,-10.200000000000001,16
10749,180028.0,2.5,0.2,2.0,1.2000000000000002,4.0,11.100000000000001,26.000000000000004,-19.1,-21.0,16
10750,180044.0,2.6,0.1,1.1,1.4000000000000001,4.0,10.200000000000001,31.6,-22.2,-27.0,16
10751,180064.0,2.4000000000000004,0.0,-0.2,1.2000000000000002,4.0,8.9,30.200000000000003,-23.900000000000006,-35.9,16
10752,180078.0,2.0,-0.1,-0.6000000000000001,0.9,4.0,8.4,20.0,-21.1,-40.4,16
10753,180095.0,1.8,-0.1,-0.5,0.6000000000000001,3.9000000000000004,8.5,14.300000000000002,-18.700000000000003,-40.9,16
10754,180111.0,1.7000000000000002,-0.4,0.0,0.6000000000000001,3.6,9.0,4.1,-11.900000000000002,-39.2,16
10755,180128.0,2.0,-1.1,1.0,0.8,2.9000000000000004,10.100000000000001,2.6,-15.000000000000002,-43.4,16
10756,180144.0,2.0,-1.3,1.3,0.8,2.7,10.4,7.8,-20.0,-49.0,16
10757,180562.0,-3.4000000000000004,-0.8,-1.2000000000000002,-4.800000000000001,4.3,7.0,-118.50000000000001,1.3,-0.8,16
10758,180578.0,-3.3000000000000003,-1.4000000000000001,2.9000000000000004,-4.800000000000001,3.2,11.4,-172.8,6.600000000000001,20.8,16
10759,180594.0,-2.6,-1.9000000000000001,5.1000000000000005,-3.2,2.2,15.4,-177.10000000000002,1.9,27.700000000000003,16
10760,180611.0,-1.1,-1.8,7.300000000000001,-2.5,2.1,16.2,-135.1,-21.300000000000004,21.1,16
10761,180628.0,-0.4,-1.3,6.0,-1.6,2.3000000000000003,15.100000000000001,-58.5,-36.9,-1.0,16
10762,180644.0,-0.8,-1.1,2.3000000000000003,-2.0,2.5,11.4,1.1,-13.700000000000001,-22.4,16
10763,180661.0,-1.0,-0.8,0.7000000000000001,-2.3000000000000003,2.8000000000000003,9.8,15.700000000000001,7.699999999999999,-28.900000000000002,16
10764,180678.0,-1.2000000000000002,-0.4,-1.8,-2.6,3.2,7.300000000000001,21.300000000000004,52.5,-31.9,16
10765,180695.0,-1.0,-0.2,-3.0,-2.7,3.5,6.0,2.8,72.50000000000001,-24.900000000000002,16
10766,180711.0,-1.0,-0.1,-3.1,-2.8000000000000003,3.5,5.800000000000001,-10.9,71.19999999999999,-18.4,16
10767,180728.0,-0.7000000000000001,-0.1,-2.7,-2.7,3.4000000000000004,6.300000000000001,-36.9,53.9,-2.1,16
10768,180745.0,0.2,-0.2,-2.1,-1.9000000000000001,3.2,6.800000000000001,-45.0,39.400000000000006,5.300000000000001,16
10769,180761.0,0.4,0.0,-1.8,-1.7000000000000002,3.3000000000000003,7.1000000000000005,-50.400000000000006,9.700000000000001,11.8,16
10770,180778.0,0.6000000000000001,0.30000000000000004,-1.6,-1.5,3.5,7.4,-39.2,-1.6,11.900000000000002,16
10771,180795.0,0.7000000000000001,0.6000000000000001,-2.2,-1.4000000000000001,3.7,6.800000000000001,-20.900000000000002,11.1,10.600000000000001,16
10772,180811.0,0.7000000000000001,0.8,-2.4000000000000004,-1.4000000000000001,4.0,6.6000000000000005,-13.8,22.1,9.899999999999999,16
10773,180828.0,1.0,1.2000000000000002,-2.9000000000000004,-1.2000000000000002,4.3,6.0,-2.2,46.800000000000004,10.0,16
10774,180848.0,1.1,1.7000000000000002,-3.4000000000000004,-1.3,4.800000000000001,5.5,-4.2,62.800000000000004,11.700000000000001,16
10775,180861.0,1.0,2.0,-3.2,-1.4000000000000001,5.1000000000000005,5.6000000000000005,-11.6,62.7,13.399999999999999,16
10776,180882.0,0.8,2.4000000000000004,-2.5,-1.8,5.5,6.300000000000001,-29.400000000000002,50.1,20.3,16
10777,180895.0,0.5,2.6,-1.3,-2.1,5.6000000000000005,7.5,-48.9,34.800000000000004,29.600000000000005,16
10778,180911.0,0.4,2.5,-0.30000000000000004,-2.3000000000000003,5.4,8.5,-58.1,24.900000000000002,33.50000000000001,16
10779,180928.0,0.30000000000000004,2.5,2.2,-2.4000000000000004,5.300000000000001,11.100000000000001,-61.50000000000001,6.699999999999999,37.7,16
10780,180945.0,0.7000000000000001,2.5,3.6,-1.9000000000000001,5.2,12.5,-39.8,-7.8,40.5,16
10781,180961.0,1.1,2.4000000000000004,3.6,-1.5,5.1000000000000005,12.600000000000001,-25.200000000000003,-16.0,38.7,16
10782,180978.0,1.8,2.4000000000000004,3.1,-0.6000000000000001,5.1000000000000005,12.200000000000001,1.6,-32.5,25.8,16
10783,180994.0,1.9000000000000001,2.4000000000000004,2.5,-0.4,5.300000000000001,11.5,22.2,-34.800000000000004,7.1000000000000005,16
10784,181011.0,1.7000000000000002,2.5,2.3000000000000003,-0.6000000000000001,5.300000000000001,11.4,29.1,-28.400000000000002,-2.0,16
10785,181028.0,1.1,2.3000000000000003,2.5,-1.1,5.300000000000001,11.600000000000001,37.400000000000006,-9.600000000000001,-18.700000000000003,16
10786,181044.0,0.2,2.0,3.2,-2.0,5.1000000000000005,12.200000000000001,45.8,3.6000000000000005,-31.6,16
10787,181063.0,-0.2,1.9000000000000001,3.3000000000000003,-2.5,5.2,12.4,62.800000000000004,6.1000000000000005,-37.50000000000001,16
10788,181078.0,-0.1,2.0,2.8000000000000003,-2.4000000000000004,5.4,11.8,73.10000000000001,7.1000000000000005,-37.6,16
10789,181094.0,-0.30000000000000004,2.5,1.0,-2.7,6.1000000000000005,9.9,75.8,7.0,-33.9,16
10790,181111.0,-0.4,2.6,0.7000000000000001,-2.9000000000000004,6.4,9.600000000000001,61.9,4.1,-30.3,16
10791,181128.0,-0.6000000000000001,2.9000000000000004,2.1,-3.1,6.7,10.9,16.6,-3.6000000000000005,-19.6,16
10792,181145.0,-0.5,2.0,4.7,-2.9000000000000004,5.800000000000001,13.600000000000001,-7.300000000000001,-18.900000000000002,-6.300000000000001,16
10793,181164.0,0.8,0.6000000000000001,5.800000000000001,-1.5,4.4,14.8,7.6,-42.60000000000001,0.1,16
10794,181178.0,1.5,0.0,5.5,-0.7000000000000001,3.9000000000000004,14.5,25.5,-56.7,-2.9,16
10795,181194.0,2.4000000000000004,-0.5,2.9000000000000004,0.4,3.5,11.9,60.7,-73.0,-17.400000000000002,16
10796,181211.0,2.5,-0.6000000000000001,1.5,0.6000000000000001,3.5,10.5,68.3,-71.8,-26.200000000000003,16
10797,181228.0,2.3000000000000003,-0.6000000000000001,-0.30000000000000004,0.6000000000000001,3.7,8.6,63.4,-56.2,-41.800000000000004,16
10798,181244.0,2.0,-0.7000000000000001,-0.6000000000000001,0.30000000000000004,3.8000000000000003,8.3,46.6,-30.200000000000003,-51.300000000000004,16
10799,181261.0,1.8,-0.8,-0.30000000000000004,-0.30000000000000004,3.5,8.8,38.800000000000004,-20.7,-53.8,16
10800,181278.0,1.1,-1.1,0.2,-0.6000000000000001,3.4000000000000004,9.0,30.699999999999996,-17.200000000000003,-56.2,16
10801,181294.0,0.8,-1.5,0.4,-0.9,3.1,9.200000000000001,28.500000000000004,-34.800000000000004,-56.50000000000001,16
10802,181311.0,0.7000000000000001,-1.6,0.6000000000000001,-1.2000000000000002,2.9000000000000004,9.700000000000001,29.1,-47.5,-57.20000000000001,16
10803,181328.0,0.4,-2.0,1.1,-1.2000000000000002,2.6,9.8,39.699999999999996,-68.7,-59.1,16
10804,181344.0,0.6000000000000001,-2.6,0.4,-0.9,2.2,9.1,61.199999999999996,-80.10000000000001,-64.10000000000001,16
10805,181361.0,0.6000000000000001,-2.8000000000000003,-0.2,-0.7000000000000001,2.0,7.9,71.10000000000001,-81.0,-69.00000000000001,16
10806,181378.0,0.6000000000000001,-3.2,-1.2000000000000002,-0.7000000000000001,1.9000000000000001,7.300000000000001,86.8,-72.50000000000001,-78.5,16
10807,181394.0,0.4,-3.4000000000000004,-2.4000000000000004,-0.8,1.8,6.0,97.10000000000001,-57.60000000000001,-87.00000000000001,16
10808,181411.0,0.1,-3.2,-3.2,-1.2000000000000002,2.2,5.0,95.60000000000002,-44.2,-91.10000000000001,16
10809,181428.0,-0.1,-3.1,-3.5,-1.4000000000000001,2.5,4.6000000000000005,90.4,-40.0,-90.70000000000002,16
10810,181445.0,-0.6000000000000001,-2.5,-3.4000000000000004,-2.0,3.2,4.5,75.9,-34.50000000000001,-84.0,16
10811,181461.0,-0.8,-2.2,-3.4000000000000004,-2.2,3.9000000000000004,4.4,69.60000000000001,-31.5,-76.80000000000001,16
10812,181478.0,-0.6000000000000001,-1.7000000000000002,-3.3000000000000003,-2.1,4.2,4.4,53.7,-20.400000000000002,-58.900000000000006,16
10813,181494.0,-0.4,-1.6,-3.0,-1.8,4.4,5.1000000000000005,33.0,-6.600000000000001,-43.70000000000001,16
10814,181511.0,0.2,-1.5,-1.0,-1.5,4.5,6.6000000000000005,15.899999999999999,6.699999999999999,-35.0,16
10815,181528.0,0.30000000000000004,-1.5,-0.30000000000000004,-1.4000000000000001,4.5,7.300000000000001,12.8,11.900000000000002,-33.1,16
10816,181544.0,-0.2,-1.5,0.7000000000000001,-2.0,4.5,8.200000000000001,15.000000000000002,17.5,-30.9,16
10817,181565.0,-0.4,-1.5,0.9,-2.5,4.6000000000000005,8.4,22.6,17.200000000000003,-24.5,16
10818,181579.0,-0.7000000000000001,-1.5,0.8,-2.7,4.6000000000000005,8.3,23.800000000000004,16.4,-19.9,16
10819,181594.0,-0.9,-1.6,0.5,-2.9000000000000004,4.5,7.9,16.900000000000002,17.0,-11.2,16
10820,181611.0,-0.7000000000000001,-1.6,0.6000000000000001,-2.8000000000000003,4.5,8.0,4.4,13.900000000000002,-5.0,16
10821,181628.0,-0.7000000000000001,-1.5,0.7000000000000001,-2.8000000000000003,4.5,8.1,-1.2000000000000002,10.1,-4.9,16
10822,181645.0,-1.2000000000000002,-1.3,1.0,-3.3000000000000003,4.7,8.4,-8.899999999999999,0.9000000000000001,-9.899999999999999,16
10823,181661.0,-2.0,-1.3,0.9,-4.2,4.7,8.4,-10.700000000000001,-7.1000000000000005,-16.0,16
10824,181678.0,-2.3000000000000003,-1.1,0.5,-4.5,4.800000000000001,8.0,-12.100000000000001,-10.5,-17.400000000000002,16
10825,181695.0,-3.0,-0.30000000000000004,-0.8,-5.300000000000001,5.6000000000000005,6.7,-28.700000000000003,-12.9,-12.7,16
10826,181711.0,-3.5,0.4,-1.6,-5.7,6.1000000000000005,6.1000000000000005,-71.6,-12.100000000000001,5.0,16
10827,181728.0,-3.7,0.4,-1.0,-5.9,5.9,6.7,-99.5,-11.1,17.200000000000003,16
10828,181745.0,-3.2,-0.4,1.4000000000000001,-5.300000000000001,4.9,9.4,-141.6,-7.8,42.3,16
10829,181761.0,-2.4000000000000004,-0.9,2.6,-4.5,4.2,10.8,-149.0,-8.700000000000001,51.4,16
10830,181779.0,-1.1,-1.6,4.3,-3.1,3.0,12.700000000000001,-134.10000000000002,-23.700000000000003,49.6,16
10831,181794.0,-0.9,-1.3,3.6,-2.7,3.1,12.3,-96.0,-37.7,30.799999999999997,16
10832,181811.0,-1.3,-0.8,2.0,-3.0,3.3000000000000003,10.8,-62.0,-33.6,14.700000000000001,16
10833,181828.0,-1.6,-0.7000000000000001,1.2000000000000002,-3.2,3.3000000000000003,10.0,-49.300000000000004,-27.800000000000004,10.299999999999999,16
10834,181845.0,-1.9000000000000001,-0.30000000000000004,-0.6000000000000001,-3.5,3.6,8.3,-34.50000000000001,-10.0,8.100000000000001,16
10835,181861.0,-1.9000000000000001,-0.1,-1.9000000000000001,-3.5,3.8000000000000003,7.0,-36.300000000000004,9.2,13.8,16
10836,181878.0,-1.7000000000000002,0.0,-2.1,-3.4000000000000004,3.8000000000000003,6.9,-43.1,13.100000000000001,17.5,16
10837,181895.0,-1.4000000000000001,-0.1,-1.1,-3.0,3.6,7.9,-50.60000000000001,15.299999999999999,22.5,16
10838,181911.0,-1.2000000000000002,-0.1,-0.5,-2.9000000000000004,3.4000000000000004,8.5,-34.7,17.9,24.200000000000003,16
10839,181928.0,-1.1,0.0,-0.8,-2.8000000000000003,3.5,8.200000000000001,-21.500000000000004,20.1,25.7,16
10840,181945.0,-0.8,0.2,-2.0,-2.6,3.7,7.0,-0.30000000000000004,28.0,29.500000000000004,16
10841,181964.0,-0.4,0.4,-3.0,-2.2,4.0,6.0,8.8,36.7,34.1,16
10842,181980.0,0.1,0.8,-3.3000000000000003,-1.8,4.5,5.6000000000000005,9.100000000000001,45.9,39.8,16
10843,181995.0,0.2,1.0,-3.5,-1.8,4.6000000000000005,5.4,6.699999999999999,48.400000000000006,42.400000000000006,16
10844,182011.0,0.30000000000000004,1.5,-3.1,-1.7000000000000002,5.2,5.7,-6.2,44.8,47.900000000000006,16
10845,182028.0,0.30000000000000004,1.8,-2.8000000000000003,-1.7000000000000002,5.5,6.0,-12.8,39.0,52.1,16
10846,182045.0,0.5,2.1,-2.4000000000000004,-1.6,5.800000000000001,6.4,-27.6,22.4,62.50000000000001,16
10847,182061.0,0.5,2.2,-1.1,-1.5,5.9,7.6000000000000005,-46.0,4.5,70.6,16
10848,182084.0,0.6000000000000001,2.1,0.7000000000000001,-1.3,5.7,9.600000000000001,-52.900000000000006,-0.8,75.3,16
10849,182094.0,0.7000000000000001,2.0,1.5,-1.2000000000000002,5.4,10.4,-49.6,-1.0,75.00000000000001,16
10850,182111.0,1.1,1.8,2.4000000000000004,-0.6000000000000001,5.2,11.4,-32.0,-4.4,67.9,16
10851,182129.0,1.5,1.8,2.2,-0.1,5.2,11.200000000000001,-19.799999999999997,-8.3,61.50000000000001,16
10852,182145.0,1.6,1.9000000000000001,1.6,0.0,5.4,10.700000000000001,5.1000000000000005,-18.3,46.800000000000004,16
10853,182161.0,1.9000000000000001,2.1,0.4,0.5,5.7,9.4,17.1,-22.2,32.6,16
10854,182180.0,1.9000000000000001,2.1,0.30000000000000004,0.6000000000000001,5.7,9.3,17.200000000000003,-16.6,17.0,16
10855,182195.0,1.8,1.9000000000000001,0.6000000000000001,0.5,5.6000000000000005,9.600000000000001,17.400000000000002,-11.3,8.4,16
10856,182211.0,1.2000000000000002,1.8,1.2000000000000002,-0.1,5.5,10.200000000000001,19.6,0.8,-8.8,16
10857,182228.0,0.8,2.0,1.4000000000000001,-0.6000000000000001,5.800000000000001,10.4,27.700000000000003,4.2,-19.0,16
10858,182244.0,0.8,2.3000000000000003,0.9,-0.6000000000000001,6.1000000000000005,9.9,32.2,3.1,-20.599999999999998,16
10859,182261.0,0.6000000000000001,2.7,0.2,-0.8,6.6000000000000005,9.1,20.2,2.5,-20.0,16
10860,182279.0,0.30000000000000004,2.8000000000000003,2.1,-1.1,6.800000000000001,11.0,-13.5,5.8,-18.700000000000003,16
10861,182294.0,0.1,2.5,3.5,-1.3,6.5,12.5,-23.6,7.500000000000001,-16.900000000000002,16
10862,182311.0,0.30000000000000004,1.4000000000000001,5.5,-1.1,5.300000000000001,14.600000000000001,-20.7,1.1,-13.399999999999999,16
10863,182328.0,0.4,0.5,5.4,-1.0,4.3,14.5,-0.6000000000000001,-25.5,-16.4,16
10864,182344.0,0.6000000000000001,0.2,4.7,-0.7000000000000001,4.1000000000000005,13.8,12.0,-41.4,-17.400000000000002,16
10865,182361.0,1.5,-0.30000000000000004,2.4000000000000004,0.30000000000000004,3.7,11.5,35.5,-67.2,-20.400000000000002,16
10866,182379.0,1.9000000000000001,-0.30000000000000004,1.2000000000000002,1.0,3.9000000000000004,9.3,46.800000000000004,-75.00000000000001,-29.700000000000006,16
10867,182395.0,2.1,-0.2,-0.6000000000000001,1.2000000000000002,4.0,8.5,47.1,-68.9,-34.60000000000001,16
10868,182411.0,2.1,0.0,-1.5,1.4000000000000001,4.2,7.5,35.699999999999996,-48.9,-44.8,16
10869,182429.0,1.8,-0.1,-0.4,1.1,4.2,8.5,17.9,-28.500000000000004,-53.300000000000004,16
10870,182444.0,1.5,-0.30000000000000004,0.6000000000000001,0.8,4.0,9.600000000000001,13.5,-22.000000000000004,-56.10000000000001,16
10871,182461.0,1.1,-0.7000000000000001,2.2,0.30000000000000004,3.7,11.200000000000001,17.7,-20.900000000000002,-61.9,16
10872,182478.0,0.4,-1.0,3.0,-0.4,3.4000000000000004,12.0,31.2,-24.200000000000003,-66.1,16
10873,182495.0,0.1,-1.3,3.1,-0.7000000000000001,3.2,12.100000000000001,41.1,-26.799999999999997,-66.7,16
10874,182511.0,-0.30000000000000004,-1.8,2.3000000000000003,-1.1,2.8000000000000003,11.200000000000001,66.4,-34.0,-65.4,16
10875,182529.0,-0.5,-2.4000000000000004,0.4,-1.3,2.4000000000000004,9.200000000000001,86.89999999999999,-45.9,-63.8,16
10876,182544.0,-0.6000000000000001,-2.6,-0.5,-1.3,2.3000000000000003,8.200000000000001,93.2,-51.800000000000004,-63.30000000000001,16
10877,182562.0,-0.8,-2.9000000000000004,-2.2,-1.5,2.3000000000000003,6.300000000000001,97.60000000000001,-55.2,-61.7,16
10878,182578.0,-1.1,-3.0,-3.3000000000000003,-1.7000000000000002,2.5,5.0,90.4,-51.70000000000001,-57.800000000000004,16
10879,182594.0,-1.2000000000000002,-2.9000000000000004,-3.6,-1.8,2.6,4.6000000000000005,84.2,-48.800000000000004,-54.300000000000004,16
10880,182611.0,-1.3,-2.8000000000000003,-3.9000000000000004,-1.9000000000000001,2.9000000000000004,4.2,69.4,-41.4,-44.4,16
10881,182628.0,-1.4000000000000001,-2.6,-3.7,-2.0,3.2,4.2,55.0,-36.400000000000006,-33.7,16
10882,182645.0,-1.4000000000000001,-2.4000000000000004,-3.7,-2.0,3.5,4.2,49.1,-32.9,-27.400000000000002,16
10883,182665.0,-1.4000000000000001,-2.1,-3.7,-2.0,3.9000000000000004,4.1000000000000005,34.0,-21.7,-14.100000000000001,16
10884,182679.0,-1.6,-1.9000000000000001,-3.1,-2.1,4.1000000000000005,4.6000000000000005,13.200000000000003,-14.0,-1.6,16
10885,182698.0,-1.5,-1.9000000000000001,-1.9000000000000001,-2.1,4.1000000000000005,5.800000000000001,-2.6,-5.6,10.700000000000001,16
10886,182711.0,-1.4000000000000001,-2.0,-1.2000000000000002,-1.9000000000000001,4.0,6.5,-6.0,-2.6,15.2,16
10887,182728.0,-1.1,-2.0,-0.5,-1.6,4.0,7.2,-5.9,-2.4000000000000004,18.1,16
10888,182744.0,-1.1,-1.9000000000000001,-0.5,-1.6,4.1000000000000005,7.2,-5.0,-4.300000000000001,17.6,16
10889,182761.0,-1.1,-1.7000000000000002,-0.6000000000000001,-1.6,4.3,7.1000000000000005,-8.100000000000001,-7.6,16.8,16
10890,182779.0,-1.2000000000000002,-1.6,-0.5,-1.6,4.3,7.2,-15.700000000000001,-7.1000000000000005,15.899999999999999,16
10891,182797.0,-1.3,-1.3,-0.4,-1.7000000000000002,4.5,7.4,-26.6,0.6000000000000001,15.700000000000001,16
10892,182811.0,-1.3,-1.2000000000000002,-0.1,-1.6,4.5,7.7,-32.400000000000006,5.2,15.899999999999999,16
10893,182828.0,-1.2000000000000002,-1.2000000000000002,0.4,-1.6,4.4,8.3,-40.4,9.0,13.000000000000002,16
10894,182844.0,-1.2000000000000002,-1.3,0.30000000000000004,-1.5,4.3,7.9,-42.5,8.3,11.000000000000002,16
10895,182861.0,-1.3,-1.1,-0.2,-1.6,4.4,7.800000000000001,-54.6,13.000000000000002,7.699999999999999,16
10896,182878.0,-1.4000000000000001,-1.0,-0.4,-1.9000000000000001,4.3,7.800000000000001,-75.5,33.0,11.700000000000001,16
10897,182895.0,-1.4000000000000001,-1.0,-0.4,-2.0,3.8000000000000003,8.3,-109.7,54.9,20.0,16
10898,182911.0,-1.5,-1.3,0.9,-2.1,3.4000000000000004,9.3,-130.8,58.60000000000001,23.3,16
10899,182928.0,-1.4000000000000001,-1.6,3.5,-2.2,2.7,12.200000000000001,-155.20000000000002,45.9,23.2,16
10900,182945.0,-1.2000000000000002,-1.3,4.800000000000001,-1.9000000000000001,3.0,15.0,-152.1,34.900000000000006,19.6,16
10901,182961.0,-1.0,-0.5,6.800000000000001,-1.9000000000000001,3.2,15.8,-108.60000000000001,16.8,8.700000000000001,16
10902,182979.0,-1.5,0.0,5.1000000000000005,-2.4000000000000004,3.5,14.200000000000001,-37.300000000000004,10.5,-0.8,16
10903,182994.0,-1.8,0.6000000000000001,1.5,-2.8000000000000003,4.1000000000000005,10.700000000000001,2.4000000000000004,15.000000000000002,-4.6,16
10904,183011.0,-1.9000000000000001,0.8,0.4,-2.9000000000000004,4.3,9.5,6.2,21.6,-3.3000000000000007,16
10905,183028.0,-1.8,1.0,-1.0,-2.9000000000000004,4.5,8.1,0.2,35.3,4.6,16
10906,183044.0,-1.7000000000000002,1.0,-1.4000000000000001,-2.9000000000000004,4.5,7.4,-13.3,41.7,16.200000000000003,16
10907,183061.0,-1.5,0.9,-1.8,-2.8000000000000003,4.3,7.300000000000001,-21.500000000000004,39.699999999999996,23.2,16
10908,183078.0,-1.1,0.6000000000000001,-1.6,-2.5,3.9000000000000004,7.5,-35.5,27.099999999999998,37.0,16
10909,183094.0,-0.4,0.30000000000000004,-1.4000000000000001,-1.8,3.6,7.800000000000001,-41.0,10.299999999999999,46.300000000000004,16
10910,183111.0,-0.1,0.2,-1.3,-1.5,3.5,7.9,-40.2,3.1,48.10000000000001,16
10911,183128.0,0.30000000000000004,0.30000000000000004,-1.2000000000000002,-1.0,3.4000000000000004,8.0,-29.1,-3.7000000000000006,48.400000000000006,16
10912,183144.0,0.7000000000000001,0.4,-1.6,-0.5,3.5,7.6000000000000005,-10.700000000000001,2.0,42.7,16
10913,183161.0,0.8,0.6000000000000001,-2.0,-0.5,3.7,7.1000000000000005,-2.9,7.400000000000001,38.300000000000004,16
10914,183178.0,0.6000000000000001,1.1,-2.8000000000000003,-0.6000000000000001,4.2,6.4,4.5,20.5,32.1,16
10915,183195.0,0.4,1.7000000000000002,-3.1,-0.9,4.9,6.0,0.5,28.500000000000004,31.5,16
10916,183211.0,0.1,2.0,-3.1,-1.2000000000000002,5.2,6.0,-5.8,28.200000000000003,33.2,16
10917,183228.0,-0.2,2.6,-2.3000000000000003,-1.6,5.800000000000001,6.800000000000001,-21.200000000000003,24.7,43.50000000000001,16
10918,183244.0,0.0,2.6,-0.6000000000000001,-1.4000000000000001,5.800000000000001,8.5,-33.400000000000006,19.400000000000002,55.7,16
10919,183261.0,0.2,2.5,0.30000000000000004,-1.2000000000000002,5.6000000000000005,9.4,-34.60000000000001,15.100000000000001,59.300000000000004,16
10920,183284.0,0.7000000000000001,2.3000000000000003,1.6,-0.5,5.2,11.200000000000001,-26.300000000000004,5.6,59.5,16
10921,183295.0,1.0,2.0,2.3000000000000003,-0.30000000000000004,5.1000000000000005,11.4,-6.600000000000001,-3.9,51.800000000000004,16
10922,183311.0,1.2000000000000002,1.9000000000000001,2.3000000000000003,0.0,5.0,11.5,6.1000000000000005,-7.0,46.199999999999996,16
10923,183328.0,1.3,1.5,1.4000000000000001,0.2,4.7,10.600000000000001,28.0,-8.100000000000001,31.5,16
10924,183345.0,1.0,1.3,0.8,-0.1,4.7,10.0,33.50000000000001,3.0,17.300000000000004,16
10925,183362.0,0.9,1.2000000000000002,1.1,-0.2,4.6000000000000005,10.200000000000001,31.799999999999997,12.0,11.4,16
10926,183378.0,0.30000000000000004,0.7000000000000001,2.2,-0.9,4.2,11.3,31.099999999999998,29.900000000000006,1.1,16
10927,183395.0,-0.2,0.4,2.7,-1.5,4.0,11.8,40.4,34.60000000000001,-4.4,16
10928,183411.0,-0.2,0.5,2.5,-1.6,4.2,11.5,48.6,31.6,-4.9,16
10929,183428.0,-0.1,0.7000000000000001,0.7000000000000001,-1.6,4.6000000000000005,9.700000000000001,54.800000000000004,28.0,-1.3,16
10930,183445.0,-0.30000000000000004,0.8,-0.2,-1.8,4.800000000000001,8.700000000000001,28.200000000000003,19.1,4.7,16
10931,183461.0,-0.5,1.0,-0.2,-2.0,5.0,8.700000000000001,5.6,11.3,8.899999999999999,16
10932,183478.0,-0.7000000000000001,0.6000000000000001,1.8,-2.2,4.5,10.8,-42.900000000000006,-10.299999999999999,21.7,16
10933,183494.0,0.1,-0.2,4.2,-1.2000000000000002,3.6,13.3,-57.1,-43.900000000000006,32.2,16
10934,183511.0,0.7000000000000001,-0.5,4.800000000000001,-0.5,3.2,14.0,-48.400000000000006,-60.00000000000001,32.5,16
10935,183528.0,1.8,-0.8,4.0,0.9,2.9000000000000004,13.200000000000001,-9.899999999999999,-79.39999999999999,19.300000000000004,16
10936,183546.0,1.8,-0.6000000000000001,1.6,1.1,3.1,10.8,24.599999999999998,-59.80000000000001,-3.5,16
10937,183563.0,1.6,-0.4,-0.6000000000000001,1.0,3.4000000000000004,8.6,38.400000000000006,-10.200000000000001,-22.9,16
10938,183578.0,1.4000000000000001,-0.2,-1.3,0.7000000000000001,3.6,7.800000000000001,35.3,17.200000000000003,-30.1,16
10939,183594.0,0.7000000000000001,0.0,-1.2000000000000002,-0.1,3.9000000000000004,7.9,15.5,51.1,-36.7,16
10940,183611.0,0.5,0.0,-0.5,-0.5,3.9000000000000004,8.6,7.0,52.5,-35.9,16
10941,183628.0,0.1,-0.30000000000000004,0.5,-1.0,3.6,9.600000000000001,1.4,36.5,-31.2,16
10942,183645.0,0.2,-0.5,0.8,-1.0,3.4000000000000004,9.9,5.0,11.000000000000002,-27.2,16
10943,183663.0,0.0,-0.7000000000000001,0.6000000000000001,-1.2000000000000002,3.2,9.700000000000001,12.8,-7.500000000000001,-26.5,16
10944,183678.0,0.0,-0.8,0.6000000000000001,-1.3,3.1,9.600000000000001,19.1,-11.700000000000001,-26.000000000000004,16
10945,183695.0,0.2,-1.1,0.0,-1.1,2.9000000000000004,9.0,38.50000000000001,-11.000000000000002,-26.6,16
10946,183711.0,0.4,-1.2000000000000002,-0.6000000000000001,-0.7000000000000001,2.9000000000000004,7.7,48.70000000000001,-6.9,-27.9,16
10947,183728.0,0.6000000000000001,-1.3,-1.8,-0.7000000000000001,3.0,7.1000000000000005,61.0,5.6,-33.800000000000004,16
10948,183744.0,0.5,-1.4000000000000001,-2.2,-0.9,3.0,6.6000000000000005,65.2,19.200000000000003,-39.0,16
10949,183761.0,0.4,-1.2000000000000002,-2.5,-1.2000000000000002,3.4000000000000004,6.1000000000000005,67.5,34.300000000000004,-40.0,16
10950,183778.0,0.2,-1.1,-2.7,-1.4000000000000001,3.6,5.800000000000001,66.4,38.2,-37.9,16
10951,183795.0,0.1,-0.8,-3.0,-1.7000000000000002,4.0,5.4,56.6,33.1,-30.5,16
10952,183811.0,-0.1,-0.5,-3.0,-2.0,4.4,5.300000000000001,36.7,19.9,-18.0,16
10953,183828.0,-0.2,-0.5,-2.7,-2.1,4.5,5.5,24.3,13.000000000000002,-10.4,16
10954,183844.0,-0.2,-0.4,-1.6,-2.2,4.6000000000000005,6.6000000000000005,2.7,7.0,3.5,16
10955,183864.0,-0.1,-0.5,-0.4,-2.1,4.4,7.9,-3.1,8.4,9.2,16
10956,183878.0,-0.1,-0.6000000000000001,0.0,-2.0,4.3,8.200000000000001,-2.8,16.200000000000003,17.5,16
10957,183895.0,0.30000000000000004,-0.6000000000000001,0.30000000000000004,-1.7000000000000002,4.3,8.5,7.1000000000000005,29.1,20.3,16
10958,183911.0,0.30000000000000004,-0.7000000000000001,0.5,-1.8,4.3,8.6,18.700000000000003,41.900000000000006,18.0,16
10959,183928.0,0.1,-0.7000000000000001,0.2,-2.0,4.3,8.4,22.6,47.5,16.5,16
10960,183945.0,-0.30000000000000004,-0.5,0.1,-2.6,4.6000000000000005,8.1,22.6,55.7,15.2,16
10961,183961.0,-0.6000000000000001,-0.9,0.6000000000000001,-3.0,4.3,8.6,15.100000000000001,56.400000000000006,15.5,16
10962,183978.0,-0.6000000000000001,-0.9,0.9,-3.1,4.3,8.9,11.700000000000001,51.800000000000004,15.299999999999999,16
10963,183994.0,-0.5,-0.7000000000000001,1.0,-3.1,4.5,8.9,9.600000000000001,35.699999999999996,11.900000000000002,16
10964,184011.0,-0.5,-0.7000000000000001,0.6000000000000001,-3.1,4.6000000000000005,8.4,1.5,16.3,8.4,16
10965,184028.0,-0.7000000000000001,-0.6000000000000001,0.2,-3.3000000000000003,4.7,8.1,-8.3,4.9,5.7,16
10966,184044.0,-1.0,-0.2,-0.2,-3.6,4.9,7.7,-41.50000000000001,-11.8,2.7,16
10967,184061.0,-1.9000000000000001,-0.2,0.7000000000000001,-4.4,4.800000000000001,8.8,-90.30000000000001,-16.700000000000003,5.0,16
10968,184081.0,-2.6,-0.1,3.6,-5.0,4.5,11.9,-118.40000000000002,-26.799999999999997,15.899999999999999,16
10969,184095.0,-2.1,-0.1,4.7,-4.5,4.3,13.200000000000001,-114.70000000000002,-33.400000000000006,21.500000000000004,16
10970,184111.0,-1.1,-0.30000000000000004,5.4,-3.4000000000000004,3.9000000000000004,14.100000000000001,-76.4,-46.199999999999996,22.4,16
10971,184128.0,-0.7000000000000001,-0.4,4.6000000000000005,-2.8000000000000003,3.8000000000000003,13.4,-48.400000000000006,-50.2,18.1,16
10972,184145.0,-0.1,-0.30000000000000004,2.1,-2.1,3.8000000000000003,10.9,-2.0,-44.7,2.7,16
10973,184161.0,-0.1,-0.4,0.1,-2.1,3.8000000000000003,8.9,21.400000000000002,-13.200000000000003,-13.5,16
10974,184179.0,-0.30000000000000004,-0.30000000000000004,-0.7000000000000001,-2.3000000000000003,3.9000000000000004,8.1,26.1,5.7,-20.2,16
10975,184195.0,-0.9,-0.2,-1.7000000000000002,-3.1,4.1000000000000005,7.0,23.5,34.300000000000004,-27.0,16
10976,184211.0,-1.5,-0.30000000000000004,-1.8,-3.8000000000000003,4.0,6.800000000000001,11.3,45.400000000000006,-21.500000000000004,16
10977,184228.0,-1.5,-0.4,-1.8,-3.9000000000000004,3.9000000000000004,6.800000000000001,5.1000000000000005,44.6,-15.2,16
10978,184244.0,-1.3,-0.6000000000000001,-1.8,-3.8000000000000003,3.7,6.7,-4.5,33.7,0.30000000000000004,16
10979,184261.0,-0.6000000000000001,-0.8,-1.9000000000000001,-3.2,3.4000000000000004,6.6000000000000005,-8.0,15.6,14.300000000000002,16
10980,184278.0,0.0,-0.9,-2.3000000000000003,-2.5,3.3000000000000003,6.2,-6.699999999999999,6.4,18.8,16
10981,184294.0,0.30000000000000004,-1.0,-2.6,-2.3000000000000003,3.2,5.9,-1.6,-5.0,22.700000000000003,16
10982,184311.0,0.5,-1.0,-3.1,-2.0,3.3000000000000003,5.4,-1.8000000000000003,-2.9,22.9,16
10983,184328.0,0.4,-0.9,-3.1,-2.0,3.4000000000000004,5.4,-3.6000000000000005,-0.2,22.8,16
10984,184344.0,0.4,-0.5,-3.0,-2.0,3.7,5.5,-5.0,6.4,25.200000000000003,16
10985,184362.0,0.7000000000000001,-0.2,-3.1,-1.7000000000000002,4.1000000000000005,5.4,-7.300000000000001,9.4,29.1,16
10986,184378.0,1.0,0.0,-2.9000000000000004,-1.3,4.3,5.800000000000001,-10.0,6.1000000000000005,30.000000000000004,16
10987,184395.0,1.0,0.2,-2.5,-1.3,4.4,6.0,-17.1,-1.2000000000000002,28.0,16
10988,184411.0,0.9,0.6000000000000001,-2.0,-1.3,4.800000000000001,6.5,-27.9,-8.8,26.000000000000004,16
10989,184428.0,0.6000000000000001,0.8,-0.7000000000000001,-1.6,4.9,7.800000000000001,-40.2,-8.8,25.0,16
10990,184445.0,0.5,0.9,0.0,-1.7000000000000002,4.9,8.6,-42.7,-9.4,24.599999999999998,16
10991,184464.0,0.4,0.9,1.2000000000000002,-1.7000000000000002,4.9,9.8,-40.300000000000004,-13.399999999999999,23.900000000000006,16
10992,184478.0,1.1,1.1,2.3000000000000003,-0.9,4.9,11.0,-36.400000000000006,-18.200000000000003,22.4,16
10993,184494.0,1.4000000000000001,1.1,2.6,-0.5,4.9,11.4,-19.1,-35.2,13.6,16
10994,184511.0,1.4000000000000001,0.9,2.4000000000000004,-0.30000000000000004,4.800000000000001,11.200000000000001,4.7,-43.2,-2.6,16
10995,184528.0,0.8,0.8,2.0,-0.9,4.7,10.8,18.6,-37.6,-18.5,16
10996,184544.0,0.30000000000000004,0.7000000000000001,2.0,-1.3,4.6000000000000005,10.8,21.7,-31.799999999999997,-24.599999999999998,16
10997,184561.0,-0.2,0.6000000000000001,2.3000000000000003,-1.8,4.6000000000000005,11.100000000000001,26.5,-19.5,-31.099999999999998,16
10998,184578.0,-0.2,1.0,2.1,-1.8,5.0,10.9,34.60000000000001,-21.400000000000002,-31.9,16
10999,184594.0,-0.1,0.9,1.9000000000000001,-1.7000000000000002,5.1000000000000005,10.700000000000001,36.7,-22.4,-29.900000000000006,16
11000,184611.0,0.0,0.9,1.5,-1.5,5.1000000000000005,10.200000000000001,32.1,-26.700000000000003,-27.6,16
11001,184628.0,0.2,1.1,0.9,-1.3,5.4,9.700000000000001,17.7,-36.5,-27.800000000000004,16
11002,184644.0,0.1,1.2000000000000002,0.9,-1.3,5.5,9.600000000000001,4.7,-37.50000000000001,-28.200000000000003,16
11003,184661.0,-0.30000000000000004,1.2000000000000002,1.8,-1.7000000000000002,5.5,10.600000000000001,-23.099999999999998,-34.300000000000004,-26.400000000000006,16
11004,184680.0,-0.30000000000000004,1.0,3.3000000000000003,-1.6,5.1000000000000005,12.200000000000001,-27.6,-25.1,-20.400000000000002,16
11005,184694.0,0.1,0.8,3.4000000000000004,-1.2000000000000002,4.9,12.3,-19.300000000000004,-23.099999999999998,-18.6,16
11006,184711.0,0.8,0.7000000000000001,2.3000000000000003,-0.4,4.800000000000001,11.3,-2.3,-25.8,-20.7,16
11007,184728.0,0.9,0.6000000000000001,1.7000000000000002,-0.30000000000000004,4.7,10.700000000000001,4.1,-24.8,-27.0,16
11008,184744.0,0.8,0.6000000000000001,1.3,-0.4,4.7,10.3,6.4,-22.000000000000004,-29.300000000000004,16
11009,184763.0,0.7000000000000001,0.6000000000000001,0.6000000000000001,-0.5,4.7,9.600000000000001,4.5,-16.3,-32.6,16
11010,184778.0,0.30000000000000004,0.5,0.4,-0.8,4.6000000000000005,9.4,-1.2000000000000002,-17.6,-33.300000000000004,16
11011,184794.0,0.1,0.4,0.4,-1.1,4.5,9.4,-4.0,-19.9,-31.5,16
11012,184811.0,0.0,0.0,0.30000000000000004,-1.2000000000000002,4.1000000000000005,9.4,-6.300000000000001,-23.0,-25.6,16
11013,184828.0,0.2,-0.4,0.30000000000000004,-0.8,3.6,9.4,0.2,-19.1,-24.900000000000002,16
11014,184844.0,0.4,-0.6000000000000001,0.30000000000000004,-0.7000000000000001,3.5,9.3,8.0,-13.8,-27.6,16
11015,184861.0,0.5,-1.1,-0.1,-0.7000000000000001,3.0,8.9,31.0,-0.2,-39.1,16
11016,184879.0,0.30000000000000004,-1.3,-1.1,-1.0,3.0,7.800000000000001,57.3,9.600000000000001,-50.8,16
11017,184897.0,0.0,-1.4000000000000001,-2.6,-1.3,3.0,6.2,73.30000000000001,11.8,-55.0,16
11018,184911.0,-0.2,-1.5,-3.2,-1.6,3.1,5.5,74.10000000000001,10.700000000000001,-55.2,16
11019,184928.0,-0.8,-1.1,-3.7,-2.4000000000000004,3.5,4.9,63.10000000000001,10.200000000000001,-49.50000000000001,16
11020,184944.0,-1.3,-0.9,-3.7,-2.8000000000000003,3.9000000000000004,4.800000000000001,53.9,10.9,-42.5,16
11021,184961.0,-1.3,-0.5,-3.3000000000000003,-3.0,4.3,5.1000000000000005,29.900000000000006,11.000000000000002,-19.1,16
11022,184978.0,-0.5,-0.4,-1.9000000000000001,-2.2,4.5,6.5,7.0,5.2,1.5,16
11023,184994.0,-0.2,-0.4,-1.0,-1.9000000000000001,4.5,7.4,-0.8,2.5,7.0,16
11024,185011.0,0.1,-0.4,0.2,-1.6,4.4,8.6,-4.7,-4.1,9.2,16
11025,185029.0,-0.4,-0.4,0.8,-2.0,4.5,9.200000000000001,-0.8,-7.1000000000000005,7.6,16
11026,185045.0,-0.7000000000000001,-0.5,1.0,-2.3000000000000003,4.4,9.4,1.7,-7.699999999999999,7.400000000000001,16
11027,185062.0,-1.0,-0.4,1.2000000000000002,-2.5,4.5,9.600000000000001,9.4,-9.0,9.3,16
11028,185078.0,-0.9,-0.4,0.8,-2.4000000000000004,4.5,9.200000000000001,25.300000000000004,-7.0,11.2,16
11029,185094.0,-1.1,-0.5,-0.30000000000000004,-2.6,4.5,8.0,33.2,-4.5,11.700000000000001,16
11030,185111.0,-1.4000000000000001,-0.4,-0.8,-3.0,4.7,7.5,40.7,-0.1,14.600000000000001,16
11031,185128.0,-1.9000000000000001,-0.2,-1.2000000000000002,-3.4000000000000004,5.1000000000000005,7.0,36.8,8.3,26.9,16
11032,185144.0,-1.0,-0.30000000000000004,-1.9000000000000001,-2.5,5.0,6.2,32.300000000000004,11.6,35.0,16
11033,185161.0,-0.5,0.0,-1.9000000000000001,-2.0,5.300000000000001,6.2,11.3,7.0,40.7,16
11034,185178.0,-0.2,0.1,-1.3,-1.6,5.5,6.800000000000001,-13.6,-1.0,36.0,16
11035,185195.0,-0.30000000000000004,-0.2,-0.30000000000000004,-1.6,5.1000000000000005,7.9,-28.500000000000004,-10.200000000000001,27.9,16
11036,185211.0,-0.30000000000000004,-0.2,0.1,-1.6,5.0,8.3,-33.0,-9.5,24.400000000000002,16
11037,185228.0,-0.5,-0.4,0.6000000000000001,-1.7000000000000002,4.800000000000001,8.8,-36.9,10.700000000000001,15.899999999999999,16
11038,185244.0,-0.8,-0.7000000000000001,0.6000000000000001,-2.2,4.3,9.0,-47.3,45.5,7.0,16
11039,185261.0,-1.3,-0.7000000000000001,1.1,-2.7,4.2,9.5,-58.900000000000006,61.9,2.5,16
11040,185278.0,-1.8,-0.8,2.9000000000000004,-3.5,3.9000000000000004,11.4,-76.0,75.00000000000001,-1.9,16
11041,185294.0,-1.6,-0.6000000000000001,4.6000000000000005,-3.5,3.9000000000000004,13.200000000000001,-62.800000000000004,53.9,-2.7,16
11042,185312.0,-1.3,-0.6000000000000001,4.800000000000001,-3.2,3.8000000000000003,13.4,-44.00000000000001,35.4,-3.3000000000000007,16
11043,185328.0,-0.6000000000000001,-0.9,3.4000000000000004,-2.6,3.5,12.100000000000001,3.0,2.0,-6.8,16
11044,185344.0,-0.2,-1.1,0.9,-2.2,3.3000000000000003,9.5,35.3,-5.0,-13.200000000000003,16
11045,185361.0,-0.2,-1.2000000000000002,0.0,-2.2,3.3000000000000003,8.5,42.7,2.0,-16.5,16
11046,185382.0,-0.1,-1.2000000000000002,-1.4000000000000001,-2.2,3.4000000000000004,7.1000000000000005,45.6,26.300000000000004,-19.1,16
11047,185395.0,-0.1,-1.1,-2.2,-2.4000000000000004,3.7,6.2,38.2,49.4,-17.7,16
11048,185411.0,-0.2,-1.0,-2.6,-2.6,3.7,5.800000000000001,30.9,56.50000000000001,-14.700000000000001,16
11049,185428.0,-0.30000000000000004,-1.0,-3.0,-2.8000000000000003,3.8000000000000003,5.300000000000001,10.0,58.400000000000006,-3.8,16
11050,185444.0,0.0,-1.1,-2.7,-2.6,3.7,5.5,-13.6,41.50000000000001,8.5,16
11051,185461.0,0.2,-1.1,-2.4000000000000004,-2.4000000000000004,3.7,5.7,-22.000000000000004,28.700000000000003,13.3,16
11052,185478.0,0.7000000000000001,-1.0,-2.3000000000000003,-2.0,3.7,5.9,-28.200000000000003,5.1000000000000005,19.200000000000003,16
11053,185496.0,1.1,-0.9,-2.6,-1.5,3.7,5.6000000000000005,-26.5,-8.899999999999999,20.900000000000002,16
11054,185513.0,1.0,-0.7000000000000001,-2.8000000000000003,-1.6,3.8000000000000003,5.4,-24.599999999999998,-9.4,19.700000000000003,16
11055,185528.0,0.8,-0.5,-2.7,-1.8,4.0,5.5,-22.2,1.8000000000000003,17.200000000000003,16
11056,185544.0,0.7000000000000001,-0.30000000000000004,-2.8000000000000003,-1.9000000000000001,4.2,5.4,-18.3,17.1,19.5,16
11057,185562.0,0.7000000000000001,-0.30000000000000004,-3.0,-1.8,4.2,5.300000000000001,-18.5,21.900000000000002,21.0,16
11058,185578.0,0.9,-0.1,-2.8000000000000003,-1.7000000000000002,4.4,5.4,-25.200000000000003,15.700000000000001,20.3,16
11059,185594.0,0.4,0.1,-2.0,-2.2,4.5,6.2,-33.7,11.000000000000002,18.1,16
11060,185611.0,0.0,0.2,-1.5,-2.6,4.5,6.800000000000001,-37.6,9.4,18.3,16
11061,185628.0,-0.5,0.30000000000000004,0.30000000000000004,-3.1,4.5,8.6,-42.1,-0.1,20.3,16
11062,185646.0,0.1,0.6000000000000001,1.9000000000000001,-2.4000000000000004,4.7,10.3,-34.0,-13.5,20.0,16
11063,185662.0,0.6000000000000001,0.30000000000000004,2.6,-1.8,4.4,11.0,-26.000000000000004,-25.6,14.600000000000001,16
11064,185678.0,2.0,0.6000000000000001,4.3,-0.2,4.7,12.9,-2.8,-78.3,-13.200000000000003,16
11065,185696.0,2.4000000000000004,1.4000000000000001,4.800000000000001,0.4,5.5,13.4,36.5,-111.20000000000002,-50.900000000000006,16
11066,185712.0,2.4000000000000004,1.9000000000000001,4.3,-0.5,6.0,12.100000000000001,55.60000000000001,-111.9,-66.4,16
11067,185728.0,0.0,1.1,2.3000000000000003,-1.6,5.5,10.9,75.7,-108.7,-94.9,16
11068,185744.0,0.30000000000000004,2.7,1.4000000000000001,-1.2000000000000002,7.2,10.0,63.10000000000001,-72.10000000000001,-95.5,16
11069,185761.0,-0.7000000000000001,1.7000000000000002,2.5,-2.3000000000000003,6.300000000000001,11.0,54.0,-54.199999999999996,-98.10000000000001,16
11070,185779.0,0.5,2.4000000000000004,3.2,-1.1,7.1000000000000005,11.700000000000001,60.5,-22.4,-99.9,16
11071,185794.0,-0.5,2.7,1.6,-2.3000000000000003,7.6000000000000005,10.0,69.9,-2.7,-103.8,16
11072,185812.0,-1.2000000000000002,3.2,1.1,-3.1,8.1,9.4,63.10000000000001,-0.8,-97.40000000000002,16
11073,185828.0,-2.6,4.2,0.2,-4.6000000000000005,9.3,8.5,42.5,9.600000000000001,-62.900000000000006,16
11074,185844.0,-2.2,3.8000000000000003,-0.4,-4.4,8.9,7.800000000000001,12.8,30.5,-11.2,16
11075,185861.0,-1.7000000000000002,3.1,-0.5,-3.0,7.4,7.9,-3.8,33.2,11.3,16
11076,185878.0,0.2,1.4000000000000001,0.2,-2.0,6.5,8.4,-36.1,2.2,38.2,16
11077,185894.0,1.8,0.4,1.9000000000000001,-0.2,5.4,10.3,-51.1,-56.9,35.599999999999994,16
11078,185911.0,2.1,0.30000000000000004,2.5,0.30000000000000004,5.300000000000001,10.9,-44.6,-82.60000000000001,26.1,16
11079,185928.0,1.7000000000000002,0.4,2.4000000000000004,0.2,5.300000000000001,11.0,-12.200000000000001,-104.7,4.800000000000001,16
11080,185944.0,0.9,0.7000000000000001,0.7000000000000001,-0.30000000000000004,5.7,9.3,22.2,-95.5,-7.0,16
11081,185961.0,0.7000000000000001,1.0,-0.30000000000000004,-0.4,6.2,7.2,32.9,-81.90000000000002,-7.699999999999999,16
11082,185978.0,0.6000000000000001,1.2000000000000002,-2.1,-0.4,6.300000000000001,6.4,30.799999999999997,-45.400000000000006,-4.6,16
11083,185994.0,0.2,1.1,-2.4000000000000004,-0.7000000000000001,6.2,6.1000000000000005,0.1,-12.4,-2.4000000000000004,16
11084,186011.0,0.2,0.5,-0.4,-0.7000000000000001,5.6000000000000005,8.1,-17.1,0.2,-0.8,16
11085,186028.0,0.30000000000000004,0.0,0.9,-0.6000000000000001,5.0,9.5,-32.6,19.5,-1.1,16
11086,186044.0,-0.1,-1.0,2.3000000000000003,-1.1,3.9000000000000004,10.9,-10.200000000000001,23.800000000000004,-11.5,16
11087,186061.0,-0.8,-1.6,1.7000000000000002,-1.9000000000000001,3.4000000000000004,10.200000000000001,30.200000000000003,14.700000000000001,-22.8,16
11088,186078.0,-1.1,-1.7000000000000002,0.8,-2.2,3.4000000000000004,9.3,48.800000000000004,6.9,-25.200000000000003,16
11089,186094.0,-1.3,-1.8,-1.5,-2.5,3.4000000000000004,6.9,71.6,-10.8,-22.4,16
11090,186111.0,-1.1,-1.9000000000000001,-3.3000000000000003,-2.3000000000000003,3.6,5.0,69.20000000000002,-22.4,-14.100000000000001,16
11091,186128.0,-0.8,-1.6,-3.6,-1.9000000000000001,3.9000000000000004,4.6000000000000005,60.2,-23.0,-9.700000000000001,16
11092,186144.0,-0.7000000000000001,-1.5,-3.6,-1.8,4.1000000000000005,4.5,39.9,-25.300000000000004,-0.7,16
11093,186161.0,-0.8,-1.6,-3.5,-1.8,4.1000000000000005,4.6000000000000005,22.1,-28.0,6.500000000000001,16
11094,186178.0,-0.6000000000000001,-1.5,-3.2,-1.5,4.2,4.800000000000001,13.6,-29.200000000000003,10.9,16
11095,186194.0,-0.5,-1.5,-2.4000000000000004,-1.3,4.2,5.6000000000000005,2.2,-24.400000000000002,15.700000000000001,16
11096,186211.0,-0.6000000000000001,-1.6,-1.4000000000000001,-1.4000000000000001,4.1000000000000005,6.6000000000000005,-0.8,-8.4,17.0,16
11097,186228.0,-0.6000000000000001,-1.7000000000000002,-1.0,-1.4000000000000001,4.0,7.0,0.4,2.8,16.6,16
11098,186244.0,-0.6000000000000001,-1.8,-0.2,-1.4000000000000001,3.9000000000000004,7.7,6.0,22.3,13.8,16
11099,186261.0,-0.9,-1.6,0.2,-1.7000000000000002,4.1000000000000005,8.1,16.200000000000003,31.799999999999997,10.200000000000001,16
11100,186278.0,-0.9,-1.5,0.2,-1.8,4.3,8.0,21.900000000000002,30.9,10.9,16
11101,186296.0,-0.9,-1.2000000000000002,-0.6000000000000001,-1.8,4.6000000000000005,7.2,28.3,19.700000000000003,14.700000000000001,16
11102,186312.0,-0.9,-0.9,-1.1,-1.9000000000000001,4.9,6.6000000000000005,17.1,8.0,18.8,16
11103,186328.0,-1.0,-0.9,-1.1,-1.9000000000000001,5.0,6.6000000000000005,6.9,5.300000000000001,20.8,16
11104,186344.0,-1.2000000000000002,-0.8,-0.6000000000000001,-2.1,5.0,7.2,-16.8,8.0,25.7,16
11105,186361.0,-0.7000000000000001,-0.5,0.5,-1.6,5.300000000000001,8.3,-35.9,8.600000000000001,30.000000000000004,16
11106,186379.0,-0.5,-0.30000000000000004,1.0,-1.4000000000000001,5.4,9.200000000000001,-39.599999999999994,5.9,29.0,16
11107,186394.0,-0.6000000000000001,-0.4,1.3,-1.4000000000000001,5.2,9.200000000000001,-37.400000000000006,-6.300000000000001,23.0,16
11108,186411.0,-0.5,0.0,0.9,-1.2000000000000002,5.5,8.9,-38.400000000000006,-24.599999999999998,16.1,16
11109,186428.0,-0.7000000000000001,0.2,0.5,-1.4000000000000001,5.7,8.6,-41.50000000000001,-28.200000000000003,15.6,16
11110,186444.0,-1.1,0.5,-0.4,-1.7000000000000002,5.800000000000001,7.800000000000001,-63.599999999999994,-19.9,27.2,16
11111,186461.0,-1.5,0.1,0.7000000000000001,-2.0,5.2,9.1,-108.2,-5.500000000000001,44.2,16
11112,186478.0,-1.6,-0.30000000000000004,2.3000000000000003,-2.0,4.5,10.8,-125.30000000000001,1.1,52.80000000000001,16
11113,186494.0,-0.6000000000000001,-1.1,4.800000000000001,-0.9,3.4000000000000004,13.600000000000001,-116.2,5.1000000000000005,57.400000000000006,16
11114,186513.0,0.4,-1.2000000000000002,4.7,0.1,3.1,13.600000000000001,-63.599999999999994,10.700000000000001,44.00000000000001,16
11115,186527.0,0.7000000000000001,-1.1,3.7,0.30000000000000004,3.1,11.3,-34.2,16.900000000000002,32.9,16
11116,186546.0,0.5,-0.9,1.0,0.1,3.3000000000000003,9.9,8.2,37.6,8.4,16
11117,186563.0,-0.1,-0.30000000000000004,-1.1,-0.7000000000000001,3.9000000000000004,7.800000000000001,20.400000000000002,67.7,-5.300000000000001,16
11118,186578.0,-0.4,-0.2,-1.8,-1.8,4.2,6.7,17.9,82.7,-6.2,16
11119,186595.0,-1.3,0.0,-2.1,-2.3000000000000003,4.2,6.7,1.6,100.70000000000002,4.7,16
11120,186613.0,-1.2000000000000002,-0.5,-2.0,-2.5,3.8000000000000003,6.800000000000001,-16.900000000000002,95.20000000000002,27.800000000000004,16
11121,186630.0,-0.30000000000000004,-0.9,-1.8,-1.8,3.3000000000000003,7.0,-32.9,60.8,47.7,16
11122,186644.0,0.30000000000000004,-1.1,-1.7000000000000002,-1.2000000000000002,3.0,7.1000000000000005,-37.2,35.9,53.2,16
11123,186661.0,1.1,-1.2000000000000002,-1.6,-0.2,2.9000000000000004,7.2,-34.400000000000006,-12.200000000000001,53.400000000000006,16
11124,186678.0,1.3,-1.0,-2.4000000000000004,0.1,3.0,6.4,-19.1,-33.400000000000006,45.9,16
11125,186694.0,1.2000000000000002,-0.9,-2.9000000000000004,0.1,3.1,5.9,-12.4,-29.700000000000006,41.900000000000006,16
11126,186711.0,1.0,-0.4,-3.5,-0.1,3.5,5.300000000000001,-5.7,-3.7000000000000006,37.6,16
11127,186727.0,0.9,-0.1,-3.6,-0.1,3.9000000000000004,5.1000000000000005,-4.300000000000001,24.0,38.0,16
11128,186744.0,0.8,0.1,-3.5,-0.2,4.1000000000000005,5.2,-5.6,32.300000000000004,39.2,16
11129,186761.0,1.0,0.7000000000000001,-3.2,-0.1,4.6000000000000005,5.5,-11.3,34.1,43.00000000000001,16
11130,186778.0,1.0,1.2000000000000002,-2.5,-0.1,5.1000000000000005,6.300000000000001,-24.400000000000002,30.699999999999996,42.800000000000004,16
11131,186794.0,0.8,1.4000000000000001,-1.8,-0.4,5.300000000000001,6.9,-33.0,29.700000000000006,42.400000000000006,16
11132,186811.0,0.2,1.5,-0.2,-1.0,5.300000000000001,8.6,-51.1,26.300000000000004,42.3,16
11133,186828.0,-0.4,1.7000000000000002,1.7000000000000002,-1.6,5.300000000000001,10.5,-65.89999999999999,17.9,43.4,16
11134,186844.0,-0.4,1.8,2.7,-1.5,5.300000000000001,11.600000000000001,-66.9,11.1,45.3,16
11135,186861.0,0.4,1.5,4.1000000000000005,-0.7000000000000001,4.800000000000001,13.100000000000001,-50.900000000000006,-12.8,45.5,16
11136,186878.0,1.2000000000000002,1.4000000000000001,4.2,0.30000000000000004,4.6000000000000005,13.3,-23.900000000000006,-43.800000000000004,30.4,16
11137,186894.0,1.3,1.4000000000000001,3.9000000000000004,0.5,4.7,13.100000000000001,-11.2,-51.300000000000004,19.5,16
11138,186911.0,0.9,1.6,3.4000000000000004,0.2,4.9,12.600000000000001,6.0,-43.50000000000001,-3.1,16
11139,186927.0,0.30000000000000004,1.6,3.6,-0.30000000000000004,5.0,12.8,18.5,-21.1,-22.000000000000004,16
11140,186944.0,-0.1,1.6,3.7,-0.7000000000000001,5.0,12.9,28.400000000000002,-12.7,-29.500000000000004,16
11141,186962.0,-0.30000000000000004,2.0,2.5,-0.9,5.5,11.700000000000001,49.9,-1.0,-35.599999999999994,16
11142,186977.0,-0.30000000000000004,2.2,1.2000000000000002,-1.0,6.0,10.3,45.9,11.1,-30.599999999999998,16
11143,186994.0,-0.5,2.3000000000000003,0.9,-1.2000000000000002,6.1000000000000005,10.0,33.300000000000004,14.5,-26.700000000000003,16
11144,187011.0,-0.8,2.3000000000000003,1.7000000000000002,-1.6,6.1000000000000005,10.8,-3.3000000000000007,13.100000000000001,-14.0,16
11145,187028.0,-0.30000000000000004,1.5,3.5,-1.1,5.300000000000001,12.600000000000001,-25.1,-4.300000000000001,1.2000000000000002,16
11146,187044.0,0.4,1.0,4.0,-0.4,4.800000000000001,13.100000000000001,-23.800000000000004,-17.200000000000003,6.300000000000001,16
11147,187061.0,1.6,-0.1,4.0,0.9,3.7,13.200000000000001,-3.6000000000000005,-42.900000000000006,3.7000000000000006,16
11148,187078.0,2.2,-0.5,2.2,1.7000000000000002,3.3000000000000003,11.5,29.500000000000004,-51.1,-11.4,16
11149,187094.0,2.2,-0.4,0.9,1.8,3.4000000000000004,10.100000000000001,42.5,-44.300000000000004,-19.5,16
11150,187112.0,2.1,-0.2,-0.9,1.7000000000000002,3.7,8.3,49.1,-15.000000000000002,-30.3,16
11151,187128.0,2.0,-0.2,-1.3,1.6,4.0,7.800000000000001,40.1,16.900000000000002,-35.0,16
11152,187145.0,1.9000000000000001,-0.2,-1.1,1.4000000000000001,4.0,8.0,34.7,28.500000000000004,-35.9,16
11153,187161.0,1.5,-0.4,-0.4,0.9,3.9000000000000004,8.6,29.1,37.9,-36.400000000000006,16
11154,187184.0,1.3,-0.30000000000000004,-0.9,0.5,4.0,8.0,24.599999999999998,16.4,-40.2,16
11155,187219.0,-0.2,-1.3,0.5,-1.0,3.1,9.4,18.700000000000003,-17.9,-35.3,16
11156,187231.0,-0.30000000000000004,-1.5,-0.1,-1.1,2.9000000000000004,8.8,33.2,-33.7,-28.700000000000003,16
11157,187245.0,-0.1,-1.8,-1.0,-0.8,2.7,7.800000000000001,43.6,-47.900000000000006,-25.4,16
11158,187284.0,0.1,-1.7000000000000002,-2.2,-0.4,3.0,6.5,51.2,-56.6,-25.900000000000002,16
11159,187294.0,-0.1,-1.6,-2.9000000000000004,-0.5,3.3000000000000003,5.7,50.900000000000006,-54.50000000000001,-27.5,16
11160,187311.0,-0.2,-1.4000000000000001,-3.0,-0.6000000000000001,3.5,5.5,44.2,-43.800000000000004,-27.0,16
11161,187328.0,-0.5,-1.1,-2.8000000000000003,-0.8,3.9000000000000004,5.7,32.1,-24.8,-23.2,16
11162,187344.0,-0.5,-1.0,-2.4000000000000004,-0.8,4.1000000000000005,6.300000000000001,26.000000000000004,-12.100000000000001,-19.9,16
11163,187361.0,-0.5,-0.9,-1.7000000000000002,-0.8,4.2,6.6000000000000005,16.6,11.5,-12.9,16
11164,187377.0,-0.6000000000000001,-1.0,-0.7000000000000001,-1.0,4.1000000000000005,7.6000000000000005,10.200000000000001,28.800000000000004,-6.8,16
11165,187395.0,-0.7000000000000001,-1.3,0.0,-1.3,3.9000000000000004,8.4,10.1,32.5,-3.8,16
11166,187411.0,-0.8,-1.4000000000000001,0.2,-1.4000000000000001,3.8000000000000003,8.5,14.300000000000002,27.0,1.6,16
11167,187427.0,-0.7000000000000001,-1.3,0.0,-1.3,3.9000000000000004,8.3,19.6,11.6,4.7,16
11168,187445.0,-0.5,-0.9,-0.6000000000000001,-1.9000000000000001,3.6,7.5,15.700000000000001,0.9000000000000001,3.6000000000000005,16
11169,187461.0,-0.9,-1.5,-0.9,-1.5,3.7,7.4,11.6,-0.2,9.899999999999999,16
11170,187478.0,-0.2,-1.1,-0.7000000000000001,-0.8,4.2,7.5,10.8,-3.1,11.000000000000002,16
11171,187494.0,-0.4,-1.1,-0.7000000000000001,-1.0,4.2,7.5,7.1000000000000005,11.8,7.699999999999999,16
11172,187511.0,-0.6000000000000001,-1.1,-0.5,-1.2000000000000002,4.2,7.7,5.8,17.799999999999997,6.9,16
11173,187527.0,-0.8,-0.8,-0.6000000000000001,-1.5,4.5,7.5,0.7,34.300000000000004,6.0,16
11174,187544.0,-0.8,0.0,-0.5,-1.6,5.2,7.7,-12.600000000000001,42.1,5.300000000000001,16
11175,187561.0,-0.9,-0.1,-0.1,-1.8,5.2,8.1,-20.3,40.9,3.6000000000000005,16
11176,187577.0,-1.3,-0.2,0.6000000000000001,-2.3000000000000003,5.0,8.8,-30.5,39.1,3.0,16
11177,187594.0,-1.5,0.0,-0.1,-2.6,5.1000000000000005,8.1,-43.00000000000001,29.0,9.100000000000001,16
11178,187611.0,-1.9000000000000001,0.2,-0.5,-3.0,5.1000000000000005,7.800000000000001,-63.0,26.799999999999997,14.5,16
11179,187627.0,-2.9000000000000004,-0.1,0.5,-4.1000000000000005,4.6000000000000005,9.0,-128.5,25.5,33.400000000000006,16
11180,187644.0,-1.9000000000000001,-1.2000000000000002,4.800000000000001,-3.0,3.0,13.5,-170.70000000000002,-7.300000000000001,57.9,16
11181,187661.0,-0.8,-1.3,6.5,-1.9000000000000001,2.6,15.4,-163.29999999999998,-25.5,57.60000000000001,16
11182,187678.0,-0.1,-1.8,7.0,-1.0,1.8,16.1,-102.10000000000001,-45.7,35.1,16
11183,187694.0,-0.30000000000000004,-1.3,4.1000000000000005,-1.0,2.1,13.4,-19.9,-36.7,6.0,16
11184,187711.0,-0.5,-1.0,2.4000000000000004,-1.2000000000000002,2.4000000000000004,11.600000000000001,12.200000000000001,-16.4,-4.7,16
11185,187728.0,-0.6000000000000001,-0.7000000000000001,-1.1,-1.5,2.9000000000000004,8.1,46.199999999999996,45.9,-16.3,16
11186,187744.0,-0.7000000000000001,-0.4,-3.3000000000000003,-1.9000000000000001,3.3000000000000003,5.800000000000001,37.800000000000004,93.7,-17.1,16
11187,187766.0,-0.7000000000000001,-0.5,-3.5,-2.1,3.2,5.4,7.200000000000001,109.50000000000001,-7.500000000000001,16
11188,187778.0,-0.6000000000000001,-0.6000000000000001,-3.3000000000000003,-2.3000000000000003,3.0,5.6000000000000005,-6.699999999999999,105.3,0.4,16
11189,187794.0,-0.30000000000000004,-0.9,-2.9000000000000004,-2.2,2.7,6.0,-27.800000000000004,80.4,19.200000000000003,16
11190,187811.0,0.1,-0.9,-2.7,-1.9000000000000001,2.7,6.2,-35.5,62.7,29.400000000000002,16
11191,187827.0,1.0,-1.1,-1.8,-1.0,2.3000000000000003,7.1000000000000005,-42.1,25.5,43.6,16
11192,187844.0,1.8,-1.3,-1.4000000000000001,-0.2,2.1,7.5,-34.0,-6.699999999999999,45.9,16
11193,187861.0,2.1,-1.1,-1.5,0.2,2.3000000000000003,7.5,-26.1,-15.299999999999999,43.1,16
11194,187877.0,2.5,-0.6000000000000001,-1.8,0.7000000000000001,2.7,7.1000000000000005,-8.5,-8.0,33.9,16
11195,187895.0,2.4000000000000004,-0.30000000000000004,-2.4000000000000004,0.6000000000000001,3.0,6.5,4.7,15.399999999999999,25.200000000000003,16
11196,187911.0,2.3000000000000003,0.0,-2.7,0.5,3.3000000000000003,6.2,5.6,26.000000000000004,21.500000000000004,16
11197,187928.0,2.0,0.7000000000000001,-2.6,0.1,4.1000000000000005,6.300000000000001,-5.2,45.099999999999994,17.799999999999997,16
11198,187944.0,1.6,1.5,-1.6,-0.4,4.800000000000001,7.300000000000001,-25.1,55.400000000000006,20.2,16
11199,187961.0,1.3,1.7000000000000002,-0.6000000000000001,-0.8,5.0,8.200000000000001,-34.900000000000006,55.7,21.300000000000004,16
11200,187980.0,0.6000000000000001,1.9000000000000001,1.3,-1.6,5.1000000000000005,10.200000000000001,-44.8,44.2,22.4,16
11201,187994.0,0.1,2.2,2.8000000000000003,-2.2,5.300000000000001,11.700000000000001,-37.300000000000004,25.200000000000003,27.400000000000002,16
11202,188011.0,0.30000000000000004,2.2,3.3000000000000003,-2.0,5.300000000000001,12.200000000000001,-28.1,13.8,30.799999999999997,16
11203,188028.0,0.6000000000000001,2.2,3.1,-1.6,5.300000000000001,12.0,-4.4,-9.8,33.50000000000001,16
11204,188045.0,1.3,2.2,1.9000000000000001,-0.8,5.4,10.9,17.6,-26.300000000000004,27.2,16
11205,188065.0,1.3,2.5,1.1,-0.7000000000000001,5.800000000000001,10.100000000000001,26.200000000000003,-30.9,14.5,16
11206,188078.0,1.0,2.6,1.0,-0.9,5.9,10.0,25.8,-27.9,8.600000000000001,16
11207,188094.0,0.6000000000000001,2.6,1.2000000000000002,-1.3,6.1000000000000005,10.200000000000001,22.8,-16.0,1.7,16
11208,188111.0,0.1,2.4000000000000004,1.7000000000000002,-1.8,5.9,10.600000000000001,16.3,-7.8,-3.3000000000000007,16
11209,188127.0,0.1,2.4000000000000004,1.7000000000000002,-2.0,5.800000000000001,10.9,13.3,-9.700000000000001,-5.2,16
11210,188144.0,0.0,2.5,1.9000000000000001,-1.8,6.1000000000000005,10.9,14.0,-21.900000000000002,-2.7,16
11211,188161.0,0.5,2.4000000000000004,1.4000000000000001,-1.2000000000000002,6.1000000000000005,10.4,6.300000000000001,-26.799999999999997,2.6,16
11212,188178.0,0.6000000000000001,2.5,1.5,-1.0,6.1000000000000005,10.5,-7.0,-24.400000000000002,2.0,16
11213,188194.0,0.5,2.2,3.5,-1.1,5.7,12.5,-38.7,-19.0,-0.30000000000000004,16
11214,188211.0,1.0,1.0,5.4,-0.5,4.5,14.600000000000001,-45.6,-20.599999999999998,-1.5,16
11215,188227.0,1.1,0.30000000000000004,5.9,-0.30000000000000004,3.7,15.200000000000001,-35.3,-34.0,-10.8,16
11216,188244.0,1.0,-1.0,5.7,-0.30000000000000004,2.3000000000000003,15.0,2.0,-49.4,-27.9,16
11217,188262.0,1.4000000000000001,-0.9,3.3000000000000003,0.2,2.6,12.700000000000001,54.699999999999996,-49.800000000000004,-39.9,16
11218,188278.0,1.7000000000000002,-0.6000000000000001,1.7000000000000002,0.6000000000000001,3.0,11.0,74.5,-39.9,-43.6,16
11219,188294.0,1.4000000000000001,-1.0,-0.30000000000000004,0.2,2.8000000000000003,8.9,82.2,-4.800000000000001,-48.6,16
11220,188311.0,1.6,0.1,-1.5,0.4,4.1000000000000005,7.6000000000000005,67.7,10.4,-50.8,16
11221,188327.0,1.1,0.0,-1.7000000000000002,-0.1,4.1000000000000005,7.4,53.10000000000001,12.100000000000001,-54.1,16
11222,188344.0,0.8,-0.30000000000000004,-0.9,-0.5,3.8000000000000003,8.1,21.200000000000003,4.0,-46.4,16
11223,188365.0,0.9,-1.2000000000000002,0.4,-0.4,3.0,9.4,9.2,-25.4,-43.4,16
11224,188378.0,1.0,-1.5,0.6000000000000001,-0.30000000000000004,2.6,9.600000000000001,10.8,-41.4,-46.4,16
11225,188394.0,1.1,-1.8,0.1,-0.1,2.4000000000000004,9.1,23.099999999999998,-61.8,-55.900000000000006,16
11226,188411.0,1.0,-2.3000000000000003,-0.9,-0.1,1.9000000000000001,8.1,36.2,-65.3,-69.4,16
11227,188428.0,0.7000000000000001,-2.5,-1.3,-0.4,1.8,7.6000000000000005,41.0,-62.800000000000004,-77.1,16
11228,188444.0,-0.6000000000000001,-2.7,-1.7000000000000002,-1.6,1.7000000000000002,7.1000000000000005,48.9,-49.300000000000004,-87.00000000000001,16
11229,188461.0,-1.5,-2.4000000000000004,-2.1,-2.6,2.1,6.7,61.0,-30.9,-79.5,16
11230,188478.0,-1.6,-2.3000000000000003,-2.5,-2.7,2.3000000000000003,6.2,66.80000000000001,-23.5,-70.5,16
11231,188494.0,-1.4000000000000001,-1.9000000000000001,-3.7,-2.5,2.8000000000000003,4.9,65.3,-18.700000000000003,-50.60000000000001,16
11232,188511.0,-1.0,-1.6,-4.3,-2.1,3.3000000000000003,4.2,44.8,-28.0,-34.60000000000001,16
11233,188527.0,-0.7000000000000001,-1.3,-4.2,-1.8,3.6,4.3,30.1,-32.400000000000006,-28.600000000000005,16
11234,188544.0,-0.2,-1.1,-2.7,-1.2000000000000002,3.8000000000000003,5.7,3.0,-33.300000000000004,-20.2,16
11235,188561.0,-0.6000000000000001,-1.0,-1.0,-1.6,3.8000000000000003,7.4,-7.699999999999999,-23.5,-19.5,16
11236,188577.0,-1.0,-0.8,-0.30000000000000004,-2.0,4.0,8.1,-8.100000000000001,-13.8,-18.1,16
11237,188594.0,-1.3,-0.7000000000000001,1.0,-2.3000000000000003,4.2,9.4,-4.1,10.8,-9.700000000000001,16
11238,188611.0,-1.3,-0.9,1.6,-2.4000000000000004,3.9000000000000004,10.100000000000001,6.1000000000000005,24.1,-1.8000000000000003,16
11239,188627.0,-1.1,-1.0,1.6,-2.3000000000000003,3.9000000000000004,10.100000000000001,12.600000000000001,23.2,1.5,16
11240,188644.0,-0.9,-1.1,1.1,-2.1,3.8000000000000003,9.5,22.6,8.600000000000001,4.300000000000001,16
11241,188661.0,-0.9,-1.2000000000000002,0.2,-2.1,3.8000000000000003,8.6,26.799999999999997,-10.299999999999999,4.7,16
11242,188678.0,-1.0,-1.3,-0.4,-2.2,3.7,8.0,27.2,-14.900000000000002,5.7,16
11243,188694.0,-1.1,-1.2000000000000002,-1.2000000000000002,-2.2,3.8000000000000003,7.1000000000000005,23.5,-13.700000000000001,12.100000000000001,16
11244,188711.0,-0.8,-0.9,-1.6,-1.9000000000000001,4.2,6.6000000000000005,15.000000000000002,-4.300000000000001,17.5,16
11245,188728.0,-0.9,-0.8,-1.7000000000000002,-2.0,4.2,6.5,10.5,0.2,17.7,16
11246,188746.0,-1.0,-0.9,-1.8,-2.1,4.2,6.4,0.9000000000000001,6.600000000000001,18.1,16
11247,188764.0,-1.0,-0.7000000000000001,-2.1,-2.1,4.4,6.1000000000000005,-17.1,11.700000000000001,21.1,16
11248,188777.0,-1.2000000000000002,-0.6000000000000001,-2.3000000000000003,-2.5,4.5,6.0,-35.5,17.9,23.2,16
11249,188794.0,-1.9000000000000001,-0.4,-1.6,-3.0,4.4,6.7,-94.3,26.799999999999997,30.799999999999997,16
11250,188811.0,-2.4000000000000004,-0.5,2.3000000000000003,-3.5,3.9000000000000004,10.9,-155.8,20.1,47.1,16
11251,188827.0,-2.0,-0.9,4.9,-2.4000000000000004,2.7,15.9,-167.60000000000002,10.0,54.6,16
11252,188844.0,-0.7000000000000001,-1.4000000000000001,8.4,-1.7000000000000002,2.4000000000000004,17.400000000000002,-141.3,-22.700000000000003,51.0,16
11253,188861.0,0.0,-0.9,8.3,-0.8,2.5,17.5,-69.4,-48.70000000000001,25.8,16
11254,188877.0,-0.5,-0.7000000000000001,5.2,-1.1,2.7,14.5,4.800000000000001,-40.800000000000004,-3.3000000000000007,16
11255,188894.0,-0.7000000000000001,-0.5,3.5,-1.4000000000000001,3.0,12.8,32.0,-26.000000000000004,-14.400000000000002,16
11256,188911.0,-1.4000000000000001,-0.30000000000000004,0.30000000000000004,-2.1,3.4000000000000004,9.5,61.10000000000001,19.9,-27.700000000000003,16
11257,188927.0,-1.7000000000000002,-0.1,-1.0,-2.7,3.8000000000000003,7.2,63.10000000000001,38.400000000000006,-28.600000000000005,16
11258,188944.0,-1.9000000000000001,0.0,-2.4000000000000004,-2.9000000000000004,3.9000000000000004,6.7,49.800000000000004,60.00000000000001,-20.900000000000002,16
11259,188961.0,-1.9000000000000001,-0.2,-3.0,-3.1,3.8000000000000003,5.9,27.700000000000003,62.1,-2.6,16
11260,188977.0,-1.4000000000000001,-0.5,-3.3000000000000003,-2.8000000000000003,3.5,5.6000000000000005,4.7,47.2,19.300000000000004,16
11261,188994.0,-1.0,-0.8,-3.3000000000000003,-2.4000000000000004,3.3000000000000003,5.6000000000000005,-5.8,35.5,29.200000000000003,16
11262,189011.0,-0.1,-1.0,-3.1,-1.5,2.9000000000000004,5.800000000000001,-19.6,8.899999999999999,42.900000000000006,16
11263,189027.0,0.8,-1.1,-2.8000000000000003,-0.5,2.8000000000000003,6.1000000000000005,-22.700000000000003,-12.4,44.00000000000001,16
11264,189044.0,1.0,-1.1,-2.7,-0.30000000000000004,2.7,6.2,-21.1,-16.0,40.1,16
11265,189061.0,1.0,-0.9,-2.8000000000000003,-0.2,2.9000000000000004,6.1000000000000005,-12.8,-7.500000000000001,31.099999999999998,16
11266,189077.0,1.0,-0.5,-2.8000000000000003,-0.2,3.3000000000000003,6.1000000000000005,-4.5,14.600000000000001,24.900000000000002,16
11267,189094.0,1.0,-0.2,-2.8000000000000003,-0.2,3.6,6.0,-1.4,24.8,22.8,16
11268,189111.0,1.2000000000000002,0.2,-3.0,-0.1,4.1000000000000005,5.800000000000001,-0.5,37.300000000000004,20.599999999999998,16
11269,189127.0,1.1,0.9,-2.6,-0.30000000000000004,4.7,6.2,-10.700000000000001,43.4,17.5,16
11270,189144.0,1.1,0.9,-2.6,-0.6000000000000001,5.1000000000000005,6.5,-17.400000000000002,46.50000000000001,16.700000000000003,16
11271,189161.0,0.2,1.7000000000000002,-0.7000000000000001,-1.3,5.4,8.1,-31.0,50.1,21.0,16
11272,189177.0,0.2,2.0,1.2000000000000002,-1.4000000000000001,5.7,10.0,-37.50000000000001,48.0,26.300000000000004,16
11273,189194.0,0.5,2.0,1.8,-1.2000000000000002,5.7,10.700000000000001,-34.60000000000001,44.00000000000001,27.0,16
11274,189211.0,1.0,2.0,2.5,-0.7000000000000001,5.6000000000000005,11.4,-21.300000000000004,21.1,22.5,16
11275,189227.0,1.2000000000000002,2.1,2.4000000000000004,-0.5,5.7,11.3,-2.0,-14.900000000000002,12.200000000000001,16
11276,189244.0,1.0,2.2,1.9000000000000001,-0.6000000000000001,5.800000000000001,10.8,6.600000000000001,-28.0,7.300000000000001,16
11277,189272.0,0.7000000000000001,2.4000000000000004,1.0,-0.8,6.1000000000000005,9.9,10.8,-32.400000000000006,-0.1,16
11278,189278.0,0.5,2.3000000000000003,1.2000000000000002,-1.0,6.0,10.100000000000001,7.699999999999999,-24.5,-1.6,16
11279,189294.0,0.30000000000000004,2.3000000000000003,1.6,-1.1,6.0,10.5,4.9,-15.8,-1.8000000000000003,16
11280,189311.0,0.2,2.3000000000000003,2.1,-1.2000000000000002,6.1000000000000005,11.0,5.7,-7.9,-0.5,16
11281,189327.0,0.30000000000000004,2.3000000000000003,1.9000000000000001,-1.0,6.1000000000000005,10.9,6.500000000000001,-11.8,2.3,16
11282,189344.0,0.30000000000000004,2.3000000000000003,1.9000000000000001,-1.1,6.1000000000000005,10.8,2.9,-15.000000000000002,2.9,16
11283,189361.0,0.0,2.4000000000000004,2.2,-1.3,6.2,11.200000000000001,-12.4,-12.5,5.300000000000001,16
11284,189377.0,-0.30000000000000004,2.3000000000000003,3.7,-1.6,6.1000000000000005,12.8,-29.600000000000005,-2.3,12.7,16
11285,189394.0,-0.2,1.9000000000000001,4.4,-1.5,5.6000000000000005,13.5,-31.7,-0.30000000000000004,17.7,16
11286,189411.0,0.6000000000000001,0.9,5.1000000000000005,-0.6000000000000001,4.5,14.3,-20.2,-11.3,21.900000000000002,16
11287,189427.0,1.4000000000000001,0.1,4.1000000000000005,0.30000000000000004,3.8000000000000003,13.3,10.299999999999999,-30.799999999999997,15.000000000000002,16
11288,189444.0,1.6,-0.2,2.9000000000000004,0.7000000000000001,3.6,12.100000000000001,27.700000000000003,-36.8,9.2,16
11289,189461.0,1.9000000000000001,-0.30000000000000004,0.6000000000000001,1.1,3.6,9.8,47.60000000000001,-34.1,-4.0,16
11290,189477.0,1.9000000000000001,-0.30000000000000004,-0.9,1.2000000000000002,3.7,8.200000000000001,45.6,-19.5,-14.900000000000002,16
11291,189494.0,1.8,-0.30000000000000004,-1.2000000000000002,0.9,3.7,8.0,37.50000000000001,-10.8,-19.300000000000004,16
11292,189511.0,1.5,-0.5,-0.5,0.7000000000000001,3.6,8.6,17.9,0.6000000000000001,-25.7,16
11293,189528.0,1.2000000000000002,-0.7000000000000001,0.2,0.2,3.2,9.8,11.000000000000002,-3.3000000000000007,-29.400000000000002,16
11294,189547.0,0.7000000000000001,-1.4000000000000001,1.3,-0.1,2.8000000000000003,10.3,19.9,-17.9,-32.6,16
11295,189561.0,0.5,-1.7000000000000002,1.3,-0.2,2.5,10.3,27.400000000000002,-24.900000000000002,-34.400000000000006,16
11296,189578.0,0.4,-2.0,1.0,-0.4,2.3000000000000003,10.0,35.9,-30.000000000000004,-36.8,16
11297,189594.0,0.30000000000000004,-2.3000000000000003,-0.1,-0.4,2.0,8.1,52.300000000000004,-37.400000000000006,-42.60000000000001,16
11298,189611.0,0.2,-2.6,-1.5,-0.5,1.9000000000000001,7.4,64.9,-40.800000000000004,-50.1,16
11299,189627.0,0.0,-2.8000000000000003,-2.7,-0.6000000000000001,2.0,6.0,73.2,-37.9,-56.300000000000004,16
11300,189644.0,-0.2,-2.6,-3.9000000000000004,-0.9,2.3000000000000003,4.6000000000000005,72.4,-32.300000000000004,-59.300000000000004,16
11301,189661.0,-0.30000000000000004,-2.5,-4.4,-1.0,2.5,4.1000000000000005,67.3,-29.500000000000004,-59.1,16
11302,189677.0,-0.6000000000000001,-2.0,-4.7,-1.3,3.1,3.6,50.2,-22.6,-53.9,16
11303,189694.0,-0.7000000000000001,-1.4000000000000001,-4.3,-1.4000000000000001,3.8000000000000003,4.0,26.200000000000003,-9.2,-42.7,16
11304,189711.0,-0.7000000000000001,-1.1,-3.8000000000000003,-1.4000000000000001,4.1000000000000005,4.5,14.0,-0.9000000000000001,-36.0,16
11305,189727.0,-0.7000000000000001,-0.9,-2.4000000000000004,-1.6,4.2,5.800000000000001,-5.7,14.100000000000001,-23.400000000000002,16
11306,189744.0,-0.8,-0.8,-1.0,-1.7000000000000002,4.3,7.300000000000001,-16.6,22.9,-13.8,16
11307,189761.0,-0.7000000000000001,-0.8,-0.30000000000000004,-1.6,4.3,7.9,-18.4,21.8,-10.5,16
11308,189777.0,-0.7000000000000001,-0.8,0.7000000000000001,-1.7000000000000002,4.2,9.0,-14.0,14.400000000000002,-7.6,16
11309,189795.0,-1.1,-0.5,1.2000000000000002,-2.2,4.5,9.5,-1.7,9.600000000000001,-4.6,16
11310,189811.0,-1.2000000000000002,-0.4,1.0,-2.3000000000000003,4.6000000000000005,9.3,5.8,7.500000000000001,-1.1,16
11311,189827.0,-1.3,-0.4,0.30000000000000004,-2.4000000000000004,4.6000000000000005,8.6,12.5,8.4,7.300000000000001,16
11312,189847.0,-1.2000000000000002,-0.7000000000000001,0.0,-2.3000000000000003,4.4,8.200000000000001,7.1000000000000005,14.0,13.000000000000002,16
11313,189861.0,-1.1,-0.7000000000000001,-0.1,-2.2,4.4,8.1,2.7,15.8,15.5,16
11314,189878.0,-1.0,-0.4,-0.1,-2.2,4.7,8.1,-7.6,21.300000000000004,17.5,16
11315,189895.0,-0.9,-0.4,0.1,-2.1,4.7,8.3,-18.0,23.400000000000002,18.3,16
11316,189914.0,-0.7000000000000001,-0.2,0.0,-2.0,4.800000000000001,8.3,-29.400000000000002,18.6,17.9,16
11317,189927.0,-0.6000000000000001,-0.2,-0.1,-1.9000000000000001,4.7,8.200000000000001,-37.400000000000006,17.300000000000004,17.400000000000002,16
11318,189944.0,-0.9,-0.4,-0.5,-2.2,4.4,7.9,-65.2,24.0,15.8,16
11319,189961.0,-1.2000000000000002,-0.6000000000000001,-0.1,-2.5,4.1000000000000005,8.3,-90.1,32.6,15.100000000000001,16
11320,189977.0,-1.9000000000000001,-0.8,3.0,-3.4000000000000004,3.5,11.600000000000001,-142.7,41.800000000000004,17.0,16
11321,189995.0,-1.6,-1.2000000000000002,6.800000000000001,-3.2,2.6,15.700000000000001,-142.50000000000003,24.0,18.8,16
11322,190011.0,-1.2000000000000002,-1.3,7.6000000000000005,-2.8000000000000003,2.3000000000000003,16.6,-117.5,10.0,14.5,16
11323,190027.0,-0.8,-0.9,6.2,-2.3000000000000003,2.5,15.4,-41.300000000000004,-16.6,-2.4000000000000004,16
11324,190044.0,-0.9,-0.7000000000000001,2.7,-2.4000000000000004,2.7,11.9,20.400000000000002,-13.3,-19.0,16
11325,190061.0,-1.0,-0.7000000000000001,1.1,-2.6,2.7,10.200000000000001,37.800000000000004,1.2000000000000002,-24.7,16
11326,190077.0,-1.3,-0.6000000000000001,-1.6,-3.0,3.0,7.5,48.800000000000004,39.599999999999994,-27.700000000000003,16
11327,190095.0,-1.4000000000000001,-0.2,-3.0,-3.3000000000000003,3.5,6.0,33.1,64.7,-16.900000000000002,16
11328,190111.0,-1.3,-0.2,-3.3000000000000003,-3.3000000000000003,3.5,5.6000000000000005,21.0,70.10000000000001,-7.0,16
11329,190128.0,-0.6000000000000001,-0.6000000000000001,-3.3000000000000003,-2.8000000000000003,3.2,5.5,-3.9,60.6,14.900000000000002,16
11330,190144.0,0.30000000000000004,-0.9,-3.1,-1.9000000000000001,2.8000000000000003,5.7,-22.700000000000003,26.000000000000004,30.799999999999997,16
11331,190162.0,0.7000000000000001,-1.0,-3.0,-1.5,2.7,5.800000000000001,-28.500000000000004,5.0,35.5,16
11332,190181.0,1.2000000000000002,-0.9,-3.0,-0.9,2.7,5.9,-33.0,-33.0,39.0,16
11333,190194.0,1.5,-0.7000000000000001,-3.0,-0.4,2.9000000000000004,5.9,-30.200000000000003,-50.900000000000006,40.1,16
11334,190211.0,1.6,-0.2,-3.2,-0.1,3.2,5.7,-27.3,-47.3,40.2,16
11335,190227.0,1.7000000000000002,-0.1,-3.6,0.0,3.4000000000000004,5.4,-19.400000000000002,-33.2,39.699999999999996,16
11336,190244.0,2.0,0.30000000000000004,-3.6,0.5,3.7,5.300000000000001,-22.5,-22.5,38.800000000000004,16
11337,190261.0,2.0,0.7000000000000001,-3.3000000000000003,0.5,4.5,6.1000000000000005,-26.200000000000003,-16.5,37.7,16
11338,190278.0,2.0,1.6,-2.4000000000000004,0.7000000000000001,4.9,6.5,-33.2,-3.5,35.699999999999996,16
11339,190294.0,1.2000000000000002,1.7000000000000002,-1.6,-0.1,4.9,7.300000000000001,-44.5,7.200000000000001,33.9,16
11340,190311.0,0.2,1.9000000000000001,-0.5,-1.1,4.9,8.6,-51.4,8.5,35.1,16
11341,190327.0,-0.2,1.9000000000000001,0.30000000000000004,-1.5,4.9,9.4,-65.4,3.4,40.2,16
11342,190344.0,-0.4,2.0,2.5,-1.7000000000000002,4.800000000000001,11.600000000000001,-74.7,-3.9,50.900000000000006,16
11343,190361.0,0.30000000000000004,1.8,4.4,-0.9,4.4,13.600000000000001,-57.800000000000004,-11.900000000000002,55.400000000000006,16
11344,190378.0,0.8,1.8,4.7,-0.30000000000000004,4.3,14.0,-39.50000000000001,-17.5,52.300000000000004,16
11345,190394.0,1.2000000000000002,1.6,4.1000000000000005,0.2,4.2,13.4,-2.0,-28.700000000000003,35.2,16
11346,190411.0,1.1,1.7000000000000002,3.4000000000000004,0.2,4.3,12.8,20.8,-22.1,11.900000000000002,16
11347,190428.0,0.7000000000000001,1.7000000000000002,3.3000000000000003,-0.2,4.4,12.700000000000001,28.700000000000003,-9.100000000000001,0.8,16
11348,190444.0,-0.30000000000000004,1.6,3.4000000000000004,-1.2000000000000002,4.4,12.8,44.5,20.2,-15.000000000000002,16
11349,190461.0,-0.6000000000000001,1.6,3.2,-1.8,4.800000000000001,12.100000000000001,53.8,30.699999999999996,-19.9,16
11350,190479.0,-0.9,1.9000000000000001,2.3000000000000003,-2.0,5.1000000000000005,11.600000000000001,67.8,46.9,-20.3,16
11351,190495.0,-1.0,2.0,1.6,-2.3000000000000003,5.300000000000001,10.8,60.5,56.400000000000006,-13.3,16
11352,190511.0,-1.3,2.1,1.1,-2.8000000000000003,5.6000000000000005,10.3,28.800000000000004,50.60000000000001,-2.1,16
11353,190527.0,-1.2000000000000002,2.0,1.6,-2.8000000000000003,5.6000000000000005,10.8,4.7,42.1,6.0,16
11354,190544.0,-0.4,1.1,3.7,-2.0,4.6000000000000005,12.9,-34.0,13.3,20.2,16
11355,190561.0,1.3,-0.1,5.5,-0.30000000000000004,3.3000000000000003,14.700000000000001,-34.1,-26.799999999999997,20.3,16
11356,190577.0,1.9000000000000001,-0.6000000000000001,5.6000000000000005,0.4,2.7,14.9,-18.5,-43.6,12.8,16
11357,190594.0,2.4000000000000004,-1.0,4.0,1.1,2.3000000000000003,13.4,29.600000000000005,-57.800000000000004,-11.3,16
11358,190611.0,2.0,-0.8,1.5,0.9,2.7,10.8,65.2,-32.0,-31.9,16
11359,190627.0,1.8,-0.6000000000000001,0.5,0.7000000000000001,3.1,9.8,71.7,-10.0,-37.0,16
11360,190644.0,1.7000000000000002,-0.30000000000000004,-0.2,0.4,3.6,9.0,70.3,31.3,-40.9,16
11361,190661.0,1.6,-0.30000000000000004,0.2,0.1,3.8000000000000003,9.3,58.2,50.8,-42.60000000000001,16
11362,190677.0,1.4000000000000001,-0.30000000000000004,0.30000000000000004,-0.2,3.8000000000000003,9.4,53.599999999999994,50.0,-42.2,16
11363,190694.0,1.1,-0.9,0.5,-0.7000000000000001,3.3000000000000003,9.4,48.70000000000001,28.400000000000002,-40.7,16
11364,190711.0,0.8,-1.6,0.4,-1.0,2.7,9.3,49.300000000000004,3.3000000000000007,-42.2,16
11365,190729.0,0.4,-2.1,0.0,-1.5,2.3000000000000003,8.8,57.800000000000004,-18.0,-46.50000000000001,16
11366,190747.0,0.2,-2.3000000000000003,-0.4,-1.6,2.2,8.3,62.50000000000001,-26.400000000000006,-47.5,16
11367,190763.0,0.4,-2.5,-1.2000000000000002,-1.4000000000000001,2.2,7.5,72.2,-37.6,-48.2,16
11368,190778.0,0.5,-2.6,-1.6,-1.3,2.2,7.0,77.4,-40.300000000000004,-49.50000000000001,16
11369,190794.0,0.4,-2.8000000000000003,-2.3000000000000003,-1.3,2.2,6.2,84.6,-38.2,-51.9,16
11370,190811.0,0.1,-2.9000000000000004,-2.8000000000000003,-1.6,2.3000000000000003,5.5,85.60000000000001,-29.800000000000004,-52.2,16
11371,190828.0,0.0,-2.8000000000000003,-3.0,-1.8,2.5,5.2,84.0,-25.8,-50.3,16
11372,190844.0,-0.30000000000000004,-2.4000000000000004,-3.1,-2.1,3.1,5.0,76.1,-17.9,-40.800000000000004,16
11373,190861.0,-0.30000000000000004,-2.1,-3.1,-2.1,3.5,4.800000000000001,62.300000000000004,-13.6,-25.1,16
11374,190878.0,-0.2,-1.8,-2.8000000000000003,-2.0,3.9000000000000004,5.0,45.3,-9.700000000000001,-10.1,16
11375,190894.0,-0.2,-1.7000000000000002,-2.6,-1.9000000000000001,4.0,5.2,36.7,-7.500000000000001,-3.9,16
11376,190911.0,-0.30000000000000004,-1.5,-2.1,-2.1,4.3,5.6000000000000005,21.1,-1.2000000000000002,5.1000000000000005,16
11377,190928.0,-0.6000000000000001,-1.4000000000000001,-1.9000000000000001,-2.3000000000000003,4.4,5.800000000000001,14.200000000000001,0.0,9.5,16
11378,190944.0,-1.0,-1.4000000000000001,-1.4000000000000001,-2.8000000000000003,4.4,6.300000000000001,-0.2,-3.0,21.1,16
11379,190961.0,-1.1,-1.4000000000000001,-1.2000000000000002,-2.7,4.4,6.5,-10.0,-11.5,34.900000000000006,16
11380,190978.0,-1.0,-1.2000000000000002,-1.2000000000000002,-2.3000000000000003,4.800000000000001,6.5,-13.700000000000001,-19.400000000000002,41.0,16
11381,190994.0,-0.6000000000000001,-1.0,-1.1,-2.0,4.800000000000001,6.6000000000000005,-23.400000000000002,-33.50000000000001,50.7,16
11382,191011.0,-0.6000000000000001,-0.4,-0.7000000000000001,-1.8,5.300000000000001,7.1000000000000005,-38.0,-28.700000000000003,53.7,16
11383,191027.0,-0.7000000000000001,-0.2,-0.2,-1.9000000000000001,5.4,7.6000000000000005,-45.400000000000006,-21.400000000000002,54.300000000000004,16
11384,191046.0,-1.0,0.0,1.3,-2.0,5.5,9.200000000000001,-52.1,-1.2000000000000002,53.10000000000001,16
11385,191061.0,-0.9,-0.2,2.1,-1.9000000000000001,5.2,10.200000000000001,-38.1,9.600000000000001,46.6,16
11386,191078.0,-0.9,-0.4,2.0,-1.9000000000000001,5.0,10.100000000000001,-26.000000000000004,10.200000000000001,41.900000000000006,16
11387,191094.0,-0.7000000000000001,-0.6000000000000001,0.9,-1.6,4.800000000000001,9.0,-10.8,9.0,32.9,16
11388,191111.0,-0.2,-0.4,0.0,-1.1,4.9,8.1,-18.6,-4.7,18.700000000000003,16
11389,191128.0,-0.6000000000000001,0.30000000000000004,-0.30000000000000004,-1.4000000000000001,5.5,7.9,-49.199999999999996,-13.8,2.4000000000000004,16
11390,191144.0,-0.8,0.7000000000000001,0.0,-1.6,5.800000000000001,8.3,-68.60000000000001,-10.200000000000001,-0.1,16
11391,191161.0,-1.2000000000000002,1.0,1.6,-2.1,5.800000000000001,10.100000000000001,-102.3,18.5,1.9,16
11392,191177.0,-1.9000000000000001,-0.30000000000000004,4.1000000000000005,-3.0,4.2,12.700000000000001,-108.50000000000001,56.9,5.0,16
11393,191194.0,-1.9000000000000001,-0.5,4.800000000000001,-3.1,3.9000000000000004,13.5,-93.8,66.80000000000001,3.6000000000000005,16
11394,191212.0,-1.7000000000000002,-0.6000000000000001,4.4,-3.1,3.6,13.200000000000001,-42.60000000000001,62.7,-3.6000000000000005,16
11395,191227.0,-1.4000000000000001,-0.30000000000000004,2.6,-3.0,3.9000000000000004,11.5,-18.3,56.50000000000001,-7.9,16
11396,191244.0,-1.4000000000000001,-0.1,1.6,-3.1,4.0,10.4,16.1,44.10000000000001,-12.200000000000001,16
11397,191263.0,-1.4000000000000001,0.0,-0.4,-3.2,4.2,8.3,29.0,23.800000000000004,-8.0,16
11398,191278.0,-1.1,-0.1,-1.9000000000000001,-2.9000000000000004,4.2,6.800000000000001,24.400000000000002,2.2,2.5,16
11399,191294.0,-1.0,-0.2,-2.5,-2.8000000000000003,4.1000000000000005,6.2,18.3,-6.500000000000001,8.700000000000001,16
11400,191311.0,-0.6000000000000001,-0.4,-3.2,-2.3000000000000003,3.9000000000000004,5.4,1.3,-14.700000000000001,23.0,16
11401,191327.0,0.1,-0.7000000000000001,-3.5,-1.5,3.7,5.2,-16.0,-13.5,34.60000000000001,16
11402,191344.0,0.5,-0.8,-3.3000000000000003,-1.1,3.5,5.4,-22.9,-10.700000000000001,37.6,16
11403,191361.0,0.8,-1.0,-2.5,-0.6000000000000001,3.3000000000000003,6.2,-29.1,-1.4,35.3,16
11404,191377.0,0.7000000000000001,-0.8,-1.8,-0.7000000000000001,3.4000000000000004,6.9,-21.6,6.699999999999999,29.300000000000004,16
11405,191394.0,0.6000000000000001,-0.6000000000000001,-1.8,-0.8,3.5,6.9,-13.399999999999999,8.5,27.5,16
11406,191411.0,0.6000000000000001,-0.1,-2.3000000000000003,-0.8,4.1000000000000005,6.4,-0.30000000000000004,9.700000000000001,29.700000000000006,16
11407,191427.0,0.6000000000000001,0.7000000000000001,-3.0,-0.7000000000000001,4.800000000000001,5.7,-0.7,5.8,35.8,16
11408,191445.0,0.6000000000000001,1.0,-3.2,-0.7000000000000001,5.2,5.5,-6.0,4.0,40.1,16
11409,191461.0,1.0,1.6,-3.3000000000000003,-0.30000000000000004,5.800000000000001,5.300000000000001,-22.5,0.30000000000000004,49.800000000000004,16
11410,191478.0,1.4000000000000001,2.0,-2.6,0.2,6.1000000000000005,6.1000000000000005,-42.400000000000006,-1.6,56.300000000000004,16
11411,191494.0,1.5,2.1,-2.1,0.4,6.1000000000000005,6.6000000000000005,-51.2,-1.9,57.1,16
11412,191511.0,1.5,2.0,-0.8,0.5,5.9,8.0,-66.3,-0.9000000000000001,53.7,16
11413,191527.0,1.4000000000000001,1.7000000000000002,1.5,0.4,5.4,10.3,-68.9,-1.1,43.00000000000001,16
11414,191551.0,1.3,1.5,2.9000000000000004,0.30000000000000004,5.0,11.9,-46.800000000000004,-1.3,30.4,16
11415,191561.0,1.4000000000000001,1.6,3.0,0.5,5.1000000000000005,12.0,-29.300000000000004,-0.4,23.6,16
11416,191577.0,1.5,1.9000000000000001,2.2,0.6000000000000001,5.4,11.3,5.300000000000001,1.0,8.0,16
11417,191594.0,1.4000000000000001,1.9000000000000001,1.6,0.5,5.5,10.600000000000001,17.1,2.2,0.4,16
11418,191611.0,1.2000000000000002,2.0,0.8,0.4,5.7,9.8,26.5,7.200000000000001,-12.299999999999999,16
11419,191627.0,1.0,1.7000000000000002,0.9,0.0,5.5,9.8,26.1,22.000000000000004,-23.099999999999998,16
11420,191646.0,0.4,1.4000000000000001,1.2000000000000002,-0.7000000000000001,5.2,10.100000000000001,25.200000000000003,37.400000000000006,-30.4,16
11421,191661.0,0.30000000000000004,1.4000000000000001,1.2000000000000002,-0.9,5.300000000000001,10.100000000000001,26.300000000000004,39.50000000000001,-31.5,16
11422,191677.0,0.2,1.5,1.0,-1.2000000000000002,5.5,9.8,25.200000000000003,31.799999999999997,-27.800000000000004,16
11423,191694.0,0.30000000000000004,1.6,0.9,-1.1,5.6000000000000005,9.700000000000001,19.0,22.4,-24.599999999999998,16
11424,191711.0,0.30000000000000004,1.9000000000000001,1.8,-1.2000000000000002,5.9,10.700000000000001,-11.3,7.200000000000001,-19.300000000000004,16
11425,191727.0,0.1,1.8,4.3,-1.4000000000000001,5.7,13.200000000000001,-41.4,4.7,-11.2,16
11426,191745.0,0.2,1.4000000000000001,5.5,-0.9,4.6000000000000005,15.200000000000001,-43.50000000000001,3.4,-5.7,16
11427,191761.0,1.0,0.2,6.4,-0.5,3.9000000000000004,15.5,-21.8,-6.699999999999999,-0.30000000000000004,16
11428,191777.0,1.9000000000000001,-0.7000000000000001,5.1000000000000005,0.5,3.0,14.200000000000001,17.7,-24.900000000000002,-9.4,16
11429,191794.0,2.2,-0.8,3.7,0.9,3.0,12.9,37.0,-35.699999999999996,-19.799999999999997,16
11430,191811.0,2.3000000000000003,-0.5,1.1,1.0,3.4000000000000004,10.200000000000001,58.0,-44.2,-40.300000000000004,16
11431,191827.0,1.7000000000000002,-0.1,-0.7000000000000001,0.6000000000000001,4.0,8.3,59.20000000000001,-34.7,-50.60000000000001,16
11432,191844.0,1.2000000000000002,0.0,-1.4000000000000001,0.0,4.3,7.6000000000000005,47.5,-19.0,-52.00000000000001,16
11433,191861.0,1.0,0.0,-1.3,-0.2,4.3,7.6000000000000005,39.1,-12.5,-50.1,16
11434,191878.0,0.7000000000000001,-0.2,-0.5,-0.5,4.2,8.4,23.700000000000003,-5.4,-45.3,16
11435,191894.0,0.5,-0.8,0.5,-0.8,3.6,9.4,19.0,-7.0,-43.300000000000004,16
11436,191911.0,0.4,-1.2000000000000002,0.8,-0.8,3.2,9.700000000000001,20.5,-17.799999999999997,-44.6,16
11437,191927.0,0.2,-1.7000000000000002,1.0,-1.1,2.8000000000000003,9.8,30.000000000000004,-42.900000000000006,-52.2,16
11438,191944.0,-0.2,-2.0,0.30000000000000004,-1.4000000000000001,2.6,9.1,51.1,-56.2,-58.5,16
11439,191962.0,-0.2,-2.0,-0.5,-1.3,2.6,8.3,62.4,-58.2,-58.5,16
11440,191978.0,-0.2,-2.1,-2.2,-1.2000000000000002,2.8000000000000003,6.5,73.2,-54.9,-59.00000000000001,16
11441,191994.0,-0.30000000000000004,-1.9000000000000001,-3.1,-1.3,3.1,5.4,65.3,-48.10000000000001,-61.39999999999999,16
11442,192011.0,-0.6000000000000001,-1.7000000000000002,-3.3000000000000003,-1.5,3.3000000000000003,5.1000000000000005,57.49999999999999,-45.400000000000006,-61.300000000000004,16
11443,192027.0,-0.9,-1.3,-3.1,-1.9000000000000001,3.9000000000000004,5.300000000000001,42.3,-42.900000000000006,-55.900000000000006,16
11444,192044.0,-1.2000000000000002,-1.0,-2.4000000000000004,-2.1,4.3,5.800000000000001,31.0,-36.1,-43.70000000000001,16
11445,192061.0,-1.2000000000000002,-0.9,-2.1,-2.1,4.4,6.2,27.400000000000002,-31.5,-36.0,16
11446,192077.0,0.0,-1.1,-1.3,-0.9,4.2,6.9,23.5,-25.4,-26.1,16
11447,192094.0,-0.5,-0.7000000000000001,-1.4000000000000001,-1.4000000000000001,4.7,6.800000000000001,16.5,-34.1,-22.6,16
11448,192111.0,-0.9,-0.4,-0.9,-1.7000000000000002,4.9,7.2,9.600000000000001,-36.7,-23.0,16
11449,192127.0,-1.6,-1.0,-0.30000000000000004,-2.5,4.4,7.800000000000001,3.8,-28.800000000000004,-11.8,16
11450,192144.0,-1.2000000000000002,-0.7000000000000001,0.0,-2.0,4.7,8.1,7.699999999999999,-23.5,5.500000000000001,16
11451,192161.0,-1.0,-0.7000000000000001,-0.2,-1.7000000000000002,4.6000000000000005,7.9,8.899999999999999,-19.9,9.8,16
11452,192178.0,-1.1,-0.9,-0.5,-1.8,4.5,7.6000000000000005,7.500000000000001,-11.3,14.100000000000001,16
11453,192194.0,-0.9,-0.8,0.30000000000000004,-1.6,4.6000000000000005,8.4,7.1000000000000005,1.2000000000000002,16.8,16
11454,192211.0,-0.9,-0.9,0.1,-1.6,4.5,8.200000000000001,9.5,9.700000000000001,16.6,16
11455,192228.0,-1.0,-0.9,-0.1,-1.7000000000000002,4.6000000000000005,8.0,6.4,27.0,17.0,16
11456,192244.0,-1.2000000000000002,-0.6000000000000001,0.2,-2.0,4.800000000000001,8.3,-7.500000000000001,36.8,13.900000000000002,16
11457,192263.0,-1.7000000000000002,-0.6000000000000001,0.8,-2.6,4.800000000000001,8.9,-15.000000000000002,40.1,13.900000000000002,16
11458,192278.0,-1.9000000000000001,-0.6000000000000001,1.1,-2.8000000000000003,4.7,9.200000000000001,-24.0,45.0,18.5,16
11459,192294.0,-1.6,-0.8,0.7000000000000001,-2.6,4.4,8.9,-28.1,46.9,25.1,16
11460,192311.0,-1.6,-1.0,0.30000000000000004,-2.6,4.3,8.5,-36.7,43.2,27.099999999999998,16
11461,192327.0,-1.8,-1.1,0.6000000000000001,-2.9000000000000004,3.9000000000000004,8.9,-76.3,32.1,29.500000000000004,16
11462,192344.0,-2.2,-1.7000000000000002,3.0,-3.4000000000000004,3.0,11.5,-115.60000000000001,20.2,32.9,16
11463,192361.0,-2.1,-1.9000000000000001,4.2,-3.2,2.7,12.8,-116.9,11.3,33.0,16
11464,192377.0,-1.6,-2.2,4.800000000000001,-2.8000000000000003,2.1,13.5,-79.3,1.8000000000000003,24.0,16
11465,192394.0,-1.1,-1.8,2.4000000000000004,-2.2,2.3000000000000003,11.3,-20.400000000000002,6.9,12.5,16
11466,192411.0,-1.0,-1.6,0.7000000000000001,-2.1,2.6,9.600000000000001,0.30000000000000004,14.200000000000001,8.100000000000001,16
11467,192427.0,-1.0,-1.2000000000000002,-2.0,-2.2,3.0,6.800000000000001,6.4,34.400000000000006,6.8,16
11468,192444.0,-0.8,-0.9,-3.4000000000000004,-2.2,3.2,5.4,-17.200000000000003,41.7,15.100000000000001,16
11469,192461.0,-0.6000000000000001,-0.9,-3.3000000000000003,-2.0,3.1,5.5,-52.400000000000006,36.8,30.200000000000003,16
11470,192480.0,-0.30000000000000004,-1.0,-2.8000000000000003,-1.8,2.9000000000000004,6.0,-67.5,30.9,37.9,16
11471,192494.0,0.4,-1.0,-1.6,-1.1,2.7,7.300000000000001,-81.0,17.1,46.300000000000004,16
11472,192512.0,0.7000000000000001,-1.0,-1.0,-0.6000000000000001,2.5,8.3,-79.3,11.5,46.6,16
11473,192528.0,0.8,-0.9,-0.5,-0.6000000000000001,2.5,8.5,-58.1,5.0,40.800000000000004,16
11474,192544.0,0.7000000000000001,-0.7000000000000001,-0.6000000000000001,-0.7000000000000001,2.9000000000000004,8.0,-27.0,10.4,34.1,16
11475,192561.0,0.8,-0.2,-1.6,-0.6000000000000001,3.1,7.4,-14.700000000000001,17.400000000000002,32.6,16
11476,192577.0,0.9,0.30000000000000004,-2.5,-0.5,3.5,6.5,-2.5,31.0,31.799999999999997,16
11477,192594.0,1.3,0.8,-2.6,-0.2,4.1000000000000005,6.4,-2.6,42.400000000000006,31.799999999999997,16
11478,192611.0,1.4000000000000001,1.4000000000000001,-2.4000000000000004,-0.30000000000000004,4.6000000000000005,6.5,-7.400000000000001,45.400000000000006,31.0,16
11479,192627.0,1.2000000000000002,1.7000000000000002,-2.3000000000000003,-0.5,5.0,6.6000000000000005,-12.5,43.70000000000001,31.799999999999997,16
11480,192644.0,0.9,2.3000000000000003,-1.6,-0.8,5.6000000000000005,7.4,-28.400000000000002,36.2,38.800000000000004,16
11481,192661.0,0.9,2.4000000000000004,0.2,-0.8,5.6000000000000005,9.1,-47.3,26.200000000000003,47.3,16
11482,192678.0,0.8,2.3000000000000003,1.1,-1.0,5.4,10.100000000000001,-53.599999999999994,20.3,49.50000000000001,16
11483,192694.0,0.8,2.2,2.8000000000000003,-1.0,5.1000000000000005,11.9,-54.800000000000004,7.8,50.7,16
11484,192711.0,1.1,1.8,4.4,-0.6000000000000001,4.7,13.5,-38.7,-6.699999999999999,45.3,16
11485,192728.0,1.3,1.7000000000000002,4.800000000000001,-0.30000000000000004,4.6000000000000005,13.9,-22.6,-13.100000000000001,38.1,16
11486,192744.0,1.6,1.8,4.0,0.1,4.7,13.100000000000001,16.3,-19.799999999999997,18.3,16
11487,192761.0,1.6,2.0,2.5,0.2,5.0,11.700000000000001,39.9,-21.500000000000004,-0.5,16
11488,192777.0,1.6,2.0,2.2,0.1,5.1000000000000005,11.4,44.00000000000001,-21.900000000000002,-9.100000000000001,16
11489,192794.0,0.9,2.0,2.0,-0.4,5.2,11.200000000000001,42.1,-16.8,-26.000000000000004,16
11490,192811.0,0.0,1.8,2.4000000000000004,-1.3,5.2,11.600000000000001,39.0,-13.900000000000002,-36.6,16
11491,192827.0,-0.2,1.8,2.5,-1.6,5.2,11.600000000000001,41.199999999999996,-19.0,-38.7,16
11492,192844.0,-0.30000000000000004,2.2,2.0,-1.6,5.800000000000001,11.100000000000001,45.0,-28.800000000000004,-33.9,16
11493,192861.0,-0.30000000000000004,2.3000000000000003,1.7000000000000002,-1.5,6.1000000000000005,10.4,37.1,-30.1,-20.8,16
11494,192878.0,-0.1,2.2,1.1,-1.3,6.0,10.200000000000001,26.300000000000004,-28.500000000000004,-13.700000000000001,16
11495,192894.0,0.2,2.2,1.2000000000000002,-0.7000000000000001,5.7,11.0,-4.1,-22.4,-3.0,16
11496,192911.0,1.1,0.8,3.4000000000000004,0.1,4.6000000000000005,12.600000000000001,-15.2,-23.3,2.3,16
11497,192927.0,1.7000000000000002,0.2,3.7,0.7000000000000001,4.0,12.9,-8.700000000000001,-29.500000000000004,0.6000000000000001,16
11498,192944.0,2.4000000000000004,-0.6000000000000001,3.1,1.6,3.2,12.3,19.5,-45.9,-14.5,16
11499,192961.0,2.4000000000000004,-0.7000000000000001,0.7000000000000001,1.7000000000000002,3.3000000000000003,9.9,47.400000000000006,-50.0,-33.6,16
11500,192977.0,2.2,-0.5,-0.5,1.5,3.4000000000000004,8.700000000000001,52.300000000000004,-44.5,-40.0,16
11501,192996.0,1.7000000000000002,-0.4,-1.6,1.1,3.7,7.5,46.50000000000001,-25.6,-44.2,16
11502,193011.0,1.4000000000000001,-0.4,-1.8,0.7000000000000001,3.8000000000000003,7.2,33.9,-7.300000000000001,-41.900000000000006,16
11503,193028.0,1.3,-0.5,-1.7000000000000002,0.8,3.8000000000000003,7.6000000000000005,27.3,-1.2000000000000002,-38.7,16
11504,193044.0,1.6,-0.7000000000000001,-0.9,0.9,3.6,8.0,15.100000000000001,0.5,-33.7,16
11505,193061.0,1.6,-1.2000000000000002,-0.30000000000000004,0.9,3.1,8.6,12.5,-7.8,-35.599999999999994,16
11506,193078.0,1.4000000000000001,-1.6,-0.2,0.7000000000000001,2.8000000000000003,8.700000000000001,14.600000000000001,-13.5,-38.900000000000006,16
11507,193095.0,1.0,-1.9000000000000001,-0.30000000000000004,0.2,2.5,8.6,22.2,-23.0,-47.7,16
11508,193111.0,0.4,-2.0,-0.7000000000000001,-0.30000000000000004,2.4000000000000004,8.1,33.1,-24.400000000000002,-55.8,16
11509,193127.0,0.1,-2.0,-1.0,-1.0,2.6,7.5,38.300000000000004,-20.400000000000002,-58.5,16
11510,193144.0,-0.5,-1.8,-1.6,-1.3,2.7,7.1000000000000005,45.3,-11.1,-58.400000000000006,16
11511,193161.0,-0.6000000000000001,-1.6,-2.2,-1.5,3.1,6.5,47.2,-7.6,-50.900000000000006,16
11512,193178.0,-0.4,-1.4000000000000001,-2.3000000000000003,-1.3,3.4000000000000004,6.2,45.0,-7.1000000000000005,-46.0,16
11513,193194.0,-0.30000000000000004,-1.4000000000000001,-2.4000000000000004,-1.3,3.4000000000000004,6.1000000000000005,38.900000000000006,-12.100000000000001,-38.7,16
11514,193211.0,-0.30000000000000004,-1.3,-2.3000000000000003,-1.3,3.8000000000000003,6.2,25.900000000000002,-19.9,-33.2,16
11515,193227.0,-0.4,-0.7000000000000001,-1.2000000000000002,-1.4000000000000001,4.2,7.2,16.4,-22.1,-29.800000000000004,16
11516,193244.0,-0.4,-0.8,-0.5,-1.4000000000000001,4.1000000000000005,7.9,1.4,-18.900000000000002,-20.400000000000002,16
11517,193261.0,-0.7000000000000001,-1.2000000000000002,0.7000000000000001,-1.6,3.7,9.1,1.9,-16.3,-14.0,16
11518,193277.0,-0.7000000000000001,-1.3,1.0,-1.5,3.6,9.4,7.300000000000001,-16.6,-11.900000000000002,16
11519,193295.0,-0.6000000000000001,-1.3,0.6000000000000001,-1.5,3.6,9.0,24.900000000000002,-16.3,-9.2,16
11520,193311.0,-0.6000000000000001,-1.3,-0.7000000000000001,-1.5,3.8000000000000003,7.7,35.4,-15.700000000000001,-5.7,16
11521,193327.0,-0.6000000000000001,-1.2000000000000002,-1.1,-1.5,3.9000000000000004,6.9,34.50000000000001,-14.700000000000001,-3.8,16
11522,193344.0,-0.8,-1.1,-1.4000000000000001,-1.6,4.1000000000000005,6.800000000000001,26.000000000000004,-7.699999999999999,0.0,16
11523,193361.0,-1.2000000000000002,-1.2000000000000002,-1.5,-2.0,4.0,6.7,16.8,4.800000000000001,5.500000000000001,16
11524,193378.0,-1.1,-1.1,-1.1,-1.9000000000000001,4.1000000000000005,7.1000000000000005,3.7000000000000006,20.1,11.4,16
11525,193394.0,-1.1,-1.1,-0.8,-1.9000000000000001,4.2,7.4,-3.5,24.599999999999998,12.7,16
11526,193411.0,-1.1,-0.8,-0.30000000000000004,-2.0,4.4,7.9,-16.5,28.900000000000002,12.9,16
11527,193427.0,-1.1,-0.30000000000000004,-0.2,-2.1,4.800000000000001,8.0,-33.300000000000004,27.700000000000003,15.100000000000001,16
11528,193444.0,-1.1,-0.4,-0.2,-2.2,4.7,8.0,-43.70000000000001,22.700000000000003,16.8,16
11529,193467.0,-1.3,-0.4,0.0,-2.3000000000000003,4.4,8.4,-69.9,8.5,20.599999999999998,16
11530,193477.0,-1.7000000000000002,-0.5,1.0,-2.7,4.1000000000000005,9.600000000000001,-105.7,6.0,25.7,16
11531,193494.0,-1.9000000000000001,-0.5,2.4000000000000004,-2.9000000000000004,3.9000000000000004,11.0,-125.4,9.600000000000001,30.200000000000003,16
11532,193511.0,-1.5,-0.8,5.5,-2.5,3.1,14.4,-137.1,4.5,39.400000000000006,16
11533,193527.0,-0.6000000000000001,-1.3,7.0,-1.5,2.3000000000000003,16.0,-96.20000000000002,-10.600000000000001,32.6,16
11534,193544.0,-0.6000000000000001,-1.3,7.0,-1.1,2.2,15.600000000000001,-61.599999999999994,-15.700000000000001,22.000000000000004,16
11535,193561.0,-0.30000000000000004,-0.9,3.4000000000000004,-1.2000000000000002,2.6,12.600000000000001,6.699999999999999,-12.5,-3.0,16
11536,193577.0,-1.0,-0.4,0.1,-1.9000000000000001,3.2,9.3,38.400000000000006,21.300000000000004,-16.0,16
11537,193594.0,-1.3,-0.30000000000000004,-1.1,-2.3000000000000003,3.4000000000000004,8.0,39.50000000000001,38.400000000000006,-16.900000000000002,16
11538,193611.0,-1.6,0.0,-2.5,-2.7,3.8000000000000003,6.6000000000000005,22.6,57.20000000000001,-7.6,16
11539,193627.0,-1.3,-0.1,-2.8000000000000003,-2.7,3.7,6.1000000000000005,-2.7,54.800000000000004,10.200000000000001,16
11540,193644.0,-1.0,-0.30000000000000004,-2.8000000000000003,-2.5,3.4000000000000004,6.2,-14.5,46.7,19.700000000000003,16
11541,193661.0,-0.2,-0.8,-2.6,-1.6,2.9000000000000004,6.4,-30.1,20.1,35.599999999999994,16
11542,193678.0,0.8,-1.0,-2.6,-0.6000000000000001,2.6,6.4,-32.8,-6.9,42.800000000000004,16
11543,193694.0,1.2000000000000002,-1.0,-2.7,-0.2,2.5,6.300000000000001,-31.3,-15.299999999999999,42.7,16
11544,193711.0,1.6,-0.9,-2.8000000000000003,0.4,2.6,6.2,-23.6,-17.1,34.60000000000001,16
11545,193727.0,1.3,-0.4,-2.8000000000000003,0.1,3.0,6.2,-13.6,3.4,22.1,16
11546,193746.0,1.1,-0.1,-2.9000000000000004,-0.30000000000000004,3.6,6.0,-7.8,16.900000000000002,18.6,16
11547,193761.0,0.8,0.4,-3.1,-0.5,3.8000000000000003,5.800000000000001,-0.6000000000000001,38.7,18.6,16
11548,193777.0,1.1,0.9,-2.9000000000000004,-0.30000000000000004,4.4,6.1000000000000005,-8.8,48.10000000000001,21.900000000000002,16
11549,193794.0,1.1,1.2000000000000002,-2.5,-0.4,4.6000000000000005,6.4,-15.899999999999999,48.9,22.3,16
11550,193811.0,0.9,1.5,-1.4000000000000001,-0.7000000000000001,4.9,7.5,-32.5,44.9,22.6,16
11551,193829.0,0.5,1.7000000000000002,0.0,-1.1,4.9,8.9,-49.300000000000004,34.1,21.900000000000002,16
11552,193844.0,0.1,1.7000000000000002,0.9,-1.6,4.800000000000001,9.9,-56.0,26.300000000000004,21.7,16
11553,193861.0,-0.4,1.8,2.7,-2.1,4.800000000000001,11.8,-58.1,7.300000000000001,25.300000000000004,16
11554,193877.0,-0.30000000000000004,1.7000000000000002,3.4000000000000004,-1.6,4.5,12.9,-37.1,-13.000000000000002,31.3,16
11555,193894.0,0.6000000000000001,1.6,3.7,-0.6000000000000001,4.4,12.5,-20.900000000000002,-22.4,30.699999999999996,16
11556,193911.0,1.2000000000000002,1.5,2.6,-0.2,4.4,11.700000000000001,9.4,-33.9,18.3,16
11557,193927.0,1.0,1.8,1.5,-0.30000000000000004,4.7,10.700000000000001,20.400000000000002,-31.3,-1.3,16
11558,193944.0,0.8,1.9000000000000001,1.4000000000000001,-0.9,5.0,10.700000000000001,19.9,-24.900000000000002,-9.4,16
11559,193961.0,-0.1,2.0,1.8,-1.4000000000000001,5.0,11.0,15.899999999999999,-10.0,-18.4,16
11560,193978.0,-0.7000000000000001,1.9000000000000001,2.3000000000000003,-1.9000000000000001,5.0,11.5,17.0,-7.0,-16.5,16
11561,193994.0,-0.5,1.9000000000000001,2.2,-1.6,5.2,11.100000000000001,19.700000000000003,-10.8,-12.9,16
11562,194010.0,0.0,2.1,1.5,-1.2000000000000002,5.300000000000001,10.700000000000001,20.400000000000002,-19.0,-3.2,16
11563,194027.0,0.4,2.0,1.1,-0.7000000000000001,5.300000000000001,10.3,7.400000000000001,-25.1,3.7000000000000006,16
11564,194046.0,0.6000000000000001,1.9000000000000001,2.0,-0.5,5.2,11.200000000000001,-20.5,-22.4,7.200000000000001,16
11565,194061.0,0.6000000000000001,1.7000000000000002,3.0,-0.4,5.0,12.200000000000001,-32.1,-20.5,9.5,16
11566,194080.0,1.3,0.7000000000000001,4.800000000000001,0.4,3.9000000000000004,14.200000000000001,-31.799999999999997,-24.400000000000002,11.900000000000002,16
11567,194094.0,2.1,-0.1,4.800000000000001,1.3,3.0,14.200000000000001,-19.1,-30.599999999999998,8.2,16
11568,194111.0,2.4000000000000004,-0.2,3.8000000000000003,1.7000000000000002,3.0,13.200000000000001,21.500000000000004,-41.900000000000006,-8.5,16
11569,194127.0,2.3000000000000003,0.0,1.0,1.7000000000000002,3.3000000000000003,10.4,49.699999999999996,-36.6,-26.400000000000006,16
11570,194144.0,1.9000000000000001,0.30000000000000004,-0.7000000000000001,1.4000000000000001,3.8000000000000003,8.700000000000001,48.400000000000006,-17.9,-34.300000000000004,16
11571,194161.0,1.6,0.30000000000000004,-1.1,1.1,3.8000000000000003,8.3,41.7,-8.8,-35.699999999999996,16
11572,194178.0,1.1,0.30000000000000004,-1.0,0.5,3.9000000000000004,8.3,25.1,2.2,-34.0,16
11573,194194.0,0.9,0.1,0.0,0.30000000000000004,3.8000000000000003,9.200000000000001,13.900000000000002,1.8000000000000003,-29.500000000000004,16
11574,194211.0,0.8,-0.2,0.5,0.2,3.5,9.700000000000001,13.5,-2.0,-27.099999999999998,16
11575,194227.0,0.6000000000000001,-0.9,1.0,0.0,2.9000000000000004,10.200000000000001,20.3,-10.4,-28.400000000000002,16
11576,194244.0,0.30000000000000004,-1.4000000000000001,0.8,-0.30000000000000004,2.4000000000000004,10.0,35.4,-18.5,-34.7,16
11577,194260.0,0.30000000000000004,-1.7000000000000002,0.5,-0.30000000000000004,2.2,9.700000000000001,45.099999999999994,-22.700000000000003,-38.900000000000006,16
11578,194277.0,0.1,-1.9000000000000001,-0.7000000000000001,-0.5,2.1,8.4,65.3,-26.6,-48.0,16
11579,194294.0,0.1,-2.0,-2.3000000000000003,-0.5,2.3000000000000003,6.7,79.6,-27.099999999999998,-54.6,16
11580,194311.0,0.0,-2.0,-3.0,-0.6000000000000001,2.4000000000000004,5.9,80.9,-25.7,-57.20000000000001,16
11581,194327.0,-0.6000000000000001,-1.9000000000000001,-3.8000000000000003,-1.2000000000000002,2.7,5.0,71.5,-18.900000000000002,-57.699999999999996,16
11582,194344.0,-0.8,-1.3,-3.5,-1.4000000000000001,3.4000000000000004,5.2,57.49999999999999,-11.4,-50.7,16
11583,194361.0,-0.9,-1.1,-3.3000000000000003,-1.6,3.6,5.300000000000001,51.800000000000004,-7.300000000000001,-45.0,16
11584,194377.0,-1.0,-0.9,-2.7,-1.7000000000000002,4.0,5.800000000000001,41.1,3.4,-29.300000000000004,16
11585,194394.0,-0.8,-0.9,-2.2,-1.6,4.1000000000000005,6.2,28.700000000000003,14.100000000000001,-14.700000000000001,16
11586,194411.0,-0.7000000000000001,-0.9,-1.9000000000000001,-1.6,4.1000000000000005,6.5,21.200000000000003,17.200000000000003,-9.3,16
11587,194427.0,-0.7000000000000001,-1.2000000000000002,-1.1,-1.6,3.9000000000000004,7.300000000000001,6.0,13.900000000000002,-2.4000000000000004,16
11588,194444.0,-0.8,-1.4000000000000001,-0.2,-1.8,3.6,8.1,-3.0,-4.4,1.2000000000000002,16
11589,194461.0,-0.8,-1.4000000000000001,0.1,-1.7000000000000002,3.6,8.5,-3.1,-14.600000000000001,2.6,16
11590,194478.0,-0.9,-1.2000000000000002,0.2,-1.8,3.8000000000000003,8.5,0.1,-23.900000000000006,6.4,16
11591,194495.0,-0.7000000000000001,-0.9,0.1,-1.5,4.0,8.4,-5.8,-23.2,10.299999999999999,16
11592,194511.0,-0.7000000000000001,-0.9,0.4,-1.4000000000000001,4.0,8.8,-11.3,-21.500000000000004,10.5,16
11593,194527.0,-1.0,-1.1,1.1,-1.7000000000000002,3.8000000000000003,9.600000000000001,-13.3,-13.5,8.899999999999999,16
11594,194544.0,-1.2000000000000002,-1.1,1.3,-1.9000000000000001,3.9000000000000004,9.700000000000001,-5.300000000000001,2.4000000000000004,9.4,16
11595,194560.0,-1.0,-0.8,1.0,-1.7000000000000002,4.1000000000000005,9.5,-2.3,10.200000000000001,9.8,16
11596,194580.0,-0.9,-0.30000000000000004,1.1,-1.6,4.6000000000000005,9.600000000000001,-6.1000000000000005,18.0,4.300000000000001,16
11597,194594.0,-1.2000000000000002,-0.1,1.4000000000000001,-1.9000000000000001,4.7,9.9,-5.0,14.600000000000001,-2.1,16
11598,194611.0,-1.1,0.2,1.2000000000000002,-1.9000000000000001,5.1000000000000005,9.700000000000001,-2.2,15.2,-3.4,16
11599,194627.0,-1.3,0.4,0.2,-2.2,5.2,8.700000000000001,-5.0,25.4,-2.3,16
11600,194644.0,-1.6,0.30000000000000004,-0.8,-2.6,5.1000000000000005,7.800000000000001,-31.099999999999998,28.400000000000002,5.1000000000000005,16
11601,194662.0,-1.9000000000000001,0.2,-0.5,-3.3000000000000003,4.6000000000000005,9.1,-54.199999999999996,26.300000000000004,9.100000000000001,16
11602,194678.0,-2.3000000000000003,-0.2,1.7000000000000002,-3.3000000000000003,4.2,10.4,-93.4,15.2,19.700000000000003,16
11603,194695.0,-1.5,-0.5,3.7,-2.5,3.6,12.5,-83.60000000000001,-2.1,27.099999999999998,16
11604,194711.0,-1.0,-0.7000000000000001,3.8000000000000003,-1.6,3.2,12.0,-62.0,-5.7,26.000000000000004,16
11605,194727.0,-0.4,-0.8,1.8,-1.4000000000000001,3.2,10.700000000000001,-7.9,1.3,16.200000000000003,16
11606,194744.0,-0.2,-0.5,-0.8,-1.3,3.6,8.200000000000001,23.700000000000003,29.700000000000006,4.5,16
11607,194760.0,-0.5,-0.1,-2.3000000000000003,-1.7000000000000002,4.0,6.6000000000000005,28.500000000000004,48.300000000000004,0.8,16
11608,194779.0,-0.9,0.1,-2.6,-2.3000000000000003,4.2,6.2,21.6,81.60000000000001,2.2,16
11609,194794.0,-1.4000000000000001,-0.2,-2.6,-3.0,4.0,6.1000000000000005,3.8,96.60000000000001,17.200000000000003,16
11610,194811.0,-1.3,-0.4,-2.5,-3.0,3.6,6.300000000000001,-5.500000000000001,97.50000000000001,27.3,16
11611,194827.0,-0.8,-0.8,-2.3000000000000003,-2.8000000000000003,3.4000000000000004,6.300000000000001,-24.0,89.10000000000001,44.9,16
11612,194844.0,-0.30000000000000004,-1.2000000000000002,-2.1,-2.4000000000000004,2.9000000000000004,6.5,-40.4,71.9,56.400000000000006,16
11613,194860.0,0.1,-1.3,-2.0,-1.8,2.6,6.7,-44.10000000000001,57.60000000000001,59.699999999999996,16
11614,194879.0,0.6000000000000001,-1.4000000000000001,-1.9000000000000001,-1.6,2.6,6.7,-42.800000000000004,28.200000000000003,59.20000000000001,16
11615,194895.0,0.8,-1.1,-1.8,-1.4000000000000001,2.8000000000000003,6.9,-39.50000000000001,8.3,54.50000000000001,16
11616,194911.0,0.8,-0.6000000000000001,-1.4000000000000001,-1.3,3.2,7.300000000000001,-31.5,1.7,49.300000000000004,16
11617,194927.0,0.9,-0.30000000000000004,-1.1,-1.2000000000000002,3.4000000000000004,7.6000000000000005,-25.7,4.1,47.0,16
11618,194944.0,1.0,0.2,-0.7000000000000001,-1.0,4.0,8.0,-11.000000000000002,11.1,43.1,16
11619,194965.0,1.0,0.5,-0.9,-1.0,4.2,7.800000000000001,3.8,18.0,37.400000000000006,16
11620,194977.0,1.0,0.7000000000000001,-1.2000000000000002,-1.0,4.5,7.5,6.0,23.0,34.60000000000001,16
11621,194994.0,1.0,1.1,-1.3,-1.1,5.0,7.4,0.5,37.300000000000004,30.200000000000003,16
11622,195010.0,0.7000000000000001,1.3,-0.6000000000000001,-1.5,5.2,8.0,-14.300000000000002,49.199999999999996,26.000000000000004,16
11623,195027.0,0.6000000000000001,1.4000000000000001,-0.2,-1.7000000000000002,5.300000000000001,8.4,-21.1,47.900000000000006,24.200000000000003,16
11624,195044.0,0.30000000000000004,1.5,0.8,-2.0,5.300000000000001,9.4,-25.8,28.500000000000004,22.700000000000003,16
11625,195065.0,0.7000000000000001,1.7000000000000002,0.9,-1.6,5.4,9.600000000000001,-21.900000000000002,-4.4,21.6,16
11626,195078.0,0.9,1.8,0.9,-1.3,5.5,9.5,-20.8,-18.6,19.400000000000002,16
11627,195094.0,1.2000000000000002,1.7000000000000002,1.1,-0.9,5.4,9.9,-20.0,-30.1,12.0,16
11628,195111.0,1.1,1.4000000000000001,1.8,-0.9,5.1000000000000005,10.600000000000001,-15.000000000000002,-14.800000000000002,1.5,16
11629,195127.0,1.0,1.3,2.1,-1.0,4.9,10.9,-10.1,-1.0,-3.5,16
11630,195144.0,0.7000000000000001,1.3,2.1,-1.4000000000000001,4.9,10.9,4.1,23.2,-10.8,16
11631,195161.0,0.1,1.3,2.0,-2.1,5.0,10.8,1.6,46.7,-11.6,16
11632,195178.0,-0.30000000000000004,1.4000000000000001,2.3000000000000003,-3.4000000000000004,5.0,11.8,-9.4,56.7,-11.000000000000002,16
11633,195194.0,-1.6,1.2000000000000002,3.9000000000000004,-4.1000000000000005,4.7,12.600000000000001,-34.50000000000001,65.4,-4.1,16
11634,195211.0,-1.8,0.6000000000000001,5.1000000000000005,-4.6000000000000005,4.0,13.9,-43.2,61.7,12.4,16
11635,195227.0,-1.5,0.2,5.1000000000000005,-4.4,3.6,13.9,-37.9,51.70000000000001,20.0,16
11636,195244.0,-0.5,-0.6000000000000001,4.4,-3.4000000000000004,2.7,13.3,-21.500000000000004,26.9,28.200000000000003,16
11637,195265.0,1.0,-1.0,3.0,-1.8,2.4000000000000004,11.9,-6.1000000000000005,0.6000000000000001,17.5,16
11638,195277.0,1.6,-1.1,2.2,-1.3,2.3000000000000003,11.100000000000001,-1.5,-13.200000000000003,6.2,16
11639,195294.0,2.1,-1.1,1.4000000000000001,-0.7000000000000001,2.2,10.3,1.3,-28.800000000000004,-19.400000000000002,16
11640,195311.0,2.1,-0.5,0.5,-0.6000000000000001,2.8000000000000003,9.5,3.9,-32.300000000000004,-37.1,16
11641,195327.0,2.0,-0.1,0.30000000000000004,-0.6000000000000001,3.2,9.4,2.7,-33.2,-41.0,16
11642,195344.0,1.6,0.1,0.6000000000000001,-1.0,3.3000000000000003,9.700000000000001,-7.200000000000001,-26.200000000000003,-39.300000000000004,16
11643,195363.0,0.9,-0.2,1.2000000000000002,-1.6,2.9000000000000004,10.200000000000001,-7.9,-21.7,-25.4,16
11644,195377.0,0.7000000000000001,-0.4,1.2000000000000002,-1.8,2.7,10.3,-2.9,-25.200000000000003,-17.6,16
11645,195394.0,0.5,-0.8,1.0,-1.9000000000000001,2.4000000000000004,10.100000000000001,10.0,-35.3,-6.500000000000001,16
11646,195410.0,0.8,-1.0,0.30000000000000004,-1.4000000000000001,2.3000000000000003,9.5,26.6,-44.7,-2.8,16
11647,195427.0,1.0,-1.0,-0.1,-1.0,2.3000000000000003,8.700000000000001,34.900000000000006,-46.50000000000001,-4.1,16
11648,195444.0,1.1,-1.0,-0.6000000000000001,-1.0,2.4000000000000004,8.5,51.300000000000004,-43.4,-7.400000000000001,16
11649,195464.0,1.1,-1.2000000000000002,-0.8,-0.8,2.4000000000000004,8.3,79.6,-33.800000000000004,-6.8,16
11650,195478.0,1.1,-1.3,-1.6,-0.8,2.6,7.4,99.00000000000001,-19.5,-10.200000000000001,16
11651,195494.0,1.0,-1.2000000000000002,-1.8,-0.8,2.9000000000000004,7.0,104.00000000000001,-15.899999999999999,-12.200000000000001,16
11652,195510.0,1.0,-1.0,-2.2,-0.8,3.4000000000000004,6.5,104.3,-11.3,-15.899999999999999,16
11653,195527.0,1.0,-0.7000000000000001,-2.5,-0.8,3.9000000000000004,6.1000000000000005,94.9,-9.100000000000001,-15.8,16
11654,195548.0,0.6000000000000001,-0.6000000000000001,-2.5,-1.2000000000000002,4.3,5.9,79.19999999999999,-13.8,-12.9,16
11655,195568.0,0.6000000000000001,-0.6000000000000001,-2.5,-1.5,4.5,6.0,69.20000000000002,-16.900000000000002,-9.600000000000001,16
11656,195578.0,0.0,-0.30000000000000004,-2.1,-1.8,4.7,6.1000000000000005,58.400000000000006,-18.8,-4.4,16
11657,195594.0,-0.5,-0.1,-1.3,-2.2,5.1000000000000005,6.9,36.400000000000006,-19.6,7.8,16
11658,195611.0,-0.5,-0.2,-0.5,-2.1,5.1000000000000005,7.7,19.1,-18.3,19.700000000000003,16
11659,195627.0,0.0,-0.2,0.30000000000000004,-1.5,5.0,8.4,15.000000000000002,-22.6,24.8,16
11660,195644.0,0.1,-0.4,0.5,-1.4000000000000001,4.9,8.6,18.3,-28.200000000000003,22.9,16
11661,195668.0,-0.5,-0.9,0.2,-1.8,4.6000000000000005,8.200000000000001,34.300000000000004,-46.0,7.1000000000000005,16
11662,195680.0,-0.7000000000000001,-1.0,-0.1,-1.9000000000000001,4.5,8.0,34.60000000000001,-50.60000000000001,2.6,16
11663,195694.0,-0.9,-1.0,-0.30000000000000004,-2.0,4.6000000000000005,7.800000000000001,30.1,-52.300000000000004,0.4,16
11664,195711.0,-0.7000000000000001,-0.5,-0.1,-1.7000000000000002,5.1000000000000005,7.9,10.8,-52.900000000000006,2.3,16
11665,195727.0,-0.1,0.2,0.9,-0.9,5.7,9.0,-8.5,-51.800000000000004,0.2,16
11666,195744.0,-0.1,0.0,1.4000000000000001,-0.8,5.5,9.5,-11.900000000000002,-52.5,-6.600000000000001,16
11667,195765.0,-0.6000000000000001,-0.9,1.9000000000000001,-1.3,4.6000000000000005,10.0,-1.9,-37.2,-27.099999999999998,16
11668,195777.0,-1.3,-1.2000000000000002,1.4000000000000001,-2.0,4.4,9.5,22.4,-11.1,-39.9,16
11669,195794.0,-1.3,-0.8,0.8,-2.1,4.7,8.8,31.5,9.600000000000001,-40.6,16
11670,195811.0,-1.2000000000000002,0.2,-1.3,-2.2,5.800000000000001,6.800000000000001,9.5,63.500000000000014,-34.300000000000004,16
11671,195827.0,-2.0,0.2,-0.30000000000000004,-3.3000000000000003,5.7,7.7,-54.1,87.60000000000001,-27.2,16
11672,195844.0,-2.4000000000000004,-0.4,1.0,-3.8000000000000003,5.0,9.1,-75.7,76.7,-24.0,16
11673,195865.0,-2.4000000000000004,-1.3,2.5,-4.0,3.9000000000000004,10.8,-73.9,34.400000000000006,-21.500000000000004,16
11674,195877.0,-1.9000000000000001,-1.4000000000000001,2.1,-3.6,3.6,10.4,-30.5,12.4,-21.6,16
11675,195894.0,-1.6,-1.3,0.8,-3.4000000000000004,3.7,9.200000000000001,-5.300000000000001,11.8,-22.3,16
11676,195910.0,-1.4000000000000001,-1.2000000000000002,-1.7000000000000002,-3.3000000000000003,3.8000000000000003,6.6000000000000005,20.1,34.300000000000004,-22.3,16
11677,195927.0,-1.2000000000000002,-1.0,-3.2,-3.3000000000000003,4.0,5.0,10.4,66.4,-13.5,16
11678,195944.0,-0.9,-1.0,-3.5,-3.1,4.1000000000000005,4.6000000000000005,-1.6,79.6,-5.500000000000001,16
11679,195963.0,-0.1,-0.9,-3.3000000000000003,-2.5,4.0,4.800000000000001,-30.000000000000004,91.2,12.8,16
11680,195977.0,0.6000000000000001,-1.2000000000000002,-2.5,-2.1,3.6,5.6000000000000005,-57.49999999999999,79.9,27.5,16
11681,195994.0,1.0,-1.3,-2.0,-1.7000000000000002,3.5,6.1000000000000005,-66.9,68.9,33.400000000000006,16
11682,196011.0,1.8,-1.2000000000000002,-1.2000000000000002,-1.0,3.4000000000000004,6.9,-73.0,37.7,37.1,16
11683,196027.0,2.1,-1.2000000000000002,-0.8,-0.7000000000000001,3.1,7.5,-68.4,5.7,28.900000000000002,16
11684,196047.0,1.8,-1.0,-0.30000000000000004,-0.9,3.2,8.0,-55.900000000000006,-7.9,18.3,16
11685,196064.0,1.8,-0.8,-0.2,-0.9,3.3000000000000003,8.200000000000001,-45.2,-11.4,14.800000000000002,16
11686,196077.0,1.8,-0.1,-0.1,-0.8,4.0,8.3,-17.5,-6.600000000000001,12.0,16
11687,196094.0,1.6,0.2,-0.6000000000000001,-1.0,4.3,7.800000000000001,-4.1,-3.5,11.900000000000002,16
11688,196111.0,1.3,0.6000000000000001,-1.2000000000000002,-1.2000000000000002,4.7,7.2,5.8,-0.30000000000000004,13.6,16
11689,196129.0,1.1,0.9,-1.1,-1.4000000000000001,5.0,7.300000000000001,-4.1,-6.500000000000001,13.900000000000002,16
11690,196144.0,0.9,1.1,-0.7000000000000001,-1.7000000000000002,5.4,8.200000000000001,-12.9,-14.700000000000001,12.600000000000001,16
11691,196165.0,0.6000000000000001,1.5,0.30000000000000004,-1.8,5.6000000000000005,8.700000000000001,-28.3,-29.0,12.5,16
11692,196177.0,0.30000000000000004,1.9000000000000001,1.4000000000000001,-1.9000000000000001,5.9,9.9,-36.0,-52.300000000000004,14.5,16
11693,196194.0,0.30000000000000004,1.9000000000000001,1.7000000000000002,-1.7000000000000002,5.800000000000001,10.5,-34.800000000000004,-65.89999999999999,15.399999999999999,16
11694,196211.0,0.4,1.8,1.9000000000000001,-1.4000000000000001,5.7,10.600000000000001,-21.8,-89.0,15.000000000000002,16
11695,196227.0,1.0,1.7000000000000002,1.4000000000000001,-0.6000000000000001,5.6000000000000005,10.200000000000001,-0.6000000000000001,-96.80000000000001,6.2,16
11696,196244.0,1.1,1.7000000000000002,1.0,-0.2,5.6000000000000005,9.9,10.5,-94.6,-2.5,16
11697,196263.0,0.7000000000000001,2.0,0.4,-0.4,6.0,9.200000000000001,24.8,-71.10000000000001,-23.099999999999998,16
11698,196277.0,0.0,2.3000000000000003,0.5,-1.1,6.4,9.3,25.8,-31.3,-35.9,16
11699,196294.0,-0.8,2.1,1.4000000000000001,-1.9000000000000001,6.2,10.200000000000001,24.400000000000002,-12.100000000000001,-38.7,16
11700,196311.0,-1.2000000000000002,1.9000000000000001,1.9000000000000001,-2.4000000000000004,6.1000000000000005,10.700000000000001,22.000000000000004,12.4,-39.9,16
11701,196328.0,-1.3,2.0,2.2,-2.6,6.300000000000001,10.9,27.0,7.8,-32.9,16
11702,196345.0,-1.0,2.2,1.9000000000000001,-2.1,6.7,10.200000000000001,27.6,3.0,-25.900000000000002,16
11703,196369.0,-0.2,2.3000000000000003,0.8,-1.6,6.7,9.600000000000001,-0.9000000000000001,-5.8,-5.300000000000001,16
11704,196377.0,-0.2,2.3000000000000003,1.2000000000000002,-1.5,6.6000000000000005,10.0,-22.2,-6.600000000000001,-1.8000000000000003,16
11705,196394.0,0.0,2.0,2.1,-1.2000000000000002,5.9,11.9,-42.800000000000004,-6.9,0.9000000000000001,16
11706,196411.0,0.4,1.2000000000000002,3.9000000000000004,-0.9,5.4,12.8,-59.699999999999996,-12.5,5.300000000000001,16
11707,196427.0,1.2000000000000002,0.30000000000000004,4.7,0.0,4.3,13.700000000000001,-43.1,-23.400000000000002,0.30000000000000004,16
11708,196444.0,1.2000000000000002,-0.2,4.6000000000000005,-0.1,3.4000000000000004,13.0,-0.4,-27.800000000000004,-13.8,16
11709,196464.0,0.9,-0.6000000000000001,2.7,-0.2,3.7,10.5,21.900000000000002,-26.200000000000003,-19.700000000000003,16
11710,196479.0,0.9,-0.1,0.4,-0.1,4.0,9.4,43.4,-13.399999999999999,-24.1,16
11711,196494.0,1.1,0.2,-0.8,0.1,4.4,8.200000000000001,35.8,2.7,-22.2,16
11712,196511.0,1.1,0.2,-0.8,0.0,4.5,8.1,27.700000000000003,5.2,-21.7,16
11713,196527.0,1.0,0.0,-0.4,-0.1,4.3,8.5,17.1,-0.9000000000000001,-21.200000000000003,16
11714,196544.0,0.8,-0.5,-0.2,-0.30000000000000004,3.9000000000000004,8.700000000000001,21.6,-13.200000000000003,-22.1,16
11715,196563.0,0.2,-0.9,-1.0,-0.9,3.5,7.9,26.400000000000006,-20.8,-23.800000000000004,16
11716,196579.0,-0.1,-1.1,-1.3,-1.1,3.4000000000000004,7.6000000000000005,28.600000000000005,-32.2,-26.200000000000003,16
11717,196594.0,-0.5,-1.2000000000000002,-1.3,-1.5,3.3000000000000003,7.5,26.200000000000003,-32.400000000000006,-26.700000000000003,16
11718,196610.0,-0.5,-1.3,-1.3,-1.5,3.2,7.5,25.8,-27.800000000000004,-25.7,16
11719,196627.0,-0.30000000000000004,-1.5,-1.7000000000000002,-1.2000000000000002,3.1,7.0,33.1,-21.500000000000004,-25.900000000000002,16
11720,196644.0,-0.2,-1.6,-2.5,-1.1,3.1,6.2,39.50000000000001,-19.0,-28.700000000000003,16
11721,196663.0,-0.4,-1.5,-2.8000000000000003,-1.3,3.4000000000000004,5.800000000000001,36.5,-17.6,-30.599999999999998,16
11722,196680.0,-0.6000000000000001,-1.4000000000000001,-2.7,-1.5,3.5,5.800000000000001,32.400000000000006,-14.200000000000001,-29.500000000000004,16
11723,196695.0,-0.8,-1.1,-2.3000000000000003,-1.7000000000000002,3.8000000000000003,6.2,27.2,-7.200000000000001,-23.5,16
11724,196710.0,-0.6000000000000001,-1.0,-2.0,-1.6,4.0,6.4,26.1,-3.9,-19.1,16
11725,196727.0,0.0,-0.8,-1.6,-1.0,4.2,6.800000000000001,23.0,4.800000000000001,-10.9,16
11726,196744.0,-0.2,-1.0,-1.2000000000000002,-1.2000000000000002,4.0,7.2,17.200000000000003,9.0,-8.5,16
11727,196766.0,-0.30000000000000004,-0.8,-0.4,-1.4000000000000001,4.3,7.9,5.8,1.5,-6.0,16
11728,196778.0,-0.4,-0.6000000000000001,0.0,-1.5,4.5,8.3,1.5,-4.1,-4.1,16
11729,196795.0,-0.4,-0.5,0.6000000000000001,-1.5,4.5,8.9,1.0,-12.100000000000001,4.2,16
11730,196811.0,-0.30000000000000004,-0.5,0.6000000000000001,-1.3,4.6000000000000005,9.0,3.1,-14.600000000000001,8.3,16
11731,196827.0,0.0,-0.5,0.5,-1.0,4.6000000000000005,8.8,6.699999999999999,-15.000000000000002,12.5,16
11732,196844.0,-0.1,-0.4,0.7000000000000001,-1.0,4.800000000000001,9.0,7.300000000000001,-2.2,13.200000000000003,16
11733,196863.0,-0.4,-0.6000000000000001,0.7000000000000001,-1.3,4.5,9.0,11.4,11.000000000000002,11.5,16
11734,196877.0,-0.5,-0.7000000000000001,0.6000000000000001,-1.4000000000000001,4.4,8.9,12.4,16.6,9.8,16
11735,196894.0,-0.7000000000000001,-0.4,0.30000000000000004,-1.7000000000000002,4.7,8.6,8.8,27.9,7.300000000000001,16
11736,196910.0,-1.0,-0.30000000000000004,0.30000000000000004,-2.0,4.9,8.6,6.1000000000000005,28.500000000000004,6.500000000000001,16
11737,196927.0,-1.1,-0.1,0.2,-2.2,5.1000000000000005,8.5,1.4,26.700000000000003,8.0,16
11738,196944.0,-1.3,-0.30000000000000004,-0.2,-2.4000000000000004,4.9,8.0,-3.5,21.0,14.600000000000001,16
11739,196965.0,-1.2000000000000002,-0.6000000000000001,-1.2000000000000002,-2.4000000000000004,4.5,7.0,-24.200000000000003,9.3,22.9,16
11740,196977.0,-1.1,-0.7000000000000001,-1.5,-2.2,4.4,6.800000000000001,-44.8,4.6,27.3,16
11741,196994.0,-1.1,-0.7000000000000001,-0.5,-2.2,4.1000000000000005,7.9,-98.39999999999999,-0.2,33.6,16
11742,197010.0,-0.7000000000000001,-0.6000000000000001,2.6,-1.7000000000000002,3.9000000000000004,11.3,-134.9,-0.1,38.7,16
11743,197027.0,-0.4,-0.9,4.0,-1.4000000000000001,3.4000000000000004,12.8,-129.9,-1.7,37.6,16
11744,197044.0,-0.6000000000000001,-1.8,4.5,-1.5,2.2,13.4,-80.7,0.5,26.300000000000004,16
11745,197064.0,0.1,-1.5,1.2000000000000002,-0.9,2.3000000000000003,10.200000000000001,-32.8,14.700000000000001,-0.8,16
11746,197078.0,-0.2,-1.9000000000000001,-0.4,-1.3,1.9000000000000001,8.6,-24.3,6.2,-17.200000000000003,16
11747,197095.0,-0.7000000000000001,-1.5,-1.6,-1.7000000000000002,2.3000000000000003,7.5,11.8,-50.8,-20.1,16
11748,197110.0,-0.9,0.0,-3.5,-1.7000000000000002,3.9000000000000004,5.4,24.900000000000002,-61.39999999999999,-11.8,16
11749,197127.0,-1.2000000000000002,0.5,-4.1000000000000005,-1.9000000000000001,4.3,4.9,2.3,-43.70000000000001,4.2,16
11750,197144.0,-1.1,0.7000000000000001,-2.9000000000000004,-1.8,4.4,6.1000000000000005,-54.300000000000004,-11.000000000000002,24.8,16
11751,197163.0,-0.4,0.6000000000000001,-0.30000000000000004,-1.0,4.1000000000000005,8.8,-78.80000000000001,17.300000000000004,38.800000000000004,16
11752,197181.0,0.2,0.2,1.2000000000000002,-0.4,3.5,10.3,-55.0,32.6,40.5,16
11753,197194.0,0.30000000000000004,-0.1,1.1,-0.4,3.2,10.3,-32.1,33.2,36.2,16
11754,197210.0,0.0,-0.4,-0.2,-0.8,2.9000000000000004,9.0,14.400000000000002,20.2,22.4,16
11755,197231.0,-0.2,0.2,-1.9000000000000001,-0.9,3.6,7.2,36.5,-2.5,12.200000000000001,16
11756,197244.0,-0.2,0.6000000000000001,-2.4000000000000004,-1.0,4.0,6.7,36.7,-7.500000000000001,11.8,16
11757,197264.0,-0.1,1.0,-3.1,-0.8,4.6000000000000005,5.9,25.4,-6.300000000000001,21.300000000000004,16
11758,197278.0,-0.1,1.2000000000000002,-3.2,-0.7000000000000001,4.800000000000001,5.800000000000001,17.5,-5.7,28.200000000000003,16
11759,197295.0,-0.1,1.5,-2.8000000000000003,-0.7000000000000001,5.1000000000000005,6.2,-2.4000000000000004,-2.3,40.7,16
11760,197311.0,0.0,1.5,-1.8,-0.6000000000000001,5.1000000000000005,7.2,-24.200000000000003,4.800000000000001,50.1,16
11761,197327.0,0.1,1.6,-1.2000000000000002,-0.5,5.1000000000000005,7.800000000000001,-32.1,8.3,53.7,16
11762,197344.0,0.4,1.4000000000000001,0.1,-0.1,4.9,9.1,-42.0,16.1,57.800000000000004,16
11763,197369.0,0.9,1.0,1.7000000000000002,0.4,4.4,10.8,-42.3,19.200000000000003,51.9,16
11764,197377.0,0.9,0.8,2.4000000000000004,0.4,4.1000000000000005,11.5,-35.9,15.700000000000001,44.00000000000001,16
11765,197394.0,1.0,0.6000000000000001,3.0,0.6000000000000001,3.8000000000000003,12.100000000000001,-11.5,-6.500000000000001,20.5,16
11766,197410.0,0.8,0.9,2.6,0.5,4.2,11.8,14.400000000000002,-30.000000000000004,-6.300000000000001,16
11767,197430.0,0.30000000000000004,1.3,1.8,0.1,4.7,11.0,27.700000000000003,-35.699999999999996,-22.000000000000004,16
11768,197444.0,0.30000000000000004,1.5,1.6,0.0,4.9,10.8,27.6,-31.3,-24.8,16
11769,197461.0,0.1,1.6,1.7000000000000002,-0.1,5.1000000000000005,10.9,21.900000000000002,-18.6,-28.600000000000005,16
11770,197479.0,0.1,1.5,1.8,-0.1,5.1000000000000005,10.9,21.300000000000004,-15.299999999999999,-30.599999999999998,16
11771,197494.0,0.1,1.7000000000000002,1.7000000000000002,-0.1,5.300000000000001,10.9,21.0,-14.100000000000001,-30.1,16
11772,197510.0,0.0,1.8,1.4000000000000001,-0.2,5.5,10.5,13.8,-1.8000000000000003,-25.300000000000004,16
11773,197527.0,-0.2,1.8,1.5,-0.4,5.5,10.600000000000001,4.4,8.8,-20.400000000000002,16
11774,197544.0,-0.1,1.4000000000000001,2.5,-0.4,5.0,11.700000000000001,-20.900000000000002,34.300000000000004,-8.0,16
11775,197561.0,0.9,0.5,4.2,0.4,4.1000000000000005,13.4,-32.7,43.1,-1.8000000000000003,16
11776,197578.0,1.3,0.1,4.7,1.1,3.1,14.0,-26.200000000000003,34.900000000000006,-4.1,16
11777,197594.0,1.8,-0.6000000000000001,3.8000000000000003,1.3,2.9000000000000004,13.100000000000001,8.0,4.2,-18.3,16
11778,197611.0,1.7000000000000002,-0.4,0.6000000000000001,1.2000000000000002,3.2,9.9,34.7,-20.0,-32.0,16
11779,197628.0,1.4000000000000001,-0.30000000000000004,-0.8,0.9,3.4000000000000004,8.5,34.2,-21.900000000000002,-34.2,16
11780,197644.0,1.3,0.1,-1.9000000000000001,0.8,3.8000000000000003,7.300000000000001,16.0,-8.600000000000001,-30.599999999999998,16
11781,197663.0,1.1,0.0,-1.7000000000000002,0.5,3.7,7.5,-6.9,12.200000000000001,-25.7,16
11782,197677.0,0.8,0.0,-1.4000000000000001,0.2,3.6,7.800000000000001,-15.700000000000001,20.400000000000002,-23.900000000000006,16
11783,197694.0,1.0,-0.1,-0.2,0.30000000000000004,3.5,9.0,-22.5,32.300000000000004,-19.6,16
11784,197710.0,1.2000000000000002,-0.6000000000000001,1.0,0.4,2.9000000000000004,10.3,-11.1,36.2,-23.400000000000002,16
11785,197727.0,0.7000000000000001,-1.0,1.1,-0.2,2.5,10.3,13.900000000000002,20.900000000000002,-36.7,16
11786,197747.0,0.6000000000000001,-1.0,0.6000000000000001,-0.6000000000000001,2.6,9.200000000000001,35.2,-0.30000000000000004,-45.099999999999994,16
11787,197766.0,0.30000000000000004,-1.0,-0.5,-0.7000000000000001,2.7,8.700000000000001,41.900000000000006,-9.3,-46.4,16
11788,197777.0,0.4,-1.3,-1.6,-0.6000000000000001,2.6,7.5,47.3,-15.5,-45.9,16
11789,197794.0,0.4,-1.4000000000000001,-2.2,-0.6000000000000001,2.5,6.9,56.400000000000006,-22.4,-44.2,16
11790,197810.0,0.5,-1.4000000000000001,-2.9000000000000004,-0.5,2.6,6.1000000000000005,57.9,-20.5,-44.8,16
11791,197827.0,0.5,-1.2000000000000002,-2.7,-0.5,3.0,6.2,54.4,-14.600000000000001,-46.6,16
11792,197844.0,0.4,-1.1,-2.6,-0.6000000000000001,3.2,6.300000000000001,53.10000000000001,-12.600000000000001,-46.4,16
11793,197863.0,0.30000000000000004,-0.7000000000000001,-2.1,-0.8,3.7,6.6000000000000005,49.800000000000004,-7.200000000000001,-42.800000000000004,16
11794,197877.0,-0.1,-0.4,-1.6,-1.2000000000000002,4.1000000000000005,7.1000000000000005,42.1,-2.0,-36.1,16
11795,197894.0,-0.2,-0.2,-1.1,-1.3,4.3,7.6000000000000005,36.5,1.2000000000000002,-30.4,16
11796,197911.0,-0.30000000000000004,-0.2,0.1,-1.5,4.4,8.700000000000001,28.800000000000004,7.200000000000001,-17.1,16
11797,197927.0,-0.30000000000000004,-0.5,0.7000000000000001,-1.5,4.2,9.200000000000001,32.300000000000004,4.1,-8.2,16
11798,197944.0,-0.4,-0.6000000000000001,0.6000000000000001,-1.6,4.2,9.1,35.2,-0.5,-4.4,16
11799,197963.0,-0.6000000000000001,-0.5,0.2,-1.8,4.3,8.6,37.1,-10.600000000000001,1.8000000000000003,16
11800,197977.0,-0.8,-0.6000000000000001,0.1,-2.0,4.3,8.6,35.2,-12.200000000000001,5.300000000000001,16
11801,197994.0,-0.8,-0.6000000000000001,0.4,-2.0,4.4,8.8,27.099999999999998,-8.4,13.900000000000002,16
11802,198011.0,-0.7000000000000001,-0.8,1.0,-1.9000000000000001,4.3,9.3,20.599999999999998,-1.6,19.9,16
11803,198027.0,-0.4,-0.9,1.3,-1.5,4.2,9.600000000000001,21.6,1.8000000000000003,19.700000000000003,16
11804,198044.0,-0.30000000000000004,-0.8,1.3,-1.4000000000000001,4.3,9.600000000000001,23.0,4.2,15.8,16
11805,198062.0,-0.5,-0.8,1.0,-1.6,4.5,9.200000000000001,25.8,6.4,5.9,16
11806,198077.0,-0.8,-0.5,0.2,-1.9000000000000001,4.800000000000001,8.4,22.3,7.8,1.4,16
11807,198094.0,-0.9,-0.4,-0.30000000000000004,-2.0,4.9,7.9,15.399999999999999,8.5,1.8000000000000003,16
11808,198111.0,-1.0,-0.30000000000000004,-1.3,-2.2,5.0,6.9,-13.5,8.899999999999999,7.8,16
11809,198127.0,-1.5,-0.5,-0.7000000000000001,-2.7,4.7,7.6000000000000005,-63.900000000000006,13.8,14.400000000000002,16
11810,198144.0,-1.8,-0.7000000000000001,0.7000000000000001,-2.9000000000000004,4.4,9.1,-88.20000000000002,19.200000000000003,17.200000000000003,16
11811,198161.0,-1.2000000000000002,-1.0,3.8000000000000003,-2.4000000000000004,3.8000000000000003,12.4,-102.0,21.300000000000004,19.400000000000002,16
11812,198178.0,-0.30000000000000004,-1.6,5.1000000000000005,-1.5,2.9000000000000004,13.8,-60.5,15.5,7.9,16
11813,198194.0,-0.2,-1.8,4.6000000000000005,-1.5,2.6,13.3,-28.3,11.700000000000001,-3.8,16
11814,198210.0,-0.7000000000000001,-1.5,1.5,-2.0,3.0,10.200000000000001,26.799999999999997,6.600000000000001,-27.3,16
11815,198227.0,-1.4000000000000001,-1.1,-1.3,-2.9000000000000004,3.5,7.300000000000001,42.5,22.700000000000003,-36.1,16
11816,198244.0,-1.8,-0.9,-2.2,-3.6,3.9000000000000004,5.800000000000001,37.400000000000006,36.7,-31.9,16
11817,198263.0,-1.9000000000000001,-0.6000000000000001,-3.1,-3.6,4.0,5.4,15.8,56.2,-10.8,16
11818,198277.0,-1.2000000000000002,-0.8,-3.2,-3.1,3.8000000000000003,5.2,-13.3,59.80000000000001,17.400000000000002,16
11819,198294.0,-0.7000000000000001,-1.1,-3.0,-2.7,3.5,5.4,-26.300000000000004,52.300000000000004,30.200000000000003,16
11820,198310.0,0.4,-1.5,-2.7,-1.6,3.0,5.7,-41.6,23.800000000000004,47.1,16
11821,198327.0,0.9,-1.7000000000000002,-2.6,-0.7000000000000001,2.7,6.0,-43.50000000000001,-10.299999999999999,48.0,16
11822,198344.0,1.4000000000000001,-1.8,-2.5,-0.30000000000000004,2.7,5.9,-39.300000000000004,-23.099999999999998,44.00000000000001,16
11823,198363.0,1.4000000000000001,-1.4000000000000001,-2.9000000000000004,-0.30000000000000004,2.9000000000000004,5.7,-24.1,-32.1,32.1,16
11824,198377.0,1.0,-0.7000000000000001,-3.4000000000000004,-0.6000000000000001,3.5,5.1000000000000005,-10.5,-17.200000000000003,23.0,16
11825,198394.0,0.9,-0.4,-3.6,-0.5,4.3,4.800000000000001,-7.0,-7.200000000000001,22.000000000000004,16
11826,198411.0,1.1,0.5,-3.7,-0.4,4.7,4.9,-8.4,8.8,21.500000000000004,16
11827,198428.0,1.0,1.2000000000000002,-3.0,-0.6000000000000001,5.4,5.5,-19.700000000000003,15.700000000000001,21.6,16
11828,198444.0,0.7000000000000001,1.5,-2.6,-1.1,6.1000000000000005,6.5,-27.700000000000003,15.2,23.0,16
11829,198461.0,0.0,2.2,-1.1,-1.6,6.300000000000001,7.4,-47.1,9.700000000000001,31.3,16
11830,198477.0,-0.6000000000000001,2.3000000000000003,0.9,-2.1,6.300000000000001,9.600000000000001,-62.199999999999996,4.1,44.6,16
11831,198494.0,-0.30000000000000004,2.1,2.7,-1.7000000000000002,5.9,11.5,-65.4,0.30000000000000004,50.8,16
11832,198510.0,0.1,2.0,3.5,-1.3,5.7,12.3,-62.7,-15.399999999999999,54.4,16
11833,198527.0,0.9,1.8,4.6000000000000005,-0.2,5.4,13.600000000000001,-42.400000000000006,-43.800000000000004,41.900000000000006,16
11834,198545.0,0.9,1.7000000000000002,4.4,0.0,5.300000000000001,13.4,-24.900000000000002,-57.400000000000006,30.1,16
11835,198564.0,0.6000000000000001,1.9000000000000001,3.6,-0.5,5.7,12.0,10.200000000000001,-65.8,4.9,16
11836,198577.0,-0.1,2.1,2.5,-0.7000000000000001,5.800000000000001,11.5,30.599999999999998,-46.6,-9.8,16
11837,198594.0,-0.30000000000000004,1.6,2.0,-0.9,5.5,11.0,39.1,-16.3,-16.700000000000003,16
11838,198610.0,-0.4,1.4000000000000001,1.8,-1.0,5.300000000000001,10.8,41.50000000000001,-6.4,-19.300000000000004,16
11839,198627.0,-0.1,1.5,1.2000000000000002,-0.7000000000000001,5.5,10.200000000000001,43.50000000000001,-3.0,-21.8,16
11840,198644.0,0.1,1.6,0.8,-0.4,5.800000000000001,9.3,41.4,-4.7,-21.6,16
11841,198661.0,0.5,1.6,0.1,-0.2,5.800000000000001,8.9,26.9,-9.899999999999999,-19.5,16
11842,198679.0,0.30000000000000004,1.6,0.30000000000000004,-0.30000000000000004,5.9,9.200000000000001,-1.4,-11.4,-17.400000000000002,16
11843,198694.0,0.2,1.7000000000000002,1.9000000000000001,-0.5,5.9,10.8,-27.9,8.4,-10.700000000000001,16
11844,198710.0,0.4,1.5,2.8000000000000003,-0.30000000000000004,5.7,11.8,-35.599999999999994,24.3,-5.300000000000001,16
11845,198727.0,1.3,0.7000000000000001,4.800000000000001,0.5,4.7,13.9,-34.900000000000006,40.300000000000004,0.30000000000000004,16
11846,198744.0,2.2,-0.4,5.4,1.3,3.6,14.4,-4.4,18.3,-8.100000000000001,16
11847,198762.0,2.4000000000000004,-0.6000000000000001,4.4,1.5,3.4000000000000004,13.5,16.6,-1.7,-16.0,16
11848,198777.0,2.5,-0.4,1.5,1.7000000000000002,3.7,10.600000000000001,40.1,-35.8,-31.400000000000002,16
11849,198794.0,2.3000000000000003,-0.4,-0.2,1.6,3.9000000000000004,8.8,40.0,-44.5,-40.1,16
11850,198810.0,2.2,-0.4,-0.7000000000000001,1.5,3.8000000000000003,8.3,37.1,-41.300000000000004,-42.800000000000004,16
11851,198827.0,2.0,-0.7000000000000001,-1.2000000000000002,1.4000000000000001,3.6,7.7,30.699999999999996,-28.0,-47.80000000000001,16
11852,198844.0,1.4000000000000001,-1.1,-1.4000000000000001,0.7000000000000001,3.4000000000000004,7.5,24.599999999999998,-9.8,-53.2,16
11853,198864.0,0.6000000000000001,-1.3,-1.3,-0.1,3.2,7.6000000000000005,19.700000000000003,0.8,-54.199999999999996,16
11854,198877.0,0.5,-1.4000000000000001,-1.1,-0.30000000000000004,3.1,7.7,19.9,1.7,-52.2,16
11855,198894.0,0.30000000000000004,-1.8,-0.8,-0.6000000000000001,2.7,8.0,26.000000000000004,-3.8,-50.60000000000001,16
11856,198910.0,0.1,-1.9000000000000001,-0.9,-0.8,2.7,7.9,31.3,-10.200000000000001,-51.0,16
11857,198927.0,-0.2,-1.9000000000000001,-1.6,-1.1,2.8000000000000003,7.1000000000000005,40.2,-26.300000000000004,-49.4,16
11858,198944.0,-0.7000000000000001,-1.6,-2.4000000000000004,-1.5,3.1,6.300000000000001,37.800000000000004,-40.300000000000004,-42.5,16
11859,198961.0,-0.8,-1.5,-2.6,-1.6,3.3000000000000003,6.0,32.400000000000006,-44.300000000000004,-37.0,16
11860,198979.0,-0.7000000000000001,-1.1,-3.0,-1.4000000000000001,3.7,5.5,19.200000000000003,-50.3,-23.400000000000002,16
11861,198994.0,-0.2,-0.9,-2.4000000000000004,-0.8,4.0,6.1000000000000005,2.5,-47.900000000000006,-10.700000000000001,16
11862,199010.0,0.1,-0.9,-1.9000000000000001,-0.4,3.9000000000000004,6.6000000000000005,-3.4,-46.9,-8.5,16
11863,199027.0,-0.1,-0.7000000000000001,-0.8,-0.5,4.1000000000000005,7.7,-6.699999999999999,-38.7,-9.8,16
11864,199044.0,-0.5,-0.7000000000000001,0.2,-0.8,4.1000000000000005,8.700000000000001,-1.6,-17.200000000000003,-9.600000000000001,16
11865,199060.0,-0.7000000000000001,-0.8,0.6000000000000001,-1.0,4.0,9.1,3.0,-6.600000000000001,-8.5,16
11866,199079.0,-0.9,-0.8,0.9,-1.3,4.1000000000000005,9.5,15.8,4.9,-5.8,16
11867,199094.0,-0.9,-0.7000000000000001,0.6000000000000001,-1.3,4.1000000000000005,9.1,28.500000000000004,6.300000000000001,-0.4,16
11868,199111.0,-0.8,-0.7000000000000001,0.2,-1.3,4.2,8.700000000000001,32.0,2.2,2.6,16
11869,199127.0,-0.7000000000000001,-0.7000000000000001,-0.5,-1.0,4.3,7.9,31.5,-13.5,5.6,16
11870,199144.0,-0.9,-0.5,-0.8,-1.3,4.6000000000000005,7.5,24.599999999999998,-21.0,5.8,16
11871,199163.0,-1.1,-0.2,-0.6000000000000001,-1.4000000000000001,5.0,7.7,18.8,-14.600000000000001,10.200000000000001,16
11872,199177.0,-1.0,-0.2,-0.5,-1.3,5.0,7.800000000000001,19.0,-10.4,12.4,16
11873,199194.0,-1.0,-0.1,-0.30000000000000004,-1.2000000000000002,5.2,8.0,18.8,5.7,16.200000000000003,16
11874,199211.0,-0.8,0.1,-0.30000000000000004,-0.8,5.5,8.0,17.300000000000004,14.800000000000002,17.300000000000004,16
11875,199227.0,-0.4,0.2,-0.2,-0.7000000000000001,5.5,8.0,9.4,23.3,16.3,16
11876,199244.0,-0.30000000000000004,0.4,-0.1,-0.7000000000000001,5.7,8.1,-6.699999999999999,21.8,13.000000000000002,16
11877,199261.0,-0.6000000000000001,0.30000000000000004,-0.2,-0.9,5.6000000000000005,8.0,-28.0,10.0,13.399999999999999,16
11878,199278.0,-0.7000000000000001,0.2,-0.30000000000000004,-1.0,5.4,8.0,-41.800000000000004,3.6000000000000005,16.5,16
11879,199294.0,-1.0,-0.2,0.1,-1.3,4.7,8.5,-80.60000000000001,4.1,25.6,16
11880,199310.0,-1.1,-0.6000000000000001,1.1,-1.3,3.8000000000000003,11.200000000000001,-119.0,10.8,35.1,16
11881,199327.0,-0.6000000000000001,-1.1,4.1000000000000005,-0.9,3.4000000000000004,12.9,-123.6,6.300000000000001,35.1,16
11882,199344.0,0.0,-1.4000000000000001,5.9,-0.2,2.7,14.8,-88.7,-4.4,19.700000000000003,16
11883,199360.0,0.1,-1.2000000000000002,3.9000000000000004,-0.1,2.8000000000000003,13.0,-15.8,-5.4,-4.7,16
11884,199378.0,-0.1,-1.2000000000000002,1.8,-0.30000000000000004,2.9000000000000004,10.9,15.100000000000001,1.4,-15.399999999999999,16
11885,199394.0,-0.4,-1.1,-1.7000000000000002,-0.7000000000000001,3.0,7.300000000000001,40.7,24.1,-27.9,16
11886,199410.0,-0.5,-0.9,-3.7,-1.0,3.3000000000000003,5.2,29.800000000000004,42.5,-30.1,16
11887,199427.0,-0.6000000000000001,-0.8,-4.1000000000000005,-1.2000000000000002,3.5,4.7,16.3,49.0,-27.0,16
11888,199444.0,-1.1,-0.6000000000000001,-3.8000000000000003,-1.9000000000000001,3.6,5.0,-12.5,55.3,-12.100000000000001,16
11889,199462.0,-1.0,-0.7000000000000001,-3.1,-1.9000000000000001,3.5,5.7,-32.8,52.5,12.0,16
11890,199478.0,-0.6000000000000001,-0.7000000000000001,-2.8000000000000003,-1.7000000000000002,3.3000000000000003,6.0,-39.300000000000004,47.80000000000001,23.5,16
11891,199494.0,0.30000000000000004,-0.9,-2.4000000000000004,-0.7000000000000001,3.0,6.4,-45.099999999999994,32.1,38.7,16
11892,199510.0,1.2000000000000002,-0.9,-2.2,0.1,3.0,6.6000000000000005,-40.1,13.3,40.5,16
11893,199527.0,1.4000000000000001,-0.8,-2.1,0.30000000000000004,3.0,6.800000000000001,-35.5,6.9,35.699999999999996,16
11894,199545.0,1.4000000000000001,-0.30000000000000004,-2.0,0.4,3.4000000000000004,6.9,-23.0,5.300000000000001,22.2,16
11895,199560.0,1.0,0.30000000000000004,-2.0,0.0,4.0,6.9,-8.3,23.5,12.8,16
11896,199577.0,0.9,0.6000000000000001,-2.0,-0.2,4.3,6.9,-2.3,35.699999999999996,10.8,16
11897,199594.0,0.9,1.2000000000000002,-1.6,-0.30000000000000004,4.9,7.2,3.8,56.400000000000006,9.700000000000001,16
11898,199610.0,1.0,1.4000000000000001,-1.1,-0.4,5.2,7.7,4.1,62.300000000000004,9.600000000000001,16
11899,199627.0,0.9,1.5,-0.9,-0.6000000000000001,5.300000000000001,7.9,-0.30000000000000004,62.800000000000004,9.2,16
11900,199645.0,0.30000000000000004,1.8,0.2,-1.3,5.5,9.0,-16.4,49.800000000000004,9.4,16
11901,199660.0,-0.2,1.9000000000000001,2.0,-1.9000000000000001,5.6000000000000005,10.8,-33.2,19.0,16.3,16
11902,199679.0,0.1,1.9000000000000001,3.4000000000000004,-1.6,5.4,12.3,-34.50000000000001,-26.200000000000003,22.700000000000003,16
11903,199695.0,0.4,1.8,3.9000000000000004,-1.1,5.300000000000001,12.8,-27.2,-49.0,22.2,16
11904,199710.0,1.0,1.4000000000000001,4.1000000000000005,-0.30000000000000004,5.0,13.100000000000001,-1.9,-83.5,9.2,16
11905,199727.0,1.1,1.5,3.9000000000000004,0.0,5.0,12.9,12.0,-93.2,-3.2,16
11906,199745.0,1.0,1.7000000000000002,3.5,0.1,5.300000000000001,12.600000000000001,34.800000000000004,-88.7,-31.7,16
11907,199762.0,0.4,1.7000000000000002,3.2,-0.4,5.5,12.3,52.900000000000006,-61.199999999999996,-59.00000000000001,16
11908,199777.0,-0.1,1.5,3.1,-0.8,5.4,12.100000000000001,61.10000000000001,-44.300000000000004,-70.4,16
11909,199794.0,-1.4000000000000001,1.3,2.6,-2.1,5.4,11.5,78.80000000000001,-17.1,-85.60000000000001,16
11910,199810.0,-1.8,1.7000000000000002,0.9,-2.7,6.1000000000000005,9.700000000000001,91.0,0.30000000000000004,-82.60000000000001,16
11911,199827.0,-1.6,2.1,0.1,-2.4000000000000004,6.9,8.1,87.7,9.600000000000001,-75.7,16
11912,199844.0,-1.2000000000000002,2.4000000000000004,-0.8,-2.3000000000000003,7.2,7.800000000000001,63.500000000000014,24.200000000000003,-59.00000000000001,16
11913,199860.0,-1.2000000000000002,2.5,-0.5,-2.5,7.300000000000001,8.0,27.099999999999998,25.4,-40.7,16
11914,199877.0,-1.1,2.4000000000000004,0.0,-2.5,7.2,8.5,9.3,21.8,-29.600000000000005,16
11915,199894.0,-0.4,1.6,1.0,-1.8,6.4,9.5,-18.200000000000003,8.100000000000001,-6.0,16
11916,199910.0,0.9,0.8,2.1,-0.4,5.5,10.700000000000001,-27.099999999999998,-11.4,6.300000000000001,16
11917,199927.0,1.5,0.4,2.3000000000000003,0.6000000000000001,4.800000000000001,10.700000000000001,-21.1,-21.1,7.400000000000001,16
11918,199944.0,2.0,-0.1,1.3,0.7000000000000001,4.6000000000000005,10.0,-1.5,-36.5,3.6000000000000005,16
11919,199960.0,1.6,0.2,-0.4,0.5,4.9,8.3,5.6,-40.300000000000004,0.8,16
11920,199977.0,1.0,0.30000000000000004,-1.4000000000000001,0.0,5.0,7.300000000000001,-6.300000000000001,-26.799999999999997,8.700000000000001,16
11921,199994.0,1.0,0.30000000000000004,-1.2000000000000002,0.1,5.0,7.5,-15.000000000000002,-17.300000000000004,15.6,16
11922,200010.0,1.3,-0.30000000000000004,-0.30000000000000004,0.5,4.3,8.4,-24.0,-1.8000000000000003,26.799999999999997,16
11923,200027.0,1.9000000000000001,-1.4000000000000001,0.7000000000000001,0.8,3.7,9.0,-22.5,-1.1,27.400000000000002,16
11924,200045.0,1.9000000000000001,-1.9000000000000001,0.9,1.2000000000000002,2.7,9.700000000000001,-7.699999999999999,-14.200000000000001,13.6,16
11925,200061.0,1.6,-2.2,0.5,0.9,2.4000000000000004,9.3,17.1,-33.400000000000006,-8.600000000000001,16
11926,200077.0,0.6000000000000001,-2.1,-0.30000000000000004,0.1,2.6,8.4,36.2,-37.50000000000001,-24.599999999999998,16
11927,200094.0,0.2,-2.0,-0.7000000000000001,-0.30000000000000004,2.7,8.0,43.4,-36.0,-27.800000000000004,16
11928,200110.0,0.0,-2.0,-1.8,-0.5,2.8000000000000003,6.9,55.0,-31.3,-27.099999999999998,16
11929,200127.0,-0.1,-1.9000000000000001,-2.8000000000000003,-0.5,3.1,5.7,56.10000000000001,-28.0,-24.900000000000002,16
11930,200144.0,-0.1,-1.8,-3.1,-0.5,3.3000000000000003,5.300000000000001,51.2,-27.6,-23.700000000000003,16
11931,200164.0,0.0,-1.3,-3.0,-0.4,3.8000000000000003,5.4,34.50000000000001,-29.0,-21.300000000000004,16
11932,200177.0,-0.4,-1.0,-2.2,-0.7000000000000001,4.2,6.1000000000000005,19.300000000000004,-30.699999999999996,-17.9,16
11933,200194.0,-0.6000000000000001,-0.8,-1.9000000000000001,-0.9,4.4,6.300000000000001,13.100000000000001,-27.700000000000003,-13.6,16
11934,200212.0,-0.7000000000000001,-0.7000000000000001,-1.2000000000000002,-1.0,4.6000000000000005,7.0,3.4,-18.200000000000003,-0.8,16
11935,200227.0,-0.5,-0.8,-0.30000000000000004,-0.7000000000000001,4.4,8.0,0.5,-7.400000000000001,8.100000000000001,16
11936,200244.0,-0.4,-1.0,0.0,-0.6000000000000001,4.3,8.3,2.5,-2.3,10.0,16
11937,200264.0,-0.1,-1.1,0.30000000000000004,-0.30000000000000004,4.2,8.6,7.6,2.0,9.600000000000001,16
11938,200277.0,-0.2,-1.1,0.5,-0.30000000000000004,4.1000000000000005,8.700000000000001,11.8,-5.300000000000001,3.7000000000000006,16
11939,200294.0,-0.2,-1.1,0.5,-0.4,4.2,8.700000000000001,15.2,-11.6,0.9000000000000001,16
11940,200310.0,-0.6000000000000001,-0.7000000000000001,-0.2,-0.7000000000000001,4.6000000000000005,8.0,23.0,-19.6,-3.3000000000000007,16
11941,200327.0,-0.8,-0.5,-0.9,-0.9,4.9,7.2,24.0,-14.0,-4.6,16
11942,200347.0,-1.3,-0.5,-1.3,-1.4000000000000001,5.0,6.800000000000001,17.1,1.0,-3.3000000000000007,16
11943,200365.0,-1.4000000000000001,-0.2,-1.2000000000000002,-1.4000000000000001,5.5,7.0,11.6,8.899999999999999,-0.7,16
11944,200381.0,-1.1,0.2,-0.8,-1.3,5.7,7.2,-1.6,26.000000000000004,6.0,16
11945,200394.0,-1.1,0.2,-0.7000000000000001,-1.3,5.7,7.4,-7.8,31.6,7.200000000000001,16
11946,200410.0,-1.1,0.2,-0.30000000000000004,-1.4000000000000001,5.6000000000000005,7.800000000000001,-22.4,35.5,6.500000000000001,16
11947,200428.0,-0.9,0.2,0.30000000000000004,-1.3,5.5,8.5,-41.1,35.4,4.800000000000001,16
11948,200444.0,-1.0,0.0,0.4,-1.4000000000000001,5.2,8.6,-52.2,37.800000000000004,4.4,16
11949,200461.0,-1.4000000000000001,-0.4,1.5,-2.0,4.6000000000000005,9.8,-88.8,54.800000000000004,5.1000000000000005,16
11950,200478.0,-1.9000000000000001,-0.6000000000000001,5.0,-2.7,4.1000000000000005,13.5,-117.30000000000001,71.39999999999999,8.5,16
11951,200494.0,-1.7000000000000002,-0.8,6.7,-2.6,3.7,15.3,-111.0,71.7,10.600000000000001,16
11952,200510.0,-0.9,-1.2000000000000002,7.5,-2.0,3.1,16.3,-58.0,51.1,5.9,16
11953,200527.0,-0.7000000000000001,-1.5,4.1000000000000005,-1.9000000000000001,2.8000000000000003,13.0,8.5,15.000000000000002,-8.8,16
11954,200544.0,-0.7000000000000001,-1.3,1.9000000000000001,-2.0,3.3000000000000003,8.8,28.900000000000002,1.3,-13.700000000000001,16
11955,200561.0,-0.9,-0.9,-1.5,-2.1,3.5,7.2,37.6,-4.9,-13.000000000000002,16
11956,200577.0,-0.9,-0.8,-2.7,-2.0,3.8000000000000003,5.2,21.6,4.5,-2.0,16
11957,200594.0,-0.5,-0.5,-4.0,-1.5,4.0,4.4,8.899999999999999,10.9,5.6,16
11958,200610.0,-0.1,-0.6000000000000001,-4.4,-1.3,3.9000000000000004,4.3,-16.3,21.300000000000004,21.1,16
11959,200627.0,0.0,-0.7000000000000001,-4.3,-1.1,3.5,4.6000000000000005,-40.7,28.400000000000002,37.2,16
11960,200644.0,0.4,-1.0,-3.7,-0.9,3.3000000000000003,5.0,-51.2,29.800000000000004,44.00000000000001,16
11961,200665.0,1.3,-1.1,-2.5,0.0,3.0,6.300000000000001,-61.39999999999999,22.3,50.0,16
11962,200678.0,1.5,-0.9,-2.1,0.2,3.0,6.6000000000000005,-57.49999999999999,21.0,47.80000000000001,16
11963,200694.0,1.5,-0.9,-1.9000000000000001,0.2,3.1,6.800000000000001,-40.300000000000004,19.200000000000003,39.300000000000004,16
11964,200711.0,1.4000000000000001,-0.5,-2.2,0.1,3.3000000000000003,6.6000000000000005,-31.3,19.400000000000002,35.4,16
11965,200727.0,1.1,0.1,-2.7,-0.2,3.9000000000000004,6.1000000000000005,-22.6,22.4,31.799999999999997,16
11966,200745.0,1.1,0.8,-2.5,-0.30000000000000004,4.4,6.300000000000001,-25.4,24.900000000000002,34.1,16
11967,200760.0,1.1,1.1,-2.1,-0.2,4.7,6.7,-27.800000000000004,26.200000000000003,35.4,16
11968,200777.0,1.0,1.5,-1.5,-0.4,5.1000000000000005,7.300000000000001,-33.7,27.400000000000002,38.0,16
11969,200794.0,0.5,1.8,-0.5,-0.9,5.300000000000001,8.4,-42.0,24.200000000000003,40.7,16
11970,200810.0,0.4,1.9000000000000001,0.4,-1.0,5.300000000000001,9.3,-47.3,21.1,42.60000000000001,16
11971,200827.0,0.1,1.9000000000000001,2.4000000000000004,-1.3,5.2,11.3,-50.2,9.600000000000001,41.900000000000006,16
11972,200844.0,-0.30000000000000004,2.0,3.8000000000000003,-1.6,5.2,12.8,-36.2,-6.9,42.3,16
11973,200860.0,0.0,2.0,4.1000000000000005,-1.3,5.2,13.200000000000001,-23.800000000000004,-16.0,42.2,16
11974,200877.0,0.7000000000000001,1.8,3.9000000000000004,-0.4,5.0,13.0,8.0,-35.4,32.5,16
11975,200894.0,0.7000000000000001,1.7000000000000002,2.4000000000000004,-0.30000000000000004,5.1000000000000005,11.600000000000001,33.50000000000001,-41.7,13.100000000000001,16
11976,200910.0,0.6000000000000001,1.8,1.9000000000000001,-0.30000000000000004,5.2,11.0,38.300000000000004,-37.1,3.6000000000000005,16
11977,200927.0,0.30000000000000004,1.7000000000000002,1.6,-0.5,5.2,10.700000000000001,40.1,-17.6,-11.1,16
11978,200944.0,-0.1,1.3,1.9000000000000001,-1.0,5.0,11.0,38.400000000000006,4.9,-23.400000000000002,16
11979,200967.0,-0.2,1.3,2.2,-1.2000000000000002,5.2,11.200000000000001,42.800000000000004,16.4,-32.1,16
11980,200980.0,0.0,1.5,1.8,-1.0,5.4,10.700000000000001,48.70000000000001,17.200000000000003,-33.9,16
11981,200994.0,0.1,2.0,0.4,-1.0,6.0,9.4,51.800000000000004,16.200000000000003,-33.1,16
11982,201011.0,0.2,2.3000000000000003,0.0,-0.9,6.4,8.9,37.50000000000001,13.6,-24.5,16
11983,201027.0,0.2,2.3000000000000003,0.1,-1.0,6.4,8.9,3.3000000000000007,5.500000000000001,-14.300000000000002,16
11984,201044.0,-0.2,1.7000000000000002,2.0,-1.4000000000000001,5.800000000000001,10.9,-34.1,1.8000000000000003,-2.8,16
11985,201060.0,0.2,1.5,3.0,-1.0,5.5,12.0,-42.400000000000006,-1.1,3.3000000000000007,16
11986,201080.0,1.6,0.6000000000000001,4.9,0.4,4.6000000000000005,13.9,-31.3,-9.2,7.400000000000001,16
11987,201094.0,2.6,-0.4,4.0,1.5,3.6,13.100000000000001,12.100000000000001,-26.1,-6.1000000000000005,16
11988,201110.0,2.8000000000000003,-0.30000000000000004,2.5,1.8,3.6,11.600000000000001,31.6,-34.0,-16.700000000000003,16
11989,201127.0,2.5,-0.1,-0.1,1.6,4.0,8.9,42.3,-36.300000000000004,-36.2,16
11990,201144.0,1.9000000000000001,0.0,-1.1,1.0,4.2,7.9,32.1,-24.599999999999998,-43.900000000000006,16
11991,201167.0,1.2000000000000002,-0.1,-1.1,0.30000000000000004,4.1000000000000005,7.800000000000001,20.0,-11.4,-43.300000000000004,16
11992,201178.0,0.8,-0.2,-1.1,-0.1,4.1000000000000005,7.800000000000001,16.1,-8.2,-40.2,16
11993,201194.0,0.2,-0.5,-1.3,-0.8,3.8000000000000003,7.6000000000000005,9.600000000000001,-7.500000000000001,-27.6,16
11994,201210.0,0.2,-0.7000000000000001,-1.5,-0.7000000000000001,3.6,7.4,6.1000000000000005,-10.0,-19.9,16
11995,201228.0,0.6000000000000001,-1.4000000000000001,-1.5,-0.2,2.8000000000000003,7.4,0.0,-20.7,-9.8,16
11996,201245.0,1.1,-1.9000000000000001,-1.3,0.30000000000000004,2.3000000000000003,7.6000000000000005,-2.3,-40.7,-14.900000000000002,16
11997,201267.0,1.1,-1.9000000000000001,-1.2000000000000002,0.5,2.3000000000000003,7.7,5.500000000000001,-55.7,-29.1,16
11998,201277.0,0.9,-1.9000000000000001,-1.3,0.30000000000000004,2.3000000000000003,7.6000000000000005,13.000000000000002,-56.9,-36.400000000000006,16
11999,201294.0,0.30000000000000004,-1.9000000000000001,-1.7000000000000002,-0.1,2.4000000000000004,7.1000000000000005,28.900000000000002,-51.0,-47.7,16
12000,201311.0,0.0,-1.8,-2.1,-0.4,2.6,6.7,34.900000000000006,-45.400000000000006,-50.8,16
12001,201327.0,-0.30000000000000004,-1.4000000000000001,-2.8000000000000003,-0.7000000000000001,3.1,6.0,37.400000000000006,-30.599999999999998,-50.1,16
12002,201344.0,-0.1,-0.8,-2.6,-0.5,3.7,6.1000000000000005,30.799999999999997,-12.7,-42.800000000000004,16
12003,201362.0,0.1,-0.7000000000000001,-1.9000000000000001,-0.30000000000000004,3.9000000000000004,6.7,26.799999999999997,-4.7,-39.2,16
12004,201377.0,0.2,-0.6000000000000001,-1.6,-0.4,4.0,7.0,17.5,6.4,-35.0,16
12005,201394.0,-0.1,-0.5,-0.5,-0.7000000000000001,4.1000000000000005,8.0,7.500000000000001,9.5,-33.400000000000006,16
12006,201410.0,-0.4,-0.4,0.2,-1.5,4.2,9.4,3.8,8.5,-32.400000000000006,16
12007,201427.0,-1.1,-0.5,1.4000000000000001,-1.9000000000000001,4.1000000000000005,9.9,7.400000000000001,1.3,-26.799999999999997,16
12008,201444.0,-1.3,-0.4,1.4000000000000001,-2.0,4.2,9.9,19.300000000000004,-7.0,-15.2,16
12009,201461.0,-1.1,-0.30000000000000004,0.9,-1.8,4.4,9.5,23.800000000000004,-16.900000000000002,-5.1000000000000005,16
12010,201477.0,-1.0,-0.4,0.8,-1.7000000000000002,4.3,9.3,23.700000000000003,-22.4,-2.5,16
12011,201494.0,-1.0,-0.5,0.8,-1.7000000000000002,4.3,9.3,21.500000000000004,-24.599999999999998,-0.2,16
12012,201510.0,-1.6,-0.7000000000000001,0.6000000000000001,-2.2,4.2,9.1,21.500000000000004,-21.500000000000004,0.30000000000000004,16
12013,201527.0,-1.7000000000000002,-0.6000000000000001,0.30000000000000004,-2.2,4.3,8.8,22.4,-9.4,5.300000000000001,16
12014,201544.0,-1.4000000000000001,-0.2,-0.2,-2.0,4.7,8.200000000000001,16.5,-0.4,11.3,16
12015,201561.0,-1.4000000000000001,-0.2,-0.4,-1.9000000000000001,4.800000000000001,8.0,9.600000000000001,4.1,13.6,16
12016,201579.0,-1.3,0.0,-0.4,-1.9000000000000001,4.9,8.0,-10.0,9.2,18.8,16
12017,201594.0,-1.4000000000000001,-0.4,-0.5,-1.9000000000000001,4.5,8.0,-34.0,8.3,24.200000000000003,16
12018,201610.0,-1.5,-0.8,-0.1,-2.1,3.9000000000000004,8.5,-68.0,9.3,30.799999999999997,16
12019,201627.0,-1.6,-1.0,0.8,-2.2,3.5,9.4,-87.10000000000001,10.700000000000001,33.9,16
12020,201644.0,-1.4000000000000001,-1.2000000000000002,3.2,-1.9000000000000001,3.0,12.0,-109.2,6.300000000000001,37.300000000000004,16
12021,201661.0,-0.9,-1.5,5.0,-1.4000000000000001,2.4000000000000004,14.0,-87.00000000000001,-4.2,30.4,16
12022,201677.0,-0.8,-1.7000000000000002,4.9,-1.3,2.2,13.9,-60.8,-6.500000000000001,22.000000000000004,16
12023,201694.0,-0.8,-1.5,2.4000000000000004,-1.3,2.3000000000000003,11.5,-3.9,0.8,1.8000000000000003,16
12024,201710.0,-1.2000000000000002,-1.2000000000000002,-0.4,-1.7000000000000002,2.7,8.6,25.200000000000003,31.9,-10.700000000000001,16
12025,201727.0,-1.3,-1.1,-1.5,-1.9000000000000001,2.8000000000000003,7.5,28.700000000000003,50.400000000000006,-11.8,16
12026,201744.0,-1.4000000000000001,-0.8,-2.9000000000000004,-2.3000000000000003,3.1,6.1000000000000005,18.5,81.2,-6.600000000000001,16
12027,201761.0,-1.2000000000000002,-0.6000000000000001,-3.0,-2.4000000000000004,3.3000000000000003,5.9,-5.4,97.00000000000001,6.500000000000001,16
12028,201779.0,-1.0,-0.8,-2.7,-2.2,2.9000000000000004,6.300000000000001,-17.300000000000004,97.60000000000001,14.400000000000002,16
12029,201794.0,-0.4,-1.0,-2.4000000000000004,-1.9000000000000001,2.8000000000000003,6.5,-33.50000000000001,82.9,27.6,16
12030,201810.0,0.30000000000000004,-1.0,-2.2,-1.5,2.7,6.6000000000000005,-39.599999999999994,58.900000000000006,36.2,16
12031,201827.0,0.5,-1.0,-2.2,-1.3,2.7,6.7,-39.2,45.9,37.9,16
12032,201844.0,0.6000000000000001,-0.7000000000000001,-2.3000000000000003,-1.2000000000000002,2.9000000000000004,6.6000000000000005,-33.400000000000006,25.4,38.7,16
12033,201861.0,0.8,-0.30000000000000004,-2.7,-1.0,3.2,6.2,-25.4,18.700000000000003,39.2,16
12034,201877.0,1.0,-0.2,-2.8000000000000003,-0.8,3.3000000000000003,6.0,-22.4,21.900000000000002,39.1,16
12035,201897.0,1.2000000000000002,0.2,-2.9000000000000004,-0.7000000000000001,3.6,5.9,-20.1,38.2,36.6,16
12036,201910.0,1.1,0.5,-2.6,-0.8,3.9000000000000004,6.2,-21.400000000000002,57.20000000000001,32.7,16
12037,201927.0,1.1,0.8,-2.2,-1.0,4.2,6.5,-24.1,65.4,30.699999999999996,16
12038,201944.0,0.9,1.2000000000000002,-1.1,-1.4000000000000001,4.6000000000000005,7.6000000000000005,-32.9,75.4,28.1,16
12039,201960.0,0.0,1.5,0.5,-2.5,4.7,9.200000000000001,-43.6,75.4,28.400000000000002,16
12040,201977.0,-0.4,1.6,1.3,-3.0,4.7,10.0,-49.0,71.19999999999999,30.5,16
12041,201994.0,-0.6000000000000001,1.8,3.1,-3.2,4.9,11.8,-56.50000000000001,46.300000000000004,38.0,16
12042,202010.0,0.1,1.9000000000000001,4.6000000000000005,-2.6,4.800000000000001,13.5,-49.6,-5.300000000000001,44.300000000000004,16
12043,202027.0,0.6000000000000001,1.6,5.0,-2.0,4.5,13.9,-38.400000000000006,-36.5,43.800000000000004,16
12044,202044.0,1.4000000000000001,1.6,4.4,-0.9,4.5,13.5,-9.0,-94.80000000000001,29.400000000000002,16
12045,202061.0,1.5,1.6,3.7,-0.4,4.6000000000000005,12.8,14.5,-110.30000000000001,7.8,16
12046,202078.0,1.4000000000000001,1.6,3.4000000000000004,-0.30000000000000004,4.6000000000000005,12.3,24.7,-101.7,-2.9,16
12047,202094.0,1.0,1.4000000000000001,2.7,-0.4,4.5,11.9,41.199999999999996,-69.7,-24.0,16
12048,202110.0,0.30000000000000004,1.4000000000000001,2.4000000000000004,-1.1,4.7,11.600000000000001,48.9,-37.300000000000004,-40.800000000000004,16
12049,202127.0,-0.1,1.6,2.3000000000000003,-1.5,4.9,11.4,53.9,-28.0,-43.6,16
12050,202144.0,-0.1,1.7000000000000002,1.2000000000000002,-1.4000000000000001,5.2,10.3,64.50000000000001,-19.6,-38.400000000000006,16
12051,202168.0,0.1,1.8,0.4,-1.2000000000000002,5.5,9.4,54.800000000000004,-10.200000000000001,-27.099999999999998,16
12052,202178.0,0.5,1.7000000000000002,0.2,-0.8,5.6000000000000005,9.200000000000001,32.6,-7.699999999999999,-17.7,16
12053,202194.0,0.5,1.7000000000000002,0.2,-0.8,5.6000000000000005,9.200000000000001,17.400000000000002,-6.4,-14.5,16
12054,202210.0,0.5,1.4000000000000001,1.5,-0.9,5.300000000000001,10.5,-15.299999999999999,-10.299999999999999,-6.8,16
12055,202229.0,1.0,0.6000000000000001,3.0,-0.2,4.4,12.100000000000001,-22.8,-31.2,-0.1,16
12056,202244.0,1.5,0.2,3.4000000000000004,0.30000000000000004,4.0,12.600000000000001,-14.900000000000002,-41.0,0.4,16
12057,202260.0,2.1,-0.2,2.5,1.1,3.6,11.600000000000001,14.0,-54.0,-6.600000000000001,16
12058,202277.0,2.3000000000000003,0.0,1.0,1.4000000000000001,3.9000000000000004,10.200000000000001,30.699999999999996,-49.800000000000004,-18.4,16
12059,202295.0,2.2,0.1,0.6000000000000001,1.4000000000000001,4.0,9.700000000000001,34.2,-40.800000000000004,-23.5,16
12060,202311.0,2.0,0.2,-0.1,1.2000000000000002,4.3,8.9,32.5,-15.399999999999999,-31.799999999999997,16
12061,202328.0,1.2000000000000002,0.2,0.4,0.4,4.3,9.4,23.5,7.1000000000000005,-39.300000000000004,16
12062,202344.0,0.7000000000000001,0.1,0.6000000000000001,-0.1,4.3,9.600000000000001,23.700000000000003,12.9,-40.300000000000004,16
12063,202360.0,-0.1,-0.2,0.5,-1.0,4.0,9.5,28.400000000000002,15.399999999999999,-38.2,16
12064,202379.0,-0.7000000000000001,-0.6000000000000001,0.4,-1.7000000000000002,3.7,9.4,32.300000000000004,3.6000000000000005,-35.599999999999994,16
12065,202394.0,-0.9,-0.8,0.4,-2.0,3.5,9.3,35.699999999999996,-3.6000000000000005,-33.400000000000006,16
12066,202410.0,-1.0,-1.1,0.0,-2.0,3.4000000000000004,8.8,46.4,-18.1,-27.0,16
12067,202427.0,-1.0,-1.3,-0.4,-1.9000000000000001,3.1,7.800000000000001,52.60000000000001,-25.4,-24.900000000000002,16
12068,202444.0,-0.9,-1.7000000000000002,-1.5,-1.9000000000000001,3.0,7.2,63.4,-38.1,-23.2,16
12069,202461.0,-0.9,-1.8,-2.7,-1.7000000000000002,3.0,5.9,65.3,-44.4,-21.200000000000003,16
12070,202477.0,-0.8,-1.7000000000000002,-3.4000000000000004,-1.6,3.3000000000000003,5.1000000000000005,57.49999999999999,-43.1,-18.700000000000003,16
12071,202494.0,-1.0,-1.7000000000000002,-3.5,-1.7000000000000002,3.4000000000000004,4.9,51.50000000000001,-39.0,-16.6,16
12072,202510.0,-1.2000000000000002,-1.5,-3.3000000000000003,-1.9000000000000001,3.7,5.0,38.400000000000006,-26.799999999999997,-7.699999999999999,16
12073,202527.0,-1.0,-1.3,-2.8000000000000003,-1.6,4.0,5.5,25.900000000000002,-11.4,5.500000000000001,16
12074,202544.0,-0.7000000000000001,-1.3,-2.5,-1.4000000000000001,4.0,5.7,20.1,-2.8,10.9,16
12075,202564.0,-0.6000000000000001,-1.5,-1.5,-1.3,3.8000000000000003,6.7,9.700000000000001,13.5,15.2,16
12076,202577.0,-0.8,-1.8,-0.6000000000000001,-1.5,3.6,7.6000000000000005,3.3000000000000007,21.8,15.100000000000001,16
12077,202594.0,-0.8,-1.8,-0.1,-1.5,3.6,8.1,2.7,20.5,14.400000000000002,16
12078,202611.0,-0.7000000000000001,-1.7000000000000002,0.7000000000000001,-1.4000000000000001,3.7,8.8,5.9,10.1,10.5,16
12079,202627.0,-0.8,-1.4000000000000001,0.9,-1.5,3.9000000000000004,9.0,14.700000000000001,-4.7,7.0,16
12080,202644.0,-0.9,-1.4000000000000001,0.7000000000000001,-1.6,4.0,8.8,19.0,-8.600000000000001,6.600000000000001,16
12081,202662.0,-0.9,-1.4000000000000001,0.0,-1.6,4.0,8.1,20.5,-12.5,6.2,16
12082,202678.0,-0.9,-1.3,-0.1,-1.6,4.2,8.0,13.200000000000003,-6.600000000000001,7.300000000000001,16
12083,202694.0,-0.9,-1.2000000000000002,-0.1,-1.5,4.3,8.0,8.8,-2.0,8.100000000000001,16
12084,202710.0,-0.4,-0.7000000000000001,0.2,-1.0,4.7,8.3,0.2,2.6,5.8,16
12085,202727.0,-0.6000000000000001,-0.6000000000000001,0.8,-1.3,4.9,8.9,-6.4,7.400000000000001,-1.8000000000000003,16
12086,202744.0,-0.6000000000000001,-0.5,0.9,-1.3,5.0,9.0,-7.400000000000001,10.600000000000001,-3.2,16
12087,202761.0,-0.7000000000000001,-0.4,0.5,-1.4000000000000001,5.0,8.6,-13.000000000000002,16.6,-6.600000000000001,16
12088,202778.0,-1.0,-0.30000000000000004,-0.1,-1.8,5.0,8.0,-34.800000000000004,28.700000000000003,-7.500000000000001,16
12089,202794.0,-1.3,-0.30000000000000004,-0.1,-2.1,4.9,8.1,-52.900000000000006,38.50000000000001,-5.9,16
12090,202811.0,-2.2,-0.5,1.4000000000000001,-3.3000000000000003,4.5,9.8,-94.6,59.699999999999996,3.2,16
12091,202827.0,-2.1,-0.8,3.4000000000000004,-3.3000000000000003,3.8000000000000003,12.0,-106.80000000000001,56.800000000000004,18.8,16
12092,202844.0,-1.4000000000000001,-0.9,4.0,-2.7,3.6,12.600000000000001,-97.60000000000001,44.4,24.7,16
12093,202862.0,-0.2,-1.4000000000000001,3.4000000000000004,-1.5,2.9000000000000004,12.200000000000001,-58.0,13.5,24.5,16
12094,202879.0,0.4,-1.3,0.6000000000000001,-0.9,2.9000000000000004,9.4,-15.8,-5.2,12.5,16
12095,202894.0,0.4,-1.1,-0.9,-0.9,3.5,6.9,-5.300000000000001,-6.9,5.1000000000000005,16
12096,202911.0,0.30000000000000004,-0.5,-2.7,-1.0,3.7,6.1000000000000005,-3.1,7.500000000000001,-4.5,16
12097,202927.0,-0.1,-0.30000000000000004,-3.6,-1.4000000000000001,3.9000000000000004,5.1000000000000005,-9.8,31.099999999999998,-4.6,16
12098,202944.0,-0.4,-0.2,-3.8000000000000003,-2.3000000000000003,4.1000000000000005,5.0,-16.8,43.4,-0.7,16
12099,202961.0,-1.0,0.0,-3.5,-2.6,4.1000000000000005,5.2,-34.300000000000004,62.300000000000004,15.5,16
12100,202977.0,-0.5,0.0,-2.8000000000000003,-2.3000000000000003,4.0,5.9,-47.2,64.4,36.9,16
12101,202994.0,-0.1,-0.1,-2.4000000000000004,-1.5,3.7,6.800000000000001,-50.5,57.20000000000001,45.0,16
12102,203010.0,0.6000000000000001,-0.2,-1.7000000000000002,-1.2000000000000002,3.6,7.1000000000000005,-49.199999999999996,29.800000000000004,50.400000000000006,16
12103,203027.0,1.1,0.1,-1.4000000000000001,-0.7000000000000001,3.8000000000000003,7.300000000000001,-36.7,-3.3000000000000007,45.2,16
12104,203044.0,1.1,0.7000000000000001,-1.8,-0.6000000000000001,4.3,7.0,-21.900000000000002,-18.1,41.6,16
12105,203067.0,0.9,1.2000000000000002,-2.2,-0.7000000000000001,4.800000000000001,6.6000000000000005,-15.100000000000001,-15.5,42.800000000000004,16
12106,203080.0,1.0,1.5,-2.3000000000000003,-0.5,5.1000000000000005,6.5,-15.5,-11.3,45.5,16
12107,203094.0,1.1,2.0,-1.9000000000000001,-0.30000000000000004,5.6000000000000005,6.9,-23.3,-0.5,49.0,16
12108,203111.0,1.0,2.2,-1.5,-0.4,5.7,7.300000000000001,-30.000000000000004,3.9,50.7,16
12109,203128.0,0.7000000000000001,2.2,0.1,-0.6000000000000001,5.7,9.0,-45.0,6.4,54.199999999999996,16
12110,203143.0,0.30000000000000004,2.0,1.8,-0.9,5.300000000000001,10.8,-51.800000000000004,-3.2,52.1,16
12111,203163.0,0.30000000000000004,2.0,3.6,-0.9,5.2,12.600000000000001,-42.800000000000004,-18.3,46.50000000000001,16
12112,203178.0,0.30000000000000004,1.8,4.2,-0.8,5.1000000000000005,13.3,-29.400000000000002,-25.4,41.900000000000006,16
12113,203193.0,0.7000000000000001,1.5,4.0,-0.2,4.800000000000001,13.100000000000001,11.2,-42.60000000000001,27.099999999999998,16
12114,203210.0,0.9,1.7000000000000002,3.2,0.0,5.0,12.3,29.300000000000004,-49.1,16.4,16
12115,203228.0,0.9,1.8,2.0,0.2,5.300000000000001,11.200000000000001,46.50000000000001,-47.400000000000006,-5.4,16
12116,203244.0,0.0,1.7000000000000002,2.2,-0.6000000000000001,5.300000000000001,11.3,49.1,-29.900000000000006,-24.599999999999998,16
12117,203260.0,-0.2,1.6,2.6,-0.8,5.300000000000001,11.700000000000001,49.199999999999996,-20.0,-31.7,16
12118,203278.0,-0.30000000000000004,1.2000000000000002,3.7,-1.0,5.1000000000000005,12.700000000000001,52.5,-6.4,-45.0,16
12119,203294.0,-0.2,0.9,3.6,-0.9,5.0,12.600000000000001,74.10000000000001,-3.0,-56.10000000000001,16
12120,203310.0,-0.1,1.3,2.6,-0.9,5.5,11.600000000000001,85.69999999999999,-2.3,-58.800000000000004,16
12121,203327.0,-0.5,1.8,0.5,-1.3,6.2,9.3,83.60000000000001,0.6000000000000001,-54.199999999999996,16
12122,203344.0,-0.7000000000000001,2.4000000000000004,-0.4,-1.5,7.1000000000000005,8.3,49.0,-6.1000000000000005,-40.300000000000004,16
12123,203363.0,-0.9,2.5,0.0,-1.9000000000000001,7.1000000000000005,9.8,22.700000000000003,-7.200000000000001,-31.400000000000002,16
12124,203383.0,-0.2,1.1,3.4000000000000004,-1.1,5.800000000000001,12.100000000000001,-22.700000000000003,-3.0,-0.8,16
12125,203395.0,0.4,0.2,3.8000000000000003,-0.5,4.800000000000001,12.600000000000001,-14.0,-5.1000000000000005,4.5,16
12126,203410.0,1.1,-0.6000000000000001,3.5,0.2,4.1000000000000005,12.3,3.3000000000000007,-11.4,4.800000000000001,16
12127,203427.0,2.0,-1.2000000000000002,1.0,1.2000000000000002,3.5,9.8,39.400000000000006,-33.50000000000001,-7.1000000000000005,16
12128,203443.0,2.2,-1.0,-0.4,1.4000000000000001,4.3,7.2,44.8,-48.2,-22.000000000000004,16
12129,203460.0,1.8,-0.2,-2.1,1.2000000000000002,4.7,6.5,37.0,-46.6,-24.7,16
12130,203479.0,1.0,0.1,-2.5,0.5,5.0,6.1000000000000005,16.0,-32.9,-23.0,16
12131,203494.0,0.6000000000000001,0.2,-2.1,0.1,5.1000000000000005,6.5,-3.4,-12.4,-14.100000000000001,16
12132,203510.0,0.7000000000000001,0.2,-1.5,0.2,5.1000000000000005,7.0,-10.1,-1.3,-8.700000000000001,16
12133,203527.0,1.0,-0.6000000000000001,0.1,0.4,4.3,8.700000000000001,-12.4,18.3,-3.3000000000000007,16
12134,203544.0,0.8,-1.6,1.2000000000000002,0.2,3.3000000000000003,9.8,4.4,23.800000000000004,-11.2,16
12135,203560.0,0.6000000000000001,-1.9000000000000001,1.3,0.0,3.0,9.9,16.900000000000002,19.700000000000003,-18.700000000000003,16
12136,203577.0,0.1,-2.0,0.6000000000000001,-0.7000000000000001,3.0,9.200000000000001,40.0,5.0,-33.9,16
12137,203593.0,-0.7000000000000001,-1.9000000000000001,-0.4,-1.5,3.2,8.0,57.49999999999999,-9.0,-37.2,16
12138,203610.0,-0.6000000000000001,-1.8,-1.6,-1.4000000000000001,3.4000000000000004,6.800000000000001,62.7,-14.700000000000001,-33.800000000000004,16
12139,203627.0,-0.5,-1.8,-1.9000000000000001,-1.3,3.5,6.4,62.300000000000004,-26.6,-27.099999999999998,16
12140,203648.0,-0.4,-1.7000000000000002,-2.3000000000000003,-1.1,3.8000000000000003,5.9,53.400000000000006,-39.9,-24.8,16
12141,203660.0,-0.5,-1.5,-2.3000000000000003,-1.2000000000000002,4.1000000000000005,5.800000000000001,47.80000000000001,-43.50000000000001,-23.099999999999998,16
12142,203677.0,-0.6000000000000001,-1.1,-2.1,-1.2000000000000002,4.6000000000000005,5.9,35.3,-38.2,-16.700000000000003,16
12143,203694.0,-0.7000000000000001,-1.0,-1.7000000000000002,-1.3,4.7,6.300000000000001,25.4,-18.0,-7.9,16
12144,203710.0,-0.4,-1.1,-1.3,-1.0,4.7,6.6000000000000005,20.0,8.4,0.1,16
12145,203727.0,-0.30000000000000004,-1.0,-1.1,-1.0,4.800000000000001,6.800000000000001,18.1,22.6,2.6,16
12146,203744.0,-0.4,-1.0,-0.5,-1.1,4.800000000000001,7.300000000000001,15.2,48.0,5.7,16
12147,203763.0,-0.5,-1.1,-0.1,-1.4000000000000001,4.7,7.7,13.6,61.300000000000004,9.8,16
12148,203778.0,-0.5,-1.1,0.1,-1.4000000000000001,4.800000000000001,7.800000000000001,12.299999999999999,63.30000000000001,11.900000000000002,16
12149,203793.0,-0.4,-1.2000000000000002,0.5,-1.5,4.7,8.200000000000001,9.5,57.699999999999996,14.0,16
12150,203810.0,-0.30000000000000004,-1.5,0.6000000000000001,-1.5,4.4,8.3,11.4,38.1,9.700000000000001,16
12151,203827.0,-0.4,-1.4000000000000001,0.4,-1.6,4.5,8.1,12.4,25.4,4.800000000000001,16
12152,203843.0,-0.4,-1.1,0.4,-1.7000000000000002,4.9,8.0,11.2,4.800000000000001,-4.5,16
12153,203860.0,-0.30000000000000004,-0.6000000000000001,0.2,-1.6,5.4,7.800000000000001,9.899999999999999,4.300000000000001,-10.8,16
12154,203877.0,-0.6000000000000001,-0.8,0.1,-1.9000000000000001,5.2,7.7,9.3,6.2,-13.5,16
12155,203893.0,-0.7000000000000001,0.0,-0.4,-2.0,5.9,7.2,1.0,3.0,-14.0,16
12156,203910.0,-0.6000000000000001,0.4,-1.0,-2.0,6.300000000000001,6.6000000000000005,-24.0,5.300000000000001,-8.100000000000001,16
12157,203927.0,-0.8,0.4,-1.1,-2.2,6.2,6.6000000000000005,-44.00000000000001,8.8,-2.4000000000000004,16
12158,203944.0,-1.4000000000000001,0.2,-0.1,-2.8000000000000003,5.800000000000001,7.800000000000001,-97.3,15.8,13.3,16
12159,203966.0,-1.8,-0.8,3.3000000000000003,-3.3000000000000003,4.5,11.4,-142.3,19.300000000000004,28.700000000000003,16
12160,203978.0,-1.3,-1.2000000000000002,5.2,-2.8000000000000003,3.9000000000000004,13.4,-145.00000000000003,14.100000000000001,34.60000000000001,16
12161,203993.0,-0.4,-2.1,6.7,-1.8,2.6,15.200000000000001,-102.89999999999999,-1.1,28.1,16
12162,204011.0,0.0,-2.2,4.800000000000001,-1.4000000000000001,2.4000000000000004,13.4,-27.400000000000002,-17.7,5.7,16
12163,204027.0,0.0,-2.0,2.9000000000000004,-1.3,2.6,11.5,4.7,-18.8,-7.200000000000001,16
12164,204043.0,-0.4,-1.6,-0.9,-1.8,3.1,7.7,37.300000000000004,-7.1000000000000005,-24.0,16
12165,204060.0,-0.8,-1.0,-3.2,-2.2,3.7,5.300000000000001,30.200000000000003,18.200000000000003,-23.400000000000002,16
12166,204077.0,-0.8,-0.8,-3.8000000000000003,-2.3000000000000003,4.0,4.6000000000000005,17.200000000000003,33.50000000000001,-17.400000000000002,16
12167,204094.0,-0.6000000000000001,-0.6000000000000001,-4.3,-2.2,4.1000000000000005,4.1000000000000005,-16.200000000000003,53.10000000000001,0.8,16
12168,204110.0,-0.30000000000000004,-1.0,-3.7,-2.1,3.7,4.7,-48.800000000000004,55.0,20.2,16
12169,204127.0,0.0,-1.2000000000000002,-3.3000000000000003,-1.8,3.4000000000000004,5.1000000000000005,-60.1,48.0,28.0,16
12170,204144.0,0.7000000000000001,-1.3,-2.4000000000000004,-1.1,3.0,6.1000000000000005,-73.2,25.8,35.2,16
12171,204160.0,1.3,-0.9,-1.4000000000000001,-0.6000000000000001,3.2,7.2,-69.80000000000001,5.300000000000001,31.3,16
12172,204178.0,1.4000000000000001,-0.7000000000000001,-0.9,-0.30000000000000004,3.6,8.0,-60.900000000000006,0.30000000000000004,28.1,16
12173,204194.0,1.4000000000000001,-0.2,-0.8,-0.4,3.8000000000000003,7.800000000000001,-35.0,3.1,20.3,16
12174,204210.0,1.2000000000000002,0.4,-1.8,-0.5,4.3,6.9,-11.8,13.200000000000003,15.5,16
12175,204227.0,1.3,0.8,-2.3000000000000003,-0.5,4.7,6.4,-6.9,18.200000000000003,14.900000000000002,16
12176,204247.0,1.4000000000000001,1.5,-2.6,-0.4,5.4,6.0,-11.5,25.6,15.2,16
12177,204260.0,1.2000000000000002,2.2,-1.8,-0.7000000000000001,6.0,6.9,-26.200000000000003,26.000000000000004,17.0,16
12178,204277.0,1.1,2.5,-0.9,-0.8,6.300000000000001,7.800000000000001,-34.1,26.000000000000004,18.1,16
12179,204294.0,0.5,2.6,1.0,-1.4000000000000001,6.4,9.600000000000001,-41.4,21.0,20.8,16
12180,204311.0,0.30000000000000004,2.7,2.5,-1.6,6.300000000000001,11.3,-40.5,2.6,25.900000000000002,16
12181,204327.0,0.6000000000000001,2.6,3.4000000000000004,-0.7000000000000001,6.1000000000000005,12.8,-36.0,-14.800000000000002,27.5,16
12182,204344.0,1.5,2.5,4.3,-0.2,6.1000000000000005,13.200000000000001,-13.399999999999999,-60.8,21.900000000000002,16
12183,204364.0,1.7000000000000002,2.6,3.5,0.30000000000000004,6.2,12.5,18.6,-91.90000000000002,10.5,16
12184,204378.0,2.1,2.5,2.3000000000000003,1.1,6.300000000000001,11.3,39.599999999999994,-104.80000000000001,-3.3000000000000007,16
12185,204394.0,2.2,2.5,2.1,1.4000000000000001,6.300000000000001,11.100000000000001,44.10000000000001,-105.60000000000002,-13.000000000000002,16
12186,204410.0,2.0,2.2,1.8,1.4000000000000001,6.2,10.700000000000001,49.300000000000004,-91.8,-33.9,16
12187,204429.0,1.3,1.8,1.7000000000000002,0.9,6.0,10.600000000000001,49.1,-59.00000000000001,-52.5,16
12188,204444.0,0.8,1.7000000000000002,1.8,0.4,6.0,10.600000000000001,50.8,-44.8,-59.40000000000001,16
12189,204461.0,0.30000000000000004,2.0,1.2000000000000002,-0.1,6.4,10.0,57.00000000000001,-24.0,-62.50000000000001,16
12190,204477.0,0.1,2.0,0.8,-0.7000000000000001,6.7,9.3,56.2,-12.7,-59.1,16
12191,204494.0,-0.30000000000000004,2.2,0.4,-0.8,6.9,9.0,43.800000000000004,7.0,-46.199999999999996,16
12192,204510.0,-0.2,2.2,0.6000000000000001,-0.8,6.9,9.3,16.0,16.1,-29.200000000000003,16
12193,204527.0,-0.1,1.9000000000000001,1.2000000000000002,-0.6000000000000001,6.2,10.5,0.6000000000000001,14.400000000000002,-20.8,16
12194,204543.0,0.5,1.0,2.5,-0.2,5.7,11.200000000000001,-18.0,-2.0,-7.200000000000001,16
12195,204561.0,1.0,-0.2,3.4000000000000004,0.4,4.5,12.100000000000001,-12.5,-26.799999999999997,-4.800000000000001,16
12196,204582.0,1.2000000000000002,-0.7000000000000001,1.7000000000000002,0.7000000000000001,4.0,10.4,13.000000000000002,-49.800000000000004,-11.2,16
12197,204594.0,1.2000000000000002,-0.5,0.30000000000000004,0.8,4.2,9.1,20.3,-57.20000000000001,-15.399999999999999,16
12198,204610.0,0.7000000000000001,-0.30000000000000004,-1.4000000000000001,0.4,4.4,7.4,12.9,-51.4,-17.7,16
12199,204627.0,0.30000000000000004,-0.5,-1.7000000000000002,0.1,4.3,7.1000000000000005,-7.699999999999999,-29.0,-12.9,16
12200,204644.0,0.4,-0.5,-1.3,0.2,4.2,7.4,-17.6,-15.6,-10.0,16
12201,204661.0,1.2000000000000002,-0.9,0.1,1.0,3.7,8.9,-26.300000000000004,2.2,-9.700000000000001,16
12202,204677.0,1.3,-1.7000000000000002,1.5,1.0,2.9000000000000004,10.3,-15.100000000000001,5.0,-25.1,16
12203,204694.0,1.0,-1.9000000000000001,1.7000000000000002,0.8,2.7,10.5,-1.8000000000000003,3.5,-34.50000000000001,16
12204,204710.0,0.30000000000000004,-2.3000000000000003,1.3,-0.1,2.3000000000000003,10.100000000000001,29.300000000000004,-6.699999999999999,-50.8,16
12205,204727.0,-0.1,-2.3000000000000003,0.8,-0.7000000000000001,2.4000000000000004,8.700000000000001,57.1,-18.3,-60.00000000000001,16
12206,204744.0,-0.4,-2.3000000000000003,-0.9,-0.8,2.5,7.800000000000001,66.4,-20.0,-61.300000000000004,16
12207,204760.0,-0.5,-2.4000000000000004,-2.3000000000000003,-0.9,2.6,6.2,72.4,-20.5,-60.1,16
12208,204779.0,-0.5,-2.4000000000000004,-3.3000000000000003,-0.9,2.8000000000000003,5.1000000000000005,68.60000000000001,-23.0,-58.1,16
12209,204797.0,-0.6000000000000001,-2.1,-3.9000000000000004,-1.1,3.2,4.4,56.2,-23.3,-55.60000000000001,16
12210,204810.0,-0.7000000000000001,-1.9000000000000001,-3.9000000000000004,-1.2000000000000002,3.5,4.3,47.0,-21.200000000000003,-53.2,16
12211,204828.0,-0.8,-1.4000000000000001,-3.7,-1.4000000000000001,4.0,4.4,27.2,-10.9,-45.8,16
12212,204844.0,-1.0,-1.3,-3.3000000000000003,-1.6,4.2,4.7,18.5,-1.0,-41.0,16
12213,204862.0,-1.2000000000000002,-1.0,-2.5,-1.9000000000000001,4.4,5.5,5.0,21.6,-27.700000000000003,16
12214,204881.0,-1.0,-1.0,-1.7000000000000002,-1.9000000000000001,4.5,6.300000000000001,-3.7000000000000006,35.1,-14.0,16
12215,204894.0,-0.9,-1.0,-1.3,-1.8,4.5,6.7,-8.100000000000001,36.400000000000006,-7.9,16
12216,204910.0,-0.6000000000000001,-0.9,-0.30000000000000004,-1.7000000000000002,4.5,7.7,-16.5,27.0,1.1,16
12217,204927.0,-0.6000000000000001,-0.7000000000000001,0.30000000000000004,-1.7000000000000002,4.6000000000000005,8.3,-16.900000000000002,7.699999999999999,6.699999999999999,16
12218,204943.0,-0.5,-0.4,0.4,-1.6,4.9,8.4,-14.800000000000002,0.30000000000000004,10.299999999999999,16
12219,204960.0,-0.5,-0.2,0.5,-1.5,5.1000000000000005,8.6,-11.3,-3.8,17.0,16
12220,204977.0,-0.2,-0.1,0.5,-1.2000000000000002,5.1000000000000005,8.6,-13.6,-1.4,20.900000000000002,16
12221,204994.0,-0.1,-0.1,0.6000000000000001,-1.1,5.2,8.700000000000001,-15.2,1.5,21.1,16
12222,205010.0,-0.2,0.1,0.7000000000000001,-1.1,5.300000000000001,8.9,-16.8,10.8,20.8,16
12223,205027.0,-0.2,0.2,0.8,-1.2000000000000002,5.4,9.0,-18.3,17.1,19.400000000000002,16
12224,205044.0,-0.4,0.2,0.9,-1.4000000000000001,5.4,9.1,-19.200000000000003,16.200000000000003,17.5,16
12225,205060.0,-0.5,0.30000000000000004,0.6000000000000001,-1.5,5.4,8.8,-23.2,11.8,17.400000000000002,16
12226,205078.0,-0.6000000000000001,0.30000000000000004,-0.1,-1.6,5.300000000000001,8.200000000000001,-38.50000000000001,4.300000000000001,19.300000000000004,16
12227,205095.0,-0.8,0.4,0.1,-1.7000000000000002,5.2,8.5,-76.80000000000001,5.6,27.2,16
12228,205110.0,-1.2000000000000002,0.5,1.4000000000000001,-2.1,5.1000000000000005,9.9,-101.0,11.3,32.8,16
12229,205127.0,-1.0,-0.30000000000000004,4.800000000000001,-1.9000000000000001,4.0,13.5,-121.10000000000001,7.8,49.699999999999996,16
12230,205145.0,0.6000000000000001,-1.0,6.6000000000000005,-0.2,3.0,15.5,-93.00000000000001,-28.800000000000004,49.50000000000001,16
12231,205170.0,1.4000000000000001,-0.8,5.2,0.8,3.1,14.3,-35.9,-59.5,28.200000000000003,16
12232,205177.0,1.3,-0.8,3.8000000000000003,0.8,3.1,12.8,-7.8,-59.80000000000001,14.600000000000001,16
12233,205194.0,0.7000000000000001,-0.6000000000000001,0.7000000000000001,0.4,3.3000000000000003,9.8,28.3,-30.5,-8.0,16
12234,205210.0,0.5,-0.4,-0.5,0.2,3.6,8.6,36.0,-9.2,-16.5,16
12235,205228.0,-0.2,-0.30000000000000004,-2.2,-0.6000000000000001,3.8000000000000003,6.800000000000001,35.2,31.799999999999997,-23.700000000000003,16
12236,205243.0,-0.6000000000000001,0.1,-2.8000000000000003,-1.2000000000000002,4.2,6.1000000000000005,20.7,56.50000000000001,-16.3,16
12237,205260.0,-0.7000000000000001,-0.1,-2.9000000000000004,-1.4000000000000001,4.1000000000000005,6.0,11.3,63.10000000000001,-9.0,16
12238,205277.0,-0.7000000000000001,-0.30000000000000004,-2.7,-1.6,3.8000000000000003,6.2,-6.699999999999999,64.4,10.8,16
12239,205293.0,-0.30000000000000004,-0.7000000000000001,-2.4000000000000004,-1.3,3.4000000000000004,6.4,-17.5,50.8,28.800000000000004,16
12240,205310.0,0.0,-0.9,-2.3000000000000003,-1.0,3.2,6.5,-19.1,38.400000000000006,34.2,16
12241,205328.0,0.7000000000000001,-1.0,-2.4000000000000004,-0.4,3.1,6.5,-14.600000000000001,12.5,36.300000000000004,16
12242,205344.0,0.8,-0.7000000000000001,-2.8000000000000003,-0.2,3.3000000000000003,6.0,-6.500000000000001,-2.4000000000000004,32.0,16
12243,205361.0,0.8,-0.6000000000000001,-3.0,-0.2,3.4000000000000004,5.800000000000001,-3.6000000000000005,-4.6,30.200000000000003,16
12244,205377.0,0.5,-0.2,-3.1,-0.5,3.8000000000000003,5.7,0.0,-0.5,29.1,16
12245,205395.0,0.7000000000000001,0.2,-3.1,-0.2,4.2,5.7,1.6,9.4,32.9,16
12246,205410.0,0.9,0.4,-3.0,-0.1,4.4,5.800000000000001,1.1,13.399999999999999,33.800000000000004,16
12247,205427.0,1.4000000000000001,0.9,-2.4000000000000004,0.5,5.0,6.300000000000001,-2.8,19.6,33.0,16
12248,205443.0,1.1,1.1,-1.9000000000000001,0.2,5.1000000000000005,6.800000000000001,-9.600000000000001,20.7,30.4,16
12249,205462.0,0.9,1.3,-1.5,0.0,5.4,7.2,-15.5,18.900000000000002,30.799999999999997,16
12250,205480.0,0.9,1.6,-0.1,0.0,5.6000000000000005,8.6,-29.500000000000004,10.700000000000001,34.900000000000006,16
12251,205494.0,1.1,1.7000000000000002,1.6,0.30000000000000004,5.6000000000000005,10.4,-32.6,-9.8,35.1,16
12252,205510.0,1.2000000000000002,1.8,2.3000000000000003,0.5,5.6000000000000005,11.100000000000001,-28.500000000000004,-22.4,31.9,16
12253,205527.0,1.5,1.8,3.0,0.9,5.6000000000000005,11.9,-8.5,-47.0,20.5,16
12254,205543.0,1.6,1.8,2.5,1.2000000000000002,5.7,11.3,12.600000000000001,-63.10000000000001,3.5,16
12255,205560.0,1.3,1.9000000000000001,2.1,1.0,5.800000000000001,11.0,17.5,-63.0,-6.8,16
12256,205577.0,0.5,1.9000000000000001,2.2,0.30000000000000004,5.800000000000001,11.100000000000001,18.900000000000002,-45.9,-24.8,16
12257,205594.0,-0.2,2.1,2.3000000000000003,-0.30000000000000004,6.1000000000000005,11.100000000000001,20.7,-29.1,-36.1,16
12258,205610.0,-0.4,2.4000000000000004,2.3000000000000003,-0.5,6.5,11.100000000000001,21.300000000000004,-21.500000000000004,-37.50000000000001,16
12259,205627.0,-0.9,2.5,2.2,-1.0,6.7,11.100000000000001,14.400000000000002,-3.3000000000000007,-33.2,16
12260,205644.0,-1.4000000000000001,2.6,2.9000000000000004,-1.6,6.800000000000001,11.8,-8.5,12.100000000000001,-21.0,16
12261,205662.0,-1.2000000000000002,2.0,4.6000000000000005,-1.5,6.1000000000000005,13.5,-21.7,15.000000000000002,-12.100000000000001,16
12262,205677.0,-0.6000000000000001,1.3,5.4,-0.9,5.4,14.4,-32.9,2.0,4.800000000000001,16
12263,205694.0,0.7000000000000001,0.0,6.2,0.5,4.1000000000000005,15.3,-11.900000000000002,-29.500000000000004,4.9,16
12264,205710.0,1.1,-0.5,5.5,1.2000000000000002,3.4000000000000004,13.200000000000001,10.5,-44.00000000000001,-2.3,16
12265,205727.0,1.1,-0.6000000000000001,2.3000000000000003,1.1,3.6,11.4,51.2,-52.900000000000006,-20.599999999999998,16
12266,205744.0,0.7000000000000001,-0.5,-0.4,0.8,3.9000000000000004,8.6,61.300000000000004,-34.60000000000001,-28.900000000000002,16
12267,205761.0,0.6000000000000001,-0.4,-1.2000000000000002,0.8,4.1000000000000005,7.7,55.3,-20.599999999999998,-28.700000000000003,16
12268,205783.0,0.9,-0.5,-1.5,1.0,4.1000000000000005,7.300000000000001,23.2,9.899999999999999,-27.2,16
12269,205794.0,0.8,-0.8,-1.2000000000000002,0.8,3.8000000000000003,7.6000000000000005,15.000000000000002,12.100000000000001,-28.500000000000004,16
12270,205810.0,0.7000000000000001,-0.9,-1.0,0.7000000000000001,3.7,7.800000000000001,10.5,10.700000000000001,-29.700000000000006,16
12271,205827.0,0.5,-1.3,-0.8,0.5,3.3000000000000003,8.0,9.700000000000001,3.1,-32.7,16
12272,205843.0,0.4,-1.7000000000000002,-0.8,0.30000000000000004,3.0,7.9,14.700000000000001,-6.1000000000000005,-37.50000000000001,16
12273,205860.0,0.5,-2.0,-1.1,0.30000000000000004,2.7,7.6000000000000005,19.400000000000002,-9.5,-40.6,16
12274,205877.0,0.5,-2.2,-1.4000000000000001,0.30000000000000004,2.6,7.300000000000001,32.8,-13.6,-48.10000000000001,16
12275,205894.0,0.4,-2.5,-2.3000000000000003,0.2,2.4000000000000004,6.300000000000001,46.199999999999996,-16.1,-56.6,16
12276,205910.0,0.30000000000000004,-2.6,-2.8000000000000003,0.1,2.4000000000000004,5.800000000000001,50.5,-16.0,-60.2,16
12277,205927.0,0.2,-2.6,-3.4000000000000004,-0.1,2.5,5.0,51.70000000000001,-11.2,-66.1,16
12278,205943.0,-0.1,-2.3000000000000003,-3.4000000000000004,-0.5,2.9000000000000004,4.9,48.400000000000006,-2.0,-68.4,16
12279,205960.0,-0.2,-2.0,-3.2,-0.7000000000000001,3.2,5.0,47.7,3.2,-67.5,16
12280,205977.0,-0.4,-1.6,-3.0,-1.0,3.8000000000000003,5.1000000000000005,46.6,14.600000000000001,-63.0,16
12281,205994.0,-0.4,-1.0,-3.0,-1.2000000000000002,4.5,5.0,42.2,20.900000000000002,-54.1,16
12282,206010.0,-0.6000000000000001,-0.5,-2.8000000000000003,-1.5,5.0,5.2,29.1,24.3,-41.900000000000006,16
12283,206027.0,-0.7000000000000001,-0.4,-2.4000000000000004,-1.7000000000000002,5.1000000000000005,5.5,19.300000000000004,24.900000000000002,-34.60000000000001,16
12284,206044.0,-0.8,-0.30000000000000004,-1.9000000000000001,-2.0,5.4,6.5,1.1,21.8,-19.799999999999997,16
12285,206061.0,-0.9,0.0,-0.8,-2.3000000000000003,5.6000000000000005,7.4,-10.9,23.800000000000004,-5.300000000000001,16
12286,206081.0,-1.4000000000000001,0.2,0.30000000000000004,-2.7,5.6000000000000005,8.200000000000001,-21.0,26.000000000000004,11.2,16
12287,206095.0,-1.5,0.1,0.8,-2.8000000000000003,5.5,8.700000000000001,-26.300000000000004,26.6,19.9,16
12288,206112.0,-1.0,-0.1,2.1,-2.4000000000000004,5.300000000000001,10.0,-33.6,24.8,35.1,16
12289,206127.0,-0.6000000000000001,-0.2,2.7,-2.0,5.1000000000000005,10.700000000000001,-32.7,21.300000000000004,39.599999999999994,16
12290,206143.0,0.1,-0.4,3.6,-1.2000000000000002,4.9,11.700000000000001,-20.0,9.8,36.7,16
12291,206161.0,0.1,-0.30000000000000004,3.3000000000000003,-1.1,4.9,11.5,0.4,0.5,20.5,16
12292,206177.0,-0.2,-0.30000000000000004,2.9000000000000004,-1.4000000000000001,5.0,11.0,9.2,-0.4,13.000000000000002,16
12293,206194.0,-0.8,0.1,1.1,-2.1,5.4,9.200000000000001,18.4,4.1,6.699999999999999,16
12294,206210.0,-1.1,0.30000000000000004,-1.0,-2.4000000000000004,5.7,7.1000000000000005,-3.4,21.7,13.200000000000003,16
12295,206227.0,-1.3,0.30000000000000004,-1.4000000000000001,-2.7,5.7,6.7,-30.000000000000004,33.1,18.8,16
12296,206243.0,-2.3000000000000003,-0.2,0.8,-3.7,4.9,9.0,-99.2,47.900000000000006,32.400000000000006,16
12297,206262.0,-2.2,-1.0,4.5,-3.6,3.8000000000000003,13.0,-126.70000000000002,33.300000000000004,51.0,16
12298,206277.0,-1.4000000000000001,-1.4000000000000001,5.800000000000001,-2.8000000000000003,3.1,14.4,-115.20000000000002,15.899999999999999,57.60000000000001,16
12299,206293.0,0.4,-2.0,5.300000000000001,-0.9,2.3000000000000003,14.100000000000001,-57.3,-25.4,50.1,16
12300,206310.0,1.2000000000000002,-2.0,2.1,0.1,2.4000000000000004,10.8,-0.8,-42.800000000000004,19.1,16
12301,206327.0,0.9,-2.0,0.6000000000000001,-0.1,2.4000000000000004,9.4,16.0,-35.599999999999994,0.9000000000000001,16
12302,206343.0,0.0,-1.6,-1.5,-1.1,2.8000000000000003,7.2,30.4,3.1,-26.5,16
12303,206360.0,-1.0,-1.2000000000000002,-2.8000000000000003,-2.2,3.3000000000000003,5.9,23.800000000000004,47.80000000000001,-34.50000000000001,16
12304,206379.0,-1.3,-1.0,-3.0,-2.9000000000000004,3.5,5.6000000000000005,5.0,79.9,-24.599999999999998,16
12305,206394.0,-1.3,-1.0,-2.8000000000000003,-2.9000000000000004,3.4000000000000004,5.7,-3.5,85.80000000000001,-15.000000000000002,16
12306,206410.0,-0.7000000000000001,-1.3,-2.7,-2.6,3.1,5.800000000000001,-14.600000000000001,73.9,6.9,16
12307,206427.0,-0.30000000000000004,-1.4000000000000001,-2.9000000000000004,-2.3000000000000003,3.0,5.6000000000000005,-17.799999999999997,57.49999999999999,16.1,16
12308,206444.0,0.6000000000000001,-1.3,-3.4000000000000004,-1.5,3.0,5.1000000000000005,-23.5,16.4,27.3,16
12309,206460.0,1.0,-1.1,-3.9000000000000004,-0.9,3.2,4.6000000000000005,-28.0,-16.6,26.1,16
12310,206478.0,0.9,-0.8,-4.0,-1.0,3.4000000000000004,4.5,-30.699999999999996,-23.3,23.800000000000004,16
12311,206493.0,0.2,0.0,-3.7,-1.6,4.1000000000000005,4.9,-32.2,-16.1,22.1,16
12312,206510.0,-0.1,0.6000000000000001,-3.5,-1.8,4.7,5.0,-27.0,6.300000000000001,27.9,16
12313,206527.0,0.0,1.0,-3.4000000000000004,-1.8,5.0,5.1000000000000005,-27.099999999999998,18.900000000000002,31.400000000000002,16
12314,206544.0,0.30000000000000004,1.7000000000000002,-2.5,-1.5,5.7,6.1000000000000005,-33.9,33.50000000000001,34.900000000000006,16
12315,206560.0,0.5,2.3000000000000003,-1.1,-1.4000000000000001,6.2,7.5,-39.8,36.8,33.9,16
12316,206577.0,0.4,2.5,-0.30000000000000004,-1.5,6.4,8.200000000000001,-42.800000000000004,36.7,32.1,16
12317,206594.0,-0.5,2.9000000000000004,1.6,-2.5,6.7,10.200000000000001,-52.60000000000001,35.0,27.5,16
12318,206610.0,-1.5,3.3000000000000003,4.0,-3.5,7.0,12.700000000000001,-55.0,24.900000000000002,28.3,16
12319,206627.0,-1.8,3.4000000000000004,4.9,-3.8000000000000003,7.0,13.700000000000001,-47.2,17.1,32.1,16
12320,206645.0,-1.3,3.2,5.5,-3.3000000000000003,6.800000000000001,14.3,-13.6,-8.100000000000001,41.50000000000001,16
12321,206661.0,-0.2,2.9000000000000004,3.8000000000000003,-2.1,6.6000000000000005,12.600000000000001,17.6,-36.7,38.2,16
12322,206677.0,0.0,2.7,3.0,-1.7000000000000002,6.5,11.9,24.7,-46.199999999999996,31.3,16
12323,206696.0,-0.2,2.4000000000000004,2.5,-1.8,6.2,11.4,27.9,-49.1,12.8,16
12324,206710.0,-0.5,2.2,2.4000000000000004,-2.0,6.2,11.3,34.60000000000001,-34.7,-1.8000000000000003,16
12325,206727.0,-0.5,2.2,2.1,-1.9000000000000001,6.2,11.0,41.199999999999996,-24.900000000000002,-6.699999999999999,16
12326,206743.0,-0.6000000000000001,2.4000000000000004,1.2000000000000002,-2.1,6.6000000000000005,10.0,47.80000000000001,-1.6,-11.700000000000001,16
12327,206760.0,-1.0,2.3000000000000003,0.9,-2.5,6.6000000000000005,9.600000000000001,39.0,21.6,-8.3,16
12328,206777.0,-1.3,2.2,1.0,-2.9000000000000004,6.6000000000000005,9.700000000000001,16.0,39.9,1.7,16
12329,206793.0,-1.3,2.1,1.7000000000000002,-3.0,6.5,10.4,-1.0,47.3,8.4,16
12330,206810.0,-0.5,1.2000000000000002,3.3000000000000003,-2.4000000000000004,5.6000000000000005,12.100000000000001,-22.6,42.0,21.400000000000002,16
12331,206827.0,0.5,-0.1,4.0,-1.3,4.3,12.8,-15.8,11.6,24.599999999999998,16
12332,206845.0,1.1,-0.6000000000000001,3.4000000000000004,-0.7000000000000001,3.8000000000000003,12.200000000000001,-2.8,-8.4,22.000000000000004,16
12333,206861.0,2.1,-0.6000000000000001,0.9,0.4,3.8000000000000003,9.700000000000001,18.8,-38.1,12.100000000000001,16
12334,206877.0,2.3000000000000003,-0.7000000000000001,-0.8,0.8,3.7,8.0,18.3,-39.0,1.4,16
12335,206893.0,2.3000000000000003,-0.8,-1.1,0.8,3.7,7.7,14.800000000000002,-31.7,-3.0,16
12336,206910.0,1.7000000000000002,-0.9,-0.8,0.2,3.6,8.0,11.1,-8.600000000000001,-9.3,16
12337,206927.0,1.3,-1.0,-0.5,-0.1,3.6,8.200000000000001,16.5,5.300000000000001,-8.5,16
12338,206945.0,1.3,-1.2000000000000002,-0.4,-0.1,3.4000000000000004,8.3,21.6,5.0,-8.0,16
12339,206961.0,1.6,-1.7000000000000002,-0.5,0.2,3.0,8.1,36.1,-8.600000000000001,-11.5,16
12340,206977.0,1.9000000000000001,-2.3000000000000003,-1.4000000000000001,0.4,2.7,7.7,45.9,-19.0,-15.8,16
12341,206993.0,1.9000000000000001,-2.6,-2.1,0.6000000000000001,2.3000000000000003,6.4,63.2,-39.8,-28.500000000000004,16
12342,207010.0,1.4000000000000001,-2.9000000000000004,-3.9000000000000004,0.2,2.0,4.5,65.8,-49.9,-41.50000000000001,16
12343,207029.0,0.4,-2.7,-4.800000000000001,-0.7000000000000001,2.4000000000000004,3.5,36.0,-49.300000000000004,-48.300000000000004,16
12344,207043.0,-0.1,-2.4000000000000004,-4.4,-1.2000000000000002,2.7,3.9000000000000004,14.600000000000001,-46.50000000000001,-48.10000000000001,16
12345,207060.0,-0.6000000000000001,-1.7000000000000002,-2.4000000000000004,-1.7000000000000002,3.3000000000000003,5.9,-17.0,-26.9,-38.800000000000004,16
12346,207078.0,-0.2,-1.4000000000000001,-1.2000000000000002,-1.4000000000000001,3.5,7.1000000000000005,-19.300000000000004,2.2,-26.300000000000004,16
12347,207093.0,0.1,-1.3,-1.0,-1.1,3.6,7.4,-16.1,12.5,-23.5,16
12348,207112.0,0.6000000000000001,-1.1,-0.8,-0.6000000000000001,3.7,7.6000000000000005,-9.3,20.2,-22.9,16
12349,207127.0,0.7000000000000001,-1.0,-0.5,-0.7000000000000001,3.8000000000000003,7.800000000000001,-5.8,18.8,-25.200000000000003,16
12350,207144.0,0.30000000000000004,-0.9,-0.1,-1.1,3.9000000000000004,8.200000000000001,-5.2,18.4,-25.1,16
12351,207161.0,-0.2,-0.6000000000000001,0.5,-1.7000000000000002,4.2,8.8,0.2,16.200000000000003,-16.900000000000002,16
12352,207177.0,0.0,-0.4,0.6000000000000001,-1.5,4.4,8.9,8.0,10.5,-3.5,16
12353,207194.0,0.30000000000000004,-0.5,0.5,-1.3,4.4,8.9,10.5,5.7,1.7,16
12354,207210.0,0.6000000000000001,-0.6000000000000001,0.30000000000000004,-1.0,4.2,8.6,13.6,-7.699999999999999,4.6,16
12355,207227.0,0.5,-0.4,-0.1,-1.0,4.4,8.200000000000001,11.000000000000002,-14.100000000000001,1.5,16
12356,207246.0,-0.5,-0.5,0.0,-1.9000000000000001,4.4,8.3,4.300000000000001,-6.1000000000000005,0.8,16
12357,207260.0,-0.9,-0.4,0.2,-2.3000000000000003,4.5,8.4,0.9000000000000001,-0.2,3.7000000000000006,16
12358,207277.0,-1.0,-0.30000000000000004,0.1,-2.5,4.6000000000000005,8.3,-2.8,6.1000000000000005,8.3,16
12359,207295.0,-0.6000000000000001,-0.4,0.0,-2.0,4.4,8.3,-21.0,9.5,18.1,16
12360,207310.0,-0.4,-0.4,0.2,-1.9000000000000001,4.3,8.5,-28.400000000000002,3.0,15.399999999999999,16
12361,207327.0,-0.8,-0.7000000000000001,0.5,-2.3000000000000003,4.0,8.9,-35.1,-10.600000000000001,5.6,16
12362,207344.0,-1.3,-0.9,0.6000000000000001,-3.2,3.4000000000000004,8.9,-35.9,-3.0,-1.1,16
12363,207363.0,-2.2,-1.4000000000000001,0.1,-3.7,3.1,8.6,-40.1,11.4,-1.9,16
12364,207377.0,-2.9000000000000004,-1.3,0.0,-4.5,3.0,8.5,-69.5,46.800000000000004,2.6,16
12365,207393.0,-3.2,-1.3,0.8,-5.2,2.7,10.700000000000001,-89.4,59.20000000000001,8.700000000000001,16
12366,207410.0,-3.3000000000000003,-1.5,3.2,-5.2,2.4000000000000004,11.9,-113.5,58.3,24.599999999999998,16
12367,207427.0,-2.2,-1.3,4.6000000000000005,-4.2,2.2,13.5,-110.70000000000002,23.3,32.8,16
12368,207443.0,-1.2000000000000002,-0.8,5.1000000000000005,-3.1,2.4000000000000004,14.100000000000001,-85.80000000000001,-24.900000000000002,29.0,16
12369,207460.0,-0.8,-0.6000000000000001,4.6000000000000005,-2.7,2.5,13.8,-65.5,-42.800000000000004,26.1,16
12370,207478.0,-0.30000000000000004,-0.6000000000000001,2.7,-2.0,2.5,12.0,-22.6,-46.300000000000004,17.400000000000002,16
12371,207497.0,0.1,-0.5,0.5,-1.5,2.6,9.8,7.699999999999999,-13.000000000000002,6.600000000000001,16
12372,207512.0,0.2,-0.30000000000000004,-0.4,-1.4000000000000001,2.8000000000000003,8.8,15.100000000000001,8.600000000000001,2.0,16
12373,207527.0,0.30000000000000004,-0.1,-1.7000000000000002,-1.4000000000000001,3.0,7.4,15.399999999999999,42.5,-1.9,16
12374,207544.0,0.30000000000000004,-0.1,-2.3000000000000003,-1.6,3.1,6.800000000000001,2.7,52.900000000000006,0.6000000000000001,16
12375,207563.0,0.0,0.0,-1.9000000000000001,-2.0,3.1,7.2,-11.2,44.00000000000001,6.9,16
12376,207577.0,0.0,0.1,-1.8,-2.0,3.2,7.2,-13.3,36.1,12.200000000000001,16
12377,207595.0,0.0,0.2,-2.2,-2.1,3.3000000000000003,6.9,-11.700000000000001,20.900000000000002,25.5,16
12378,207611.0,0.2,0.2,-2.5,-2.0,3.3000000000000003,6.5,-11.1,13.8,32.7,16
12379,207627.0,0.5,0.4,-2.9000000000000004,-1.6,3.5,6.1000000000000005,-13.3,3.3000000000000007,44.4,16
12380,207643.0,0.8,0.7000000000000001,-2.9000000000000004,-1.3,3.8000000000000003,6.1000000000000005,-18.5,4.6,50.60000000000001,16
12381,207660.0,0.9,0.9,-2.8000000000000003,-1.1,3.9000000000000004,6.2,-19.6,7.699999999999999,52.2,16
12382,207678.0,0.7000000000000001,1.1,-2.3000000000000003,-1.3,4.2,6.7,-18.6,18.200000000000003,52.1,16
12383,207693.0,0.30000000000000004,1.5,-1.7000000000000002,-1.8,4.5,7.300000000000001,-18.0,30.9,54.300000000000004,16
12384,207710.0,0.2,1.6,-1.5,-1.9000000000000001,4.6000000000000005,7.5,-19.200000000000003,35.699999999999996,56.800000000000004,16
12385,207727.0,-0.1,1.8,-0.6000000000000001,-2.3000000000000003,4.800000000000001,8.4,-26.300000000000004,40.9,63.599999999999994,16
12386,207744.0,0.2,1.9000000000000001,0.7000000000000001,-2.0,4.9,9.700000000000001,-32.1,34.900000000000006,71.7,16
12387,207760.0,0.6000000000000001,1.8,1.6,-1.6,4.800000000000001,10.5,-32.300000000000004,24.5,72.10000000000001,16
12388,207777.0,0.9,1.9000000000000001,3.0,-1.1,4.9,12.100000000000001,-22.6,-8.0,64.2,16
12389,207793.0,1.2000000000000002,2.0,3.3000000000000003,-0.8,5.0,12.4,-0.1,-34.1,53.8,16
12390,207810.0,1.4000000000000001,2.0,2.9000000000000004,-0.5,5.0,12.0,11.1,-40.5,47.2,16
12391,207827.0,1.5,2.0,2.7,-0.2,5.2,11.8,24.8,-35.9,29.900000000000006,16
12392,207843.0,1.4000000000000001,1.9000000000000001,2.9000000000000004,-0.2,5.2,12.0,35.2,-15.299999999999999,10.5,16
12393,207860.0,1.4000000000000001,1.9000000000000001,3.0,-0.1,5.2,12.100000000000001,40.7,-5.8,0.8,16
12394,207877.0,1.5,2.2,2.9000000000000004,-0.1,5.7,12.0,55.5,3.7000000000000006,-18.200000000000003,16
12395,207893.0,1.3,2.3000000000000003,1.8,-0.30000000000000004,6.0,10.9,65.5,10.8,-28.200000000000003,16
12396,207910.0,1.0,2.1,1.5,-0.7000000000000001,6.0,10.5,61.7,15.2,-30.1,16
12397,207927.0,-0.1,2.2,1.6,-1.8,6.2,10.5,30.200000000000003,22.6,-29.800000000000004,16
12398,207943.0,-1.0,2.0,4.1000000000000005,-2.9000000000000004,5.9,13.100000000000001,-5.7,20.5,-16.1,16
12399,207960.0,-0.6000000000000001,1.5,5.1000000000000005,-2.5,5.4,14.100000000000001,-6.2,10.299999999999999,-4.9,16
12400,207977.0,1.3,0.30000000000000004,5.1000000000000005,-0.5,4.3,14.100000000000001,20.7,-24.400000000000002,9.8,16
12401,207995.0,2.9000000000000004,-0.30000000000000004,2.4000000000000004,1.3,3.8000000000000003,11.3,50.900000000000006,-60.6,3.6000000000000005,16
12402,208010.0,3.2,-0.5,1.0,1.7000000000000002,3.8000000000000003,9.0,56.10000000000001,-71.0,-4.6,16
12403,208027.0,2.7,-0.5,-0.5,1.4000000000000001,3.8000000000000003,8.4,49.50000000000001,-65.0,-21.8,16
12404,208043.0,1.7000000000000002,-0.4,-0.6000000000000001,0.6000000000000001,4.0,8.3,32.6,-37.1,-30.5,16
12405,208060.0,0.8,-0.6000000000000001,0.30000000000000004,-0.4,3.9000000000000004,9.200000000000001,25.5,-21.7,-30.9,16
12406,208078.0,0.4,-0.7000000000000001,0.8,-0.8,3.8000000000000003,9.700000000000001,18.0,0.4,-25.8,16
12407,208094.0,0.5,-1.3,1.3,-0.7000000000000001,3.2,10.100000000000001,22.700000000000003,-1.3,-18.3,16
12408,208110.0,0.9,-2.0,1.3,-0.30000000000000004,2.7,10.100000000000001,28.900000000000002,-9.100000000000001,-18.200000000000003,16
12409,208127.0,0.9,-2.3000000000000003,1.1,-0.30000000000000004,2.4000000000000004,9.9,47.400000000000006,-34.300000000000004,-27.5,16
12410,208144.0,0.5,-2.8000000000000003,-0.2,-0.6000000000000001,2.1,8.5,66.7,-57.49999999999999,-42.60000000000001,16
12411,208160.0,0.1,-2.9000000000000004,-0.9,-1.3,2.1,7.300000000000001,71.9,-63.10000000000001,-49.0,16
12412,208185.0,-0.8,-3.2,-2.0,-1.7000000000000002,2.0,6.4,81.10000000000001,-60.00000000000001,-56.50000000000001,16
12413,208193.0,-0.8,-3.3000000000000003,-2.5,-1.6,2.1,5.9,85.1,-52.900000000000006,-55.900000000000006,16
12414,208210.0,-0.7000000000000001,-3.3000000000000003,-3.0,-1.6,2.3000000000000003,4.800000000000001,86.89999999999999,-43.70000000000001,-55.400000000000006,16
12415,208227.0,-0.8,-3.2,-3.6,-1.7000000000000002,2.5,4.5,81.10000000000001,-23.400000000000002,-55.0,16
12416,208243.0,-1.0,-2.7,-3.5,-2.0,3.1,4.4,67.2,-9.700000000000001,-51.4,16
12417,208260.0,-1.1,-2.2,-3.0,-2.2,3.7,4.800000000000001,55.8,-7.699999999999999,-44.300000000000004,16
12418,208278.0,-1.3,-2.0,-2.7,-2.4000000000000004,4.0,5.0,50.3,-6.2,-39.2,16
12419,208293.0,-1.6,-1.4000000000000001,-2.1,-2.8000000000000003,4.6000000000000005,5.5,36.2,-2.7,-25.6,16
12420,208310.0,-1.7000000000000002,-1.1,-1.5,-2.9000000000000004,5.0,6.1000000000000005,22.6,-0.4,-8.600000000000001,16
12421,208327.0,-1.7000000000000002,-1.0,-1.2000000000000002,-2.9000000000000004,5.2,6.4,16.0,2.0,0.8,16
12422,208343.0,-1.3,-0.8,-0.6000000000000001,-2.4000000000000004,5.300000000000001,6.9,4.5,2.4000000000000004,17.1,16
12423,208360.0,-1.0,-1.0,-0.4,-2.2,5.1000000000000005,7.1000000000000005,-4.4,-3.5,25.7,16
12424,208378.0,-1.2000000000000002,-1.0,-0.30000000000000004,-2.3000000000000003,5.1000000000000005,7.2,-10.0,-6.1000000000000005,28.700000000000003,16
12425,208393.0,-1.5,-0.9,-0.30000000000000004,-2.6,5.1000000000000005,7.2,-24.3,-6.0,37.9,16
12426,208410.0,-1.3,-1.0,0.1,-2.2,5.0,7.800000000000001,-38.7,0.8,47.7,16
12427,208427.0,-1.1,-1.0,0.5,-2.0,4.9,8.200000000000001,-44.6,4.9,48.70000000000001,16
12428,208444.0,-0.8,-1.1,1.2000000000000002,-1.7000000000000002,4.7,8.9,-47.60000000000001,3.8,44.00000000000001,16
12429,208460.0,-0.6000000000000001,-1.1,0.9,-1.3,4.6000000000000005,8.8,-45.3,8.600000000000001,36.0,16
12430,208477.0,-0.4,-1.0,0.7000000000000001,-1.2000000000000002,4.6000000000000005,8.6,-46.4,14.900000000000002,32.9,16
12431,208493.0,-0.1,-1.0,0.0,-0.8,4.5,8.0,-52.5,25.300000000000004,26.300000000000004,16
12432,208510.0,-0.4,-0.8,-0.2,-1.2000000000000002,4.5,7.9,-75.3,38.2,19.9,16
12433,208527.0,-0.5,-0.8,0.30000000000000004,-1.4000000000000001,4.4,8.5,-89.8,45.2,17.300000000000004,16
12434,208543.0,-0.8,-0.8,2.1,-1.9000000000000001,4.1000000000000005,10.5,-111.10000000000002,54.199999999999996,10.5,16
12435,208560.0,-1.0,-0.6000000000000001,3.1,-2.3000000000000003,4.1000000000000005,12.4,-103.40000000000002,41.199999999999996,3.5,16
12436,208577.0,-1.4000000000000001,-0.30000000000000004,4.2,-2.6,4.1000000000000005,12.9,-86.89999999999999,31.9,1.8000000000000003,16
12437,208593.0,-1.5,-0.1,2.9000000000000004,-2.8000000000000003,4.2,11.600000000000001,-40.4,20.2,5.6,16
12438,208610.0,-1.1,0.30000000000000004,0.30000000000000004,-2.4000000000000004,4.5,9.0,-13.5,19.300000000000004,13.6,16
12439,208627.0,-0.9,0.4,-0.5,-2.2,4.800000000000001,7.9,-11.4,21.200000000000003,16.900000000000002,16
12440,208643.0,-0.8,0.7000000000000001,-1.1,-2.2,4.9,7.6000000000000005,-12.5,25.1,21.8,16
12441,208660.0,-0.9,0.8,-1.6,-2.3000000000000003,4.9,7.2,-12.600000000000001,32.7,29.600000000000005,16
12442,208677.0,-0.9,0.7000000000000001,-1.8,-2.4000000000000004,4.9,7.0,-14.600000000000001,35.9,35.5,16
12443,208693.0,-0.7000000000000001,0.5,-1.8,-2.2,4.6000000000000005,6.9,-23.700000000000003,37.400000000000006,50.900000000000006,16
12444,208710.0,-0.1,0.2,-1.4000000000000001,-1.7000000000000002,4.2,7.300000000000001,-30.4,25.5,64.50000000000001,16
12445,208727.0,0.4,0.1,-1.2000000000000002,-1.1,4.1000000000000005,7.5,-29.400000000000002,14.800000000000002,68.7,16
12446,208743.0,1.2000000000000002,-0.1,-1.4000000000000001,-0.2,3.9000000000000004,7.4,-18.700000000000003,-5.2,67.2,16
12447,208761.0,1.5,0.0,-2.0,0.2,4.0,6.800000000000001,-5.6,-10.200000000000001,57.49999999999999,16
12448,208777.0,1.5,0.1,-2.2,0.2,4.1000000000000005,6.6000000000000005,-1.7,-5.6,51.6,16
12449,208793.0,1.4000000000000001,0.2,-2.0,0.2,4.3,6.800000000000001,3.5,11.3,42.60000000000001,16
12450,208810.0,1.0,0.6000000000000001,-1.4000000000000001,-0.2,4.7,7.300000000000001,9.3,29.300000000000004,36.2,16
12451,208827.0,0.9,0.8,-1.3,-0.30000000000000004,5.2,7.6000000000000005,11.6,36.2,35.1,16
12452,208843.0,1.0,1.3,-0.8,-0.30000000000000004,5.4,7.9,10.700000000000001,43.1,35.2,16
12453,208860.0,0.8,1.2000000000000002,-0.1,-0.5,5.4,8.5,7.400000000000001,38.1,34.2,16
12454,208877.0,0.6000000000000001,1.3,0.30000000000000004,-0.8,5.6000000000000005,8.9,5.2,32.7,33.300000000000004,16
12455,208893.0,0.4,1.5,0.5,-1.0,5.7,9.1,-2.8,14.700000000000001,31.9,16
12456,208910.0,0.4,1.6,1.4000000000000001,-0.9,5.9,10.100000000000001,-10.8,-10.8,33.0,16
12457,208927.0,0.9,1.7000000000000002,2.1,-0.30000000000000004,5.9,10.8,-10.4,-23.900000000000006,32.400000000000006,16
12458,208943.0,1.1,1.6,2.2,0.0,5.9,10.9,-2.2,-40.800000000000004,26.400000000000006,16
12459,208960.0,1.2000000000000002,1.5,2.2,0.30000000000000004,5.800000000000001,10.9,7.0,-41.50000000000001,9.700000000000001,16
12460,208977.0,0.8,1.5,2.7,-0.1,5.9,11.4,10.8,-34.50000000000001,-0.5,16
12461,208993.0,0.5,1.5,2.7,-0.4,5.9,11.4,23.0,-17.5,-18.1,16
12462,209010.0,0.1,1.9000000000000001,2.0,-0.7000000000000001,6.4,10.700000000000001,34.900000000000006,-6.9,-24.8,16
12463,209027.0,-0.2,1.9000000000000001,1.5,-1.1,6.5,10.100000000000001,34.300000000000004,-1.7,-23.800000000000004,16
12464,209043.0,-0.4,2.0,1.3,-1.3,6.6000000000000005,9.9,23.5,7.500000000000001,-15.700000000000001,16
12465,209060.0,-0.7000000000000001,2.1,1.8,-1.7000000000000002,6.800000000000001,10.4,-9.2,17.300000000000004,-1.6,16
12466,209085.0,-0.4,1.4000000000000001,4.2,-1.4000000000000001,5.9,12.9,-38.900000000000006,7.500000000000001,16.900000000000002,16
12467,209094.0,0.4,0.7000000000000001,5.1000000000000005,-0.6000000000000001,5.300000000000001,13.9,-39.0,-8.8,23.700000000000003,16
12468,209110.0,2.1,-0.5,5.300000000000001,1.3,3.9000000000000004,14.200000000000001,-11.1,-54.6,19.5,16
12469,209127.0,2.9000000000000004,-0.8,2.3000000000000003,2.4000000000000004,3.7,11.200000000000001,28.700000000000003,-85.20000000000002,-2.5,16
12470,209144.0,2.7,-0.8,0.8,2.4000000000000004,3.8000000000000003,9.700000000000001,38.400000000000006,-83.30000000000001,-14.900000000000002,16
12471,209160.0,2.4000000000000004,-0.8,-1.2000000000000002,2.2,3.9000000000000004,7.7,40.7,-52.00000000000001,-34.50000000000001,16
12472,209177.0,2.3000000000000003,-0.8,-1.6,1.9000000000000001,4.0,7.0,30.4,-10.9,-50.2,16
12473,209193.0,1.8,-0.8,-1.6,1.6,4.0,7.1000000000000005,24.400000000000002,6.1000000000000005,-55.60000000000001,16
12474,209210.0,0.9,-0.9,-1.1,0.5,4.0,7.6000000000000005,17.400000000000002,23.3,-60.6,16
12475,209227.0,0.30000000000000004,-0.9,-1.0,-0.30000000000000004,3.9000000000000004,7.6000000000000005,14.0,19.5,-56.6,16
12476,209243.0,0.2,-1.1,-1.0,-0.4,3.8000000000000003,7.6000000000000005,11.2,12.600000000000001,-53.0,16
12477,209260.0,0.30000000000000004,-1.5,-0.6000000000000001,-0.4,3.4000000000000004,8.0,10.200000000000001,-13.100000000000001,-49.800000000000004,16
12478,209277.0,0.5,-1.7000000000000002,-0.6000000000000001,-0.2,3.2,8.0,21.1,-37.7,-53.7,16
12479,209293.0,0.4,-1.9000000000000001,-0.9,-0.2,3.1,7.7,30.1,-45.6,-56.9,16
12480,209310.0,0.1,-2.1,-1.8,-0.5,2.9000000000000004,6.6000000000000005,46.800000000000004,-49.199999999999996,-64.30000000000001,16
12481,209327.0,-0.4,-2.1,-2.6,-1.1,3.1,5.7,55.2,-36.5,-67.60000000000001,16
12482,209344.0,-0.6000000000000001,-2.0,-2.9000000000000004,-1.2000000000000002,3.3000000000000003,5.4,56.300000000000004,-26.000000000000004,-66.60000000000001,16
12483,209361.0,-0.6000000000000001,-1.7000000000000002,-3.1,-1.3,3.7,5.1000000000000005,54.1,-5.6,-61.0,16
12484,209377.0,-0.4,-1.5,-2.8000000000000003,-1.2000000000000002,3.9000000000000004,5.2,51.2,0.9000000000000001,-57.9,16
12485,209393.0,-0.4,-1.4000000000000001,-2.6,-1.4000000000000001,4.2,5.4,45.2,5.500000000000001,-52.7,16
12486,209410.0,-0.7000000000000001,-1.0,-2.5,-1.7000000000000002,4.6000000000000005,5.4,38.1,6.0,-44.5,16
12487,209427.0,-1.0,-0.8,-2.3000000000000003,-2.5,5.1000000000000005,5.9,21.200000000000003,9.100000000000001,-29.900000000000006,16
12488,209444.0,-1.7000000000000002,-0.5,-1.5,-2.8000000000000003,5.2,6.300000000000001,11.4,9.4,-19.400000000000002,16
12489,209460.0,-1.6,-0.2,-0.7000000000000001,-2.8000000000000003,5.5,7.1000000000000005,-3.0,5.6,6.2,16
12490,209479.0,-1.0,-0.4,-0.6000000000000001,-2.1,5.300000000000001,7.2,-13.8,0.1,28.600000000000005,16
12491,209494.0,-0.7000000000000001,-0.5,-0.6000000000000001,-1.7000000000000002,4.9,7.6000000000000005,-21.8,-1.7,35.8,16
12492,209510.0,-0.5,-0.8,0.2,-1.6,4.7,8.1,-42.5,-1.4,43.1,16
12493,209526.0,-0.4,-1.0,1.5,-1.4000000000000001,4.4,9.5,-53.0,4.1,47.60000000000001,16
12494,209544.0,0.0,-1.0,2.6,-0.9,4.3,10.700000000000001,-49.0,14.300000000000002,45.8,16
12495,209560.0,0.2,-1.0,3.0,-0.8,4.2,11.200000000000001,-42.3,16.4,41.1,16
12496,209577.0,0.0,-1.2000000000000002,2.6,-0.9,3.9000000000000004,10.9,-22.6,13.000000000000002,27.2,16
12497,209594.0,-0.2,-1.1,1.9000000000000001,-1.3,4.2,9.5,-16.8,12.7,20.599999999999998,16
12498,209610.0,-0.5,-0.7000000000000001,0.7000000000000001,-1.5,4.3,9.0,-21.8,18.700000000000003,13.900000000000002,16
12499,209627.0,-1.0,-0.5,0.0,-2.0,4.4,8.3,-47.3,29.1,16.900000000000002,16
12500,209643.0,-1.2000000000000002,-0.30000000000000004,0.2,-2.4000000000000004,4.5,9.700000000000001,-66.3,28.900000000000002,20.599999999999998,16
12501,209660.0,-1.4000000000000001,-0.2,2.4000000000000004,-2.4000000000000004,4.4,11.0,-94.6,15.100000000000001,28.0,16
12502,209678.0,-0.8,-0.1,3.6,-1.8,4.2,12.3,-84.6,-7.699999999999999,30.699999999999996,16
12503,209694.0,0.0,-0.30000000000000004,3.1,-0.9,3.9000000000000004,11.9,-54.199999999999996,-21.900000000000002,21.1,16
12504,209710.0,0.30000000000000004,-0.4,2.3000000000000003,-0.6000000000000001,3.7,11.200000000000001,-37.2,-21.8,12.7,16
12505,209727.0,0.30000000000000004,-0.5,0.8,-0.5,3.6,9.700000000000001,-11.2,-3.8,-6.9,16
12506,209743.0,0.1,-0.4,0.2,-0.7000000000000001,3.6,9.1,-3.3000000000000007,9.8,-15.5,16
12507,209760.0,-0.30000000000000004,-0.30000000000000004,-0.9,-1.3,3.7,8.0,4.5,30.699999999999996,-26.300000000000004,16
12508,209777.0,-0.7000000000000001,-0.4,-1.6,-1.9000000000000001,3.7,7.300000000000001,-0.4,37.9,-26.799999999999997,16
12509,209793.0,-0.9,-0.4,-1.8,-2.2,3.6,7.1000000000000005,-13.399999999999999,34.300000000000004,-18.8,16
12510,209810.0,-0.9,-0.5,-1.7000000000000002,-2.2,3.5,7.2,-19.200000000000003,29.200000000000003,-13.399999999999999,16
12511,209827.0,-0.6000000000000001,-0.6000000000000001,-1.5,-2.0,3.3000000000000003,7.4,-20.0,13.3,-4.1,16
12512,209843.0,-0.4,-0.6000000000000001,-1.7000000000000002,-1.7000000000000002,3.2,7.0,-10.0,4.4,2.3,16
12513,209860.0,-0.2,-0.6000000000000001,-2.1,-1.6,3.2,6.800000000000001,-3.6000000000000005,3.4,3.9,16
12514,209877.0,0.0,-0.5,-2.9000000000000004,-1.4000000000000001,3.3000000000000003,5.9,6.0,5.7,7.0,16
12515,209893.0,0.4,-0.30000000000000004,-3.5,-1.1,3.6,5.300000000000001,7.500000000000001,14.700000000000001,9.100000000000001,16
12516,209910.0,0.5,-0.2,-3.6,-1.0,3.7,5.2,5.500000000000001,20.5,9.4,16
12517,209927.0,0.4,0.2,-3.3000000000000003,-1.2000000000000002,4.1000000000000005,5.5,-3.0,30.5,9.2,16
12518,209946.0,0.30000000000000004,0.7000000000000001,-2.5,-1.3,4.5,6.2,-10.5,34.800000000000004,11.4,16
12519,209960.0,0.5,0.9,-2.0,-1.2000000000000002,4.7,6.7,-11.8,33.800000000000004,13.000000000000002,16
12520,209978.0,0.30000000000000004,1.2000000000000002,-0.9,-1.5,5.0,7.800000000000001,-12.9,37.2,14.300000000000002,16
12521,209993.0,0.2,1.4000000000000001,0.1,-1.7000000000000002,5.2,8.8,-12.200000000000001,38.50000000000001,15.700000000000001,16
12522,210010.0,0.30000000000000004,1.4000000000000001,0.6000000000000001,-1.6,5.2,9.200000000000001,-10.8,37.6,15.5,16
12523,210027.0,0.9,1.6,1.4000000000000001,-1.1,5.4,10.100000000000001,-8.3,33.1,12.299999999999999,16
12524,210043.0,0.8,1.6,2.2,-1.2000000000000002,5.4,10.9,-1.4,16.6,4.0,16
12525,210060.0,0.7000000000000001,1.5,2.2,-1.4000000000000001,5.300000000000001,10.9,4.7,1.7,-0.30000000000000004,16
12526,210077.0,0.6000000000000001,1.4000000000000001,2.1,-1.4000000000000001,5.2,10.9,8.899999999999999,-30.5,-9.899999999999999,16
12527,210093.0,0.1,1.2000000000000002,2.9000000000000004,-1.8,5.1000000000000005,11.600000000000001,8.600000000000001,-43.50000000000001,-20.8,16
12528,210110.0,-0.2,1.1,3.2,-2.0,5.0,11.9,13.5,-41.0,-24.599999999999998,16
12529,210126.0,-0.30000000000000004,0.9,2.9000000000000004,-2.0,4.800000000000001,11.700000000000001,26.700000000000003,-31.3,-29.200000000000003,16
12530,210143.0,0.1,1.3,2.2,-1.6,5.300000000000001,11.0,33.1,-39.8,-32.1,16
12531,210160.0,0.2,1.3,2.0,-1.5,5.4,10.8,29.1,-42.2,-31.7,16
12532,210177.0,-0.2,1.0,2.2,-1.8,5.1000000000000005,11.0,8.4,-33.800000000000004,-30.699999999999996,16
12533,210193.0,-0.8,0.7000000000000001,3.9000000000000004,-2.3000000000000003,4.800000000000001,12.700000000000001,-22.1,-29.900000000000006,-28.1,16
12534,210210.0,-0.4,0.8,4.9,-1.9000000000000001,4.9,13.8,-29.1,-33.400000000000006,-26.5,16
12535,210227.0,0.30000000000000004,0.4,5.9,-1.1,4.3,14.9,-10.1,-49.0,-24.400000000000002,16
12536,210244.0,1.1,-0.30000000000000004,4.1000000000000005,-0.1,3.7,13.100000000000001,29.400000000000002,-65.89999999999999,-31.5,16
12537,210261.0,1.3,-0.2,1.4000000000000001,0.2,3.9000000000000004,10.4,45.9,-71.6,-43.4,16
12538,210280.0,1.2000000000000002,0.0,0.5,0.1,4.3,8.8,44.2,-68.80000000000001,-48.0,16
12539,210294.0,1.0,0.2,-0.6000000000000001,0.1,4.5,8.4,31.5,-48.400000000000006,-51.9,16
12540,210310.0,0.9,0.2,-0.8,-0.1,4.4,8.1,23.5,-35.2,-51.6,16
12541,210327.0,0.5,-0.1,-0.8,-0.30000000000000004,4.2,8.1,9.899999999999999,-13.8,-50.1,16
12542,210343.0,0.30000000000000004,-0.5,-0.7000000000000001,-0.7000000000000001,3.8000000000000003,8.200000000000001,1.7,-5.2,-46.6,16
12543,210360.0,-0.1,-0.9,-0.5,-1.1,3.4000000000000004,8.4,1.6,-3.9,-43.2,16
12544,210377.0,-0.2,-1.1,-0.7000000000000001,-1.2000000000000002,3.2,8.3,5.2,-5.300000000000001,-41.0,16
12545,210393.0,-0.30000000000000004,-1.4000000000000001,-1.1,-1.3,2.9000000000000004,7.800000000000001,14.100000000000001,-8.899999999999999,-36.9,16
12546,210410.0,-0.2,-1.7000000000000002,-1.8,-1.3,2.7,7.1000000000000005,23.700000000000003,-16.1,-35.699999999999996,16
12547,210427.0,-0.1,-1.8,-2.1,-1.2000000000000002,2.6,6.7,28.3,-21.300000000000004,-36.5,16
12548,210443.0,0.0,-1.9000000000000001,-3.0,-1.0,2.5,5.800000000000001,35.5,-33.50000000000001,-40.300000000000004,16
12549,210460.0,0.0,-1.8,-4.0,-1.0,2.7,4.7,35.2,-35.0,-43.50000000000001,16
12550,210477.0,-0.2,-1.7000000000000002,-4.2,-1.1,2.9000000000000004,4.5,30.3,-30.200000000000003,-44.4,16
12551,210493.0,-0.4,-1.3,-4.1000000000000005,-1.4000000000000001,3.3000000000000003,4.5,20.400000000000002,-18.200000000000003,-41.6,16
12552,210510.0,-0.4,-0.9,-4.0,-1.4000000000000001,3.8000000000000003,4.5,13.8,-5.300000000000001,-32.5,16
12553,210527.0,-0.30000000000000004,-0.7000000000000001,-4.1000000000000005,-1.3,3.9000000000000004,4.4,9.899999999999999,0.8,-27.0,16
12554,210545.0,-0.2,-0.5,-4.1000000000000005,-1.3,4.1000000000000005,4.4,-4.6,11.3,-17.1,16
12555,210560.0,-0.2,-0.5,-4.1000000000000005,-1.6,4.3,5.300000000000001,-25.1,16.4,-10.700000000000001,16
12556,210577.0,-0.8,-0.1,-2.6,-2.0,4.4,5.800000000000001,-33.9,19.9,-7.200000000000001,16
12557,210594.0,-1.2000000000000002,0.30000000000000004,-1.3,-2.5,4.6000000000000005,7.2,-47.1,30.5,3.4,16
12558,210610.0,-1.2000000000000002,0.30000000000000004,-0.4,-2.5,4.6000000000000005,9.1,-53.10000000000001,38.2,14.200000000000001,16
12559,210627.0,-1.2000000000000002,0.5,1.4000000000000001,-2.6,4.6000000000000005,10.0,-52.00000000000001,37.6,18.3,16
12560,210643.0,-1.2000000000000002,0.6000000000000001,2.5,-2.7,4.6000000000000005,11.200000000000001,-44.5,30.5,25.8,16
12561,210660.0,-0.6000000000000001,0.4,3.4000000000000004,-2.2,4.3,12.100000000000001,-35.599999999999994,20.8,31.400000000000002,16
12562,210677.0,-0.5,0.1,3.7,-2.1,4.0,12.5,-30.1,15.000000000000002,29.700000000000006,16
12563,210693.0,-0.4,0.0,3.7,-1.9000000000000001,3.8000000000000003,12.600000000000001,-18.3,4.7,21.200000000000003,16
12564,210710.0,-0.4,0.0,3.3000000000000003,-1.9000000000000001,3.9000000000000004,12.100000000000001,-9.2,-3.9,8.8,16
12565,210727.0,-0.5,0.0,3.0,-2.0,3.8000000000000003,11.9,-7.699999999999999,-4.4,3.5,16
12566,210743.0,-0.9,0.0,2.7,-2.4000000000000004,3.8000000000000003,11.600000000000001,-11.000000000000002,5.8,-1.9,16
12567,210760.0,-1.4000000000000001,0.0,2.2,-2.9000000000000004,3.7,11.100000000000001,-22.700000000000003,12.4,3.1,16
12568,210777.0,-1.4000000000000001,0.0,2.2,-3.0,3.7,11.200000000000001,-33.400000000000006,14.400000000000002,10.9,16
12569,210793.0,-0.9,-0.4,2.8000000000000003,-2.6,3.1,11.9,-52.80000000000001,12.4,29.200000000000003,16
12570,210810.0,0.0,-0.8,3.5,-1.6,2.5,12.700000000000001,-52.300000000000004,0.2,36.9,16
12571,210827.0,0.5,-0.9,3.4000000000000004,-1.0,2.4000000000000004,12.600000000000001,-42.5,-9.0,33.800000000000004,16
12572,210843.0,1.1,-1.0,2.2,-0.4,2.3000000000000003,11.5,-14.0,-18.3,20.2,16
12573,210860.0,1.0,-1.0,0.4,-0.4,2.2,9.600000000000001,11.3,-7.400000000000001,2.3,16
12574,210877.0,0.8,-1.0,-0.5,-0.6000000000000001,2.2,8.8,19.5,4.4,-5.500000000000001,16
12575,210893.0,0.4,-0.9,-1.8,-1.1,2.5,7.4,25.5,32.9,-14.100000000000001,16
12576,210910.0,0.0,-0.8,-2.6,-1.7000000000000002,2.6,6.5,19.799999999999997,58.900000000000006,-13.900000000000002,16
12577,210927.0,-0.1,-0.7000000000000001,-2.8000000000000003,-1.9000000000000001,2.7,6.2,13.3,69.4,-10.600000000000001,16
12578,210943.0,-0.1,-0.6000000000000001,-2.6,-2.2,2.8000000000000003,6.4,-3.0,80.7,0.6000000000000001,16
12579,210960.0,0.0,-0.7000000000000001,-2.2,-2.2,2.7,6.800000000000001,-14.200000000000001,73.2,11.3,16
12580,210977.0,0.2,-0.8,-2.0,-2.2,2.6,6.9,-15.6,63.599999999999994,14.900000000000002,16
12581,210993.0,0.4,-0.8,-1.9000000000000001,-2.1,2.6,7.0,-10.299999999999999,39.0,18.0,16
12582,211010.0,0.6000000000000001,-0.8,-2.5,-1.9000000000000001,2.6,6.4,0.30000000000000004,15.5,18.4,16
12583,211027.0,0.8,-0.8,-2.9000000000000004,-1.7000000000000002,2.6,5.6000000000000005,3.6000000000000005,8.0,18.4,16
12584,211043.0,0.9,-0.6000000000000001,-3.4000000000000004,-1.6,2.8000000000000003,5.4,2.4000000000000004,3.1,17.7,16
12585,211060.0,0.9,-0.2,-2.9000000000000004,-1.6,3.2,5.9,-3.1,9.100000000000001,16.4,16
12586,211077.0,1.1,0.0,-2.6,-1.3,3.4000000000000004,6.5,-3.3000000000000007,13.900000000000002,15.700000000000001,16
12587,211093.0,1.1,0.1,-1.7000000000000002,-1.4000000000000001,3.4000000000000004,7.0,-3.7000000000000006,22.700000000000003,11.6,16
12588,211110.0,0.4,0.4,-0.4,-2.2,3.8000000000000003,8.3,-6.0,22.2,0.5,16
12589,211127.0,-0.30000000000000004,1.0,0.6000000000000001,-3.0,4.4,9.3,-2.8,26.5,-1.1,16
12590,211143.0,-0.7000000000000001,1.2000000000000002,1.1,-3.5,4.5,9.700000000000001,-0.9000000000000001,30.4,2.4000000000000004,16
12591,211160.0,-0.9,1.4000000000000001,1.4000000000000001,-3.7,4.7,10.100000000000001,3.4,17.400000000000002,11.2,16
12592,211190.0,-0.4,1.5,1.5,-3.1,5.0,10.200000000000001,6.2,-34.2,18.0,16
12593,211193.0,-0.4,1.5,1.5,-3.1,5.0,10.200000000000001,6.2,-34.2,18.0,16
12594,211210.0,0.2,2.0,1.5,-2.3000000000000003,5.5,10.200000000000001,9.899999999999999,-64.0,16.200000000000003,16
12595,211227.0,0.30000000000000004,2.4000000000000004,1.4000000000000001,-2.0,6.0,10.200000000000001,12.9,-68.4,12.299999999999999,16
12596,211243.0,0.30000000000000004,2.4000000000000004,1.2000000000000002,-1.9000000000000001,6.0,10.0,13.5,-64.10000000000001,10.8,16
12597,211260.0,0.2,2.3000000000000003,1.1,-1.8,6.0,10.0,9.600000000000001,-47.400000000000006,5.8,16
12598,211276.0,0.1,2.4000000000000004,1.5,-1.8,6.1000000000000005,10.4,5.4,-24.0,-0.7,16
12599,211293.0,0.0,2.7,1.8,-1.9000000000000001,6.4,10.600000000000001,7.0,-14.700000000000001,-3.1,16
12600,211310.0,-0.1,3.0,1.0,-1.9000000000000001,6.800000000000001,9.9,11.900000000000002,-2.5,-0.8,16
12601,211326.0,-0.1,3.0,0.8,-2.0,6.9,9.700000000000001,-0.4,8.100000000000001,9.5,16
12602,211343.0,0.0,2.9000000000000004,1.0,-1.9000000000000001,6.7,9.9,-10.200000000000001,9.2,15.6,16
12603,211360.0,0.5,2.3000000000000003,2.0,-1.4000000000000001,6.1000000000000005,10.9,-32.2,2.2,25.8,16
12604,211376.0,1.6,1.6,3.5,-0.2,5.300000000000001,12.600000000000001,-40.1,-22.1,28.1,16
12605,211393.0,2.1,1.3,4.0,0.4,5.0,13.100000000000001,-31.2,-35.8,24.7,16
12606,211410.0,3.2,0.8,3.4000000000000004,1.7000000000000002,4.5,12.5,2.4000000000000004,-48.9,11.900000000000002,16
12607,211427.0,3.5,0.8,1.7000000000000002,2.1,4.6000000000000005,10.8,28.0,-43.2,-8.2,16
12608,211443.0,3.3000000000000003,0.8,1.2000000000000002,2.0,4.6000000000000005,10.3,33.800000000000004,-32.8,-16.900000000000002,16
12609,211460.0,2.9000000000000004,0.5,0.7000000000000001,1.6,4.4,9.8,35.699999999999996,-1.9,-28.1,16
12610,211477.0,2.7,0.2,1.1,1.4000000000000001,4.1000000000000005,10.200000000000001,32.300000000000004,8.8,-31.799999999999997,16
12611,211493.0,2.6,0.0,1.7000000000000002,1.2000000000000002,4.0,10.8,27.6,8.0,-38.60000000000001,16
12612,211510.0,2.2,-0.6000000000000001,2.5,0.9,3.5,11.5,36.0,-7.699999999999999,-43.900000000000006,16
12613,211527.0,1.8,-1.5,2.2,0.5,2.7,11.200000000000001,53.400000000000006,-28.500000000000004,-51.4,16
12614,211543.0,1.6,-1.8,1.8,0.30000000000000004,2.5,10.700000000000001,61.39999999999999,-36.0,-55.400000000000006,16
12615,211560.0,1.2000000000000002,-2.4000000000000004,0.8,-0.1,2.1,9.700000000000001,76.5,-47.2,-64.10000000000001,16
12616,211577.0,1.0,-2.9000000000000004,-0.5,-0.2,1.7000000000000002,8.200000000000001,89.30000000000001,-50.900000000000006,-72.60000000000001,16
12617,211593.0,0.9,-3.2,-1.1,-0.30000000000000004,1.6,7.6000000000000005,93.60000000000001,-51.800000000000004,-77.3,16
12618,211610.0,0.6000000000000001,-3.5,-2.3000000000000003,-0.6000000000000001,1.5,6.2,99.9,-53.50000000000001,-85.80000000000001,16
12619,211627.0,0.2,-3.7,-3.4000000000000004,-0.9,1.5,4.9,99.5,-53.0,-91.0,16
12620,211643.0,0.0,-3.7,-3.8000000000000003,-1.2000000000000002,1.6,4.5,95.69999999999999,-52.00000000000001,-92.39999999999999,16
12621,211660.0,-0.6000000000000001,-3.4000000000000004,-4.2,-1.8,2.1,3.9000000000000004,83.80000000000001,-51.70000000000001,-90.70000000000002,16
12622,211676.0,-1.0,-2.7,-4.3,-2.2,2.9000000000000004,3.6,69.7,-48.0,-79.6,16
12623,211693.0,-1.0,-2.4000000000000004,-4.3,-2.3000000000000003,3.3000000000000003,3.5,62.50000000000001,-41.1,-71.9,16
12624,211710.0,-1.1,-1.8,-4.3,-2.4000000000000004,4.0,3.5,42.1,-18.0,-57.400000000000006,16
12625,211727.0,-1.3,-1.1,-3.4000000000000004,-2.7,4.7,4.3,16.1,13.5,-43.50000000000001,16
12626,211743.0,-1.5,-0.9,-2.6,-3.4000000000000004,5.0,5.800000000000001,4.7,28.0,-36.0,16
12627,211760.0,-2.0,-0.7000000000000001,-1.3,-3.7,5.1000000000000005,6.300000000000001,-12.4,42.400000000000006,-19.9,16
12628,211777.0,-2.5,-0.5,-0.30000000000000004,-4.3,5.2,7.300000000000001,-28.3,30.4,-1.2000000000000002,16
12629,211794.0,-2.7,-0.4,0.2,-4.6000000000000005,5.2,8.5,-37.9,17.7,9.2,16
12630,211810.0,-2.7,-0.6000000000000001,1.5,-4.5,5.0,9.200000000000001,-53.400000000000006,-9.700000000000001,31.0,16
12631,211827.0,-2.1,-0.9,2.8000000000000003,-3.8000000000000003,4.5,10.700000000000001,-58.7,-27.2,46.300000000000004,16
12632,211844.0,-1.3,-0.9,3.9000000000000004,-2.8000000000000003,4.4,12.0,-50.3,-37.1,46.6,16
12633,211860.0,-1.1,-0.8,4.1000000000000005,-2.6,4.4,12.200000000000001,-38.50000000000001,-39.2,40.5,16
12634,211877.0,-1.2000000000000002,-0.8,3.1,-2.5,4.4,11.3,-12.600000000000001,-29.600000000000005,26.1,16
12635,211893.0,-1.5,-0.6000000000000001,2.0,-2.6,4.5,10.8,-5.2,-20.5,20.5,16
12636,211910.0,-1.6,-0.5,1.1,-2.8000000000000003,4.7,9.3,-0.9000000000000001,-3.8,14.400000000000002,16
12637,211926.0,-1.9000000000000001,0.0,-0.6000000000000001,-3.2,5.1000000000000005,7.7,-25.4,13.399999999999999,19.799999999999997,16
12638,211943.0,-2.3000000000000003,-0.2,-0.1,-3.5,4.7,8.200000000000001,-78.9,17.5,34.0,16
12639,211960.0,-2.4000000000000004,-0.6000000000000001,1.2000000000000002,-3.7,4.2,9.600000000000001,-104.00000000000001,15.000000000000002,41.1,16
12640,211976.0,-1.7000000000000002,-1.2000000000000002,3.6,-2.9000000000000004,3.3000000000000003,12.3,-116.69999999999999,-2.5,50.900000000000006,16
12641,211993.0,-0.6000000000000001,-1.5,4.3,-1.7000000000000002,2.7,13.200000000000001,-84.6,-20.900000000000002,42.60000000000001,16
12642,212010.0,-0.30000000000000004,-1.5,3.7,-1.3,2.6,12.700000000000001,-58.400000000000006,-26.1,31.0,16
12643,212026.0,-0.4,-1.2000000000000002,1.1,-1.3,2.9000000000000004,10.0,-9.100000000000001,-13.5,4.4,16
12644,212043.0,-0.9,-0.9,-1.2000000000000002,-1.9000000000000001,3.2,7.800000000000001,15.700000000000001,27.400000000000002,-10.700000000000001,16
12645,212062.0,-1.2000000000000002,-0.8,-2.1,-2.3000000000000003,3.3000000000000003,6.800000000000001,19.5,48.70000000000001,-12.100000000000001,16
12646,212077.0,-1.5,-0.5,-3.5,-2.9000000000000004,3.7,5.300000000000001,8.4,76.80000000000001,-3.5,16
12647,212093.0,-1.5,-0.4,-4.0,-3.0,3.7,4.800000000000001,-20.1,80.8,17.5,16
12648,212110.0,-1.3,-0.5,-3.7,-3.0,3.5,5.1000000000000005,-36.2,75.3,30.200000000000003,16
12649,212126.0,-1.0,-0.8,-3.2,-2.3000000000000003,2.9000000000000004,5.800000000000001,-57.00000000000001,47.7,54.300000000000004,16
12650,212143.0,0.9,-1.1,-2.6,-0.9,2.6,6.2,-62.800000000000004,8.600000000000001,68.60000000000001,16
12651,212160.0,1.4000000000000001,-1.1,-2.5,-0.30000000000000004,2.6,6.4,-60.8,-7.6,69.80000000000001,16
12652,212177.0,2.1,-0.8,-2.5,0.6000000000000001,2.7,6.4,-49.699999999999996,-23.3,64.80000000000001,16
12653,212193.0,2.1,-0.30000000000000004,-2.4000000000000004,0.7000000000000001,3.1,6.5,-35.599999999999994,-14.600000000000001,51.50000000000001,16
12654,212210.0,1.9000000000000001,0.1,-2.4000000000000004,0.5,3.5,6.5,-28.200000000000003,-2.6,44.6,16
12655,212227.0,1.6,0.8,-2.3000000000000003,0.2,4.2,6.7,-13.6,29.200000000000003,36.2,16
12656,212243.0,1.7000000000000002,1.6,-1.9000000000000001,0.2,4.9,7.0,-7.8,48.6,30.699999999999996,16
12657,212260.0,1.5,1.8,-1.6,0.0,5.2,7.300000000000001,-6.1000000000000005,51.800000000000004,27.700000000000003,16
12658,212277.0,1.2000000000000002,2.4000000000000004,-1.0,-0.4,5.800000000000001,7.9,-9.600000000000001,55.8,24.200000000000003,16
12659,212293.0,0.4,2.6,0.30000000000000004,-1.4000000000000001,6.0,9.1,-20.7,55.3,24.200000000000003,16
12660,212310.0,-0.1,2.6,1.1,-1.9000000000000001,6.0,10.0,-27.099999999999998,51.2,25.7,16
12661,212327.0,-0.6000000000000001,2.7,2.8000000000000003,-2.5,6.0,11.700000000000001,-32.5,29.300000000000004,30.799999999999997,16
12662,212344.0,-0.5,2.8000000000000003,3.9000000000000004,-2.4000000000000004,6.1000000000000005,12.9,-23.900000000000006,-1.7,35.5,16
12663,212360.0,-0.30000000000000004,2.7,4.1000000000000005,-2.2,5.9,13.100000000000001,-14.900000000000002,-16.3,36.400000000000006,16
12664,212377.0,0.0,2.4000000000000004,3.6,-1.7000000000000002,5.7,12.600000000000001,4.9,-33.7,31.5,16
12665,212393.0,0.4,2.1,2.9000000000000004,-1.2000000000000002,5.5,11.9,12.4,-33.6,19.200000000000003,16
12666,212410.0,0.4,2.0,3.0,-1.1,5.4,12.100000000000001,12.5,-28.900000000000002,10.5,16
12667,212427.0,0.4,2.1,3.6,-1.0,5.6000000000000005,12.700000000000001,20.2,-21.500000000000004,-10.700000000000001,16
12668,212443.0,0.1,2.6,2.9000000000000004,-1.3,6.1000000000000005,12.0,34.900000000000006,-12.200000000000001,-29.900000000000006,16
12669,212460.0,-0.30000000000000004,2.6,2.6,-1.8,6.2,11.700000000000001,36.9,-2.9,-35.3,16
12670,212477.0,-1.1,2.7,2.3000000000000003,-2.7,6.4,11.3,29.300000000000004,15.5,-36.5,16
12671,212493.0,-1.7000000000000002,2.6,2.8000000000000003,-3.4000000000000004,6.4,11.9,5.0,33.300000000000004,-27.0,16
12672,212511.0,-1.5,2.1,3.5,-2.8000000000000003,5.300000000000001,13.100000000000001,-5.2,33.800000000000004,-19.0,16
12673,212527.0,-0.2,1.0,4.3,-2.1,4.800000000000001,13.4,-2.7,9.100000000000001,-7.0,16
12674,212544.0,1.2000000000000002,0.0,3.1,-0.6000000000000001,3.8000000000000003,12.200000000000001,25.4,-26.200000000000003,-9.100000000000001,16
12675,212560.0,1.6,-0.1,1.6,0.30000000000000004,3.8000000000000003,9.1,39.8,-39.8,-14.300000000000002,16
12676,212577.0,2.0,-0.1,-1.2000000000000002,0.4,3.9000000000000004,7.9,48.0,-45.400000000000006,-26.000000000000004,16
12677,212593.0,1.6,-0.1,-1.8,0.1,4.0,7.2,36.5,-22.700000000000003,-32.300000000000004,16
12678,212610.0,1.3,-0.1,-1.5,-0.30000000000000004,4.1000000000000005,7.4,31.2,-7.400000000000001,-32.1,16
12679,212627.0,1.2000000000000002,-0.1,-1.3,-0.4,4.1000000000000005,7.6000000000000005,24.3,21.500000000000004,-26.700000000000003,16
12680,212643.0,1.6,-0.4,-0.7000000000000001,-0.2,3.9000000000000004,8.1,20.2,33.1,-18.6,16
12681,212660.0,1.7000000000000002,-0.7000000000000001,-0.30000000000000004,-0.1,3.3000000000000003,9.0,19.1,30.9,-16.3,16
12682,212677.0,1.7000000000000002,-1.3,0.5,-0.1,3.0,9.3,24.0,7.699999999999999,-19.200000000000003,16
12683,212693.0,1.4000000000000001,-1.8,0.30000000000000004,-0.5,2.6,9.0,33.800000000000004,-20.1,-26.9,16
12684,212710.0,1.0,-2.1,-0.1,-0.8,2.4000000000000004,8.6,41.50000000000001,-42.3,-33.2,16
12685,212726.0,0.9,-2.2,-0.4,-0.8,2.3000000000000003,8.3,47.1,-50.0,-35.599999999999994,16
12686,212743.0,0.7000000000000001,-2.5,-1.4000000000000001,-0.9,2.2,7.2,61.10000000000001,-55.5,-38.900000000000006,16
12687,212760.0,0.4,-2.5,-2.6,-1.1,2.4000000000000004,5.9,69.7,-50.400000000000006,-40.1,16
12688,212776.0,0.30000000000000004,-2.4000000000000004,-3.0,-1.2000000000000002,2.5,5.4,68.9,-45.3,-40.1,16
12689,212793.0,0.1,-2.1,-3.4000000000000004,-1.3,2.9000000000000004,5.0,61.8,-35.5,-38.7,16
12690,212810.0,0.0,-1.7000000000000002,-3.3000000000000003,-1.4000000000000001,3.5,4.9,51.4,-24.599999999999998,-36.400000000000006,16
12691,212827.0,-0.1,-1.6,-3.3000000000000003,-1.5,3.7,4.9,44.300000000000004,-19.0,-34.400000000000006,16
12692,212843.0,-0.4,-1.0,-2.9000000000000004,-1.8,4.3,5.2,23.6,-9.100000000000001,-27.5,16
12693,212860.0,-0.7000000000000001,-0.8,-1.6,-2.2,4.5,6.5,2.8,-1.1,-17.400000000000002,16
12694,212877.0,-0.8,-0.8,-0.8,-2.3000000000000003,4.5,7.300000000000001,-3.1,-0.2,-12.299999999999999,16
12695,212893.0,-1.0,-0.7000000000000001,0.2,-2.5,4.5,8.3,-6.4,-7.200000000000001,-4.1,16
12696,212911.0,-1.3,-0.5,0.7000000000000001,-2.7,4.800000000000001,8.8,-4.2,-11.900000000000002,5.7,16
12697,212928.0,-1.3,-0.5,0.8,-2.7,4.7,8.9,-2.9,-10.9,11.700000000000001,16
12698,212946.0,-1.0,-0.8,1.2000000000000002,-2.4000000000000004,4.4,9.4,-4.5,-4.6,19.400000000000002,16
12699,212960.0,-0.8,-0.9,2.0,-2.2,4.3,10.100000000000001,-8.5,1.3,17.300000000000004,16
12700,212979.0,-1.0,-0.7000000000000001,2.4000000000000004,-2.3000000000000003,4.5,10.600000000000001,-2.5,5.300000000000001,8.5,16
12701,212995.0,-1.1,-0.5,2.2,-2.5,4.7,10.4,4.0,8.3,3.9,16
12702,213013.0,-1.4000000000000001,-0.5,1.4000000000000001,-2.8000000000000003,4.7,9.600000000000001,13.900000000000002,14.400000000000002,-4.4,16
12703,213027.0,-1.6,-0.5,1.1,-3.1,4.800000000000001,9.200000000000001,16.3,18.900000000000002,-7.8,16
12704,213043.0,-1.9000000000000001,-0.30000000000000004,0.1,-3.5,5.0,8.200000000000001,12.7,31.9,-9.4,16
12705,213060.0,-2.1,-0.1,-1.1,-3.9000000000000004,5.2,7.0,-12.4,40.9,-1.4,16
12706,213080.0,-2.4000000000000004,0.0,-1.0,-4.2,5.1000000000000005,7.2,-68.9,39.9,14.700000000000001,16
12707,213094.0,-2.5,-0.4,0.30000000000000004,-4.4,4.6000000000000005,8.5,-100.1,35.699999999999996,23.2,16
12708,213110.0,-2.0,-0.9,3.5,-3.9000000000000004,3.7,11.9,-129.4,16.5,37.300000000000004,16
12709,213126.0,-1.3,-1.1,4.9,-3.2,3.3000000000000003,13.5,-121.80000000000001,5.6,40.0,16
12710,213143.0,-0.6000000000000001,-1.2000000000000002,5.5,-1.9000000000000001,3.0,13.9,-70.4,-11.5,29.0,16
12711,213160.0,0.4,-1.0,2.9000000000000004,-1.4000000000000001,3.2,11.8,-15.2,-7.400000000000001,5.8,16
12712,213176.0,0.30000000000000004,-0.8,1.6,-1.6,3.4000000000000004,9.1,5.0,1.7,-5.0,16
12713,213193.0,0.0,-0.6000000000000001,-1.0,-1.8,3.5,7.800000000000001,26.799999999999997,28.700000000000003,-18.200000000000003,16
12714,213210.0,-0.4,-0.4,-2.5,-2.4000000000000004,3.9000000000000004,6.2,26.400000000000006,51.0,-17.7,16
12715,213227.0,-0.6000000000000001,-0.30000000000000004,-2.9000000000000004,-2.7,4.0,5.7,19.700000000000003,56.50000000000001,-12.200000000000001,16
12716,213243.0,-0.6000000000000001,-0.2,-3.1,-2.9000000000000004,4.1000000000000005,5.4,-0.9000000000000001,55.3,7.6,16
12717,213260.0,-0.2,-0.5,-2.8000000000000003,-2.6,3.8000000000000003,5.7,-18.0,38.400000000000006,31.0,16
12718,213277.0,0.2,-0.7000000000000001,-2.8000000000000003,-1.8,3.3000000000000003,5.7,-22.1,25.4,42.0,16
12719,213293.0,1.1,-1.1,-3.0,-1.3,3.1,5.5,-24.0,-3.6000000000000005,56.400000000000006,16
12720,213310.0,1.8,-1.0,-3.3000000000000003,-0.4,3.2,5.300000000000001,-23.0,-22.8,58.5,16
12721,213326.0,1.9000000000000001,-0.8,-3.5,-0.1,3.4000000000000004,5.1000000000000005,-21.8,-26.6,55.5,16
12722,213343.0,1.9000000000000001,-0.5,-3.5,0.0,3.7,5.1000000000000005,-19.400000000000002,-22.1,47.0,16
12723,213360.0,1.6,0.2,-3.4000000000000004,-0.2,4.3,5.2,-16.0,-2.0,40.7,16
12724,213377.0,1.2000000000000002,0.8,-2.8000000000000003,-0.6000000000000001,4.9,5.7,-15.2,10.8,39.400000000000006,16
12725,213393.0,1.1,1.1,-2.4000000000000004,-0.8,5.2,6.2,-17.7,34.400000000000006,37.400000000000006,16
12726,213410.0,0.5,1.5,-1.1,-1.5,5.5,7.4,-21.1,50.400000000000006,35.5,16
12727,213426.0,0.1,1.8,0.4,-1.9000000000000001,5.800000000000001,8.9,-22.700000000000003,55.900000000000006,35.4,16
12728,213443.0,-0.1,1.8,1.1,-2.2,5.800000000000001,9.600000000000001,-21.6,52.300000000000004,35.1,16
12729,213460.0,-0.1,2.1,2.1,-2.3000000000000003,6.1000000000000005,10.700000000000001,-15.5,28.500000000000004,33.50000000000001,16
12730,213476.0,-0.1,2.1,2.4000000000000004,-2.1,6.2,10.9,-3.9,-5.8,30.699999999999996,16
12731,213493.0,0.1,2.2,2.1,-1.9000000000000001,6.300000000000001,10.700000000000001,0.9000000000000001,-22.700000000000003,28.200000000000003,16
12732,213511.0,0.2,2.5,1.8,-1.7000000000000002,6.6000000000000005,10.4,3.1,-39.1,23.2,16
12733,213527.0,0.30000000000000004,2.6,2.3000000000000003,-1.5,6.800000000000001,11.0,1.7,-25.200000000000003,16.700000000000003,16
12734,213543.0,0.30000000000000004,2.6,2.8000000000000003,-1.4000000000000001,6.7,11.5,3.6000000000000005,-12.0,12.200000000000001,16
12735,213560.0,0.6000000000000001,2.7,3.6,-1.1,6.9,12.3,17.7,7.0,-1.1,16
12736,213579.0,0.7000000000000001,3.1,2.5,-1.1,7.4,11.200000000000001,37.300000000000004,13.200000000000003,-14.900000000000002,16
12737,213593.0,0.5,3.2,2.0,-1.4000000000000001,7.6000000000000005,10.600000000000001,37.7,16.900000000000002,-17.300000000000004,16
12738,213610.0,-0.30000000000000004,3.3000000000000003,1.7000000000000002,-2.2,7.800000000000001,10.3,16.8,21.900000000000002,-15.700000000000001,16
12739,213627.0,-0.9,3.0,3.4000000000000004,-3.0,7.5,12.0,-9.4,20.599999999999998,-4.6,16
12740,213643.0,-0.8,2.5,4.2,-2.8000000000000003,7.0,12.8,-13.5,17.300000000000004,3.6000000000000005,16
12741,213660.0,0.7000000000000001,1.4000000000000001,4.9,-1.3,5.9,13.600000000000001,-3.4,-0.9000000000000001,12.5,16
12742,213676.0,1.4000000000000001,0.8,4.7,0.1,5.0,12.4,10.700000000000001,-15.399999999999999,10.600000000000001,16
12743,213693.0,2.5,0.2,2.3000000000000003,0.7000000000000001,4.9,11.0,41.7,-39.9,-1.9,16
12744,213710.0,2.8000000000000003,0.1,-0.30000000000000004,1.1,4.800000000000001,8.4,47.60000000000001,-40.1,-18.4,16
12745,213727.0,2.5,0.0,-0.8,0.8,4.800000000000001,7.7,31.6,-15.000000000000002,-30.4,16
12746,213743.0,2.2,-0.2,-0.5,0.5,4.7,8.0,23.099999999999998,-2.2,-33.9,16
12747,213760.0,1.6,-0.6000000000000001,0.5,-0.2,4.3,9.0,16.5,12.5,-34.800000000000004,16
12748,213776.0,1.4000000000000001,-1.0,1.0,-0.5,3.9000000000000004,9.5,23.0,13.6,-29.500000000000004,16
12749,213793.0,1.2000000000000002,-1.4000000000000001,1.2000000000000002,-0.7000000000000001,3.6,9.600000000000001,27.800000000000004,8.899999999999999,-27.3,16
12750,213810.0,1.3,-2.3000000000000003,0.9,-0.6000000000000001,2.8000000000000003,9.3,42.5,-11.900000000000002,-25.6,16
12751,213826.0,1.5,-3.1,0.1,-0.4,2.1,8.5,59.60000000000001,-40.4,-32.6,16
12752,213847.0,1.5,-3.4000000000000004,-1.1,-0.30000000000000004,1.9000000000000001,7.2,73.6,-62.199999999999996,-45.400000000000006,16
12753,213860.0,1.4000000000000001,-3.5,-1.8,-0.30000000000000004,1.8,6.4,78.80000000000001,-68.3,-51.6,16
12754,213877.0,0.9,-3.8000000000000003,-2.9000000000000004,-0.7000000000000001,1.8,5.1000000000000005,81.3,-71.7,-60.7,16
12755,213893.0,0.7000000000000001,-3.7,-3.2,-0.9,1.9000000000000001,4.7,78.5,-70.2,-64.0,16
12756,213910.0,0.30000000000000004,-3.4000000000000004,-3.7,-1.2000000000000002,2.4000000000000004,4.2,70.3,-64.80000000000001,-67.10000000000001,16
12757,213926.0,0.0,-2.8000000000000003,-4.0,-1.5,3.1,3.7,59.9,-56.0,-63.900000000000006,16
12758,213943.0,-0.2,-2.4000000000000004,-4.2,-1.6,3.9000000000000004,3.4000000000000004,51.9,-52.5,-60.1,16
12759,213960.0,-0.1,-1.6,-4.1000000000000005,-1.5,4.3,3.5,27.5,-44.9,-50.7,16
12760,213976.0,-0.4,-1.1,-2.7,-1.9000000000000001,4.800000000000001,4.800000000000001,2.3,-35.1,-42.800000000000004,16
12761,213993.0,-0.6000000000000001,-0.9,-1.8,-2.1,5.1000000000000005,5.7,-7.0,-27.099999999999998,-38.2,16
12762,214010.0,-1.2000000000000002,-0.4,-0.30000000000000004,-2.7,5.5,7.2,-15.299999999999999,-9.3,-27.099999999999998,16
12763,214026.0,-1.4000000000000001,-0.1,0.6000000000000001,-3.0,5.800000000000001,8.200000000000001,-16.900000000000002,2.7,-12.5,16
12764,214043.0,-1.3,-0.1,1.4000000000000001,-2.8000000000000003,5.7,9.0,-17.9,3.4,-5.0,16
12765,214061.0,-1.2000000000000002,-0.1,1.8,-2.7,5.7,9.5,-20.2,-2.5,4.9,16
12766,214076.0,-1.2000000000000002,-0.1,2.6,-2.8000000000000003,5.5,10.4,-23.400000000000002,-8.700000000000001,6.600000000000001,16
12767,214093.0,-1.7000000000000002,-0.30000000000000004,3.0,-3.3000000000000003,5.300000000000001,10.8,-21.300000000000004,-11.8,6.4,16
12768,214110.0,-1.8,-0.2,2.8000000000000003,-3.3000000000000003,5.5,10.600000000000001,-11.6,-11.6,8.4,16
12769,214127.0,-1.7000000000000002,0.0,2.3000000000000003,-3.2,5.6000000000000005,10.200000000000001,-3.6000000000000005,-2.8,8.3,16
12770,214143.0,-1.8,-0.30000000000000004,2.0,-3.1,5.300000000000001,9.600000000000001,-1.9,2.2,8.100000000000001,16
12771,214160.0,-1.4000000000000001,-0.2,1.4000000000000001,-2.9000000000000004,5.4,9.4,-3.6000000000000005,5.8,8.700000000000001,16
12772,214177.0,-1.4000000000000001,-0.5,0.8,-2.9000000000000004,5.1000000000000005,8.700000000000001,-14.400000000000002,6.600000000000001,6.9,16
12773,214197.0,-1.6,-0.6000000000000001,0.30000000000000004,-3.2,4.9,8.3,-37.1,5.0,11.700000000000001,16
12774,214210.0,-1.8,-0.8,0.6000000000000001,-3.4000000000000004,4.6000000000000005,8.6,-53.599999999999994,3.4,15.899999999999999,16
12775,214226.0,-1.8,-1.3,2.3000000000000003,-3.3000000000000003,3.9000000000000004,10.5,-74.89999999999999,-2.7,24.8,16
12776,214243.0,-0.9,-1.5,2.8000000000000003,-2.4000000000000004,3.5,11.200000000000001,-60.6,-13.900000000000002,24.400000000000002,16
12777,214260.0,-0.6000000000000001,-1.6,2.5,-2.0,3.3000000000000003,10.9,-45.9,-17.5,18.4,16
12778,214276.0,-0.5,-1.7000000000000002,0.7000000000000001,-1.9000000000000001,3.2,9.200000000000001,-14.600000000000001,-14.100000000000001,-0.1,16
12779,214293.0,-0.9,-1.2000000000000002,-1.2000000000000002,-2.2,3.6,7.2,4.6,8.5,-12.5,16
12780,214310.0,-1.1,-1.0,-2.0,-2.5,3.8000000000000003,6.4,7.200000000000001,22.1,-14.400000000000002,16
12781,214326.0,-1.7000000000000002,-0.6000000000000001,-3.1,-3.2,4.3,5.300000000000001,-2.8,47.5,-7.400000000000001,16
12782,214343.0,-1.8,-0.30000000000000004,-3.5,-3.5,4.5,4.9,-27.9,61.10000000000001,13.900000000000002,16
12783,214360.0,-1.6,-0.5,-3.4000000000000004,-3.4000000000000004,4.3,5.0,-42.900000000000006,59.699999999999996,27.700000000000003,16
12784,214376.0,-0.8,-1.0,-2.9000000000000004,-2.6,3.6,5.5,-66.9,37.800000000000004,52.900000000000006,16
12785,214393.0,0.6000000000000001,-1.2000000000000002,-2.3000000000000003,-1.2000000000000002,3.2,6.2,-76.1,4.1,66.2,16
12786,214410.0,1.2000000000000002,-1.2000000000000002,-2.0,-0.5,3.1,6.5,-74.10000000000001,-11.000000000000002,65.6,16
12787,214426.0,1.8,-0.8,-1.6,0.30000000000000004,3.3000000000000003,7.0,-59.1,-27.9,52.400000000000006,16
12788,214443.0,1.4000000000000001,-0.30000000000000004,-1.5,-0.1,3.8000000000000003,7.2,-36.8,-16.3,37.7,16
12789,214460.0,1.3,0.1,-1.7000000000000002,-0.1,4.1000000000000005,7.1000000000000005,-25.5,-3.1,33.50000000000001,16
12790,214477.0,1.3,0.9,-1.9000000000000001,-0.1,4.800000000000001,6.800000000000001,-11.3,25.0,30.599999999999998,16
12791,214493.0,1.6,1.5,-1.5,0.1,5.5,7.2,-8.100000000000001,44.6,29.900000000000006,16
12792,214510.0,1.7000000000000002,1.8,-1.2000000000000002,0.2,5.800000000000001,7.5,-8.4,47.5,28.900000000000002,16
12793,214526.0,1.4000000000000001,2.3000000000000003,-0.4,-0.2,6.2,8.3,-14.0,49.199999999999996,22.000000000000004,16
12794,214544.0,0.30000000000000004,2.4000000000000004,0.9,-1.4000000000000001,6.4,9.5,-20.8,49.699999999999996,14.700000000000001,16
12795,214560.0,-0.30000000000000004,2.5,1.5,-2.1,6.4,10.200000000000001,-21.900000000000002,47.3,14.100000000000001,16
12796,214576.0,-1.1,2.5,3.0,-3.0,6.4,11.700000000000001,-15.700000000000001,37.0,19.200000000000003,16
12797,214593.0,-0.8,2.5,3.3000000000000003,-2.7,6.4,12.0,5.500000000000001,21.8,27.400000000000002,16
12798,214610.0,-0.4,2.5,2.9000000000000004,-2.4000000000000004,6.4,11.600000000000001,16.3,12.4,29.400000000000002,16
12799,214626.0,0.2,2.3000000000000003,1.7000000000000002,-1.7000000000000002,6.4,10.4,24.8,-9.100000000000001,27.3,16
12800,214643.0,0.1,2.2,1.8,-1.7000000000000002,6.4,10.5,18.8,-21.400000000000002,17.799999999999997,16
12801,214660.0,-0.2,2.0,2.1,-2.0,6.1000000000000005,11.100000000000001,16.200000000000003,-21.8,13.8,16
12802,214676.0,-0.2,1.7000000000000002,2.6,-1.9000000000000001,6.0,11.3,17.300000000000004,-22.6,9.2,16
12803,214693.0,0.2,1.9000000000000001,1.9000000000000001,-1.4000000000000001,6.300000000000001,10.600000000000001,27.099999999999998,-28.0,4.800000000000001,16
12804,214711.0,0.2,2.0,1.3,-1.3,6.4,10.0,29.300000000000004,-26.300000000000004,4.300000000000001,16
12805,214726.0,0.1,2.0,0.7000000000000001,-1.4000000000000001,6.5,9.4,19.200000000000003,-13.900000000000002,4.800000000000001,16
12806,214743.0,0.0,2.1,1.2000000000000002,-1.5,6.6000000000000005,9.9,-5.7,3.8,4.800000000000001,16
12807,214760.0,-0.2,1.6,2.9000000000000004,-1.7000000000000002,6.1000000000000005,11.600000000000001,-18.6,9.5,5.500000000000001,16
12808,214776.0,0.1,1.1,3.5,-1.4000000000000001,5.6000000000000005,12.3,-24.1,2.9,9.8,16
12809,214793.0,0.7000000000000001,0.1,3.3000000000000003,-0.8,4.6000000000000005,12.100000000000001,-3.3000000000000007,-18.5,9.3,16
12810,214810.0,1.4000000000000001,0.0,1.1,0.1,4.5,9.9,21.200000000000003,-39.8,4.800000000000001,16
12811,214827.0,1.7000000000000002,0.0,0.1,0.4,4.5,8.9,25.4,-42.60000000000001,2.5,16
12812,214843.0,2.1,-0.1,-0.9,1.0,4.5,7.9,23.3,-33.9,-3.8,16
12813,214860.0,1.9000000000000001,-0.4,-1.0,0.9,4.2,7.7,16.6,-15.5,-13.100000000000001,16
12814,214877.0,1.7000000000000002,-0.5,-1.0,0.7000000000000001,4.2,7.7,14.300000000000002,-7.0,-17.400000000000002,16
12815,214893.0,1.1,-0.7000000000000001,-0.9,0.0,4.0,7.800000000000001,14.400000000000002,4.7,-22.9,16
12816,214910.0,0.5,-1.0,-0.6000000000000001,-0.6000000000000001,3.8000000000000003,8.1,18.4,8.2,-22.700000000000003,16
12817,214926.0,0.30000000000000004,-1.1,-0.4,-0.9,3.6,8.200000000000001,23.0,7.0,-21.8,16
12818,214943.0,0.30000000000000004,-1.6,-0.5,-0.9,3.3000000000000003,8.1,35.5,-2.1,-20.0,16
12819,214960.0,0.2,-1.9000000000000001,-1.2000000000000002,-1.0,3.1,7.300000000000001,42.60000000000001,-15.5,-21.8,16
12820,214977.0,0.1,-1.9000000000000001,-1.3,-1.1,3.1,7.1000000000000005,42.60000000000001,-21.900000000000002,-23.099999999999998,16
12821,214993.0,-0.1,-2.0,-1.6,-1.2000000000000002,3.2,6.800000000000001,46.9,-33.400000000000006,-24.400000000000002,16
12822,215010.0,-0.2,-1.8,-2.4000000000000004,-1.2000000000000002,3.4000000000000004,5.9,50.2,-35.4,-23.800000000000004,16
12823,215027.0,-0.2,-1.8,-2.6,-1.3,3.5,5.6000000000000005,48.300000000000004,-32.300000000000004,-22.6,16
12824,215043.0,-0.2,-1.6,-2.8000000000000003,-1.2000000000000002,3.8000000000000003,5.300000000000001,39.50000000000001,-21.8,-18.5,16
12825,215060.0,0.0,-1.2000000000000002,-2.5,-1.0,4.2,5.6000000000000005,25.7,-14.800000000000002,-15.5,16
12826,215077.0,0.0,-1.1,-2.0,-1.0,4.4,6.0,18.8,-12.4,-14.800000000000002,16
12827,215093.0,-0.30000000000000004,-1.0,-1.2000000000000002,-1.3,4.5,6.800000000000001,10.8,-7.300000000000001,-13.700000000000001,16
12828,215110.0,-0.8,-0.6000000000000001,-0.30000000000000004,-1.8,4.9,7.7,5.6,-2.5,-9.100000000000001,16
12829,215126.0,-1.0,-0.5,0.2,-2.0,5.0,8.200000000000001,4.5,0.4,-4.4,16
12830,215143.0,-0.8,-0.6000000000000001,0.7000000000000001,-1.8,4.9,8.700000000000001,6.1000000000000005,1.1,6.699999999999999,16
12831,215160.0,-0.1,-0.6000000000000001,1.0,-1.1,5.0,8.9,6.600000000000001,-5.8,9.899999999999999,16
12832,215177.0,0.0,-0.6000000000000001,1.0,-1.0,5.0,9.0,5.8,-9.100000000000001,8.0,16
12833,215193.0,-0.1,-0.6000000000000001,1.0,-1.1,5.0,9.0,2.1,-11.700000000000001,2.2,16
12834,215210.0,-0.8,-0.7000000000000001,1.5,-1.7000000000000002,4.800000000000001,9.5,-1.9,-6.600000000000001,-4.7,16
12835,215227.0,-1.0,-0.7000000000000001,1.6,-2.0,4.800000000000001,9.700000000000001,-0.8,-2.5,-6.2,16
12836,215243.0,-1.0,-0.30000000000000004,1.3,-1.9000000000000001,5.300000000000001,9.4,4.4,7.400000000000001,-7.0,16
12837,215260.0,-1.0,-0.5,1.0,-2.0,5.0,9.0,4.800000000000001,18.5,-9.4,16
12838,215277.0,-1.0,-0.4,0.9,-2.1,5.1000000000000005,8.9,2.4000000000000004,22.2,-11.3,16
12839,215293.0,-1.3,-0.5,0.2,-2.5,5.0,8.200000000000001,-7.6,29.1,-12.0,16
12840,215310.0,-1.4000000000000001,-0.6000000000000001,-0.6000000000000001,-2.7,4.800000000000001,7.4,-35.599999999999994,33.1,-3.5,16
12841,215328.0,-1.5,-0.9,-0.5,-3.3000000000000003,4.1000000000000005,8.5,-58.60000000000001,33.2,1.8000000000000003,16
12842,215343.0,-2.1,-1.3,1.6,-3.6,3.8000000000000003,9.9,-104.2,26.000000000000004,14.400000000000002,16
12843,215360.0,-1.5,-1.4000000000000001,3.8000000000000003,-3.0,3.3000000000000003,12.3,-111.0,4.4,26.1,16
12844,215377.0,-1.0,-1.6,4.3,-2.4000000000000004,3.1,12.9,-97.60000000000001,-6.500000000000001,28.200000000000003,16
12845,215393.0,-0.1,-1.8,3.3000000000000003,-1.5,2.6,12.0,-48.400000000000006,-22.6,20.2,16
12846,215410.0,0.2,-1.6,0.30000000000000004,-1.0,2.8000000000000003,9.1,-6.1000000000000005,-15.000000000000002,3.5,16
12847,215426.0,0.2,-1.5,-0.9,-1.2000000000000002,3.0,6.9,4.9,-1.4,-4.7,16
12848,215443.0,-0.1,-1.2000000000000002,-2.7,-1.4000000000000001,3.2,6.0,11.8,32.7,-14.900000000000002,16
12849,215460.0,-0.5,-0.9,-3.7,-2.0,3.5,5.0,3.4,60.5,-14.5,16
12850,215476.0,-0.6000000000000001,-0.8,-3.9000000000000004,-2.5,3.6,4.800000000000001,-5.1000000000000005,69.7,-9.600000000000001,16
12851,215493.0,-0.7000000000000001,-0.8,-3.5,-2.6,3.5,5.0,-25.8,75.4,6.2,16
12852,215510.0,-0.6000000000000001,-0.8,-3.2,-2.4000000000000004,3.4000000000000004,5.7,-39.300000000000004,63.2,23.6,16
12853,215526.0,0.0,-0.8,-2.6,-1.7000000000000002,3.3000000000000003,6.2,-42.3,52.400000000000006,29.400000000000002,16
12854,215543.0,0.7000000000000001,-0.6000000000000001,-2.2,-1.5,3.5,6.4,-40.4,24.0,31.6,16
12855,215560.0,1.0,-0.2,-2.2,-1.2000000000000002,3.8000000000000003,6.4,-26.6,9.2,27.400000000000002,16
12856,215577.0,0.8,0.1,-2.7,-1.3,4.1000000000000005,5.9,-11.700000000000001,13.6,23.5,16
12857,215593.0,0.8,0.5,-2.9000000000000004,-1.4000000000000001,4.4,5.7,-7.8,20.2,22.700000000000003,16
12858,215610.0,1.0,1.4000000000000001,-2.6,-1.2000000000000002,5.300000000000001,5.9,-6.9,41.300000000000004,23.6,16
12859,215626.0,1.2000000000000002,1.7000000000000002,-2.1,-1.0,5.9,6.9,-11.6,62.199999999999996,23.800000000000004,16
12860,215643.0,1.3,2.2,-1.0,-1.1,6.1000000000000005,7.4,-14.600000000000001,69.10000000000001,22.5,16
12861,215660.0,0.9,2.5,0.5,-1.7000000000000002,6.5,8.9,-24.900000000000002,72.4,19.1,16
12862,215676.0,0.5,2.5,1.4000000000000001,-2.6,6.1000000000000005,10.8,-36.9,48.70000000000001,14.100000000000001,16
12863,215693.0,-0.2,2.2,3.4000000000000004,-2.9000000000000004,6.0,11.8,-39.599999999999994,26.5,11.700000000000001,16
12864,215710.0,-0.6000000000000001,2.7,4.7,-3.3000000000000003,6.4,13.3,-28.200000000000003,-24.1,7.9,16
12865,215726.0,-0.5,2.8000000000000003,4.2,-3.1,6.6000000000000005,12.9,0.2,-57.20000000000001,12.5,16
12866,215743.0,-0.2,2.7,3.3000000000000003,-2.7,6.5,12.0,13.5,-65.5,14.900000000000002,16
12867,215760.0,0.6000000000000001,2.4000000000000004,1.9000000000000001,-1.7000000000000002,6.300000000000001,10.600000000000001,25.7,-68.5,12.299999999999999,16
12868,215776.0,0.9,2.1,1.9000000000000001,-1.2000000000000002,6.1000000000000005,10.600000000000001,26.1,-49.800000000000004,-1.0,16
12869,215793.0,0.8,1.9000000000000001,2.3000000000000003,-1.2000000000000002,6.0,11.0,29.1,-35.699999999999996,-9.600000000000001,16
12870,215810.0,0.4,2.0,2.1,-1.6,6.2,10.8,46.4,-13.6,-24.200000000000003,16
12871,215826.0,0.2,2.4000000000000004,1.1,-1.8,6.7,9.700000000000001,53.7,6.0,-23.800000000000004,16
12872,215843.0,0.2,2.2,0.7000000000000001,-1.9000000000000001,6.7,9.3,49.1,13.200000000000003,-20.1,16
12873,215860.0,0.5,2.3000000000000003,0.5,-1.6,6.800000000000001,9.0,24.1,18.8,-13.3,16
12874,215876.0,0.2,2.1,2.2,-2.0,6.6000000000000005,10.700000000000001,-16.8,19.799999999999997,-9.600000000000001,16
12875,215893.0,0.1,1.8,3.6,-2.1,6.300000000000001,12.100000000000001,-29.0,15.2,-6.8,16
12876,215910.0,0.8,0.8,5.5,-1.4000000000000001,5.2,14.200000000000001,-20.7,-5.300000000000001,-0.6000000000000001,16
12877,215926.0,2.0,-0.1,4.6000000000000005,-0.1,4.4,13.3,17.5,-31.6,-3.0,16
12878,215943.0,2.5,-0.2,3.2,0.4,4.3,11.9,35.1,-43.4,-9.0,16
12879,215964.0,2.6,-0.30000000000000004,0.7000000000000001,0.6000000000000001,4.3,9.4,50.400000000000006,-53.10000000000001,-25.4,16
12880,215977.0,2.2,-0.30000000000000004,-0.8,0.4,4.4,7.9,46.199999999999996,-38.800000000000004,-37.800000000000004,16
12881,215993.0,2.0,-0.30000000000000004,-1.1,0.2,4.4,7.5,41.199999999999996,-29.0,-42.900000000000006,16
12882,216010.0,1.3,-0.6000000000000001,-1.0,-0.6000000000000001,4.2,7.5,30.5,-7.8,-48.9,16
12883,216026.0,0.6000000000000001,-1.0,-0.5,-1.3,3.9000000000000004,8.0,28.1,2.0,-48.6,16
12884,216043.0,0.4,-1.3,-0.5,-1.5,3.6,8.0,30.4,0.9000000000000001,-47.0,16
12885,216060.0,0.1,-1.7000000000000002,-0.4,-1.9000000000000001,3.2,8.0,34.800000000000004,-11.4,-45.099999999999994,16
12886,216076.0,-0.1,-2.1,-0.5,-2.1,2.9000000000000004,7.9,40.6,-29.0,-42.900000000000006,16
12887,216093.0,-0.1,-2.3000000000000003,-0.6000000000000001,-2.1,2.8000000000000003,7.7,44.7,-37.7,-41.50000000000001,16
12888,216110.0,0.2,-2.6,-1.2000000000000002,-1.7000000000000002,2.5,7.1000000000000005,56.400000000000006,-53.10000000000001,-41.300000000000004,16
12889,216126.0,0.4,-2.7,-2.3000000000000003,-1.4000000000000001,2.6,5.9,65.89999999999999,-58.7,-45.9,16
12890,216143.0,0.4,-2.6,-2.7,-1.4000000000000001,2.8000000000000003,5.4,66.5,-56.800000000000004,-48.0,16
12891,216160.0,0.2,-2.3000000000000003,-3.3000000000000003,-1.5,3.2,4.7,61.300000000000004,-52.900000000000006,-49.199999999999996,16
12892,216178.0,0.1,-1.7000000000000002,-3.6,-1.6,3.9000000000000004,4.3,49.699999999999996,-44.2,-46.9,16
12893,216193.0,0.0,-1.5,-3.6,-1.7000000000000002,4.2,4.2,41.199999999999996,-36.7,-44.00000000000001,16
12894,216210.0,-0.30000000000000004,-1.0,-3.2,-2.0,4.7,4.6000000000000005,18.0,-20.5,-36.5,16
12895,216226.0,-0.9,-0.6000000000000001,-1.6,-2.6,5.1000000000000005,6.2,-3.3000000000000007,0.5,-26.000000000000004,16
12896,216246.0,-1.2000000000000002,-0.7000000000000001,-0.2,-3.0,4.9,7.6000000000000005,-11.1,12.8,-11.3,16
12897,216260.0,-1.0,-0.7000000000000001,0.2,-2.9000000000000004,4.9,8.0,-11.4,10.600000000000001,-5.0,16
12898,216276.0,-0.9,-0.4,0.9,-2.8000000000000003,5.1000000000000005,8.700000000000001,-10.299999999999999,-3.0,3.6000000000000005,16
12899,216293.0,-0.9,-0.4,1.1,-2.7,5.2,9.0,-7.8,-10.5,6.9,16
12900,216310.0,-1.1,-0.30000000000000004,1.1,-2.9000000000000004,5.2,9.0,-2.8,-17.1,11.1,16
12901,216327.0,-1.4000000000000001,-0.4,0.9,-3.1,5.1000000000000005,8.8,-2.3,-12.7,14.400000000000002,16
12902,216343.0,-1.2000000000000002,-0.30000000000000004,0.6000000000000001,-2.9000000000000004,5.300000000000001,8.5,-5.0,-1.1,19.200000000000003,16
12903,216365.0,-1.1,-0.2,0.30000000000000004,-2.8000000000000003,5.300000000000001,8.200000000000001,-11.1,10.700000000000001,22.8,16
12904,216377.0,-0.9,-0.1,0.2,-2.6,5.4,8.1,-16.8,16.0,25.0,16
12905,216393.0,-0.8,-0.1,0.2,-2.6,5.2,8.1,-24.5,20.2,26.400000000000006,16
12906,216410.0,-1.0,-0.2,0.1,-2.7,5.1000000000000005,8.1,-46.199999999999996,24.5,29.300000000000004,16
12907,216427.0,-1.2000000000000002,-0.4,0.30000000000000004,-3.0,4.800000000000001,8.4,-80.4,27.2,36.2,16
12908,216443.0,-1.4000000000000001,-0.9,2.5,-3.1,4.0,10.8,-123.7,30.9,43.70000000000001,16
12909,216463.0,-0.8,-1.4000000000000001,6.0,-2.6,3.2,14.5,-135.20000000000002,25.900000000000002,45.5,16
12910,216476.0,-0.4,-1.5,7.1000000000000005,-2.1,2.9000000000000004,15.8,-113.1,-2.5,40.2,16
12911,216493.0,0.5,-1.5,6.2,-1.1,2.7,15.0,-80.60000000000001,-18.1,31.799999999999997,16
12912,216510.0,0.6000000000000001,-1.4000000000000001,4.3,-0.9,2.8000000000000003,13.200000000000001,-5.300000000000001,-36.0,4.300000000000001,16
12913,216527.0,0.0,-1.3,0.7000000000000001,-1.4000000000000001,2.9000000000000004,9.600000000000001,38.7,-18.0,-25.8,16
12914,216543.0,-0.4,-1.3,-0.6000000000000001,-2.4000000000000004,3.2,7.1000000000000005,48.2,1.5,-36.2,16
12915,216560.0,-1.1,-1.0,-2.6,-2.8000000000000003,3.5,6.1000000000000005,49.50000000000001,45.6,-42.800000000000004,16
12916,216576.0,-1.5,-0.6000000000000001,-3.5,-3.5,3.9000000000000004,5.0,30.5,76.1,-30.1,16
12917,216593.0,-1.3,-0.8,-3.7,-3.5,3.7,4.7,4.1,77.1,-3.4,16
12918,216610.0,-1.0,-1.0,-3.6,-3.3000000000000003,3.5,4.800000000000001,-8.600000000000001,66.80000000000001,11.5,16
12919,216626.0,0.0,-1.3,-3.6,-2.4000000000000004,3.2,4.800000000000001,-28.700000000000003,32.300000000000004,37.400000000000006,16
12920,216643.0,0.9,-1.5,-3.7,-1.4000000000000001,2.8000000000000003,4.7,-40.7,-4.2,52.300000000000004,16
12921,216663.0,1.5,-1.3,-3.5,-0.7000000000000001,2.9000000000000004,4.9,-45.099999999999994,-23.2,54.800000000000004,16
12922,216676.0,1.6,-1.2000000000000002,-3.4000000000000004,-0.5,3.0,5.1000000000000005,-44.300000000000004,-23.099999999999998,52.400000000000006,16
12923,216693.0,1.6,-0.8,-3.1,-0.4,3.4000000000000004,5.5,-35.2,-7.6,46.199999999999996,16
12924,216710.0,1.5,-0.5,-3.0,-0.4,3.6,5.5,-29.300000000000004,5.0,42.800000000000004,16
12925,216726.0,1.5,0.2,-3.1,-0.5,4.2,5.4,-22.000000000000004,28.400000000000002,39.1,16
12926,216743.0,1.3,0.8,-2.5,-0.7000000000000001,4.800000000000001,6.0,-28.800000000000004,43.2,35.2,16
12927,216762.0,0.9,1.4000000000000001,-1.0,-1.2000000000000002,5.300000000000001,7.5,-39.8,48.10000000000001,31.5,16
12928,216776.0,0.4,1.7000000000000002,-0.2,-1.7000000000000002,5.5,8.3,-44.5,51.9,30.1,16
12929,216793.0,-0.4,2.1,2.0,-2.7,5.9,10.600000000000001,-53.300000000000004,58.0,31.6,16
12930,216810.0,-0.8,2.2,3.1,-3.1,5.9,11.700000000000001,-52.7,53.10000000000001,34.0,16
12931,216826.0,-0.8,2.0,4.6000000000000005,-3.2,5.7,13.3,-38.7,26.799999999999997,39.300000000000004,16
12932,216843.0,-0.1,2.0,4.5,-2.5,5.6000000000000005,13.200000000000001,-12.5,-14.200000000000001,40.5,16
12933,216867.0,0.7000000000000001,2.0,3.0,-1.4000000000000001,5.7,11.8,6.699999999999999,-47.1,33.2,16
12934,216877.0,0.8,2.0,2.6,-1.3,5.7,11.4,10.0,-55.900000000000006,25.5,16
12935,216893.0,0.5,2.1,2.6,-1.3,5.800000000000001,11.4,12.299999999999999,-53.0,7.500000000000001,16
12936,216910.0,0.4,2.0,2.7,-1.4000000000000001,5.800000000000001,11.600000000000001,14.800000000000002,-43.300000000000004,-1.4,16
12937,216926.0,0.1,2.1,3.0,-1.7000000000000002,5.9,11.8,25.7,-21.6,-18.700000000000003,16
12938,216943.0,0.0,2.3000000000000003,2.0,-1.8,6.300000000000001,10.8,42.1,-7.500000000000001,-27.099999999999998,16
12939,216962.0,0.1,2.6,1.0,-1.7000000000000002,6.800000000000001,9.8,38.60000000000001,5.1000000000000005,-25.6,16
12940,216976.0,0.1,2.5,0.9,-1.7000000000000002,6.7,9.600000000000001,30.1,10.700000000000001,-22.9,16
12941,216993.0,0.0,2.3000000000000003,1.4000000000000001,-1.9000000000000001,6.5,10.200000000000001,6.699999999999999,11.6,-17.9,16
12942,217010.0,-0.1,2.2,2.3000000000000003,-1.8,6.1000000000000005,11.700000000000001,-3.1,9.600000000000001,-14.300000000000002,16
12943,217026.0,0.6000000000000001,1.5,3.3000000000000003,-1.4000000000000001,5.7,12.100000000000001,-1.9,0.4,-5.9,16
12944,217043.0,1.6,0.9,3.0,-0.30000000000000004,5.1000000000000005,11.8,16.700000000000003,-14.600000000000001,-4.6,16
12945,217062.0,2.4000000000000004,0.6000000000000001,1.5,0.6000000000000001,4.9,10.3,34.800000000000004,-26.000000000000004,-12.9,16
12946,217076.0,2.4000000000000004,0.5,0.7000000000000001,0.7000000000000001,4.9,9.5,38.50000000000001,-26.5,-18.4,16
12947,217093.0,2.0,0.4,-0.2,0.2,4.9,8.6,37.800000000000004,-19.1,-24.0,16
12948,217110.0,1.7000000000000002,0.30000000000000004,-0.5,-0.2,4.800000000000001,8.0,29.900000000000006,-11.000000000000002,-20.900000000000002,16
12949,217127.0,1.4000000000000001,0.1,-0.8,-0.30000000000000004,4.7,7.9,24.1,-9.899999999999999,-17.200000000000003,16
12950,217145.0,1.0,-0.30000000000000004,-0.7000000000000001,-0.7000000000000001,4.4,8.0,13.100000000000001,-11.900000000000002,-8.0,16
12951,217165.0,1.0,-0.9,-0.30000000000000004,-0.7000000000000001,3.8000000000000003,8.4,7.8,-20.0,1.7,16
12952,217176.0,1.1,-1.2000000000000002,-0.2,-0.5,3.5,8.5,7.500000000000001,-26.000000000000004,4.0,16
12953,217194.0,1.2000000000000002,-1.8,-0.2,-0.2,3.0,8.5,11.900000000000002,-39.2,0.0,16
12954,217210.0,1.1,-2.0,-0.2,-0.2,2.7,8.4,20.3,-50.1,-11.900000000000002,16
12955,217226.0,0.9,-2.2,-0.30000000000000004,-0.30000000000000004,2.6,8.3,28.600000000000005,-54.199999999999996,-19.1,16
12956,217243.0,0.5,-2.6,-1.1,-0.6000000000000001,2.3000000000000003,7.4,50.3,-59.20000000000001,-31.400000000000002,16
12957,217261.0,0.2,-2.6,-2.3000000000000003,-0.8,2.5,6.1000000000000005,64.10000000000001,-56.10000000000001,-41.7,16
12958,217277.0,0.0,-2.5,-2.8000000000000003,-1.0,2.6,5.6000000000000005,65.6,-49.699999999999996,-45.7,16
12959,217293.0,-0.5,-2.3000000000000003,-3.3000000000000003,-1.4000000000000001,3.0,4.9,64.60000000000001,-36.300000000000004,-47.3,16
12960,217310.0,-0.7000000000000001,-1.8,-3.9000000000000004,-1.7000000000000002,3.7,4.3,54.699999999999996,-22.4,-40.9,16
12961,217326.0,-0.8,-1.5,-4.0,-1.8,4.0,4.1000000000000005,45.0,-15.8,-35.5,16
12962,217343.0,-0.8,-1.0,-3.4000000000000004,-1.8,4.5,4.6000000000000005,18.0,-5.300000000000001,-24.0,16
12963,217362.0,-1.1,-0.7000000000000001,-1.7000000000000002,-2.1,4.800000000000001,6.300000000000001,-10.5,3.6000000000000005,-13.8,16
12964,217376.0,-1.3,-0.6000000000000001,-0.9,-2.4000000000000004,4.800000000000001,7.1000000000000005,-19.799999999999997,3.9,-7.699999999999999,16
12965,217393.0,-1.3,-0.5,0.5,-2.3000000000000003,4.800000000000001,8.5,-28.500000000000004,-3.4,6.699999999999999,16
12966,217410.0,-0.8,-0.5,1.7000000000000002,-1.8,4.800000000000001,9.8,-29.400000000000002,-17.799999999999997,16.900000000000002,16
12967,217427.0,-0.6000000000000001,-0.7000000000000001,2.2,-1.5,4.6000000000000005,10.3,-26.300000000000004,-27.9,18.700000000000003,16
12968,217443.0,-0.30000000000000004,-0.6000000000000001,2.8000000000000003,-1.1,4.6000000000000005,11.0,-17.1,-45.6,13.6,16
12969,217467.0,-0.6000000000000001,-0.6000000000000001,2.8000000000000003,-1.3,4.5,11.100000000000001,-2.0,-36.7,5.1000000000000005,16
12970,217477.0,-0.8,-0.7000000000000001,2.5,-1.5,4.5,10.8,5.7,-23.5,1.8000000000000003,16
12971,217493.0,-0.9,-0.5,1.8,-1.6,4.7,10.100000000000001,16.5,1.6,-5.1000000000000005,16
12972,217510.0,-1.0,-0.5,1.1,-1.8,4.800000000000001,9.4,17.1,23.3,-11.5,16
12973,217526.0,-1.2000000000000002,-0.4,0.9,-2.0,4.9,9.200000000000001,13.900000000000002,32.400000000000006,-13.200000000000003,16
12974,217544.0,-1.5,-0.4,0.6000000000000001,-2.7,4.9,8.3,0.0,41.800000000000004,-9.899999999999999,16
12975,217562.0,-2.1,-0.30000000000000004,-0.7000000000000001,-3.2,4.9,7.6000000000000005,-34.900000000000006,37.7,6.9,16
12976,217576.0,-2.2,-0.4,-0.4,-3.4000000000000004,4.7,7.9,-60.5,29.1,18.3,16
12977,217595.0,-2.1,-1.0,1.7000000000000002,-3.2,3.8000000000000003,10.200000000000001,-104.3,1.8000000000000003,39.9,16
12978,217610.0,-0.8,-1.4000000000000001,3.8000000000000003,-1.8,3.1,12.5,-108.60000000000001,-26.400000000000006,49.1,16
12979,217626.0,-0.30000000000000004,-1.6,4.4,-1.2000000000000002,2.8000000000000003,13.200000000000001,-94.2,-36.5,43.6,16
12980,217643.0,-0.2,-1.8,3.8000000000000003,-0.9,2.4000000000000004,12.700000000000001,-40.6,-38.50000000000001,16.200000000000003,16
12981,217662.0,-0.6000000000000001,-1.6,1.1,-1.3,2.7,10.0,14.800000000000002,-2.4000000000000004,-13.100000000000001,16
12982,217681.0,-1.1,-1.4000000000000001,-1.7000000000000002,-2.0,2.9000000000000004,7.2,43.900000000000006,51.50000000000001,-27.800000000000004,16
12983,217693.0,-1.2000000000000002,-1.3,-2.8000000000000003,-2.2,3.0,6.0,46.199999999999996,74.10000000000001,-29.300000000000004,16
12984,217710.0,-1.3,-1.1,-4.2,-2.6,3.4000000000000004,4.5,30.9,102.3,-23.800000000000004,16
12985,217726.0,-1.3,-1.0,-4.4,-2.8000000000000003,3.5,4.2,16.5,107.00000000000001,-16.3,16
12986,217743.0,-1.1,-1.0,-4.4,-2.9000000000000004,3.5,4.2,-16.4,95.30000000000001,5.9,16
12987,217766.0,-0.7000000000000001,-1.2000000000000002,-3.9000000000000004,-2.7,3.1,4.6000000000000005,-44.300000000000004,60.8,30.799999999999997,16
12988,217777.0,-0.30000000000000004,-1.2000000000000002,-3.7,-2.4000000000000004,3.0,4.800000000000001,-55.2,38.1,40.5,16
12989,217793.0,0.4,-1.0,-3.1,-1.6,3.1,5.4,-68.7,-2.9,51.0,16
12990,217810.0,0.8,-0.6000000000000001,-2.3000000000000003,-1.0,3.3000000000000003,6.4,-64.50000000000001,-18.5,52.400000000000006,16
12991,217827.0,1.0,-0.2,-2.1,-0.8,3.6,6.6000000000000005,-44.00000000000001,-6.699999999999999,50.60000000000001,16
12992,217844.0,1.2000000000000002,0.1,-2.2,-0.5,3.8000000000000003,6.5,-33.800000000000004,4.9,49.50000000000001,16
12993,217862.0,1.5,0.4,-2.3000000000000003,-0.2,4.2,6.4,-20.5,25.0,43.50000000000001,16
12994,217877.0,1.7000000000000002,0.8,-2.1,0.1,4.9,7.0,-16.1,36.6,33.400000000000006,16
12995,217893.0,1.8,1.5,-1.3,0.0,5.2,7.5,-15.8,43.00000000000001,27.2,16
12996,217910.0,1.3,2.0,0.1,-0.7000000000000001,5.6000000000000005,8.8,-17.7,64.7,16.8,16
12997,217926.0,0.4,2.1,2.0,-1.7000000000000002,5.800000000000001,10.700000000000001,-21.500000000000004,76.3,8.3,16
12998,217943.0,0.1,2.3000000000000003,2.9000000000000004,-2.1,5.9,11.5,-20.7,70.8,5.1000000000000005,16
12999,217966.0,-0.2,2.7,3.6,-2.6,6.5,12.3,-14.0,35.8,4.6,16
13000,217976.0,-0.2,2.9000000000000004,3.6,-2.6,6.5,12.3,-9.899999999999999,9.5,7.0,16
13001,217993.0,0.0,2.8000000000000003,3.1,-2.3000000000000003,6.4,11.8,-2.4000000000000004,-41.199999999999996,11.900000000000002,16
13002,218010.0,0.30000000000000004,2.6,2.5,-1.8,6.300000000000001,11.3,-0.2,-71.9,10.8,16
13003,218026.0,0.5,2.7,2.6,-1.3,6.4,11.5,1.1,-68.80000000000001,2.6,16
13004,218043.0,0.6000000000000001,2.6,2.8000000000000003,-1.1,6.300000000000001,11.8,3.9,-56.7,-3.1,16
13005,218068.0,0.7000000000000001,2.5,2.1,-0.9,6.300000000000001,11.100000000000001,27.9,-19.400000000000002,-20.7,16
13006,218076.0,0.6000000000000001,2.6,1.6,-0.9,6.300000000000001,11.100000000000001,27.9,-19.400000000000002,-20.7,16
13007,218093.0,0.4,2.6,1.4000000000000001,-1.3,6.4,10.4,28.900000000000002,4.0,-23.2,16
13008,218110.0,0.30000000000000004,2.6,1.3,-1.5,6.5,10.200000000000001,13.000000000000002,21.6,-19.799999999999997,16
13009,218126.0,0.0,2.3000000000000003,3.2,-1.8,6.2,12.100000000000001,-10.299999999999999,32.0,-13.200000000000003,16
13010,218143.0,0.1,1.9000000000000001,4.2,-1.8,5.800000000000001,13.100000000000001,-11.700000000000001,28.3,-9.100000000000001,16
13011,218169.0,1.7000000000000002,0.5,4.4,-0.2,4.5,13.3,25.1,-17.7,-7.200000000000001,16
13012,218177.0,2.2,0.4,3.1,0.4,4.4,12.0,43.2,-32.1,-11.900000000000002,16
13013,218193.0,2.5,0.4,1.5,0.7000000000000001,4.5,10.5,55.60000000000001,-40.6,-18.200000000000003,16
13014,218210.0,2.6,0.5,-0.6000000000000001,0.9,4.800000000000001,8.3,59.5,-35.8,-30.000000000000004,16
13015,218226.0,2.0,0.6000000000000001,-1.3,0.30000000000000004,5.0,7.5,47.60000000000001,-8.0,-39.2,16
13016,218243.0,1.5,0.6000000000000001,-1.1,-0.2,5.1000000000000005,7.6000000000000005,39.9,6.0,-40.6,16
13017,218261.0,0.4,0.5,-0.5,-1.4000000000000001,5.1000000000000005,8.200000000000001,29.900000000000006,25.0,-36.1,16
13018,218277.0,0.1,0.0,0.2,-1.9000000000000001,4.7,8.8,25.900000000000002,27.6,-23.400000000000002,16
13019,218293.0,0.0,-0.30000000000000004,0.4,-2.0,4.4,9.0,26.400000000000006,19.6,-17.5,16
13020,218310.0,0.30000000000000004,-1.0,0.8,-1.7000000000000002,3.8000000000000003,9.3,33.300000000000004,-11.6,-10.4,16
13021,218326.0,0.5,-1.6,0.4,-1.4000000000000001,3.3000000000000003,8.9,48.9,-44.9,-11.4,16
13022,218344.0,0.4,-1.9000000000000001,-0.2,-1.4000000000000001,3.0,8.3,57.3,-56.2,-14.100000000000001,16
13023,218373.0,-0.2,-2.4000000000000004,-1.6,-1.7000000000000002,2.8000000000000003,6.800000000000001,68.2,-68.4,-21.300000000000004,16
13024,218376.0,-0.2,-2.4000000000000004,-1.6,-1.7000000000000002,2.8000000000000003,6.5,70.9,-64.80000000000001,-21.6,16
13025,218393.0,-0.2,-2.5,-2.1,-1.6,2.9000000000000004,5.6000000000000005,75.1,-58.0,-21.200000000000003,16
13026,218410.0,-0.1,-2.5,-2.9000000000000004,-1.5,3.0,5.1000000000000005,78.9,-38.60000000000001,-20.599999999999998,16
13027,218429.0,-0.2,-2.3000000000000003,-3.3000000000000003,-1.5,3.4000000000000004,4.6000000000000005,72.0,-25.6,-21.200000000000003,16
13028,218443.0,-0.2,-2.1,-3.4000000000000004,-1.6,4.1000000000000005,4.3,66.9,-22.700000000000003,-21.200000000000003,16
13029,218462.0,-0.5,-1.6,-3.5,-1.8,4.3,4.2,53.8,-16.1,-17.7,16
13030,218477.0,-0.8,-1.3,-3.2,-2.1,4.800000000000001,4.4,31.9,-10.1,-8.700000000000001,16
13031,218493.0,-1.1,-1.0,-2.7,-2.4000000000000004,5.0,4.800000000000001,18.700000000000003,-6.699999999999999,-3.1,16
13032,218510.0,-1.4000000000000001,-0.7000000000000001,-1.5,-2.8000000000000003,5.300000000000001,6.1000000000000005,-6.300000000000001,3.8,13.000000000000002,16
13033,218526.0,-1.5,-0.8,-0.30000000000000004,-2.8000000000000003,5.2,7.300000000000001,-24.1,3.0,30.000000000000004,16
13034,218543.0,-1.2000000000000002,-0.9,0.9,-2.4000000000000004,5.0,8.6,-31.2,-3.0,36.300000000000004,16
13035,218560.0,-1.2000000000000002,-0.9,0.9,-2.2,4.800000000000001,9.4,-40.0,-15.2,42.7,16
13036,218576.0,-0.8,-1.3,2.7,-1.8,4.5,10.5,-35.8,-20.400000000000002,40.7,16
13037,218593.0,-0.7000000000000001,-1.5,2.7,-1.5,4.3,10.5,-29.800000000000004,-18.0,37.1,16
13038,218610.0,-0.5,-1.2000000000000002,2.3000000000000003,-1.4000000000000001,4.5,10.200000000000001,-17.9,-5.500000000000001,27.400000000000002,16
13039,218626.0,-0.5,-1.1,1.6,-1.4000000000000001,4.5,9.600000000000001,-11.900000000000002,15.399999999999999,18.0,16
13040,218646.0,-0.5,-1.0,1.3,-1.4000000000000001,4.6000000000000005,9.3,-15.2,34.300000000000004,11.4,16
13041,218665.0,-0.4,-1.0,0.4,-1.4000000000000001,4.5,8.5,-27.099999999999998,44.5,8.3,16
13042,218677.0,-0.4,-1.0,0.1,-1.5,4.4,8.1,-40.6,45.7,8.100000000000001,16
13043,218693.0,-0.4,-1.1,0.1,-1.8,4.1000000000000005,8.9,-59.300000000000004,43.70000000000001,9.600000000000001,16
13044,218710.0,-0.9,-1.3,2.0,-2.1,3.8000000000000003,10.200000000000001,-98.50000000000001,32.400000000000006,15.2,16
13045,218726.0,-0.7000000000000001,-1.6,4.1000000000000005,-2.0,3.2,12.5,-105.7,9.100000000000001,22.700000000000003,16
13046,218743.0,0.4,-1.7000000000000002,4.7,-0.8,2.8000000000000003,13.3,-77.3,-14.900000000000002,19.300000000000004,16
13047,218761.0,0.8,-1.8,4.0,-0.4,2.6,12.8,-54.199999999999996,-23.700000000000003,9.8,16
13048,218776.0,0.6000000000000001,-1.7000000000000002,1.5,-0.5,2.7,10.3,-11.8,-21.0,-17.6,16
13049,218793.0,-0.2,-1.4000000000000001,-1.0,-1.3,2.9000000000000004,7.800000000000001,10.0,10.700000000000001,-35.699999999999996,16
13050,218810.0,-0.5,-1.3,-2.0,-1.7000000000000002,3.1,6.7,11.900000000000002,29.500000000000004,-38.400000000000006,16
13051,218826.0,-0.9,-1.0,-3.2,-2.3000000000000003,3.4000000000000004,5.5,-2.0,55.2,-33.800000000000004,16
13052,218844.0,-1.0,-0.8,-3.2,-2.6,3.5,5.5,-22.8,60.8,-16.200000000000003,16
13053,218861.0,-0.7000000000000001,-0.7000000000000001,-3.1,-2.4000000000000004,3.5,5.5,-31.6,56.2,-5.500000000000001,16
13054,218876.0,-0.1,-0.7000000000000001,-2.9000000000000004,-1.9000000000000001,3.4000000000000004,5.800000000000001,-40.7,34.1,8.3,16
13055,218893.0,0.0,-0.6000000000000001,-2.8000000000000003,-1.8,3.6,5.7,-40.7,21.6,11.6,16
13056,218910.0,0.1,-0.2,-3.3000000000000003,-1.8,3.7,5.4,-34.2,4.9,16.900000000000002,16
13057,218926.0,-0.1,0.1,-3.8000000000000003,-1.9000000000000001,4.0,4.9,-30.200000000000003,4.6,23.0,16
13058,218943.0,0.0,0.6000000000000001,-4.0,-1.8,4.4,4.7,-30.599999999999998,10.299999999999999,33.0,16
13059,218969.0,0.4,1.1,-3.5,-1.5,4.800000000000001,5.2,-32.6,15.2,37.800000000000004,16
13060,218978.0,0.7000000000000001,1.4000000000000001,-3.0,-1.2000000000000002,5.1000000000000005,5.7,-37.6,23.800000000000004,44.8,16
13061,218993.0,0.7000000000000001,1.7000000000000002,-1.7000000000000002,-1.1,5.300000000000001,7.0,-38.50000000000001,25.1,46.199999999999996,16
13062,219010.0,0.7000000000000001,2.0,-1.1,-1.2000000000000002,5.5,7.6000000000000005,-39.599999999999994,21.500000000000004,46.199999999999996,16
13063,219027.0,0.6000000000000001,2.4000000000000004,0.30000000000000004,-1.2000000000000002,5.9,9.1,-44.2,15.700000000000001,45.9,16
13064,219043.0,0.2,2.5,2.3000000000000003,-1.6,5.9,11.100000000000001,-48.2,14.400000000000002,43.00000000000001,16
13065,219060.0,0.0,2.5,3.2,-1.8,5.800000000000001,12.100000000000001,-45.6,11.000000000000002,41.50000000000001,16
13066,219077.0,0.0,2.5,4.5,-1.8,5.800000000000001,13.5,-31.0,2.5,38.2,16
13067,219093.0,0.2,2.2,5.1000000000000005,-1.6,5.5,14.100000000000001,-4.4,-11.4,29.900000000000006,16
13068,219110.0,0.30000000000000004,2.0,4.7,-1.4000000000000001,5.300000000000001,13.8,10.5,-20.400000000000002,23.3,16
13069,219126.0,0.5,1.9000000000000001,3.5,-1.0,5.300000000000001,12.5,29.800000000000004,-36.7,5.6,16
13070,219143.0,0.5,1.8,3.0,-1.0,5.4,12.0,35.599999999999994,-40.7,-13.8,16
13071,219161.0,0.0,1.6,3.2,-1.3,5.300000000000001,12.3,40.9,-36.300000000000004,-32.1,16
13072,219180.0,-0.1,1.6,3.2,-1.4000000000000001,5.300000000000001,12.200000000000001,47.5,-33.400000000000006,-40.6,16
13073,219193.0,-0.1,2.0,1.7000000000000002,-1.4000000000000001,5.9,10.700000000000001,63.4,-22.1,-50.1,16
13074,219210.0,0.0,2.3000000000000003,0.7000000000000001,-1.3,6.300000000000001,8.9,64.2,-11.900000000000002,-50.0,16
13075,219226.0,-0.1,2.2,-0.4,-1.5,6.300000000000001,8.5,48.10000000000001,7.500000000000001,-45.8,16
13076,219243.0,-0.5,2.1,0.1,-2.0,6.4,8.9,14.400000000000002,20.7,-38.300000000000004,16
13077,219263.0,-0.7000000000000001,1.6,1.9000000000000001,-2.3000000000000003,5.9,10.8,-11.700000000000001,25.200000000000003,-24.5,16
13078,219277.0,-0.30000000000000004,1.2000000000000002,2.4000000000000004,-2.0,5.4,11.3,-14.700000000000001,21.900000000000002,-17.0,16
13079,219293.0,0.9,0.4,3.0,-0.8,4.6000000000000005,11.9,-3.7000000000000006,3.0,-8.0,16
13080,219309.0,1.9000000000000001,-0.1,1.5,0.30000000000000004,4.2,10.4,22.1,-18.4,-10.299999999999999,16
13081,219326.0,2.1,0.0,0.4,0.4,4.3,9.3,29.500000000000004,-23.6,-13.6,16
13082,219343.0,1.7000000000000002,0.1,-1.0,0.1,4.5,7.800000000000001,27.5,-21.300000000000004,-15.100000000000001,16
13083,219359.0,1.3,0.2,-1.3,-0.2,4.6000000000000005,7.6000000000000005,11.700000000000001,-8.8,-9.0,16
13084,219380.0,1.4000000000000001,-0.1,-0.4,-0.2,4.3,8.5,-5.1000000000000005,-1.1,1.2000000000000002,16
13085,219393.0,1.6,-0.30000000000000004,0.4,0.1,4.1000000000000005,9.200000000000001,-9.700000000000001,-4.0,4.800000000000001,16
13086,219410.0,2.2,-1.0,1.5,0.7000000000000001,3.4000000000000004,10.3,-7.699999999999999,-22.2,2.6,16
13087,219426.0,2.3000000000000003,-1.4000000000000001,1.9000000000000001,0.9,3.0,10.700000000000001,-2.5,-35.4,-3.8,16
13088,219443.0,2.1,-1.8,2.3000000000000003,0.8,2.6,11.100000000000001,18.0,-62.4,-23.0,16
13089,219460.0,1.4000000000000001,-2.2,1.5,0.4,2.2,10.4,51.1,-74.30000000000001,-42.7,16
13090,219477.0,1.0,-2.3000000000000003,0.6000000000000001,0.1,2.2,9.4,67.7,-72.4,-50.2,16
13091,219493.0,0.5,-2.6,-1.1,-0.4,2.2,7.6000000000000005,91.2,-59.40000000000001,-59.5,16
13092,219510.0,0.30000000000000004,-2.8000000000000003,-2.8000000000000003,-0.5,2.2,5.7,100.9,-47.0,-63.2,16
13093,219526.0,0.2,-2.8000000000000003,-3.4000000000000004,-0.6000000000000001,2.3000000000000003,5.0,99.00000000000001,-41.7,-64.30000000000001,16
13094,219544.0,-0.1,-2.5,-4.0,-0.9,2.8000000000000003,4.2,85.9,-35.599999999999994,-63.599999999999994,16
13095,219562.0,-0.4,-2.0,-4.0,-1.2000000000000002,3.5,4.1000000000000005,68.0,-34.0,-58.1,16
13096,219577.0,-0.6000000000000001,-1.7000000000000002,-3.7,-1.4000000000000001,3.9000000000000004,4.3,58.60000000000001,-32.7,-54.0,16
13097,219593.0,-0.9,-1.2000000000000002,-2.8000000000000003,-1.8,4.5,5.1000000000000005,42.5,-27.3,-43.900000000000006,16
13098,219609.0,-1.0,-0.7000000000000001,-2.0,-1.9000000000000001,5.1000000000000005,5.800000000000001,28.0,-17.6,-31.5,16
13099,219626.0,-1.1,-0.5,-1.5,-2.0,5.300000000000001,6.300000000000001,21.1,-13.000000000000002,-25.200000000000003,16
13100,219643.0,-1.2000000000000002,-0.4,-0.4,-2.2,5.5,7.4,11.000000000000002,-7.1000000000000005,-12.100000000000001,16
13101,219659.0,-1.1,-0.4,0.2,-2.1,5.4,8.0,5.0,-13.700000000000001,-2.6,16
13102,219677.0,-1.2000000000000002,-0.4,0.4,-2.1,5.4,8.200000000000001,1.5,-20.400000000000002,0.30000000000000004,16
13103,219693.0,-1.5,-0.2,0.8,-2.3000000000000003,5.7,8.6,-4.4,-27.3,6.699999999999999,16
13104,219710.0,-1.5,-0.4,1.1,-2.3000000000000003,5.4,8.9,-8.100000000000001,-24.5,12.8,16
13105,219726.0,-1.5,-0.5,1.2000000000000002,-2.2,5.300000000000001,9.0,-9.100000000000001,-22.6,13.900000000000002,16
13106,219743.0,-1.5,-0.5,1.0,-2.1,5.2,8.9,-10.8,-12.5,12.7,16
13107,219760.0,-1.5,-0.6000000000000001,0.8,-2.1,5.1000000000000005,8.700000000000001,-15.299999999999999,-3.0,8.700000000000001,16
13108,219777.0,-1.5,-0.7000000000000001,0.6000000000000001,-2.1,5.0,8.6,-19.6,0.30000000000000004,7.200000000000001,16
13109,219793.0,-1.7000000000000002,-0.8,0.5,-2.3000000000000003,4.800000000000001,8.5,-31.0,5.8,3.4,16
13110,219810.0,-1.9000000000000001,-1.1,0.1,-2.5,4.4,8.200000000000001,-48.2,13.000000000000002,6.600000000000001,16
13111,219826.0,-1.9000000000000001,-1.1,0.0,-2.6,4.3,8.200000000000001,-61.199999999999996,14.900000000000002,10.5,16
13112,219843.0,-2.3000000000000003,-1.4000000000000001,1.5,-3.0,3.7,9.8,-91.50000000000001,18.6,21.400000000000002,16
13113,219865.0,-2.0,-1.9000000000000001,3.5,-2.8000000000000003,2.9000000000000004,12.0,-102.3,15.100000000000001,31.799999999999997,16
13114,219876.0,-1.6,-2.1,4.3,-2.4000000000000004,2.6,12.9,-96.60000000000001,10.0,32.300000000000004,16
13115,219893.0,-0.8,-2.5,4.5,-1.5,2.0,13.200000000000001,-62.300000000000004,-0.2,22.000000000000004,16
13116,219909.0,-0.5,-2.4000000000000004,2.2,-1.2000000000000002,2.0,11.0,-20.2,4.6,5.9,16
13117,219926.0,-0.5,-2.3000000000000003,0.9,-1.3,2.2,8.700000000000001,-7.200000000000001,13.399999999999999,-0.9000000000000001,16
13118,219943.0,-0.5,-2.1,-1.2000000000000002,-1.3,2.3000000000000003,7.6000000000000005,4.1,35.3,-9.600000000000001,16
13119,219960.0,-0.4,-1.7000000000000002,-2.7,-1.4000000000000001,2.6,6.1000000000000005,-2.1,55.60000000000001,-11.900000000000002,16
13120,219979.0,-0.5,-1.4000000000000001,-3.5,-1.7000000000000002,2.9000000000000004,5.300000000000001,-21.0,65.6,-6.699999999999999,16
13121,219993.0,-0.6000000000000001,-1.2000000000000002,-3.5,-1.9000000000000001,2.9000000000000004,5.2,-32.5,63.0,-0.2,16
13122,220009.0,-0.5,-1.1,-3.3000000000000003,-1.9000000000000001,3.0,5.5,-50.400000000000006,44.6,18.8,16
13123,220026.0,0.0,-0.9,-3.1,-1.5,3.0,5.6000000000000005,-58.3,22.000000000000004,37.400000000000006,16
13124,220043.0,0.30000000000000004,-0.8,-3.1,-1.2000000000000002,2.9000000000000004,5.7,-59.20000000000001,12.8,43.4,16
13125,220059.0,0.9,-0.5,-3.1,-0.5,3.1,5.800000000000001,-57.400000000000006,3.7000000000000006,48.2,16
13126,220076.0,1.3,0.0,-2.8000000000000003,-0.1,3.5,6.1000000000000005,-54.4,5.8,47.0,16
13127,220093.0,1.4000000000000001,0.30000000000000004,-2.9000000000000004,0.0,3.8000000000000003,6.0,-42.400000000000006,22.4,41.800000000000004,16
13128,220110.0,1.5,1.2000000000000002,-2.6,0.1,4.5,6.300000000000001,-34.900000000000006,41.7,36.300000000000004,16
13129,220126.0,1.4000000000000001,1.9000000000000001,-2.0,-0.2,5.2,6.9,-32.5,55.7,31.099999999999998,16
13130,220143.0,1.4000000000000001,2.4000000000000004,-1.6,-0.30000000000000004,5.6000000000000005,7.300000000000001,-33.2,64.10000000000001,29.600000000000005,16
13131,220162.0,1.2000000000000002,3.1,0.1,-0.7000000000000001,6.300000000000001,9.0,-38.900000000000006,83.5,27.2,16
13132,220177.0,0.5,3.1,2.0,-1.5,6.2,10.9,-40.7,83.60000000000001,24.900000000000002,16
13133,220193.0,0.2,3.2,2.9000000000000004,-2.0,6.300000000000001,11.8,-41.4,73.30000000000001,24.400000000000002,16
13134,220210.0,-0.7000000000000001,3.6,4.5,-3.0,6.5,13.5,-38.400000000000006,36.2,28.900000000000002,16
13135,220226.0,-0.8,3.7,5.1000000000000005,-2.9000000000000004,6.5,14.100000000000001,-20.3,-12.600000000000001,43.2,16
13136,220244.0,-0.2,3.4000000000000004,4.800000000000001,-2.4000000000000004,6.300000000000001,13.8,-9.100000000000001,-35.599999999999994,48.800000000000004,16
13137,220260.0,0.7000000000000001,3.0,3.7,-1.3,6.0,12.8,7.300000000000001,-67.9,49.300000000000004,16
13138,220276.0,1.1,2.7,3.5,-0.5,5.9,12.700000000000001,18.200000000000003,-69.20000000000002,35.699999999999996,16
13139,220294.0,1.1,2.5,3.5,-0.4,5.7,12.700000000000001,25.1,-57.49999999999999,25.300000000000004,16
13140,220310.0,0.9,2.1,3.3000000000000003,-0.5,5.5,12.5,43.1,-27.800000000000004,4.1,16
13141,220326.0,0.7000000000000001,2.2,2.2,-0.6000000000000001,5.7,11.3,53.599999999999994,-18.8,-5.2,16
13142,220343.0,0.7000000000000001,2.3000000000000003,1.4000000000000001,-0.7000000000000001,6.0,10.5,65.7,-5.300000000000001,-15.5,16
13143,220361.0,0.4,2.2,0.6000000000000001,-1.0,6.0,9.600000000000001,55.8,8.600000000000001,-17.1,16
13144,220376.0,-0.2,2.2,1.0,-1.6,6.2,10.0,33.1,9.4,-12.9,16
13145,220393.0,-0.30000000000000004,2.0,1.6,-1.8,6.0,10.5,24.0,6.500000000000001,-7.500000000000001,16
13146,220410.0,0.30000000000000004,1.3,2.3000000000000003,-1.2000000000000002,5.4,11.200000000000001,19.300000000000004,-6.8,5.4,16
13147,220426.0,1.6,0.8,1.8,0.2,5.0,10.8,26.200000000000003,-26.700000000000003,8.899999999999999,16
13148,220443.0,2.1,0.7000000000000001,1.3,0.8,4.9,10.3,29.900000000000006,-34.900000000000006,6.699999999999999,16
13149,220463.0,2.5,0.5,0.2,1.3,4.9,9.200000000000001,29.800000000000004,-41.7,-1.2000000000000002,16
13150,220476.0,2.5,0.7000000000000001,0.5,1.4000000000000001,5.1000000000000005,9.4,15.2,-31.2,-10.200000000000001,16
13151,220494.0,2.1,0.30000000000000004,2.1,1.1,4.7,11.0,8.3,-20.900000000000002,-14.600000000000001,16
13152,220510.0,2.0,0.1,2.6,1.0,4.6000000000000005,11.5,12.8,-4.7,-22.9,16
13153,220526.0,1.6,-0.5,2.7,0.5,4.0,11.600000000000001,32.7,5.500000000000001,-31.2,16
13154,220543.0,1.3,-0.9,2.4000000000000004,0.2,3.6,11.200000000000001,45.3,5.300000000000001,-35.2,16
13155,220560.0,1.1,-1.8,1.1,0.0,3.0,9.9,68.60000000000001,-6.4,-42.7,16
13156,220577.0,0.8,-2.6,-0.6000000000000001,-0.30000000000000004,2.4000000000000004,8.0,82.9,-22.000000000000004,-52.7,16
13157,220593.0,0.6000000000000001,-2.8000000000000003,-1.4000000000000001,-0.8,2.1,6.6000000000000005,84.1,-27.5,-57.49999999999999,16
13158,220609.0,0.2,-3.3000000000000003,-2.3000000000000003,-1.0,2.0,6.1000000000000005,83.80000000000001,-35.1,-63.599999999999994,16
13159,220626.0,-0.1,-3.8000000000000003,-3.0,-1.3,1.6,5.2,88.3,-36.5,-64.60000000000001,16
13160,220643.0,-0.1,-4.0,-3.5,-1.3,1.5,4.6000000000000005,91.30000000000001,-36.300000000000004,-63.599999999999994,16
13161,220659.0,-0.1,-4.0,-4.7,-1.3,1.7000000000000002,3.3000000000000003,87.60000000000001,-33.7,-61.199999999999996,16
13162,220678.0,-0.2,-3.8000000000000003,-5.2,-1.5,2.1,2.5,71.0,-33.0,-57.20000000000001,16
13163,220693.0,-0.30000000000000004,-3.5,-5.300000000000001,-1.6,2.9000000000000004,2.3000000000000003,60.5,-32.6,-54.1,16
13164,220709.0,-0.2,-2.8000000000000003,-5.300000000000001,-1.5,3.3000000000000003,2.2,39.50000000000001,-25.0,-45.3,16
13165,220726.0,0.0,-2.1,-5.1000000000000005,-1.3,3.9000000000000004,2.4000000000000004,12.9,-1.7,-33.2,16
13166,220743.0,-0.1,-1.9000000000000001,-4.7,-1.6,4.3,3.5,-3.3000000000000007,13.3,-27.099999999999998,16
13167,220764.0,-0.4,-1.5,-3.2,-2.3000000000000003,4.5,5.1000000000000005,-33.2,40.800000000000004,-14.400000000000002,16
13168,220777.0,-1.1,-1.3,-1.7000000000000002,-2.8000000000000003,4.5,5.9,-55.60000000000001,60.300000000000004,-1.0,16
13169,220793.0,-1.5,-1.0,0.2,-3.3000000000000003,4.6000000000000005,7.9,-66.2,66.9,7.6,16
13170,220809.0,-1.5,-0.9,1.6,-3.4000000000000004,4.6000000000000005,9.3,-84.0,64.9,24.1,16
13171,220826.0,-1.4000000000000001,-1.2000000000000002,4.0,-3.4000000000000004,4.0,11.9,-82.10000000000001,49.1,32.400000000000006,16
13172,220843.0,-1.2000000000000002,-1.3,5.2,-3.3000000000000003,3.8000000000000003,13.100000000000001,-62.50000000000001,29.1,30.200000000000003,16
13173,220861.0,-1.2000000000000002,-1.2000000000000002,5.1000000000000005,-3.3000000000000003,3.8000000000000003,13.200000000000001,-51.50000000000001,15.399999999999999,24.5,16
13174,220876.0,-1.8,-0.7000000000000001,4.0,-3.9000000000000004,4.2,12.200000000000001,-33.50000000000001,-17.799999999999997,8.0,16
13175,220893.0,-2.2,-0.1,2.5,-4.2,4.7,10.8,-30.3,-33.0,7.300000000000001,16
13176,220909.0,-2.1,0.2,1.9000000000000001,-4.0,5.0,10.200000000000001,-34.60000000000001,-34.7,12.299999999999999,16
13177,220926.0,-1.5,0.9,0.6000000000000001,-3.3000000000000003,5.6000000000000005,9.0,-52.60000000000001,-30.4,29.300000000000004,16
13178,220943.0,-1.2000000000000002,0.7000000000000001,0.1,-2.8000000000000003,5.2,8.700000000000001,-89.30000000000001,-10.200000000000001,49.300000000000004,16
13179,220959.0,-1.1,0.30000000000000004,0.9,-2.7,4.7,9.5,-115.50000000000003,2.0,57.3,16
13180,220976.0,-0.4,-0.6000000000000001,4.1000000000000005,-2.0,3.3000000000000003,13.0,-154.6,5.500000000000001,60.400000000000006,16
13181,220993.0,0.4,-0.8,6.0,-0.6000000000000001,2.4000000000000004,16.6,-137.60000000000002,-23.700000000000003,38.900000000000006,16
13182,221009.0,0.9,-1.1,8.1,-0.4,2.2,17.400000000000002,-103.89999999999999,-38.900000000000006,16.8,16
13183,221026.0,-0.1,-0.8,6.1000000000000005,-1.3,2.4000000000000004,15.5,-8.2,-43.00000000000001,-31.799999999999997,16
13184,221043.0,-1.4000000000000001,-0.6000000000000001,1.8,-2.7,2.7,11.100000000000001,67.8,-3.1,-57.400000000000006,16
13185,221068.0,-2.0,-0.9,-1.7000000000000002,-3.5,2.7,7.4,95.60000000000002,50.0,-59.00000000000001,16
13186,221076.0,-2.1,-0.9,-3.1,-3.7,2.8000000000000003,6.0,94.10000000000001,70.3,-53.599999999999994,16
13187,221093.0,-2.1,-0.8,-4.7,-4.0,3.1,4.2,66.80000000000001,94.10000000000001,-34.400000000000006,16
13188,221109.0,-1.9000000000000001,-0.8,-4.9,-4.0,3.2,3.9000000000000004,46.800000000000004,94.80000000000001,-21.0,16
13189,221126.0,-1.4000000000000001,-1.0,-4.6000000000000005,-3.9000000000000004,3.0,4.1000000000000005,9.600000000000001,76.1,9.8,16
13190,221143.0,-0.6000000000000001,-1.3,-4.4,-3.1,2.7,4.2,-11.700000000000001,41.800000000000004,39.9,16
13191,221165.0,0.4,-1.6,-4.9,-2.1,2.4000000000000004,3.7,-24.0,7.699999999999999,62.0,16
13192,221177.0,0.7000000000000001,-1.6,-5.2,-1.7000000000000002,2.4000000000000004,3.4000000000000004,-31.5,-5.8,69.4,16
13193,221193.0,1.2000000000000002,-1.3,-5.2,-1.0,2.6,3.4000000000000004,-48.800000000000004,-17.200000000000003,80.2,16
13194,221209.0,1.5,-1.0,-4.9,-0.7000000000000001,2.8000000000000003,3.8000000000000003,-55.400000000000006,-15.000000000000002,82.7,16
13195,221226.0,2.2,-0.5,-3.8000000000000003,0.1,3.2,4.9,-58.400000000000006,0.9000000000000001,80.2,16
13196,221243.0,2.4000000000000004,-0.2,-2.6,0.4,3.5,6.1000000000000005,-44.4,23.3,67.2,16
13197,221260.0,2.2,0.0,-2.2,0.2,3.6,6.5,-35.5,31.799999999999997,57.1,16
13198,221278.0,1.6,0.9,-1.3,-0.4,4.4,7.4,-24.599999999999998,36.0,38.800000000000004,16
13199,221293.0,0.9,1.5,0.0,-1.2000000000000002,5.0,8.700000000000001,-22.9,31.2,28.800000000000004,16
13200,221310.0,0.7000000000000001,2.0,0.7000000000000001,-1.4000000000000001,5.5,9.4,-25.7,29.1,25.7,16
13201,221326.0,0.6000000000000001,3.0,2.1,-1.6,6.4,10.8,-35.5,37.300000000000004,25.7,16
13202,221343.0,0.5,2.9000000000000004,3.8000000000000003,-1.8,6.300000000000001,12.600000000000001,-41.50000000000001,26.799999999999997,31.5,16
13203,221363.0,1.0,2.4000000000000004,5.800000000000001,-1.1,5.7,14.700000000000001,-34.400000000000006,-38.50000000000001,28.200000000000003,16
13204,221376.0,1.5,2.5,6.300000000000001,-0.5,5.800000000000001,15.200000000000001,-23.3,-79.3,21.400000000000002,16
13205,221393.0,2.1,2.7,6.0,0.5,6.0,15.100000000000001,7.500000000000001,-133.70000000000002,5.8,16
13206,221409.0,2.5,2.8000000000000003,5.5,1.2000000000000002,6.1000000000000005,14.600000000000001,22.6,-143.8,-3.2,16
13207,221426.0,2.8000000000000003,2.6,4.4,1.9000000000000001,6.1000000000000005,13.5,47.2,-130.4,-29.400000000000002,16
13208,221443.0,2.6,2.5,2.6,2.0,6.2,11.700000000000001,69.80000000000001,-97.50000000000001,-58.2,16
13209,221459.0,2.4000000000000004,2.6,1.4000000000000001,1.8,6.4,10.5,75.3,-74.89999999999999,-69.60000000000001,16
13210,221476.0,1.6,2.8000000000000003,-0.1,1.1,6.800000000000001,8.9,63.8,-27.6,-84.6,16
13211,221493.0,0.4,2.8000000000000003,0.2,-0.30000000000000004,6.9,9.200000000000001,33.800000000000004,13.200000000000003,-86.7,16
13212,221509.0,-0.2,2.7,1.0,-1.2000000000000002,6.800000000000001,10.9,18.6,29.800000000000004,-81.3,16
13213,221526.0,-0.2,2.2,2.7,-1.2000000000000002,6.5,11.700000000000001,3.9,47.0,-62.1,16
13214,221543.0,0.6000000000000001,1.2000000000000002,3.4000000000000004,-0.6000000000000001,5.4,12.4,12.100000000000001,39.8,-45.9,16
13215,221560.0,1.3,0.6000000000000001,2.9000000000000004,0.0,4.9,11.9,20.5,25.5,-42.800000000000004,16
13216,221579.0,1.4000000000000001,0.6000000000000001,2.4000000000000004,0.1,4.9,11.3,33.0,-11.900000000000002,-45.6,16
13217,221593.0,1.3,0.7000000000000001,1.9000000000000001,0.0,5.1000000000000005,10.8,30.1,-31.0,-49.800000000000004,16
13218,221610.0,1.0,0.4,1.9000000000000001,-0.30000000000000004,4.9,10.8,24.900000000000002,-26.200000000000003,-51.0,16
13219,221626.0,0.8,0.2,1.9000000000000001,-0.5,4.7,10.8,24.8,-21.200000000000003,-51.1,16
13220,221643.0,0.5,-0.4,2.2,-0.8,4.2,11.100000000000001,33.1,-10.299999999999999,-49.699999999999996,16
13221,221660.0,0.4,-0.8,2.1,-0.9,3.8000000000000003,11.0,42.900000000000006,-4.1,-48.400000000000006,16
13222,221677.0,0.7000000000000001,-1.9000000000000001,1.5,-0.8,2.9000000000000004,10.200000000000001,69.80000000000001,4.6,-50.0,16
13223,221693.0,0.2,-2.8000000000000003,0.30000000000000004,-1.3,2.2,8.9,98.8,5.8,-58.400000000000006,16
13224,221709.0,-0.2,-3.4000000000000004,-1.2000000000000002,-1.8,1.9000000000000001,7.2,121.9,-1.5,-60.6,16
13225,221727.0,-0.30000000000000004,-3.7,-2.0,-2.0,1.7000000000000002,6.300000000000001,127.80000000000001,-5.2,-59.1,16
13226,221743.0,-0.30000000000000004,-4.2,-3.5,-2.1,1.6,4.5,123.5,-11.700000000000001,-53.599999999999994,16
13227,221763.0,-0.2,-4.5,-4.3,-2.0,1.5,3.5,106.30000000000001,-23.900000000000006,-45.8,16
13228,221777.0,-0.1,-4.5,-4.6000000000000005,-2.0,1.6,3.1,97.3,-30.4,-41.50000000000001,16
13229,221793.0,0.0,-4.3,-4.9,-1.9000000000000001,1.9000000000000001,2.5,76.89999999999999,-34.1,-32.9,16
13230,221809.0,0.2,-3.9000000000000004,-4.800000000000001,-1.6,2.4000000000000004,2.4000000000000004,54.199999999999996,-24.3,-25.1,16
13231,221826.0,0.4,-3.6,-4.7,-1.4000000000000001,2.7,2.5,43.50000000000001,-16.8,-21.6,16
13232,221843.0,1.0,-3.1,-3.8000000000000003,-0.9,3.3000000000000003,3.3000000000000003,27.700000000000003,1.1,-19.400000000000002,16
13233,221860.0,0.5,-2.6,-2.7,-1.4000000000000001,3.9000000000000004,4.3,18.0,23.700000000000003,-25.7,16
13234,221877.0,-0.1,-2.2,-2.2,-2.1,4.2,4.800000000000001,12.200000000000001,35.1,-27.400000000000002,16
13235,221893.0,-1.2000000000000002,-1.4000000000000001,-1.0,-3.4000000000000004,5.0,6.0,-4.6,50.1,-19.0,16
13236,221909.0,-1.4000000000000001,-1.1,0.0,-3.7,5.2,7.0,-26.6,45.0,-0.9000000000000001,16
13237,221926.0,-1.3,-1.2000000000000002,0.6000000000000001,-3.6,5.1000000000000005,7.6000000000000005,-39.699999999999996,34.1,8.2,16
13238,221943.0,-0.9,-1.5,2.3000000000000003,-3.2,4.6000000000000005,9.5,-62.800000000000004,-14.0,15.5,16
13239,221962.0,-1.1,-0.9,3.8000000000000003,-3.3000000000000003,5.1000000000000005,11.200000000000001,-71.30000000000001,-64.50000000000001,10.1,16
13240,221979.0,-1.9000000000000001,-0.30000000000000004,4.3,-3.9000000000000004,5.5,11.9,-55.400000000000006,-67.60000000000001,12.9,16
13241,221993.0,-1.9000000000000001,-0.30000000000000004,4.1000000000000005,-3.8000000000000003,5.5,11.700000000000001,-40.7,-55.7,16.3,16
13242,222009.0,-1.5,-0.4,2.6,-3.3000000000000003,5.300000000000001,10.4,-12.9,-29.300000000000004,13.700000000000001,16
13243,222026.0,-1.3,-0.2,1.6,-3.1,5.5,9.4,-4.1,-14.600000000000001,8.4,16
13244,222043.0,-1.4000000000000001,0.7000000000000001,-0.8,-3.2,6.4,6.9,-5.2,21.400000000000002,3.7000000000000006,16
13245,222061.0,-2.2,1.2000000000000002,-3.0,-4.1000000000000005,6.800000000000001,4.800000000000001,-46.199999999999996,57.20000000000001,17.200000000000003,16
13246,222077.0,-2.6,1.1,-3.2,-4.6000000000000005,6.6000000000000005,4.6000000000000005,-84.4,69.4,31.6,16
13247,222093.0,-3.1,-0.2,-0.5,-5.2,5.0,7.5,-172.6,71.6,60.7,16
13248,222110.0,-2.6,-1.6,3.7,-4.7,3.0,12.100000000000001,-215.9,33.2,83.5,16
13249,222126.0,-1.9000000000000001,-2.0,5.4,-3.0,2.2,14.9,-208.8,2.7,88.60000000000001,16
13250,222143.0,-0.1,-1.5,6.0,-2.0,2.4000000000000004,14.9,-143.3,-51.70000000000001,83.60000000000001,16
13251,222167.0,0.8,-0.9,2.7,-0.5,2.8000000000000003,9.8,-32.9,-56.9,50.60000000000001,16
13252,222176.0,0.9,-0.8,0.7000000000000001,-0.5,2.8000000000000003,9.8,-32.9,-56.9,50.60000000000001,16
13253,222193.0,0.5,-0.7000000000000001,-1.6,-0.7000000000000001,2.9000000000000004,7.5,-5.0,-15.399999999999999,29.400000000000002,16
13254,222211.0,0.0,-0.30000000000000004,-3.1,-1.3,3.3000000000000003,6.0,-4.2,43.2,20.3,16
13255,222226.0,-0.30000000000000004,-0.1,-3.3000000000000003,-1.7000000000000002,3.5,5.7,-11.3,71.39999999999999,22.1,16
13256,222243.0,-0.30000000000000004,-0.1,-2.8000000000000003,-2.0,3.4000000000000004,6.1000000000000005,-27.3,110.30000000000001,36.9,16
13257,222263.0,0.30000000000000004,-0.5,-2.4000000000000004,-1.7000000000000002,2.9000000000000004,6.5,-35.699999999999996,108.50000000000001,54.0,16
13258,222277.0,0.8,-0.7000000000000001,-2.3000000000000003,-0.9,2.6,6.800000000000001,-38.50000000000001,62.7,59.9,16
13259,222293.0,1.6,-0.7000000000000001,-1.9000000000000001,-0.6000000000000001,2.6,7.0,-36.6,33.300000000000004,56.300000000000004,16
13260,222309.0,1.7000000000000002,0.0,-2.0,-0.4,3.3000000000000003,6.9,-29.300000000000004,-9.5,46.1,16
13261,222326.0,1.5,0.4,-2.2,-0.7000000000000001,3.8000000000000003,6.6000000000000005,-25.300000000000004,-20.1,43.2,16
13262,222343.0,1.3,0.7000000000000001,-2.4000000000000004,-0.6000000000000001,3.9000000000000004,6.6000000000000005,-17.400000000000002,-32.1,39.9,16
13263,222361.0,1.3,1.3,-1.7000000000000002,-0.4,4.5,7.2,-8.899999999999999,-20.900000000000002,35.4,16
13264,222376.0,1.3,1.9000000000000001,-0.8,-0.4,5.2,8.200000000000001,2.5,1.8000000000000003,30.9,16
13265,222393.0,1.4000000000000001,2.3000000000000003,-0.30000000000000004,-0.30000000000000004,5.5,8.6,8.899999999999999,11.3,28.500000000000004,16
13266,222409.0,1.6,2.7,0.4,-0.2,6.1000000000000005,9.3,17.7,27.400000000000002,21.400000000000002,16
13267,222426.0,1.3,3.4000000000000004,0.8,-0.5,6.800000000000001,9.700000000000001,16.900000000000002,29.700000000000006,13.100000000000001,16
13268,222443.0,0.9,3.7,1.3,-0.9,7.2,10.100000000000001,10.4,26.6,10.5,16
13269,222464.0,-0.30000000000000004,3.6,2.6,-2.2,7.1000000000000005,11.5,-0.2,3.7000000000000006,11.5,16
13270,222477.0,-0.7000000000000001,3.2,3.5,-2.5,6.7,12.4,4.5,-34.300000000000004,18.3,16
13271,222493.0,-0.6000000000000001,2.9000000000000004,3.3000000000000003,-2.3000000000000003,6.5,12.3,11.8,-52.2,21.300000000000004,16
13272,222511.0,-0.2,2.4000000000000004,2.3000000000000003,-1.6,6.1000000000000005,11.3,24.5,-77.80000000000001,20.599999999999998,16
13273,222526.0,0.2,2.1,1.4000000000000001,-0.9,5.9,10.4,30.9,-78.2,10.0,16
13274,222543.0,0.2,1.9000000000000001,1.2000000000000002,-0.8,5.800000000000001,10.200000000000001,32.400000000000006,-68.5,1.7,16
13275,222559.0,0.1,1.5,1.5,-0.8,5.5,10.4,36.5,-46.300000000000004,-17.7,16
13276,222578.0,-0.30000000000000004,1.7000000000000002,1.0,-1.2000000000000002,5.9,10.0,52.7,-25.8,-32.0,16
13277,222593.0,-0.6000000000000001,1.8,0.6000000000000001,-1.4000000000000001,6.1000000000000005,9.4,57.3,-12.5,-34.1,16
13278,222609.0,-1.3,2.0,-0.1,-2.2,6.4,8.700000000000001,50.60000000000001,11.900000000000002,-29.900000000000006,16
13279,222627.0,-1.5,2.3000000000000003,0.30000000000000004,-2.6,6.800000000000001,9.1,19.1,25.5,-16.4,16
13280,222643.0,-1.6,2.2,1.2000000000000002,-2.7,6.7,9.9,0.30000000000000004,22.6,-6.500000000000001,16
13281,222663.0,-1.1,1.6,2.8000000000000003,-2.2,6.1000000000000005,11.600000000000001,-23.6,-7.699999999999999,16.700000000000003,16
13282,222680.0,0.5,0.4,3.7,-0.4,4.9,12.600000000000001,-22.2,-56.10000000000001,33.0,16
13283,222693.0,1.4000000000000001,0.1,3.5,0.6000000000000001,4.6000000000000005,12.4,-14.300000000000002,-78.3,32.9,16
13284,222709.0,2.2,-0.1,2.4000000000000004,1.8,4.3,11.4,-0.2,-96.5,19.0,16
13285,222727.0,2.5,-0.2,2.3000000000000003,2.3000000000000003,4.2,11.200000000000001,5.7,-79.5,-1.1,16
13286,222743.0,2.4000000000000004,-0.30000000000000004,2.8000000000000003,2.4000000000000004,4.2,11.700000000000001,8.899999999999999,-58.1,-11.700000000000001,16
13287,222759.0,2.4000000000000004,-0.6000000000000001,3.7,2.4000000000000004,3.9000000000000004,12.700000000000001,26.9,-8.0,-29.800000000000004,16
13288,222776.0,2.4000000000000004,-1.3,3.9000000000000004,2.4000000000000004,3.3000000000000003,12.8,53.300000000000004,20.2,-47.5,16
13289,222793.0,2.3000000000000003,-1.8,3.7,2.1,3.0,12.600000000000001,66.4,21.6,-56.50000000000001,16
13290,222811.0,1.5,-2.5,2.6,1.2000000000000002,2.4000000000000004,11.3,90.5,3.6000000000000005,-70.7,16
13291,222826.0,1.1,-3.2,0.7000000000000001,0.8,2.0,9.3,107.6,-19.799999999999997,-76.4,16
13292,222843.0,1.0,-3.6,-0.2,0.6000000000000001,1.8,8.3,113.4,-28.900000000000002,-78.10000000000001,16
13293,222867.0,0.7000000000000001,-4.5,-3.0,0.30000000000000004,1.3,5.1000000000000005,122.20000000000002,-49.800000000000004,-80.30000000000001,16
13294,222877.0,0.7000000000000001,-4.7,-3.8000000000000003,0.30000000000000004,1.3,4.2,121.0,-55.0,-81.0,16
13295,222893.0,0.6000000000000001,-4.800000000000001,-4.5,0.2,1.3,3.4000000000000004,116.5,-58.60000000000001,-81.50000000000001,16
13296,222909.0,0.30000000000000004,-4.800000000000001,-5.4,-0.1,1.6,2.2,99.10000000000001,-61.7,-80.8,16
13297,222926.0,0.0,-4.3,-5.6000000000000005,-0.5,2.2,1.8,76.89999999999999,-58.60000000000001,-76.2,16
13298,222943.0,-0.1,-4.0,-5.7,-0.7000000000000001,3.0,1.5,65.7,-53.400000000000006,-72.50000000000001,16
13299,222959.0,-0.2,-3.6,-5.7,-0.9,3.5,1.4000000000000001,40.6,-36.2,-61.599999999999994,16
13300,222976.0,-0.5,-2.4000000000000004,-5.4,-1.1,4.3,1.6,13.6,-12.100000000000001,-46.9,16
13301,222993.0,-0.5,-1.9000000000000001,-4.4,-1.2000000000000002,4.800000000000001,2.6,-14.400000000000002,17.5,-33.400000000000006,16
13302,223010.0,-0.7000000000000001,-1.7000000000000002,-3.7,-1.5,4.9,3.3000000000000003,-27.3,31.9,-28.500000000000004,16
13303,223026.0,-1.4000000000000001,-1.4000000000000001,-2.3000000000000003,-2.3000000000000003,5.0,4.800000000000001,-50.1,52.7,-17.9,16
13304,223043.0,-1.6,-1.3,-1.5,-2.9000000000000004,5.0,6.6000000000000005,-59.80000000000001,55.7,-11.5,16
13305,223059.0,-1.8,-1.2000000000000002,0.1,-3.0,5.0,7.4,-69.4,41.800000000000004,1.8000000000000003,16
13306,223076.0,-1.7000000000000002,-0.9,1.3,-3.0,5.1000000000000005,8.8,-67.5,17.7,13.6,16
13307,223094.0,-1.5,-0.8,2.0,-2.7,5.1000000000000005,9.5,-54.1,-0.6000000000000001,18.3,16
13308,223109.0,-1.4000000000000001,-0.8,1.7000000000000002,-2.6,5.0,9.3,-45.7,-3.4,18.1,16
13309,223127.0,-1.5,-0.9,0.6000000000000001,-2.6,4.800000000000001,8.3,-39.8,-4.5,13.6,16
13310,223143.0,-1.4000000000000001,-0.6000000000000001,0.4,-2.6,5.2,8.4,-45.400000000000006,-5.1000000000000005,10.8,16
13311,223175.0,-1.1,-0.2,1.1,-2.3000000000000003,5.1000000000000005,9.1,-75.8,10.299999999999999,1.3,16
13312,223176.0,-1.1,-0.2,1.1,-2.3000000000000003,5.1000000000000005,9.1,-75.8,10.299999999999999,1.3,16
13313,223193.0,-1.3,0.0,1.1,-2.9000000000000004,5.300000000000001,9.4,-85.4,13.5,-1.9,16
13314,223209.0,-2.3000000000000003,0.6000000000000001,1.3,-3.6,5.4,9.600000000000001,-113.3,23.900000000000006,3.4,16
13315,223226.0,-3.7,0.2,3.2,-5.0,4.7,11.700000000000001,-156.4,25.200000000000003,28.200000000000003,16
13316,223243.0,-3.3000000000000003,-0.30000000000000004,6.0,-4.7,3.7,14.8,-174.6,2.5,60.7,16
13317,223261.0,-2.4000000000000004,-0.4,7.1000000000000005,-3.6,3.4000000000000004,16.1,-165.10000000000002,-15.299999999999999,70.9,16
13318,223276.0,-0.4,-0.30000000000000004,7.300000000000001,-1.5,3.1,16.5,-111.50000000000001,-47.1,67.60000000000001,16
13319,223293.0,0.0,-0.30000000000000004,6.4,-0.8,2.9000000000000004,14.200000000000001,-40.6,-48.300000000000004,43.4,16
13320,223309.0,0.0,-0.30000000000000004,3.3000000000000003,-0.8,2.9000000000000004,12.600000000000001,-9.700000000000001,-32.7,30.200000000000003,16
13321,223326.0,-0.5,-0.4,0.30000000000000004,-1.3,2.8000000000000003,9.600000000000001,31.3,27.099999999999998,10.8,16
13322,223343.0,-0.9,-0.1,-1.8,-1.9000000000000001,3.2,7.4,42.7,97.00000000000001,4.0,16
13323,223359.0,-1.0,0.0,-2.5,-2.2,3.5,6.7,39.400000000000006,125.80000000000001,6.8,16
13324,223376.0,-0.9,-0.1,-3.2,-2.6,3.4000000000000004,5.800000000000001,20.900000000000002,157.1,22.700000000000003,16
13325,223393.0,-0.4,-0.5,-3.3000000000000003,-2.5,3.0,5.6000000000000005,-9.2,135.9,43.00000000000001,16
13326,223409.0,-0.2,-0.5,-3.0,-2.4000000000000004,3.0,5.800000000000001,-24.5,107.6,52.60000000000001,16
13327,223426.0,0.6000000000000001,-0.7000000000000001,-2.7,-1.7000000000000002,2.8000000000000003,6.1000000000000005,-42.900000000000006,38.2,71.9,16
13328,223443.0,1.6,-0.7000000000000001,-2.9000000000000004,-0.6000000000000001,2.7,6.0,-48.6,-19.200000000000003,83.4,16
13329,223464.0,1.8,-0.6000000000000001,-2.9000000000000004,0.0,2.7,5.9,-45.400000000000006,-44.2,82.50000000000001,16
13330,223476.0,2.1,-0.4,-3.1,0.2,2.8000000000000003,5.9,-41.1,-44.6,79.5,16
13331,223493.0,2.2,0.0,-2.8000000000000003,0.5,3.2,6.2,-32.300000000000004,-24.7,70.3,16
13332,223509.0,2.2,0.30000000000000004,-2.4000000000000004,0.6000000000000001,3.4000000000000004,6.6000000000000005,-26.000000000000004,-9.4,65.4,16
13333,223526.0,2.4000000000000004,0.6000000000000001,-1.5,0.8,3.8000000000000003,7.5,-8.8,20.599999999999998,54.699999999999996,16
13334,223543.0,2.5,1.1,-0.9,0.9,4.3,8.1,5.500000000000001,37.1,39.8,16
13335,223560.0,2.6,1.4000000000000001,-0.6000000000000001,0.9,4.6000000000000005,8.4,8.899999999999999,38.2,31.6,16
13336,223576.0,2.4000000000000004,1.9000000000000001,0.6000000000000001,0.7000000000000001,5.2,9.5,9.5,35.8,12.5,16
13337,223593.0,1.3,2.2,1.8,-0.5,5.5,10.700000000000001,7.200000000000001,36.2,-0.6000000000000001,16
13338,223609.0,0.6000000000000001,2.4000000000000004,2.4000000000000004,-1.3,5.800000000000001,11.3,6.600000000000001,30.200000000000003,-1.6,16
13339,223626.0,0.0,2.9000000000000004,3.4000000000000004,-1.9000000000000001,6.300000000000001,12.3,11.000000000000002,7.9,9.100000000000001,16
13340,223643.0,0.6000000000000001,2.4000000000000004,3.2,-1.3,5.9,12.100000000000001,22.3,-17.6,22.3,16
13341,223659.0,1.0,2.1,2.7,-0.4,5.6000000000000005,11.3,25.7,-33.300000000000004,23.6,16
13342,223676.0,1.5,1.8,2.2,-0.1,5.5,11.100000000000001,26.000000000000004,-59.5,16.900000000000002,16
13343,223693.0,1.3,1.6,2.3000000000000003,0.0,5.4,11.3,27.3,-64.4,2.6,16
13344,223709.0,1.3,1.6,2.4000000000000004,0.0,5.4,11.3,31.6,-59.20000000000001,-5.7,16
13345,223726.0,1.1,1.7000000000000002,1.7000000000000002,-0.1,5.7,10.600000000000001,46.9,-41.0,-22.2,16
13346,223743.0,0.6000000000000001,2.2,0.5,-0.5,6.300000000000001,9.4,57.3,-16.4,-31.2,16
13347,223760.0,0.5,2.2,0.1,-0.6000000000000001,6.5,9.0,57.3,-3.9,-31.6,16
13348,223777.0,0.30000000000000004,2.6,-0.6000000000000001,-0.9,7.0,8.200000000000001,41.199999999999996,14.600000000000001,-28.700000000000003,16
13349,223793.0,-0.4,3.1,0.5,-1.7000000000000002,7.6000000000000005,9.3,-0.8,23.800000000000004,-17.9,16
13350,223809.0,-0.30000000000000004,2.5,3.3000000000000003,-1.6,6.9,12.100000000000001,-18.6,21.6,-7.6,16
13351,223826.0,0.30000000000000004,1.9000000000000001,4.4,-1.0,6.300000000000001,13.200000000000001,-26.9,-1.0,13.5,16
13352,223843.0,1.9000000000000001,0.9,4.5,0.7000000000000001,5.2,13.4,-3.3000000000000007,-37.6,22.1,16
13353,223860.0,3.2,0.5,2.9000000000000004,2.2,4.9,11.8,20.8,-71.6,13.100000000000001,16
13354,223877.0,3.3000000000000003,0.4,2.3000000000000003,2.5,4.800000000000001,11.3,25.7,-80.9,4.2,16
13355,223893.0,3.1,0.2,2.0,2.6,4.7,10.9,27.700000000000003,-76.0,-16.8,16
13356,223909.0,2.6,-0.1,2.3000000000000003,2.2,4.5,11.200000000000001,27.2,-63.900000000000006,-26.400000000000006,16
13357,223926.0,2.4000000000000004,-0.30000000000000004,2.7,2.1,4.3,11.600000000000001,29.1,-39.9,-42.800000000000004,16
13358,223943.0,2.0,-1.0,2.9000000000000004,1.7000000000000002,3.8000000000000003,11.700000000000001,43.00000000000001,-25.1,-55.900000000000006,16
13359,223961.0,1.6,-1.7000000000000002,2.4000000000000004,1.3,3.2,11.200000000000001,58.900000000000006,-23.099999999999998,-70.10000000000001,16
13360,223976.0,1.6,-1.7000000000000002,2.4000000000000004,1.0,2.9000000000000004,10.9,67.4,-25.1,-77.5,16
13361,223993.0,0.6000000000000001,-2.9000000000000004,0.8,0.2,2.3000000000000003,9.5,86.5,-31.799999999999997,-90.1,16
13362,224010.0,-0.1,-3.5,-0.6000000000000001,-0.6000000000000001,2.0,7.9,100.30000000000001,-38.50000000000001,-99.2,16
13363,224026.0,-0.4,-3.7,-1.1,-1.0,1.9000000000000001,7.2,105.7,-38.800000000000004,-100.80000000000001,16
13364,224043.0,-0.8,-4.1000000000000005,-2.3000000000000003,-1.4000000000000001,1.7000000000000002,5.800000000000001,115.60000000000001,-33.300000000000004,-97.7,16
13365,224060.0,-0.7000000000000001,-4.2,-3.6,-1.5,1.9000000000000001,4.2,116.1,-24.599999999999998,-91.2,16
13366,224077.0,-0.6000000000000001,-4.2,-4.1000000000000005,-1.4000000000000001,2.0,3.6,110.4,-20.5,-87.60000000000001,16
13367,224093.0,-0.4,-4.0,-4.5,-1.4000000000000001,2.4000000000000004,2.9000000000000004,90.9,-15.299999999999999,-79.9,16
13368,224109.0,-0.6000000000000001,-3.6,-4.5,-1.8,3.0,2.8000000000000003,68.7,-8.899999999999999,-70.7,16
13369,224126.0,-0.8,-3.3000000000000003,-4.3,-2.0,3.3000000000000003,2.9000000000000004,56.9,-2.2,-64.10000000000001,16
13370,224143.0,-0.8,-2.7,-3.8000000000000003,-2.2,3.9000000000000004,3.3000000000000003,32.9,15.100000000000001,-47.2,16
13371,224159.0,-0.8,-2.4000000000000004,-2.8000000000000003,-2.3000000000000003,4.2,4.2,10.200000000000001,31.6,-29.300000000000004,16
13372,224176.0,-0.6000000000000001,-2.4000000000000004,-2.4000000000000004,-2.2,4.2,4.6000000000000005,-0.30000000000000004,35.4,-21.900000000000002,16
13373,224193.0,-0.6000000000000001,-2.4000000000000004,-1.4000000000000001,-2.2,4.1000000000000005,5.6000000000000005,-19.9,24.900000000000002,-12.100000000000001,16
13374,224209.0,-0.9,-2.0,-0.30000000000000004,-2.6,4.5,6.7,-34.900000000000006,-2.2,-2.2,16
13375,224226.0,-0.9,-1.8,0.1,-2.6,4.6000000000000005,7.2,-38.300000000000004,-16.200000000000003,4.7,16
13376,224243.0,-1.0,-1.7000000000000002,0.7000000000000001,-2.6,4.6000000000000005,7.9,-41.0,-40.2,16.900000000000002,16
13377,224262.0,-0.8,-1.5,0.6000000000000001,-2.2,4.7,7.9,-42.1,-52.00000000000001,24.200000000000003,16
13378,224276.0,-0.6000000000000001,-1.4000000000000001,0.5,-1.9000000000000001,4.800000000000001,7.800000000000001,-44.6,-48.300000000000004,26.1,16
13379,224293.0,-0.6000000000000001,-1.1,0.7000000000000001,-1.8,4.9,8.200000000000001,-50.0,-32.8,24.400000000000002,16
13380,224309.0,-0.7000000000000001,-1.1,1.0,-1.9000000000000001,4.9,8.8,-47.60000000000001,-16.900000000000002,15.100000000000001,16
13381,224326.0,-0.8,-0.8,1.1,-1.9000000000000001,5.0,8.8,-42.7,-10.700000000000001,8.8,16
13382,224343.0,-1.3,-0.2,0.1,-2.4000000000000004,5.5,7.800000000000001,-38.7,6.4,1.2000000000000002,16
13383,224359.0,-2.5,0.2,-1.0,-3.6,5.7,6.800000000000001,-61.599999999999994,22.9,7.500000000000001,16
13384,224377.0,-2.9000000000000004,0.30000000000000004,-1.2000000000000002,-4.5,5.7,7.1000000000000005,-85.30000000000001,29.600000000000005,17.0,16
13385,224393.0,-3.5,0.2,0.30000000000000004,-4.800000000000001,5.300000000000001,8.4,-152.3,43.6,46.0,16
13386,224409.0,-3.1,-0.9,4.0,-4.4,3.7,12.5,-198.00000000000003,31.0,73.8,16
13387,224426.0,-2.3000000000000003,-1.1,5.800000000000001,-3.6,3.2,14.5,-201.0,11.2,81.0,16
13388,224443.0,-0.5,-0.7000000000000001,7.6000000000000005,-1.5,3.1,16.6,-157.70000000000002,-37.9,75.8,16
13389,224462.0,0.6000000000000001,-0.30000000000000004,5.9,-0.2,3.2,15.100000000000001,-79.00000000000001,-57.1,52.400000000000006,16
13390,224476.0,0.8,-0.2,4.1000000000000005,0.1,3.2,13.3,-42.3,-50.400000000000006,35.699999999999996,16
13391,224493.0,0.5,0.1,1.1,-0.2,3.5,10.3,8.8,-6.0,0.9000000000000001,16
13392,224509.0,-0.2,0.4,-1.2000000000000002,-1.0,4.0,8.0,35.599999999999994,59.80000000000001,-23.2,16
13393,224526.0,-0.5,0.7000000000000001,-2.0,-2.0,4.5,6.5,40.0,88.50000000000001,-28.500000000000004,16
13394,224544.0,-1.0,0.9,-3.0,-2.3000000000000003,4.6000000000000005,6.0,35.599999999999994,125.00000000000001,-24.900000000000002,16
13395,224562.0,-1.1,0.8,-3.4000000000000004,-2.9000000000000004,4.6000000000000005,5.4,20.1,134.3,-8.3,16
13396,224576.0,-1.0,0.6000000000000001,-3.3000000000000003,-3.2,4.4,5.4,-1.7,116.0,15.8,16
13397,224593.0,-0.7000000000000001,0.5,-3.2,-3.1,4.3,5.5,-12.600000000000001,96.30000000000001,27.5,16
13398,224609.0,-0.30000000000000004,0.4,-2.8000000000000003,-2.7,4.2,5.800000000000001,-29.700000000000006,44.00000000000001,45.6,16
13399,224626.0,0.0,0.4,-2.7,-2.2,4.2,6.1000000000000005,-36.7,4.5,60.8,16
13400,224643.0,0.5,0.6000000000000001,-2.5,-1.8,4.3,6.2,-35.8,-6.0,66.2,16
13401,224664.0,1.1,0.8,-2.3000000000000003,-1.1,4.4,6.4,-28.700000000000003,-8.8,71.6,16
13402,224676.0,1.5,1.1,-2.3000000000000003,-0.6000000000000001,4.7,6.4,-17.9,3.8,70.8,16
13403,224693.0,1.6,1.3,-2.3000000000000003,-0.5,5.0,6.5,-13.000000000000002,14.400000000000002,69.4,16
13404,224709.0,1.6,1.9000000000000001,-1.9000000000000001,-0.5,5.6000000000000005,6.800000000000001,-9.899999999999999,41.800000000000004,68.5,16
13405,224726.0,1.6,2.3000000000000003,-1.1,-0.6000000000000001,6.1000000000000005,7.5,-14.800000000000002,69.10000000000001,68.4,16
13406,224743.0,1.5,2.5,-0.7000000000000001,-0.8,6.2,8.0,-20.0,79.6,68.7,16
13407,224762.0,0.6000000000000001,2.6,0.8,-1.8,6.300000000000001,9.4,-34.50000000000001,87.89999999999999,70.9,16
13408,224777.0,0.2,2.1,2.4000000000000004,-2.4000000000000004,5.800000000000001,11.100000000000001,-40.7,68.80000000000001,73.6,16
13409,224793.0,0.2,1.8,3.1,-2.4000000000000004,5.4,11.8,-37.6,49.6,74.30000000000001,16
13410,224810.0,1.0,1.5,3.5,-1.5,5.1000000000000005,12.200000000000001,-20.900000000000002,-8.100000000000001,66.9,16
13411,224826.0,1.7000000000000002,1.7000000000000002,2.9000000000000004,-0.5,5.4,11.700000000000001,-5.6,-59.80000000000001,48.400000000000006,16
13412,224843.0,1.8,1.8,2.6,-0.4,5.6000000000000005,11.4,-3.7000000000000006,-73.0,39.599999999999994,16
13413,224863.0,1.2000000000000002,1.6,3.2,-0.7000000000000001,5.300000000000001,12.100000000000001,-8.899999999999999,-70.9,26.400000000000006,16
13414,224877.0,0.1,0.2,4.2,-1.5,3.9000000000000004,13.100000000000001,0.30000000000000004,-61.50000000000001,13.8,16
13415,224896.0,-0.1,0.1,3.7,-1.5,3.9000000000000004,12.700000000000001,27.400000000000002,-67.60000000000001,-2.1,16
13416,224911.0,0.1,-0.1,3.3000000000000003,-1.2000000000000002,3.7,12.3,42.0,-66.3,-9.0,16
13417,224927.0,0.5,-0.30000000000000004,1.8,-0.6000000000000001,3.7,10.8,55.8,-42.400000000000006,-18.0,16
13418,224943.0,0.7000000000000001,-0.2,1.2000000000000002,-0.4,3.9000000000000004,10.100000000000001,53.9,-29.1,-21.6,16
13419,224961.0,0.30000000000000004,-0.1,0.9,-0.8,4.1000000000000005,9.8,33.7,-3.5,-27.800000000000004,16
13420,224977.0,-0.6000000000000001,-0.4,1.8,-1.8,3.9000000000000004,10.700000000000001,9.3,7.1000000000000005,-24.900000000000002,16
13421,224993.0,-0.6000000000000001,-0.5,2.2,-1.8,3.7,11.100000000000001,3.1,2.4000000000000004,-19.799999999999997,16
13422,225009.0,0.0,-0.9,2.0,-1.2000000000000002,3.4000000000000004,10.9,8.3,-20.1,-13.000000000000002,16
13423,225026.0,0.4,-1.1,0.7000000000000001,-0.7000000000000001,3.2,9.600000000000001,16.0,-40.9,-13.3,16
13424,225043.0,0.5,-1.0,0.1,-0.6000000000000001,3.3000000000000003,9.0,13.900000000000002,-47.3,-15.700000000000001,16
13425,225061.0,0.8,-0.7000000000000001,-0.5,-0.1,3.6,8.4,0.4,-52.80000000000001,-20.0,16
13426,225076.0,1.1,-0.4,-0.1,0.30000000000000004,3.9000000000000004,8.8,-14.900000000000002,-40.0,-24.200000000000003,16
13427,225093.0,1.0,-0.30000000000000004,0.2,0.30000000000000004,3.9000000000000004,9.1,-17.799999999999997,-29.900000000000006,-26.5,16
13428,225109.0,0.5,-0.7000000000000001,0.7000000000000001,-0.30000000000000004,3.4000000000000004,9.700000000000001,-13.200000000000003,-14.300000000000002,-30.599999999999998,16
13429,225126.0,0.1,-1.2000000000000002,1.0,-0.7000000000000001,2.9000000000000004,10.0,-1.0,-8.100000000000001,-35.4,16
13430,225143.0,0.1,-1.3,0.8,-0.7000000000000001,2.8000000000000003,9.8,7.6,-9.600000000000001,-38.1,16
13431,225164.0,0.30000000000000004,-1.4000000000000001,-0.30000000000000004,-0.5,2.8000000000000003,8.700000000000001,31.799999999999997,-14.400000000000002,-43.800000000000004,16
13432,225176.0,0.4,-1.5,-0.9,-0.4,2.8000000000000003,8.1,39.400000000000006,-18.0,-46.0,16
13433,225193.0,0.4,-1.6,-1.4000000000000001,-0.5,2.6,6.9,45.9,-21.200000000000003,-48.70000000000001,16
13434,225210.0,0.4,-1.8,-2.5,-0.4,2.7,6.300000000000001,53.0,-23.800000000000004,-53.10000000000001,16
13435,225226.0,0.30000000000000004,-1.6,-3.3000000000000003,-0.5,3.0,5.4,50.8,-18.5,-56.300000000000004,16
13436,225243.0,0.30000000000000004,-1.5,-3.3000000000000003,-0.6000000000000001,3.1,5.4,47.3,-12.9,-56.10000000000001,16
13437,225266.0,0.2,-1.0,-3.0,-0.7000000000000001,3.7,5.6000000000000005,41.7,5.8,-48.800000000000004,16
13438,225276.0,0.2,-0.8,-2.8000000000000003,-0.9,4.0,5.6000000000000005,40.5,11.3,-44.00000000000001,16
13439,225293.0,0.30000000000000004,-0.7000000000000001,-2.7,-0.6000000000000001,4.4,5.800000000000001,38.400000000000006,14.800000000000002,-37.800000000000004,16
13440,225309.0,0.8,-0.5,-2.4000000000000004,-0.4,4.4,5.9,28.700000000000003,20.599999999999998,-24.8,16
13441,225326.0,0.9,-0.4,-1.9000000000000001,-0.4,4.5,6.4,8.5,21.1,-17.6,16
13442,225343.0,0.8,-0.2,-0.30000000000000004,-0.6000000000000001,4.7,8.0,-13.5,13.000000000000002,-12.9,16
13443,225360.0,0.7000000000000001,-0.2,0.6000000000000001,-0.7000000000000001,4.7,8.9,-18.1,8.0,-11.3,16
13444,225378.0,0.5,-0.4,1.8,-0.9,4.5,10.200000000000001,-10.8,-1.6,-8.8,16
13445,225393.0,0.5,-0.5,1.9000000000000001,-0.8,4.4,10.0,7.1000000000000005,-10.9,-7.1000000000000005,16
13446,225409.0,0.6000000000000001,-0.5,1.2000000000000002,-0.7000000000000001,4.4,9.5,13.6,-14.600000000000001,-7.6,16
13447,225426.0,0.5,-0.30000000000000004,0.4,-0.8,4.7,8.700000000000001,17.200000000000003,-18.6,-11.5,16
13448,225443.0,0.0,-0.1,0.1,-1.3,4.800000000000001,8.5,12.5,-6.4,-14.400000000000002,16
13449,225460.0,-0.2,-0.2,0.2,-1.5,4.7,8.5,9.2,5.2,-16.0,16
13450,225476.0,-0.6000000000000001,-0.4,0.2,-2.0,4.6000000000000005,8.5,3.4,27.800000000000004,-19.9,16
13451,225493.0,-1.3,-0.5,0.5,-2.8000000000000003,4.4,8.8,-4.7,30.200000000000003,-29.800000000000004,16
13452,225512.0,-1.9000000000000001,-0.7000000000000001,0.7000000000000001,-4.3,3.9000000000000004,9.1,-10.299999999999999,24.599999999999998,-33.50000000000001,16
13453,225527.0,-3.0,-1.1,0.9,-4.800000000000001,3.7,9.3,-33.400000000000006,9.600000000000001,-28.900000000000002,16
13454,225547.0,-3.4000000000000004,-1.0,1.8,-5.2,3.6,10.3,-69.4,-16.700000000000003,-15.899999999999999,16
13455,225559.0,-3.6,-1.1,2.5,-5.300000000000001,3.4000000000000004,11.0,-85.1,-30.000000000000004,-7.6,16
13456,225578.0,-3.2,-1.5,3.5,-4.800000000000001,2.7,12.3,-100.5,-54.800000000000004,12.0,16
13457,225593.0,-2.1,-1.6,3.8000000000000003,-3.5,2.3000000000000003,12.700000000000001,-84.2,-85.1,18.5,16
13458,225609.0,-1.7000000000000002,-1.6,3.3000000000000003,-2.9000000000000004,2.2,12.3,-66.60000000000001,-95.1,15.5,16
13459,225626.0,-1.2000000000000002,-1.6,1.6,-2.1,2.0,10.700000000000001,-27.400000000000002,-91.4,2.8,16
13460,225643.0,-1.0,-1.4000000000000001,-0.30000000000000004,-1.7000000000000002,2.3000000000000003,8.9,4.5,-56.0,-14.100000000000001,16
13461,225659.0,-0.9,-1.2000000000000002,-1.2000000000000002,-1.6,2.5,7.9,14.400000000000002,-34.300000000000004,-22.4,16
13462,225685.0,-1.2000000000000002,-0.6000000000000001,-3.4000000000000004,-2.0,3.1,5.7,7.400000000000001,18.0,-30.3,16
13463,225693.0,-1.3,-0.30000000000000004,-3.7,-2.1,3.4000000000000004,5.4,-5.500000000000001,24.599999999999998,-28.200000000000003,16
13464,225709.0,-1.4000000000000001,-0.1,-3.6,-2.3000000000000003,3.5,5.4,-20.0,27.9,-24.1,16
13465,225726.0,-1.7000000000000002,0.0,-3.0,-2.7,3.5,6.1000000000000005,-45.0,25.4,-10.200000000000001,16
13466,225743.0,-1.1,0.30000000000000004,-2.1,-2.2,3.6,7.0,-57.49999999999999,13.100000000000001,8.3,16
13467,225759.0,-0.4,0.5,-1.4000000000000001,-1.5,3.7,7.7,-56.800000000000004,7.500000000000001,14.700000000000001,16
13468,225776.0,0.8,0.2,-0.5,-0.30000000000000004,3.3000000000000003,8.700000000000001,-34.1,9.700000000000001,13.399999999999999,16
13469,225793.0,0.8,0.9,-2.2,-0.4,4.1000000000000005,7.0,-3.0,5.0,-1.0,16
13470,225810.0,-0.30000000000000004,0.9,-2.9000000000000004,-1.4000000000000001,4.0,6.2,2.5,17.200000000000003,-3.6000000000000005,16
13471,225827.0,-0.30000000000000004,1.2000000000000002,-2.9000000000000004,-1.5,4.4,6.2,4.300000000000001,21.1,3.3000000000000007,16
13472,225843.0,0.1,1.8,-2.9000000000000004,-1.2000000000000002,5.0,6.2,4.9,24.599999999999998,16.6,16
13473,225870.0,1.4000000000000001,2.9000000000000004,-3.3000000000000003,0.1,6.1000000000000005,5.800000000000001,-0.8,23.5,24.5,16
13474,225876.0,1.1,2.6,-3.1,-0.2,5.800000000000001,6.0,-10.5,19.400000000000002,23.700000000000003,16
13475,225893.0,0.9,3.1,-2.0,-0.5,6.300000000000001,7.0,-34.0,12.7,27.9,16
13476,225910.0,0.5,2.4000000000000004,0.8,-0.8,5.5,9.9,-43.50000000000001,10.0,29.400000000000002,16
13477,225926.0,0.8,2.7,1.8,-0.5,5.7,10.9,-39.50000000000001,4.7,33.300000000000004,16
13478,225943.0,0.5,2.6,3.1,-0.8,5.6000000000000005,12.3,-19.700000000000003,4.7,28.700000000000003,16
13479,225960.0,0.4,2.5,3.5,-0.7000000000000001,5.4,12.700000000000001,-9.2,2.4000000000000004,28.200000000000003,16
13480,225977.0,0.8,2.2,3.3000000000000003,-0.4,5.2,12.5,13.399999999999999,-7.8,25.7,16
13481,225993.0,0.9,1.8,2.9000000000000004,-0.2,4.800000000000001,11.600000000000001,22.9,-11.8,22.000000000000004,16
13482,226009.0,0.7000000000000001,1.4000000000000001,1.8,-0.4,4.6000000000000005,11.0,31.799999999999997,-10.600000000000001,5.8,16
13483,226026.0,0.6000000000000001,1.2000000000000002,1.7000000000000002,-0.5,4.5,10.9,30.699999999999996,-8.100000000000001,0.6000000000000001,16
13484,226043.0,0.1,0.8,1.8,-0.9,4.2,11.0,29.600000000000005,-6.300000000000001,-7.9,16
13485,226059.0,0.0,0.7000000000000001,1.8,-0.8,4.5,10.600000000000001,36.300000000000004,-19.0,-12.9,16
13486,226077.0,0.2,1.1,1.1,-0.8,4.7,10.200000000000001,37.300000000000004,-24.599999999999998,-16.200000000000003,16
13487,226093.0,0.0,1.2000000000000002,0.5,-1.0,4.9,9.600000000000001,24.0,-17.200000000000003,-15.6,16
13488,226110.0,-0.1,1.3,1.2000000000000002,-1.1,5.0,10.3,-6.699999999999999,6.4,-11.700000000000001,16
13489,226126.0,-0.30000000000000004,1.2000000000000002,2.2,-1.4000000000000001,4.800000000000001,11.3,-23.700000000000003,17.5,-9.600000000000001,16
13490,226143.0,-0.5,0.7000000000000001,4.2,-1.6,4.2,13.4,-36.5,27.6,-1.4,16
13491,226160.0,0.2,-0.1,4.6000000000000005,-1.0,3.4000000000000004,13.8,-17.7,21.8,9.4,16
13492,226179.0,0.5,-0.4,3.9000000000000004,-0.6000000000000001,3.0,13.200000000000001,-4.7,15.100000000000001,11.6,16
13493,226194.0,1.3,-0.7000000000000001,1.9000000000000001,0.1,2.8000000000000003,11.200000000000001,13.700000000000001,-7.500000000000001,6.4,16
13494,226209.0,1.6,-0.6000000000000001,0.0,0.6000000000000001,2.9000000000000004,9.3,13.000000000000002,-25.4,-9.3,16
13495,226226.0,1.6,-0.6000000000000001,-0.6000000000000001,0.5,3.0,8.700000000000001,5.500000000000001,-25.5,-16.8,16
13496,226243.0,1.0,-0.4,-0.9,0.0,3.1,8.4,-12.0,-13.5,-26.700000000000003,16
13497,226259.0,0.4,-0.2,-0.2,-0.6000000000000001,3.3000000000000003,9.1,-24.1,11.4,-25.6,16
13498,226277.0,0.4,-0.2,0.30000000000000004,-0.7000000000000001,3.2,9.600000000000001,-24.0,22.4,-21.200000000000003,16
13499,226293.0,0.4,-0.9,1.0,-0.8,2.4000000000000004,10.3,-7.699999999999999,37.1,-13.3,16
13500,226309.0,0.5,-1.6,0.30000000000000004,-0.8,1.7000000000000002,9.600000000000001,20.1,36.300000000000004,-14.800000000000002,16
13501,226328.0,0.5,-1.8,-0.4,-0.9,1.6,7.9,32.300000000000004,28.700000000000003,-18.0,16
13502,226343.0,0.7000000000000001,-1.7000000000000002,-2.3000000000000003,-0.7000000000000001,1.8,6.9,45.6,0.8,-25.900000000000002,16
13503,226359.0,0.8,-1.6,-3.7,-0.6000000000000001,2.0,5.4,37.800000000000004,-29.400000000000002,-30.799999999999997,16
13504,226376.0,0.9,-1.4000000000000001,-4.0,-0.5,2.3000000000000003,5.1000000000000005,27.6,-36.7,-31.799999999999997,16
13505,226393.0,0.8,-1.0,-3.5,-0.6000000000000001,2.6,5.6000000000000005,9.2,-35.4,-35.8,16
13506,226410.0,0.4,-0.5,-2.7,-0.8,3.1,6.300000000000001,2.3,-23.900000000000006,-35.4,16
13507,226426.0,0.2,-0.2,-2.4000000000000004,-1.0,3.4000000000000004,6.7,1.2000000000000002,-17.7,-31.0,16
13508,226443.0,0.0,0.0,-1.7000000000000002,-1.3,3.6,7.300000000000001,-1.4,-9.5,-15.5,16
13509,226460.0,0.1,0.1,-0.8,-1.2000000000000002,3.7,8.3,-2.8,0.7,-1.1,16
13510,226483.0,0.0,0.0,-0.30000000000000004,-1.3,3.6,8.700000000000001,-0.1,11.000000000000002,5.300000000000001,16
13511,226493.0,0.0,-0.2,0.1,-1.3,3.4000000000000004,9.1,3.3000000000000007,14.400000000000002,5.6,16
13512,226509.0,-0.2,-0.30000000000000004,0.5,-1.5,3.4000000000000004,9.5,12.200000000000001,23.2,4.6,16
13513,226526.0,-0.30000000000000004,-0.30000000000000004,0.8,-1.7000000000000002,3.4000000000000004,9.700000000000001,16.900000000000002,27.2,2.9,16
13514,226544.0,-0.5,-0.30000000000000004,0.8,-2.0,3.4000000000000004,9.8,25.5,30.200000000000003,-0.30000000000000004,16
13515,226561.0,-0.6000000000000001,-0.2,0.4,-2.2,3.6,9.3,32.9,22.3,-2.3,16
13516,226577.0,-0.7000000000000001,-0.30000000000000004,0.2,-2.3000000000000003,3.7,8.8,34.7,18.8,-2.2,16
13517,226593.0,-0.6000000000000001,-0.2,-0.2,-2.3000000000000003,3.8000000000000003,8.6,32.1,20.7,3.1,16
13518,226609.0,-0.30000000000000004,-0.1,-0.2,-2.0,3.9000000000000004,8.5,26.300000000000004,26.5,8.2,16
13519,226626.0,-0.30000000000000004,-0.30000000000000004,0.1,-2.1,3.8000000000000003,8.8,27.0,28.0,6.9,16
13520,226643.0,-0.5,-0.2,-0.1,-2.4000000000000004,4.0,8.5,20.8,39.2,4.300000000000001,16
13521,226660.0,-0.9,-0.5,0.2,-2.9000000000000004,3.7,8.9,5.9,43.70000000000001,-0.2,16
13522,226678.0,-1.5,-1.0,1.1,-3.7,3.1,9.700000000000001,-15.5,52.2,-0.30000000000000004,16
13523,226693.0,-2.0,-1.1,1.8,-4.3,3.0,10.4,-30.4,55.0,-1.4,16
13524,226709.0,-3.1,-1.2000000000000002,3.5,-5.6000000000000005,2.7,12.200000000000001,-62.6,51.6,2.5,16
13525,226727.0,-3.1,-1.4000000000000001,5.300000000000001,-5.6000000000000005,2.3000000000000003,14.100000000000001,-74.60000000000001,27.700000000000003,19.6,16
13526,226743.0,-2.5,-1.6,5.300000000000001,-5.1000000000000005,2.0,14.200000000000001,-67.7,9.899999999999999,26.9,16
13527,226766.0,-1.2000000000000002,-1.8,3.6,-3.7,1.6,12.600000000000001,-40.9,-29.800000000000004,25.900000000000002,16
13528,226777.0,-0.6000000000000001,-2.2,1.8,-2.9000000000000004,1.3,10.8,-8.600000000000001,-63.599999999999994,3.7000000000000006,16
13529,226793.0,-0.6000000000000001,-2.2,0.9,-2.8000000000000003,1.3,10.0,7.400000000000001,-67.5,-9.100000000000001,16
13530,226810.0,-1.2000000000000002,-1.7000000000000002,-0.8,-3.3000000000000003,1.8,8.3,28.900000000000002,-49.0,-28.700000000000003,16
13531,226826.0,-1.9000000000000001,-1.4000000000000001,-2.2,-4.0,2.1,6.800000000000001,29.600000000000005,-19.200000000000003,-28.0,16
13532,226843.0,-2.1,-1.1,-2.6,-4.2,2.4000000000000004,6.4,23.3,-6.2,-19.400000000000002,16
13533,226859.0,-1.8,-0.8,-3.0,-3.9000000000000004,2.8000000000000003,5.9,5.8,4.6,6.0,16
13534,226878.0,-1.1,-0.8,-3.2,-3.1,2.8000000000000003,5.800000000000001,-9.8,2.3,29.900000000000006,16
13535,226893.0,-0.7000000000000001,-0.9,-3.3000000000000003,-2.8000000000000003,2.7,5.6000000000000005,-15.700000000000001,-2.3,38.2,16
13536,226909.0,0.0,-1.1,-3.4000000000000004,-1.9000000000000001,2.4000000000000004,5.6000000000000005,-23.700000000000003,-15.000000000000002,46.300000000000004,16
13537,226926.0,0.4,-1.1,-3.4000000000000004,-1.2000000000000002,2.4000000000000004,5.6000000000000005,-25.8,-19.1,46.0,16
13538,226943.0,0.7000000000000001,-1.0,-3.3000000000000003,-1.0,2.4000000000000004,5.7,-24.900000000000002,-29.1,37.1,16
13539,226959.0,0.7000000000000001,-0.8,-3.1,-0.9,2.5,5.9,-20.7,-34.300000000000004,25.200000000000003,16
13540,226976.0,0.5,-0.30000000000000004,-2.8000000000000003,-0.9,3.1,6.2,-14.400000000000002,-38.1,18.4,16
13541,226993.0,0.5,0.1,-2.6,-0.9,3.4000000000000004,6.4,-10.200000000000001,-38.7,17.799999999999997,16
13542,227009.0,0.6000000000000001,0.9,-2.2,-0.7000000000000001,4.2,6.800000000000001,2.1,-35.2,23.800000000000004,16
13543,227027.0,0.6000000000000001,1.2000000000000002,-2.0,-0.4,4.9,7.1000000000000005,13.5,-25.7,33.2,16
13544,227043.0,0.7000000000000001,1.7000000000000002,-1.8,-0.30000000000000004,5.1000000000000005,7.2,15.700000000000001,-15.5,37.7,16
13545,227063.0,0.9,2.0,-1.6,-0.1,5.5,7.4,9.700000000000001,11.8,46.300000000000004,16
13546,227077.0,1.8,1.8,-0.6000000000000001,0.8,5.4,8.3,-4.9,29.200000000000003,49.199999999999996,16
13547,227093.0,2.2,1.8,0.0,1.1,5.300000000000001,8.9,-15.2,31.799999999999997,43.800000000000004,16
13548,227110.0,2.3000000000000003,2.0,2.0,1.2000000000000002,5.4,11.0,-26.9,24.1,24.0,16
13549,227126.0,2.0,2.1,3.2,0.9,5.5,12.3,-19.6,10.200000000000001,5.2,16
13550,227143.0,1.7000000000000002,2.0,3.3000000000000003,0.7000000000000001,5.4,12.3,-10.4,3.4,-3.4,16
13551,227161.0,1.4000000000000001,2.0,3.1,0.30000000000000004,5.4,12.200000000000001,12.5,3.7000000000000006,-18.5,16
13552,227176.0,1.3,2.0,2.6,0.1,5.5,11.700000000000001,30.200000000000003,23.800000000000004,-31.2,16
13553,227194.0,1.2000000000000002,2.0,2.3000000000000003,-0.1,5.6000000000000005,11.3,36.7,36.300000000000004,-38.0,16
13554,227209.0,1.2000000000000002,2.2,2.1,-0.30000000000000004,5.9,11.0,48.70000000000001,55.8,-50.7,16
13555,227226.0,1.0,2.4000000000000004,1.1,-0.7000000000000001,6.300000000000001,9.9,55.3,67.10000000000001,-55.400000000000006,16
13556,227246.0,0.4,2.6,0.5,-1.6,6.6000000000000005,9.3,46.1,73.6,-51.800000000000004,16
13557,227259.0,-0.9,2.3000000000000003,0.30000000000000004,-3.1,6.4,9.0,33.50000000000001,72.7,-44.5,16
13558,227276.0,0.4,3.4000000000000004,1.8,-2.0,7.5,10.4,2.2,67.2,-24.1,16
13559,227294.0,-0.4,2.3000000000000003,3.3000000000000003,-2.9000000000000004,6.300000000000001,12.0,-28.3,44.300000000000004,-4.4,16
13560,227309.0,0.7000000000000001,2.0,4.3,-1.9000000000000001,6.0,13.0,-34.1,22.1,7.300000000000001,16
13561,227327.0,2.2,0.9,5.0,-0.4,4.9,13.8,-20.0,-27.9,11.1,16
13562,227343.0,3.1,0.7000000000000001,4.6000000000000005,0.6000000000000001,4.7,13.4,-5.0,-49.9,6.0,16
13563,227359.0,3.2,0.30000000000000004,2.8000000000000003,1.0,4.3,11.700000000000001,21.300000000000004,-73.5,-14.300000000000002,16
13564,227376.0,3.0,0.8,1.6,1.0,4.800000000000001,10.5,29.700000000000006,-65.4,-29.0,16
13565,227393.0,2.5,0.6000000000000001,1.3,0.6000000000000001,4.7,10.3,29.300000000000004,-52.400000000000006,-34.800000000000004,16
13566,227409.0,1.9000000000000001,0.7000000000000001,1.5,0.0,4.800000000000001,10.4,24.400000000000002,-23.800000000000004,-35.8,16
13567,227426.0,1.0,0.2,1.5,-0.8,4.5,10.4,25.6,-3.6000000000000005,-28.600000000000005,16
13568,227443.0,0.8,0.0,1.3,-1.1,3.9000000000000004,10.0,26.5,0.1,-21.8,16
13569,227461.0,0.9,-0.9,0.9,-1.0,3.4000000000000004,9.8,29.800000000000004,-11.1,-10.299999999999999,16
13570,227476.0,1.3,-1.9000000000000001,0.30000000000000004,-0.5,2.5,9.1,36.9,-40.6,-10.200000000000001,16
13571,227493.0,1.5,-2.3000000000000003,-0.1,0.0,1.9000000000000001,8.200000000000001,42.5,-57.60000000000001,-15.2,16
13572,227510.0,1.6,-2.9000000000000004,-1.2000000000000002,0.1,1.7000000000000002,7.6000000000000005,57.20000000000001,-84.6,-32.5,16
13573,227526.0,1.3,-3.2,-2.5,0.0,1.6,6.2,69.9,-97.7,-52.7,16
13574,227543.0,0.9,-3.1,-3.0,-0.5,1.8,5.300000000000001,72.4,-93.8,-60.7,16
13575,227559.0,0.4,-3.0,-3.5,-0.7000000000000001,1.9000000000000001,5.0,73.10000000000001,-71.6,-67.9,16
13576,227576.0,0.0,-2.8000000000000003,-3.6,-1.0,2.4000000000000004,4.7,72.9,-46.6,-67.5,16
13577,227593.0,0.0,-2.2,-3.6,-1.1,3.1,4.6000000000000005,71.9,-35.699999999999996,-64.80000000000001,16
13578,227609.0,0.0,-2.0,-3.7,-1.1,3.4000000000000004,4.4,66.0,-22.2,-55.3,16
13579,227626.0,0.0,-1.3,-3.7,-1.1,4.2,4.3,50.60000000000001,-15.700000000000001,-45.2,16
13580,227643.0,0.1,-0.7000000000000001,-2.2,-1.1,4.9,5.7,27.099999999999998,-7.0,-36.1,16
13581,227660.0,-0.2,-0.6000000000000001,-1.2000000000000002,-1.4000000000000001,5.0,6.800000000000001,15.899999999999999,-1.8000000000000003,-31.9,16
13582,227681.0,-1.0,-0.6000000000000001,0.6000000000000001,-2.3000000000000003,5.0,8.5,3.8,1.6,-24.0,16
13583,227693.0,-1.3,-0.6000000000000001,1.1,-2.7,5.1000000000000005,9.200000000000001,3.0,-1.8000000000000003,-17.6,16
13584,227710.0,-1.4000000000000001,-0.7000000000000001,1.3,-2.7,4.9,9.3,3.5,-18.700000000000003,-2.2,16
13585,227727.0,-0.7000000000000001,-1.1,1.3,-1.9000000000000001,4.6000000000000005,9.200000000000001,5.500000000000001,-54.699999999999996,5.2,16
13586,227743.0,-0.7000000000000001,-0.9,0.1,-1.6,4.7,8.1,8.4,-77.3,1.5,16
13587,227759.0,-0.9,-0.6000000000000001,-0.30000000000000004,-1.7000000000000002,5.0,7.6000000000000005,4.9,-75.3,0.8,16
13588,227777.0,-1.5,-0.6000000000000001,-0.4,-2.1,5.0,7.5,-6.2,-56.10000000000001,2.8,16
13589,227793.0,-1.5,-0.7000000000000001,-0.2,-2.0,4.9,7.800000000000001,-13.6,-31.3,3.4,16
13590,227809.0,-1.4000000000000001,-0.7000000000000001,-0.1,-1.9000000000000001,4.9,7.9,-15.5,-21.0,0.8,16
13591,227827.0,-1.5,-0.8,0.0,-2.1,4.6000000000000005,8.1,-20.3,-4.7,-9.700000000000001,16
13592,227843.0,-2.0,-0.7000000000000001,-0.30000000000000004,-2.6,4.7,7.800000000000001,-33.7,6.4,-16.1,16
13593,227859.0,-2.2,-0.7000000000000001,-0.5,-2.9000000000000004,4.6000000000000005,7.6000000000000005,-48.800000000000004,13.000000000000002,-14.100000000000001,16
13594,227878.0,-3.0,-1.1,0.7000000000000001,-3.7,4.0,9.0,-97.8,22.4,-5.7,16
13595,227893.0,-3.5,-1.6,4.0,-4.3,3.1,12.600000000000001,-131.7,13.399999999999999,4.5,16
13596,227909.0,-3.3000000000000003,-1.5,5.5,-4.1000000000000005,3.0,14.100000000000001,-128.3,5.0,8.700000000000001,16
13597,227926.0,-2.3000000000000003,-1.3,6.2,-3.1,2.9000000000000004,15.100000000000001,-82.50000000000001,-11.000000000000002,13.3,16
13598,227943.0,-1.4000000000000001,-1.5,4.0,-2.1,2.6,12.9,-26.000000000000004,-9.0,8.0,16
13599,227960.0,-1.1,-1.6,2.4000000000000004,-1.8,2.5,11.4,-6.1000000000000005,-0.9000000000000001,2.0,16
13600,227979.0,-0.7000000000000001,-1.4000000000000001,0.1,-1.6,2.7,9.1,10.8,31.2,-10.5,16
13601,227993.0,-0.9,-1.0,-1.5,-1.9000000000000001,3.0,7.4,10.8,64.10000000000001,-15.2,16
13602,228009.0,-1.0,-0.9,-2.1,-2.2,3.1,6.800000000000001,5.0,74.10000000000001,-13.3,16
13603,228026.0,-0.8,-0.8,-2.9000000000000004,-2.2,3.3000000000000003,6.0,-11.6,78.2,-1.3,16
13604,228043.0,-0.30000000000000004,-0.9,-3.1,-2.0,3.1,5.7,-27.800000000000004,67.7,15.8,16
13605,228061.0,0.30000000000000004,-1.0,-3.4000000000000004,-1.4000000000000001,2.8000000000000003,5.4,-38.60000000000001,44.7,29.700000000000006,16
13606,228076.0,0.7000000000000001,-1.0,-3.7,-1.1,2.8000000000000003,5.1000000000000005,-42.400000000000006,31.5,33.800000000000004,16
13607,228093.0,1.3,-0.8,-3.8000000000000003,-0.5,2.9000000000000004,5.0,-46.199999999999996,11.900000000000002,34.50000000000001,16
13608,228109.0,1.5,-0.6000000000000001,-3.9000000000000004,-0.30000000000000004,3.0,5.0,-45.400000000000006,8.899999999999999,32.1,16
13609,228126.0,1.4000000000000001,-0.30000000000000004,-3.9000000000000004,-0.4,3.2,5.0,-38.300000000000004,13.399999999999999,25.200000000000003,16
13610,228143.0,1.2000000000000002,0.1,-3.9000000000000004,-0.6000000000000001,3.6,4.9,-29.1,28.3,21.900000000000002,16
13611,228159.0,1.1,0.5,-4.0,-0.8,4.2,5.0,-27.6,37.0,22.2,16
13612,228179.0,1.1,1.2000000000000002,-3.6,-0.8,4.6000000000000005,5.2,-31.2,51.4,27.2,16
13613,228194.0,1.9000000000000001,1.7000000000000002,-2.4000000000000004,-0.2,4.9,6.4,-39.9,58.1,30.699999999999996,16
13614,228209.0,1.7000000000000002,1.9000000000000001,-0.6000000000000001,-0.5,5.0,8.200000000000001,-47.900000000000006,57.3,27.700000000000003,16
13615,228226.0,1.2000000000000002,2.2,0.6000000000000001,-1.1,5.2,9.4,-72.30000000000001,46.4,16.700000000000003,16
13616,228243.0,0.2,2.8000000000000003,4.1000000000000005,-2.1,5.6000000000000005,13.0,-87.40000000000002,18.0,14.300000000000002,16
13617,228263.0,-0.1,2.5,7.4,-2.4000000000000004,5.1000000000000005,16.400000000000002,-64.9,-23.900000000000006,15.8,16
13618,228278.0,0.0,2.3000000000000003,8.200000000000001,-2.2,4.9,17.3,-40.0,-47.60000000000001,12.8,16
13619,228329.0,0.4,2.2,4.2,-1.2000000000000002,5.0,12.700000000000001,65.5,-83.60000000000001,-25.0,16
13620,228343.0,-0.1,2.0,2.9000000000000004,-1.4000000000000001,5.1000000000000005,12.200000000000001,71.5,-59.60000000000001,-40.800000000000004,16
13621,228392.0,-0.9,1.3,1.6,-2.1,5.1000000000000005,9.600000000000001,85.80000000000001,-19.400000000000002,-55.3,16
13622,228409.0,-0.9,2.1,-1.7000000000000002,-2.2,6.0,7.300000000000001,75.3,-13.000000000000002,-48.0,16
13623,228426.0,-1.3,2.4000000000000004,-2.0,-2.7,6.4,6.9,57.60000000000001,-8.4,-40.4,16
13624,228443.0,-1.7000000000000002,2.9000000000000004,-1.4000000000000001,-3.1,7.0,7.5,18.8,4.0,-15.5,16
13625,228459.0,-0.9,2.6,-0.2,-2.3000000000000003,6.7,8.700000000000001,-13.3,20.900000000000002,14.5,16
13626,228476.0,-0.4,2.0,0.4,-1.8,6.1000000000000005,9.4,-26.000000000000004,20.5,26.200000000000003,16
13627,228493.0,1.1,1.0,1.9000000000000001,-0.30000000000000004,5.1000000000000005,10.9,-42.400000000000006,-8.899999999999999,37.400000000000006,16
13628,228509.0,2.6,0.4,3.5,1.4000000000000001,4.3,12.600000000000001,-34.900000000000006,-53.9,31.7,16
13629,228526.0,3.3000000000000003,0.30000000000000004,3.8000000000000003,2.3000000000000003,4.2,12.9,-20.2,-71.6,22.5,16
13630,228543.0,3.6,0.30000000000000004,2.9000000000000004,2.9000000000000004,4.2,12.100000000000001,17.0,-82.10000000000001,-3.5,16
13631,228562.0,3.3000000000000003,0.30000000000000004,1.6,2.7,4.3,10.700000000000001,40.800000000000004,-64.7,-27.400000000000002,16
13632,228579.0,2.6,0.0,1.1,2.1,4.2,10.200000000000001,51.2,-35.4,-45.0,16
13633,228593.0,2.2,-0.1,1.0,1.8,4.1000000000000005,10.100000000000001,55.3,-21.6,-50.900000000000006,16
13634,228609.0,1.7000000000000002,-0.8,0.8,1.2000000000000002,3.6,9.700000000000001,65.3,-4.4,-59.300000000000004,16
13635,228626.0,1.5,-1.3,0.6000000000000001,1.0,3.3000000000000003,9.5,70.0,-2.5,-62.4,16
13636,228643.0,1.0,-2.0,0.0,0.4,2.8000000000000003,8.8,76.60000000000001,-14.5,-69.00000000000001,16
13637,228659.0,0.30000000000000004,-2.4000000000000004,-0.4,-0.30000000000000004,2.6,8.200000000000001,76.80000000000001,-34.2,-72.7,16
13638,228677.0,0.1,-2.5,-0.7000000000000001,-0.6000000000000001,2.5,7.9,78.2,-41.900000000000006,-72.4,16
13639,228693.0,-0.1,-2.8000000000000003,-1.5,-0.7000000000000001,2.5,7.0,81.2,-50.3,-69.00000000000001,16
13640,228709.0,-0.2,-2.8000000000000003,-2.0,-0.8,2.6,5.9,79.1,-50.60000000000001,-64.60000000000001,16
13641,228726.0,-0.30000000000000004,-2.7,-2.9000000000000004,-0.8,2.8000000000000003,5.4,74.10000000000001,-49.6,-61.39999999999999,16
13642,228742.0,-0.6000000000000001,-2.4000000000000004,-2.9000000000000004,-1.2000000000000002,3.3000000000000003,5.2,56.400000000000006,-42.800000000000004,-51.6,16
13643,228759.0,-0.30000000000000004,-2.1,-2.7,-0.8,3.7,5.300000000000001,37.50000000000001,-29.1,-35.8,16
13644,228776.0,0.0,-2.1,-2.3000000000000003,-0.30000000000000004,3.7,6.1000000000000005,29.1,-23.700000000000003,-29.900000000000006,16
13645,228793.0,0.4,-2.0,-1.5,-0.2,3.8000000000000003,6.4,18.700000000000003,-16.3,-25.8,16
13646,228809.0,0.30000000000000004,-1.7000000000000002,-1.2000000000000002,-0.30000000000000004,4.1000000000000005,6.7,12.8,-13.700000000000001,-25.1,16
13647,228826.0,0.1,-1.6,-0.9,-0.5,4.3,7.0,8.5,-13.000000000000002,-25.1,16
13648,228843.0,-0.5,-1.3,0.30000000000000004,-1.0,4.5,8.1,7.0,-10.299999999999999,-23.099999999999998,16
13649,228859.0,-0.8,-1.3,0.6000000000000001,-1.4000000000000001,4.6000000000000005,8.5,18.3,-6.4,-17.9,16
13650,228876.0,-0.7000000000000001,-1.3,0.4,-1.2000000000000002,4.6000000000000005,7.6000000000000005,25.200000000000003,-8.5,-15.100000000000001,16
13651,228893.0,-0.4,-1.4000000000000001,-0.8,-1.0,4.6000000000000005,6.9,33.50000000000001,-22.6,-12.8,16
13652,228911.0,-0.30000000000000004,-1.2000000000000002,-2.0,-0.8,4.9,5.6000000000000005,30.1,-30.200000000000003,-15.899999999999999,16
13653,228926.0,-0.5,-1.0,-2.3000000000000003,-1.3,5.1000000000000005,5.2,23.700000000000003,-27.5,-18.0,16
13654,228943.0,-1.0,-0.8,-2.5,-1.5,5.300000000000001,5.1000000000000005,5.7,-13.000000000000002,-19.300000000000004,16
13655,228959.0,-1.4000000000000001,-0.4,-2.1,-2.0,5.6000000000000005,5.5,-17.5,5.9,-16.200000000000003,16
13656,228976.0,-1.4000000000000001,-0.30000000000000004,-1.1,-2.1,5.6000000000000005,6.6000000000000005,-28.500000000000004,13.900000000000002,-13.399999999999999,16
13657,228993.0,-1.4000000000000001,-0.5,-0.8,-2.1,5.4,6.9,-44.5,16.6,-11.2,16
13658,229009.0,-1.5,-0.5,-0.2,-2.2,5.300000000000001,7.6000000000000005,-58.800000000000004,13.3,-13.700000000000001,16
13659,229026.0,-2.0,-0.30000000000000004,0.2,-2.8000000000000003,5.2,8.1,-68.1,12.7,-15.5,16
13660,229043.0,-2.3000000000000003,-0.2,0.5,-3.2,5.2,8.5,-90.4,19.300000000000004,-11.900000000000002,16
13661,229059.0,-3.2,-0.2,2.3000000000000003,-4.2,4.9,10.600000000000001,-122.79999999999998,35.9,0.4,16
13662,229077.0,-2.7,-0.5,5.1000000000000005,-3.9000000000000004,4.2,13.600000000000001,-134.9,33.400000000000006,16.0,16
13663,229092.0,-2.0,-0.5,6.300000000000001,-3.1,4.0,14.9,-123.30000000000003,22.5,18.8,16
13664,229109.0,-0.5,-0.6000000000000001,6.300000000000001,-1.6,3.6,15.100000000000001,-67.60000000000001,-1.1,9.5,16
13665,229126.0,-0.30000000000000004,-0.7000000000000001,3.2,-1.4000000000000001,3.4000000000000004,12.100000000000001,-8.0,-9.100000000000001,-12.4,16
13666,229143.0,-0.4,-0.6000000000000001,1.6,-1.6,3.5,10.4,9.700000000000001,-5.1000000000000005,-23.0,16
13667,229159.0,-0.9,-0.5,-0.9,-2.1,3.7,7.9,24.1,14.600000000000001,-34.7,16
13668,229180.0,-1.3,-0.4,-2.6,-2.7,3.9000000000000004,6.2,18.3,37.9,-34.50000000000001,16
13669,229193.0,-1.5,-0.2,-3.0,-3.0,4.1000000000000005,5.800000000000001,10.5,48.0,-29.800000000000004,16
13670,229209.0,-1.7000000000000002,-0.1,-3.4000000000000004,-3.5,4.2,5.300000000000001,-10.4,59.1,-11.2,16
13671,229226.0,-1.4000000000000001,-0.2,-3.1,-3.3000000000000003,4.0,5.5,-32.5,56.10000000000001,15.700000000000001,16
13672,229242.0,-1.1,-0.30000000000000004,-2.8000000000000003,-3.0,3.8000000000000003,5.800000000000001,-40.300000000000004,50.0,28.800000000000004,16
13673,229259.0,-0.2,-0.6000000000000001,-2.7,-2.2,3.4000000000000004,6.0,-47.80000000000001,29.400000000000002,49.699999999999996,16
13674,229276.0,0.8,-0.6000000000000001,-2.3000000000000003,-1.1,3.3000000000000003,6.4,-48.800000000000004,6.699999999999999,58.1,16
13675,229293.0,1.1,-0.5,-2.2,-0.7000000000000001,3.3000000000000003,6.5,-45.6,-0.5,57.3,16
13676,229309.0,1.8,-0.2,-2.2,0.0,3.6,6.6000000000000005,-31.6,0.1,51.6,16
13677,229326.0,2.2,0.1,-2.4000000000000004,0.4,3.9000000000000004,6.4,-16.1,17.1,39.9,16
13678,229343.0,2.2,0.4,-2.4000000000000004,0.4,4.1000000000000005,6.300000000000001,-9.899999999999999,28.800000000000004,33.50000000000001,16
13679,229359.0,2.0,1.1,-2.7,0.1,4.800000000000001,6.0,-3.6000000000000005,57.00000000000001,24.5,16
13680,229376.0,2.0,1.8,-2.4000000000000004,0.0,5.5,6.300000000000001,-12.100000000000001,80.50000000000001,21.8,16
13681,229392.0,2.0,1.8,-2.4000000000000004,-0.1,5.7,6.800000000000001,-19.6,85.5,21.7,16
13682,229409.0,2.1,2.1,-0.2,-0.30000000000000004,5.7,8.4,-35.699999999999996,76.60000000000001,18.900000000000002,16
13683,229427.0,2.1,2.2,1.6,-0.4,5.800000000000001,10.200000000000001,-42.2,38.7,13.000000000000002,16
13684,229444.0,2.0,2.3000000000000003,2.1,-0.6000000000000001,5.9,11.100000000000001,-39.2,14.600000000000001,9.5,16
13685,229460.0,1.7000000000000002,2.5,2.5,-0.7000000000000001,6.0,11.200000000000001,-26.799999999999997,-28.200000000000003,5.300000000000001,16
13686,229476.0,2.0,2.6,2.3000000000000003,-0.30000000000000004,6.0,11.100000000000001,-12.9,-52.00000000000001,0.6000000000000001,16
13687,229494.0,2.2,2.6,2.0,-0.1,6.0,10.8,-7.400000000000001,-52.300000000000004,-4.5,16
13688,229509.0,1.7000000000000002,2.6,2.2,-0.4,6.0,11.0,-5.6,-35.4,-20.8,16
13689,229526.0,0.9,2.5,3.2,-1.1,5.9,12.100000000000001,-6.500000000000001,-7.0,-34.0,16
13690,229543.0,0.6000000000000001,2.2,3.9000000000000004,-1.7000000000000002,5.300000000000001,13.200000000000001,-2.3,6.0,-38.300000000000004,16
13691,229559.0,0.4,1.7000000000000002,4.0,-1.7000000000000002,5.2,13.0,20.5,6.500000000000001,-43.300000000000004,16
13692,229577.0,0.5,2.4000000000000004,2.7,-1.6,5.9,11.700000000000001,31.5,-17.1,-45.8,16
13693,229593.0,0.30000000000000004,2.7,2.5,-2.1,6.300000000000001,11.600000000000001,26.6,-26.300000000000004,-44.300000000000004,16
13694,229610.0,-0.1,2.7,3.2,-2.2,6.300000000000001,12.200000000000001,9.8,-31.3,-35.3,16
13695,229626.0,0.1,2.5,4.4,-2.0,6.1000000000000005,13.5,0.9000000000000001,-24.599999999999998,-24.900000000000002,16
13696,229642.0,0.4,2.2,4.800000000000001,-1.2000000000000002,5.300000000000001,14.3,0.5,-21.1,-21.0,16
13697,229659.0,1.3,1.0,5.300000000000001,-0.7000000000000001,4.6000000000000005,14.4,10.5,-26.9,-19.0,16
13698,229676.0,2.2,-0.4,4.5,0.4,3.3000000000000003,13.700000000000001,35.8,-51.800000000000004,-30.200000000000003,16
13699,229693.0,2.5,-0.7000000000000001,2.0,0.9,3.2,11.100000000000001,65.89999999999999,-70.8,-51.6,16
13700,229709.0,2.4000000000000004,-0.5,0.7000000000000001,0.8,3.5,9.8,72.7,-70.10000000000001,-60.400000000000006,16
13701,229726.0,2.0,-0.4,-0.6000000000000001,0.6000000000000001,3.8000000000000003,8.4,69.60000000000001,-48.9,-70.3,16
13702,229744.0,1.6,-0.5,-0.5,0.2,3.8000000000000003,8.4,60.300000000000004,-23.3,-74.30000000000001,16
13703,229759.0,1.4000000000000001,-0.6000000000000001,-0.2,-0.1,3.7,8.700000000000001,58.0,-15.299999999999999,-75.5,16
13704,229776.0,1.0,-0.8,0.0,-0.6000000000000001,3.7,8.9,56.7,-14.200000000000001,-74.0,16
13705,229794.0,0.5,-1.1,0.4,-1.1,3.5,9.200000000000001,52.80000000000001,-29.900000000000006,-69.00000000000001,16
13706,229809.0,0.30000000000000004,-1.4000000000000001,0.6000000000000001,-1.3,3.3000000000000003,9.3,53.10000000000001,-40.6,-66.0,16
13707,229826.0,0.4,-2.0,0.1,-1.2000000000000002,2.8000000000000003,8.8,61.39999999999999,-58.1,-61.300000000000004,16
13708,229843.0,0.5,-2.5,-1.1,-0.9,2.4000000000000004,7.5,67.2,-63.4,-60.7,16
13709,229859.0,0.6000000000000001,-2.9000000000000004,-1.7000000000000002,-0.8,2.2,6.800000000000001,76.1,-69.60000000000001,-63.0,16
13710,229876.0,0.8,-3.3000000000000003,-3.0,-0.5,1.9000000000000001,5.4,80.0,-70.10000000000001,-70.5,16
13711,229893.0,0.8,-3.3000000000000003,-3.4000000000000004,-0.4,2.2,4.5,79.8,-52.60000000000001,-80.50000000000001,16
13712,229909.0,0.9,-3.0,-3.7,-0.4,2.4000000000000004,4.5,80.0,-37.0,-84.0,16
13713,229926.0,0.8,-2.9000000000000004,-3.2,-0.6000000000000001,2.7,4.7,81.8,3.4,-91.6,16
13714,229942.0,0.4,-2.2,-2.9000000000000004,-1.3,3.5,4.9,80.0,36.8,-92.60000000000001,16
13715,229959.0,0.1,-1.9000000000000001,-2.7,-1.8,4.0,5.0,74.80000000000001,47.5,-88.20000000000002,16
13716,229976.0,-0.30000000000000004,-1.1,-2.0,-2.5,4.9,5.5,52.900000000000006,51.50000000000001,-69.9,16
13717,229993.0,-0.9,-0.8,-0.6000000000000001,-3.2,5.1000000000000005,6.800000000000001,20.8,33.800000000000004,-46.1,16
13718,230009.0,-1.1,-0.9,0.1,-3.6,5.0,7.5,8.3,21.200000000000003,-34.2,16
13719,230029.0,-1.3,-1.3,1.1,-3.8000000000000003,4.7,8.5,-4.300000000000001,-10.600000000000001,-12.200000000000001,16
13720,230042.0,-1.3,-1.2000000000000002,1.2000000000000002,-3.7,4.6000000000000005,8.6,-6.1000000000000005,-38.300000000000004,1.1,16
13721,230059.0,-1.1,-1.5,1.2000000000000002,-3.4000000000000004,4.3,8.700000000000001,-6.300000000000001,-55.400000000000006,6.699999999999999,16
13722,230078.0,-0.6000000000000001,-1.6,1.0,-2.8000000000000003,4.3,8.5,-5.500000000000001,-65.6,7.699999999999999,16
13723,230093.0,-0.9,-1.0,-0.2,-2.9000000000000004,4.800000000000001,7.300000000000001,0.5,-46.7,4.5,16
13724,230110.0,-1.0,-1.0,-1.1,-2.9000000000000004,4.9,6.5,1.4,-28.500000000000004,6.4,16
13725,230126.0,-1.2000000000000002,-0.6000000000000001,-1.7000000000000002,-3.1,5.2,5.9,-22.2,-1.7,11.700000000000001,16
13726,230142.0,-1.5,-0.4,-0.6000000000000001,-3.4000000000000004,5.300000000000001,7.1000000000000005,-51.4,7.1000000000000005,11.6,16
13727,230159.0,-1.7000000000000002,-0.4,0.0,-3.6,5.2,7.7,-59.20000000000001,8.899999999999999,11.1,16
13728,230176.0,-2.2,-0.30000000000000004,0.8,-4.1000000000000005,5.2,8.6,-67.00000000000001,7.1000000000000005,13.8,16
13729,230192.0,-2.4000000000000004,-0.4,0.7000000000000001,-4.3,4.9,8.700000000000001,-75.3,-8.4,20.2,16
13730,230209.0,-2.3000000000000003,-0.30000000000000004,0.6000000000000001,-4.1000000000000005,4.9,8.700000000000001,-83.89999999999999,-20.900000000000002,24.400000000000002,16
13731,230226.0,-2.3000000000000003,0.0,1.3,-4.0,4.9,9.600000000000001,-111.9,-36.400000000000006,32.7,16
13732,230242.0,-2.1,0.30000000000000004,3.3000000000000003,-3.6,4.800000000000001,11.8,-132.2,-38.2,44.8,16
13733,230259.0,-1.7000000000000002,0.2,4.2,-3.2,4.5,12.9,-130.9,-39.8,49.300000000000004,16
13734,230276.0,-0.6000000000000001,-0.2,5.4,-1.9000000000000001,3.8000000000000003,14.3,-103.40000000000002,-48.10000000000001,44.6,16
13735,230293.0,0.1,-0.30000000000000004,5.1000000000000005,-1.0,3.6,14.100000000000001,-50.400000000000006,-48.0,19.200000000000003,16
13736,230309.0,-0.1,-0.30000000000000004,4.1000000000000005,-1.1,3.5,13.200000000000001,-21.400000000000002,-38.50000000000001,3.2,16
13737,230326.0,-0.8,-0.1,1.7000000000000002,-1.8,3.7,10.8,22.3,-1.2000000000000002,-21.7,16
13738,230343.0,-1.5,0.0,-0.4,-2.6,3.9000000000000004,8.6,40.4,38.2,-30.1,16
13739,230359.0,-1.7000000000000002,0.0,-1.2000000000000002,-3.0,4.0,7.800000000000001,40.1,50.7,-27.700000000000003,16
13740,230376.0,-1.9000000000000001,-0.1,-2.2,-3.4000000000000004,4.0,6.7,26.6,57.49999999999999,-11.8,16
13741,230392.0,-1.5,-0.4,-2.6,-3.1,3.7,6.300000000000001,7.699999999999999,45.7,11.5,16
13742,230409.0,-0.7000000000000001,-0.8,-2.9000000000000004,-2.4000000000000004,3.3000000000000003,5.9,0.0,34.2,22.8,16
13743,230426.0,-0.2,-0.9,-3.1,-1.9000000000000001,3.2,5.7,-11.000000000000002,8.899999999999999,40.1,16
13744,230443.0,0.6000000000000001,-1.0,-3.4000000000000004,-1.0,3.1,5.4,-18.1,-7.400000000000001,47.2,16
13745,230464.0,1.0,-0.9,-3.2,-0.5,3.1,5.6000000000000005,-17.9,-8.3,45.0,16
13746,230477.0,1.0,-0.8,-3.0,-0.5,3.3000000000000003,5.800000000000001,-14.600000000000001,-3.1,41.800000000000004,16
13747,230492.0,0.9,-0.4,-3.0,-0.5,3.6,5.800000000000001,-2.3,12.8,37.1,16
13748,230509.0,1.2000000000000002,0.2,-3.4000000000000004,-0.2,4.2,5.300000000000001,6.600000000000001,24.8,34.900000000000006,16
13749,230526.0,1.4000000000000001,0.5,-3.5,-0.1,4.5,5.2,5.500000000000001,27.400000000000002,32.8,16
13750,230543.0,1.3,1.3,-2.9000000000000004,-0.2,5.4,5.800000000000001,-4.6,24.599999999999998,27.400000000000002,16
13751,230559.0,0.8,1.9000000000000001,-2.0,-0.7000000000000001,6.0,6.6000000000000005,-13.900000000000002,25.1,27.700000000000003,16
13752,230576.0,0.8,2.2,-1.6,-0.8,6.300000000000001,7.1000000000000005,-19.400000000000002,26.9,31.2,16
13753,230593.0,0.8,2.4000000000000004,-0.2,-0.7000000000000001,6.4,8.5,-31.799999999999997,18.5,36.2,16
13754,230610.0,1.2000000000000002,2.4000000000000004,1.3,-0.30000000000000004,6.300000000000001,10.0,-34.60000000000001,-4.1,34.1,16
13755,230626.0,1.4000000000000001,2.3000000000000003,1.9000000000000001,0.0,6.300000000000001,10.700000000000001,-29.700000000000006,-17.300000000000004,29.500000000000004,16
13756,230643.0,1.5,2.4000000000000004,2.4000000000000004,0.30000000000000004,6.300000000000001,11.3,-11.000000000000002,-38.400000000000006,13.200000000000003,16
13757,230659.0,1.3,2.4000000000000004,2.4000000000000004,0.2,6.300000000000001,11.200000000000001,12.7,-42.800000000000004,-7.0,16
13758,230676.0,1.1,2.4000000000000004,2.1,0.1,6.4,11.0,24.8,-38.2,-16.6,16
13759,230693.0,0.7000000000000001,2.5,1.3,-0.30000000000000004,6.7,10.100000000000001,43.1,-18.200000000000003,-32.1,16
13760,230709.0,-0.1,2.3000000000000003,1.0,-1.2000000000000002,6.5,9.700000000000001,42.900000000000006,6.300000000000001,-41.0,16
13761,230728.0,-0.9,1.8,1.5,-2.1,6.1000000000000005,10.200000000000001,38.400000000000006,13.200000000000003,-42.60000000000001,16
13762,230742.0,-1.0,1.6,1.7000000000000002,-2.3000000000000003,6.0,10.4,33.0,13.100000000000001,-40.300000000000004,16
13763,230759.0,-0.5,1.4000000000000001,1.2000000000000002,-1.8,5.9,9.9,37.0,-3.4,-32.8,16
13764,230776.0,-0.1,1.6,0.5,-1.4000000000000001,6.1000000000000005,9.200000000000001,38.50000000000001,-19.400000000000002,-29.300000000000004,16
13765,230792.0,0.4,1.9000000000000001,-0.7000000000000001,-0.9,6.6000000000000005,7.9,27.099999999999998,-46.199999999999996,-19.300000000000004,16
13766,230809.0,0.5,2.4000000000000004,0.1,-0.6000000000000001,7.1000000000000005,8.700000000000001,3.8,-51.0,-7.400000000000001,16
13767,230826.0,0.7000000000000001,2.5,0.9,-0.30000000000000004,7.2,9.5,-4.7,-41.800000000000004,-0.2,16
13768,230843.0,1.9000000000000001,2.2,2.4000000000000004,1.0,6.9,11.0,-13.700000000000001,-12.8,9.4,16
13769,230859.0,3.0,1.7000000000000002,3.5,2.1,6.4,12.200000000000001,-6.600000000000001,-11.5,5.1000000000000005,16
13770,230877.0,3.2,1.4000000000000001,3.7,2.4000000000000004,6.1000000000000005,12.4,2.1,-20.7,-1.6,16
13771,230893.0,2.9000000000000004,1.0,3.4000000000000004,2.2,5.800000000000001,12.100000000000001,22.700000000000003,-42.1,-18.5,16
13772,230909.0,1.7000000000000002,0.9,2.7,1.1,5.7,11.4,38.7,-48.9,-30.5,16
13773,230926.0,1.2000000000000002,0.9,2.5,0.6000000000000001,5.800000000000001,11.200000000000001,42.60000000000001,-44.9,-31.9,16
13774,230943.0,0.4,0.6000000000000001,2.3000000000000003,-0.1,5.7,10.9,51.4,-33.50000000000001,-26.400000000000006,16
13775,230959.0,0.1,0.1,1.3,-0.30000000000000004,5.300000000000001,9.8,59.40000000000001,-25.7,-15.700000000000001,16
13776,230976.0,0.1,-0.30000000000000004,0.8,-0.4,5.0,9.3,60.2,-28.500000000000004,-11.2,16
13777,230992.0,0.0,-1.1,0.2,-0.30000000000000004,4.4,8.6,57.1,-44.00000000000001,-6.600000000000001,16
13778,231010.0,-0.6000000000000001,-1.8,0.0,-0.7000000000000001,3.9000000000000004,8.3,54.4,-54.6,-11.000000000000002,16
13779,231026.0,-1.1,-2.1,0.0,-1.2000000000000002,3.6,8.3,53.400000000000006,-55.1,-14.600000000000001,16
13780,231042.0,-2.0,-2.4000000000000004,0.30000000000000004,-2.0,3.4000000000000004,8.5,54.4,-49.9,-18.8,16
13781,231059.0,-2.5,-2.8000000000000003,0.2,-2.5,3.2,8.200000000000001,64.9,-39.599999999999994,-17.0,16
13782,231076.0,-2.6,-3.0,0.0,-2.6,2.9000000000000004,7.4,71.7,-33.7,-14.700000000000001,16
13783,231092.0,-2.7,-3.5,-0.8,-2.6,2.8000000000000003,7.0,79.5,-19.799999999999997,-11.2,16
13784,231109.0,-2.6,-3.6,-1.6,-2.6,2.9000000000000004,6.0,72.9,-8.5,-9.100000000000001,16
13785,231127.0,-2.4000000000000004,-3.5,-2.1,-2.4000000000000004,3.1,5.300000000000001,57.49999999999999,-2.1,-4.300000000000001,16
13786,231142.0,-2.2,-3.4000000000000004,-2.3000000000000003,-2.2,3.2,5.1000000000000005,48.400000000000006,0.4,-0.8,16
13787,231159.0,-1.9000000000000001,-3.4000000000000004,-2.5,-1.9000000000000001,3.3000000000000003,4.7,29.500000000000004,3.1,6.699999999999999,16
13788,231177.0,-1.6,-3.4000000000000004,-2.6,-1.5,3.3000000000000003,4.6000000000000005,11.4,5.4,13.000000000000002,16
13789,231192.0,-1.4000000000000001,-3.3000000000000003,-2.6,-1.4000000000000001,3.3000000000000003,4.6000000000000005,4.4,4.0,14.900000000000002,16
13790,231209.0,-1.1,-3.0,-2.5,-1.1,3.7,4.7,-4.4,0.7,17.400000000000002,16
13791,231226.0,-0.9,-2.7,-2.6,-0.7000000000000001,4.0,4.6000000000000005,-6.300000000000001,0.30000000000000004,19.400000000000002,16
13792,231243.0,-0.6000000000000001,-2.4000000000000004,-2.6,-0.5,4.1000000000000005,4.6000000000000005,-10.1,2.9,23.3,16
13793,231261.0,-0.4,-2.2,-2.2,-0.2,4.3,4.9,-13.8,1.9,22.4,16
13794,231276.0,-0.30000000000000004,-1.9000000000000001,-1.6,-0.1,4.6000000000000005,5.5,-11.1,-2.2,17.0,16
13795,231292.0,-0.30000000000000004,-1.9000000000000001,-1.5,-0.1,4.6000000000000005,5.7,-7.8,-1.9,13.900000000000002,16
13796,231309.0,0.0,-1.8,-1.4000000000000001,0.2,4.7,5.800000000000001,0.8,-2.3,7.0,16
13797,231326.0,0.0,-1.5,-1.2000000000000002,0.2,5.0,5.9,2.0,4.0,-0.1,16
13798,231342.0,0.1,-1.3,-0.9,0.30000000000000004,5.1000000000000005,6.300000000000001,-0.6000000000000001,8.4,-3.5,16
13799,231359.0,-0.30000000000000004,-1.3,0.1,-0.1,5.1000000000000005,7.300000000000001,-5.9,12.7,-16.6,16
13800,231376.0,-1.5,-0.9,1.2000000000000002,-1.5,5.5,8.4,-9.700000000000001,14.300000000000002,-32.400000000000006,16
13801,231392.0,-2.3000000000000003,-0.4,1.7000000000000002,-2.3000000000000003,6.0,9.0,-11.2,15.899999999999999,-34.800000000000004,16
13802,231409.0,-2.6,0.5,2.4000000000000004,-2.8000000000000003,6.800000000000001,9.700000000000001,-10.8,20.0,-21.300000000000004,16
13803,231426.0,-1.2000000000000002,0.30000000000000004,1.6,-1.4000000000000001,6.6000000000000005,8.9,-15.5,18.0,-4.7,16
13804,231443.0,-0.6000000000000001,0.4,1.2000000000000002,-0.8,6.6000000000000005,8.5,-26.400000000000006,16.8,-4.300000000000001,16
13805,231459.0,-0.5,0.6000000000000001,1.6,-0.8,6.800000000000001,9.0,-60.1,24.3,-11.000000000000002,16
13806,231476.0,-0.8,0.7000000000000001,3.1,-1.3,6.6000000000000005,10.700000000000001,-86.3,47.0,-14.400000000000002,16
13807,231492.0,-0.8,0.6000000000000001,3.9000000000000004,-1.4000000000000001,6.5,11.600000000000001,-92.0,58.900000000000006,-15.100000000000001,16
13808,231509.0,-0.8,0.30000000000000004,5.0,-1.6,5.9,13.0,-82.9,64.9,-20.0,16
13809,231526.0,-0.4,0.2,3.8000000000000003,-1.4000000000000001,5.6000000000000005,11.9,-52.2,47.80000000000001,-27.400000000000002,16
13810,231543.0,0.0,0.2,2.2,-1.1,5.6000000000000005,10.3,-39.50000000000001,36.400000000000006,-30.599999999999998,16
13811,231561.0,0.4,-0.1,-0.6000000000000001,-0.8,5.1000000000000005,7.5,-35.2,16.0,-38.300000000000004,16
13812,231576.0,-0.4,-0.1,-1.9000000000000001,-1.7000000000000002,5.0,6.300000000000001,-47.5,6.600000000000001,-38.400000000000006,16
13813,231595.0,-0.6000000000000001,-0.1,-2.2,-2.2,4.9,6.1000000000000005,-53.9,6.4,-32.5,16
13814,231609.0,-1.1,0.0,-2.2,-2.5,4.800000000000001,6.2,-64.80000000000001,17.400000000000002,-13.3,16
13815,231626.0,-0.7000000000000001,0.1,-2.1,-2.2,4.7,6.4,-68.4,31.2,10.700000000000001,16
13816,231645.0,-0.2,0.0,-2.0,-1.8,4.5,6.5,-66.7,39.0,23.099999999999998,16
13817,231659.0,0.1,0.0,-1.9000000000000001,-1.6,4.3,6.6000000000000005,-63.30000000000001,39.50000000000001,25.0,16
13818,231677.0,0.4,0.0,-1.9000000000000001,-1.3,4.2,6.7,-50.7,36.300000000000004,22.2,16
13819,231692.0,0.4,0.1,-2.0,-1.3,4.3,6.6000000000000005,-42.400000000000006,32.0,19.1,16
13820,231709.0,0.1,0.6000000000000001,-2.6,-1.6,4.6000000000000005,6.0,-26.6,26.200000000000003,16.0,16
13821,231726.0,0.1,1.1,-3.1,-1.7000000000000002,5.2,5.5,-17.9,31.5,21.8,16
13822,231742.0,0.30000000000000004,1.4000000000000001,-3.3000000000000003,-1.5,5.4,5.300000000000001,-15.299999999999999,34.60000000000001,25.5,16
13823,231759.0,0.9,2.1,-3.4000000000000004,-1.1,6.1000000000000005,5.1000000000000005,-17.9,37.6,32.400000000000006,16
13824,231776.0,1.2000000000000002,2.7,-2.9000000000000004,-0.8,6.7,5.7,-25.300000000000004,31.7,35.699999999999996,16
13825,231793.0,1.1,2.9000000000000004,-2.4000000000000004,-0.9,6.800000000000001,6.1000000000000005,-30.1,26.400000000000006,36.9,16
13826,231809.0,1.1,3.3000000000000003,-1.1,-0.9,7.2,7.5,-44.6,12.100000000000001,39.400000000000006,16
13827,231826.0,0.4,3.3000000000000003,1.4000000000000001,-1.6,7.1000000000000005,10.100000000000001,-63.4,2.0,39.300000000000004,16
13828,231842.0,0.1,3.2,2.9000000000000004,-1.8,6.9,11.600000000000001,-64.50000000000001,-5.4,39.1,16
13829,231859.0,0.2,2.9000000000000004,4.9,-1.6,6.5,13.700000000000001,-41.7,-17.9,38.2,16
13830,231876.0,0.8,2.2,4.9,-0.8,5.800000000000001,13.8,1.3,-32.2,28.500000000000004,16
13831,231892.0,1.0,2.1,4.1000000000000005,-0.6000000000000001,5.800000000000001,13.0,20.7,-41.800000000000004,18.0,16
13832,231909.0,0.7000000000000001,2.1,2.4000000000000004,-0.7000000000000001,5.9,11.200000000000001,42.800000000000004,-51.800000000000004,-4.1,16
13833,231926.0,0.0,2.0,1.8,-1.3,5.9,10.700000000000001,47.900000000000006,-39.0,-20.2,16
13834,231942.0,-0.8,1.3,1.8,-2.1,5.4,10.600000000000001,50.3,-27.400000000000002,-25.900000000000002,16
13835,231959.0,-1.1,1.0,1.8,-2.4000000000000004,5.2,10.600000000000001,56.10000000000001,-5.2,-33.800000000000004,16
13836,231976.0,-1.4000000000000001,1.0,1.2000000000000002,-2.8000000000000003,5.300000000000001,9.9,62.300000000000004,-0.7,-35.3,16
13837,231992.0,-1.4000000000000001,1.3,0.1,-2.9000000000000004,5.9,8.700000000000001,55.900000000000006,-1.4,-28.200000000000003,16
13838,232009.0,-1.6,1.5,-0.2,-3.0,6.1000000000000005,8.3,44.6,-2.1,-21.900000000000002,16
13839,232026.0,-1.6,1.9000000000000001,0.30000000000000004,-3.0,6.6000000000000005,8.8,8.899999999999999,-9.600000000000001,-4.4,16
13840,232042.0,-1.0,2.0,1.8,-2.4000000000000004,6.6000000000000005,10.4,-26.700000000000003,-20.2,15.2,16
13841,232059.0,-0.5,1.6,2.5,-1.9000000000000001,6.2,11.200000000000001,-38.7,-26.1,23.5,16
13842,232076.0,0.9,0.8,3.9000000000000004,-0.30000000000000004,5.300000000000001,12.700000000000001,-46.1,-39.599999999999994,30.4,16
13843,232092.0,1.9000000000000001,0.0,4.6000000000000005,0.9,4.4,13.5,-24.3,-51.50000000000001,21.1,16
13844,232109.0,2.4000000000000004,-0.30000000000000004,4.2,1.5,4.1000000000000005,13.100000000000001,-4.4,-53.10000000000001,12.5,16
13845,232126.0,2.9000000000000004,-0.4,2.2,2.1,4.1000000000000005,11.100000000000001,31.099999999999998,-40.5,-9.0,16
13846,232143.0,2.1,-0.4,0.9,1.5,4.2,9.8,43.2,-11.900000000000002,-29.500000000000004,16
13847,232159.0,1.8,-0.4,0.8,1.0,4.3,9.600000000000001,43.4,3.4,-34.800000000000004,16
13848,232176.0,1.4000000000000001,-0.5,1.0,0.6000000000000001,4.2,9.8,42.900000000000006,20.0,-39.2,16
13849,232192.0,1.1,-1.0,0.8,0.2,3.9000000000000004,9.5,45.400000000000006,9.700000000000001,-41.800000000000004,16
13850,232209.0,0.9,-1.2000000000000002,0.6000000000000001,0.0,3.7,9.3,46.6,-3.4,-43.1,16
13851,232226.0,0.5,-1.8,0.1,-0.4,3.2,8.700000000000001,48.800000000000004,-30.9,-46.7,16
13852,232242.0,0.30000000000000004,-2.4000000000000004,-0.8,-0.6000000000000001,2.8000000000000003,7.7,54.4,-47.0,-49.199999999999996,16
13853,232259.0,0.30000000000000004,-2.6,-1.4000000000000001,-0.5,2.6,7.1000000000000005,57.60000000000001,-49.6,-50.5,16
13854,232276.0,0.2,-3.0,-2.4000000000000004,-0.6000000000000001,2.4000000000000004,6.0,60.8,-48.2,-54.9,16
13855,232292.0,0.0,-3.2,-3.1,-0.8,2.3000000000000003,5.1000000000000005,61.39999999999999,-43.2,-60.5,16
13856,232309.0,-0.1,-3.3000000000000003,-3.5,-0.9,2.2,4.6000000000000005,60.900000000000006,-39.599999999999994,-62.4,16
13857,232326.0,-0.2,-3.3000000000000003,-4.3,-1.0,2.4000000000000004,3.7,53.50000000000001,-32.1,-63.8,16
13858,232342.0,-0.7000000000000001,-3.0,-4.5,-1.6,2.7,3.4000000000000004,34.7,-23.099999999999998,-61.39999999999999,16
13859,232359.0,-1.0,-2.7,-4.2,-1.9000000000000001,3.0,3.6,22.9,-17.200000000000003,-57.20000000000001,16
13860,232376.0,-1.1,-2.1,-3.5,-2.1,3.7,4.3,3.3000000000000007,-3.1,-42.800000000000004,16
13861,232395.0,-1.1,-1.8,-2.8000000000000003,-2.2,3.8000000000000003,5.0,-12.8,14.200000000000001,-25.4,16
13862,232409.0,-0.9,-1.8,-2.5,-2.0,3.8000000000000003,5.300000000000001,-20.599999999999998,18.1,-17.5,16
13863,232426.0,-0.7000000000000001,-1.7000000000000002,-1.9000000000000001,-2.0,3.8000000000000003,6.0,-37.50000000000001,15.000000000000002,-7.6,16
13864,232444.0,-0.9,-1.5,-0.8,-2.1,3.8000000000000003,7.1000000000000005,-53.400000000000006,3.1,-3.2,16
13865,232459.0,-1.0,-1.4000000000000001,-0.30000000000000004,-2.2,3.9000000000000004,7.7,-57.60000000000001,-5.300000000000001,-2.9,16
13866,232476.0,-1.0,-1.1,0.5,-2.2,4.1000000000000005,8.6,-54.300000000000004,-21.0,-2.5,16
13867,232493.0,-1.3,-0.8,0.9,-2.5,4.2,9.1,-39.599999999999994,-25.7,-4.6,16
13868,232509.0,-1.4000000000000001,-0.7000000000000001,0.7000000000000001,-2.6,4.3,8.9,-31.2,-24.400000000000002,-4.800000000000001,16
13869,232526.0,-1.5,-0.30000000000000004,0.2,-2.6,4.6000000000000005,8.4,-22.2,-10.8,-4.1,16
13870,232544.0,-1.4000000000000001,0.2,0.1,-2.5,5.0,8.4,-23.2,7.9,-1.6,16
13871,232559.0,-1.1,0.4,0.30000000000000004,-2.3000000000000003,5.2,8.6,-24.5,17.1,-1.3,16
13872,232576.0,-1.2000000000000002,0.8,0.8,-2.4000000000000004,5.5,9.200000000000001,-29.800000000000004,34.900000000000006,-7.1000000000000005,16
13873,232592.0,-1.7000000000000002,1.3,0.9,-3.1,5.9,9.3,-36.5,36.5,-10.5,16
13874,232609.0,-1.9000000000000001,1.7000000000000002,0.7000000000000001,-3.7,6.4,8.9,-44.2,33.1,-7.200000000000001,16
13875,232626.0,-2.1,2.2,0.4,-3.7,6.5,9.0,-82.3,28.700000000000003,10.0,16
13876,232642.0,-2.3000000000000003,1.6,2.9000000000000004,-4.0,5.6000000000000005,11.600000000000001,-141.9,30.9,32.6,16
13877,232659.0,-1.7000000000000002,0.6000000000000001,7.300000000000001,-3.4000000000000004,4.1000000000000005,16.3,-172.5,17.1,51.300000000000004,16
13878,232676.0,-0.9,0.2,9.4,-2.6,3.5,18.5,-163.80000000000004,1.8000000000000003,53.300000000000004,16
13879,232692.0,0.7000000000000001,0.1,10.8,-0.8,3.1,20.1,-89.30000000000001,-37.0,34.400000000000006,16
13880,232709.0,1.1,0.0,6.7,-0.30000000000000004,3.0,16.1,17.9,-48.2,-1.3,16
13881,232726.0,0.9,-0.1,3.8000000000000003,-0.4,3.0,13.200000000000001,59.20000000000001,-36.8,-18.200000000000003,16
13882,232742.0,0.4,-0.2,-1.0,-0.9,3.1,8.3,102.2,5.2,-42.5,16
13883,232761.0,-0.2,0.1,-4.2,-1.7000000000000002,3.7,5.0,97.3,48.300000000000004,-49.699999999999996,16
13884,232780.0,-0.8,0.4,-5.4,-2.5,4.2,3.6,59.1,71.9,-36.5,16
13885,232792.0,-1.0,0.4,-5.4,-2.9000000000000004,4.2,3.5,35.1,74.5,-23.400000000000002,16
13886,232809.0,-0.8,0.1,-4.7,-2.9000000000000004,4.0,4.2,-8.8,60.8,9.8,16
13887,232826.0,-0.6000000000000001,-0.1,-4.3,-2.7,3.7,4.5,-24.400000000000002,46.4,26.5,16
13888,232842.0,0.1,-0.5,-3.8000000000000003,-2.1,3.2,5.1000000000000005,-43.900000000000006,9.5,53.9,16
13889,232859.0,0.9,-0.6000000000000001,-3.5,-1.2000000000000002,3.1,5.4,-50.900000000000006,-15.8,70.10000000000001,16
13890,232877.0,1.2000000000000002,-0.6000000000000001,-3.2,-0.8,3.0,5.7,-49.4,-23.400000000000002,73.4,16
13891,232892.0,1.7000000000000002,-0.6000000000000001,-3.1,0.0,2.9000000000000004,5.800000000000001,-36.300000000000004,-29.500000000000004,71.9,16
13892,232909.0,1.8,-0.5,-3.3000000000000003,0.2,3.0,5.6000000000000005,-20.7,-23.700000000000003,61.9,16
13893,232926.0,1.7000000000000002,-0.30000000000000004,-3.3000000000000003,0.2,3.2,5.6000000000000005,-14.900000000000002,-17.300000000000004,56.2,16
13894,232942.0,1.6,0.2,-3.2,0.2,3.6,5.800000000000001,-7.8,-2.7,47.0,16
13895,232959.0,1.7000000000000002,0.6000000000000001,-2.4000000000000004,0.30000000000000004,4.0,6.5,-5.7,7.1000000000000005,40.1,16
13896,232976.0,1.6,0.7000000000000001,-1.7000000000000002,0.2,4.2,7.2,-5.0,8.4,35.9,16
13897,232992.0,1.3,0.8,-0.4,0.0,4.3,8.5,-5.6,7.200000000000001,27.400000000000002,16
13898,233009.0,1.1,1.2000000000000002,1.5,-0.2,4.6000000000000005,10.4,-16.0,-1.0,17.0,16
13899,233026.0,0.9,1.4000000000000001,2.7,-0.4,4.800000000000001,11.600000000000001,-18.0,-10.700000000000001,11.8,16
13900,233043.0,0.9,1.4000000000000001,4.5,-0.30000000000000004,4.800000000000001,13.5,-5.300000000000001,-41.800000000000004,4.2,16
13901,233059.0,1.0,1.3,4.800000000000001,0.0,4.7,13.9,22.6,-79.3,-7.699999999999999,16
13902,233077.0,1.1,1.2000000000000002,4.3,0.30000000000000004,4.800000000000001,13.4,38.800000000000004,-92.2,-15.100000000000001,16
13903,233092.0,1.1,1.1,2.9000000000000004,0.6000000000000001,4.800000000000001,12.0,62.199999999999996,-96.0,-32.8,16
13904,233109.0,0.9,0.9,2.1,0.6000000000000001,4.800000000000001,11.100000000000001,69.80000000000001,-82.50000000000001,-52.80000000000001,16
13905,233126.0,0.7000000000000001,0.6000000000000001,1.8,0.5,4.7,10.700000000000001,71.7,-69.5,-63.10000000000001,16
13906,233142.0,0.30000000000000004,0.30000000000000004,1.4000000000000001,0.1,4.6000000000000005,10.200000000000001,75.9,-39.400000000000006,-83.30000000000001,16
13907,233159.0,-0.7000000000000001,0.4,1.2000000000000002,-0.9,4.9,9.9,83.89999999999999,-15.000000000000002,-97.40000000000002,16
13908,233176.0,-1.0,0.6000000000000001,0.8,-1.3,5.300000000000001,9.5,87.80000000000001,-4.2,-97.89999999999999,16
13909,233193.0,-1.3,1.2000000000000002,-0.7000000000000001,-1.8,6.1000000000000005,7.9,80.7,9.2,-89.4,16
13910,233209.0,-1.7000000000000002,2.0,-1.3,-2.4000000000000004,7.1000000000000005,7.1000000000000005,45.6,6.600000000000001,-72.60000000000001,16
13911,233226.0,-2.1,2.4000000000000004,-1.1,-2.9000000000000004,7.4,7.300000000000001,20.5,3.2,-60.2,16
13912,233242.0,-2.2,2.8000000000000003,0.6000000000000001,-3.0,7.800000000000001,9.1,-36.7,1.1,-26.799999999999997,16
13913,233259.0,-0.5,2.0,3.4000000000000004,-1.3,6.800000000000001,12.0,-72.4,-6.699999999999999,1.3,16
13914,233276.0,0.6000000000000001,1.4000000000000001,4.800000000000001,-0.2,6.2,13.4,-74.89999999999999,-13.8,5.8,16
13915,233292.0,2.0,0.5,6.1000000000000005,1.3,5.1000000000000005,14.9,-50.0,-34.60000000000001,-7.400000000000001,16
13916,233309.0,1.7000000000000002,0.4,5.5,1.1,4.9,14.4,-4.5,-38.60000000000001,-36.9,16
13917,233326.0,1.4000000000000001,0.6000000000000001,4.4,0.7000000000000001,5.2,12.0,18.5,-31.9,-47.5,16
13918,233342.0,1.1,0.4,2.0,0.5,5.1000000000000005,10.8,48.6,-6.600000000000001,-59.20000000000001,16
13919,233362.0,0.7000000000000001,0.0,0.4,-0.1,4.9,9.1,57.800000000000004,13.000000000000002,-65.3,16
13920,233376.0,0.30000000000000004,-0.2,-0.2,-0.6000000000000001,4.7,8.6,59.1,15.100000000000001,-66.1,16
13921,233392.0,-0.1,-0.6000000000000001,-1.0,-1.1,4.4,7.6000000000000005,60.6,10.5,-61.199999999999996,16
13922,233409.0,0.1,-1.5,-2.0,-1.1,3.7,6.5,63.599999999999994,0.9000000000000001,-53.9,16
13923,233426.0,0.2,-1.9000000000000001,-2.5,-0.8,3.1,5.5,64.4,-4.300000000000001,-52.5,16
13924,233442.0,0.4,-2.6,-3.0,-0.9,2.8000000000000003,5.2,64.10000000000001,-9.2,-55.3,16
13925,233459.0,0.4,-3.1,-3.5,-1.0,2.5,4.6000000000000005,66.9,-7.6,-58.900000000000006,16
13926,233476.0,0.4,-3.2,-3.7,-1.2000000000000002,2.5,4.2,68.5,-4.2,-59.40000000000001,16
13927,233492.0,0.1,-3.1,-3.9000000000000004,-1.4000000000000001,2.7,3.9000000000000004,66.9,11.000000000000002,-55.3,16
13928,233509.0,0.0,-2.9000000000000004,-4.1000000000000005,-1.4000000000000001,3.3000000000000003,3.6,60.6,21.8,-41.199999999999996,16
13929,233526.0,1.2000000000000002,-2.2,-3.9000000000000004,-0.6000000000000001,3.8000000000000003,3.7,49.0,33.2,-21.8,16
13930,233542.0,1.6,-2.1,-3.4000000000000004,-0.30000000000000004,3.9000000000000004,4.0,40.2,39.300000000000004,-14.0,16
13931,233559.0,2.0,-2.0,-2.2,0.0,4.1000000000000005,5.1000000000000005,21.0,52.80000000000001,-5.500000000000001,16
13932,233576.0,1.1,-1.8,-0.9,-1.0,4.3,6.4,2.1,64.50000000000001,-4.4,16
13933,233592.0,0.4,-1.8,-0.1,-1.8,4.2,7.1000000000000005,-13.3,55.60000000000001,-2.2,16
13934,233609.0,0.30000000000000004,-2.3000000000000003,1.6,-2.0,3.7,8.9,-26.300000000000004,29.700000000000006,4.9,16
13935,233626.0,0.7000000000000001,-2.1,2.0,-1.6,3.8000000000000003,9.4,-25.7,-7.400000000000001,6.600000000000001,16
13936,233642.0,0.9,-2.0,1.8,-1.3,3.8000000000000003,9.3,-21.300000000000004,-28.500000000000004,5.0,16
13937,233659.0,0.9,-2.0,1.1,-1.2000000000000002,3.8000000000000003,8.6,-14.700000000000001,-57.60000000000001,-1.0,16
13938,233676.0,0.6000000000000001,-2.0,0.7000000000000001,-1.6,3.8000000000000003,7.9,-14.5,-68.3,-8.899999999999999,16
13939,233693.0,0.0,-1.7000000000000002,0.0,-1.8,4.1000000000000005,7.6000000000000005,-15.8,-69.10000000000001,-10.8,16
13940,233709.0,-0.1,-1.3,-0.2,-1.8,4.800000000000001,7.2,-18.1,-61.599999999999994,-11.000000000000002,16
13941,233726.0,-0.4,0.1,-0.8,-2.0,5.7,6.9,-27.6,-33.9,-12.7,16
13942,233742.0,-0.9,0.4,-0.7000000000000001,-2.5,6.0,7.1000000000000005,-36.2,-16.4,-14.400000000000002,16
13943,233759.0,-2.1,0.6000000000000001,0.1,-3.7,6.0,7.9,-51.4,5.8,-11.5,16
13944,233776.0,-2.7,1.2000000000000002,0.4,-4.4,6.4,8.4,-62.199999999999996,18.200000000000003,-4.7,16
13945,233792.0,-2.9000000000000004,1.2000000000000002,0.4,-4.7,6.4,8.4,-71.39999999999999,21.400000000000002,2.0,16
13946,233809.0,-3.3000000000000003,1.3,0.6000000000000001,-5.1000000000000005,6.2,8.8,-106.4,18.700000000000003,17.799999999999997,16
13947,233826.0,-3.6,1.3,1.0,-5.4,5.9,10.3,-152.70000000000002,5.6,40.5,16
13948,233842.0,-3.2,1.3,3.2,-5.0,5.6000000000000005,11.8,-167.40000000000003,-9.600000000000001,52.1,16
13949,233859.0,-2.2,1.2000000000000002,5.4,-3.8000000000000003,5.1000000000000005,14.3,-155.5,-44.8,62.0,16
13950,233876.0,-0.8,1.5,4.9,-2.2,5.1000000000000005,14.0,-100.80000000000001,-61.10000000000001,60.00000000000001,16
13951,233892.0,-0.30000000000000004,1.4000000000000001,4.2,-1.5,4.800000000000001,13.4,-70.8,-54.4,54.199999999999996,16
13952,233909.0,0.7000000000000001,1.1,2.3000000000000003,-0.4,4.5,11.5,-12.9,-15.5,34.7,16
13953,233926.0,1.1,0.8,0.0,0.0,4.3,9.200000000000001,27.700000000000003,42.900000000000006,11.2,16
13954,233942.0,1.0,0.7000000000000001,-1.0,-0.2,4.2,8.200000000000001,37.800000000000004,66.60000000000001,1.5,16
13955,233962.0,0.5,0.4,-2.0,-1.0,4.1000000000000005,7.1000000000000005,39.400000000000006,90.70000000000002,-6.699999999999999,16
13956,233976.0,0.5,0.1,-2.4000000000000004,-1.3,3.8000000000000003,6.6000000000000005,29.400000000000002,85.80000000000001,-0.8,16
13957,233992.0,0.7000000000000001,-0.2,-2.4000000000000004,-1.1,3.3000000000000003,6.4,22.9,73.8,4.4,16
13958,234009.0,1.2000000000000002,-0.7000000000000001,-2.5,-0.9,3.1,6.300000000000001,13.399999999999999,38.2,13.100000000000001,16
13959,234026.0,1.7000000000000002,-1.1,-2.9000000000000004,-0.4,2.8000000000000003,5.800000000000001,10.200000000000001,2.8,17.400000000000002,16
13960,234043.0,1.8,-1.2000000000000002,-3.2,-0.1,2.7,5.4,9.2,-10.5,17.5,16
13961,234059.0,1.8,-1.1,-3.5,0.0,2.8000000000000003,5.2,7.0,-26.700000000000003,14.100000000000001,16
13962,234076.0,1.7000000000000002,-0.7000000000000001,-3.6,-0.1,3.2,5.1000000000000005,6.1000000000000005,-26.799999999999997,7.8,16
13963,234092.0,1.4000000000000001,-0.5,-3.5,-0.6000000000000001,3.8000000000000003,5.300000000000001,7.300000000000001,-22.2,4.6,16
13964,234109.0,0.6000000000000001,0.2,-3.4000000000000004,-1.1,4.2,5.300000000000001,10.5,-6.0,1.5,16
13965,234126.0,-0.2,1.0,-3.2,-1.9000000000000001,5.0,5.5,5.4,11.2,10.8,16
13966,234142.0,-0.5,1.5,-2.7,-2.4000000000000004,5.800000000000001,6.6000000000000005,-2.1,17.0,19.1,16
13967,234159.0,-0.8,2.1,-1.2000000000000002,-2.6,6.1000000000000005,7.4,-20.0,17.799999999999997,36.5,16
13968,234176.0,-0.7000000000000001,2.2,0.30000000000000004,-2.4000000000000004,6.1000000000000005,9.0,-35.1,-6.0,47.900000000000006,16
13969,234193.0,-0.7000000000000001,2.6,1.4000000000000001,-2.2,6.5,10.100000000000001,-45.2,-52.60000000000001,51.800000000000004,16
13970,234209.0,-0.6000000000000001,2.7,1.8,-2.0,6.5,10.600000000000001,-46.7,-74.4,53.0,16
13971,234226.0,-0.5,2.9000000000000004,2.4000000000000004,-1.5,6.6000000000000005,11.3,-39.50000000000001,-97.40000000000002,55.900000000000006,16
13972,234243.0,0.0,2.7,2.6,-0.7000000000000001,6.4,11.600000000000001,-23.0,-84.1,56.9,16
13973,234259.0,0.30000000000000004,2.5,2.6,-0.2,6.2,11.700000000000001,-15.299999999999999,-67.5,54.800000000000004,16
13974,234278.0,1.6,2.0,3.5,1.3,5.6000000000000005,12.600000000000001,-2.5,-29.300000000000004,42.3,16
13975,234293.0,1.7000000000000002,0.7000000000000001,4.5,1.5,4.4,13.600000000000001,19.6,4.9,14.400000000000002,16
13976,234309.0,1.3,0.0,4.6000000000000005,1.0,3.8000000000000003,13.600000000000001,36.2,16.900000000000002,-1.1,16
13977,234326.0,0.0,-0.7000000000000001,3.2,-0.4,3.3000000000000003,12.200000000000001,74.0,10.5,-27.400000000000002,16
13978,234342.0,-1.3,-0.1,0.30000000000000004,-1.7000000000000002,4.2,9.200000000000001,87.40000000000002,-7.200000000000001,-30.3,16
13979,234359.0,-1.9000000000000001,0.2,-0.7000000000000001,-2.3000000000000003,4.6000000000000005,8.200000000000001,74.2,-3.6000000000000005,-20.0,16
13980,234376.0,-1.5,0.5,-1.2000000000000002,-1.9000000000000001,5.0,7.6000000000000005,23.400000000000002,5.8,10.200000000000001,16
13981,234392.0,-0.5,0.0,0.7000000000000001,-1.0,4.5,9.5,-31.0,6.0,31.799999999999997,16
13982,234410.0,0.0,-0.2,1.8,-0.4,4.1000000000000005,10.600000000000001,-45.400000000000006,-0.2,36.8,16
13983,234426.0,1.2000000000000002,-0.8,3.0,0.9,3.4000000000000004,11.9,-41.0,-21.200000000000003,31.2,16
13984,234442.0,1.5,-1.4000000000000001,2.3000000000000003,1.4000000000000001,2.8000000000000003,11.3,-8.700000000000001,-27.700000000000003,8.3,16
13985,234459.0,1.4000000000000001,-1.3,1.4000000000000001,1.3,2.9000000000000004,10.4,6.2,-21.300000000000004,-4.300000000000001,16
13986,234476.0,1.1,-0.8,-0.1,0.9,3.4000000000000004,8.9,16.900000000000002,12.4,-22.4,16
13987,234492.0,0.5,-0.6000000000000001,-0.7000000000000001,0.2,3.6,8.200000000000001,8.5,50.7,-25.7,16
13988,234509.0,0.30000000000000004,-0.5,-0.7000000000000001,-0.1,3.8000000000000003,8.3,-0.7,59.9,-24.599999999999998,16
13989,234526.0,0.2,-0.30000000000000004,0.1,-0.4,3.9000000000000004,9.0,-16.6,60.6,-19.200000000000003,16
13990,234543.0,0.1,-0.5,0.7000000000000001,-0.8,3.7,9.700000000000001,-17.1,47.60000000000001,-14.0,16
13991,234559.0,0.0,-0.8,0.7000000000000001,-0.9,3.3000000000000003,9.700000000000001,-11.8,38.50000000000001,-13.000000000000002,16
13992,234576.0,0.1,-1.3,0.0,-0.9,2.8000000000000003,9.0,3.7000000000000006,23.800000000000004,-15.700000000000001,16
13993,234592.0,0.2,-1.3,-0.8,-0.9,2.8000000000000003,8.1,13.000000000000002,25.1,-24.900000000000002,16
13994,234609.0,0.2,-1.2000000000000002,-1.2000000000000002,-1.0,2.9000000000000004,7.7,15.000000000000002,28.400000000000002,-29.900000000000006,16
13995,234626.0,0.4,-1.0,-1.7000000000000002,-0.9,3.2,7.2,21.900000000000002,31.799999999999997,-33.50000000000001,16
13996,234642.0,0.8,-1.1,-2.3000000000000003,-0.7000000000000001,3.2,6.5,34.0,41.0,-30.699999999999996,16
13997,234659.0,0.7000000000000001,-1.2000000000000002,-2.6,-0.9,3.0,6.1000000000000005,38.1,47.80000000000001,-28.500000000000004,16
13998,234679.0,0.30000000000000004,-1.1,-2.7,-1.4000000000000001,3.3000000000000003,5.9,35.9,56.2,-21.0,16
13999,234692.0,0.30000000000000004,-0.8,-2.3000000000000003,-1.6,3.6,6.2,26.300000000000004,49.199999999999996,-12.0,16
14000,234709.0,0.30000000000000004,-0.8,-1.9000000000000001,-1.7000000000000002,3.7,6.6000000000000005,21.6,41.4,-7.0,16
14001,234726.0,0.6000000000000001,-0.6000000000000001,-1.1,-1.5,3.9000000000000004,7.4,15.700000000000001,26.1,1.4,16
14002,234742.0,0.6000000000000001,-0.5,-0.5,-1.5,4.1000000000000005,7.9,11.2,16.4,3.3000000000000007,16
14003,234759.0,0.5,-0.30000000000000004,-0.2,-1.6,4.4,8.6,7.200000000000001,12.600000000000001,2.9,16
14004,234775.0,0.30000000000000004,-0.1,0.6000000000000001,-1.9000000000000001,4.5,9.0,0.7,3.0,-1.5,16
14005,234792.0,-0.4,-0.1,1.1,-2.5,4.5,9.5,4.800000000000001,-1.9,-5.500000000000001,16
14006,234809.0,-0.6000000000000001,-0.1,1.1,-2.8000000000000003,4.5,9.5,11.000000000000002,-4.9,-5.0,16
14007,234826.0,-1.1,0.0,0.5,-3.3000000000000003,4.7,8.8,24.1,-13.900000000000002,3.5,16
14008,234843.0,-1.0,0.0,-0.5,-3.0,4.7,7.800000000000001,27.099999999999998,-20.400000000000002,15.399999999999999,16
14009,234859.0,-0.8,-0.1,-0.8,-2.8000000000000003,4.7,7.5,22.3,-21.300000000000004,21.1,16
14010,234876.0,-0.5,0.0,-0.7000000000000001,-2.5,4.800000000000001,7.6000000000000005,3.1,-18.8,27.5,16
14011,234893.0,-0.6000000000000001,0.0,0.2,-2.4000000000000004,4.800000000000001,8.5,-15.2,-16.8,25.300000000000004,16
14012,234909.0,-0.7000000000000001,0.0,0.9,-2.5,4.7,9.3,-20.400000000000002,-17.9,21.900000000000002,16
14013,234926.0,-0.9,-0.2,1.1,-2.6,4.6000000000000005,9.5,-16.700000000000003,-23.099999999999998,12.4,16
14014,234942.0,-0.9,-0.30000000000000004,0.9,-2.5,4.4,9.3,-3.1,-16.6,5.0,16
14015,234962.0,-0.4,-0.4,0.0,-2.1,4.3,8.4,7.500000000000001,-1.7,-1.3,16
14016,234976.0,-0.5,-0.30000000000000004,-0.4,-2.1,4.4,8.1,3.3000000000000007,13.6,-5.0,16
14017,234992.0,-1.4000000000000001,0.4,0.30000000000000004,-3.2,5.0,8.8,-35.5,60.00000000000001,-11.3,16
14018,235009.0,-2.9000000000000004,0.4,3.0,-5.0,4.9,11.5,-71.39999999999999,79.3,-7.400000000000001,16
14019,235027.0,-3.4000000000000004,0.1,3.8000000000000003,-5.6000000000000005,4.4,12.4,-71.5,71.10000000000001,1.6,16
14020,235042.0,-2.6,-0.30000000000000004,3.5,-4.9,3.9000000000000004,12.100000000000001,-45.0,29.500000000000004,21.0,16
14021,235059.0,-1.3,-0.7000000000000001,1.5,-3.6,3.4000000000000004,10.100000000000001,-12.7,-12.4,19.5,16
14022,235076.0,-0.8,-0.7000000000000001,0.4,-3.0,3.4000000000000004,9.1,-5.300000000000001,-19.1,13.700000000000001,16
14023,235092.0,-0.1,-0.30000000000000004,-1.1,-2.3000000000000003,3.8000000000000003,7.6000000000000005,-10.9,-7.200000000000001,0.9000000000000001,16
14024,235109.0,0.30000000000000004,-0.1,-1.4000000000000001,-1.8,3.8000000000000003,7.2,-24.1,20.8,-4.7,16
14025,235126.0,0.6000000000000001,-0.5,-1.4000000000000001,-1.7000000000000002,3.5,7.300000000000001,-29.1,38.0,-5.500000000000001,16
14026,235143.0,0.5,-0.6000000000000001,-1.2000000000000002,-2.4000000000000004,3.3000000000000003,7.9,-29.900000000000006,57.60000000000001,-9.2,16
14027,235159.0,-0.8,-0.7000000000000001,-0.8,-3.5,3.1,7.9,-17.7,56.9,-7.500000000000001,16
14028,235177.0,-0.9,-0.6000000000000001,-1.0,-3.6,3.2,7.7,-9.0,43.1,-2.5,16
14029,235192.0,-0.2,-0.4,-1.6,-3.0,3.4000000000000004,7.0,6.8,10.8,8.700000000000001,16
14030,235209.0,0.4,-0.4,-2.5,-2.3000000000000003,3.5,6.1000000000000005,14.400000000000002,-15.000000000000002,13.3,16
14031,235226.0,0.7000000000000001,-0.4,-2.9000000000000004,-2.1,3.5,5.7,14.100000000000001,-22.000000000000004,13.399999999999999,16
14032,235242.0,0.8,-0.2,-3.1,-1.8,3.7,5.5,10.8,-23.800000000000004,12.7,16
14033,235259.0,0.7000000000000001,0.1,-3.0,-1.8,4.1000000000000005,5.5,9.600000000000001,-17.1,13.100000000000001,16
14034,235276.0,0.5,0.5,-2.9000000000000004,-2.0,4.5,5.6000000000000005,8.100000000000001,-14.200000000000001,14.700000000000001,16
14035,235294.0,0.2,1.1,-2.6,-2.2,5.1000000000000005,5.9,-1.6,-13.900000000000002,24.3,16
14036,235310.0,0.2,1.4000000000000001,-1.7000000000000002,-2.2,5.4,6.800000000000001,-18.200000000000003,-13.200000000000003,34.800000000000004,16
14037,235326.0,-0.1,1.4000000000000001,-0.9,-2.4000000000000004,5.4,7.7,-24.5,-12.200000000000001,39.599999999999994,16
14038,235342.0,-0.4,1.3,0.0,-2.6,5.300000000000001,8.6,-24.1,-9.899999999999999,44.9,16
14039,235359.0,0.0,1.3,0.5,-2.2,5.2,9.1,-20.400000000000002,-16.0,43.2,16
14040,235376.0,0.2,1.2000000000000002,0.7000000000000001,-1.5,5.1000000000000005,9.4,-16.200000000000003,-19.9,38.800000000000004,16
14041,235394.0,0.7000000000000001,1.2000000000000002,0.7000000000000001,-1.2000000000000002,5.1000000000000005,9.3,-4.7,-31.2,23.700000000000003,16
14042,235409.0,0.8,1.5,0.6000000000000001,-1.0,5.5,9.3,5.300000000000001,-39.50000000000001,4.4,16
14043,235426.0,0.5,1.5,0.6000000000000001,-1.2000000000000002,5.5,9.3,8.0,-36.300000000000004,-2.9,16
14044,235442.0,-0.30000000000000004,1.4000000000000001,1.0,-1.9000000000000001,5.4,9.700000000000001,7.200000000000001,-19.400000000000002,-7.200000000000001,16
14045,235459.0,-0.9,1.1,1.7000000000000002,-2.6,5.1000000000000005,10.4,5.6,3.8,-1.6,16
14046,235488.0,-0.30000000000000004,0.9,1.8,-2.0,5.1000000000000005,10.5,11.5,-2.3,6.9,16
14047,235497.0,-0.30000000000000004,0.9,1.8,-1.8,4.9,10.3,11.5,-2.3,6.9,16
14048,235509.0,-0.1,0.7000000000000001,1.5,-1.7000000000000002,4.9,10.200000000000001,13.100000000000001,-20.7,4.300000000000001,16
14049,235526.0,-0.1,0.7000000000000001,1.4000000000000001,-1.6,5.0,10.0,10.0,-25.8,2.3,16
14050,235542.0,0.0,0.8,1.4000000000000001,-1.5,5.0,10.200000000000001,-2.9,-25.4,-2.8,16
14051,235559.0,-0.1,0.7000000000000001,2.2,-1.7000000000000002,4.9,11.0,-21.900000000000002,-0.1,-3.9,16
14052,235577.0,-0.30000000000000004,0.5,3.4000000000000004,-1.9000000000000001,4.5,12.3,-37.400000000000006,31.0,2.6,16
14053,235592.0,-0.1,0.2,3.8000000000000003,-1.7000000000000002,4.2,12.700000000000001,-37.6,35.2,5.500000000000001,16
14054,235609.0,0.8,-0.2,3.5,-0.9,3.7,12.5,-20.2,20.5,2.9,16
14055,235626.0,0.9,-0.5,2.3000000000000003,-0.8,3.4000000000000004,11.3,5.8,-4.4,-14.400000000000002,16
14056,235642.0,0.6000000000000001,-0.4,1.7000000000000002,-1.1,3.5,10.600000000000001,14.600000000000001,-13.3,-22.4,16
14057,235659.0,0.4,0.30000000000000004,0.6000000000000001,-1.3,4.2,9.600000000000001,13.6,-15.2,-26.000000000000004,16
14058,235676.0,0.7000000000000001,0.4,0.5,-1.0,4.3,9.4,-1.0,-0.6000000000000001,-20.400000000000002,16
14059,235692.0,0.8,0.1,0.8,-0.9,4.1000000000000005,9.700000000000001,-7.300000000000001,8.2,-17.6,16
14060,235709.0,0.7000000000000001,-0.30000000000000004,1.4000000000000001,-1.1,3.5,10.4,-8.0,17.400000000000002,-19.5,16
14061,235726.0,0.4,-0.7000000000000001,1.6,-1.5,3.2,10.600000000000001,9.899999999999999,18.3,-25.5,16
14062,235742.0,0.30000000000000004,-0.8,1.3,-1.7000000000000002,3.1,10.3,21.500000000000004,16.4,-30.4,16
14063,235759.0,0.2,-1.1,0.30000000000000004,-1.8,2.9000000000000004,9.200000000000001,44.8,5.9,-40.1,16
14064,235776.0,0.2,-1.1,-0.5,-1.9000000000000001,3.0,7.5,54.199999999999996,-1.9,-43.800000000000004,16
14065,235793.0,0.0,-1.2000000000000002,-2.0,-2.0,3.0,6.800000000000001,63.4,-15.2,-46.4,16
14066,235809.0,-0.2,-1.1,-2.8000000000000003,-2.2,3.3000000000000003,5.9,60.00000000000001,-18.3,-40.4,16
14067,235826.0,0.1,-0.9,-3.0,-1.9000000000000001,3.5,5.6000000000000005,49.50000000000001,-14.600000000000001,-28.400000000000002,16
14068,235842.0,0.1,-0.9,-2.9000000000000004,-1.9000000000000001,3.7,5.7,44.00000000000001,-13.200000000000003,-22.6,16
14069,235859.0,0.1,-0.8,-2.8000000000000003,-1.9000000000000001,3.8000000000000003,5.7,35.9,-21.500000000000004,-16.900000000000002,16
14070,235884.0,0.30000000000000004,-1.0,-3.0,-1.6,3.7,5.4,25.6,-41.7,0.1,16
14071,235895.0,0.5,-0.8,-3.0,-1.2000000000000002,4.0,5.5,17.1,-50.900000000000006,3.2,16
14072,235909.0,0.7000000000000001,-0.7000000000000001,-2.8000000000000003,-1.0,4.0,5.6000000000000005,-4.4,-61.199999999999996,6.1000000000000005,16
14073,235926.0,0.8,-0.5,-1.8,-0.7000000000000001,4.2,6.7,-17.400000000000002,-47.80000000000001,4.5,16
14074,235942.0,0.6000000000000001,-0.5,-1.3,-0.8,4.2,7.2,-19.300000000000004,-35.599999999999994,4.5,16
14075,235959.0,0.4,-0.2,-0.1,-0.9,4.4,8.5,-24.0,-26.400000000000006,5.2,16
14076,235977.0,-0.30000000000000004,-0.2,0.8,-1.6,4.3,9.4,-18.4,-13.100000000000001,1.6,16
14077,235992.0,-0.6000000000000001,-0.1,1.3,-1.9000000000000001,4.4,9.9,-15.000000000000002,-7.6,2.8,16
14078,236009.0,-1.0,-0.1,2.0,-2.3000000000000003,4.4,10.600000000000001,-4.1,3.6000000000000005,8.600000000000001,16
14079,236026.0,-0.9,-0.30000000000000004,2.0,-2.2,4.2,10.600000000000001,7.0,2.9,18.5,16
14080,236042.0,-0.8,-0.4,1.8,-2.0,4.2,10.5,10.4,0.2,20.599999999999998,16
14081,236059.0,-0.7000000000000001,-0.30000000000000004,1.3,-1.9000000000000001,4.2,10.0,9.700000000000001,-2.4000000000000004,16.5,16
14082,236076.0,-0.6000000000000001,0.1,1.4000000000000001,-1.8,4.6000000000000005,10.0,6.699999999999999,-5.7,7.200000000000001,16
14083,236093.0,-0.8,0.1,1.5,-2.0,4.7,10.100000000000001,9.600000000000001,-4.2,3.1,16
14084,236109.0,-0.9,0.0,1.0,-2.1,4.7,9.600000000000001,22.000000000000004,6.9,-0.5,16
14085,236126.0,-0.7000000000000001,0.1,0.2,-2.0,4.800000000000001,8.700000000000001,27.400000000000002,38.2,-2.1,16
14086,236142.0,-0.6000000000000001,0.1,-0.2,-2.0,4.800000000000001,8.3,25.7,58.1,-1.7,16
14087,236159.0,-0.5,0.0,-0.7000000000000001,-2.1,4.800000000000001,7.7,8.8,96.30000000000001,0.30000000000000004,16
14088,236176.0,-0.7000000000000001,-0.30000000000000004,0.2,-2.7,4.5,8.6,-28.0,121.10000000000001,-4.7,16
14089,236192.0,-1.0,-0.5,1.3,-3.2,4.2,9.700000000000001,-43.6,120.3,-9.700000000000001,16
14090,236209.0,-1.6,-0.5,2.8000000000000003,-4.2,4.0,11.200000000000001,-43.900000000000006,89.30000000000001,-17.6,16
14091,236226.0,-1.7000000000000002,-0.6000000000000001,2.0,-4.4,3.8000000000000003,10.5,-12.5,39.300000000000004,-17.799999999999997,16
14092,236243.0,-1.4000000000000001,-0.5,0.9,-4.2,3.9000000000000004,9.3,3.4,17.5,-15.2,16
14093,236259.0,-1.3,-0.5,-1.3,-4.0,4.0,7.1000000000000005,15.299999999999999,-3.7000000000000006,-10.8,16
14094,236276.0,-1.1,-0.5,-2.5,-3.9000000000000004,4.0,5.800000000000001,4.300000000000001,3.6000000000000005,-6.0,16
14095,236292.0,-1.0,-0.5,-2.7,-3.8000000000000003,4.0,5.6000000000000005,-5.1000000000000005,13.000000000000002,-2.6,16
14096,236310.0,-0.4,-0.5,-2.5,-3.3000000000000003,3.9000000000000004,5.800000000000001,-24.3,30.000000000000004,5.1000000000000005,16
14097,236326.0,0.2,-0.6000000000000001,-1.9000000000000001,-2.8000000000000003,3.7,6.5,-38.1,34.50000000000001,10.1,16
14098,236343.0,0.4,-0.7000000000000001,-1.6,-2.7,3.6,6.7,-40.4,30.4,10.5,16
14099,236369.0,0.0,-0.7000000000000001,-1.2000000000000002,-3.1,3.4000000000000004,7.2,-26.6,-0.30000000000000004,7.300000000000001,16
14100,236376.0,-0.2,-0.6000000000000001,-1.3,-3.2,3.5,7.0,-17.400000000000002,-11.3,8.0,16
14101,236392.0,-0.2,-0.4,-1.6,-3.2,3.9000000000000004,6.4,-8.100000000000001,-19.200000000000003,10.5,16
14102,236409.0,0.0,0.0,-2.3000000000000003,-2.9000000000000004,4.1000000000000005,6.1000000000000005,3.9,-22.9,20.0,16
14103,236426.0,0.6000000000000001,0.2,-2.3000000000000003,-2.3000000000000003,4.4,6.0,5.500000000000001,-15.000000000000002,27.2,16
14104,236442.0,0.7000000000000001,0.30000000000000004,-2.3000000000000003,-2.1,4.6000000000000005,6.1000000000000005,4.5,-10.700000000000001,29.1,16
14105,236459.0,0.7000000000000001,0.5,-2.2,-2.0,4.7,6.2,0.0,-14.300000000000002,31.099999999999998,16
14106,236481.0,0.6000000000000001,0.8,-1.9000000000000001,-2.0,5.0,6.5,-13.000000000000002,-26.799999999999997,31.0,16
14107,236494.0,0.30000000000000004,0.9,-1.4000000000000001,-2.5,5.2,7.6000000000000005,-29.600000000000005,-32.2,31.0,16
14108,236509.0,-0.30000000000000004,1.2000000000000002,-0.1,-2.7,5.300000000000001,8.4,-35.1,-33.800000000000004,31.5,16
14109,236526.0,-0.5,1.3,1.0,-2.7,5.4,9.5,-35.699999999999996,-38.800000000000004,31.9,16
14110,236543.0,-0.2,1.5,1.4000000000000001,-2.3000000000000003,5.5,10.100000000000001,-31.799999999999997,-42.60000000000001,31.099999999999998,16
14111,236559.0,0.0,1.5,1.6,-2.0,5.5,10.200000000000001,-18.200000000000003,-50.60000000000001,27.3,16
14112,236576.0,0.4,1.5,1.5,-1.3,5.5,10.3,1.9,-53.8,19.400000000000002,16
14113,236592.0,0.30000000000000004,1.4000000000000001,0.9,-1.3,5.5,9.700000000000001,19.400000000000002,-52.60000000000001,9.700000000000001,16
14114,236609.0,0.30000000000000004,1.5,0.8,-1.2000000000000002,5.7,9.5,23.700000000000003,-47.3,2.7,16
14115,236626.0,0.2,1.5,1.0,-1.2000000000000002,5.7,9.700000000000001,23.5,-26.000000000000004,-0.4,16
14116,236643.0,-0.1,0.9,1.5,-1.4000000000000001,5.2,10.3,22.1,-14.400000000000002,0.5,16
14117,236659.0,0.0,0.7000000000000001,1.8,-1.4000000000000001,5.0,10.5,20.0,-5.4,1.5,16
14118,236676.0,0.30000000000000004,0.8,1.6,-1.0,5.2,10.3,23.3,-26.000000000000004,-2.6,16
14119,236692.0,0.30000000000000004,0.8,1.2000000000000002,-0.9,5.2,9.9,22.6,-34.60000000000001,-5.300000000000001,16
14120,236709.0,0.4,0.9,1.1,-0.8,5.4,9.8,14.5,-38.7,-12.299999999999999,16
14121,236726.0,0.2,1.0,0.9,-0.9,5.6000000000000005,9.600000000000001,5.500000000000001,-19.9,-17.7,16
14122,236742.0,-0.4,0.7000000000000001,1.1,-1.6,5.2,9.8,-12.200000000000001,13.5,-16.1,16
14123,236765.0,-0.6000000000000001,0.1,2.0,-1.9000000000000001,4.5,10.8,-29.900000000000006,30.5,-9.5,16
14124,236776.0,-0.30000000000000004,0.0,2.4000000000000004,-1.6,4.3,11.200000000000001,-31.7,26.200000000000003,-4.9,16
14125,236792.0,0.9,-0.4,2.3000000000000003,-0.4,3.9000000000000004,11.100000000000001,-20.599999999999998,4.5,-1.2000000000000002,16
14126,236809.0,1.4000000000000001,-0.6000000000000001,1.8,0.1,3.7,10.700000000000001,-12.0,-6.600000000000001,-4.7,16
14127,236826.0,1.7000000000000002,-0.8,0.6000000000000001,0.4,3.5,9.5,-1.6,-13.200000000000003,-21.300000000000004,16
14128,236845.0,1.1,-0.5,0.30000000000000004,-0.2,3.7,9.200000000000001,-0.5,2.1,-36.6,16
14129,236861.0,0.1,-0.30000000000000004,0.5,-1.3,3.8000000000000003,9.4,0.9000000000000001,24.1,-37.9,16
14130,236876.0,-0.1,-0.30000000000000004,0.4,-1.6,3.9000000000000004,9.3,2.0,29.600000000000005,-34.0,16
14131,236892.0,0.1,-0.5,0.0,-1.6,3.7,8.9,0.30000000000000004,29.300000000000004,-24.900000000000002,16
14132,236909.0,0.1,-0.6000000000000001,0.0,-1.5,3.6,8.8,-2.0,25.0,-21.400000000000002,16
14133,236925.0,0.4,-0.9,-0.30000000000000004,-1.4000000000000001,3.2,8.6,-1.4,8.0,-18.0,16
14134,236942.0,0.7000000000000001,-1.2000000000000002,-0.9,-1.0,2.9000000000000004,7.9,3.4,-11.6,-22.000000000000004,16
14135,236965.0,1.0,-1.3,-1.7000000000000002,-0.7000000000000001,2.8000000000000003,7.2,6.699999999999999,-22.000000000000004,-30.799999999999997,16
14136,236976.0,0.9,-1.2000000000000002,-2.0,-0.8,2.9000000000000004,6.800000000000001,7.8,-22.5,-36.1,16
14137,236993.0,0.2,-0.9,-2.2,-1.5,3.2,6.6000000000000005,9.100000000000001,-16.900000000000002,-42.0,16
14138,237009.0,-0.2,-0.7000000000000001,-2.3000000000000003,-1.9000000000000001,3.4000000000000004,6.5,9.5,-12.5,-40.7,16
14139,237025.0,-0.5,-0.2,-2.2,-2.3000000000000003,3.9000000000000004,6.6000000000000005,10.8,-5.7,-29.200000000000003,16
14140,237042.0,-0.2,0.2,-1.9000000000000001,-2.0,4.4,6.9,9.100000000000001,-3.0,-10.5,16
14141,237062.0,0.30000000000000004,0.30000000000000004,-1.3,-1.4000000000000001,4.5,7.4,7.200000000000001,-9.899999999999999,2.5,16
14142,237075.0,0.5,0.2,-1.1,-1.2000000000000002,4.4,7.6000000000000005,6.9,-12.100000000000001,5.8,16
14143,237092.0,0.6000000000000001,0.2,-0.9,-1.0,4.4,7.9,6.0,-16.6,7.200000000000001,16
14144,237109.0,0.6000000000000001,0.4,-0.2,-1.0,4.5,8.1,2.5,-17.799999999999997,5.9,16
14145,237125.0,0.30000000000000004,0.4,0.4,-1.2000000000000002,4.6000000000000005,9.1,-6.699999999999999,-15.8,-0.2,16
14146,237143.0,-0.6000000000000001,0.30000000000000004,1.4000000000000001,-2.1,4.5,10.100000000000001,-5.0,-14.600000000000001,-2.7,16
14147,237162.0,-1.0,0.5,1.7000000000000002,-2.5,4.7,10.5,7.699999999999999,-15.100000000000001,4.5,16
14148,237176.0,-0.9,0.4,1.5,-2.3000000000000003,4.6000000000000005,10.3,16.0,-13.8,8.700000000000001,16
14149,237192.0,-0.30000000000000004,0.1,0.6000000000000001,-1.7000000000000002,4.4,9.4,26.799999999999997,-7.500000000000001,14.700000000000001,16
14150,237210.0,0.1,0.0,0.1,-1.3,4.4,8.8,26.1,0.1,13.000000000000002,16
14151,237225.0,0.0,0.0,0.1,-1.4000000000000001,4.4,8.8,24.3,3.9,10.8,16
14152,237242.0,-0.30000000000000004,0.0,0.2,-1.7000000000000002,4.5,8.9,21.0,12.0,6.2,16
14153,237264.0,-0.8,0.1,0.6000000000000001,-2.2,4.7,9.200000000000001,19.9,17.6,3.9,16
14154,237276.0,-1.0,0.0,0.7000000000000001,-2.5,4.6000000000000005,9.3,21.300000000000004,20.900000000000002,4.7,16
14155,237292.0,-0.9,-0.2,0.6000000000000001,-2.5,4.5,9.1,22.9,34.300000000000004,10.4,16
14156,237309.0,-0.6000000000000001,-0.6000000000000001,0.1,-2.3000000000000003,4.2,8.6,18.200000000000003,44.2,11.6,16
14157,237326.0,-0.6000000000000001,-0.9,-0.2,-2.3000000000000003,3.9000000000000004,8.200000000000001,9.700000000000001,46.7,9.2,16
14158,237342.0,-0.7000000000000001,-1.0,-0.2,-2.5,3.7,8.3,-21.300000000000004,45.7,2.1,16
14159,237363.0,-1.0,-0.9,1.2000000000000002,-3.0,3.7,9.700000000000001,-53.10000000000001,41.300000000000004,-4.800000000000001,16
14160,237376.0,-1.1,-0.9,1.9000000000000001,-3.2,3.5,10.5,-58.3,35.2,-7.200000000000001,16
14161,237392.0,-1.1,-0.9,2.6,-3.2,3.4000000000000004,11.200000000000001,-40.800000000000004,19.6,-11.2,16
14162,237409.0,-0.7000000000000001,-1.0,1.5,-2.9000000000000004,3.2,10.200000000000001,-5.4,11.3,-13.3,16
14163,237425.0,-0.4,-1.0,0.6000000000000001,-2.7,3.2,9.200000000000001,9.4,11.4,-14.700000000000001,16
14164,237442.0,-0.2,-1.1,-1.2000000000000002,-2.6,3.1,7.4,19.799999999999997,21.6,-18.700000000000003,16
14165,237467.0,-0.7000000000000001,-1.0,-2.3000000000000003,-3.2,3.3000000000000003,6.2,10.1,28.700000000000003,-19.5,16
14166,237476.0,-0.7000000000000001,-1.0,-2.3000000000000003,-3.2,3.3000000000000003,6.2,0.8,28.600000000000005,-17.400000000000002,16
14167,237492.0,-0.7000000000000001,-0.8,-2.2,-3.3000000000000003,3.4000000000000004,6.300000000000001,-22.000000000000004,22.3,-7.200000000000001,16
14168,237509.0,-0.4,-0.6000000000000001,-1.5,-3.0,3.5,7.1000000000000005,-41.800000000000004,11.900000000000002,4.4,16
14169,237525.0,-0.1,-0.5,-1.2000000000000002,-2.7,3.5,7.4,-45.9,5.300000000000001,8.899999999999999,16
14170,237545.0,0.5,-0.4,-0.8,-2.1,3.5,7.9,-38.900000000000006,-10.700000000000001,10.700000000000001,16
14171,237567.0,0.4,-0.2,-0.9,-2.1,3.7,7.7,-18.6,-21.6,5.500000000000001,16
14172,237577.0,0.30000000000000004,-0.1,-1.2000000000000002,-2.4000000000000004,3.9000000000000004,7.1000000000000005,-7.400000000000001,-23.5,3.2,16
14173,237595.0,0.1,0.2,-1.9000000000000001,-2.4000000000000004,4.1000000000000005,6.800000000000001,7.699999999999999,-18.200000000000003,4.800000000000001,16
14174,237609.0,0.30000000000000004,0.5,-2.5,-2.1,4.5,6.1000000000000005,10.200000000000001,-12.100000000000001,11.1,16
14175,237626.0,0.30000000000000004,0.6000000000000001,-2.7,-2.0,4.6000000000000005,5.9,7.0,-11.000000000000002,14.100000000000001,16
14176,237642.0,0.1,0.8,-2.6,-2.2,4.7,6.1000000000000005,-8.600000000000001,-8.700000000000001,22.700000000000003,16
14177,237661.0,0.2,1.1,-1.8,-2.0,5.0,6.9,-28.0,-15.8,32.400000000000006,16
14178,237676.0,0.30000000000000004,1.1,-1.3,-1.8,5.0,7.4,-35.9,-20.8,35.4,16
14179,237692.0,0.1,1.1,0.0,-2.0,4.9,8.700000000000001,-43.50000000000001,-27.2,37.2,16
14180,237709.0,0.0,1.1,0.9,-1.9000000000000001,4.800000000000001,9.700000000000001,-39.400000000000006,-35.0,34.900000000000006,16
14181,237725.0,0.2,1.1,1.3,-1.6,4.800000000000001,10.200000000000001,-33.7,-39.50000000000001,32.400000000000006,16
14182,237742.0,0.6000000000000001,1.4000000000000001,1.7000000000000002,-1.1,5.0,10.600000000000001,-14.900000000000002,-43.900000000000006,25.5,16
14183,237761.0,1.0,1.3,1.4000000000000001,-0.4,4.9,10.3,10.9,-41.1,16.6,16
14184,237776.0,1.0,1.2000000000000002,1.1,-0.4,4.9,10.100000000000001,22.1,-36.0,11.1,16
14185,237792.0,0.9,1.3,0.4,-0.4,5.1000000000000005,9.4,33.800000000000004,-23.3,2.6,16
14186,237809.0,0.7000000000000001,1.3,0.4,-0.5,5.2,9.3,25.7,-10.1,-0.4,16
14187,237826.0,0.5,1.1,0.9,-1.0,4.9,10.5,16.900000000000002,-3.6000000000000005,-1.1,16
14188,237842.0,0.30000000000000004,0.8,2.3000000000000003,-0.9,4.800000000000001,11.200000000000001,7.500000000000001,-3.3000000000000007,-0.9000000000000001,16
14189,237865.0,0.4,0.6000000000000001,2.5,-0.8,4.6000000000000005,11.4,14.300000000000002,-19.300000000000004,-5.4,16
14190,237876.0,0.4,0.5,2.2,-0.8,4.5,11.100000000000001,17.1,-24.7,-8.0,16
14191,237892.0,0.4,0.30000000000000004,1.4000000000000001,-0.7000000000000001,4.4,10.4,15.5,-28.900000000000002,-11.4,16
14192,237909.0,0.0,0.4,1.3,-1.1,4.5,10.3,4.6,-17.200000000000003,-15.5,16
14193,237926.0,0.1,0.4,1.4000000000000001,-1.0,4.5,10.4,-13.700000000000001,9.700000000000001,-9.2,16
14194,237942.0,0.1,0.30000000000000004,2.1,-1.0,4.3,11.100000000000001,-25.300000000000004,22.2,-6.300000000000001,16
14195,237965.0,0.2,-0.30000000000000004,3.5,-1.0,3.6,12.5,-31.2,23.700000000000003,-4.300000000000001,16
14196,237976.0,1.0,-0.6000000000000001,3.3000000000000003,-0.2,3.2,12.4,-7.500000000000001,0.2,-8.4,16
14197,237992.0,1.2000000000000002,-0.9,2.5,0.0,3.0,11.600000000000001,6.699999999999999,-10.700000000000001,-14.800000000000002,16
14198,238009.0,1.3,-0.8,0.7000000000000001,0.1,3.1,9.8,20.5,-15.000000000000002,-29.200000000000003,16
14199,238026.0,1.0,-0.7000000000000001,-0.2,-0.2,3.2,8.9,19.1,-0.4,-38.800000000000004,16
14200,238042.0,0.8,-0.7000000000000001,-0.30000000000000004,-0.5,3.3000000000000003,8.8,16.3,10.299999999999999,-41.1,16
14201,238061.0,0.1,-0.6000000000000001,-0.1,-1.3,3.4000000000000004,8.9,11.8,23.800000000000004,-41.1,16
14202,238076.0,-0.4,-0.7000000000000001,0.1,-1.9000000000000001,3.3000000000000003,9.1,11.6,21.400000000000002,-33.6,16
14203,238092.0,-0.30000000000000004,-0.8,0.0,-1.8,3.2,9.0,13.200000000000003,14.200000000000001,-29.0,16
14204,238109.0,0.0,-1.1,-0.4,-1.6,2.9000000000000004,8.5,15.8,-1.7,-24.400000000000002,16
14205,238126.0,0.2,-1.3,-0.9,-1.4000000000000001,2.8000000000000003,8.0,16.200000000000003,-12.7,-27.0,16
14206,238142.0,0.2,-1.3,-1.1,-1.3,2.8000000000000003,7.800000000000001,17.1,-16.1,-29.500000000000004,16
14207,238163.0,0.30000000000000004,-1.1,-1.7000000000000002,-1.3,3.0,7.2,22.8,-18.3,-31.799999999999997,16
14208,238176.0,0.30000000000000004,-1.1,-2.5,-1.3,3.1,6.4,26.9,-11.900000000000002,-30.4,16
14209,238192.0,0.30000000000000004,-1.0,-2.7,-1.3,3.2,6.1000000000000005,24.900000000000002,-6.699999999999999,-29.0,16
14210,238209.0,0.1,-0.7000000000000001,-2.6,-1.5,3.5,6.2,16.3,1.7,-25.6,16
14211,238226.0,0.1,-0.4,-2.3000000000000003,-1.5,3.9000000000000004,6.5,9.3,2.4000000000000004,-18.0,16
14212,238242.0,0.2,-0.30000000000000004,-2.1,-1.5,4.0,6.6000000000000005,6.600000000000001,0.1,-12.600000000000001,16
14213,238260.0,0.8,0.0,-1.6,-0.9,4.3,7.0,-1.2000000000000002,-2.4000000000000004,-2.2,16
14214,238276.0,1.0,-0.1,-0.6000000000000001,-0.7000000000000001,4.2,8.1,-6.9,4.0,1.3,16
14215,238292.0,1.0,-0.1,-0.1,-0.7000000000000001,4.1000000000000005,8.6,-6.9,7.1000000000000005,0.1,16
14216,238309.0,0.6000000000000001,-0.1,0.6000000000000001,-1.1,4.1000000000000005,9.3,-3.3000000000000007,12.9,-5.7,16
14217,238325.0,0.0,0.1,1.1,-1.7000000000000002,4.3,9.8,3.2,11.5,-10.1,16
14218,238342.0,-0.2,0.2,1.2000000000000002,-2.0,4.4,9.9,8.600000000000001,8.100000000000001,-10.0,16
14219,238360.0,-0.2,0.4,0.7000000000000001,-2.0,4.7,9.4,21.0,-1.4,-3.5,16
14220,238379.0,0.2,0.30000000000000004,-0.2,-1.6,4.6000000000000005,8.4,26.6,-9.100000000000001,1.5,16
14221,238397.0,0.30000000000000004,0.2,-0.6000000000000001,-1.5,4.6000000000000005,7.9,21.8,-8.8,0.9000000000000001,16
14222,238409.0,0.2,0.2,-0.7000000000000001,-1.5,4.7,7.9,18.8,-7.6,0.0,16
14223,238425.0,0.1,0.30000000000000004,-0.30000000000000004,-1.6,4.800000000000001,8.200000000000001,14.900000000000002,-2.3,0.30000000000000004,16
14224,238442.0,0.1,0.2,-0.1,-1.6,4.7,8.4,14.100000000000001,1.3,0.2,16
14225,238462.0,-0.1,0.2,0.5,-1.9000000000000001,4.800000000000001,9.1,14.200000000000001,3.9,-3.9,16
14226,238477.0,-0.9,-0.1,1.2000000000000002,-2.7,4.5,9.600000000000001,19.0,5.6,-8.899999999999999,16
14227,238492.0,-1.3,-0.1,1.3,-3.1,4.5,9.8,21.0,9.100000000000001,-7.9,16
14228,238509.0,-1.3,-0.30000000000000004,0.9,-3.1,4.4,9.4,15.5,15.399999999999999,-3.9,16
14229,238526.0,-1.3,-0.30000000000000004,0.8,-3.2,4.3,9.200000000000001,-14.0,22.8,-4.0,16
14230,238545.0,-1.4000000000000001,-0.30000000000000004,2.0,-3.4000000000000004,4.2,10.5,-50.1,16.8,-5.7,16
14231,238562.0,-1.7000000000000002,-0.5,2.9000000000000004,-3.8000000000000003,3.8000000000000003,12.3,-59.699999999999996,10.0,-5.8,16
14232,238578.0,-1.7000000000000002,-0.5,4.0,-3.7,3.7,12.700000000000001,-47.60000000000001,-6.8,-3.5,16
14233,238593.0,-0.8,-0.7000000000000001,3.0,-2.8000000000000003,3.5,11.700000000000001,-8.100000000000001,-14.600000000000001,-5.500000000000001,16
14234,238609.0,-0.4,-0.7000000000000001,1.9000000000000001,-2.4000000000000004,3.5,10.600000000000001,10.700000000000001,-11.6,-9.100000000000001,16
14235,238625.0,-0.1,-0.7000000000000001,0.8,-2.0,3.6,8.5,31.099999999999998,4.5,-18.5,16
14236,238642.0,-0.1,-0.9,-1.5,-2.3000000000000003,3.5,7.2,32.9,14.200000000000001,-23.0,16
14237,238659.0,-0.4,-0.8,-1.8,-2.5,3.6,6.800000000000001,23.3,30.1,-28.500000000000004,16
14238,238679.0,-0.9,-0.4,-1.9000000000000001,-3.3000000000000003,4.0,6.7,5.4,35.599999999999994,-27.800000000000004,16
14239,238694.0,-1.3,-0.4,-1.7000000000000002,-3.7,4.0,6.800000000000001,-11.000000000000002,27.800000000000004,-14.300000000000002,16
14240,238709.0,-1.3,-0.4,-1.6,-3.8000000000000003,3.9000000000000004,6.9,-17.799999999999997,22.000000000000004,-5.8,16
14241,238726.0,-0.9,-0.5,-1.4000000000000001,-3.4000000000000004,3.8000000000000003,7.2,-27.5,8.899999999999999,9.700000000000001,16
14242,238746.0,-0.4,-0.4,-1.1,-2.9000000000000004,3.7,7.5,-29.300000000000004,2.0,16.1,16
14243,238761.0,-0.2,-0.4,-1.1,-2.7,3.8000000000000003,7.5,-26.6,-1.1,16.5,16
14244,238776.0,0.2,-0.2,-1.1,-2.3000000000000003,3.9000000000000004,7.5,-15.299999999999999,-4.5,14.5,16
14245,238792.0,0.0,-0.2,-1.5,-2.5,3.9000000000000004,7.1000000000000005,0.2,-4.4,11.4,16
14246,238809.0,-0.1,-0.2,-1.8,-2.6,3.9000000000000004,6.800000000000001,6.300000000000001,-4.2,11.700000000000001,16
14247,238825.0,-0.1,0.1,-2.4000000000000004,-2.5,4.3,6.2,9.8,-5.0,16.1,16
14248,238842.0,0.1,0.30000000000000004,-2.6,-2.3000000000000003,4.5,6.0,2.9,-5.8,22.700000000000003,16
14249,238861.0,0.2,0.30000000000000004,-2.5,-2.1,4.5,6.0,-2.8,-6.300000000000001,24.900000000000002,16
14250,238875.0,0.2,0.30000000000000004,-1.9000000000000001,-2.1,4.5,6.6000000000000005,-10.700000000000001,-9.700000000000001,26.1,16
14251,238892.0,-0.1,0.4,-1.5,-2.3000000000000003,4.5,7.0,-12.9,-10.299999999999999,26.6,16
14252,238909.0,-0.2,0.4,-1.4000000000000001,-2.4000000000000004,4.5,7.1000000000000005,-14.300000000000002,-9.700000000000001,27.2,16
14253,238925.0,-0.4,0.4,-1.0,-2.4000000000000004,4.6000000000000005,7.5,-21.900000000000002,-8.8,29.300000000000004,16
14254,238942.0,-0.30000000000000004,0.4,-0.7000000000000001,-2.2,4.5,8.200000000000001,-25.8,-8.8,30.4,16
14255,238961.0,0.0,0.4,-0.2,-1.7000000000000002,4.5,8.700000000000001,-28.200000000000003,-15.399999999999999,29.900000000000006,16
14256,238977.0,0.4,0.5,0.1,-1.5,4.5,8.8,-22.4,-27.6,24.5,16
14257,238992.0,0.5,0.6000000000000001,0.2,-1.2000000000000002,4.6000000000000005,8.9,-13.200000000000003,-35.0,16.5,16
14258,239009.0,0.5,0.7000000000000001,0.1,-1.1,4.7,8.9,-7.400000000000001,-37.0,11.6,16
14259,239026.0,0.4,0.9,-0.1,-1.1,4.9,8.700000000000001,4.4,-34.400000000000006,2.6,16
14260,239042.0,-0.1,1.0,-0.1,-1.5,5.0,8.700000000000001,8.600000000000001,-17.7,-1.3,16
14261,239061.0,-0.4,1.0,0.30000000000000004,-2.2,5.0,9.700000000000001,6.300000000000001,-9.100000000000001,-0.8,16
14262,239075.0,-0.9,0.9,1.5,-2.3000000000000003,5.0,10.3,0.7,-1.3,4.4,16
14263,239092.0,-0.7000000000000001,0.8,2.4000000000000004,-2.2,4.800000000000001,11.200000000000001,3.8,-9.4,10.299999999999999,16
14264,239109.0,-0.4,0.8,2.4000000000000004,-1.8,4.9,11.200000000000001,8.100000000000001,-21.7,11.2,16
14265,239126.0,0.1,0.8,1.9000000000000001,-1.2000000000000002,4.9,10.700000000000001,20.5,-47.900000000000006,7.200000000000001,16
14266,239142.0,0.1,0.7000000000000001,1.2000000000000002,-1.0,4.9,10.100000000000001,23.6,-44.00000000000001,5.4,16
14267,239350.0,0.6000000000000001,-0.6000000000000001,-0.6000000000000001,-0.9,3.5,8.4,20.1,33.7,-23.2,16
14268,239359.0,0.5,-0.7000000000000001,-0.5,-1.1,3.4000000000000004,8.4,15.5,34.900000000000006,-23.099999999999998,16
14269,239375.0,0.30000000000000004,-0.8,-0.5,-1.3,3.3000000000000003,8.4,10.4,32.400000000000006,-21.8,16
14270,239393.0,0.2,-1.1,-0.5,-1.6,3.0,8.4,9.600000000000001,24.1,-21.200000000000003,16
14271,239409.0,-0.1,-1.2000000000000002,-0.4,-1.9000000000000001,2.9000000000000004,8.4,12.5,19.200000000000003,-21.500000000000004,16
14272,239425.0,-0.1,-1.3,-0.6000000000000001,-2.0,2.9000000000000004,8.200000000000001,14.700000000000001,15.700000000000001,-21.200000000000003,16
14273,239442.0,0.1,-1.2000000000000002,-1.0,-1.9000000000000001,3.0,7.800000000000001,17.9,8.3,-19.400000000000002,16
14274,239459.0,0.1,-1.1,-1.2000000000000002,-1.9000000000000001,3.1,7.5,17.200000000000003,4.1,-15.899999999999999,16
14275,239475.0,0.2,-1.0,-1.3,-1.8,3.2,7.4,15.299999999999999,1.9,-12.7,16
14276,239492.0,0.30000000000000004,-0.9,-1.0,-1.7000000000000002,3.4000000000000004,7.7,10.200000000000001,-1.2000000000000002,-6.500000000000001,16
14277,239509.0,0.4,-0.9,-0.7000000000000001,-1.6,3.4000000000000004,8.0,9.600000000000001,-0.2,-0.30000000000000004,16
14278,239525.0,0.7000000000000001,-0.8,-0.5,-1.4000000000000001,3.5,8.200000000000001,11.000000000000002,0.6000000000000001,1.7,16
14279,239543.0,0.8,-0.9,-0.30000000000000004,-1.2000000000000002,3.5,8.3,14.600000000000001,4.300000000000001,0.4,16
14280,239559.0,0.7000000000000001,-0.8,-0.30000000000000004,-1.3,3.6,8.4,16.6,3.8,-2.1,16
14281,239575.0,0.7000000000000001,-0.6000000000000001,-0.30000000000000004,-1.3,3.8000000000000003,8.3,17.200000000000003,0.8,-3.1,16
14282,239592.0,0.5,-0.30000000000000004,-0.4,-1.5,4.1000000000000005,8.1,17.799999999999997,-10.1,-5.2,16
14283,239609.0,0.1,0.0,-0.6000000000000001,-1.8,4.5,7.9,15.899999999999999,-20.3,-3.4,16
14284,239627.0,0.1,0.1,-0.7000000000000001,-1.8,4.6000000000000005,7.800000000000001,14.800000000000002,-24.400000000000002,-0.8,16
14285,239642.0,0.2,0.30000000000000004,-0.8,-1.6,4.800000000000001,7.7,13.900000000000002,-28.500000000000004,5.500000000000001,16
14286,239661.0,0.6000000000000001,0.4,-1.0,-1.2000000000000002,5.0,7.5,14.600000000000001,-25.8,10.5,16
14287,239676.0,0.8,0.6000000000000001,-1.0,-0.9,5.2,7.5,13.900000000000002,-22.4,11.5,16
14288,239692.0,0.9,0.8,-0.8,-0.7000000000000001,5.4,7.7,11.900000000000002,-14.100000000000001,10.299999999999999,16
14289,239709.0,0.6000000000000001,0.8,-0.4,-1.0,5.5,8.1,10.0,-5.6,8.4,16
14290,239726.0,0.5,0.7000000000000001,-0.2,-1.1,5.5,8.3,9.5,-1.6,9.0,16
14291,239742.0,0.1,0.8,0.2,-1.5,5.5,8.700000000000001,9.5,3.2,11.6,16
14292,239760.0,-0.2,0.8,0.8,-1.7000000000000002,5.6000000000000005,9.200000000000001,8.8,4.6,16.3,16
14293,239777.0,-0.2,0.9,1.0,-1.7000000000000002,5.7,9.5,9.5,4.2,18.700000000000003,16
14294,239792.0,-0.1,0.7000000000000001,1.4000000000000001,-1.6,5.6000000000000005,9.8,15.2,2.4000000000000004,19.6,16
14295,239809.0,-0.1,0.30000000000000004,1.4000000000000001,-1.6,5.300000000000001,9.8,20.0,8.2,17.0,16
14296,239825.0,0.0,0.2,1.3,-1.5,5.2,9.700000000000001,20.1,13.6,14.200000000000001,16
14297,239842.0,0.1,0.1,1.1,-1.5,5.2,9.5,18.4,17.5,4.4,16
14298,239864.0,-0.2,0.0,0.9,-1.8,5.1000000000000005,9.200000000000001,15.399999999999999,21.0,-7.300000000000001,16
14299,239876.0,-0.4,-0.1,0.7000000000000001,-2.0,5.0,9.0,13.200000000000003,24.1,-12.200000000000001,16
14300,239892.0,-1.0,-0.2,0.4,-2.7,4.9,8.700000000000001,6.0,33.2,-20.0,16
14301,239909.0,-1.6,-0.30000000000000004,0.4,-3.6,4.800000000000001,8.6,-3.8,41.800000000000004,-21.400000000000002,16
14302,239925.0,-1.8,-0.2,0.4,-3.8000000000000003,4.9,8.700000000000001,-9.100000000000001,42.1,-18.700000000000003,16
14303,239942.0,-1.6,-0.30000000000000004,0.4,-3.8000000000000003,4.7,8.700000000000001,-16.900000000000002,33.400000000000006,-10.4,16
14304,239968.0,-1.1,-0.5,0.30000000000000004,-3.0,4.3,8.4,-19.300000000000004,16.4,-3.7000000000000006,16
14305,239976.0,-0.7000000000000001,-0.6000000000000001,0.1,-3.0,4.3,8.4,-17.400000000000002,8.3,-3.2,16
14306,239992.0,-0.30000000000000004,-0.8,-0.30000000000000004,-2.6,4.1000000000000005,8.0,-7.200000000000001,3.5,-8.8,16
14307,240009.0,-0.2,-0.8,-0.7000000000000001,-2.6,4.1000000000000005,7.6000000000000005,4.9,16.900000000000002,-16.900000000000002,16
14308,240025.0,-0.4,-0.8,-0.8,-3.3000000000000003,4.1000000000000005,7.4,10.0,26.700000000000003,-20.2,16
14309,240042.0,-1.2000000000000002,-0.8,-0.9,-3.7,4.1000000000000005,7.300000000000001,17.300000000000004,39.1,-19.300000000000004,16
14310,240059.0,-1.2000000000000002,-0.8,-1.2000000000000002,-3.9000000000000004,4.2,6.9,20.1,31.799999999999997,-7.699999999999999,16
14311,240078.0,-0.9,-0.7000000000000001,-1.7000000000000002,-3.6,4.3,6.4,11.8,15.399999999999999,5.500000000000001,16
14312,240092.0,-0.8,-0.6000000000000001,-1.7000000000000002,-3.6,4.3,6.300000000000001,3.0,8.8,11.2,16
14313,240109.0,-0.5,-0.4,-1.2000000000000002,-3.2,4.6000000000000005,6.9,-16.200000000000003,0.4,19.200000000000003,16
14314,240125.0,-0.30000000000000004,-0.30000000000000004,-0.2,-3.0,4.6000000000000005,7.9,-22.2,-2.2,21.0,16
14315,240142.0,-0.2,-0.2,0.1,-2.9000000000000004,4.7,8.200000000000001,-22.1,-6.2,22.1,16
14316,240161.0,-0.2,-0.2,0.1,-2.8000000000000003,4.7,8.3,-9.2,-13.5,19.799999999999997,16
14317,240176.0,-0.30000000000000004,-0.1,-0.4,-2.8000000000000003,4.800000000000001,7.800000000000001,7.300000000000001,-17.0,16.200000000000003,16
14318,240192.0,-0.4,0.0,-0.8,-2.9000000000000004,4.9,7.300000000000001,13.900000000000002,-17.1,14.800000000000002,16
14319,240209.0,-0.30000000000000004,0.0,-1.6,-2.8000000000000003,5.0,6.5,17.9,-13.3,14.400000000000002,16
14320,240226.0,-0.30000000000000004,0.1,-1.8,-2.7,5.1000000000000005,6.2,14.100000000000001,-10.299999999999999,14.600000000000001,16
14321,240243.0,-0.30000000000000004,0.1,-1.9000000000000001,-2.6,5.2,6.2,10.299999999999999,-9.600000000000001,15.2,16
14322,240265.0,-0.30000000000000004,0.1,-1.7000000000000002,-2.6,5.2,6.300000000000001,2.4000000000000004,-9.2,15.700000000000001,16
14323,240276.0,-0.4,0.30000000000000004,-1.4000000000000001,-2.7,5.4,6.6000000000000005,-5.300000000000001,-8.8,17.5,16
14324,240292.0,-0.30000000000000004,0.30000000000000004,-1.2000000000000002,-2.5,5.4,6.9,-8.700000000000001,-10.700000000000001,18.1,16
14325,240309.0,-0.1,0.30000000000000004,-0.6000000000000001,-2.2,5.4,7.5,-11.700000000000001,-13.399999999999999,15.6,16
14326,240325.0,-0.1,0.4,-0.2,-2.2,5.5,7.9,-6.300000000000001,-16.8,9.5,16
14327,240342.0,-0.1,0.4,-0.2,-2.2,5.5,7.9,-0.5,-18.5,6.500000000000001,16
14328,240359.0,0.0,0.6000000000000001,-0.6000000000000001,-2.0,5.6000000000000005,7.5,9.8,-18.200000000000003,2.5,16
14329,240376.0,0.2,0.5,-0.7000000000000001,-1.8,5.7,7.4,11.2,-10.600000000000001,-1.5,16
14330,240392.0,0.1,0.4,-0.5,-1.8,5.6000000000000005,7.6000000000000005,10.600000000000001,-7.200000000000001,-4.6,16
14331,240409.0,-0.2,0.2,0.0,-2.2,5.4,8.1,7.200000000000001,-5.4,-9.600000000000001,16
14332,240425.0,-0.4,0.0,1.2000000000000002,-2.3000000000000003,5.2,9.3,2.0,-15.5,-12.8,16
14333,240442.0,-0.4,-0.1,1.7000000000000002,-2.4000000000000004,5.1000000000000005,9.8,2.8,-28.1,-15.100000000000001,16
14334,240459.0,-0.30000000000000004,-0.2,2.2,-2.1,5.0,10.3,13.200000000000003,-60.300000000000004,-20.400000000000002,16
14335,240479.0,-0.2,0.2,1.5,-1.8,5.5,9.600000000000001,29.0,-83.2,-25.6,16
14336,240492.0,0.0,0.30000000000000004,1.2000000000000002,-1.6,5.6000000000000005,9.3,33.1,-79.9,-25.7,16
14337,240509.0,0.30000000000000004,-0.1,2.0,-1.1,5.300000000000001,10.200000000000001,40.300000000000004,-56.400000000000006,-28.600000000000005,16
14338,240525.0,0.30000000000000004,0.8,0.8,-1.0,6.300000000000001,8.8,56.300000000000004,-20.8,-26.700000000000003,16
14339,240543.0,-0.30000000000000004,0.2,-0.30000000000000004,-1.7000000000000002,5.800000000000001,7.7,56.10000000000001,-8.600000000000001,-28.800000000000004,16
14340,240562.0,-0.2,0.5,-0.7000000000000001,-1.7000000000000002,6.2,7.2,30.4,2.6,-10.5,16
14341,240576.0,-0.7000000000000001,-0.4,0.0,-2.2,5.300000000000001,7.9,-1.9,9.0,2.2,16
14342,240592.0,-0.7000000000000001,-0.9,0.6000000000000001,-2.2,4.800000000000001,8.5,-14.5,12.100000000000001,10.5,16
14343,240609.0,0.2,-1.0,1.5,-1.3,4.6000000000000005,9.5,-27.400000000000002,11.1,19.400000000000002,16
14344,240625.0,1.0,-1.5,2.5,-0.5,4.0,10.5,-25.200000000000003,-7.699999999999999,16.6,16
14345,240642.0,1.5,-1.4000000000000001,2.2,0.2,4.1000000000000005,10.200000000000001,-16.1,-18.3,11.4,16
14346,240659.0,1.3,-1.0,1.0,0.0,4.5,9.1,-4.0,-26.9,-7.0,16
14347,240675.0,0.4,-0.8,0.6000000000000001,-0.9,4.6000000000000005,8.700000000000001,-10.8,-2.0,-14.0,16
14348,240692.0,0.0,-0.6000000000000001,1.0,-1.3,4.800000000000001,9.1,-17.200000000000003,12.7,-13.3,16
14349,240709.0,-0.6000000000000001,-0.8,1.7000000000000002,-2.0,4.5,9.9,-22.1,26.5,-4.5,16
14350,240725.0,-0.4,-1.2000000000000002,1.7000000000000002,-1.8,4.1000000000000005,9.9,-18.1,21.1,7.8,16
14351,240742.0,-0.2,-1.4000000000000001,1.6,-1.5,3.6,9.8,-17.5,13.8,10.700000000000001,16
14352,240759.0,0.1,-1.7000000000000002,1.6,-1.4000000000000001,3.5,9.9,-17.9,-7.300000000000001,8.3,16
14353,240775.0,0.2,-1.6,1.8,-1.2000000000000002,3.6,10.200000000000001,-13.700000000000001,-21.200000000000003,0.30000000000000004,16
14354,240792.0,0.30000000000000004,-1.5,1.9000000000000001,-0.9,3.7,10.100000000000001,-6.8,-22.3,-3.6000000000000005,16
14355,240809.0,0.5,-1.4000000000000001,1.4000000000000001,-0.8,3.8000000000000003,9.700000000000001,14.400000000000002,-14.900000000000002,-11.1,16
14356,240826.0,0.2,-1.5,0.30000000000000004,-1.1,3.7,8.6,29.300000000000004,1.1,-16.200000000000003,16
14357,240842.0,0.0,-1.6,0.0,-1.5,3.9000000000000004,8.3,27.700000000000003,12.5,-16.5,16
14358,240860.0,-0.30000000000000004,-1.2000000000000002,0.0,-1.7000000000000002,4.1000000000000005,8.3,22.8,16.200000000000003,-14.800000000000002,16
14359,240875.0,-0.2,-0.9,-0.1,-1.6,4.5,8.1,19.700000000000003,8.0,-8.8,16
14360,240893.0,-0.4,-0.9,0.0,-1.9000000000000001,4.5,8.200000000000001,13.399999999999999,-0.5,-4.2,16
14361,240909.0,-0.7000000000000001,-1.0,0.2,-2.2,4.4,8.3,10.700000000000001,-4.7,-2.1,16
14362,240925.0,-0.8,-0.9,0.1,-2.3000000000000003,4.5,8.200000000000001,5.500000000000001,-7.500000000000001,4.7,16
14363,240942.0,-0.7000000000000001,-0.8,-0.1,-2.1,4.7,8.0,-1.6,-5.6,10.200000000000001,16
14364,240959.0,-0.6000000000000001,-0.6000000000000001,-0.1,-2.0,4.800000000000001,8.1,-5.300000000000001,-5.1000000000000005,10.600000000000001,16
14365,240975.0,-0.6000000000000001,-0.5,0.1,-2.0,4.9,8.3,-7.300000000000001,-6.4,7.300000000000001,16
14366,240992.0,-0.5,-0.4,-0.2,-1.9000000000000001,5.0,8.0,-4.4,-8.8,5.500000000000001,16
14367,241009.0,-0.5,-0.4,-0.5,-1.9000000000000001,5.0,7.7,3.9,-13.6,3.1,16
14368,241025.0,-0.30000000000000004,-0.4,-1.2000000000000002,-1.7000000000000002,5.0,7.0,8.700000000000001,-12.8,1.8000000000000003,16
14369,241042.0,0.0,-0.4,-1.7000000000000002,-1.3,5.0,6.5,9.600000000000001,-7.400000000000001,0.4,16
14370,241061.0,0.1,-0.4,-1.9000000000000001,-1.2000000000000002,5.0,6.300000000000001,8.700000000000001,-2.7,-0.5,16
14371,241076.0,0.30000000000000004,-0.30000000000000004,-1.8,-1.1,5.1000000000000005,6.300000000000001,2.8,8.3,-1.8000000000000003,16
14372,241092.0,0.30000000000000004,-0.30000000000000004,-1.1,-1.1,5.1000000000000005,7.0,-4.2,17.9,-2.5,16
14373,241109.0,0.30000000000000004,-0.30000000000000004,-0.7000000000000001,-1.1,5.1000000000000005,7.300000000000001,-5.300000000000001,20.2,-2.6,16
14374,241125.0,0.5,-0.2,-0.30000000000000004,-1.0,5.2,7.800000000000001,-4.4,20.599999999999998,-2.5,16
14375,241142.0,0.6000000000000001,-0.2,0.0,-0.9,5.1000000000000005,8.1,-3.9,14.5,-3.5,16
